0,1.0 1,2.0 11,1.0 17,1.0 18,1.0 22,2.0 39,1.0 46,1.0 115,1.0 121,2.0 127,2.0 136,4.0 142,1.0 148,1.0 161,1.0 173,1.0 181,3.0 191,1.0 206,1.0 213,1.0 214,1.0 233,1.0 252,1.0 253,1.0 254,1.0 261,1.0 277,4.0 366,1.0 369,3.0 370,2.0 371,1.0 372,1.0 373,1.0 374,1.0 391,1.0 440,1.0 517,1.0 
0,1.0 2,1.0 11,1.0 18,1.0 22,1.0 39,2.0 50,1.0 52,1.0 136,1.0 161,2.0 173,2.0 224,1.0 233,1.0 277,1.0 369,2.0 438,1.0 439,1.0 
3,1.0 10,1.0 16,1.0 22,1.0 32,1.0 127,2.0 128,1.0 219,1.0 244,1.0 245,1.0 246,1.0 258,1.0 293,1.0 294,1.0 391,1.0 522,1.0 
4,1.0 5,1.0 6,1.0 7,1.0 8,1.0 9,1.0 
4,1.0 5,1.0 6,1.0 7,1.0 8,1.0 9,1.0 10,1.0 11,5.0 12,3.0 13,1.0 62,1.0 70,2.0 106,1.0 108,1.0 182,1.0 191,3.0 197,1.0 213,1.0 214,2.0 217,1.0 304,1.0 311,1.0 471,1.0 
4,1.0 6,2.0 7,2.0 8,2.0 9,1.0 10,1.0 11,1.0 12,1.0 13,1.0 397,1.0 537,1.0 538,1.0 
4,1.0 5,2.0 7,2.0 8,2.0 9,1.0 10,1.0 11,1.0 12,1.0 13,1.0 397,1.0 537,1.0 538,1.0 
4,1.0 5,2.0 6,2.0 8,2.0 9,1.0 10,1.0 11,1.0 12,1.0 13,1.0 397,1.0 537,1.0 538,1.0 
4,1.0 5,2.0 6,2.0 7,2.0 9,1.0 10,1.0 11,1.0 12,1.0 13,1.0 397,1.0 537,1.0 538,1.0 
0,1.0 4,1.0 5,1.0 6,1.0 7,1.0 8,1.0 10,1.0 11,1.0 12,1.0 13,1.0 83,1.0 136,1.0 181,1.0 277,1.0 368,1.0 369,1.0 
10,1.0 11,4.0 12,2.0 13,3.0 14,2.0 15,5.0 16,3.0 17,2.0 18,1.0 19,1.0 22,1.0 29,1.0 31,3.0 32,4.0 34,1.0 35,1.0 36,1.0 37,1.0 38,1.0 39,3.0 49,9.0 50,3.0 51,1.0 52,1.0 53,1.0 63,1.0 64,1.0 67,1.0 71,1.0 74,1.0 79,1.0 121,1.0 123,1.0 124,1.0 125,2.0 126,2.0 127,2.0 128,1.0 129,2.0 130,2.0 136,1.0 140,6.0 141,2.0 142,1.0 143,1.0 155,2.0 159,1.0 165,2.0 177,1.0 185,1.0 186,2.0 207,2.0 220,1.0 221,1.0 222,1.0 233,1.0 237,1.0 270,1.0 311,2.0 323,1.0 338,2.0 344,2.0 345,1.0 346,1.0 356,1.0 361,1.0 363,1.0 370,1.0 375,1.0 376,1.0 392,1.0 404,1.0 417,1.0 424,1.0 448,1.0 520,1.0 
4,5.0 10,4.0 11,5.0 12,3.0 13,3.0 14,2.0 15,4.0 16,2.0 17,7.0 18,3.0 19,2.0 22,1.0 23,3.0 24,1.0 25,2.0 26,1.0 27,1.0 28,1.0 29,1.0 30,1.0 31,1.0 32,1.0 33,1.0 38,2.0 53,3.0 62,3.0 64,2.0 68,2.0 87,1.0 90,2.0 93,2.0 95,1.0 97,1.0 100,1.0 108,1.0 109,1.0 118,4.0 125,3.0 127,1.0 128,1.0 129,1.0 142,3.0 148,1.0 161,1.0 164,2.0 167,1.0 168,3.0 169,2.0 170,1.0 173,1.0 180,1.0 181,1.0 182,1.0 185,1.0 187,1.0 188,1.0 191,6.0 198,1.0 205,1.0 213,5.0 214,5.0 215,2.0 216,1.0 217,2.0 218,2.0 224,1.0 233,1.0 235,1.0 237,1.0 238,1.0 241,1.0 248,1.0 249,1.0 250,1.0 251,1.0 252,2.0 258,1.0 272,1.0 275,1.0 290,1.0 293,1.0 304,2.0 340,1.0 356,1.0 357,1.0 363,1.0 385,2.0 395,2.0 410,1.0 434,1.0 435,1.0 460,1.0 467,1.0 470,1.0 471,1.0 518,2.0 519,1.0 521,1.0 539,1.0 
4,2.0 10,3.0 11,3.0 13,2.0 14,1.0 15,2.0 16,1.0 17,2.0 20,1.0 23,1.0 28,1.0 29,2.0 30,1.0 31,2.0 32,2.0 33,1.0 34,1.0 38,1.0 66,1.0 70,2.0 86,1.0 93,1.0 94,1.0 95,1.0 97,1.0 106,1.0 108,1.0 117,1.0 127,1.0 129,1.0 139,1.0 159,1.0 165,1.0 167,1.0 168,1.0 170,1.0 173,1.0 174,1.0 175,1.0 182,1.0 185,1.0 197,1.0 235,1.0 238,1.0 276,1.0 304,1.0 311,1.0 340,1.0 394,1.0 395,1.0 
10,2.0 11,3.0 12,1.0 14,1.0 15,2.0 16,3.0 18,1.0 20,1.0 32,2.0 38,1.0 41,1.0 49,1.0 50,1.0 51,1.0 52,1.0 53,1.0 62,2.0 92,1.0 95,1.0 108,1.0 109,1.0 138,3.0 168,2.0 169,1.0 182,1.0 191,1.0 218,1.0 232,1.0 235,1.0 277,2.0 304,1.0 313,1.0 314,1.0 315,1.0 316,1.0 338,1.0 339,1.0 340,4.0 341,1.0 
10,2.0 11,2.0 15,5.0 16,2.0 17,2.0 23,1.0 32,2.0 49,2.0 62,1.0 93,1.0 124,1.0 127,1.0 137,1.0 138,1.0 139,1.0 219,1.0 220,1.0 221,1.0 222,1.0 223,1.0 224,1.0 225,1.0 226,1.0 311,1.0 356,1.0 361,1.0 366,1.0 
10,6.0 11,3.0 13,1.0 14,3.0 15,2.0 16,6.0 17,6.0 18,1.0 19,1.0 21,1.0 22,1.0 23,1.0 29,1.0 31,1.0 32,8.0 34,1.0 35,2.0 36,1.0 37,1.0 38,2.0 39,1.0 49,3.0 50,1.0 51,1.0 52,1.0 53,2.0 62,2.0 64,1.0 77,1.0 89,1.0 92,1.0 93,4.0 94,1.0 95,1.0 96,1.0 97,2.0 98,1.0 106,1.0 108,1.0 113,1.0 116,1.0 117,1.0 118,2.0 124,1.0 137,2.0 138,2.0 139,3.0 140,1.0 141,2.0 172,1.0 182,2.0 183,2.0 184,1.0 185,1.0 283,1.0 340,2.0 356,1.0 361,1.0 516,1.0 
10,4.0 11,3.0 14,1.0 15,4.0 16,4.0 17,1.0 30,2.0 32,3.0 44,1.0 48,1.0 49,2.0 50,1.0 51,5.0 52,1.0 53,9.0 54,1.0 55,1.0 56,1.0 57,1.0 62,4.0 63,1.0 64,1.0 74,1.0 93,3.0 95,8.0 96,2.0 97,1.0 98,4.0 99,1.0 100,2.0 118,1.0 122,1.0 137,1.0 138,5.0 139,2.0 140,2.0 141,2.0 155,1.0 160,2.0 168,2.0 172,1.0 180,1.0 182,1.0 191,1.0 201,1.0 207,1.0 209,1.0 270,1.0 279,1.0 280,1.0 281,1.0 282,1.0 307,1.0 310,1.0 339,3.0 340,1.0 341,2.0 342,4.0 343,2.0 370,1.0 385,1.0 388,1.0 389,1.0 390,1.0 391,1.0 392,1.0 396,1.0 450,1.0 
4,1.0 10,3.0 11,6.0 12,1.0 14,1.0 15,7.0 16,1.0 17,2.0 18,1.0 19,1.0 20,1.0 22,2.0 23,2.0 28,1.0 29,3.0 30,1.0 31,3.0 32,5.0 33,1.0 34,2.0 35,2.0 36,1.0 37,1.0 38,2.0 39,1.0 49,1.0 53,1.0 62,2.0 63,1.0 93,1.0 106,1.0 108,1.0 113,1.0 116,1.0 117,1.0 118,1.0 124,1.0 137,1.0 138,2.0 139,1.0 140,1.0 157,1.0 181,1.0 182,1.0 183,1.0 184,1.0 191,2.0 213,4.0 214,3.0 215,1.0 315,1.0 347,1.0 348,1.0 349,1.0 363,1.0 470,1.0 510,1.0 511,1.0 518,2.0 519,1.0 
0,1.0 1,1.0 11,2.0 14,1.0 15,2.0 17,2.0 18,1.0 19,1.0 20,2.0 21,5.0 22,1.0 23,1.0 25,1.0 32,2.0 37,5.0 38,1.0 39,1.0 53,1.0 66,1.0 68,1.0 70,1.0 71,2.0 87,1.0 93,1.0 106,3.0 107,1.0 108,4.0 109,2.0 113,1.0 114,1.0 115,4.0 116,1.0 117,1.0 118,2.0 119,1.0 120,2.0 121,3.0 122,3.0 124,1.0 125,1.0 128,3.0 136,2.0 142,1.0 164,3.0 165,1.0 166,1.0 167,3.0 168,1.0 169,1.0 170,1.0 172,3.0 182,2.0 185,2.0 188,1.0 197,1.0 204,2.0 212,1.0 230,1.0 231,1.0 232,3.0 233,3.0 235,1.0 243,2.0 256,1.0 272,1.0 276,3.0 277,1.0 283,1.0 290,2.0 304,2.0 311,1.0 312,1.0 327,1.0 363,1.0 364,1.0 365,1.0 369,2.0 378,1.0 383,1.0 385,1.0 394,1.0 408,1.0 447,1.0 454,1.0 476,1.0 
11,1.0 18,2.0 19,1.0 20,3.0 21,1.0 22,1.0 23,1.0 24,1.0 25,1.0 26,1.0 27,1.0 37,1.0 38,1.0 39,2.0 61,1.0 70,2.0 79,1.0 106,1.0 107,1.0 108,2.0 120,1.0 122,1.0 123,1.0 128,1.0 157,1.0 164,1.0 169,4.0 170,1.0 171,1.0 179,1.0 181,6.0 182,2.0 218,1.0 233,1.0 237,1.0 241,1.0 243,1.0 268,2.0 276,1.0 278,1.0 291,1.0 304,3.0 308,1.0 311,2.0 334,1.0 338,1.0 344,1.0 371,1.0 404,1.0 410,1.0 449,5.0 500,1.0 535,2.0 
2,1.0 11,1.0 12,3.0 19,2.0 20,1.0 21,1.0 22,2.0 38,2.0 42,1.0 62,1.0 70,1.0 79,1.0 93,1.0 94,1.0 97,1.0 106,1.0 122,1.0 127,2.0 128,2.0 133,1.0 142,2.0 157,1.0 165,1.0 167,1.0 173,2.0 182,1.0 193,1.0 197,2.0 205,1.0 218,1.0 219,1.0 233,1.0 235,2.0 237,1.0 241,1.0 243,2.0 253,1.0 255,1.0 258,1.0 276,2.0 291,1.0 292,1.0 315,1.0 348,1.0 349,1.0 350,1.0 351,1.0 378,2.0 391,1.0 438,1.0 439,1.0 455,1.0 
18,1.0 19,3.0 20,1.0 21,1.0 22,4.0 25,1.0 35,1.0 38,5.0 39,1.0 40,1.0 41,1.0 42,1.0 43,1.0 44,1.0 45,1.0 46,1.0 47,1.0 48,1.0 59,1.0 67,1.0 70,3.0 77,1.0 78,1.0 92,1.0 106,1.0 107,1.0 108,2.0 113,1.0 115,4.0 121,2.0 123,1.0 127,1.0 128,3.0 151,1.0 153,1.0 167,1.0 169,2.0 172,1.0 181,2.0 182,1.0 185,1.0 186,2.0 187,2.0 188,1.0 207,1.0 232,1.0 233,1.0 238,1.0 255,1.0 267,1.0 268,1.0 283,1.0 303,1.0 304,1.0 305,1.0 308,2.0 311,3.0 312,1.0 327,1.0 361,1.0 394,1.0 508,1.0 
0,2.0 1,1.0 2,1.0 10,2.0 11,3.0 16,1.0 17,1.0 19,1.0 20,1.0 21,2.0 23,1.0 24,1.0 25,1.0 26,1.0 27,1.0 32,2.0 35,2.0 36,1.0 37,1.0 38,6.0 39,2.0 40,1.0 41,1.0 50,1.0 52,1.0 92,1.0 94,1.0 100,1.0 106,1.0 108,1.0 127,2.0 128,2.0 136,1.0 157,1.0 161,1.0 165,1.0 173,1.0 181,1.0 191,1.0 213,1.0 214,1.0 215,1.0 219,1.0 220,1.0 221,1.0 222,1.0 243,1.0 258,2.0 260,1.0 283,1.0 311,1.0 312,1.0 363,1.0 391,2.0 428,1.0 455,2.0 517,1.0 519,1.0 
10,1.0 11,2.0 12,2.0 14,1.0 15,3.0 16,1.0 17,4.0 19,1.0 23,1.0 24,1.0 25,2.0 26,1.0 27,1.0 28,2.0 29,3.0 30,2.0 31,3.0 32,4.0 33,2.0 34,1.0 39,1.0 62,1.0 67,2.0 70,1.0 87,1.0 93,1.0 108,1.0 124,1.0 125,1.0 136,1.0 137,1.0 138,1.0 139,1.0 140,1.0 157,1.0 165,2.0 184,1.0 218,1.0 236,1.0 271,1.0 293,1.0 323,1.0 335,1.0 357,1.0 416,1.0 417,1.0 460,1.0 527,1.0 528,1.0 529,1.0 530,1.0 539,1.0 
11,1.0 12,1.0 17,1.0 23,2.0 25,1.0 26,1.0 27,1.0 28,1.0 29,1.0 30,1.0 31,1.0 32,1.0 33,1.0 
11,2.0 12,1.0 17,1.0 18,1.0 21,1.0 23,3.0 24,1.0 26,1.0 27,1.0 28,1.0 29,1.0 30,1.0 31,1.0 32,1.0 33,1.0 38,1.0 87,1.0 106,1.0 121,1.0 127,1.0 218,1.0 232,1.0 290,1.0 293,1.0 357,1.0 447,1.0 460,1.0 539,1.0 
11,1.0 12,1.0 17,1.0 23,2.0 24,1.0 25,1.0 27,1.0 28,1.0 29,1.0 30,1.0 31,1.0 32,1.0 33,1.0 
11,1.0 12,1.0 17,1.0 23,2.0 24,1.0 25,1.0 26,1.0 28,1.0 29,1.0 30,1.0 31,1.0 32,1.0 33,1.0 
10,1.0 12,1.0 15,1.0 17,2.0 23,1.0 29,2.0 30,1.0 31,2.0 32,2.0 33,1.0 34,1.0 178,1.0 237,1.0 243,1.0 300,1.0 344,1.0 394,1.0 499,1.0 
10,2.0 12,1.0 15,2.0 17,3.0 22,1.0 23,1.0 28,1.0 29,1.0 30,1.0 31,3.0 32,3.0 33,1.0 34,2.0 35,1.0 36,1.0 37,1.0 38,1.0 39,1.0 
10,2.0 12,1.0 15,1.0 16,1.0 17,2.0 23,1.0 28,1.0 29,2.0 31,2.0 32,3.0 33,1.0 34,1.0 40,1.0 49,1.0 51,1.0 53,1.0 63,1.0 93,1.0 95,1.0 140,1.0 141,1.0 301,1.0 
10,3.0 12,1.0 15,2.0 17,3.0 22,1.0 23,1.0 28,1.0 29,3.0 30,1.0 31,1.0 32,3.0 33,1.0 34,2.0 35,1.0 36,1.0 37,1.0 38,1.0 39,1.0 49,1.0 50,1.0 74,1.0 140,1.0 155,1.0 344,1.0 345,1.0 346,1.0 
4,2.0 10,5.0 11,1.0 12,3.0 13,2.0 14,2.0 15,9.0 16,6.0 17,5.0 18,1.0 20,1.0 22,1.0 23,2.0 28,1.0 29,3.0 30,2.0 31,3.0 32,1.0 33,1.0 34,2.0 35,2.0 36,1.0 37,1.0 38,3.0 39,1.0 40,1.0 49,3.0 50,1.0 51,2.0 52,1.0 53,8.0 62,2.0 64,4.0 68,1.0 70,1.0 90,1.0 92,1.0 93,4.0 94,1.0 95,8.0 96,1.0 97,1.0 98,1.0 99,1.0 100,1.0 106,1.0 108,3.0 113,1.0 116,1.0 117,3.0 118,1.0 121,1.0 124,1.0 125,1.0 137,1.0 138,1.0 139,2.0 142,1.0 148,4.0 149,2.0 150,1.0 155,1.0 161,1.0 167,2.0 168,1.0 172,1.0 173,1.0 175,1.0 176,1.0 177,1.0 182,3.0 187,1.0 188,1.0 191,1.0 197,1.0 204,1.0 205,1.0 207,2.0 213,1.0 214,1.0 215,1.0 216,1.0 217,1.0 232,1.0 235,1.0 238,3.0 240,1.0 248,1.0 249,1.0 250,1.0 265,1.0 267,1.0 272,1.0 274,1.0 290,3.0 300,1.0 301,1.0 304,3.0 309,1.0 310,1.0 311,4.0 315,1.0 338,1.0 339,1.0 340,5.0 354,1.0 356,1.0 361,1.0 370,1.0 375,1.0 383,1.0 385,1.0 392,1.0 396,1.0 426,1.0 433,1.0 434,1.0 444,1.0 450,1.0 
10,1.0 12,1.0 15,1.0 17,2.0 23,1.0 28,1.0 29,2.0 30,1.0 31,2.0 32,2.0 34,1.0 
10,1.0 15,1.0 17,1.0 22,1.0 29,1.0 31,1.0 32,1.0 35,1.0 36,1.0 37,1.0 38,1.0 39,1.0 
18,1.0 21,2.0 22,1.0 35,1.0 36,1.0 37,2.0 38,4.0 39,4.0 40,2.0 41,2.0 42,1.0 43,1.0 44,1.0 45,1.0 46,1.0 47,1.0 48,1.0 49,1.0 63,1.0 106,1.0 108,2.0 113,2.0 119,1.0 120,1.0 157,1.0 181,1.0 233,1.0 261,1.0 262,1.0 327,1.0 404,1.0 
21,1.0 22,1.0 35,2.0 37,1.0 38,2.0 39,2.0 40,1.0 41,1.0 164,1.0 243,1.0 449,1.0 
10,1.0 13,1.0 14,1.0 15,1.0 17,1.0 18,5.0 21,2.0 22,1.0 23,1.0 32,1.0 35,2.0 36,1.0 37,1.0 38,2.0 39,2.0 40,1.0 41,1.0 49,1.0 68,1.0 70,2.0 93,1.0 106,1.0 107,2.0 108,5.0 109,2.0 115,1.0 119,1.0 120,2.0 121,3.0 122,2.0 123,1.0 124,2.0 125,1.0 126,1.0 136,1.0 138,1.0 181,1.0 182,1.0 188,1.0 232,1.0 260,1.0 283,2.0 290,1.0 304,1.0 308,1.0 340,1.0 394,1.0 409,1.0 416,1.0 
14,1.0 18,2.0 20,1.0 21,3.0 22,5.0 35,4.0 36,1.0 37,3.0 38,5.0 39,5.0 40,2.0 41,2.0 42,1.0 43,1.0 44,1.0 45,1.0 46,1.0 47,1.0 48,1.0 49,1.0 50,1.0 68,3.0 70,2.0 90,1.0 92,1.0 106,6.0 107,2.0 108,6.0 109,3.0 110,2.0 111,2.0 112,3.0 113,2.0 114,1.0 115,3.0 116,1.0 119,1.0 120,1.0 121,1.0 127,2.0 128,3.0 142,2.0 143,1.0 164,5.0 168,1.0 170,1.0 185,1.0 187,1.0 188,1.0 190,1.0 192,1.0 193,1.0 218,1.0 219,1.0 220,1.0 221,1.0 222,1.0 227,1.0 233,3.0 235,1.0 243,2.0 255,1.0 257,1.0 268,1.0 271,1.0 283,1.0 305,1.0 307,1.0 311,2.0 312,1.0 317,1.0 345,1.0 356,1.0 360,1.0 361,1.0 367,1.0 383,1.0 385,1.0 396,1.0 410,1.0 426,1.0 427,1.0 428,3.0 430,1.0 435,2.0 450,1.0 463,1.0 464,2.0 465,2.0 466,2.0 468,1.0 469,1.0 495,1.0 
0,1.0 1,1.0 10,1.0 18,1.0 19,1.0 21,2.0 22,1.0 32,1.0 35,4.0 36,1.0 37,2.0 38,3.0 39,6.0 40,2.0 41,2.0 42,2.0 43,1.0 44,1.0 45,1.0 46,1.0 47,1.0 48,1.0 49,3.0 50,1.0 58,1.0 64,1.0 67,8.0 68,3.0 71,1.0 77,3.0 78,1.0 79,1.0 95,3.0 100,2.0 110,2.0 113,2.0 115,3.0 117,1.0 122,1.0 124,1.0 127,13.0 128,2.0 129,2.0 130,1.0 133,1.0 135,10.0 136,2.0 138,1.0 140,1.0 142,3.0 143,9.0 144,1.0 145,1.0 146,1.0 147,1.0 148,2.0 149,1.0 150,1.0 155,1.0 157,20.0 158,1.0 162,1.0 167,2.0 170,2.0 173,2.0 177,1.0 178,1.0 199,1.0 224,1.0 226,2.0 233,1.0 238,1.0 243,1.0 250,1.0 252,1.0 255,1.0 260,3.0 261,2.0 262,1.0 264,1.0 270,1.0 271,1.0 272,1.0 274,2.0 275,1.0 278,1.0 290,1.0 296,1.0 297,1.0 304,1.0 318,1.0 319,1.0 320,1.0 321,1.0 322,1.0 323,1.0 336,1.0 346,1.0 348,1.0 357,1.0 361,6.0 369,1.0 371,1.0 372,1.0 397,4.0 398,2.0 416,2.0 424,2.0 439,1.0 445,1.0 446,1.0 450,1.0 482,1.0 483,1.0 531,1.0 
21,1.0 35,1.0 38,1.0 39,1.0 41,1.0 42,1.0 43,1.0 44,1.0 45,1.0 46,1.0 47,1.0 48,1.0 121,1.0 136,1.0 150,1.0 172,1.0 204,2.0 301,1.0 402,1.0 428,1.0 
13,1.0 21,1.0 35,1.0 38,1.0 39,1.0 40,1.0 42,1.0 43,1.0 44,1.0 45,1.0 46,1.0 47,1.0 48,1.0 62,1.0 71,1.0 108,1.0 109,1.0 129,1.0 138,1.0 170,1.0 232,1.0 236,1.0 243,1.0 266,1.0 276,1.0 277,1.0 309,1.0 313,1.0 314,1.0 315,1.0 316,1.0 324,1.0 325,1.0 326,1.0 327,1.0 429,1.0 
10,1.0 13,1.0 15,1.0 32,1.0 41,1.0 43,1.0 44,1.0 45,1.0 46,1.0 47,1.0 48,1.0 49,1.0 79,1.0 107,1.0 113,1.0 129,1.0 133,1.0 170,2.0 236,1.0 320,1.0 321,1.0 322,1.0 323,1.0 324,1.0 325,1.0 350,1.0 351,1.0 
10,1.0 13,1.0 15,1.0 32,1.0 42,1.0 44,1.0 45,1.0 46,1.0 47,1.0 48,1.0 49,1.0 174,1.0 204,1.0 
10,1.0 13,1.0 15,1.0 32,1.0 42,1.0 43,1.0 45,1.0 46,1.0 47,1.0 48,1.0 49,1.0 201,1.0 209,1.0 325,1.0 389,1.0 390,1.0 
10,1.0 13,1.0 15,1.0 32,1.0 42,1.0 43,1.0 44,1.0 46,1.0 47,1.0 48,1.0 49,1.0 
10,1.0 13,1.0 15,1.0 32,1.0 42,1.0 43,1.0 44,1.0 45,1.0 47,1.0 48,1.0 49,1.0 358,1.0 359,1.0 473,1.0 
10,1.0 13,1.0 15,1.0 32,1.0 39,1.0 42,1.0 43,1.0 44,1.0 45,1.0 46,1.0 48,1.0 49,1.0 55,1.0 67,1.0 133,1.0 271,1.0 
10,1.0 13,1.0 15,1.0 32,1.0 42,1.0 43,1.0 44,1.0 45,1.0 46,1.0 47,1.0 49,1.0 54,1.0 55,1.0 56,1.0 57,1.0 58,1.0 59,1.0 60,1.0 258,1.0 295,1.0 
10,9.0 13,1.0 14,2.0 15,2.0 16,1.0 17,1.0 20,1.0 23,1.0 31,2.0 32,2.0 39,3.0 49,2.0 50,2.0 51,1.0 52,1.0 53,1.0 62,1.0 63,5.0 64,6.0 65,1.0 66,1.0 67,3.0 68,1.0 70,1.0 71,1.0 74,1.0 94,2.0 95,5.0 96,1.0 97,1.0 100,4.0 117,1.0 123,1.0 124,2.0 125,2.0 126,2.0 127,2.0 128,2.0 129,1.0 130,1.0 136,1.0 138,1.0 140,6.0 141,2.0 142,3.0 143,1.0 148,1.0 149,2.0 150,1.0 151,1.0 152,1.0 153,1.0 155,2.0 157,3.0 159,1.0 162,1.0 163,1.0 164,2.0 166,1.0 167,1.0 168,2.0 169,1.0 172,1.0 177,1.0 196,1.0 197,2.0 204,1.0 207,2.0 219,1.0 220,1.0 221,1.0 222,1.0 223,1.0 224,1.0 225,1.0 226,1.0 235,1.0 236,1.0 243,1.0 259,1.0 270,1.0 273,1.0 274,2.0 275,2.0 290,1.0 304,1.0 307,1.0 315,1.0 335,1.0 340,1.0 344,2.0 345,1.0 346,1.0 347,1.0 348,1.0 349,1.0 352,1.0 353,1.0 356,1.0 361,1.0 376,1.0 404,1.0 409,1.0 424,1.0 448,1.0 484,1.0 485,2.0 486,1.0 487,1.0 
10,1.0 16,1.0 17,1.0 18,1.0 48,1.0 49,2.0 51,1.0 52,2.0 53,1.0 54,1.0 55,1.0 56,1.0 57,1.0 63,1.0 74,1.0 138,1.0 140,2.0 155,1.0 170,1.0 172,1.0 186,1.0 207,1.0 255,1.0 259,1.0 276,1.0 305,1.0 311,1.0 333,1.0 336,1.0 338,1.0 345,1.0 346,2.0 347,1.0 366,1.0 417,1.0 489,1.0 490,1.0 509,1.0 
10,1.0 16,3.0 30,1.0 44,1.0 48,1.0 49,1.0 50,1.0 52,1.0 53,3.0 54,1.0 55,1.0 56,1.0 57,1.0 63,1.0 77,1.0 93,1.0 95,3.0 122,1.0 128,1.0 140,1.0 141,1.0 164,1.0 167,1.0 169,1.0 179,1.0 199,2.0 201,1.0 209,1.0 249,2.0 252,1.0 253,1.0 273,1.0 304,1.0 311,1.0 339,1.0 342,1.0 375,1.0 383,1.0 389,1.0 390,1.0 396,1.0 453,1.0 462,1.0 500,2.0 
16,1.0 48,1.0 49,1.0 50,2.0 51,1.0 53,1.0 54,1.0 55,1.0 56,1.0 57,1.0 259,1.0 
10,1.0 11,3.0 15,1.0 16,6.0 17,1.0 30,2.0 32,7.0 38,2.0 44,1.0 48,1.0 49,1.0 50,1.0 51,4.0 52,1.0 53,1.0 54,1.0 55,1.0 56,1.0 57,1.0 62,1.0 63,1.0 64,5.0 68,1.0 74,1.0 90,2.0 93,2.0 95,8.0 97,1.0 108,2.0 109,1.0 111,1.0 115,1.0 117,2.0 122,1.0 123,1.0 125,2.0 127,1.0 136,1.0 138,1.0 139,1.0 140,1.0 141,1.0 142,1.0 149,1.0 155,1.0 162,1.0 164,2.0 167,3.0 168,2.0 173,2.0 176,1.0 177,1.0 181,3.0 182,1.0 183,1.0 184,1.0 187,2.0 188,2.0 201,1.0 207,3.0 209,1.0 232,1.0 233,1.0 234,1.0 238,3.0 240,1.0 268,1.0 272,1.0 273,1.0 275,1.0 276,1.0 290,5.0 307,1.0 309,1.0 310,1.0 311,1.0 312,1.0 314,1.0 333,1.0 339,3.0 340,2.0 342,2.0 343,1.0 383,2.0 385,1.0 389,1.0 390,1.0 395,2.0 396,1.0 410,1.0 418,1.0 426,1.0 429,1.0 433,1.0 434,2.0 435,1.0 444,1.0 450,2.0 463,1.0 467,1.0 521,1.0 
48,1.0 55,1.0 56,1.0 57,1.0 58,1.0 59,1.0 60,1.0 
20,1.0 39,1.0 47,1.0 48,1.0 54,1.0 56,1.0 57,1.0 58,1.0 59,1.0 60,1.0 62,1.0 64,1.0 67,1.0 127,1.0 133,1.0 142,1.0 205,1.0 237,1.0 238,1.0 271,1.0 300,1.0 341,1.0 
48,1.0 54,1.0 55,1.0 57,1.0 58,1.0 59,1.0 60,1.0 
48,1.0 54,1.0 55,1.0 56,1.0 58,1.0 59,1.0 60,1.0 
59,1.0 60,1.0 61,1.0 264,1.0 265,1.0 266,1.0 267,1.0 
23,1.0 58,1.0 60,1.0 61,1.0 64,1.0 95,1.0 140,1.0 165,1.0 176,1.0 186,1.0 187,1.0 188,1.0 210,1.0 211,1.0 230,1.0 231,1.0 340,1.0 525,1.0 526,1.0 527,1.0 528,1.0 529,1.0 530,1.0 
58,1.0 59,1.0 61,1.0 
32,1.0 49,1.0 62,1.0 63,1.0 64,2.0 78,1.0 95,1.0 114,1.0 125,1.0 153,1.0 157,1.0 163,1.0 179,1.0 187,1.0 233,1.0 237,1.0 252,1.0 255,1.0 299,1.0 397,1.0 449,1.0 459,1.0 
4,3.0 10,1.0 11,6.0 13,1.0 15,1.0 16,5.0 17,1.0 20,2.0 32,1.0 38,1.0 41,1.0 49,2.0 53,2.0 55,1.0 62,1.0 63,1.0 64,6.0 65,1.0 66,1.0 67,2.0 68,2.0 70,1.0 93,1.0 94,1.0 95,1.0 98,2.0 108,1.0 109,1.0 122,1.0 123,1.0 127,1.0 137,1.0 138,5.0 139,1.0 140,1.0 141,1.0 142,2.0 148,1.0 149,1.0 160,2.0 177,1.0 180,1.0 188,1.0 191,2.0 193,1.0 198,1.0 205,1.0 213,1.0 214,3.0 232,1.0 237,2.0 238,1.0 240,2.0 241,1.0 277,1.0 300,1.0 313,1.0 314,1.0 315,1.0 316,1.0 339,1.0 340,1.0 341,2.0 342,1.0 343,1.0 355,1.0 470,1.0 
10,2.0 17,1.0 20,1.0 31,1.0 49,6.0 62,1.0 64,1.0 65,1.0 66,1.0 67,1.0 68,1.0 138,1.0 140,3.0 141,1.0 157,1.0 169,1.0 172,1.0 236,1.0 315,1.0 344,1.0 347,1.0 348,1.0 349,1.0 
10,1.0 11,3.0 20,1.0 32,5.0 39,1.0 49,5.0 53,5.0 55,1.0 61,1.0 62,5.0 63,1.0 65,1.0 66,1.0 67,1.0 68,1.0 71,1.0 90,1.0 93,1.0 94,2.0 95,9.0 100,3.0 104,1.0 108,1.0 115,1.0 117,3.0 118,1.0 124,1.0 127,1.0 140,1.0 141,1.0 142,5.0 143,1.0 149,2.0 157,1.0 163,1.0 164,2.0 167,3.0 168,1.0 170,1.0 173,2.0 177,1.0 182,1.0 187,3.0 197,2.0 198,1.0 204,1.0 205,1.0 207,2.0 232,1.0 233,1.0 235,1.0 237,2.0 238,3.0 240,2.0 241,1.0 243,1.0 272,1.0 274,1.0 275,1.0 290,3.0 300,1.0 307,1.0 309,1.0 311,1.0 316,1.0 339,1.0 340,2.0 341,1.0 355,1.0 383,1.0 385,2.0 395,1.0 396,1.0 409,1.0 410,1.0 426,2.0 427,1.0 428,1.0 433,1.0 434,1.0 444,1.0 485,1.0 486,1.0 487,1.0 521,1.0 
39,1.0 66,1.0 67,1.0 68,1.0 69,1.0 114,1.0 127,1.0 158,1.0 159,1.0 261,1.0 397,1.0 449,1.0 
18,1.0 19,1.0 65,1.0 67,1.0 68,1.0 69,1.0 78,1.0 110,1.0 157,1.0 159,1.0 162,1.0 172,1.0 233,1.0 243,1.0 454,1.0 476,1.0 
19,3.0 21,1.0 23,1.0 32,1.0 39,8.0 50,1.0 65,1.0 66,1.0 67,5.0 68,3.0 69,1.0 70,2.0 95,1.0 100,1.0 108,1.0 122,1.0 123,1.0 127,3.0 128,2.0 130,2.0 135,6.0 136,5.0 142,10.0 143,3.0 150,1.0 157,5.0 159,1.0 162,1.0 164,6.0 167,1.0 169,1.0 181,1.0 184,1.0 206,1.0 235,1.0 236,1.0 242,1.0 246,1.0 255,2.0 260,6.0 261,2.0 270,1.0 271,1.0 274,1.0 276,2.0 278,2.0 296,1.0 301,1.0 324,1.0 335,1.0 336,1.0 346,1.0 348,1.0 361,1.0 376,1.0 383,2.0 397,1.0 399,1.0 400,1.0 401,1.0 404,1.0 437,1.0 448,1.0 473,1.0 487,1.0 499,2.0 500,1.0 
11,1.0 14,1.0 15,1.0 17,1.0 18,1.0 19,1.0 21,1.0 23,1.0 32,1.0 37,1.0 38,2.0 39,2.0 53,1.0 65,1.0 66,1.0 67,3.0 68,2.0 69,1.0 71,1.0 90,1.0 93,1.0 95,3.0 108,3.0 109,4.0 112,3.0 115,4.0 116,1.0 123,1.0 124,1.0 127,1.0 128,3.0 135,1.0 136,1.0 140,1.0 142,2.0 143,1.0 148,2.0 153,1.0 164,2.0 168,1.0 170,2.0 172,2.0 173,1.0 175,1.0 177,1.0 180,2.0 186,1.0 187,4.0 188,2.0 198,1.0 207,1.0 212,1.0 227,1.0 228,1.0 229,1.0 230,1.0 231,1.0 233,8.0 237,1.0 238,3.0 255,1.0 265,1.0 268,2.0 276,3.0 284,1.0 290,1.0 304,1.0 307,2.0 308,1.0 311,1.0 317,1.0 340,1.0 354,1.0 355,1.0 356,1.0 361,1.0 383,1.0 385,1.0 397,1.0 398,2.0 410,4.0 424,1.0 426,4.0 428,1.0 429,1.0 435,4.0 445,1.0 507,1.0 
70,1.0 
18,3.0 19,7.0 20,1.0 21,3.0 23,1.0 37,3.0 39,1.0 67,2.0 68,1.0 70,1.0 71,1.0 77,1.0 79,1.0 80,1.0 81,1.0 82,1.0 83,1.0 84,1.0 85,1.0 106,5.0 107,4.0 108,2.0 113,1.0 115,4.0 122,3.0 123,1.0 142,3.0 149,1.0 157,1.0 162,1.0 164,3.0 167,1.0 169,3.0 172,2.0 173,1.0 181,5.0 182,3.0 197,2.0 204,2.0 232,1.0 233,1.0 235,2.0 238,1.0 243,1.0 255,1.0 260,1.0 278,1.0 290,1.0 304,1.0 311,1.0 334,1.0 335,1.0 374,1.0 385,1.0 394,3.0 409,1.0 453,1.0 535,1.0 
11,2.0 39,1.0 53,2.0 64,1.0 70,1.0 72,1.0 74,1.0 77,1.0 78,1.0 95,2.0 97,1.0 113,1.0 125,1.0 133,1.0 142,3.0 143,1.0 144,1.0 145,1.0 146,1.0 147,1.0 150,1.0 164,1.0 168,1.0 170,1.0 173,1.0 178,1.0 187,1.0 194,1.0 195,1.0 196,1.0 233,1.0 236,1.0 237,1.0 243,1.0 261,1.0 266,1.0 276,1.0 324,1.0 326,1.0 327,1.0 395,1.0 
16,1.0 39,2.0 67,1.0 73,1.0 74,1.0 75,1.0 76,1.0 179,1.0 180,1.0 235,1.0 268,1.0 269,1.0 334,1.0 391,1.0 396,1.0 
71,1.0 74,1.0 75,1.0 76,1.0 77,1.0 
17,1.0 49,1.0 50,1.0 53,1.0 63,1.0 71,2.0 72,1.0 73,1.0 75,1.0 76,1.0 77,1.0 78,1.0 123,1.0 127,1.0 128,1.0 136,2.0 138,1.0 140,1.0 148,1.0 155,1.0 157,2.0 162,1.0 164,1.0 204,1.0 207,1.0 243,1.0 261,1.0 299,1.0 314,1.0 333,1.0 345,1.0 346,1.0 347,1.0 
71,1.0 73,1.0 74,1.0 76,1.0 77,1.0 
71,1.0 73,1.0 74,1.0 75,1.0 77,1.0 
15,1.0 19,1.0 21,1.0 38,1.0 70,2.0 71,1.0 72,1.0 74,2.0 78,1.0 95,1.0 106,1.0 118,1.0 122,2.0 136,1.0 148,2.0 149,1.0 151,1.0 157,1.0 164,2.0 167,2.0 181,3.0 183,1.0 184,1.0 185,2.0 204,1.0 207,1.0 219,1.0 233,1.0 234,1.0 235,1.0 252,1.0 253,1.0 268,1.0 269,1.0 289,1.0 306,1.0 311,1.0 396,2.0 495,1.0 507,1.0 
21,1.0 32,1.0 39,1.0 61,1.0 71,1.0 74,2.0 125,1.0 148,1.0 153,1.0 157,3.0 170,1.0 176,1.0 177,1.0 178,1.0 179,1.0 237,1.0 263,1.0 300,1.0 308,1.0 327,2.0 
10,1.0 13,1.0 32,1.0 41,1.0 42,1.0 67,1.0 80,1.0 81,1.0 82,2.0 83,1.0 84,1.0 85,1.0 86,1.0 87,1.0 88,1.0 89,2.0 90,2.0 91,1.0 95,1.0 106,1.0 108,1.0 125,1.0 129,1.0 142,1.0 144,1.0 162,1.0 163,1.0 164,1.0 170,1.0 185,1.0 218,2.0 226,1.0 229,1.0 235,1.0 236,1.0 241,1.0 261,1.0 278,1.0 320,1.0 321,1.0 322,1.0 323,2.0 324,2.0 325,1.0 337,1.0 338,1.0 340,1.0 375,1.0 385,1.0 393,1.0 447,3.0 448,1.0 452,1.0 458,1.0 469,1.0 477,1.0 
79,1.0 81,1.0 82,1.0 83,1.0 84,1.0 85,1.0 86,1.0 87,1.0 88,1.0 89,1.0 90,1.0 91,1.0 
19,1.0 32,1.0 79,1.0 80,1.0 82,2.0 83,1.0 84,1.0 85,1.0 86,1.0 87,1.0 88,1.0 89,1.0 90,1.0 91,2.0 108,1.0 132,1.0 181,1.0 186,1.0 208,1.0 209,1.0 311,1.0 338,1.0 340,1.0 417,1.0 526,1.0 532,1.0 533,1.0 534,1.0 
32,1.0 79,2.0 80,1.0 81,2.0 83,1.0 84,1.0 85,1.0 86,1.0 87,1.0 88,1.0 89,1.0 90,1.0 91,2.0 162,1.0 163,1.0 340,1.0 526,1.0 532,1.0 533,1.0 534,1.0 
0,1.0 9,1.0 79,1.0 80,1.0 81,1.0 82,1.0 84,1.0 85,1.0 86,1.0 87,1.0 88,1.0 89,1.0 90,1.0 91,1.0 136,1.0 181,1.0 277,1.0 368,1.0 369,1.0 
79,1.0 80,1.0 81,1.0 82,1.0 83,1.0 85,1.0 86,1.0 87,1.0 88,1.0 89,1.0 90,1.0 91,1.0 
79,1.0 80,1.0 81,1.0 82,1.0 83,1.0 84,1.0 86,1.0 87,1.0 88,1.0 89,1.0 90,1.0 91,1.0 
12,1.0 15,1.0 32,1.0 87,1.0 88,1.0 89,1.0 90,1.0 91,1.0 92,1.0 93,1.0 94,1.0 139,1.0 170,1.0 174,1.0 175,1.0 490,1.0 540,1.0 541,1.0 542,1.0 
11,1.0 15,2.0 18,1.0 23,1.0 25,1.0 32,1.0 86,1.0 88,1.0 89,2.0 90,1.0 91,1.0 92,1.0 93,1.0 94,1.0 141,1.0 162,1.0 165,1.0 166,1.0 167,1.0 218,1.0 278,1.0 293,1.0 331,1.0 332,1.0 340,1.0 357,1.0 460,1.0 512,1.0 513,1.0 514,1.0 515,1.0 516,1.0 539,1.0 
15,1.0 32,1.0 86,1.0 87,1.0 89,1.0 90,1.0 91,1.0 92,1.0 93,1.0 94,1.0 
15,2.0 32,1.0 67,1.0 79,1.0 86,1.0 87,1.0 88,1.0 90,2.0 91,1.0 92,1.0 93,2.0 94,1.0 97,1.0 141,1.0 142,1.0 218,1.0 235,1.0 340,2.0 516,1.0 
15,1.0 32,2.0 38,1.0 53,1.0 64,1.0 67,1.0 68,1.0 79,1.0 86,1.0 87,1.0 88,1.0 89,2.0 91,1.0 92,1.0 93,1.0 94,1.0 108,2.0 109,1.0 112,1.0 128,1.0 142,1.0 167,1.0 174,1.0 175,1.0 191,1.0 218,3.0 233,1.0 235,1.0 236,1.0 238,1.0 268,1.0 272,1.0 290,1.0 307,1.0 309,1.0 311,1.0 383,1.0 396,1.0 410,1.0 426,2.0 433,1.0 434,1.0 435,1.0 
15,1.0 32,2.0 81,1.0 82,1.0 86,1.0 87,1.0 88,1.0 89,1.0 90,1.0 92,1.0 93,1.0 94,1.0 340,1.0 526,1.0 532,1.0 533,1.0 534,1.0 
15,2.0 16,2.0 17,1.0 22,1.0 32,3.0 37,1.0 48,1.0 51,1.0 70,1.0 93,2.0 94,1.0 95,2.0 96,1.0 97,1.0 98,1.0 108,1.0 168,1.0 179,1.0 182,1.0 187,1.0 199,1.0 238,1.0 260,1.0 283,1.0 304,1.0 305,1.0 311,1.0 385,1.0 510,2.0 
10,1.0 11,1.0 12,1.0 14,1.0 15,3.0 16,4.0 17,1.0 23,1.0 30,1.0 32,3.0 49,1.0 51,1.0 53,1.0 62,1.0 63,1.0 92,1.0 93,1.0 94,1.0 95,4.0 96,2.0 97,3.0 98,2.0 99,1.0 100,1.0 117,1.0 124,1.0 137,1.0 138,1.0 139,1.0 140,1.0 141,1.0 142,1.0 168,1.0 205,2.0 233,1.0 237,1.0 241,1.0 242,1.0 252,1.0 300,1.0 315,1.0 340,2.0 416,1.0 
12,2.0 15,1.0 16,1.0 32,1.0 49,1.0 62,1.0 64,2.0 92,1.0 93,2.0 95,3.0 96,1.0 97,1.0 98,1.0 100,1.0 136,1.0 148,1.0 149,1.0 163,1.0 165,1.0 167,1.0 204,1.0 235,1.0 240,1.0 290,1.0 337,1.0 355,1.0 394,1.0 395,1.0 485,1.0 486,1.0 487,1.0 
10,1.0 11,4.0 12,1.0 13,1.0 16,5.0 18,2.0 20,1.0 30,2.0 32,7.0 38,3.0 44,1.0 49,5.0 51,4.0 53,9.0 63,1.0 64,8.0 68,1.0 70,1.0 71,1.0 77,1.0 81,1.0 82,1.0 91,1.0 93,3.0 94,1.0 95,4.0 96,1.0 97,2.0 98,1.0 99,2.0 100,7.0 101,1.0 102,1.0 103,1.0 104,1.0 105,1.0 108,2.0 115,2.0 116,1.0 117,5.0 118,2.0 119,1.0 123,1.0 124,1.0 125,1.0 128,3.0 138,3.0 140,1.0 141,1.0 142,5.0 148,2.0 149,1.0 157,1.0 163,1.0 164,4.0 167,5.0 168,1.0 173,4.0 175,1.0 177,1.0 182,2.0 185,1.0 187,5.0 197,3.0 199,3.0 201,1.0 204,3.0 207,5.0 209,1.0 233,2.0 235,3.0 238,4.0 243,1.0 249,1.0 252,2.0 265,2.0 267,1.0 268,2.0 273,2.0 274,3.0 275,2.0 278,2.0 290,3.0 304,3.0 307,3.0 311,3.0 316,1.0 338,1.0 339,3.0 340,5.0 342,2.0 343,1.0 354,1.0 383,3.0 385,1.0 389,1.0 390,1.0 395,3.0 409,1.0 410,1.0 426,2.0 427,1.0 428,1.0 429,1.0 444,2.0 450,1.0 463,1.0 481,1.0 485,1.0 486,1.0 487,1.0 496,1.0 500,3.0 521,1.0 526,1.0 532,1.0 533,1.0 534,1.0 
16,2.0 49,2.0 64,1.0 93,1.0 94,1.0 95,3.0 97,1.0 98,3.0 99,1.0 100,3.0 125,1.0 168,2.0 196,1.0 270,1.0 272,1.0 275,1.0 278,1.0 484,1.0 485,1.0 
11,1.0 12,2.0 16,1.0 23,1.0 49,1.0 53,1.0 62,1.0 64,1.0 66,1.0 67,1.0 70,1.0 93,2.0 94,1.0 95,2.0 96,1.0 98,1.0 99,1.0 100,1.0 125,1.0 159,1.0 167,1.0 168,3.0 173,1.0 187,1.0 196,1.0 199,1.0 200,1.0 290,1.0 335,1.0 340,1.0 395,1.0 
16,5.0 51,1.0 53,2.0 62,1.0 79,1.0 82,1.0 93,1.0 95,4.0 96,3.0 97,1.0 99,1.0 100,2.0 138,2.0 160,2.0 161,1.0 191,1.0 272,1.0 275,1.0 278,1.0 339,1.0 341,1.0 342,2.0 343,1.0 388,1.0 
32,1.0 49,1.0 95,1.0 100,1.0 101,1.0 102,1.0 103,1.0 104,1.0 105,1.0 148,1.0 149,1.0 150,1.0 157,1.0 255,1.0 299,1.0 
11,1.0 12,1.0 16,1.0 18,1.0 20,1.0 32,1.0 49,3.0 64,3.0 94,1.0 95,6.0 99,1.0 101,1.0 102,1.0 103,1.0 104,1.0 105,1.0 106,1.0 108,1.0 117,1.0 118,1.0 122,2.0 124,1.0 138,1.0 142,1.0 149,1.0 157,1.0 163,1.0 164,1.0 165,1.0 167,1.0 168,2.0 174,1.0 178,1.0 182,2.0 197,2.0 199,2.0 201,1.0 202,1.0 203,1.0 204,3.0 233,1.0 235,1.0 243,1.0 252,1.0 272,1.0 274,2.0 275,2.0 276,1.0 278,1.0 279,1.0 280,1.0 281,1.0 282,1.0 290,1.0 307,1.0 383,1.0 385,1.0 407,1.0 408,1.0 409,2.0 410,1.0 443,1.0 444,1.0 485,1.0 486,1.0 487,1.0 
38,1.0 102,1.0 103,1.0 104,1.0 105,1.0 106,1.0 107,1.0 108,1.0 109,1.0 188,1.0 
38,1.0 101,1.0 103,1.0 104,1.0 105,1.0 106,1.0 107,1.0 108,1.0 109,1.0 
38,1.0 101,1.0 102,1.0 104,1.0 105,1.0 106,1.0 107,1.0 108,1.0 109,1.0 
20,1.0 38,1.0 62,1.0 101,1.0 102,1.0 103,1.0 105,1.0 106,1.0 107,1.0 108,1.0 109,1.0 
38,1.0 101,1.0 102,1.0 103,1.0 104,1.0 106,1.0 107,1.0 108,1.0 109,1.0 
15,1.0 17,1.0 18,5.0 19,1.0 21,2.0 22,1.0 25,1.0 32,1.0 35,1.0 37,2.0 38,5.0 70,4.0 77,1.0 79,1.0 92,1.0 100,1.0 106,2.0 107,5.0 108,6.0 109,1.0 110,2.0 111,2.0 112,2.0 113,4.0 114,2.0 115,3.0 116,1.0 117,1.0 118,1.0 119,1.0 120,1.0 122,1.0 128,1.0 164,2.0 181,3.0 197,1.0 218,1.0 232,1.0 235,1.0 241,1.0 276,1.0 278,1.0 283,1.0 290,1.0 304,1.0 391,1.0 394,3.0 409,2.0 410,1.0 447,1.0 453,1.0 
18,2.0 21,3.0 37,1.0 38,3.0 39,1.0 70,3.0 106,4.0 108,2.0 109,1.0 110,1.0 111,1.0 112,1.0 113,2.0 115,3.0 127,1.0 142,2.0 143,1.0 164,2.0 170,1.0 181,3.0 182,1.0 197,1.0 232,2.0 304,2.0 356,1.0 391,1.0 394,3.0 409,1.0 453,1.0 
4,1.0 10,1.0 12,1.0 15,1.0 16,1.0 18,5.0 19,1.0 21,3.0 22,1.0 32,1.0 35,1.0 37,5.0 38,6.0 39,2.0 49,1.0 67,1.0 68,3.0 70,2.0 81,2.0 90,1.0 92,3.0 106,6.0 107,2.0 108,5.0 109,7.0 110,1.0 111,1.0 112,6.0 113,2.0 119,3.0 120,4.0 121,3.0 122,3.0 123,1.0 124,1.0 125,1.0 126,1.0 128,11.0 129,1.0 130,1.0 132,1.0 135,1.0 142,3.0 157,3.0 164,2.0 167,9.0 169,1.0 172,1.0 173,1.0 180,1.0 181,3.0 182,3.0 185,1.0 186,1.0 187,1.0 188,1.0 197,1.0 204,2.0 205,1.0 207,1.0 208,1.0 209,1.0 226,1.0 232,2.0 233,7.0 235,1.0 238,6.0 243,2.0 260,2.0 268,4.0 271,1.0 272,1.0 276,3.0 277,1.0 278,1.0 283,2.0 290,2.0 303,1.0 304,2.0 305,1.0 307,1.0 309,1.0 311,2.0 314,1.0 315,1.0 316,2.0 317,4.0 336,1.0 337,1.0 338,1.0 357,1.0 376,1.0 378,1.0 382,1.0 383,1.0 385,4.0 391,1.0 394,1.0 410,5.0 413,1.0 414,1.0 415,1.0 416,2.0 417,1.0 418,2.0 426,4.0 427,1.0 428,1.0 429,1.0 430,2.0 432,2.0 435,4.0 436,1.0 448,2.0 461,1.0 462,1.0 468,1.0 469,1.0 473,1.0 
10,1.0 18,1.0 37,1.0 38,3.0 49,1.0 68,4.0 90,1.0 95,1.0 106,2.0 107,1.0 108,6.0 110,1.0 111,1.0 112,4.0 115,1.0 121,1.0 122,1.0 123,1.0 124,1.0 125,1.0 126,1.0 128,1.0 157,1.0 177,1.0 187,1.0 207,1.0 232,2.0 233,4.0 238,2.0 260,1.0 265,1.0 268,1.0 271,1.0 276,2.0 277,1.0 298,1.0 303,1.0 311,1.0 315,1.0 316,1.0 317,1.0 383,1.0 385,1.0 408,1.0 410,2.0 426,2.0 435,3.0 
18,1.0 23,1.0 38,1.0 66,1.0 79,1.0 106,2.0 111,1.0 112,1.0 113,1.0 114,1.0 115,1.0 125,2.0 157,1.0 162,1.0 165,1.0 188,1.0 205,1.0 226,1.0 235,1.0 243,1.0 323,2.0 361,2.0 416,2.0 446,1.0 447,1.0 
18,1.0 38,1.0 106,2.0 110,1.0 112,1.0 113,1.0 114,1.0 115,1.0 142,1.0 164,1.0 208,1.0 209,1.0 211,1.0 212,1.0 230,1.0 312,1.0 325,1.0 357,1.0 418,1.0 419,1.0 420,1.0 421,1.0 
18,1.0 38,2.0 53,1.0 68,1.0 71,1.0 95,1.0 106,2.0 108,2.0 110,1.0 111,1.0 113,1.0 114,1.0 115,1.0 119,1.0 128,2.0 138,1.0 157,1.0 164,1.0 167,1.0 233,2.0 238,1.0 243,1.0 260,1.0 268,2.0 290,1.0 299,1.0 303,1.0 307,2.0 311,1.0 317,2.0 324,1.0 383,1.0 391,1.0 410,1.0 418,1.0 426,2.0 427,1.0 429,1.0 430,1.0 432,1.0 436,1.0 442,1.0 468,1.0 481,1.0 
15,1.0 17,1.0 18,2.0 21,1.0 32,1.0 35,2.0 37,1.0 38,1.0 39,2.0 49,1.0 64,1.0 70,1.0 71,1.0 95,1.0 100,1.0 106,2.0 107,2.0 108,2.0 114,1.0 115,2.0 116,1.0 117,2.0 118,1.0 119,1.0 120,1.0 124,1.0 135,1.0 142,1.0 157,2.0 164,1.0 170,1.0 181,1.0 182,1.0 196,1.0 243,1.0 261,2.0 262,1.0 274,1.0 275,1.0 394,1.0 450,1.0 
15,1.0 17,1.0 18,1.0 32,1.0 40,2.0 49,1.0 63,1.0 98,1.0 106,1.0 108,1.0 109,1.0 113,1.0 115,1.0 116,1.0 117,1.0 118,1.0 121,1.0 160,1.0 161,1.0 167,2.0 172,1.0 173,1.0 179,1.0 181,1.0 233,3.0 299,1.0 301,1.0 309,1.0 315,1.0 327,1.0 345,1.0 383,1.0 402,1.0 403,1.0 404,1.0 451,1.0 
0,1.0 10,1.0 11,1.0 15,1.0 17,1.0 18,3.0 19,2.0 20,1.0 21,4.0 22,1.0 32,1.0 38,3.0 68,4.0 70,3.0 77,1.0 95,1.0 106,1.0 108,2.0 109,2.0 113,1.0 114,1.0 116,1.0 117,1.0 118,2.0 121,2.0 123,1.0 125,2.0 128,3.0 140,1.0 142,1.0 164,3.0 165,1.0 167,1.0 169,2.0 170,1.0 176,1.0 177,1.0 181,1.0 182,2.0 187,1.0 207,1.0 233,6.0 235,1.0 238,1.0 252,1.0 255,1.0 265,1.0 268,1.0 276,4.0 290,1.0 304,1.0 307,2.0 311,1.0 323,1.0 361,1.0 371,1.0 372,1.0 373,1.0 397,1.0 398,2.0 410,2.0 424,1.0 426,2.0 428,2.0 429,1.0 435,2.0 450,1.0 463,1.0 464,1.0 465,1.0 466,1.0 510,1.0 
15,1.0 17,1.0 32,1.0 35,1.0 38,1.0 68,1.0 95,1.0 106,1.0 108,1.0 113,1.0 115,1.0 117,1.0 118,1.0 128,1.0 168,1.0 187,1.0 204,1.0 233,2.0 276,1.0 307,2.0 385,1.0 410,1.0 426,1.0 
15,1.0 17,1.0 18,1.0 32,2.0 35,1.0 38,1.0 49,1.0 53,1.0 64,2.0 81,1.0 82,1.0 91,1.0 93,1.0 95,4.0 100,1.0 106,1.0 108,1.0 113,1.0 116,1.0 117,1.0 118,1.0 124,1.0 142,1.0 157,1.0 164,1.0 168,1.0 173,2.0 187,2.0 197,1.0 207,2.0 235,1.0 274,1.0 275,1.0 307,1.0 339,2.0 340,3.0 409,1.0 416,1.0 444,1.0 526,1.0 532,1.0 533,1.0 534,1.0 
11,4.0 15,2.0 17,1.0 18,1.0 21,1.0 32,1.0 35,1.0 38,1.0 77,1.0 90,1.0 106,1.0 108,1.0 113,1.0 116,1.0 117,1.0 125,1.0 128,1.0 142,2.0 164,2.0 172,1.0 182,1.0 183,1.0 185,2.0 191,1.0 235,1.0 258,1.0 272,1.0 304,1.0 385,2.0 444,1.0 
18,1.0 37,2.0 39,1.0 108,3.0 109,1.0 120,1.0 121,1.0 122,1.0 127,1.0 128,1.0 167,1.0 238,1.0 268,1.0 317,1.0 318,1.0 319,1.0 410,1.0 426,1.0 428,1.0 
18,1.0 37,2.0 39,2.0 67,1.0 68,2.0 108,2.0 109,1.0 119,1.0 121,2.0 122,1.0 127,1.0 135,1.0 143,1.0 170,1.0 181,1.0 206,1.0 232,1.0 261,1.0 276,1.0 357,2.0 361,1.0 371,1.0 
0,3.0 10,1.0 18,1.0 19,1.0 21,2.0 22,2.0 37,1.0 38,2.0 39,1.0 40,1.0 49,1.0 50,1.0 59,1.0 68,1.0 108,1.0 109,1.0 115,1.0 120,1.0 122,1.0 123,2.0 124,1.0 125,1.0 126,1.0 127,2.0 128,1.0 142,1.0 143,1.0 206,1.0 210,1.0 211,1.0 230,1.0 231,1.0 232,1.0 233,1.0 237,1.0 253,1.0 254,1.0 258,1.0 291,1.0 305,1.0 311,1.0 363,1.0 366,1.0 391,1.0 402,1.0 428,1.0 440,1.0 510,1.0 517,1.0 520,1.0 
10,1.0 15,1.0 17,1.0 18,2.0 19,2.0 21,1.0 37,1.0 49,1.0 53,2.0 67,1.0 70,3.0 77,2.0 106,1.0 108,2.0 109,1.0 115,1.0 121,1.0 122,1.0 123,2.0 124,1.0 125,1.0 126,1.0 128,1.0 138,1.0 151,1.0 164,2.0 167,1.0 169,1.0 176,1.0 180,1.0 181,3.0 182,3.0 183,1.0 188,1.0 205,1.0 206,1.0 207,1.0 234,1.0 235,1.0 243,1.0 252,1.0 253,2.0 273,1.0 283,1.0 284,1.0 285,1.0 311,1.0 383,1.0 385,1.0 396,1.0 413,1.0 414,1.0 415,1.0 
10,1.0 19,2.0 21,1.0 39,1.0 49,1.0 67,1.0 70,1.0 77,3.0 78,1.0 95,1.0 115,1.0 122,1.0 124,1.0 125,1.0 126,1.0 127,2.0 128,2.0 129,1.0 136,1.0 150,1.0 151,1.0 162,1.0 169,1.0 179,1.0 181,2.0 185,1.0 219,1.0 233,1.0 235,1.0 276,1.0 308,1.0 327,1.0 333,1.0 344,1.0 
10,1.0 14,1.0 15,2.0 16,1.0 17,1.0 23,1.0 32,1.0 39,1.0 49,2.0 62,1.0 64,1.0 93,1.0 95,1.0 100,1.0 117,1.0 123,1.0 125,1.0 126,1.0 127,1.0 128,1.0 129,1.0 137,1.0 138,1.0 139,1.0 142,1.0 157,1.0 164,1.0 197,1.0 274,1.0 275,1.0 307,1.0 409,1.0 
10,2.0 11,4.0 12,1.0 23,1.0 32,1.0 38,1.0 39,1.0 49,3.0 53,2.0 61,1.0 64,1.0 68,1.0 78,1.0 79,1.0 90,2.0 94,1.0 95,1.0 96,1.0 97,2.0 100,1.0 108,3.0 109,1.0 118,1.0 123,1.0 124,1.0 126,1.0 127,1.0 128,1.0 129,1.0 130,1.0 153,1.0 157,1.0 165,2.0 167,1.0 168,2.0 173,1.0 186,1.0 187,1.0 191,3.0 196,1.0 213,1.0 214,1.0 215,1.0 216,1.0 217,1.0 226,1.0 235,1.0 275,1.0 276,1.0 290,1.0 301,1.0 311,1.0 323,3.0 337,1.0 338,1.0 374,1.0 395,1.0 410,1.0 416,1.0 417,1.0 434,1.0 435,1.0 447,1.0 448,1.0 467,1.0 484,1.0 485,1.0 
10,2.0 39,2.0 49,2.0 123,1.0 124,1.0 125,1.0 127,2.0 128,1.0 129,1.0 130,1.0 143,1.0 207,1.0 314,1.0 424,1.0 448,1.0 
0,1.0 2,3.0 10,2.0 11,2.0 12,1.0 13,1.0 16,1.0 17,1.0 19,1.0 20,1.0 21,1.0 22,3.0 25,1.0 32,1.0 38,1.0 39,17.0 42,1.0 67,2.0 68,2.0 79,1.0 95,1.0 110,1.0 113,1.0 115,1.0 121,1.0 122,1.0 123,1.0 127,6.0 128,5.0 129,2.0 130,2.0 135,3.0 136,3.0 138,1.0 142,4.0 143,10.0 157,2.0 162,1.0 170,2.0 191,1.0 197,1.0 199,1.0 205,1.0 213,1.0 214,1.0 219,2.0 223,1.0 224,2.0 225,1.0 226,3.0 227,1.0 232,1.0 235,1.0 237,1.0 250,1.0 255,3.0 258,2.0 260,2.0 261,3.0 276,2.0 279,1.0 318,1.0 319,1.0 320,1.0 321,1.0 322,1.0 323,1.0 333,1.0 361,5.0 374,1.0 375,1.0 391,3.0 397,2.0 398,1.0 416,1.0 424,2.0 449,1.0 450,1.0 487,1.0 499,1.0 517,1.0 522,1.0 
0,1.0 2,2.0 10,1.0 15,1.0 16,1.0 18,5.0 20,1.0 21,1.0 22,3.0 32,1.0 38,3.0 39,2.0 50,1.0 67,2.0 68,3.0 77,1.0 92,1.0 95,2.0 106,1.0 108,9.0 112,3.0 115,2.0 116,1.0 119,1.0 121,1.0 122,2.0 123,2.0 127,5.0 128,4.0 129,2.0 130,1.0 142,1.0 157,2.0 162,1.0 163,1.0 164,1.0 167,10.0 168,1.0 169,1.0 170,1.0 172,1.0 181,1.0 185,1.0 186,1.0 187,1.0 197,1.0 204,1.0 212,1.0 219,1.0 230,1.0 231,1.0 233,8.0 238,4.0 243,2.0 258,3.0 261,1.0 268,6.0 276,5.0 278,1.0 283,4.0 290,2.0 291,1.0 292,1.0 301,1.0 304,1.0 307,5.0 311,6.0 314,2.0 316,2.0 317,5.0 336,1.0 338,1.0 340,1.0 346,1.0 363,1.0 364,1.0 365,1.0 375,1.0 383,2.0 385,2.0 391,2.0 396,1.0 410,5.0 417,1.0 418,2.0 426,4.0 427,1.0 428,2.0 429,2.0 430,3.0 432,2.0 435,1.0 436,1.0 437,1.0 468,1.0 488,1.0 489,1.0 496,1.0 508,1.0 510,1.0 517,1.0 
10,1.0 11,1.0 12,1.0 13,1.0 39,2.0 41,1.0 71,1.0 127,2.0 128,2.0 130,1.0 157,1.0 170,1.0 236,1.0 266,1.0 290,1.0 324,1.0 325,1.0 326,1.0 327,1.0 
39,1.0 67,2.0 81,1.0 108,1.0 127,2.0 131,1.0 132,2.0 133,1.0 136,2.0 142,2.0 143,2.0 186,1.0 208,1.0 209,1.0 260,1.0 311,1.0 338,1.0 361,1.0 396,1.0 424,1.0 448,2.0 473,1.0 498,1.0 
132,1.0 133,1.0 134,1.0 136,1.0 265,1.0 324,1.0 503,1.0 504,1.0 
49,1.0 81,1.0 131,1.0 133,1.0 134,1.0 186,1.0 207,1.0 208,1.0 209,1.0 311,1.0 338,1.0 345,1.0 417,1.0 
32,1.0 39,1.0 42,1.0 47,1.0 55,1.0 67,1.0 99,1.0 107,1.0 113,1.0 131,1.0 132,1.0 134,1.0 144,1.0 145,1.0 146,1.0 147,1.0 148,1.0 170,1.0 271,1.0 350,1.0 351,1.0 
39,1.0 135,1.0 
18,1.0 32,1.0 37,1.0 39,12.0 49,1.0 50,1.0 64,1.0 67,3.0 68,2.0 74,1.0 78,1.0 86,1.0 95,2.0 100,2.0 110,1.0 113,2.0 115,1.0 117,1.0 124,1.0 127,3.0 135,1.0 136,3.0 142,1.0 143,1.0 148,1.0 157,6.0 170,1.0 178,1.0 238,1.0 243,1.0 255,2.0 260,3.0 261,1.0 274,2.0 275,1.0 300,1.0 336,1.0 346,1.0 361,1.0 397,1.0 398,1.0 416,1.0 445,1.0 446,1.0 450,2.0 487,1.0 490,1.0 499,1.0 540,1.0 
0,4.0 1,2.0 11,1.0 14,1.0 15,1.0 17,1.0 18,4.0 22,1.0 23,1.0 32,1.0 37,1.0 39,2.0 40,1.0 67,4.0 68,1.0 74,2.0 93,1.0 94,1.0 108,1.0 123,1.0 124,1.0 127,4.0 130,2.0 135,3.0 136,2.0 142,1.0 143,1.0 148,1.0 150,1.0 157,4.0 159,1.0 162,1.0 165,1.0 170,1.0 181,3.0 184,1.0 185,1.0 226,1.0 233,1.0 235,1.0 236,1.0 247,1.0 248,1.0 250,1.0 255,1.0 256,1.0 260,1.0 261,1.0 270,1.0 271,1.0 277,5.0 299,1.0 324,2.0 327,1.0 333,2.0 337,1.0 361,1.0 369,4.0 370,2.0 376,1.0 404,1.0 428,1.0 448,1.0 473,1.0 487,1.0 497,1.0 499,2.0 
10,1.0 15,1.0 16,1.0 49,1.0 62,1.0 64,1.0 138,1.0 139,1.0 140,1.0 141,1.0 
10,1.0 13,3.0 15,1.0 16,6.0 17,1.0 20,1.0 30,1.0 41,1.0 49,2.0 51,1.0 53,3.0 62,4.0 63,1.0 64,1.0 92,1.0 93,1.0 95,5.0 96,1.0 98,2.0 100,1.0 108,1.0 109,1.0 137,1.0 138,1.0 139,1.0 140,2.0 141,1.0 157,1.0 160,1.0 168,1.0 182,2.0 191,1.0 199,3.0 218,1.0 232,1.0 252,2.0 277,1.0 278,2.0 304,1.0 307,1.0 313,1.0 314,1.0 315,2.0 316,1.0 339,1.0 340,2.0 341,1.0 342,2.0 343,2.0 347,1.0 348,1.0 349,1.0 383,2.0 442,1.0 500,1.0 
10,1.0 12,1.0 15,1.0 16,1.0 49,1.0 62,1.0 64,1.0 70,2.0 86,1.0 106,1.0 108,1.0 137,1.0 138,1.0 140,1.0 141,1.0 165,1.0 170,1.0 172,1.0 174,1.0 175,1.0 182,1.0 198,1.0 234,1.0 
10,6.0 17,1.0 20,1.0 23,1.0 31,2.0 39,1.0 49,6.0 50,2.0 63,2.0 64,1.0 67,2.0 68,1.0 71,1.0 74,1.0 136,2.0 138,1.0 140,1.0 141,2.0 142,1.0 143,1.0 155,2.0 157,1.0 159,1.0 165,1.0 170,1.0 177,1.0 184,1.0 186,2.0 187,1.0 207,1.0 236,1.0 255,1.0 270,1.0 271,1.0 311,1.0 315,1.0 338,1.0 344,2.0 345,1.0 346,1.0 347,1.0 348,1.0 349,1.0 376,1.0 404,1.0 417,1.0 527,1.0 528,1.0 529,1.0 530,1.0 
10,3.0 15,1.0 31,1.0 39,1.0 49,3.0 63,1.0 64,1.0 71,1.0 89,1.0 93,1.0 97,1.0 140,3.0 142,1.0 143,1.0 340,2.0 344,1.0 516,1.0 
0,1.0 2,1.0 11,2.0 12,1.0 18,2.0 19,2.0 20,2.0 21,1.0 22,1.0 32,2.0 38,2.0 39,3.0 41,1.0 49,1.0 53,1.0 67,9.0 68,1.0 70,2.0 71,4.0 74,1.0 79,1.0 89,1.0 90,1.0 93,1.0 94,1.0 95,3.0 97,1.0 100,1.0 108,1.0 110,2.0 111,1.0 113,1.0 115,1.0 118,1.0 121,1.0 122,1.0 123,1.0 125,2.0 127,5.0 128,3.0 130,1.0 133,1.0 135,2.0 136,1.0 142,5.0 143,4.0 144,1.0 145,1.0 146,1.0 147,1.0 148,3.0 157,6.0 161,1.0 164,16.0 166,1.0 167,2.0 168,1.0 170,2.0 172,2.0 173,1.0 179,1.0 182,2.0 185,3.0 187,1.0 197,5.0 204,4.0 205,2.0 208,1.0 209,1.0 211,1.0 212,1.0 218,1.0 219,1.0 226,1.0 233,3.0 235,4.0 236,2.0 237,3.0 238,1.0 239,1.0 240,1.0 241,1.0 242,2.0 243,1.0 255,1.0 258,1.0 260,3.0 261,1.0 274,1.0 276,9.0 277,1.0 279,2.0 280,1.0 281,1.0 282,1.0 300,1.0 301,1.0 304,1.0 307,1.0 308,2.0 309,1.0 311,1.0 352,1.0 353,1.0 357,1.0 361,1.0 365,1.0 376,2.0 391,1.0 399,1.0 400,1.0 401,1.0 409,1.0 416,1.0 428,1.0 429,2.0 448,1.0 450,1.0 454,1.0 463,1.0 464,1.0 465,1.0 466,1.0 471,1.0 473,1.0 478,1.0 479,1.0 488,1.0 491,1.0 492,1.0 506,1.0 
39,8.0 67,4.0 68,1.0 71,1.0 95,1.0 108,1.0 110,1.0 115,1.0 127,9.0 130,2.0 133,1.0 136,2.0 138,1.0 142,4.0 143,3.0 144,1.0 145,1.0 146,1.0 147,1.0 157,1.0 199,1.0 226,1.0 255,2.0 260,3.0 297,1.0 361,2.0 398,1.0 399,1.0 400,1.0 401,1.0 416,1.0 424,1.0 448,1.0 473,1.0 
11,1.0 17,1.0 32,1.0 62,1.0 79,1.0 99,1.0 133,1.0 145,1.0 146,1.0 147,1.0 148,1.0 208,1.0 209,1.0 210,1.0 214,1.0 229,1.0 291,1.0 385,1.0 421,1.0 447,1.0 469,1.0 470,1.0 477,1.0 
32,1.0 99,1.0 133,1.0 144,1.0 146,1.0 147,1.0 148,1.0 
32,1.0 99,1.0 133,1.0 144,1.0 145,1.0 147,1.0 148,1.0 
32,1.0 99,1.0 133,1.0 144,1.0 145,1.0 146,1.0 148,1.0 
11,1.0 32,4.0 49,3.0 51,1.0 53,1.0 62,2.0 64,1.0 67,1.0 68,1.0 70,1.0 95,3.0 99,1.0 100,1.0 111,1.0 118,1.0 121,2.0 122,1.0 123,1.0 128,1.0 142,3.0 148,1.0 149,1.0 150,1.0 160,1.0 161,1.0 165,1.0 166,1.0 175,1.0 176,1.0 177,1.0 179,1.0 180,5.0 181,1.0 207,1.0 233,2.0 235,1.0 238,2.0 242,1.0 251,1.0 276,1.0 291,1.0 304,4.0 340,2.0 352,1.0 353,1.0 354,1.0 356,1.0 375,1.0 550,1.0 
39,1.0 47,1.0 49,1.0 55,1.0 77,1.0 78,1.0 87,1.0 108,1.0 117,1.0 125,1.0 133,1.0 142,1.0 149,1.0 150,5.0 151,1.0 152,1.0 153,1.0 157,2.0 163,1.0 167,1.0 185,1.0 191,1.0 204,1.0 235,1.0 238,1.0 271,1.0 278,1.0 290,2.0 334,1.0 391,1.0 457,1.0 486,1.0 487,2.0 512,1.0 513,1.0 514,1.0 515,1.0 523,1.0 
39,1.0 40,1.0 47,1.0 49,1.0 55,1.0 123,1.0 133,1.0 136,1.0 149,5.0 150,1.0 151,1.0 152,1.0 153,1.0 157,3.0 260,1.0 261,2.0 271,2.0 298,1.0 308,1.0 348,1.0 457,1.0 523,1.0 
70,1.0 142,1.0 152,1.0 153,2.0 154,1.0 155,1.0 156,1.0 185,2.0 234,1.0 238,1.0 408,1.0 
151,1.0 153,1.0 154,1.0 155,1.0 156,1.0 
28,1.0 61,1.0 78,1.0 112,1.0 125,1.0 151,2.0 152,1.0 154,1.0 155,1.0 156,1.0 157,1.0 179,1.0 185,1.0 237,1.0 238,1.0 263,1.0 284,1.0 299,1.0 300,1.0 391,1.0 
61,1.0 78,1.0 125,1.0 153,1.0 155,1.0 156,1.0 
10,1.0 16,1.0 17,1.0 32,1.0 49,2.0 50,1.0 53,1.0 61,1.0 63,1.0 67,1.0 74,1.0 78,1.0 125,1.0 136,1.0 138,1.0 140,2.0 153,1.0 154,1.0 156,1.0 159,1.0 177,1.0 270,1.0 310,1.0 345,1.0 346,1.0 347,1.0 376,1.0 404,1.0 450,1.0 510,1.0 545,1.0 
61,1.0 78,1.0 125,1.0 153,1.0 154,1.0 155,1.0 
10,1.0 19,1.0 20,1.0 35,2.0 39,21.0 42,1.0 49,3.0 58,1.0 64,1.0 65,1.0 66,1.0 67,2.0 74,1.0 77,2.0 78,1.0 79,1.0 89,1.0 90,1.0 95,1.0 96,1.0 100,1.0 110,1.0 112,1.0 113,3.0 117,1.0 119,1.0 124,1.0 125,1.0 128,3.0 129,1.0 130,1.0 133,1.0 135,4.0 136,1.0 140,1.0 142,6.0 143,1.0 149,1.0 150,1.0 155,1.0 157,11.0 158,3.0 159,1.0 162,2.0 164,2.0 168,1.0 172,1.0 177,1.0 178,1.0 196,1.0 197,2.0 218,1.0 232,1.0 236,1.0 238,1.0 243,2.0 255,1.0 260,24.0 261,2.0 262,3.0 264,1.0 268,1.0 270,1.0 271,2.0 272,1.0 274,1.0 275,1.0 276,4.0 277,1.0 278,1.0 290,1.0 297,1.0 298,1.0 299,3.0 300,2.0 301,1.0 303,1.0 304,1.0 307,2.0 311,1.0 315,1.0 317,1.0 324,1.0 334,1.0 348,1.0 349,1.0 350,1.0 351,1.0 353,1.0 357,2.0 361,1.0 365,1.0 376,3.0 383,1.0 396,1.0 409,1.0 429,2.0 450,1.0 454,1.0 480,1.0 482,1.0 483,1.0 484,1.0 499,1.0 531,2.0 
10,1.0 39,1.0 49,1.0 65,1.0 114,1.0 140,1.0 155,1.0 157,1.0 159,1.0 177,1.0 531,1.0 
65,1.0 66,1.0 67,1.0 78,1.0 114,1.0 127,1.0 135,2.0 136,2.0 158,1.0 177,1.0 255,1.0 270,1.0 376,1.0 404,1.0 487,1.0 499,1.0 
16,2.0 53,1.0 62,1.0 79,1.0 82,1.0 95,1.0 98,2.0 125,1.0 138,2.0 161,1.0 235,1.0 301,1.0 342,1.0 343,1.0 
11,1.0 32,1.0 79,1.0 82,1.0 98,1.0 148,1.0 160,1.0 173,1.0 190,1.0 224,2.0 242,1.0 249,1.0 250,1.0 251,3.0 252,3.0 379,1.0 380,1.0 
18,1.0 19,2.0 66,1.0 67,1.0 70,1.0 110,1.0 114,1.0 123,1.0 127,1.0 136,2.0 142,1.0 157,2.0 163,2.0 164,1.0 167,1.0 233,1.0 235,1.0 238,1.0 243,2.0 246,1.0 260,1.0 269,1.0 276,1.0 278,1.0 304,1.0 309,1.0 327,1.0 332,1.0 333,1.0 334,1.0 374,1.0 404,1.0 427,1.0 449,4.0 471,1.0 
18,2.0 128,2.0 142,1.0 149,1.0 162,1.0 164,1.0 167,1.0 170,1.0 172,1.0 186,1.0 204,1.0 226,1.0 235,1.0 250,1.0 255,1.0 257,1.0 276,1.0 290,1.0 311,1.0 336,1.0 338,2.0 345,1.0 346,1.0 362,1.0 363,1.0 417,1.0 423,1.0 449,1.0 460,1.0 474,1.0 486,1.0 487,1.0 
11,2.0 16,2.0 18,5.0 19,1.0 20,1.0 36,1.0 38,5.0 53,1.0 67,6.0 68,2.0 70,1.0 71,1.0 74,2.0 77,1.0 79,1.0 87,1.0 89,1.0 90,1.0 95,1.0 96,1.0 100,1.0 107,1.0 108,2.0 109,1.0 111,1.0 115,3.0 118,2.0 120,1.0 122,1.0 125,1.0 127,1.0 128,1.0 135,1.0 136,1.0 142,15.0 149,1.0 151,1.0 157,2.0 162,1.0 164,5.0 165,1.0 168,2.0 178,2.0 181,1.0 182,2.0 185,2.0 196,1.0 197,4.0 204,4.0 218,1.0 230,1.0 232,1.0 233,3.0 234,1.0 243,6.0 252,1.0 253,1.0 271,1.0 276,2.0 277,2.0 278,2.0 279,1.0 280,1.0 281,1.0 282,1.0 304,2.0 306,1.0 307,2.0 309,1.0 311,2.0 312,1.0 325,1.0 356,1.0 357,1.0 391,1.0 396,1.0 402,1.0 409,1.0 410,1.0 418,2.0 419,1.0 420,1.0 421,1.0 427,1.0 428,2.0 430,1.0 435,1.0 449,2.0 450,1.0 463,1.0 464,2.0 465,2.0 466,2.0 468,1.0 469,1.0 
10,2.0 12,1.0 18,1.0 20,1.0 23,2.0 32,1.0 67,1.0 87,1.0 93,1.0 108,1.0 121,1.0 125,2.0 130,1.0 136,1.0 140,1.0 148,1.0 166,1.0 167,2.0 173,1.0 176,1.0 184,1.0 186,1.0 220,1.0 221,1.0 222,1.0 233,1.0 236,1.0 237,1.0 271,1.0 276,1.0 300,1.0 311,1.0 323,2.0 338,1.0 363,1.0 416,1.0 417,1.0 520,1.0 527,1.0 528,1.0 529,1.0 530,1.0 
11,1.0 18,1.0 49,1.0 128,1.0 148,1.0 167,1.0 168,1.0 304,1.0 340,1.0 352,1.0 353,1.0 
11,1.0 12,1.0 18,3.0 21,1.0 32,1.0 39,1.0 40,2.0 50,1.0 51,1.0 53,1.0 62,1.0 64,1.0 70,1.0 77,1.0 86,1.0 108,9.0 112,2.0 114,2.0 115,1.0 119,1.0 121,1.0 128,10.0 139,1.0 142,2.0 143,1.0 149,1.0 157,1.0 163,1.0 164,1.0 166,1.0 167,2.0 168,1.0 172,2.0 173,2.0 174,1.0 175,1.0 181,3.0 182,1.0 184,1.0 187,1.0 188,3.0 197,2.0 199,1.0 204,2.0 207,1.0 233,9.0 234,1.0 235,1.0 238,5.0 240,1.0 243,1.0 249,1.0 265,1.0 267,1.0 268,3.0 271,1.0 272,1.0 273,3.0 276,2.0 278,2.0 290,4.0 296,1.0 303,1.0 304,1.0 307,3.0 309,2.0 311,3.0 316,1.0 317,4.0 327,2.0 383,1.0 385,2.0 395,2.0 410,6.0 418,3.0 426,4.0 428,2.0 429,1.0 430,1.0 432,2.0 435,2.0 436,1.0 453,1.0 462,1.0 486,1.0 487,1.0 488,1.0 489,1.0 499,1.0 
11,3.0 13,1.0 16,2.0 18,1.0 19,1.0 22,1.0 32,1.0 37,1.0 49,2.0 53,2.0 64,2.0 68,1.0 70,2.0 92,1.0 93,1.0 94,1.0 95,1.0 96,2.0 97,2.0 100,4.0 115,1.0 116,1.0 117,1.0 122,1.0 125,2.0 128,1.0 142,1.0 164,1.0 167,1.0 168,2.0 169,2.0 170,1.0 173,1.0 177,1.0 178,1.0 182,1.0 187,2.0 196,3.0 199,1.0 200,2.0 201,1.0 202,1.0 203,1.0 204,2.0 207,1.0 233,2.0 238,1.0 260,1.0 270,1.0 276,1.0 279,1.0 280,1.0 281,1.0 282,1.0 290,1.0 304,1.0 307,1.0 311,1.0 334,1.0 340,2.0 383,1.0 385,2.0 395,1.0 410,1.0 416,1.0 426,1.0 484,1.0 485,1.0 
2,1.0 18,1.0 19,4.0 38,1.0 107,1.0 108,2.0 120,1.0 122,1.0 127,1.0 128,1.0 170,1.0 171,1.0 181,3.0 182,1.0 185,1.0 204,1.0 233,1.0 238,1.0 258,1.0 294,1.0 304,2.0 371,1.0 437,1.0 450,1.0 
11,1.0 13,1.0 18,2.0 19,1.0 39,1.0 41,1.0 62,1.0 68,2.0 71,1.0 78,1.0 107,1.0 113,1.0 115,1.0 128,1.0 129,1.0 135,1.0 136,1.0 140,1.0 142,3.0 148,1.0 163,2.0 164,1.0 168,1.0 169,1.0 171,1.0 172,1.0 176,1.0 177,2.0 178,1.0 179,1.0 180,1.0 182,1.0 186,1.0 187,1.0 191,1.0 192,1.0 197,1.0 204,1.0 212,1.0 226,2.0 227,1.0 230,1.0 231,1.0 236,1.0 250,2.0 255,4.0 256,1.0 257,3.0 266,1.0 276,1.0 279,1.0 280,1.0 281,1.0 282,1.0 324,1.0 325,1.0 326,1.0 327,2.0 328,1.0 329,1.0 330,1.0 333,1.0 338,1.0 340,1.0 345,2.0 362,1.0 363,1.0 364,1.0 365,1.0 397,1.0 398,1.0 402,1.0 423,2.0 472,1.0 473,1.0 
172,1.0 
18,3.0 19,1.0 20,1.0 21,3.0 35,1.0 40,1.0 53,1.0 66,1.0 68,2.0 70,1.0 100,1.0 106,1.0 108,1.0 123,1.0 128,2.0 139,1.0 142,1.0 170,1.0 182,1.0 186,1.0 204,1.0 207,1.0 212,1.0 230,1.0 231,1.0 233,1.0 236,2.0 238,1.0 276,1.0 283,1.0 308,2.0 311,1.0 339,1.0 363,1.0 364,1.0 365,1.0 378,1.0 454,1.0 476,1.0 508,1.0 
11,2.0 12,1.0 32,1.0 39,1.0 49,1.0 53,3.0 62,1.0 64,2.0 68,1.0 70,1.0 71,1.0 81,1.0 82,1.0 86,1.0 91,1.0 95,3.0 97,1.0 108,2.0 109,1.0 114,1.0 115,1.0 117,1.0 125,2.0 139,1.0 142,1.0 161,2.0 167,3.0 168,1.0 172,1.0 174,1.0 175,1.0 176,1.0 187,5.0 207,2.0 224,2.0 233,2.0 240,1.0 242,1.0 252,2.0 275,1.0 290,2.0 302,1.0 314,1.0 316,1.0 339,1.0 340,1.0 383,2.0 385,1.0 395,1.0 410,1.0 426,1.0 427,2.0 428,1.0 434,1.0 439,2.0 461,1.0 467,1.0 526,1.0 532,1.0 533,1.0 534,1.0 
12,1.0 43,1.0 86,1.0 90,1.0 139,1.0 170,1.0 175,2.0 204,1.0 218,1.0 236,1.0 302,1.0 307,1.0 
12,1.0 68,1.0 86,1.0 90,1.0 139,1.0 148,1.0 170,1.0 174,2.0 180,1.0 218,1.0 236,1.0 304,1.0 307,1.0 340,1.0 354,1.0 
9,1.0 32,2.0 37,1.0 53,2.0 78,1.0 83,1.0 115,1.0 121,1.0 128,1.0 170,1.0 176,1.0 177,1.0 178,1.0 179,1.0 180,1.0 189,1.0 232,2.0 243,1.0 276,1.0 284,1.0 285,1.0 290,1.0 308,1.0 368,1.0 396,1.0 510,1.0 
10,1.0 49,1.0 62,1.0 67,2.0 70,1.0 78,1.0 95,1.0 108,1.0 119,1.0 122,1.0 123,1.0 128,1.0 135,1.0 136,2.0 140,1.0 148,1.0 155,1.0 159,2.0 167,1.0 170,1.0 176,1.0 178,1.0 179,1.0 180,1.0 187,1.0 207,2.0 238,3.0 265,1.0 268,1.0 270,1.0 311,1.0 376,1.0 383,1.0 385,1.0 404,1.0 426,1.0 
37,1.0 49,1.0 77,1.0 78,1.0 95,1.0 120,1.0 142,1.0 149,1.0 170,1.0 176,1.0 177,1.0 179,1.0 201,1.0 202,1.0 203,1.0 204,1.0 205,2.0 207,1.0 235,1.0 243,1.0 270,1.0 271,1.0 272,1.0 273,1.0 274,1.0 275,1.0 276,2.0 301,1.0 304,1.0 305,1.0 306,1.0 
11,1.0 39,1.0 51,1.0 62,1.0 64,1.0 77,1.0 78,1.0 114,1.0 122,1.0 127,1.0 135,2.0 148,1.0 164,1.0 170,1.0 176,1.0 177,1.0 178,1.0 179,1.0 180,1.0 184,1.0 198,1.0 199,1.0 233,2.0 238,1.0 239,1.0 240,1.0 252,1.0 253,1.0 260,1.0 311,1.0 344,1.0 345,1.0 396,1.0 451,1.0 
16,1.0 21,1.0 39,1.0 53,1.0 62,2.0 67,1.0 68,1.0 70,1.0 74,1.0 108,2.0 111,1.0 122,1.0 123,1.0 128,1.0 129,1.0 142,2.0 148,4.0 157,1.0 177,1.0 180,1.0 181,1.0 188,1.0 207,1.0 237,1.0 238,1.0 276,2.0 284,1.0 304,1.0 356,1.0 391,1.0 396,1.0 
0,3.0 1,1.0 10,1.0 18,2.0 19,5.0 21,2.0 22,2.0 35,1.0 37,1.0 39,1.0 40,1.0 49,1.0 53,2.0 63,1.0 68,1.0 70,3.0 77,1.0 81,1.0 107,3.0 108,3.0 113,1.0 114,1.0 115,2.0 120,2.0 122,2.0 128,1.0 135,1.0 136,4.0 148,1.0 164,1.0 165,1.0 167,2.0 169,2.0 170,1.0 172,1.0 181,2.0 184,1.0 188,1.0 197,1.0 215,1.0 219,1.0 220,1.0 221,1.0 222,1.0 232,1.0 243,1.0 273,1.0 276,1.0 277,4.0 286,1.0 287,1.0 290,1.0 304,2.0 311,1.0 338,1.0 340,1.0 356,1.0 363,1.0 369,2.0 370,2.0 371,2.0 394,1.0 409,1.0 519,1.0 535,1.0 
4,1.0 11,1.0 12,1.0 15,1.0 17,1.0 18,3.0 19,1.0 20,1.0 37,2.0 38,1.0 49,1.0 53,3.0 70,3.0 92,1.0 100,1.0 106,2.0 107,1.0 108,5.0 118,1.0 120,1.0 121,1.0 122,3.0 138,1.0 139,1.0 142,3.0 148,1.0 164,3.0 166,1.0 168,1.0 169,1.0 172,1.0 183,1.0 184,1.0 185,2.0 197,2.0 204,1.0 205,1.0 232,1.0 235,1.0 253,1.0 260,1.0 272,1.0 304,2.0 336,1.0 352,1.0 353,1.0 383,1.0 385,1.0 418,1.0 462,1.0 
15,2.0 17,1.0 21,1.0 53,1.0 77,1.0 118,1.0 182,1.0 184,1.0 185,1.0 
15,1.0 20,1.0 22,1.0 67,1.0 77,1.0 118,1.0 136,1.0 157,1.0 181,1.0 183,1.0 233,1.0 236,1.0 243,2.0 260,1.0 261,1.0 271,1.0 324,1.0 499,1.0 
18,1.0 20,1.0 21,1.0 32,1.0 37,1.0 38,1.0 39,1.0 59,1.0 68,1.0 71,3.0 77,1.0 95,1.0 108,1.0 113,1.0 132,1.0 142,6.0 148,1.0 149,1.0 151,1.0 157,1.0 164,1.0 172,1.0 186,1.0 187,2.0 188,1.0 207,1.0 232,1.0 233,2.0 234,1.0 235,1.0 238,2.0 283,1.0 285,1.0 288,1.0 289,1.0 290,1.0 345,1.0 383,1.0 
10,1.0 21,1.0 50,1.0 59,1.0 67,1.0 128,2.0 130,1.0 140,1.0 142,2.0 143,1.0 157,1.0 167,1.0 172,1.0 176,1.0 187,2.0 188,1.0 207,2.0 208,1.0 231,1.0 233,1.0 260,2.0 283,1.0 307,1.0 311,6.0 338,5.0 360,1.0 376,1.0 410,1.0 417,3.0 426,1.0 508,1.0 536,1.0 
11,2.0 32,2.0 51,1.0 53,3.0 59,1.0 61,1.0 62,1.0 64,3.0 68,1.0 71,1.0 81,1.0 82,1.0 91,1.0 92,1.0 95,5.0 97,1.0 108,1.0 115,2.0 116,1.0 117,1.0 119,1.0 125,2.0 128,2.0 142,1.0 149,1.0 167,3.0 168,2.0 173,5.0 176,1.0 177,1.0 179,1.0 186,2.0 188,1.0 199,1.0 207,3.0 233,3.0 238,3.0 240,1.0 265,1.0 268,1.0 275,1.0 276,1.0 290,2.0 305,1.0 307,1.0 316,1.0 338,1.0 339,1.0 340,1.0 383,1.0 385,2.0 391,1.0 395,1.0 410,2.0 426,3.0 427,2.0 428,1.0 434,1.0 467,1.0 526,1.0 532,1.0 533,1.0 534,1.0 
11,1.0 59,1.0 68,2.0 100,1.0 106,1.0 108,1.0 120,1.0 142,1.0 148,1.0 164,1.0 167,3.0 176,3.0 180,1.0 181,1.0 182,1.0 185,1.0 186,1.0 187,1.0 197,1.0 204,1.0 205,1.0 233,2.0 234,1.0 237,1.0 238,2.0 273,2.0 278,1.0 284,1.0 355,1.0 356,1.0 357,1.0 367,1.0 383,1.0 396,1.0 408,1.0 418,1.0 462,1.0 
190,1.0 191,1.0 
16,1.0 38,1.0 98,1.0 170,1.0 191,2.0 192,2.0 227,1.0 257,1.0 272,1.0 341,1.0 345,1.0 360,1.0 361,1.0 379,1.0 380,1.0 381,1.0 384,1.0 385,1.0 386,1.0 387,1.0 388,1.0 
4,2.0 11,5.0 13,1.0 16,3.0 17,2.0 32,1.0 51,1.0 53,1.0 62,1.0 90,1.0 95,1.0 97,1.0 98,1.0 125,2.0 138,1.0 190,1.0 192,1.0 213,4.0 214,3.0 215,1.0 216,1.0 217,2.0 218,2.0 291,1.0 328,1.0 329,1.0 330,1.0 339,2.0 340,1.0 341,2.0 342,1.0 388,1.0 471,1.0 518,1.0 
64,1.0 163,1.0 170,1.0 227,1.0 255,1.0 257,2.0 338,1.0 345,1.0 362,1.0 
22,1.0 38,2.0 
195,1.0 196,1.0 
194,1.0 196,1.0 
49,2.0 64,1.0 94,1.0 95,1.0 96,1.0 100,2.0 125,1.0 149,1.0 164,1.0 168,3.0 197,1.0 198,1.0 200,1.0 243,1.0 484,1.0 485,1.0 
18,1.0 19,2.0 20,2.0 37,1.0 50,1.0 53,1.0 70,2.0 79,1.0 89,1.0 90,1.0 97,1.0 106,1.0 107,1.0 128,1.0 142,2.0 157,1.0 162,1.0 164,3.0 167,2.0 168,1.0 170,1.0 181,1.0 182,1.0 188,1.0 198,1.0 199,1.0 204,2.0 218,1.0 232,1.0 233,2.0 235,3.0 238,1.0 243,2.0 276,2.0 277,1.0 279,1.0 280,1.0 281,1.0 282,1.0 304,1.0 307,1.0 334,1.0 374,1.0 377,1.0 378,1.0 409,2.0 410,1.0 418,1.0 428,1.0 488,1.0 489,1.0 
11,1.0 62,1.0 64,1.0 93,1.0 97,1.0 139,1.0 142,1.0 165,1.0 168,1.0 197,1.0 199,1.0 237,1.0 241,1.0 445,2.0 
51,2.0 77,1.0 95,2.0 97,1.0 100,1.0 108,1.0 122,1.0 138,2.0 164,1.0 167,1.0 168,2.0 179,1.0 182,1.0 196,1.0 199,1.0 200,1.0 249,1.0 252,4.0 253,1.0 278,3.0 304,1.0 311,1.0 383,3.0 396,1.0 449,1.0 453,1.0 462,2.0 500,1.0 
100,1.0 168,2.0 196,1.0 
44,1.0 178,1.0 202,1.0 203,1.0 204,1.0 205,1.0 209,1.0 325,1.0 389,1.0 390,1.0 
178,1.0 201,1.0 203,1.0 204,1.0 205,1.0 
178,1.0 201,1.0 202,1.0 204,1.0 205,1.0 
18,1.0 19,1.0 30,1.0 32,1.0 53,1.0 70,1.0 95,3.0 100,2.0 108,2.0 122,1.0 123,1.0 128,2.0 142,4.0 149,1.0 162,1.0 163,1.0 164,5.0 167,2.0 169,1.0 178,2.0 182,3.0 188,1.0 197,1.0 201,1.0 202,1.0 203,1.0 204,1.0 205,1.0 233,3.0 235,1.0 272,1.0 280,1.0 281,1.0 282,1.0 290,1.0 306,1.0 307,1.0 311,1.0 314,1.0 378,1.0 382,1.0 383,1.0 395,1.0 408,1.0 411,1.0 412,1.0 418,1.0 449,2.0 481,1.0 486,1.0 487,1.0 496,1.0 
2,1.0 20,1.0 22,1.0 64,1.0 68,1.0 110,1.0 115,1.0 122,1.0 127,2.0 128,1.0 142,2.0 176,1.0 185,1.0 188,1.0 190,1.0 206,1.0 219,1.0 235,1.0 237,1.0 252,1.0 258,1.0 260,1.0 261,1.0 272,1.0 285,1.0 288,1.0 304,1.0 315,1.0 336,1.0 384,1.0 385,1.0 386,1.0 387,1.0 391,1.0 
19,1.0 67,1.0 122,1.0 207,1.0 245,1.0 246,1.0 254,1.0 500,1.0 
10,2.0 11,2.0 21,1.0 49,3.0 50,1.0 53,2.0 74,1.0 81,1.0 82,1.0 91,1.0 95,4.0 108,1.0 117,1.0 118,1.0 119,1.0 123,1.0 125,1.0 126,1.0 127,1.0 128,2.0 130,1.0 132,1.0 136,1.0 140,1.0 142,1.0 148,1.0 162,1.0 164,1.0 167,1.0 172,1.0 173,2.0 177,2.0 186,2.0 187,3.0 208,1.0 209,1.0 210,1.0 211,1.0 212,1.0 235,1.0 238,3.0 265,1.0 268,1.0 271,1.0 273,1.0 274,1.0 275,2.0 283,1.0 304,1.0 311,3.0 333,1.0 338,1.0 339,1.0 340,1.0 345,1.0 383,2.0 385,2.0 417,1.0 424,1.0 426,1.0 427,1.0 434,1.0 448,1.0 467,1.0 508,1.0 526,1.0 532,1.0 533,1.0 534,1.0 
5,1.0 6,1.0 7,1.0 8,1.0 11,1.0 17,1.0 32,1.0 46,1.0 62,1.0 81,1.0 125,1.0 132,1.0 144,1.0 186,1.0 191,1.0 209,4.0 210,2.0 211,2.0 212,2.0 213,1.0 214,2.0 231,1.0 291,1.0 311,1.0 338,1.0 357,1.0 360,1.0 417,1.0 421,1.0 470,1.0 536,1.0 537,1.0 
11,1.0 17,1.0 32,1.0 44,1.0 46,1.0 62,1.0 81,1.0 125,1.0 132,1.0 144,1.0 186,2.0 191,1.0 201,1.0 208,4.0 210,2.0 211,2.0 212,2.0 213,1.0 214,2.0 230,1.0 291,1.0 311,1.0 325,1.0 338,1.0 357,1.0 389,1.0 390,1.0 417,1.0 421,2.0 425,1.0 470,1.0 
11,1.0 17,1.0 32,1.0 59,1.0 62,1.0 64,1.0 95,1.0 125,1.0 144,1.0 191,1.0 208,2.0 209,2.0 211,2.0 212,1.0 213,1.0 214,2.0 230,1.0 231,1.0 291,1.0 340,1.0 421,1.0 470,1.0 
32,1.0 46,1.0 59,1.0 64,1.0 95,1.0 125,1.0 191,1.0 208,2.0 209,2.0 210,2.0 212,2.0 213,1.0 214,1.0 230,1.0 231,1.0 340,1.0 357,1.0 
14,1.0 32,1.0 46,1.0 64,1.0 125,1.0 191,1.0 208,2.0 209,2.0 210,1.0 211,2.0 213,1.0 214,1.0 228,1.0 229,1.0 230,2.0 231,2.0 357,1.0 364,1.0 365,1.0 366,1.0 
4,1.0 11,5.0 17,3.0 22,1.0 32,1.0 125,1.0 181,1.0 191,3.0 213,1.0 214,3.0 215,2.0 216,1.0 217,1.0 363,1.0 471,1.0 518,2.0 519,1.0 
4,4.0 11,8.0 17,3.0 32,1.0 62,2.0 125,1.0 191,5.0 213,5.0 214,1.0 215,1.0 216,1.0 217,1.0 470,1.0 471,1.0 518,1.0 
10,1.0 11,1.0 22,1.0 38,1.0 165,1.0 181,1.0 216,1.0 217,1.0 218,1.0 220,1.0 221,1.0 222,1.0 363,1.0 519,1.0 
11,1.0 38,1.0 215,1.0 217,1.0 218,1.0 
11,1.0 38,1.0 215,1.0 216,1.0 218,1.0 423,1.0 
11,1.0 13,1.0 14,1.0 16,1.0 23,1.0 25,1.0 38,1.0 49,1.0 62,1.0 67,1.0 79,2.0 87,1.0 89,1.0 90,2.0 106,1.0 138,1.0 142,1.0 148,1.0 164,1.0 174,1.0 175,1.0 179,1.0 191,1.0 219,1.0 220,1.0 221,1.0 222,1.0 235,1.0 236,1.0 241,1.0 278,1.0 293,1.0 307,1.0 339,1.0 340,1.0 341,1.0 357,1.0 460,1.0 539,1.0 
2,1.0 10,1.0 14,1.0 16,1.0 22,1.0 32,1.0 49,1.0 77,1.0 127,2.0 128,1.0 148,1.0 181,1.0 220,1.0 221,1.0 222,1.0 223,1.0 224,1.0 225,1.0 226,1.0 258,1.0 391,1.0 
10,1.0 14,1.0 49,1.0 121,1.0 127,1.0 165,1.0 219,1.0 221,2.0 222,2.0 223,1.0 224,1.0 225,1.0 226,1.0 233,1.0 237,1.0 363,1.0 520,1.0 
10,1.0 14,1.0 49,1.0 121,1.0 127,1.0 165,1.0 219,1.0 220,2.0 222,2.0 223,1.0 224,1.0 225,1.0 226,1.0 233,1.0 237,1.0 363,1.0 520,1.0 
10,1.0 14,1.0 49,1.0 121,1.0 127,1.0 165,1.0 219,1.0 220,2.0 221,2.0 223,1.0 224,1.0 225,1.0 226,1.0 233,1.0 237,1.0 363,1.0 520,1.0 
68,1.0 127,1.0 224,1.0 225,1.0 226,1.0 227,1.0 
0,1.0 11,1.0 22,1.0 39,1.0 68,1.0 121,1.0 127,2.0 136,2.0 161,1.0 170,1.0 223,1.0 225,1.0 226,2.0 227,1.0 250,1.0 251,1.0 252,3.0 424,1.0 
68,1.0 127,1.0 223,1.0 224,1.0 226,1.0 227,1.0 
18,1.0 23,1.0 68,1.0 108,1.0 110,1.0 125,1.0 127,1.0 128,2.0 136,1.0 142,1.0 157,1.0 163,1.0 165,1.0 170,1.0 223,1.0 224,1.0 225,1.0 227,1.0 250,2.0 256,1.0 260,1.0 323,1.0 327,1.0 337,1.0 345,1.0 361,1.0 376,1.0 416,1.0 423,1.0 448,1.0 474,1.0 
68,1.0 163,1.0 170,1.0 192,1.0 212,1.0 228,1.0 229,1.0 230,1.0 231,1.0 255,1.0 257,2.0 338,1.0 345,1.0 362,1.0 
64,1.0 212,1.0 229,1.0 230,1.0 231,1.0 
64,1.0 79,1.0 144,1.0 212,1.0 228,1.0 230,1.0 231,1.0 385,1.0 447,1.0 469,1.0 477,1.0 
14,1.0 59,1.0 64,2.0 95,1.0 186,1.0 209,1.0 210,1.0 211,1.0 212,2.0 228,1.0 229,1.0 231,4.0 325,1.0 340,1.0 364,1.0 365,1.0 366,1.0 419,1.0 420,1.0 421,2.0 422,1.0 425,1.0 
4,1.0 5,1.0 6,1.0 7,1.0 8,1.0 11,1.0 14,1.0 59,1.0 62,1.0 64,2.0 95,1.0 208,1.0 210,1.0 211,1.0 212,2.0 214,1.0 228,1.0 229,1.0 230,3.0 340,1.0 360,1.0 364,1.0 365,1.0 366,1.0 422,1.0 536,1.0 537,1.0 
18,2.0 21,1.0 25,1.0 38,1.0 39,1.0 53,1.0 68,1.0 106,1.0 107,1.0 108,4.0 109,2.0 112,1.0 120,1.0 121,2.0 127,2.0 143,1.0 157,1.0 164,1.0 167,1.0 180,1.0 181,1.0 188,1.0 197,1.0 204,1.0 233,2.0 234,1.0 253,1.0 260,1.0 277,1.0 303,1.0 304,3.0 312,1.0 315,1.0 316,1.0 317,1.0 385,1.0 391,1.0 394,1.0 408,1.0 453,1.0 
0,1.0 13,1.0 18,1.0 19,2.0 20,3.0 35,1.0 38,1.0 39,1.0 40,1.0 49,1.0 53,2.0 59,1.0 63,1.0 66,1.0 68,7.0 70,1.0 77,1.0 79,1.0 95,3.0 106,1.0 108,8.0 109,3.0 112,4.0 114,4.0 115,6.0 116,1.0 121,3.0 123,1.0 128,11.0 138,1.0 139,1.0 142,3.0 148,1.0 162,1.0 164,2.0 167,10.0 168,1.0 172,1.0 176,1.0 177,1.0 179,2.0 182,1.0 184,1.0 185,2.0 187,3.0 188,2.0 191,1.0 197,2.0 204,1.0 207,1.0 210,1.0 211,1.0 218,2.0 230,1.0 231,1.0 233,5.0 234,2.0 235,1.0 236,1.0 237,2.0 238,5.0 239,1.0 240,1.0 241,1.0 242,1.0 243,2.0 249,1.0 250,1.0 252,1.0 265,1.0 268,5.0 271,1.0 273,1.0 276,7.0 278,1.0 283,1.0 290,3.0 291,1.0 302,1.0 307,7.0 309,1.0 311,5.0 316,1.0 317,2.0 327,2.0 345,1.0 363,1.0 369,1.0 371,1.0 372,1.0 383,4.0 385,2.0 404,1.0 410,8.0 418,2.0 426,7.0 427,1.0 428,1.0 429,3.0 430,2.0 432,1.0 435,4.0 451,1.0 468,1.0 520,1.0 
70,1.0 107,1.0 108,1.0 139,1.0 151,1.0 164,1.0 180,1.0 181,1.0 232,1.0 238,1.0 273,1.0 356,1.0 383,1.0 408,1.0 
11,1.0 12,1.0 16,1.0 18,1.0 19,2.0 20,2.0 38,1.0 67,2.0 68,1.0 70,2.0 71,1.0 72,2.0 77,2.0 95,1.0 106,1.0 110,2.0 116,1.0 118,1.0 122,2.0 125,1.0 128,2.0 142,3.0 164,1.0 167,1.0 180,1.0 181,1.0 182,1.0 188,1.0 197,3.0 205,2.0 235,1.0 243,1.0 253,1.0 255,1.0 258,1.0 276,1.0 301,2.0 304,1.0 306,1.0 307,1.0 334,1.0 377,1.0 391,1.0 394,1.0 396,1.0 410,1.0 488,1.0 493,1.0 494,1.0 
35,1.0 41,1.0 67,1.0 71,1.0 129,1.0 136,1.0 142,1.0 157,1.0 170,1.0 172,2.0 179,1.0 184,1.0 233,2.0 237,1.0 238,2.0 239,1.0 240,1.0 260,1.0 266,1.0 271,1.0 324,2.0 325,1.0 326,1.0 327,1.0 385,1.0 499,1.0 
2,1.0 20,1.0 22,1.0 28,1.0 59,1.0 61,1.0 68,1.0 70,1.0 93,1.0 121,1.0 127,2.0 128,1.0 142,3.0 153,1.0 173,1.0 178,1.0 179,1.0 188,1.0 205,1.0 210,1.0 211,1.0 219,1.0 230,1.0 231,1.0 233,4.0 236,1.0 238,2.0 239,1.0 240,1.0 241,1.0 242,1.0 252,1.0 258,1.0 263,1.0 271,1.0 284,1.0 299,1.0 300,1.0 305,1.0 355,1.0 363,1.0 391,1.0 404,2.0 520,1.0 
11,1.0 19,1.0 20,1.0 38,2.0 51,1.0 53,1.0 55,1.0 62,2.0 64,2.0 65,1.0 68,2.0 70,1.0 79,1.0 92,2.0 95,2.0 100,1.0 107,1.0 108,5.0 111,1.0 115,1.0 119,2.0 127,2.0 128,5.0 142,4.0 148,3.0 162,1.0 164,2.0 167,6.0 172,1.0 177,2.0 179,2.0 180,1.0 181,1.0 185,2.0 187,2.0 198,1.0 199,1.0 205,1.0 207,3.0 233,2.0 234,1.0 235,1.0 237,1.0 238,1.0 239,1.0 240,1.0 243,1.0 245,1.0 265,2.0 267,1.0 268,6.0 271,2.0 272,1.0 273,1.0 278,1.0 290,4.0 300,1.0 305,1.0 307,3.0 309,1.0 311,5.0 316,1.0 317,3.0 334,1.0 341,1.0 356,2.0 374,1.0 383,2.0 385,2.0 410,2.0 426,4.0 428,3.0 429,2.0 430,1.0 435,1.0 450,2.0 452,1.0 463,1.0 
11,1.0 62,1.0 64,1.0 179,1.0 198,1.0 238,1.0 240,1.0 
11,1.0 32,1.0 53,1.0 62,2.0 64,2.0 149,1.0 153,1.0 179,1.0 198,1.0 238,1.0 239,1.0 284,1.0 355,1.0 
79,1.0 93,1.0 106,1.0 142,1.0 164,1.0 218,1.0 233,1.0 237,1.0 242,1.0 278,1.0 
67,2.0 72,1.0 128,1.0 173,1.0 176,2.0 233,1.0 235,1.0 251,1.0 258,1.0 260,1.0 261,1.0 348,1.0 
2,1.0 11,1.0 12,1.0 18,1.0 19,1.0 20,2.0 22,1.0 36,1.0 38,2.0 39,2.0 67,1.0 70,1.0 74,1.0 93,1.0 94,1.0 97,1.0 108,1.0 110,1.0 135,2.0 142,1.0 149,1.0 157,2.0 162,2.0 164,5.0 173,1.0 196,1.0 197,1.0 235,1.0 238,1.0 242,1.0 243,1.0 244,1.0 258,1.0 260,1.0 271,1.0 272,1.0 276,4.0 278,1.0 307,1.0 309,1.0 324,1.0 334,2.0 361,1.0 374,1.0 377,1.0 416,1.0 417,1.0 427,1.0 430,1.0 445,3.0 446,1.0 449,1.0 454,1.0 468,1.0 469,1.0 480,1.0 499,1.0 
2,1.0 245,1.0 246,1.0 
136,1.0 167,1.0 246,2.0 247,1.0 255,1.0 256,1.0 273,1.0 278,1.0 
1,1.0 136,1.0 142,1.0 162,1.0 245,2.0 247,1.0 255,1.0 256,1.0 438,1.0 471,1.0 
11,1.0 136,1.0 248,1.0 
11,1.0 249,2.0 250,1.0 257,2.0 375,1.0 
0,1.0 1,2.0 22,3.0 95,1.0 96,1.0 98,1.0 100,1.0 138,1.0 199,1.0 250,3.0 257,1.0 258,1.0 273,1.0 297,1.0 304,1.0 383,2.0 453,1.0 500,1.0 
0,1.0 1,2.0 18,1.0 22,2.0 136,1.0 161,1.0 163,1.0 170,1.0 226,2.0 249,3.0 256,1.0 327,1.0 345,1.0 423,1.0 474,1.0 
0,1.0 20,1.0 121,1.0 128,1.0 242,1.0 252,2.0 253,1.0 258,1.0 
0,3.0 20,1.0 22,1.0 77,1.0 115,1.0 121,2.0 122,1.0 136,1.0 142,1.0 151,1.0 164,1.0 199,1.0 205,1.0 224,2.0 234,1.0 237,1.0 249,1.0 251,2.0 252,1.0 253,2.0 278,2.0 297,1.0 299,1.0 311,1.0 318,3.0 371,1.0 372,1.0 373,1.0 383,2.0 396,1.0 404,1.0 449,1.0 500,1.0 501,1.0 
0,1.0 39,1.0 50,1.0 77,1.0 121,1.0 122,2.0 135,1.0 151,1.0 157,1.0 164,1.0 206,1.0 234,1.0 243,1.0 252,1.0 254,1.0 311,1.0 312,1.0 366,1.0 391,1.0 396,1.0 
206,1.0 245,1.0 246,1.0 
11,1.0 13,1.0 18,1.0 21,1.0 32,1.0 39,1.0 61,1.0 67,2.0 68,1.0 70,1.0 106,1.0 107,1.0 113,1.0 127,2.0 128,2.0 130,1.0 135,3.0 140,1.0 143,2.0 157,2.0 163,3.0 168,1.0 170,4.0 172,1.0 178,1.0 186,1.0 187,1.0 226,1.0 232,1.0 250,1.0 256,1.0 257,2.0 260,1.0 299,1.0 300,1.0 333,1.0 338,1.0 340,1.0 345,1.0 361,1.0 362,1.0 363,1.0 394,1.0 396,1.0 397,1.0 423,2.0 449,1.0 450,1.0 453,1.0 459,1.0 472,1.0 473,1.0 487,1.0 499,1.0 
18,1.0 32,1.0 255,1.0 312,1.0 327,1.0 
0,1.0 18,1.0 22,1.0 128,1.0 142,1.0 163,3.0 170,3.0 172,1.0 192,1.0 226,1.0 227,1.0 249,1.0 250,1.0 255,3.0 257,1.0 258,1.0 338,2.0 345,2.0 362,2.0 363,1.0 375,1.0 423,2.0 472,1.0 473,1.0 
0,1.0 2,1.0 10,1.0 16,1.0 22,2.0 32,2.0 67,1.0 68,1.0 127,1.0 128,3.0 161,1.0 164,1.0 169,1.0 219,1.0 277,1.0 278,1.0 294,1.0 295,1.0 391,1.0 403,1.0 437,2.0 454,1.0 
39,1.0 49,1.0 157,1.0 
18,1.0 35,1.0 37,1.0 39,6.0 64,1.0 67,5.0 70,1.0 106,1.0 107,1.0 112,2.0 113,1.0 119,1.0 123,1.0 127,3.0 128,2.0 130,1.0 135,3.0 136,1.0 142,3.0 143,3.0 157,23.0 158,1.0 172,1.0 184,1.0 205,1.0 232,1.0 236,1.0 238,1.0 243,1.0 258,1.0 260,5.0 262,1.0 268,2.0 278,1.0 298,1.0 299,1.0 300,1.0 303,1.0 306,1.0 307,1.0 311,1.0 312,1.0 317,1.0 324,2.0 353,1.0 357,1.0 365,1.0 376,3.0 383,1.0 394,2.0 399,1.0 400,1.0 401,1.0 417,1.0 429,1.0 445,5.0 454,2.0 480,2.0 481,1.0 499,1.0 531,1.0 
10,1.0 39,2.0 65,1.0 67,2.0 74,1.0 78,1.0 79,2.0 127,4.0 128,2.0 136,1.0 148,1.0 150,2.0 157,3.0 159,1.0 164,1.0 177,1.0 242,1.0 260,1.0 261,1.0 262,1.0 263,1.0 324,1.0 334,1.0 374,1.0 375,2.0 393,1.0 397,1.0 447,1.0 457,1.0 458,1.0 497,1.0 
39,1.0 78,1.0 157,1.0 260,2.0 261,1.0 263,1.0 300,1.0 353,1.0 393,1.0 
39,1.0 78,1.0 112,1.0 153,1.0 157,1.0 271,1.0 299,1.0 345,1.0 391,1.0 
58,1.0 265,1.0 266,1.0 267,1.0 
39,1.0 95,1.0 108,1.0 119,1.0 128,1.0 131,1.0 136,1.0 157,1.0 167,2.0 177,1.0 187,1.0 207,2.0 238,3.0 266,1.0 267,2.0 268,1.0 271,1.0 311,1.0 324,1.0 426,1.0 503,1.0 504,1.0 
39,1.0 71,1.0 115,1.0 123,2.0 128,1.0 150,1.0 157,1.0 170,1.0 233,1.0 265,1.0 266,1.0 267,1.0 276,1.0 326,1.0 327,1.0 
21,1.0 39,1.0 142,1.0 157,1.0 164,1.0 167,1.0 207,1.0 238,1.0 265,2.0 266,1.0 268,1.0 271,1.0 309,1.0 311,1.0 487,1.0 
21,1.0 38,3.0 39,1.0 53,1.0 61,2.0 64,1.0 67,1.0 68,1.0 72,1.0 95,1.0 108,3.0 112,1.0 114,2.0 115,1.0 119,1.0 128,6.0 142,1.0 164,2.0 167,4.0 173,1.0 181,1.0 187,1.0 233,2.0 238,6.0 243,1.0 255,1.0 266,1.0 267,1.0 268,1.0 269,1.0 276,2.0 290,2.0 307,4.0 311,4.0 316,2.0 317,3.0 383,2.0 397,1.0 410,1.0 426,3.0 427,1.0 428,3.0 429,3.0 430,3.0 450,1.0 459,1.0 463,1.0 468,1.0 
19,1.0 39,1.0 67,1.0 72,1.0 268,1.0 327,1.0 449,1.0 
49,1.0 67,1.0 95,1.0 127,1.0 135,1.0 136,1.0 149,1.0 150,1.0 159,1.0 178,1.0 207,1.0 255,1.0 271,1.0 272,1.0 273,1.0 274,1.0 275,1.0 376,1.0 404,1.0 487,1.0 499,1.0 
39,1.0 40,1.0 47,1.0 49,1.0 55,1.0 67,2.0 79,1.0 95,1.0 114,1.0 126,1.0 133,1.0 136,2.0 150,1.0 157,1.0 178,1.0 184,1.0 207,2.0 233,2.0 236,1.0 238,1.0 260,1.0 268,1.0 270,1.0 272,1.0 273,1.0 274,1.0 275,1.0 299,2.0 308,1.0 314,3.0 324,1.0 385,1.0 452,1.0 461,1.0 499,1.0 546,1.0 547,1.0 548,1.0 549,1.0 
16,1.0 18,1.0 49,1.0 95,1.0 98,1.0 100,1.0 108,4.0 109,2.0 122,1.0 128,1.0 167,2.0 173,1.0 178,1.0 182,1.0 190,1.0 191,1.0 207,1.0 232,1.0 233,1.0 238,1.0 270,1.0 271,1.0 273,1.0 274,1.0 275,1.0 276,1.0 278,1.0 290,1.0 309,2.0 310,1.0 314,1.0 341,1.0 384,1.0 385,4.0 386,1.0 387,1.0 388,1.0 405,1.0 406,1.0 407,1.0 410,1.0 426,1.0 435,1.0 
21,1.0 49,1.0 95,2.0 100,1.0 107,1.0 108,1.0 138,1.0 142,1.0 164,2.0 167,2.0 181,2.0 188,1.0 199,1.0 207,1.0 234,1.0 238,1.0 249,1.0 274,1.0 275,1.0 303,1.0 356,1.0 383,2.0 500,1.0 
18,1.0 32,1.0 49,2.0 64,1.0 95,3.0 100,2.0 117,1.0 124,1.0 142,2.0 157,1.0 164,2.0 182,1.0 197,1.0 204,1.0 207,1.0 273,1.0 275,2.0 307,1.0 409,1.0 
11,1.0 32,1.0 38,1.0 49,2.0 53,2.0 64,2.0 68,1.0 90,1.0 95,2.0 100,2.0 108,1.0 109,1.0 117,1.0 124,1.0 125,1.0 142,2.0 157,1.0 164,2.0 168,1.0 197,1.0 207,1.0 273,1.0 274,2.0 307,1.0 385,1.0 396,1.0 407,1.0 409,1.0 410,1.0 434,1.0 435,1.0 443,1.0 467,1.0 
12,1.0 16,1.0 18,2.0 19,1.0 20,2.0 21,3.0 32,1.0 41,1.0 53,2.0 67,1.0 68,4.0 77,1.0 108,4.0 109,3.0 112,1.0 115,2.0 120,2.0 123,1.0 127,1.0 128,3.0 142,8.0 157,4.0 164,1.0 167,1.0 170,2.0 172,1.0 176,1.0 178,1.0 180,1.0 181,1.0 197,4.0 204,2.0 233,6.0 238,2.0 243,3.0 255,1.0 261,1.0 267,1.0 268,3.0 272,1.0 276,4.0 277,1.0 279,2.0 280,1.0 281,1.0 282,1.0 290,2.0 298,1.0 301,1.0 306,1.0 307,3.0 309,1.0 316,1.0 324,1.0 361,1.0 378,2.0 385,1.0 396,1.0 409,1.0 410,3.0 411,1.0 412,1.0 426,2.0 427,1.0 429,3.0 430,1.0 435,2.0 449,1.0 491,1.0 492,1.0 506,1.0 
0,4.0 1,2.0 16,1.0 18,2.0 19,1.0 20,1.0 39,1.0 96,1.0 108,1.0 109,1.0 112,1.0 136,5.0 157,1.0 164,2.0 168,1.0 181,3.0 197,1.0 232,1.0 233,2.0 260,1.0 277,2.0 278,1.0 296,1.0 303,1.0 315,1.0 316,1.0 317,1.0 369,4.0 370,2.0 
15,1.0 16,2.0 18,1.0 19,1.0 37,1.0 39,1.0 67,1.0 70,1.0 87,1.0 89,1.0 96,1.0 100,1.0 108,1.0 128,1.0 141,1.0 142,1.0 143,1.0 157,2.0 164,2.0 167,2.0 168,2.0 182,1.0 188,1.0 199,1.0 233,1.0 234,1.0 238,2.0 252,2.0 272,1.0 273,1.0 276,1.0 277,1.0 279,1.0 280,1.0 281,1.0 282,1.0 290,1.0 296,1.0 301,1.0 306,1.0 340,1.0 383,4.0 405,1.0 406,1.0 407,1.0 449,1.0 499,1.0 500,1.0 501,1.0 512,1.0 513,1.0 514,1.0 515,1.0 516,1.0 
16,1.0 100,1.0 122,1.0 142,1.0 168,1.0 170,1.0 197,1.0 204,1.0 276,1.0 280,2.0 281,2.0 282,2.0 
16,1.0 95,1.0 100,1.0 122,1.0 168,1.0 204,1.0 279,1.0 281,2.0 282,2.0 395,1.0 481,1.0 496,1.0 
16,1.0 95,1.0 100,1.0 122,1.0 168,1.0 204,1.0 279,1.0 280,2.0 282,2.0 395,1.0 481,1.0 496,1.0 
16,1.0 95,1.0 100,1.0 122,1.0 168,1.0 204,1.0 279,1.0 280,2.0 281,2.0 395,1.0 481,1.0 496,1.0 
15,1.0 18,1.0 21,1.0 32,3.0 37,1.0 92,1.0 95,2.0 108,1.0 122,1.0 128,1.0 148,1.0 162,1.0 172,1.0 185,1.0 186,1.0 207,1.0 233,1.0 290,2.0 304,1.0 311,3.0 416,1.0 508,1.0 
28,1.0 68,1.0 153,1.0 176,2.0 188,1.0 237,2.0 285,1.0 300,1.0 355,1.0 
77,1.0 176,2.0 185,1.0 284,1.0 288,1.0 289,1.0 
101,1.0 287,1.0 
101,1.0 286,1.0 
77,1.0 185,1.0 285,1.0 289,1.0 
77,1.0 185,1.0 
18,3.0 20,1.0 25,1.0 32,2.0 37,1.0 38,1.0 53,4.0 62,1.0 64,1.0 66,1.0 68,1.0 95,1.0 106,1.0 108,4.0 115,2.0 122,2.0 128,4.0 142,3.0 149,1.0 163,1.0 164,1.0 167,5.0 173,1.0 181,1.0 185,1.0 187,1.0 188,1.0 204,1.0 233,4.0 235,2.0 238,4.0 240,1.0 268,3.0 272,1.0 276,2.0 278,1.0 283,1.0 290,1.0 291,1.0 306,1.0 307,3.0 309,1.0 311,2.0 314,1.0 317,1.0 383,2.0 385,1.0 395,1.0 410,2.0 426,3.0 428,2.0 429,2.0 435,1.0 447,1.0 450,1.0 456,1.0 463,1.0 486,1.0 487,1.0 499,1.0 
10,1.0 11,1.0 17,1.0 20,1.0 49,1.0 62,1.0 121,1.0 126,1.0 128,1.0 144,1.0 207,1.0 208,1.0 209,1.0 210,1.0 214,1.0 258,1.0 291,1.0 292,1.0 305,1.0 421,1.0 470,1.0 
2,1.0 
92,1.0 294,1.0 357,1.0 397,1.0 460,1.0 539,1.0 
92,1.0 246,1.0 293,1.0 437,1.0 
164,1.0 258,1.0 277,1.0 278,1.0 
10,1.0 14,1.0 15,1.0 32,1.0 39,1.0 49,1.0 143,1.0 157,1.0 167,1.0 278,1.0 356,1.0 
96,1.0 98,1.0 150,1.0 249,1.0 
157,1.0 260,1.0 276,1.0 299,1.0 308,2.0 385,1.0 394,1.0 
74,1.0 112,1.0 114,1.0 130,1.0 138,1.0 157,2.0 249,1.0 252,1.0 255,1.0 271,2.0 297,1.0 301,1.0 307,1.0 314,2.0 315,1.0 327,1.0 391,1.0 396,1.0 402,1.0 403,1.0 404,1.0 442,1.0 461,1.0 546,1.0 547,1.0 548,1.0 549,1.0 
20,1.0 28,1.0 32,1.0 39,2.0 55,1.0 62,1.0 64,1.0 93,1.0 127,1.0 135,1.0 142,1.0 178,2.0 205,2.0 237,2.0 238,1.0 255,1.0 260,1.0 262,1.0 315,1.0 341,1.0 
12,1.0 40,1.0 114,1.0 125,1.0 142,1.0 157,1.0 204,1.0 235,2.0 252,1.0 276,2.0 299,1.0 306,1.0 307,1.0 315,1.0 318,1.0 327,1.0 400,1.0 401,1.0 402,1.0 403,1.0 404,1.0 429,1.0 
233,1.0 245,1.0 249,1.0 250,1.0 311,1.0 441,1.0 449,1.0 474,1.0 543,1.0 
21,1.0 112,1.0 119,1.0 157,1.0 233,1.0 260,1.0 317,1.0 
4,1.0 11,1.0 12,1.0 18,2.0 19,1.0 32,2.0 37,1.0 51,1.0 53,1.0 68,1.0 70,3.0 95,1.0 108,2.0 118,1.0 120,2.0 122,1.0 128,2.0 142,1.0 148,1.0 164,1.0 167,2.0 169,2.0 175,1.0 176,1.0 178,1.0 180,1.0 181,2.0 185,2.0 188,1.0 197,2.0 199,1.0 204,1.0 205,1.0 232,1.0 233,2.0 235,1.0 249,1.0 258,1.0 261,1.0 283,2.0 305,1.0 311,2.0 334,2.0 336,1.0 340,2.0 354,1.0 357,1.0 371,1.0 383,1.0 391,1.0 416,1.0 453,1.0 462,1.0 
18,1.0 50,1.0 51,1.0 77,1.0 92,1.0 172,1.0 178,1.0 179,1.0 187,1.0 199,1.0 237,1.0 238,2.0 276,1.0 331,1.0 
71,1.0 164,1.0 178,1.0 204,1.0 235,1.0 278,1.0 290,1.0 301,1.0 307,1.0 394,1.0 499,1.0 
11,1.0 16,1.0 38,3.0 53,1.0 64,1.0 68,3.0 79,1.0 89,1.0 90,2.0 95,2.0 96,1.0 98,1.0 100,1.0 108,2.0 109,1.0 115,2.0 118,1.0 128,4.0 138,1.0 142,2.0 157,1.0 164,3.0 167,2.0 173,1.0 174,1.0 175,1.0 187,1.0 197,1.0 204,1.0 218,2.0 233,4.0 236,1.0 238,4.0 243,1.0 268,5.0 271,2.0 276,3.0 290,2.0 307,1.0 311,3.0 316,2.0 317,4.0 385,2.0 408,1.0 409,1.0 410,4.0 426,3.0 427,1.0 428,2.0 429,3.0 430,1.0 435,1.0 442,1.0 450,1.0 463,1.0 
13,1.0 19,1.0 21,2.0 37,1.0 77,1.0 138,1.0 142,1.0 151,1.0 153,1.0 167,2.0 260,1.0 272,1.0 298,1.0 309,1.0 312,2.0 334,1.0 340,1.0 394,1.0 445,1.0 
40,1.0 74,1.0 108,2.0 114,1.0 121,1.0 128,1.0 142,1.0 164,1.0 167,3.0 233,2.0 238,1.0 243,1.0 272,2.0 276,1.0 290,1.0 310,1.0 324,1.0 385,1.0 410,1.0 426,1.0 435,1.0 
16,1.0 18,1.0 21,1.0 32,1.0 53,1.0 115,1.0 121,1.0 155,1.0 450,1.0 
4,1.0 10,1.0 12,1.0 13,1.0 18,1.0 19,1.0 21,2.0 22,1.0 32,1.0 38,4.0 50,1.0 53,1.0 67,1.0 68,1.0 70,2.0 77,1.0 95,2.0 108,3.0 112,1.0 122,1.0 128,6.0 130,1.0 138,1.0 140,1.0 142,2.0 143,1.0 151,1.0 157,1.0 164,2.0 167,3.0 169,1.0 172,1.0 177,1.0 181,1.0 186,5.0 191,1.0 197,1.0 204,1.0 207,4.0 208,1.0 218,1.0 231,1.0 233,4.0 234,1.0 238,4.0 243,1.0 252,1.0 253,1.0 260,2.0 265,1.0 267,1.0 268,3.0 271,1.0 276,1.0 283,1.0 290,2.0 291,1.0 304,2.0 307,4.0 312,1.0 316,1.0 317,3.0 338,4.0 356,1.0 360,1.0 376,1.0 383,2.0 385,1.0 396,1.0 410,2.0 417,3.0 426,3.0 427,1.0 428,2.0 429,1.0 430,1.0 431,1.0 432,1.0 468,1.0 508,1.0 535,1.0 536,1.0 
13,1.0 39,1.0 41,1.0 62,1.0 111,1.0 135,1.0 138,1.0 157,1.0 164,1.0 209,1.0 230,2.0 253,1.0 260,1.0 306,1.0 313,1.0 314,1.0 325,1.0 394,1.0 402,1.0 418,1.0 419,1.0 420,1.0 421,2.0 425,1.0 445,2.0 
13,1.0 41,1.0 62,1.0 108,1.0 109,1.0 138,1.0 232,1.0 277,1.0 314,1.0 315,1.0 316,1.0 
13,1.0 28,1.0 39,1.0 41,1.0 62,1.0 78,1.0 92,1.0 95,1.0 108,3.0 109,1.0 123,1.0 126,1.0 127,1.0 128,1.0 138,1.0 142,1.0 143,1.0 148,1.0 173,1.0 204,1.0 226,1.0 232,1.0 277,1.0 308,1.0 313,1.0 315,1.0 316,1.0 385,1.0 461,2.0 548,1.0 549,1.0 550,1.0 
20,1.0 42,1.0 108,1.0 109,1.0 112,1.0 114,1.0 115,1.0 133,1.0 157,2.0 176,1.0 205,1.0 232,1.0 260,1.0 277,1.0 299,1.0 301,1.0 303,1.0 316,1.0 317,1.0 327,1.0 348,1.0 349,1.0 350,1.0 351,1.0 402,1.0 403,1.0 404,1.0 
64,1.0 95,1.0 108,1.0 109,1.0 112,1.0 115,1.0 128,1.0 157,1.0 167,2.0 173,1.0 187,1.0 232,1.0 233,1.0 238,2.0 260,1.0 268,2.0 277,1.0 290,2.0 303,1.0 307,1.0 311,2.0 315,1.0 317,1.0 385,1.0 410,1.0 426,2.0 427,1.0 428,1.0 430,1.0 431,1.0 432,1.0 
32,1.0 38,1.0 53,1.0 64,2.0 68,1.0 90,1.0 95,1.0 108,1.0 112,2.0 116,1.0 119,1.0 128,2.0 157,1.0 167,1.0 168,1.0 173,2.0 187,3.0 207,1.0 233,1.0 260,1.0 303,1.0 307,1.0 316,1.0 383,1.0 385,2.0 396,1.0 410,2.0 418,1.0 427,2.0 428,3.0 432,1.0 433,1.0 434,1.0 436,1.0 
39,1.0 42,1.0 79,1.0 127,1.0 237,1.0 252,3.0 318,1.0 319,1.0 320,1.0 321,1.0 322,1.0 323,1.0 404,1.0 
39,1.0 42,1.0 79,1.0 127,1.0 318,1.0 320,1.0 321,1.0 322,1.0 323,1.0 
41,1.0 42,1.0 79,1.0 129,1.0 170,1.0 236,1.0 321,1.0 322,1.0 323,1.0 324,1.0 325,1.0 
41,1.0 42,1.0 79,1.0 129,1.0 170,1.0 236,1.0 320,1.0 322,1.0 323,1.0 324,1.0 325,1.0 
41,1.0 42,1.0 79,1.0 129,1.0 170,1.0 236,1.0 320,1.0 321,1.0 323,1.0 324,1.0 325,1.0 
10,1.0 23,1.0 41,1.0 42,1.0 79,2.0 108,2.0 125,3.0 129,1.0 130,1.0 165,2.0 170,1.0 186,1.0 226,1.0 236,1.0 311,1.0 320,1.0 321,1.0 322,1.0 324,1.0 325,1.0 337,1.0 338,1.0 416,1.0 417,1.0 447,1.0 448,1.0 
39,1.0 41,1.0 65,1.0 71,2.0 129,1.0 136,1.0 150,1.0 157,3.0 158,1.0 170,1.0 236,1.0 260,2.0 261,2.0 266,1.0 267,1.0 268,1.0 325,1.0 326,1.0 327,1.0 445,1.0 487,1.0 499,1.0 531,1.0 
41,1.0 55,1.0 62,1.0 64,1.0 71,1.0 129,1.0 170,1.0 230,1.0 231,1.0 236,1.0 238,1.0 266,1.0 300,1.0 324,1.0 326,1.0 327,1.0 341,1.0 419,1.0 420,1.0 421,1.0 422,1.0 
71,1.0 170,1.0 266,1.0 327,1.0 
18,1.0 19,1.0 39,1.0 61,1.0 71,1.0 78,2.0 162,1.0 167,1.0 170,1.0 173,1.0 237,1.0 256,1.0 266,1.0 269,1.0 290,1.0 312,1.0 326,1.0 327,1.0 383,1.0 402,1.0 403,1.0 404,2.0 449,2.0 
191,1.0 291,1.0 329,1.0 330,1.0 
191,1.0 291,1.0 328,1.0 330,1.0 
191,1.0 291,1.0 328,1.0 329,1.0 
87,2.0 162,1.0 331,1.0 332,1.0 
136,1.0 162,1.0 
11,1.0 13,1.0 123,1.0 127,1.0 136,1.0 162,1.0 168,1.0 170,1.0 235,1.0 237,1.0 255,1.0 305,1.0 340,1.0 
19,1.0 49,1.0 70,2.0 72,1.0 97,1.0 113,1.0 122,1.0 142,1.0 159,1.0 162,1.0 164,1.0 168,1.0 177,1.0 179,1.0 185,1.0 204,1.0 233,1.0 238,1.0 243,1.0 261,1.0 278,1.0 336,1.0 374,1.0 383,1.0 
19,1.0 23,1.0 39,1.0 67,1.0 70,1.0 157,1.0 
50,1.0 94,1.0 128,1.0 136,1.0 163,1.0 170,1.0 186,1.0 205,1.0 255,1.0 261,1.0 304,1.0 311,1.0 333,1.0 337,1.0 338,1.0 346,2.0 417,1.0 
94,1.0 108,1.0 136,1.0 142,1.0 148,1.0 157,1.0 165,1.0 226,1.0 260,1.0 376,1.0 448,1.0 
10,1.0 13,1.0 18,1.0 20,1.0 32,1.0 38,1.0 50,1.0 67,1.0 95,1.0 128,1.0 130,1.0 140,1.0 142,2.0 143,1.0 157,1.0 163,1.0 170,1.0 172,1.0 186,4.0 207,1.0 208,1.0 231,1.0 233,1.0 235,1.0 243,1.0 255,1.0 257,1.0 260,3.0 311,5.0 340,1.0 360,1.0 362,1.0 363,1.0 376,1.0 417,4.0 445,1.0 480,1.0 536,1.0 
16,3.0 44,1.0 51,1.0 53,2.0 62,2.0 81,1.0 82,1.0 91,1.0 95,2.0 98,1.0 117,1.0 138,1.0 160,1.0 173,1.0 187,1.0 201,1.0 207,1.0 209,1.0 314,1.0 340,2.0 341,1.0 342,1.0 389,1.0 390,1.0 526,1.0 532,1.0 533,1.0 534,1.0 
4,2.0 11,2.0 12,3.0 13,3.0 15,1.0 16,2.0 18,1.0 20,1.0 32,3.0 38,1.0 62,2.0 64,1.0 68,1.0 81,1.0 82,1.0 89,1.0 91,1.0 92,1.0 93,3.0 95,3.0 97,2.0 98,1.0 108,1.0 117,2.0 118,1.0 128,2.0 138,2.0 141,1.0 142,1.0 148,1.0 160,1.0 164,1.0 168,3.0 169,1.0 173,1.0 175,1.0 180,1.0 182,3.0 185,1.0 187,1.0 207,1.0 235,1.0 283,1.0 304,4.0 311,1.0 338,1.0 339,2.0 340,1.0 341,1.0 354,1.0 416,1.0 516,1.0 526,1.0 532,1.0 533,1.0 534,1.0 
16,4.0 20,1.0 51,1.0 53,1.0 55,1.0 62,3.0 64,1.0 95,1.0 98,2.0 127,1.0 138,1.0 142,1.0 160,1.0 191,1.0 205,1.0 237,1.0 238,1.0 300,1.0 339,2.0 340,1.0 342,1.0 388,1.0 
16,3.0 30,1.0 44,1.0 51,2.0 53,3.0 93,1.0 95,3.0 138,1.0 201,1.0 209,1.0 339,1.0 343,1.0 389,1.0 390,1.0 
16,2.0 30,1.0 51,1.0 53,2.0 93,1.0 95,2.0 138,1.0 342,1.0 
10,1.0 31,1.0 49,1.0 50,1.0 74,1.0 140,1.0 155,1.0 179,1.0 184,1.0 185,1.0 233,1.0 345,1.0 346,1.0 394,1.0 
17,1.0 35,1.0 49,2.0 50,1.0 63,1.0 74,1.0 132,1.0 138,1.0 140,1.0 155,1.0 163,2.0 170,1.0 181,1.0 192,1.0 207,1.0 226,1.0 227,1.0 250,1.0 255,1.0 257,2.0 263,1.0 271,1.0 338,1.0 346,1.0 347,1.0 362,1.0 423,1.0 451,1.0 474,1.0 
17,1.0 49,1.0 50,2.0 63,1.0 74,1.0 128,1.0 138,1.0 140,1.0 155,1.0 163,1.0 170,1.0 186,1.0 255,1.0 311,1.0 333,1.0 336,2.0 338,1.0 345,1.0 347,1.0 417,1.0 
17,1.0 20,1.0 49,1.0 63,1.0 138,1.0 140,1.0 157,1.0 315,1.0 348,1.0 349,1.0 
20,1.0 42,1.0 72,1.0 99,1.0 133,1.0 157,1.0 235,1.0 242,1.0 260,1.0 315,1.0 324,1.0 349,1.0 350,1.0 351,1.0 445,1.0 
20,1.0 42,1.0 133,1.0 157,1.0 315,1.0 348,1.0 350,1.0 351,1.0 
42,1.0 107,1.0 113,1.0 133,1.0 170,1.0 351,1.0 
42,1.0 107,1.0 113,1.0 133,1.0 170,1.0 350,1.0 
49,1.0 128,1.0 148,1.0 166,1.0 304,1.0 340,1.0 353,1.0 
49,1.0 128,1.0 148,1.0 157,2.0 166,1.0 260,2.0 304,1.0 340,1.0 352,1.0 
68,1.0 148,1.0 175,1.0 180,1.0 304,1.0 340,1.0 
148,1.0 153,1.0 180,1.0 240,1.0 284,1.0 
10,1.0 14,1.0 15,1.0 18,1.0 32,1.0 38,1.0 49,1.0 107,1.0 111,1.0 142,1.0 148,1.0 164,1.0 180,1.0 181,1.0 188,1.0 197,1.0 232,1.0 238,1.0 304,1.0 361,1.0 367,1.0 
46,1.0 67,1.0 120,2.0 157,2.0 206,1.0 208,1.0 209,1.0 211,1.0 212,1.0 260,1.0 293,1.0 361,1.0 397,1.0 460,1.0 539,1.0 
38,1.0 190,1.0 359,1.0 360,1.0 361,1.0 
38,1.0 190,1.0 358,1.0 360,1.0 361,1.0 
5,1.0 6,1.0 7,1.0 8,1.0 38,1.0 170,1.0 190,1.0 192,1.0 208,1.0 227,1.0 231,1.0 257,1.0 345,1.0 361,1.0 536,1.0 537,1.0 
11,1.0 21,1.0 23,2.0 25,1.0 38,1.0 39,3.0 67,1.0 68,1.0 79,1.0 87,1.0 110,2.0 115,1.0 125,2.0 127,1.0 128,2.0 140,1.0 157,2.0 162,1.0 163,1.0 165,1.0 170,2.0 190,1.0 192,1.0 218,1.0 226,1.0 227,1.0 255,2.0 257,1.0 323,2.0 336,1.0 345,1.0 346,1.0 360,1.0 361,1.0 398,1.0 416,2.0 424,1.0 446,1.0 447,1.0 
18,1.0 128,1.0 163,1.0 170,1.0 172,1.0 255,1.0 257,1.0 338,1.0 363,1.0 
10,1.0 18,1.0 22,1.0 59,1.0 121,1.0 128,1.0 165,1.0 170,1.0 172,1.0 181,1.0 210,1.0 211,1.0 212,1.0 215,1.0 220,1.0 221,1.0 222,1.0 230,2.0 231,2.0 233,1.0 237,1.0 364,1.0 365,1.0 519,1.0 520,1.0 
14,1.0 212,1.0 230,1.0 231,1.0 365,1.0 366,1.0 
14,1.0 22,1.0 212,1.0 230,1.0 231,1.0 364,1.0 366,1.0 454,1.0 455,1.0 
14,1.0 50,1.0 311,1.0 371,1.0 440,1.0 441,1.0 509,1.0 
142,1.0 185,1.0 188,1.0 
0,1.0 9,1.0 83,1.0 136,1.0 181,1.0 277,1.0 369,1.0 
0,4.0 1,1.0 18,1.0 39,2.0 115,1.0 136,3.0 181,2.0 233,2.0 252,1.0 277,3.0 369,1.0 370,1.0 371,1.0 372,1.0 
0,1.0 1,1.0 18,1.0 136,2.0 181,1.0 262,1.0 277,2.0 369,1.0 392,1.0 
0,1.0 1,1.0 39,2.0 68,1.0 115,1.0 120,1.0 135,1.0 170,1.0 181,1.0 252,1.0 372,1.0 373,1.0 441,1.0 
0,1.0 115,1.0 252,1.0 371,1.0 373,1.0 
0,1.0 127,1.0 261,1.0 374,1.0 
19,1.0 70,1.0 79,1.0 127,2.0 128,1.0 162,1.0 238,1.0 243,1.0 261,3.0 278,1.0 334,1.0 393,1.0 447,1.0 458,1.0 
0,1.0 10,1.0 51,1.0 79,1.0 128,1.0 142,1.0 169,1.0 170,1.0 185,1.0 257,1.0 
67,1.0 127,1.0 135,1.0 136,1.0 142,2.0 157,2.0 159,1.0 172,1.0 184,1.0 236,1.0 255,1.0 260,3.0 270,1.0 365,1.0 404,1.0 454,1.0 487,1.0 499,1.0 
21,1.0 25,1.0 127,1.0 232,1.0 
20,2.0 197,1.0 204,1.0 233,1.0 250,1.0 276,1.0 382,1.0 
190,1.0 380,1.0 381,1.0 
190,1.0 379,1.0 381,1.0 
302,1.0 
204,1.0 233,1.0 378,1.0 
11,1.0 20,1.0 38,1.0 53,2.0 67,1.0 95,1.0 100,1.0 107,1.0 108,2.0 109,1.0 112,1.0 114,1.0 122,2.0 125,1.0 128,2.0 138,1.0 142,2.0 157,1.0 164,2.0 167,1.0 173,2.0 177,1.0 181,2.0 185,1.0 187,1.0 188,1.0 199,3.0 207,2.0 233,2.0 234,1.0 238,2.0 243,1.0 249,1.0 252,2.0 253,1.0 268,1.0 273,3.0 275,1.0 276,1.0 278,3.0 290,2.0 301,1.0 311,2.0 327,1.0 356,1.0 385,1.0 391,1.0 426,1.0 427,2.0 430,1.0 434,1.0 449,1.0 467,1.0 468,1.0 500,2.0 501,1.0 
16,1.0 98,1.0 190,1.0 191,1.0 272,1.0 341,1.0 385,1.0 386,1.0 387,1.0 388,1.0 
11,1.0 15,1.0 16,2.0 32,2.0 38,1.0 53,1.0 64,2.0 68,1.0 92,1.0 95,1.0 98,1.0 108,5.0 112,1.0 115,2.0 116,1.0 118,1.0 122,1.0 128,3.0 164,1.0 167,3.0 168,2.0 173,2.0 177,1.0 187,2.0 190,1.0 191,1.0 207,1.0 233,5.0 238,1.0 243,1.0 266,1.0 272,3.0 275,2.0 276,2.0 283,1.0 290,1.0 306,1.0 307,2.0 311,1.0 314,2.0 316,1.0 317,1.0 341,1.0 383,1.0 384,1.0 385,1.0 386,1.0 387,1.0 388,1.0 408,1.0 410,3.0 413,1.0 414,1.0 415,1.0 418,1.0 426,2.0 427,1.0 428,1.0 432,1.0 435,1.0 477,1.0 
16,1.0 98,1.0 190,1.0 191,1.0 272,1.0 341,1.0 384,1.0 385,1.0 387,1.0 388,1.0 
16,1.0 98,1.0 190,1.0 191,1.0 272,1.0 341,1.0 384,1.0 385,1.0 386,1.0 388,1.0 
16,2.0 51,1.0 53,1.0 95,1.0 98,1.0 191,1.0 339,1.0 341,1.0 342,1.0 
44,1.0 201,1.0 209,1.0 325,1.0 390,1.0 
44,1.0 201,1.0 209,1.0 325,1.0 389,1.0 
0,1.0 2,1.0 10,1.0 11,1.0 16,2.0 17,1.0 22,2.0 32,1.0 50,1.0 53,1.0 74,1.0 87,1.0 108,1.0 112,1.0 120,1.0 127,2.0 128,1.0 138,1.0 149,1.0 164,1.0 180,1.0 191,1.0 207,1.0 213,1.0 214,1.0 219,1.0 253,1.0 258,1.0 278,1.0 299,1.0 304,1.0 307,1.0 357,1.0 366,1.0 396,1.0 442,1.0 512,1.0 513,1.0 514,1.0 515,1.0 517,1.0 
262,1.0 370,1.0 
79,1.0 261,1.0 271,1.0 299,1.0 324,1.0 447,1.0 458,1.0 
18,1.0 21,2.0 70,2.0 77,2.0 106,2.0 107,3.0 108,1.0 113,1.0 115,2.0 151,1.0 164,1.0 181,1.0 185,1.0 232,1.0 235,1.0 260,1.0 304,1.0 306,1.0 312,1.0 344,1.0 391,1.0 445,1.0 453,1.0 
11,1.0 12,1.0 28,1.0 32,2.0 38,1.0 53,3.0 62,1.0 64,3.0 95,4.0 117,1.0 167,1.0 173,1.0 185,1.0 187,1.0 240,1.0 290,1.0 444,1.0 481,1.0 496,1.0 499,1.0 521,1.0 
16,2.0 32,1.0 37,1.0 38,1.0 53,2.0 64,1.0 70,1.0 74,1.0 77,1.0 90,2.0 108,1.0 122,1.0 130,1.0 151,1.0 164,1.0 167,1.0 174,1.0 175,1.0 176,1.0 180,1.0 207,1.0 218,1.0 226,1.0 234,1.0 238,1.0 252,1.0 253,1.0 272,1.0 276,1.0 290,1.0 307,2.0 308,1.0 309,1.0 311,1.0 391,1.0 426,1.0 433,1.0 434,1.0 495,1.0 498,1.0 
10,2.0 11,1.0 12,1.0 39,3.0 61,1.0 67,2.0 115,1.0 125,1.0 127,2.0 129,1.0 135,1.0 163,1.0 165,1.0 255,1.0 323,1.0 348,1.0 397,1.0 398,1.0 449,1.0 459,1.0 538,1.0 
10,1.0 68,1.0 115,2.0 125,1.0 140,1.0 165,1.0 170,1.0 255,1.0 323,1.0 361,1.0 397,1.0 424,1.0 
114,1.0 299,1.0 301,1.0 315,1.0 400,1.0 401,1.0 
114,1.0 252,1.0 299,1.0 301,2.0 315,1.0 318,1.0 399,1.0 401,2.0 
114,1.0 252,1.0 299,1.0 301,2.0 315,1.0 318,1.0 399,1.0 400,2.0 
43,1.0 61,1.0 67,1.0 135,1.0 136,1.0 164,1.0 174,1.0 237,1.0 298,1.0 327,1.0 403,1.0 404,1.0 428,1.0 445,1.0 
51,1.0 61,1.0 95,1.0 237,1.0 327,1.0 402,1.0 404,1.0 500,1.0 
19,1.0 61,1.0 67,1.0 127,1.0 135,1.0 136,1.0 153,1.0 159,1.0 162,2.0 233,1.0 237,3.0 255,1.0 263,1.0 270,1.0 271,1.0 327,2.0 376,1.0 402,1.0 403,1.0 449,2.0 487,1.0 499,1.0 
188,1.0 406,1.0 407,1.0 408,1.0 
188,1.0 405,1.0 407,1.0 408,1.0 
188,1.0 197,1.0 405,1.0 406,1.0 408,1.0 428,1.0 443,1.0 
100,2.0 106,1.0 118,1.0 188,1.0 242,1.0 314,1.0 348,1.0 385,1.0 444,1.0 
21,1.0 37,1.0 70,1.0 79,1.0 89,1.0 90,1.0 107,1.0 115,1.0 142,1.0 157,1.0 164,1.0 181,1.0 197,1.0 204,1.0 218,1.0 276,1.0 307,1.0 410,1.0 411,1.0 412,1.0 
38,1.0 53,1.0 64,1.0 68,4.0 90,1.0 95,3.0 108,5.0 109,2.0 112,3.0 115,2.0 116,1.0 128,5.0 162,1.0 164,1.0 167,4.0 173,2.0 187,2.0 204,1.0 207,1.0 233,8.0 235,1.0 238,1.0 268,3.0 276,4.0 290,2.0 307,6.0 311,2.0 316,1.0 317,4.0 383,2.0 385,2.0 409,1.0 410,1.0 411,1.0 412,1.0 418,1.0 426,5.0 427,2.0 428,2.0 429,2.0 432,1.0 435,3.0 449,1.0 
100,1.0 182,1.0 204,1.0 272,1.0 412,1.0 
100,1.0 182,1.0 204,1.0 272,1.0 411,1.0 
32,1.0 340,1.0 414,1.0 415,1.0 
32,1.0 340,1.0 413,1.0 415,1.0 
32,1.0 340,1.0 413,1.0 414,1.0 
21,1.0 23,1.0 39,1.0 67,1.0 79,1.0 108,2.0 110,2.0 125,2.0 135,1.0 139,1.0 142,1.0 165,1.0 172,1.0 186,1.0 198,1.0 207,1.0 226,1.0 283,1.0 311,1.0 323,2.0 361,2.0 417,1.0 446,1.0 447,1.0 
10,1.0 39,1.0 50,1.0 67,1.0 108,1.0 135,1.0 140,1.0 142,2.0 157,1.0 186,3.0 207,1.0 208,1.0 231,1.0 243,1.0 258,1.0 260,2.0 311,3.0 338,3.0 360,1.0 376,1.0 416,1.0 445,1.0 454,1.0 480,1.0 536,1.0 
53,1.0 108,1.0 111,1.0 112,1.0 128,1.0 164,2.0 167,1.0 182,1.0 197,1.0 230,1.0 312,1.0 317,1.0 325,1.0 419,1.0 420,1.0 421,1.0 432,1.0 436,1.0 
230,1.0 231,1.0 325,1.0 420,1.0 421,1.0 422,1.0 
230,1.0 231,1.0 325,1.0 419,1.0 421,1.0 422,1.0 
11,1.0 17,1.0 62,1.0 144,1.0 186,1.0 208,1.0 209,2.0 210,1.0 214,1.0 230,2.0 231,1.0 291,1.0 325,1.0 419,1.0 420,1.0 422,1.0 425,1.0 470,1.0 
4,1.0 11,1.0 62,1.0 214,1.0 231,1.0 
39,1.0 127,1.0 163,2.0 170,1.0 224,1.0 226,2.0 250,2.0 255,1.0 257,1.0 345,2.0 423,1.0 424,1.0 472,1.0 473,1.0 474,1.0 
39,1.0 67,1.0 68,1.0 115,1.0 127,1.0 130,1.0 136,2.0 140,1.0 142,1.0 143,1.0 170,2.0 224,1.0 226,1.0 250,1.0 255,1.0 361,1.0 398,1.0 448,1.0 
186,1.0 209,1.0 230,1.0 421,1.0 
38,1.0 53,1.0 68,3.0 95,1.0 108,6.0 109,1.0 112,2.0 115,2.0 119,1.0 128,5.0 164,1.0 167,5.0 233,8.0 238,4.0 243,1.0 268,5.0 272,1.0 276,3.0 290,4.0 307,6.0 309,1.0 311,3.0 317,3.0 383,1.0 385,1.0 410,7.0 427,1.0 428,3.0 429,2.0 430,1.0 435,2.0 468,1.0 
11,1.0 19,1.0 38,1.0 53,1.0 64,1.0 95,1.0 108,1.0 115,1.0 125,1.0 164,1.0 167,1.0 173,2.0 187,2.0 207,1.0 233,1.0 243,1.0 275,1.0 276,1.0 290,1.0 316,1.0 383,1.0 385,1.0 410,1.0 426,1.0 428,1.0 430,1.0 434,1.0 449,1.0 467,1.0 468,1.0 469,1.0 
32,1.0 38,2.0 43,1.0 53,1.0 64,1.0 68,2.0 90,1.0 108,1.0 109,1.0 115,2.0 116,1.0 128,2.0 164,1.0 167,1.0 168,1.0 173,1.0 174,1.0 187,2.0 197,1.0 207,1.0 233,4.0 235,1.0 268,1.0 276,1.0 290,1.0 301,1.0 307,1.0 317,3.0 383,1.0 385,1.0 396,1.0 400,1.0 401,1.0 402,1.0 410,3.0 426,1.0 427,1.0 429,1.0 433,1.0 434,1.0 435,1.0 464,1.0 465,1.0 466,1.0 
38,2.0 41,1.0 53,1.0 68,1.0 95,1.0 108,1.0 115,1.0 128,3.0 142,1.0 164,1.0 167,1.0 233,1.0 238,3.0 243,1.0 268,4.0 276,2.0 290,1.0 307,3.0 309,1.0 311,1.0 316,1.0 317,1.0 428,1.0 430,1.0 450,1.0 463,1.0 505,1.0 
38,1.0 108,1.0 128,1.0 164,1.0 167,1.0 238,1.0 243,1.0 268,1.0 311,1.0 316,1.0 427,1.0 468,1.0 469,1.0 
238,1.0 268,1.0 290,1.0 307,1.0 311,1.0 316,1.0 426,1.0 432,1.0 
108,1.0 112,1.0 128,1.0 167,1.0 238,1.0 268,1.0 290,1.0 307,1.0 311,1.0 316,1.0 317,1.0 418,1.0 426,1.0 431,1.0 436,1.0 
32,1.0 53,1.0 64,1.0 90,1.0 108,1.0 167,1.0 238,1.0 272,1.0 290,1.0 309,1.0 396,1.0 426,1.0 434,1.0 
11,1.0 32,1.0 38,1.0 53,2.0 64,1.0 68,1.0 90,2.0 108,2.0 109,1.0 125,1.0 167,1.0 238,1.0 272,1.0 275,1.0 290,1.0 309,1.0 396,1.0 410,1.0 426,1.0 433,1.0 435,1.0 467,1.0 
38,1.0 68,4.0 90,1.0 95,1.0 108,4.0 109,3.0 112,3.0 115,1.0 128,3.0 167,2.0 177,1.0 187,1.0 207,1.0 233,5.0 238,1.0 265,1.0 268,1.0 276,1.0 311,1.0 317,1.0 383,1.0 385,1.0 410,3.0 418,1.0 426,2.0 432,1.0 
169,1.0 258,1.0 
67,1.0 162,1.0 246,2.0 294,1.0 
1,1.0 11,1.0 161,1.0 224,1.0 298,1.0 
173,2.0 224,1.0 233,1.0 252,1.0 302,1.0 
366,1.0 371,1.0 441,1.0 
1,1.0 39,1.0 371,1.0 449,1.0 474,1.0 544,1.0 
96,1.0 98,1.0 138,1.0 307,1.0 
197,1.0 407,1.0 428,1.0 
32,1.0 53,1.0 64,1.0 95,2.0 117,2.0 118,1.0 172,1.0 173,1.0 187,1.0 207,1.0 339,1.0 340,1.0 
39,1.0 110,1.0 112,1.0 135,1.0 198,1.0 205,1.0 243,2.0 258,1.0 260,5.0 268,2.0 298,1.0 306,1.0 312,1.0 324,1.0 361,1.0 394,1.0 402,1.0 416,1.0 417,1.0 445,1.0 446,1.0 449,1.0 454,1.0 480,1.0 481,1.0 
79,1.0 110,1.0 125,1.0 323,1.0 361,1.0 416,1.0 447,1.0 
18,1.0 37,1.0 79,3.0 108,1.0 125,1.0 144,1.0 226,1.0 229,1.0 261,1.0 283,1.0 290,1.0 323,1.0 324,1.0 337,1.0 385,1.0 393,1.0 448,1.0 458,1.0 469,1.0 477,1.0 
67,1.0 81,1.0 108,2.0 130,2.0 132,1.0 136,1.0 142,2.0 143,1.0 157,1.0 208,1.0 209,1.0 226,1.0 260,1.0 337,1.0 376,1.0 424,1.0 473,1.0 
19,5.0 61,1.0 114,1.0 162,4.0 163,1.0 164,1.0 167,1.0 233,1.0 237,1.0 263,1.0 268,3.0 269,1.0 276,2.0 309,1.0 327,1.0 345,1.0 404,2.0 410,1.0 427,1.0 441,1.0 445,1.0 460,1.0 474,1.0 487,1.0 544,1.0 
38,2.0 39,1.0 49,1.0 64,1.0 65,1.0 95,1.0 100,1.0 113,1.0 115,1.0 117,1.0 124,1.0 135,1.0 142,1.0 157,1.0 164,2.0 238,1.0 274,1.0 275,1.0 276,1.0 396,1.0 428,1.0 463,1.0 464,1.0 465,1.0 466,1.0 
35,1.0 181,1.0 345,1.0 
13,1.0 32,1.0 79,1.0 95,1.0 338,1.0 340,1.0 
106,1.0 107,1.0 108,1.0 164,1.0 232,1.0 249,1.0 304,2.0 383,1.0 391,1.0 394,1.0 
0,1.0 22,1.0 79,1.0 144,1.0 229,1.0 258,1.0 365,1.0 447,1.0 455,1.0 469,1.0 
20,2.0 22,1.0 438,1.0 455,1.0 
178,1.0 
149,1.0 178,1.0 523,1.0 
79,1.0 261,1.0 324,1.0 393,1.0 447,1.0 
61,1.0 163,1.0 255,1.0 397,1.0 449,1.0 
16,1.0 32,1.0 53,1.0 155,1.0 293,1.0 310,1.0 357,1.0 397,1.0 539,1.0 
123,1.0 148,1.0 314,1.0 548,1.0 549,1.0 550,1.0 
51,1.0 108,1.0 167,1.0 182,1.0 199,1.0 205,1.0 249,1.0 261,1.0 304,2.0 336,1.0 453,1.0 
38,2.0 115,1.0 142,1.0 164,2.0 428,1.0 450,1.0 464,1.0 465,1.0 466,1.0 
38,1.0 68,1.0 109,1.0 115,1.0 164,1.0 233,1.0 428,1.0 435,1.0 465,1.0 466,1.0 
38,1.0 68,1.0 109,1.0 115,1.0 164,1.0 233,1.0 428,1.0 435,1.0 464,1.0 466,1.0 
38,1.0 68,1.0 109,1.0 115,1.0 164,1.0 233,1.0 428,1.0 435,1.0 464,1.0 465,1.0 
11,1.0 38,1.0 53,1.0 68,1.0 90,1.0 108,1.0 109,1.0 125,1.0 275,1.0 410,1.0 434,1.0 435,1.0 
38,1.0 108,1.0 164,1.0 243,1.0 427,1.0 430,1.0 469,1.0 
79,1.0 144,2.0 208,1.0 209,1.0 210,1.0 229,1.0 291,1.0 385,1.0 421,1.0 447,1.0 477,1.0 
4,1.0 11,2.0 17,1.0 62,1.0 191,1.0 213,1.0 214,2.0 
142,1.0 170,1.0 255,1.0 257,1.0 423,1.0 472,1.0 473,1.0 478,1.0 479,1.0 
163,1.0 170,1.0 226,1.0 250,1.0 255,1.0 257,1.0 345,1.0 423,2.0 473,1.0 
81,1.0 108,1.0 130,1.0 132,1.0 163,1.0 170,1.0 208,1.0 209,1.0 226,1.0 250,1.0 255,1.0 257,1.0 290,1.0 345,1.0 423,2.0 448,1.0 472,1.0 
441,1.0 449,1.0 475,1.0 544,1.0 
18,1.0 66,1.0 172,1.0 476,1.0 
18,1.0 66,1.0 172,1.0 454,1.0 
275,1.0 385,1.0 
248,1.0 479,1.0 
248,1.0 478,1.0 
243,1.0 258,1.0 260,3.0 417,1.0 445,2.0 454,1.0 
32,1.0 53,1.0 64,1.0 71,1.0 95,2.0 112,1.0 117,1.0 324,1.0 395,1.0 444,1.0 496,1.0 
49,1.0 96,1.0 125,1.0 157,1.0 168,1.0 196,1.0 483,1.0 484,1.0 
49,1.0 96,1.0 125,1.0 157,1.0 168,1.0 196,1.0 482,1.0 484,1.0 
49,2.0 64,1.0 94,1.0 95,1.0 96,1.0 100,1.0 125,1.0 168,1.0 196,1.0 485,1.0 
49,1.0 64,1.0 94,1.0 95,1.0 100,1.0 149,1.0 163,1.0 167,1.0 204,1.0 290,1.0 486,1.0 487,1.0 
142,1.0 149,1.0 163,1.0 167,1.0 204,1.0 235,1.0 290,1.0 487,1.0 
39,1.0 113,1.0 127,1.0 135,2.0 142,2.0 149,1.0 157,1.0 163,1.0 164,1.0 167,1.0 204,1.0 235,1.0 255,1.0 267,1.0 290,1.0 309,1.0 445,1.0 449,1.0 450,1.0 486,1.0 499,1.0 507,1.0 524,1.0 
50,1.0 128,1.0 167,1.0 197,1.0 489,1.0 
50,1.0 490,1.0 
86,1.0 142,1.0 276,1.0 491,1.0 540,1.0 541,1.0 542,1.0 
142,1.0 276,1.0 492,1.0 
235,1.0 
36,1.0 164,1.0 243,1.0 494,1.0 
36,1.0 131,1.0 164,1.0 243,1.0 265,1.0 493,1.0 503,1.0 504,1.0 
38,1.0 70,1.0 396,1.0 
32,1.0 53,1.0 64,1.0 95,2.0 117,1.0 188,1.0 395,1.0 444,1.0 481,1.0 
136,1.0 185,1.0 
272,1.0 
28,1.0 39,2.0 113,1.0 127,1.0 135,2.0 157,3.0 158,1.0 168,1.0 243,1.0 255,1.0 260,1.0 324,1.0 334,2.0 395,1.0 450,1.0 487,1.0 531,1.0 
19,1.0 20,1.0 51,1.0 95,2.0 100,1.0 138,1.0 199,1.0 243,1.0 249,2.0 252,1.0 273,2.0 278,1.0 383,3.0 500,1.0 501,1.0 
502,1.0 
494,1.0 
131,1.0 136,1.0 265,1.0 324,1.0 504,1.0 
131,1.0 136,1.0 265,1.0 324,1.0 503,1.0 
142,1.0 276,1.0 506,1.0 
41,1.0 142,1.0 276,1.0 429,1.0 
59,1.0 68,1.0 71,1.0 95,1.0 142,1.0 173,1.0 187,1.0 278,1.0 290,1.0 306,1.0 524,1.0 525,1.0 526,1.0 
128,1.0 162,1.0 283,1.0 
92,1.0 510,1.0 
0,1.0 17,2.0 22,1.0 92,1.0 121,1.0 127,1.0 128,1.0 155,1.0 391,1.0 510,1.0 511,1.0 517,1.0 545,1.0 
157,1.0 260,1.0 
15,1.0 87,1.0 89,1.0 141,1.0 278,1.0 340,1.0 513,1.0 514,1.0 515,1.0 516,1.0 
15,1.0 87,1.0 89,1.0 141,1.0 278,1.0 340,1.0 512,1.0 514,1.0 515,1.0 516,1.0 
15,1.0 87,1.0 89,1.0 141,1.0 278,1.0 340,1.0 512,1.0 513,1.0 515,1.0 516,1.0 
15,1.0 87,1.0 89,1.0 141,1.0 278,1.0 340,1.0 512,1.0 513,1.0 514,1.0 516,1.0 
15,1.0 89,1.0 93,1.0 97,1.0 141,1.0 340,2.0 
0,1.0 11,1.0 17,1.0 22,1.0 127,1.0 191,1.0 213,1.0 214,1.0 391,1.0 
11,1.0 17,1.0 22,1.0 181,1.0 213,1.0 215,1.0 363,1.0 519,1.0 
10,1.0 22,1.0 165,1.0 181,1.0 215,1.0 220,1.0 221,1.0 222,1.0 363,1.0 
59,1.0 121,1.0 210,1.0 211,1.0 230,1.0 231,1.0 233,1.0 237,1.0 363,1.0 
68,1.0 507,1.0 
523,1.0 
149,2.0 150,1.0 457,1.0 
59,1.0 507,1.0 525,1.0 526,1.0 
23,1.0 59,1.0 140,1.0 165,1.0 526,1.0 527,1.0 528,1.0 529,1.0 530,1.0 
23,1.0 32,1.0 59,1.0 81,1.0 82,1.0 91,1.0 140,1.0 165,1.0 340,1.0 525,1.0 527,1.0 528,1.0 529,1.0 530,1.0 532,1.0 533,1.0 534,1.0 
23,1.0 67,1.0 136,1.0 140,1.0 165,1.0 184,1.0 236,1.0 271,1.0 528,1.0 529,1.0 530,1.0 
23,1.0 67,1.0 136,1.0 140,1.0 165,1.0 184,1.0 236,1.0 271,1.0 527,1.0 529,1.0 530,1.0 
23,1.0 67,1.0 136,1.0 140,1.0 165,1.0 184,1.0 236,1.0 271,1.0 527,1.0 528,1.0 530,1.0 
23,1.0 67,1.0 136,1.0 140,1.0 165,1.0 184,1.0 236,1.0 271,1.0 527,1.0 528,1.0 529,1.0 
10,1.0 39,1.0 49,1.0 140,1.0 155,1.0 157,1.0 158,1.0 177,1.0 
32,1.0 81,1.0 82,1.0 91,1.0 340,1.0 526,1.0 533,1.0 534,1.0 
32,1.0 81,1.0 82,1.0 91,1.0 340,1.0 526,1.0 532,1.0 534,1.0 
32,1.0 81,1.0 82,1.0 91,1.0 340,1.0 526,1.0 532,1.0 533,1.0 
19,1.0 291,1.0 311,1.0 
5,1.0 6,1.0 7,1.0 8,1.0 208,1.0 231,1.0 360,1.0 537,1.0 
5,1.0 6,1.0 7,1.0 8,1.0 397,1.0 538,1.0 
10,1.0 11,1.0 12,1.0 127,1.0 129,1.0 397,1.0 
293,1.0 357,1.0 397,1.0 460,1.0 
86,1.0 490,1.0 541,1.0 542,1.0 
302,1.0 542,1.0 543,1.0 
302,1.0 541,1.0 543,1.0 
302,1.0 441,1.0 449,1.0 474,1.0 
155,1.0 510,1.0 
271,1.0 299,1.0 546,1.0 547,1.0 
271,1.0 299,1.0 314,1.0 461,1.0 547,1.0 548,1.0 549,1.0 
271,1.0 299,1.0 314,1.0 461,1.0 546,1.0 548,1.0 549,1.0 
148,1.0 314,1.0 461,1.0 549,1.0 550,1.0 
148,1.0 314,1.0 461,1.0 548,1.0 550,1.0 
148,1.0 
