1,1.0 2,1.0 3,1.0 4,1.0 5,1.0 
1,1.0 2,2.0 3,1.0 4,2.0 5,4.0 6,1.0 7,1.0 8,1.0 14,1.0 19,1.0 20,2.0 32,1.0 43,3.0 53,1.0 62,1.0 72,1.0 73,1.0 74,3.0 75,1.0 76,1.0 79,1.0 87,1.0 90,2.0 126,1.0 134,1.0 136,2.0 142,1.0 143,1.0 145,1.0 169,1.0 171,1.0 229,1.0 230,1.0 236,1.0 252,1.0 255,2.0 258,2.0 281,1.0 288,1.0 306,1.0 319,1.0 338,1.0 339,1.0 391,1.0 425,2.0 427,1.0 
1,3.0 2,4.0 3,1.0 4,2.0 5,5.0 6,1.0 7,1.0 8,1.0 15,1.0 20,1.0 25,1.0 37,1.0 40,1.0 42,1.0 43,1.0 48,1.0 50,4.0 51,1.0 52,1.0 57,1.0 62,1.0 63,1.0 64,1.0 65,2.0 68,1.0 70,2.0 76,8.0 77,2.0 79,1.0 80,1.0 82,1.0 85,3.0 88,1.0 94,3.0 96,1.0 98,2.0 108,3.0 110,1.0 115,3.0 122,1.0 124,1.0 134,1.0 136,4.0 151,4.0 152,1.0 153,1.0 156,3.0 168,1.0 175,1.0 180,4.0 190,1.0 192,1.0 193,1.0 211,1.0 216,2.0 217,1.0 230,1.0 253,1.0 257,3.0 258,1.0 267,1.0 272,3.0 273,1.0 275,1.0 278,3.0 291,1.0 299,1.0 302,2.0 304,1.0 317,1.0 318,1.0 319,1.0 321,1.0 328,2.0 329,1.0 330,1.0 372,2.0 373,1.0 375,1.0 376,1.0 386,2.0 397,1.0 402,1.0 421,1.0 425,1.0 427,1.0 469,1.0 470,2.0 471,2.0 472,1.0 
1,1.0 2,2.0 4,3.0 5,1.0 6,1.0 7,1.0 8,1.0 10,1.0 14,3.0 15,2.0 16,2.0 17,1.0 18,1.0 19,1.0 32,1.0 34,1.0 37,1.0 50,1.0 57,3.0 62,2.0 79,1.0 90,1.0 94,1.0 108,2.0 110,2.0 111,1.0 122,2.0 125,2.0 129,1.0 133,1.0 136,1.0 149,2.0 156,3.0 157,1.0 176,2.0 188,2.0 211,1.0 224,1.0 232,1.0 233,1.0 244,1.0 252,1.0 262,1.0 273,1.0 274,1.0 275,1.0 281,1.0 304,1.0 319,1.0 337,1.0 349,1.0 366,1.0 372,1.0 394,1.0 
1,1.0 2,2.0 3,3.0 4,1.0 5,4.0 6,1.0 7,1.0 8,1.0 14,1.0 15,5.0 17,1.0 18,1.0 19,2.0 20,3.0 21,1.0 22,1.0 25,1.0 32,1.0 37,2.0 39,1.0 47,2.0 48,1.0 50,1.0 57,1.0 62,3.0 64,1.0 65,1.0 66,1.0 70,1.0 76,1.0 79,2.0 80,1.0 83,1.0 108,2.0 109,1.0 111,2.0 119,1.0 122,2.0 128,1.0 133,1.0 136,1.0 141,1.0 146,1.0 149,1.0 172,1.0 176,6.0 180,2.0 189,1.0 194,1.0 214,1.0 215,1.0 217,1.0 225,1.0 257,1.0 274,1.0 281,1.0 290,1.0 301,3.0 304,1.0 306,1.0 310,1.0 319,1.0 334,1.0 335,1.0 337,1.0 372,2.0 417,1.0 418,1.0 431,1.0 432,1.0 448,1.0 461,1.0 
1,3.0 2,7.0 3,1.0 4,3.0 5,1.0 6,1.0 7,1.0 8,1.0 17,2.0 19,1.0 20,2.0 24,1.0 25,1.0 32,1.0 37,1.0 43,2.0 48,1.0 50,4.0 54,1.0 64,1.0 65,1.0 67,1.0 74,1.0 76,6.0 77,1.0 79,1.0 84,1.0 85,3.0 87,1.0 88,1.0 90,2.0 94,1.0 96,1.0 98,1.0 108,2.0 110,2.0 122,1.0 126,1.0 139,2.0 141,2.0 154,1.0 161,1.0 171,1.0 176,1.0 178,1.0 179,1.0 180,1.0 181,1.0 182,1.0 183,1.0 189,1.0 192,1.0 194,1.0 199,1.0 200,1.0 201,1.0 202,3.0 203,1.0 233,1.0 243,1.0 255,1.0 275,1.0 281,1.0 282,1.0 288,1.0 304,1.0 306,1.0 307,1.0 315,1.0 317,1.0 318,1.0 319,1.0 338,1.0 339,1.0 340,1.0 370,1.0 386,1.0 395,1.0 396,1.0 436,1.0 441,1.0 442,1.0 462,1.0 463,1.0 464,1.0 469,1.0 470,2.0 471,1.0 
7,1.0 8,1.0 9,1.0 10,1.0 11,1.0 12,1.0 15,1.0 116,1.0 117,1.0 118,1.0 119,1.0 120,1.0 121,1.0 122,1.0 123,1.0 
6,1.0 8,1.0 9,1.0 10,1.0 11,1.0 12,1.0 
2,1.0 6,1.0 7,1.0 9,1.0 10,2.0 11,1.0 12,1.0 59,1.0 60,1.0 61,1.0 62,1.0 63,1.0 64,1.0 308,1.0 445,1.0 464,1.0 465,1.0 466,1.0 467,1.0 468,1.0 
10,1.0 11,1.0 12,1.0 13,1.0 
2,1.0 8,1.0 9,1.0 11,1.0 12,1.0 13,1.0 27,1.0 30,1.0 32,1.0 40,1.0 41,1.0 42,1.0 43,1.0 44,1.0 59,1.0 60,1.0 61,1.0 62,1.0 63,1.0 64,1.0 76,1.0 78,1.0 80,1.0 87,1.0 94,2.0 95,1.0 96,1.0 97,1.0 98,1.0 111,1.0 112,1.0 122,1.0 136,1.0 144,1.0 145,1.0 158,1.0 161,1.0 192,1.0 225,1.0 257,1.0 270,1.0 271,1.0 272,1.0 275,1.0 276,1.0 295,1.0 302,1.0 308,1.0 318,1.0 346,1.0 358,1.0 375,1.0 392,1.0 398,1.0 
9,1.0 10,1.0 12,1.0 13,1.0 
9,1.0 10,1.0 11,1.0 13,1.0 
3,1.0 
1,1.0 3,1.0 4,3.0 5,1.0 14,1.0 15,1.0 16,1.0 17,1.0 18,1.0 19,2.0 20,2.0 31,2.0 34,2.0 44,1.0 72,1.0 73,1.0 74,1.0 75,1.0 76,1.0 86,1.0 90,1.0 91,1.0 92,1.0 93,1.0 94,2.0 108,1.0 122,1.0 136,3.0 141,1.0 151,1.0 188,1.0 232,2.0 233,2.0 234,1.0 272,1.0 319,2.0 375,1.0 380,1.0 381,1.0 382,1.0 383,1.0 384,1.0 426,1.0 437,1.0 
2,1.0 3,1.0 4,5.0 5,1.0 10,1.0 14,1.0 15,1.0 16,2.0 17,1.0 18,2.0 19,1.0 20,1.0 21,3.0 22,1.0 23,1.0 24,1.0 30,3.0 32,2.0 54,1.0 57,2.0 63,4.0 65,3.0 74,3.0 79,2.0 83,1.0 110,2.0 122,2.0 123,1.0 139,1.0 149,1.0 161,1.0 176,1.0 188,2.0 189,1.0 194,1.0 195,1.0 202,1.0 215,1.0 216,1.0 218,1.0 219,1.0 230,1.0 240,2.0 250,1.0 281,1.0 288,1.0 289,1.0 290,2.0 301,1.0 319,1.0 334,1.0 335,1.0 340,1.0 395,1.0 
1,1.0 4,1.0 5,1.0 10,1.0 14,1.0 15,1.0 17,5.0 18,2.0 19,2.0 20,1.0 24,2.0 25,1.0 32,1.0 34,1.0 36,2.0 37,1.0 38,2.0 40,1.0 46,1.0 50,2.0 51,2.0 52,1.0 53,1.0 54,1.0 55,1.0 56,2.0 66,2.0 68,1.0 74,1.0 76,2.0 79,1.0 83,1.0 122,1.0 139,2.0 140,1.0 147,1.0 149,1.0 151,2.0 153,1.0 154,1.0 155,1.0 161,1.0 165,1.0 166,1.0 171,5.0 176,1.0 187,2.0 189,1.0 190,1.0 191,1.0 192,1.0 207,1.0 208,1.0 209,2.0 210,1.0 212,1.0 232,1.0 240,1.0 246,2.0 247,1.0 251,1.0 252,1.0 253,1.0 254,1.0 258,1.0 260,1.0 261,1.0 276,2.0 277,1.0 278,1.0 279,1.0 280,1.0 288,2.0 331,1.0 338,1.0 339,1.0 398,1.0 438,1.0 439,1.0 451,1.0 452,1.0 453,1.0 
4,1.0 14,1.0 15,1.0 16,5.0 18,1.0 19,1.0 20,1.0 24,2.0 27,1.0 33,1.0 34,1.0 35,1.0 36,3.0 37,2.0 38,1.0 39,1.0 40,1.0 66,2.0 68,1.0 69,1.0 70,1.0 77,1.0 161,1.0 171,3.0 207,1.0 208,1.0 209,1.0 210,1.0 230,1.0 231,1.0 246,1.0 247,1.0 276,1.0 277,1.0 278,1.0 297,1.0 306,1.0 331,1.0 340,1.0 411,1.0 414,1.0 415,1.0 
3,1.0 4,4.0 5,1.0 14,1.0 15,1.0 16,2.0 17,1.0 18,1.0 19,1.0 20,1.0 31,1.0 37,2.0 39,1.0 47,4.0 50,2.0 54,1.0 57,2.0 62,1.0 77,1.0 78,1.0 83,4.0 108,4.0 109,1.0 119,1.0 129,1.0 141,1.0 151,1.0 156,3.0 157,1.0 166,1.0 169,1.0 176,2.0 193,2.0 194,1.0 197,1.0 204,1.0 224,1.0 230,1.0 261,1.0 267,1.0 278,2.0 287,1.0 288,1.0 296,2.0 299,1.0 303,1.0 304,1.0 331,1.0 337,1.0 366,1.0 367,1.0 372,1.0 388,1.0 393,1.0 397,1.0 401,2.0 402,1.0 403,1.0 404,1.0 461,3.0 
4,2.0 5,1.0 15,1.0 16,1.0 20,3.0 21,1.0 22,1.0 37,1.0 46,1.0 76,1.0 79,1.0 171,1.0 187,1.0 189,1.0 240,1.0 280,1.0 
1,1.0 2,1.0 4,2.0 5,1.0 15,1.0 16,1.0 18,1.0 19,2.0 20,2.0 21,1.0 22,1.0 31,1.0 32,1.0 50,1.0 56,2.0 57,1.0 62,1.0 63,1.0 70,1.0 76,1.0 77,2.0 78,2.0 79,1.0 80,1.0 87,1.0 108,2.0 109,1.0 110,1.0 111,1.0 112,1.0 113,1.0 115,1.0 122,1.0 134,1.0 136,1.0 139,2.0 140,1.0 149,1.0 151,2.0 152,1.0 172,1.0 188,1.0 211,1.0 278,1.0 279,1.0 299,1.0 300,2.0 337,1.0 341,1.0 351,1.0 425,1.0 427,1.0 
15,1.0 22,1.0 23,1.0 37,1.0 63,2.0 83,1.0 108,1.0 113,1.0 119,1.0 149,1.0 171,1.0 172,1.0 173,1.0 219,1.0 220,1.0 221,1.0 
5,1.0 15,1.0 21,1.0 23,1.0 79,1.0 141,1.0 202,1.0 281,1.0 282,1.0 298,1.0 331,1.0 428,1.0 429,1.0 430,1.0 
24,1.0 25,1.0 26,1.0 27,1.0 28,1.0 29,1.0 30,1.0 
2,1.0 4,1.0 15,1.0 16,1.0 17,1.0 25,2.0 26,1.0 27,4.0 28,1.0 29,1.0 30,3.0 31,1.0 32,2.0 38,1.0 42,1.0 43,2.0 45,1.0 56,2.0 57,1.0 63,1.0 64,1.0 66,1.0 69,1.0 70,1.0 76,1.0 77,2.0 79,1.0 99,1.0 122,2.0 136,1.0 146,1.0 147,1.0 148,1.0 149,1.0 151,1.0 153,1.0 154,1.0 155,1.0 156,1.0 157,1.0 161,1.0 166,2.0 171,2.0 189,1.0 212,1.0 235,1.0 236,1.0 237,1.0 238,1.0 239,1.0 240,1.0 241,1.0 242,1.0 256,1.0 260,1.0 281,1.0 283,1.0 288,1.0 290,1.0 297,1.0 310,1.0 333,1.0 438,1.0 445,2.0 452,1.0 453,1.0 458,1.0 459,1.0 460,1.0 
4,1.0 5,1.0 24,1.0 26,1.0 27,1.0 28,1.0 29,1.0 30,1.0 31,1.0 32,1.0 53,1.0 54,2.0 55,1.0 56,1.0 62,1.0 63,1.0 68,1.0 76,1.0 85,1.0 96,1.0 128,1.0 136,1.0 164,1.0 165,1.0 166,1.0 167,1.0 180,1.0 240,1.0 241,1.0 242,1.0 243,1.0 265,1.0 274,1.0 290,1.0 306,1.0 320,1.0 321,1.0 417,1.0 418,1.0 
24,1.0 25,1.0 27,1.0 28,1.0 29,1.0 30,1.0 31,1.0 32,2.0 36,1.0 77,1.0 78,1.0 80,1.0 110,1.0 129,1.0 148,1.0 168,1.0 267,1.0 268,1.0 269,1.0 
4,2.0 10,1.0 15,1.0 16,1.0 17,1.0 24,5.0 25,1.0 26,1.0 28,1.0 29,1.0 30,2.0 31,1.0 32,2.0 45,1.0 47,1.0 56,2.0 66,1.0 69,1.0 70,2.0 77,1.0 79,1.0 99,1.0 111,1.0 122,1.0 161,1.0 166,1.0 171,1.0 180,1.0 189,1.0 192,1.0 199,1.0 210,1.0 212,1.0 213,1.0 260,1.0 268,1.0 281,1.0 290,1.0 301,1.0 321,1.0 333,1.0 392,1.0 421,1.0 445,1.0 458,1.0 459,1.0 460,1.0 
24,1.0 25,1.0 26,1.0 27,1.0 29,1.0 30,1.0 31,1.0 32,1.0 
24,1.0 25,1.0 26,1.0 27,1.0 28,1.0 30,1.0 31,1.0 32,1.0 
2,1.0 4,1.0 5,1.0 10,1.0 15,2.0 24,3.0 25,1.0 26,1.0 27,2.0 28,1.0 29,1.0 31,1.0 32,2.0 38,1.0 40,1.0 41,1.0 42,1.0 43,1.0 44,1.0 56,1.0 74,1.0 79,1.0 118,1.0 135,1.0 139,1.0 188,1.0 189,1.0 190,1.0 202,1.0 240,1.0 281,1.0 290,2.0 333,1.0 395,1.0 420,1.0 
1,1.0 2,1.0 14,2.0 17,1.0 20,1.0 31,1.0 32,2.0 33,1.0 34,1.0 35,1.0 36,1.0 37,2.0 49,1.0 52,1.0 57,1.0 80,1.0 86,3.0 87,1.0 88,1.0 89,1.0 90,1.0 91,1.0 92,1.0 93,1.0 136,1.0 144,1.0 145,1.0 166,1.0 197,1.0 278,1.0 292,1.0 422,1.0 425,1.0 435,1.0 440,1.0 454,1.0 
1,1.0 4,1.0 5,2.0 10,1.0 14,1.0 15,3.0 17,1.0 20,2.0 30,1.0 31,4.0 33,1.0 34,1.0 35,1.0 36,1.0 37,1.0 62,2.0 64,1.0 65,2.0 74,4.0 78,1.0 79,2.0 80,2.0 84,1.0 86,1.0 87,1.0 89,1.0 108,1.0 109,1.0 110,3.0 111,2.0 112,3.0 113,1.0 126,2.0 129,2.0 136,3.0 139,1.0 145,1.0 148,1.0 149,1.0 161,1.0 168,1.0 171,1.0 179,1.0 188,1.0 189,1.0 232,1.0 240,1.0 244,1.0 252,1.0 258,2.0 261,1.0 262,1.0 281,1.0 290,2.0 306,1.0 334,1.0 335,1.0 340,1.0 424,1.0 425,1.0 440,1.0 445,1.0 
17,1.0 34,1.0 35,1.0 36,1.0 37,1.0 38,1.0 39,1.0 
4,1.0 5,1.0 14,1.0 16,1.0 17,1.0 33,1.0 35,1.0 36,2.0 37,1.0 38,1.0 39,1.0 66,1.0 135,1.0 136,1.0 139,2.0 190,1.0 191,1.0 192,1.0 229,1.0 232,1.0 233,1.0 234,1.0 
17,1.0 33,1.0 34,1.0 36,1.0 37,1.0 38,1.0 39,1.0 
4,1.0 5,1.0 16,1.0 17,2.0 18,1.0 26,1.0 32,1.0 33,1.0 34,2.0 35,1.0 37,1.0 38,2.0 39,2.0 66,1.0 77,1.0 78,1.0 80,1.0 110,1.0 129,1.0 135,1.0 139,1.0 148,1.0 168,1.0 229,1.0 246,1.0 247,1.0 258,1.0 267,1.0 268,1.0 269,1.0 303,1.0 331,1.0 332,1.0 360,1.0 401,1.0 423,1.0 
3,1.0 4,1.0 15,1.0 16,2.0 17,3.0 18,1.0 19,1.0 33,1.0 34,1.0 35,1.0 36,1.0 38,1.0 39,1.0 46,1.0 47,1.0 48,1.0 50,1.0 54,1.0 65,2.0 66,1.0 71,1.0 79,1.0 84,1.0 85,1.0 88,1.0 108,1.0 122,2.0 136,1.0 141,1.0 144,1.0 156,2.0 166,1.0 171,2.0 187,1.0 189,1.0 197,1.0 204,1.0 211,1.0 213,1.0 230,1.0 231,1.0 233,1.0 240,1.0 278,2.0 280,1.0 287,1.0 299,1.0 319,1.0 337,1.0 341,1.0 370,1.0 371,1.0 435,1.0 440,1.0 461,1.0 473,1.0 
10,1.0 16,1.0 17,1.0 22,1.0 24,2.0 27,1.0 30,2.0 38,1.0 39,2.0 40,3.0 41,1.0 42,1.0 43,1.0 56,2.0 66,1.0 67,1.0 68,1.0 110,1.0 118,1.0 135,2.0 139,1.0 140,1.0 166,2.0 190,1.0 224,1.0 258,1.0 288,3.0 298,1.0 310,1.0 331,1.0 360,1.0 420,1.0 423,1.0 428,1.0 429,1.0 451,1.0 452,2.0 453,2.0 
3,1.0 10,1.0 18,1.0 22,1.0 30,1.0 31,1.0 38,2.0 40,2.0 41,1.0 63,1.0 66,2.0 67,1.0 70,1.0 110,2.0 111,1.0 125,1.0 135,1.0 199,1.0 265,1.0 266,1.0 288,1.0 298,1.0 303,2.0 331,1.0 349,1.0 366,1.0 367,1.0 401,1.0 428,1.0 429,1.0 448,1.0 
10,1.0 17,1.0 22,1.0 27,1.0 30,1.0 38,2.0 39,1.0 41,1.0 42,1.0 43,1.0 44,1.0 60,1.0 66,1.0 67,2.0 68,2.0 94,1.0 110,1.0 112,1.0 124,1.0 125,1.0 135,1.0 141,1.0 209,1.0 210,1.0 211,1.0 212,1.0 224,1.0 285,1.0 288,1.0 298,1.0 299,1.0 301,1.0 331,2.0 361,1.0 362,1.0 428,1.0 429,1.0 
10,1.0 30,1.0 40,1.0 42,1.0 43,1.0 44,1.0 
31,1.0 43,2.0 44,1.0 45,1.0 49,2.0 50,1.0 80,1.0 121,1.0 131,1.0 133,1.0 151,1.0 187,1.0 189,1.0 193,1.0 224,1.0 225,1.0 226,1.0 227,1.0 232,1.0 273,1.0 302,1.0 306,1.0 310,1.0 380,1.0 397,1.0 
1,1.0 2,2.0 3,1.0 42,2.0 43,1.0 44,2.0 45,1.0 48,2.0 49,1.0 63,1.0 68,1.0 76,1.0 84,1.0 87,2.0 90,1.0 115,1.0 136,1.0 141,1.0 151,1.0 156,1.0 161,1.0 190,1.0 204,1.0 213,1.0 216,1.0 229,2.0 239,1.0 255,1.0 256,1.0 278,1.0 281,2.0 306,1.0 307,1.0 308,1.0 310,1.0 330,1.0 336,1.0 340,1.0 375,1.0 376,1.0 402,1.0 410,1.0 438,1.0 
2,1.0 42,1.0 43,2.0 45,1.0 48,1.0 64,1.0 84,1.0 87,1.0 94,1.0 115,1.0 122,1.0 161,1.0 249,1.0 250,1.0 270,1.0 272,1.0 375,1.0 382,1.0 383,1.0 384,1.0 385,1.0 386,1.0 
46,1.0 47,1.0 48,1.0 49,1.0 83,1.0 161,1.0 
16,1.0 22,1.0 31,1.0 47,2.0 48,1.0 49,1.0 50,1.0 51,1.0 52,1.0 80,1.0 82,1.0 83,1.0 85,2.0 86,1.0 94,1.0 149,1.0 171,1.0 187,2.0 188,1.0 189,2.0 217,1.0 240,1.0 280,1.0 
2,1.0 4,2.0 5,1.0 15,1.0 16,1.0 18,5.0 46,2.0 47,1.0 48,1.0 49,1.0 50,1.0 51,1.0 52,1.0 65,2.0 82,1.0 83,2.0 84,1.0 85,1.0 108,3.0 110,1.0 121,1.0 136,1.0 156,1.0 180,1.0 193,1.0 194,1.0 211,1.0 230,1.0 240,1.0 272,1.0 325,1.0 326,1.0 327,1.0 330,1.0 340,1.0 461,3.0 
2,1.0 3,1.0 4,1.0 5,1.0 16,1.0 43,2.0 46,1.0 47,1.0 48,1.0 49,2.0 50,1.0 51,1.0 52,1.0 57,1.0 65,1.0 88,1.0 115,1.0 121,1.0 123,1.0 132,1.0 141,2.0 156,1.0 157,1.0 168,1.0 176,1.0 188,1.0 190,1.0 258,1.0 267,1.0 283,1.0 301,1.0 310,1.0 311,1.0 312,1.0 321,1.0 421,1.0 
16,1.0 31,1.0 32,1.0 46,1.0 47,1.0 48,2.0 50,1.0 51,1.0 52,2.0 65,1.0 80,1.0 132,1.0 136,1.0 144,1.0 145,1.0 306,1.0 445,1.0 
2,6.0 3,2.0 4,2.0 5,3.0 10,1.0 16,3.0 17,1.0 18,1.0 25,1.0 37,1.0 42,1.0 50,2.0 51,2.0 52,1.0 53,1.0 54,1.0 55,1.0 62,2.0 76,4.0 85,2.0 88,1.0 94,1.0 98,1.0 108,5.0 115,2.0 122,1.0 125,1.0 133,2.0 144,1.0 147,1.0 149,1.0 151,2.0 159,1.0 160,1.0 161,1.0 162,1.0 170,1.0 171,1.0 172,1.0 176,2.0 187,1.0 189,1.0 224,1.0 225,1.0 226,1.0 227,1.0 230,1.0 272,1.0 275,1.0 276,2.0 301,1.0 304,3.0 323,1.0 337,2.0 372,3.0 386,1.0 398,1.0 469,1.0 470,2.0 471,1.0 
10,1.0 16,2.0 25,1.0 50,2.0 52,1.0 53,1.0 54,1.0 55,1.0 57,1.0 76,1.0 94,1.0 147,1.0 258,1.0 259,1.0 276,1.0 398,1.0 
2,1.0 16,1.0 24,1.0 25,1.0 32,1.0 37,1.0 50,1.0 51,1.0 53,1.0 54,1.0 55,1.0 62,2.0 64,1.0 144,1.0 145,1.0 146,1.0 156,1.0 180,1.0 211,1.0 257,1.0 278,1.0 424,2.0 425,1.0 
1,1.0 10,1.0 25,1.0 27,1.0 32,1.0 53,1.0 54,1.0 55,1.0 56,1.0 62,1.0 74,1.0 77,1.0 126,1.0 169,1.0 242,2.0 258,1.0 277,2.0 305,1.0 306,1.0 391,1.0 392,1.0 
1,1.0 5,1.0 10,1.0 14,2.0 15,1.0 16,1.0 18,1.0 25,1.0 39,1.0 53,1.0 55,1.0 56,1.0 59,1.0 65,2.0 71,1.0 72,1.0 73,1.0 74,1.0 75,1.0 76,2.0 77,1.0 94,1.0 98,1.0 119,1.0 126,1.0 151,1.0 161,1.0 162,1.0 166,1.0 181,1.0 213,2.0 243,2.0 246,1.0 288,1.0 289,1.0 296,1.0 303,2.0 304,1.0 319,1.0 367,2.0 388,1.0 401,1.0 409,1.0 435,1.0 436,1.0 
25,1.0 53,1.0 54,1.0 56,1.0 
16,3.0 20,1.0 24,2.0 27,1.0 32,1.0 38,2.0 43,1.0 44,1.0 56,1.0 57,1.0 58,1.0 62,1.0 74,1.0 77,2.0 78,1.0 79,1.0 80,1.0 84,1.0 99,1.0 118,1.0 122,2.0 135,1.0 139,1.0 140,1.0 161,1.0 166,1.0 171,3.0 190,1.0 212,2.0 232,1.0 258,1.0 260,2.0 261,1.0 288,1.0 420,1.0 451,1.0 452,1.0 453,1.0 
3,3.0 4,1.0 8,1.0 10,1.0 15,1.0 16,1.0 18,2.0 20,1.0 37,1.0 47,1.0 48,1.0 50,1.0 51,2.0 57,3.0 58,1.0 59,1.0 60,1.0 61,1.0 63,1.0 76,1.0 79,1.0 80,1.0 83,1.0 94,2.0 110,1.0 125,1.0 133,1.0 141,1.0 147,1.0 152,1.0 156,8.0 157,3.0 161,1.0 176,5.0 187,1.0 188,1.0 189,1.0 194,1.0 204,1.0 205,1.0 211,2.0 224,5.0 258,1.0 259,1.0 261,1.0 273,1.0 274,1.0 275,1.0 278,1.0 279,1.0 292,1.0 299,1.0 309,1.0 393,2.0 454,1.0 
8,1.0 10,1.0 57,1.0 59,1.0 60,1.0 61,1.0 62,1.0 89,1.0 253,1.0 306,1.0 348,1.0 392,1.0 474,1.0 475,1.0 
2,1.0 8,1.0 10,1.0 54,1.0 60,1.0 61,1.0 62,1.0 63,1.0 64,1.0 77,1.0 126,1.0 161,1.0 162,1.0 181,1.0 409,1.0 
2,1.0 8,1.0 10,1.0 59,1.0 61,1.0 62,1.0 63,2.0 64,1.0 75,1.0 109,1.0 125,1.0 126,1.0 127,1.0 128,1.0 130,1.0 131,1.0 200,1.0 252,1.0 253,1.0 473,1.0 476,1.0 477,1.0 478,1.0 479,1.0 
2,1.0 8,1.0 10,1.0 59,1.0 60,1.0 62,1.0 63,1.0 64,1.0 
1,2.0 2,1.0 3,2.0 4,3.0 5,1.0 16,1.0 19,1.0 20,1.0 25,1.0 32,3.0 37,1.0 50,1.0 52,1.0 62,1.0 63,1.0 64,3.0 65,1.0 74,2.0 79,2.0 80,2.0 81,1.0 89,1.0 108,1.0 109,1.0 122,1.0 126,1.0 128,1.0 133,1.0 139,1.0 149,1.0 176,2.0 180,1.0 217,1.0 236,1.0 253,1.0 258,2.0 274,1.0 290,1.0 304,1.0 306,3.0 319,1.0 337,1.0 372,1.0 407,1.0 417,1.0 418,1.0 421,1.0 424,4.0 425,3.0 444,1.0 475,1.0 
2,2.0 4,1.0 5,1.0 14,1.0 15,3.0 21,3.0 25,1.0 26,1.0 36,1.0 54,1.0 57,2.0 60,1.0 62,1.0 64,1.0 65,1.0 68,2.0 70,1.0 76,1.0 77,1.0 78,1.0 83,1.0 108,1.0 109,1.0 110,2.0 111,1.0 112,1.0 113,1.0 119,1.0 130,1.0 131,1.0 133,1.0 136,2.0 139,2.0 140,1.0 144,1.0 149,1.0 161,1.0 171,1.0 172,2.0 173,1.0 190,2.0 195,1.0 219,1.0 220,1.0 221,1.0 238,1.0 239,1.0 240,2.0 241,1.0 242,1.0 243,1.0 250,1.0 256,1.0 257,1.0 267,1.0 268,1.0 269,1.0 276,1.0 337,1.0 370,1.0 
2,1.0 4,1.0 5,1.0 20,1.0 32,1.0 44,1.0 46,1.0 62,2.0 63,1.0 65,1.0 94,2.0 111,2.0 119,1.0 139,1.0 146,1.0 147,1.0 148,1.0 149,1.0 150,1.0 172,1.0 183,1.0 185,1.0 186,1.0 187,1.0 188,1.0 225,1.0 233,1.0 249,1.0 250,1.0 315,1.0 424,1.0 425,1.0 441,2.0 442,1.0 443,1.0 
1,1.0 4,2.0 5,1.0 10,1.0 14,1.0 15,3.0 16,1.0 18,1.0 31,1.0 32,2.0 38,1.0 40,1.0 48,1.0 54,2.0 66,1.0 67,1.0 68,1.0 71,1.0 72,1.0 73,1.0 74,1.0 75,1.0 84,2.0 110,1.0 121,1.0 136,3.0 176,1.0 230,1.0 238,1.0 240,1.0 258,1.0 288,1.0 289,1.0 301,1.0 310,1.0 311,1.0 312,1.0 313,1.0 314,1.0 315,1.0 340,2.0 370,2.0 371,1.0 440,1.0 445,1.0 
3,1.0 16,2.0 17,2.0 18,1.0 24,1.0 27,1.0 34,1.0 36,2.0 38,1.0 39,3.0 40,1.0 43,1.0 57,1.0 63,1.0 67,2.0 68,1.0 69,1.0 70,2.0 99,1.0 100,1.0 101,1.0 102,1.0 103,1.0 104,1.0 105,1.0 110,1.0 111,1.0 125,1.0 139,1.0 171,1.0 190,1.0 191,1.0 192,1.0 265,1.0 266,1.0 303,1.0 331,1.0 349,1.0 366,1.0 401,1.0 448,1.0 
17,1.0 27,1.0 38,1.0 39,1.0 40,3.0 63,1.0 66,2.0 67,1.0 68,1.0 70,1.0 110,1.0 111,1.0 112,1.0 141,1.0 154,1.0 181,1.0 182,1.0 183,1.0 184,1.0 187,1.0 224,1.0 265,1.0 266,1.0 281,1.0 285,2.0 299,1.0 301,1.0 322,1.0 331,2.0 359,1.0 360,1.0 361,2.0 362,1.0 396,1.0 434,1.0 450,1.0 
2,2.0 17,1.0 25,1.0 27,1.0 38,1.0 40,2.0 63,1.0 66,1.0 67,1.0 68,1.0 94,1.0 136,2.0 141,1.0 164,1.0 165,1.0 166,1.0 167,1.0 190,1.0 192,1.0 209,1.0 210,1.0 211,1.0 212,1.0 239,1.0 257,2.0 278,1.0 
24,1.0 57,1.0 66,1.0 70,1.0 146,1.0 392,1.0 398,1.0 
2,3.0 4,1.0 18,1.0 20,1.0 24,1.0 26,1.0 36,1.0 39,1.0 50,1.0 57,1.0 63,1.0 66,2.0 69,1.0 77,1.0 78,1.0 108,2.0 110,4.0 111,2.0 115,1.0 122,2.0 151,2.0 152,1.0 153,2.0 158,1.0 172,1.0 180,1.0 192,1.0 225,1.0 233,1.0 253,1.0 267,1.0 268,1.0 269,1.0 270,1.0 288,1.0 296,1.0 299,1.0 301,1.0 304,1.0 337,1.0 351,1.0 448,1.0 
1,1.0 14,1.0 54,1.0 65,1.0 72,1.0 73,1.0 74,1.0 75,1.0 
1,1.0 4,1.0 5,1.0 14,1.0 19,1.0 20,1.0 73,1.0 74,1.0 75,1.0 76,1.0 
1,1.0 4,1.0 5,1.0 14,1.0 19,1.0 20,1.0 72,1.0 74,1.0 75,1.0 76,1.0 
1,3.0 4,1.0 5,3.0 14,1.0 15,3.0 19,1.0 20,1.0 30,2.0 32,3.0 62,1.0 72,1.0 73,1.0 74,1.0 75,1.0 76,1.0 110,1.0 126,1.0 139,1.0 171,2.0 188,2.0 195,1.0 202,1.0 203,2.0 204,1.0 205,1.0 232,1.0 236,1.0 240,2.0 258,3.0 261,1.0 262,1.0 290,2.0 306,1.0 319,1.0 395,1.0 425,1.0 
1,1.0 4,1.0 5,1.0 14,1.0 19,1.0 20,1.0 60,1.0 72,1.0 73,1.0 74,1.0 76,1.0 200,1.0 252,1.0 253,1.0 473,1.0 476,1.0 477,1.0 478,1.0 479,1.0 
2,7.0 4,1.0 5,5.0 10,1.0 16,1.0 19,1.0 20,2.0 24,1.0 43,1.0 50,3.0 51,2.0 54,1.0 57,2.0 76,3.0 80,1.0 85,2.0 88,1.0 94,5.0 95,1.0 96,1.0 97,1.0 98,2.0 108,2.0 122,1.0 136,2.0 151,2.0 153,1.0 154,1.0 155,1.0 156,1.0 157,1.0 187,1.0 216,1.0 243,1.0 246,1.0 257,1.0 258,2.0 259,1.0 275,1.0 278,1.0 375,1.0 376,1.0 386,2.0 402,1.0 469,1.0 470,2.0 471,2.0 472,1.0 
1,1.0 2,1.0 16,1.0 17,1.0 18,1.0 20,1.0 21,1.0 24,2.0 26,1.0 27,1.0 32,2.0 36,1.0 53,1.0 54,1.0 56,3.0 59,1.0 62,2.0 63,1.0 74,1.0 78,4.0 79,1.0 80,2.0 99,1.0 109,1.0 110,1.0 122,1.0 126,2.0 129,2.0 148,2.0 156,1.0 161,1.0 162,1.0 168,2.0 169,3.0 170,1.0 171,3.0 172,1.0 173,1.0 180,1.0 181,1.0 212,1.0 258,1.0 260,1.0 267,1.0 268,1.0 269,1.0 272,1.0 297,1.0 302,1.0 305,1.0 306,1.0 328,1.0 329,1.0 330,1.0 403,1.0 404,1.0 409,1.0 
10,1.0 18,1.0 20,1.0 21,1.0 26,1.0 32,1.0 36,1.0 56,1.0 62,1.0 63,1.0 77,4.0 79,1.0 80,3.0 87,1.0 109,1.0 110,1.0 112,1.0 122,1.0 129,2.0 145,1.0 148,2.0 168,2.0 169,2.0 170,1.0 171,1.0 172,1.0 173,1.0 257,1.0 267,1.0 268,1.0 269,1.0 270,1.0 271,1.0 272,1.0 403,1.0 404,1.0 
1,1.0 2,1.0 3,1.0 4,1.0 5,1.0 15,1.0 16,1.0 19,1.0 32,2.0 37,1.0 42,1.0 46,1.0 48,1.0 62,1.0 79,1.0 80,3.0 81,1.0 90,1.0 126,1.0 132,1.0 136,2.0 139,1.0 141,1.0 142,1.0 143,1.0 171,1.0 176,2.0 187,1.0 189,2.0 202,1.0 205,1.0 224,1.0 230,1.0 240,1.0 280,1.0 281,2.0 282,1.0 291,1.0 306,1.0 334,2.0 335,2.0 393,1.0 
2,1.0 3,1.0 4,1.0 10,1.0 31,1.0 32,2.0 46,1.0 47,2.0 49,1.0 51,1.0 52,1.0 57,2.0 62,1.0 76,2.0 78,1.0 79,1.0 80,1.0 81,2.0 82,2.0 83,1.0 84,1.0 87,1.0 94,1.0 110,2.0 112,1.0 122,1.0 126,1.0 129,1.0 136,2.0 144,1.0 145,2.0 148,1.0 156,1.0 168,1.0 179,1.0 187,1.0 188,1.0 189,1.0 224,1.0 257,3.0 258,1.0 270,1.0 271,1.0 272,1.0 273,1.0 274,1.0 310,1.0 372,1.0 431,1.0 432,1.0 446,1.0 
47,1.0 80,1.0 82,1.0 83,1.0 84,1.0 
2,1.0 37,1.0 46,2.0 47,2.0 80,1.0 83,1.0 84,1.0 85,1.0 175,1.0 188,1.0 279,1.0 
3,1.0 4,2.0 15,1.0 21,1.0 36,1.0 37,2.0 46,1.0 47,1.0 57,2.0 66,1.0 82,1.0 83,2.0 84,1.0 85,2.0 94,1.0 133,1.0 136,1.0 137,1.0 138,1.0 141,1.0 144,2.0 149,1.0 156,2.0 157,1.0 176,1.0 194,1.0 214,1.0 218,1.0 227,1.0 267,1.0 286,1.0 297,2.0 299,1.0 331,1.0 
2,1.0 5,1.0 32,1.0 43,1.0 44,1.0 46,1.0 47,1.0 48,1.0 65,2.0 82,1.0 83,1.0 85,1.0 115,1.0 161,1.0 340,1.0 370,2.0 371,1.0 
2,2.0 5,2.0 15,1.0 25,1.0 31,1.0 37,1.0 46,1.0 48,1.0 50,1.0 64,1.0 76,2.0 83,1.0 86,1.0 88,1.0 94,1.0 96,1.0 108,1.0 149,1.0 194,1.0 218,1.0 233,1.0 265,1.0 320,1.0 321,1.0 362,1.0 386,1.0 397,1.0 441,1.0 470,1.0 471,1.0 
14,1.0 31,2.0 87,1.0 88,1.0 90,1.0 91,1.0 92,1.0 93,1.0 
2,1.0 3,1.0 5,1.0 31,1.0 32,1.0 43,1.0 50,1.0 57,1.0 80,1.0 88,1.0 89,1.0 108,1.0 110,1.0 112,1.0 113,1.0 114,1.0 115,1.0 122,2.0 156,1.0 161,1.0 188,1.0 192,1.0 229,1.0 257,1.0 259,1.0 270,2.0 271,1.0 272,2.0 273,1.0 274,1.0 281,1.0 304,1.0 340,1.0 385,1.0 386,1.0 
2,2.0 5,2.0 31,1.0 32,1.0 48,1.0 50,2.0 64,1.0 70,1.0 76,2.0 85,1.0 87,1.0 89,1.0 110,1.0 119,1.0 131,1.0 156,1.0 157,1.0 183,1.0 188,1.0 275,1.0 288,1.0 296,1.0 357,1.0 362,1.0 441,1.0 469,1.0 470,1.0 
14,1.0 31,2.0 32,1.0 62,1.0 86,1.0 253,1.0 306,1.0 407,1.0 444,1.0 475,1.0 
1,1.0 3,1.0 5,1.0 10,1.0 43,2.0 76,1.0 87,1.0 91,1.0 92,1.0 93,1.0 94,1.0 110,1.0 126,1.0 139,1.0 189,1.0 194,1.0 199,1.0 200,1.0 201,1.0 229,1.0 255,1.0 276,1.0 281,3.0 394,1.0 
10,1.0 76,1.0 90,1.0 92,1.0 93,1.0 94,2.0 192,1.0 
10,1.0 76,1.0 90,1.0 91,1.0 93,1.0 94,1.0 
10,1.0 76,1.0 90,1.0 91,1.0 92,1.0 94,1.0 
2,1.0 3,2.0 10,2.0 14,3.0 34,1.0 37,1.0 43,1.0 44,1.0 46,1.0 51,1.0 57,3.0 64,1.0 76,3.0 83,1.0 91,2.0 94,1.0 95,1.0 96,1.0 97,1.0 98,1.0 108,2.0 122,1.0 133,1.0 136,1.0 141,1.0 144,1.0 151,1.0 156,2.0 157,1.0 158,1.0 176,1.0 187,1.0 188,2.0 189,1.0 192,1.0 211,1.0 212,1.0 216,1.0 225,1.0 232,1.0 233,1.0 249,1.0 250,1.0 258,1.0 259,1.0 275,1.0 278,1.0 295,1.0 318,1.0 319,1.0 346,1.0 358,1.0 375,2.0 376,1.0 386,1.0 437,1.0 471,1.0 
66,1.0 96,1.0 97,1.0 98,1.0 99,1.0 
25,1.0 66,1.0 85,1.0 95,1.0 97,1.0 98,1.0 99,1.0 265,1.0 320,1.0 321,1.0 
66,1.0 95,1.0 96,1.0 98,1.0 99,1.0 
2,1.0 66,1.0 95,1.0 96,1.0 97,1.0 99,1.0 115,1.0 151,1.0 216,1.0 217,1.0 244,1.0 245,1.0 267,1.0 372,1.0 373,1.0 
16,1.0 24,1.0 27,1.0 56,2.0 66,1.0 77,1.0 100,1.0 101,1.0 102,1.0 103,1.0 104,1.0 105,1.0 122,1.0 171,1.0 212,1.0 260,1.0 
101,1.0 102,1.0 103,1.0 104,1.0 105,1.0 106,1.0 
100,1.0 102,1.0 103,1.0 104,1.0 105,1.0 106,1.0 
100,1.0 101,1.0 103,1.0 104,1.0 105,1.0 106,1.0 
100,1.0 101,1.0 102,1.0 104,1.0 105,1.0 106,1.0 
100,1.0 101,1.0 102,1.0 103,1.0 105,1.0 106,1.0 
100,1.0 101,1.0 102,1.0 103,1.0 104,1.0 106,1.0 
107,1.0 
20,1.0 32,1.0 108,1.0 109,1.0 110,1.0 111,1.0 
2,4.0 3,2.0 4,3.0 5,1.0 14,2.0 18,4.0 20,1.0 32,1.0 34,1.0 43,1.0 47,3.0 50,4.0 62,1.0 63,1.0 70,1.0 76,1.0 87,1.0 94,2.0 98,1.0 108,1.0 109,1.0 110,2.0 111,1.0 112,2.0 113,2.0 115,2.0 122,1.0 133,2.0 136,1.0 144,1.0 149,1.0 151,1.0 153,1.0 156,1.0 166,1.0 170,2.0 174,1.0 176,1.0 188,1.0 194,1.0 216,1.0 230,2.0 232,1.0 233,1.0 238,1.0 272,1.0 276,1.0 278,1.0 301,1.0 304,3.0 323,1.0 337,3.0 372,2.0 375,1.0 376,1.0 386,1.0 433,1.0 434,1.0 461,3.0 471,1.0 
18,1.0 20,1.0 32,1.0 60,1.0 63,1.0 77,1.0 78,1.0 87,1.0 108,1.0 110,1.0 111,1.0 112,1.0 113,1.0 122,1.0 129,2.0 130,1.0 131,1.0 169,1.0 217,1.0 297,1.0 403,1.0 404,1.0 
2,1.0 3,1.0 5,1.0 10,1.0 15,2.0 16,1.0 18,1.0 20,1.0 22,1.0 26,1.0 32,3.0 36,1.0 38,1.0 39,1.0 40,1.0 57,1.0 63,2.0 65,1.0 70,3.0 74,1.0 77,1.0 78,2.0 80,1.0 87,1.0 108,2.0 109,1.0 111,3.0 112,3.0 113,1.0 125,1.0 126,1.0 129,2.0 135,1.0 139,3.0 145,1.0 148,1.0 153,1.0 156,1.0 168,1.0 176,1.0 177,1.0 178,1.0 179,1.0 180,1.0 188,1.0 190,1.0 195,2.0 201,2.0 203,2.0 204,1.0 205,1.0 225,1.0 230,2.0 244,1.0 252,1.0 253,1.0 267,1.0 268,1.0 269,1.0 273,1.0 274,1.0 275,1.0 278,1.0 288,2.0 292,1.0 296,1.0 298,1.0 299,1.0 304,1.0 322,1.0 331,1.0 340,1.0 428,1.0 429,1.0 
2,1.0 4,2.0 20,1.0 26,1.0 32,2.0 36,1.0 39,1.0 46,1.0 52,1.0 63,1.0 64,2.0 66,1.0 70,2.0 77,1.0 78,1.0 87,1.0 94,1.0 108,1.0 109,1.0 110,3.0 112,2.0 113,1.0 119,1.0 129,1.0 146,1.0 172,1.0 180,2.0 185,1.0 186,1.0 187,1.0 188,1.0 225,1.0 244,1.0 252,1.0 257,1.0 267,1.0 268,1.0 269,1.0 301,1.0 448,1.0 
10,1.0 63,1.0 70,1.0 78,1.0 80,1.0 87,2.0 113,1.0 114,1.0 115,1.0 122,2.0 133,1.0 145,1.0 156,1.0 158,1.0 180,1.0 192,1.0 224,1.0 233,1.0 244,1.0 257,1.0 270,2.0 271,1.0 272,2.0 276,1.0 281,1.0 292,1.0 299,1.0 301,1.0 337,1.0 362,1.0 363,1.0 364,1.0 370,1.0 
87,1.0 108,1.0 112,1.0 114,1.0 115,1.0 174,1.0 
6,1.0 115,1.0 116,1.0 117,1.0 118,1.0 119,1.0 120,1.0 121,1.0 
2,2.0 6,1.0 18,1.0 20,1.0 48,1.0 50,1.0 70,1.0 85,1.0 98,1.0 108,2.0 114,1.0 116,1.0 117,1.0 118,1.0 119,1.0 120,1.0 121,1.0 122,1.0 125,1.0 151,2.0 159,1.0 168,1.0 170,2.0 172,1.0 190,1.0 216,1.0 217,1.0 218,1.0 230,2.0 267,1.0 272,1.0 301,1.0 321,1.0 337,1.0 351,1.0 372,1.0 373,1.0 421,1.0 
6,1.0 15,1.0 117,1.0 118,1.0 119,1.0 120,1.0 121,1.0 122,1.0 123,1.0 
6,1.0 15,1.0 116,1.0 118,1.0 119,1.0 120,1.0 121,1.0 122,1.0 123,1.0 
6,1.0 15,1.0 43,1.0 44,1.0 56,1.0 84,1.0 116,1.0 117,1.0 119,1.0 120,1.0 121,1.0 122,1.0 123,1.0 135,1.0 139,1.0 161,1.0 190,1.0 420,1.0 
6,1.0 15,1.0 18,1.0 54,1.0 116,1.0 117,1.0 118,1.0 120,1.0 121,1.0 122,1.0 123,1.0 131,1.0 146,1.0 215,1.0 220,1.0 221,1.0 222,1.0 223,1.0 225,1.0 296,1.0 304,1.0 388,1.0 401,1.0 407,1.0 
6,1.0 15,1.0 116,1.0 117,1.0 118,1.0 119,1.0 121,1.0 122,1.0 123,1.0 
2,1.0 6,1.0 15,1.0 42,1.0 47,1.0 65,1.0 85,1.0 116,1.0 117,1.0 118,1.0 119,1.0 120,1.0 122,1.0 123,1.0 131,1.0 136,1.0 180,1.0 211,1.0 232,1.0 272,1.0 312,1.0 313,1.0 314,1.0 325,1.0 326,1.0 327,1.0 380,1.0 
2,1.0 3,2.0 4,1.0 5,1.0 14,2.0 15,2.0 16,1.0 18,1.0 20,2.0 24,1.0 30,1.0 32,1.0 34,1.0 37,2.0 50,2.0 56,1.0 57,2.0 65,1.0 70,2.0 74,2.0 80,1.0 87,2.0 94,1.0 108,2.0 109,1.0 110,2.0 112,1.0 115,1.0 123,1.0 129,1.0 136,1.0 139,1.0 141,1.0 144,1.0 151,1.0 152,1.0 156,2.0 157,1.0 158,1.0 171,2.0 172,1.0 188,2.0 192,1.0 202,1.0 203,1.0 212,1.0 217,1.0 232,2.0 233,2.0 257,1.0 258,1.0 259,1.0 260,1.0 261,1.0 270,3.0 271,1.0 272,2.0 273,1.0 274,1.0 294,1.0 297,1.0 337,2.0 351,2.0 356,1.0 385,1.0 386,1.0 
5,1.0 15,1.0 24,1.0 30,1.0 48,1.0 122,1.0 301,1.0 
40,1.0 60,1.0 125,1.0 297,1.0 374,1.0 480,1.0 
3,1.0 32,1.0 50,2.0 60,1.0 85,1.0 110,1.0 111,1.0 115,1.0 126,1.0 127,1.0 128,1.0 129,1.0 133,1.0 159,2.0 160,1.0 161,1.0 162,1.0 172,1.0 218,1.0 252,1.0 275,1.0 349,1.0 366,1.0 
1,1.0 5,1.0 30,1.0 32,2.0 38,1.0 54,1.0 59,1.0 62,1.0 74,1.0 77,1.0 80,1.0 110,1.0 127,1.0 128,1.0 129,1.0 136,1.0 139,1.0 161,1.0 162,1.0 179,1.0 181,1.0 190,1.0 201,2.0 258,1.0 306,1.0 409,1.0 
88,1.0 126,1.0 128,1.0 129,1.0 292,1.0 362,1.0 406,1.0 
4,1.0 25,1.0 62,1.0 126,1.0 127,1.0 129,1.0 180,1.0 274,1.0 290,1.0 306,1.0 417,1.0 418,1.0 
10,1.0 18,1.0 32,2.0 60,1.0 63,1.0 77,1.0 78,2.0 80,1.0 109,2.0 110,2.0 111,1.0 112,2.0 130,1.0 145,1.0 148,1.0 168,1.0 169,1.0 212,1.0 233,1.0 244,1.0 252,1.0 297,1.0 403,1.0 404,1.0 
60,1.0 63,1.0 109,1.0 131,1.0 
37,1.0 48,1.0 49,1.0 85,1.0 108,1.0 119,1.0 227,1.0 407,1.0 
43,1.0 133,1.0 134,1.0 135,1.0 139,1.0 204,1.0 306,1.0 336,1.0 
3,1.0 15,1.0 16,1.0 17,1.0 37,1.0 50,1.0 57,2.0 63,3.0 83,1.0 94,1.0 108,1.0 110,1.0 112,2.0 122,1.0 124,1.0 133,1.0 134,1.0 135,1.0 136,1.0 139,1.0 149,1.0 156,2.0 157,1.0 171,1.0 172,1.0 176,1.0 194,2.0 212,1.0 276,3.0 337,3.0 351,1.0 370,1.0 374,1.0 
38,1.0 39,1.0 40,1.0 110,1.0 133,1.0 135,2.0 136,1.0 288,1.0 427,1.0 
4,1.0 5,1.0 22,1.0 34,1.0 36,1.0 38,1.0 39,1.0 40,1.0 43,1.0 44,1.0 56,1.0 67,1.0 84,1.0 110,1.0 118,1.0 133,1.0 134,1.0 136,1.0 139,2.0 152,1.0 161,1.0 190,1.0 229,1.0 288,1.0 298,1.0 322,1.0 331,1.0 420,1.0 428,1.0 429,1.0 434,1.0 450,1.0 
1,1.0 2,4.0 5,1.0 14,2.0 18,1.0 20,1.0 25,1.0 31,1.0 32,3.0 34,1.0 37,1.0 42,1.0 44,1.0 47,1.0 51,1.0 54,1.0 57,1.0 63,1.0 65,3.0 68,1.0 76,4.0 79,1.0 80,2.0 83,1.0 94,1.0 108,1.0 126,1.0 134,1.0 137,1.0 142,1.0 143,1.0 149,1.0 151,1.0 156,1.0 161,1.0 179,1.0 192,1.0 232,1.0 233,1.0 234,1.0 238,1.0 240,2.0 241,1.0 242,1.0 243,1.0 257,2.0 258,1.0 278,1.0 290,1.0 313,1.0 314,1.0 315,1.0 319,1.0 375,1.0 380,1.0 381,1.0 382,1.0 383,1.0 384,1.0 402,1.0 425,1.0 427,1.0 440,1.0 445,1.0 461,1.0 472,1.0 
83,1.0 138,1.0 
20,1.0 
4,2.0 5,1.0 14,1.0 15,1.0 16,2.0 20,1.0 34,2.0 36,1.0 43,2.0 44,1.0 56,1.0 63,2.0 66,1.0 74,1.0 84,1.0 110,3.0 118,1.0 126,1.0 132,1.0 135,2.0 140,1.0 156,1.0 161,1.0 165,1.0 176,1.0 190,3.0 191,1.0 192,1.0 195,2.0 201,2.0 203,2.0 204,2.0 205,1.0 229,1.0 247,1.0 248,1.0 279,1.0 300,1.0 306,1.0 336,1.0 341,1.0 420,1.0 438,1.0 439,1.0 
4,1.0 14,1.0 16,1.0 24,1.0 38,2.0 56,1.0 63,1.0 139,1.0 166,1.0 288,1.0 451,1.0 452,1.0 453,1.0 
1,1.0 3,1.0 5,2.0 18,1.0 37,2.0 43,1.0 48,4.0 57,1.0 74,1.0 79,1.0 83,1.0 94,1.0 110,1.0 122,1.0 139,1.0 149,1.0 156,1.0 187,1.0 196,1.0 202,3.0 203,1.0 204,1.0 211,1.0 212,1.0 224,1.0 227,1.0 261,1.0 278,1.0 281,2.0 282,1.0 299,2.0 331,1.0 396,2.0 470,1.0 
42,1.0 79,1.0 136,1.0 143,1.0 
42,1.0 79,1.0 136,1.0 142,1.0 
2,2.0 4,1.0 10,1.0 24,1.0 47,1.0 52,1.0 54,1.0 70,1.0 76,1.0 80,2.0 94,2.0 112,1.0 121,1.0 133,1.0 136,1.0 145,1.0 146,1.0 156,1.0 158,1.0 166,1.0 211,1.0 225,1.0 238,2.0 243,1.0 256,1.0 257,1.0 275,1.0 295,1.0 298,1.0 299,1.0 300,1.0 301,1.0 318,1.0 324,1.0 325,1.0 326,1.0 327,1.0 346,1.0 358,1.0 375,1.0 431,1.0 432,1.0 435,1.0 436,1.0 
10,1.0 24,1.0 52,1.0 78,1.0 80,1.0 87,1.0 112,1.0 122,1.0 144,2.0 146,1.0 257,1.0 270,1.0 271,1.0 272,1.0 
24,2.0 27,1.0 64,1.0 69,1.0 119,1.0 147,1.0 148,1.0 149,1.0 193,1.0 225,1.0 304,1.0 392,1.0 398,1.0 445,1.0 458,1.0 459,1.0 460,1.0 
10,1.0 16,1.0 50,1.0 51,1.0 64,1.0 148,1.0 149,1.0 150,1.0 276,1.0 398,1.0 
10,1.0 21,1.0 32,1.0 63,1.0 64,1.0 77,1.0 78,2.0 80,1.0 110,1.0 112,1.0 129,1.0 145,1.0 147,1.0 149,1.0 150,1.0 168,2.0 169,1.0 170,1.0 171,1.0 172,1.0 173,1.0 
2,1.0 3,1.0 15,1.0 16,1.0 21,1.0 24,1.0 63,2.0 64,1.0 76,1.0 79,1.0 83,1.0 85,1.0 108,1.0 112,1.0 119,1.0 133,2.0 141,1.0 147,1.0 148,1.0 150,1.0 151,2.0 153,1.0 154,1.0 155,1.0 194,1.0 196,1.0 202,1.0 218,1.0 219,1.0 220,1.0 221,1.0 244,1.0 262,1.0 276,1.0 290,1.0 291,1.0 337,2.0 396,1.0 470,1.0 
2,1.0 70,1.0 
2,2.0 14,1.0 16,1.0 18,1.0 20,2.0 24,2.0 42,1.0 50,2.0 70,1.0 76,3.0 94,1.0 98,1.0 108,1.0 115,2.0 122,2.0 136,1.0 149,1.0 151,1.0 152,1.0 153,3.0 154,2.0 155,2.0 156,1.0 157,1.0 166,1.0 172,1.0 187,1.0 189,1.0 197,1.0 216,1.0 217,1.0 224,1.0 225,1.0 226,1.0 227,1.0 267,1.0 319,1.0 337,1.0 351,1.0 366,1.0 372,1.0 373,1.0 398,1.0 402,2.0 437,1.0 472,1.0 
20,2.0 57,1.0 67,1.0 135,1.0 151,1.0 153,1.0 279,1.0 322,1.0 434,1.0 450,1.0 
2,1.0 20,1.0 24,1.0 70,1.0 76,1.0 108,1.0 110,1.0 122,1.0 151,2.0 152,1.0 154,1.0 155,1.0 156,1.0 157,1.0 304,1.0 
24,1.0 67,1.0 76,1.0 122,1.0 151,1.0 153,1.0 155,1.0 156,1.0 157,1.0 181,1.0 182,1.0 183,1.0 184,1.0 
24,1.0 76,1.0 122,1.0 151,1.0 153,1.0 154,1.0 156,1.0 157,1.0 
2,1.0 3,4.0 4,2.0 15,1.0 18,4.0 37,2.0 47,2.0 57,9.0 77,1.0 79,1.0 83,1.0 94,1.0 108,2.0 110,1.0 112,2.0 122,1.0 125,1.0 133,1.0 139,2.0 141,1.0 156,3.0 157,5.0 176,4.0 180,2.0 188,2.0 204,1.0 205,1.0 211,3.0 224,4.0 247,1.0 248,2.0 261,1.0 272,2.0 273,1.0 274,1.0 275,1.0 278,2.0 292,1.0 299,1.0 301,1.0 302,1.0 309,1.0 319,1.0 328,1.0 329,1.0 330,1.0 393,2.0 461,2.0 
3,1.0 18,1.0 57,3.0 112,1.0 122,1.0 156,5.0 176,2.0 188,1.0 211,1.0 224,1.0 301,1.0 393,1.0 
4,1.0 10,1.0 42,1.0 50,1.0 62,1.0 94,1.0 121,1.0 125,1.0 144,1.0 159,1.0 176,1.0 225,1.0 232,1.0 275,1.0 295,1.0 318,1.0 346,1.0 358,1.0 375,1.0 380,1.0 
50,1.0 85,1.0 115,1.0 125,2.0 160,1.0 161,1.0 162,1.0 218,1.0 
161,1.0 162,1.0 163,1.0 
2,2.0 5,2.0 15,1.0 16,1.0 17,1.0 32,1.0 40,1.0 43,1.0 44,1.0 45,1.0 48,1.0 50,1.0 54,1.0 57,2.0 63,1.0 67,1.0 68,1.0 83,1.0 84,1.0 87,1.0 108,1.0 115,1.0 136,1.0 149,1.0 160,1.0 162,3.0 163,1.0 173,1.0 176,1.0 181,2.0 192,1.0 207,1.0 208,1.0 209,1.0 210,1.0 213,1.0 290,1.0 303,1.0 304,2.0 358,1.0 359,1.0 360,1.0 411,1.0 412,1.0 
54,1.0 160,1.0 161,3.0 163,1.0 173,1.0 181,2.0 213,1.0 303,1.0 304,1.0 411,1.0 412,1.0 
25,1.0 68,1.0 164,1.0 165,1.0 166,1.0 
25,1.0 68,1.0 165,1.0 166,1.0 167,1.0 
16,1.0 25,1.0 68,1.0 139,1.0 164,1.0 166,1.0 167,1.0 176,1.0 279,1.0 438,1.0 439,1.0 
4,1.0 14,1.0 24,2.0 25,2.0 27,1.0 37,1.0 38,1.0 42,1.0 43,1.0 54,1.0 63,1.0 68,1.0 70,1.0 94,1.0 108,1.0 111,1.0 136,1.0 144,1.0 151,2.0 164,1.0 165,1.0 167,1.0 180,1.0 197,3.0 210,1.0 235,1.0 236,2.0 237,1.0 238,2.0 239,1.0 240,1.0 241,1.0 242,1.0 243,1.0 268,1.0 288,1.0 296,1.0 301,1.0 310,1.0 313,1.0 319,1.0 321,1.0 341,1.0 365,1.0 366,2.0 374,1.0 398,1.0 402,1.0 433,1.0 434,1.0 435,3.0 436,1.0 444,1.0 452,1.0 453,1.0 473,1.0 
77,1.0 78,1.0 148,1.0 168,1.0 169,1.0 170,1.0 
10,1.0 20,1.0 21,1.0 32,1.0 63,1.0 77,1.0 78,2.0 80,1.0 110,1.0 112,1.0 129,1.0 145,1.0 148,2.0 169,1.0 170,1.0 171,1.0 172,1.0 173,1.0 188,1.0 190,1.0 211,1.0 299,1.0 300,1.0 321,1.0 421,1.0 
1,2.0 18,1.0 21,1.0 32,1.0 53,2.0 62,1.0 63,1.0 74,1.0 77,3.0 78,2.0 109,1.0 126,1.0 129,1.0 148,1.0 168,1.0 170,1.0 171,1.0 172,1.0 173,1.0 252,1.0 258,1.0 305,1.0 306,1.0 391,1.0 403,1.0 404,1.0 
21,1.0 63,1.0 77,1.0 78,1.0 108,1.0 115,1.0 144,1.0 148,1.0 168,1.0 169,1.0 170,1.0 171,1.0 172,1.0 173,1.0 215,1.0 230,3.0 257,1.0 272,1.0 301,1.0 324,1.0 367,1.0 372,1.0 398,1.0 
16,3.0 17,3.0 21,1.0 22,1.0 24,1.0 32,2.0 36,1.0 46,1.0 52,1.0 56,1.0 62,1.0 63,1.0 66,1.0 74,2.0 77,1.0 108,1.0 113,1.0 122,1.0 171,1.0 172,1.0 173,1.0 187,1.0 189,1.0 212,1.0 232,2.0 240,1.0 258,2.0 260,1.0 261,2.0 262,1.0 276,1.0 277,1.0 278,1.0 280,1.0 297,1.0 331,1.0 424,1.0 
4,1.0 16,1.0 17,1.0 18,1.0 20,1.0 21,1.0 50,2.0 63,2.0 64,1.0 70,1.0 108,2.0 111,1.0 113,1.0 115,1.0 119,1.0 122,1.0 133,1.0 144,1.0 146,1.0 151,1.0 171,2.0 173,1.0 190,1.0 225,1.0 238,1.0 240,1.0 256,1.0 276,1.0 337,1.0 351,1.0 
21,1.0 54,1.0 63,1.0 108,1.0 113,1.0 161,1.0 162,1.0 171,1.0 172,1.0 213,1.0 303,1.0 304,1.0 
2,1.0 82,1.0 
176,1.0 
3,3.0 4,4.0 5,2.0 15,1.0 32,1.0 37,1.0 47,1.0 50,1.0 57,3.0 62,2.0 79,2.0 80,1.0 82,1.0 83,1.0 90,1.0 94,1.0 108,1.0 109,1.0 110,2.0 122,1.0 126,1.0 133,2.0 136,1.0 149,1.0 156,3.0 157,1.0 161,1.0 176,1.0 177,2.0 178,1.0 179,1.0 180,1.0 188,1.0 205,1.0 211,1.0 214,1.0 215,1.0 217,1.0 224,2.0 279,1.0 299,1.0 301,1.0 304,1.0 306,1.0 330,1.0 337,1.0 341,1.0 372,1.0 393,2.0 396,1.0 439,1.0 
5,1.0 110,1.0 176,1.0 178,1.0 179,1.0 180,1.0 
5,1.0 67,1.0 154,1.0 179,1.0 180,1.0 181,1.0 182,1.0 183,1.0 
5,1.0 16,1.0 34,1.0 66,1.0 67,1.0 139,1.0 154,1.0 178,1.0 180,1.0 181,1.0 182,1.0 183,1.0 190,1.0 
2,4.0 4,2.0 5,1.0 25,1.0 37,1.0 39,1.0 52,1.0 62,1.0 66,1.0 67,1.0 70,1.0 77,2.0 111,1.0 128,1.0 154,1.0 156,3.0 178,1.0 179,1.0 180,1.0 181,1.0 182,1.0 183,1.0 211,1.0 257,1.0 272,4.0 274,1.0 278,1.0 290,1.0 292,1.0 293,1.0 294,1.0 295,1.0 301,1.0 302,1.0 306,1.0 316,1.0 328,2.0 329,1.0 330,1.0 351,1.0 352,1.0 417,1.0 418,1.0 448,1.0 
67,1.0 154,1.0 161,1.0 162,1.0 181,1.0 182,1.0 183,1.0 184,1.0 411,2.0 412,2.0 413,1.0 
67,1.0 154,1.0 181,1.0 183,1.0 184,1.0 
64,1.0 67,1.0 154,1.0 181,1.0 182,1.0 184,1.0 441,1.0 443,1.0 
64,1.0 111,1.0 185,1.0 186,1.0 
46,1.0 64,1.0 94,1.0 111,1.0 186,1.0 187,1.0 188,1.0 
46,1.0 64,1.0 94,1.0 111,1.0 185,1.0 187,1.0 188,1.0 
22,1.0 42,1.0 46,2.0 48,1.0 50,1.0 53,1.0 77,1.0 80,1.0 94,1.0 141,1.0 151,1.0 169,1.0 171,1.0 188,1.0 189,4.0 224,2.0 225,1.0 226,1.0 227,1.0 240,1.0 280,1.0 281,1.0 305,1.0 396,1.0 446,1.0 
3,2.0 5,1.0 14,2.0 15,1.0 20,1.0 30,1.0 31,1.0 34,1.0 37,1.0 46,1.0 57,1.0 74,1.0 82,1.0 94,2.0 108,1.0 110,1.0 122,1.0 125,1.0 136,1.0 156,2.0 157,1.0 187,1.0 189,1.0 202,1.0 211,1.0 232,1.0 233,1.0 240,1.0 273,1.0 274,1.0 275,1.0 278,1.0 290,1.0 299,1.0 300,1.0 301,1.0 395,1.0 
4,1.0 5,1.0 15,1.0 22,1.0 32,1.0 42,1.0 46,1.0 50,1.0 79,3.0 80,1.0 90,1.0 110,1.0 126,1.0 139,1.0 151,1.0 171,1.0 176,1.0 187,3.0 199,1.0 200,1.0 201,1.0 224,2.0 225,1.0 226,1.0 227,1.0 240,1.0 280,1.0 281,1.0 334,1.0 335,1.0 446,1.0 
2,1.0 5,2.0 16,1.0 20,1.0 34,1.0 43,1.0 44,1.0 56,1.0 63,2.0 66,1.0 68,2.0 84,1.0 90,1.0 118,1.0 122,1.0 135,1.0 136,1.0 139,2.0 141,1.0 144,1.0 161,1.0 168,1.0 172,1.0 188,1.0 189,1.0 191,1.0 192,1.0 197,1.0 198,1.0 199,1.0 200,1.0 201,1.0 202,1.0 211,1.0 238,1.0 239,1.0 240,1.0 256,1.0 257,1.0 299,1.0 300,1.0 321,1.0 420,1.0 421,1.0 
192,2.0 193,1.0 
2,1.0 5,1.0 18,3.0 46,1.0 50,1.0 57,1.0 70,1.0 80,1.0 82,1.0 87,1.0 108,1.0 122,1.0 133,2.0 156,1.0 157,1.0 158,1.0 161,1.0 191,1.0 192,1.0 193,4.0 195,1.0 230,1.0 233,1.0 270,1.0 278,1.0 284,1.0 285,1.0 286,1.0 302,1.0 304,1.0 455,1.0 456,1.0 
18,2.0 42,1.0 47,1.0 83,2.0 133,3.0 146,1.0 192,1.0 212,1.0 273,1.0 292,1.0 302,2.0 351,1.0 397,1.0 
5,1.0 15,1.0 21,1.0 48,1.0 63,1.0 65,1.0 85,1.0 90,1.0 144,1.0 149,1.0 218,1.0 219,1.0 258,1.0 276,2.0 281,1.0 310,1.0 311,1.0 315,1.0 407,1.0 436,1.0 449,1.0 462,1.0 463,1.0 464,1.0 
18,1.0 192,1.0 196,1.0 203,1.0 204,1.0 205,1.0 206,1.0 230,1.0 455,1.0 456,1.0 
60,1.0 75,1.0 190,1.0 197,1.0 198,1.0 200,1.0 476,1.0 477,1.0 478,1.0 
5,1.0 37,1.0 90,1.0 151,1.0 166,3.0 189,1.0 190,1.0 198,1.0 199,1.0 200,1.0 313,1.0 341,1.0 366,1.0 398,1.0 402,1.0 435,2.0 444,1.0 473,1.0 
5,1.0 90,1.0 189,1.0 190,1.0 197,1.0 199,1.0 200,1.0 
5,1.0 18,1.0 27,1.0 47,1.0 90,1.0 110,1.0 126,1.0 139,1.0 189,1.0 200,1.0 201,1.0 213,1.0 421,1.0 
5,1.0 60,1.0 75,1.0 90,1.0 110,1.0 126,1.0 139,1.0 189,1.0 199,1.0 201,1.0 252,1.0 253,1.0 473,1.0 476,1.0 477,1.0 478,1.0 479,1.0 
5,1.0 110,1.0 122,1.0 126,1.0 139,1.0 141,1.0 190,2.0 201,1.0 202,1.0 
5,3.0 48,1.0 74,1.0 79,1.0 110,1.0 122,1.0 139,1.0 141,3.0 149,1.0 176,1.0 196,1.0 203,1.0 281,1.0 282,1.0 306,1.0 395,1.0 396,2.0 470,1.0 
74,1.0 110,1.0 139,1.0 195,2.0 203,1.0 204,2.0 205,2.0 206,1.0 
16,1.0 17,1.0 37,1.0 43,1.0 66,1.0 171,1.0 195,1.0 203,1.0 205,1.0 206,1.0 213,1.0 278,1.0 299,1.0 336,1.0 
3,1.0 79,1.0 90,1.0 176,1.0 195,1.0 203,1.0 204,1.0 206,1.0 224,1.0 393,1.0 
16,1.0 17,1.0 161,1.0 207,1.0 208,1.0 
16,1.0 17,1.0 40,1.0 68,1.0 161,1.0 208,1.0 209,1.0 210,1.0 
16,1.0 17,1.0 40,1.0 68,1.0 161,1.0 207,1.0 209,1.0 210,1.0 
16,1.0 40,1.0 68,1.0 94,1.0 141,1.0 210,1.0 211,1.0 212,1.0 251,1.0 252,1.0 253,1.0 254,1.0 
4,1.0 27,1.0 40,1.0 68,1.0 70,1.0 94,1.0 111,1.0 141,1.0 166,1.0 180,1.0 209,1.0 211,1.0 212,1.0 268,1.0 301,1.0 321,1.0 
2,1.0 3,1.0 4,1.0 15,1.0 20,1.0 31,1.0 37,2.0 47,1.0 57,1.0 79,1.0 94,1.0 121,1.0 141,1.0 156,2.0 176,1.0 180,1.0 188,1.0 205,1.0 212,1.0 224,2.0 272,1.0 278,2.0 299,1.0 300,1.0 319,1.0 325,1.0 326,1.0 327,1.0 393,1.0 
16,1.0 32,1.0 37,3.0 50,1.0 56,1.0 74,1.0 94,1.0 122,4.0 133,1.0 141,1.0 171,2.0 211,1.0 232,1.0 233,1.0 258,1.0 260,1.0 261,1.0 294,1.0 351,2.0 356,1.0 
4,1.0 16,1.0 27,1.0 39,1.0 47,1.0 54,3.0 76,1.0 176,1.0 199,1.0 213,1.0 214,1.0 246,1.0 303,2.0 304,1.0 337,1.0 367,3.0 421,1.0 
4,1.0 15,1.0 176,1.0 215,1.0 217,1.0 230,1.0 
15,1.0 42,1.0 50,1.0 151,1.0 187,1.0 189,1.0 215,1.0 216,1.0 220,1.0 222,1.0 223,1.0 224,1.0 225,1.0 399,2.0 400,2.0 
2,1.0 43,1.0 46,1.0 76,1.0 136,1.0 151,1.0 217,2.0 228,1.0 267,1.0 278,1.0 313,1.0 317,1.0 324,1.0 334,1.0 373,2.0 374,1.0 375,1.0 376,1.0 402,1.0 
46,1.0 83,1.0 85,1.0 109,1.0 122,1.0 129,1.0 149,1.0 216,1.0 217,1.0 223,1.0 227,1.0 228,1.0 230,1.0 267,1.0 285,1.0 294,1.0 297,1.0 313,1.0 317,1.0 318,1.0 323,1.0 324,1.0 334,1.0 337,1.0 348,1.0 373,2.0 374,2.0 376,1.0 377,1.0 398,1.0 408,1.0 
15,1.0 21,1.0 63,1.0 85,1.0 88,1.0 115,1.0 125,1.0 149,1.0 159,1.0 194,1.0 219,1.0 357,1.0 442,1.0 
21,1.0 63,1.0 119,1.0 149,1.0 220,1.0 221,1.0 
70,1.0 108,1.0 110,1.0 119,1.0 153,1.0 215,1.0 221,1.0 222,1.0 223,1.0 304,1.0 
119,1.0 215,1.0 220,1.0 222,1.0 223,1.0 350,1.0 
42,1.0 50,1.0 151,1.0 187,1.0 189,1.0 215,1.0 223,1.0 224,1.0 225,1.0 
42,1.0 50,1.0 151,1.0 187,1.0 189,1.0 215,1.0 222,1.0 224,1.0 225,1.0 377,1.0 378,1.0 379,1.0 
3,1.0 18,1.0 37,1.0 42,1.0 50,1.0 57,2.0 62,1.0 79,2.0 80,1.0 90,1.0 112,1.0 141,1.0 151,1.0 156,2.0 176,2.0 187,2.0 189,2.0 204,1.0 205,2.0 211,1.0 224,1.0 225,1.0 226,1.0 227,1.0 261,1.0 278,1.0 281,1.0 299,2.0 301,1.0 362,1.0 363,1.0 364,1.0 393,2.0 421,1.0 424,1.0 446,1.0 
10,1.0 42,1.0 50,1.0 94,1.0 119,1.0 144,1.0 146,1.0 151,1.0 158,2.0 187,1.0 189,1.0 224,1.0 226,1.0 227,1.0 275,1.0 295,1.0 304,1.0 318,1.0 346,1.0 358,1.0 375,1.0 
227,1.0 228,1.0 
4,1.0 48,1.0 57,1.0 108,1.0 124,1.0 131,1.0 213,1.0 226,1.0 228,1.0 331,1.0 
10,1.0 34,1.0 36,1.0 94,1.0 135,1.0 139,1.0 144,1.0 158,1.0 225,1.0 228,1.0 229,1.0 313,1.0 317,3.0 318,2.0 324,1.0 334,1.0 358,1.0 373,1.0 374,1.0 375,1.0 
4,1.0 5,1.0 34,1.0 36,1.0 43,1.0 87,1.0 135,1.0 139,1.0 281,1.0 340,1.0 
1,1.0 3,1.0 14,1.0 15,1.0 16,1.0 18,2.0 65,1.0 83,1.0 94,1.0 108,2.0 110,1.0 115,1.0 122,1.0 131,1.0 144,1.0 145,1.0 170,3.0 188,1.0 217,1.0 227,2.0 230,1.0 231,1.0 267,1.0 272,1.0 292,1.0 301,1.0 324,1.0 340,1.0 
3,1.0 14,1.0 94,1.0 108,1.0 122,1.0 188,1.0 230,1.0 
14,1.0 32,1.0 34,1.0 42,1.0 74,1.0 121,1.0 131,1.0 136,1.0 171,1.0 233,1.0 234,1.0 258,1.0 261,1.0 262,1.0 380,1.0 
5,1.0 14,1.0 16,1.0 34,1.0 37,1.0 50,1.0 64,1.0 70,1.0 122,2.0 136,1.0 158,1.0 180,1.0 192,1.0 212,1.0 232,1.0 234,1.0 270,1.0 272,1.0 287,1.0 294,1.0 315,1.0 441,1.0 442,1.0 
24,1.0 166,1.0 235,1.0 236,1.0 237,1.0 238,1.0 239,1.0 
24,1.0 25,1.0 63,1.0 136,1.0 166,1.0 236,1.0 237,1.0 238,1.0 239,1.0 240,1.0 241,1.0 242,1.0 
1,1.0 24,1.0 25,1.0 63,1.0 74,1.0 136,1.0 166,2.0 171,1.0 235,1.0 237,1.0 238,1.0 239,1.0 240,1.0 241,1.0 242,1.0 258,1.0 296,1.0 319,1.0 365,1.0 366,1.0 425,1.0 
24,1.0 25,1.0 63,1.0 136,1.0 166,1.0 235,1.0 236,1.0 238,1.0 239,1.0 240,1.0 241,1.0 242,1.0 
2,1.0 5,1.0 24,1.0 25,1.0 54,1.0 63,1.0 76,1.0 80,1.0 87,1.0 136,2.0 144,2.0 161,1.0 166,2.0 192,1.0 235,1.0 236,1.0 237,1.0 239,1.0 240,1.0 241,1.0 242,1.0 243,1.0 256,1.0 257,1.0 435,1.0 436,1.0 
2,1.0 24,1.0 25,1.0 63,2.0 68,2.0 136,2.0 166,1.0 190,1.0 235,1.0 236,1.0 237,1.0 238,1.0 240,1.0 241,1.0 242,1.0 257,1.0 
5,2.0 15,1.0 22,1.0 25,1.0 30,1.0 46,1.0 54,1.0 63,2.0 65,1.0 74,1.0 76,1.0 136,2.0 144,1.0 171,1.0 172,1.0 187,1.0 188,1.0 189,1.0 190,1.0 202,1.0 238,2.0 241,1.0 242,1.0 243,1.0 256,1.0 280,1.0 290,1.0 395,1.0 
5,1.0 25,1.0 54,1.0 63,1.0 76,1.0 136,1.0 240,1.0 242,1.0 243,1.0 
5,1.0 10,1.0 25,1.0 27,1.0 53,1.0 54,1.0 63,1.0 76,1.0 136,1.0 240,1.0 241,1.0 243,1.0 277,1.0 392,1.0 
5,1.0 14,1.0 54,2.0 76,1.0 94,1.0 98,1.0 151,1.0 166,1.0 319,1.0 435,1.0 436,1.0 
16,1.0 17,1.0 36,1.0 70,1.0 112,1.0 122,1.0 192,1.0 233,1.0 245,1.0 246,1.0 270,1.0 409,1.0 
16,1.0 17,1.0 36,1.0 244,1.0 246,1.0 
16,2.0 17,1.0 36,1.0 76,1.0 187,1.0 247,1.0 
44,1.0 64,1.0 94,1.0 156,1.0 249,1.0 
139,1.0 156,1.0 247,1.0 
44,1.0 64,1.0 94,1.0 250,1.0 
4,1.0 15,1.0 16,1.0 21,1.0 63,1.0 64,1.0 83,1.0 111,1.0 172,1.0 209,1.0 251,1.0 252,1.0 253,1.0 
16,1.0 209,1.0 252,1.0 253,1.0 254,1.0 
1,1.0 16,1.0 32,1.0 53,1.0 110,1.0 111,1.0 112,1.0 129,1.0 161,1.0 169,1.0 176,1.0 209,1.0 244,1.0 251,1.0 253,2.0 254,1.0 391,1.0 473,1.0 479,1.0 
16,1.0 62,1.0 89,1.0 110,1.0 161,1.0 176,1.0 209,1.0 251,1.0 252,2.0 254,1.0 278,1.0 299,1.0 306,1.0 407,1.0 444,1.0 473,1.0 475,1.0 479,1.0 
255,1.0 
1,1.0 43,2.0 63,1.0 87,1.0 90,1.0 172,1.0 190,1.0 229,1.0 240,1.0 281,1.0 
2,1.0 43,1.0 63,1.0 68,1.0 76,1.0 80,1.0 136,1.0 144,1.0 190,1.0 238,1.0 239,1.0 257,1.0 438,1.0 
2,3.0 3,1.0 37,1.0 51,1.0 52,1.0 57,2.0 68,1.0 76,2.0 80,2.0 87,1.0 94,1.0 110,1.0 122,1.0 136,2.0 156,2.0 170,1.0 180,1.0 188,1.0 192,1.0 211,1.0 215,1.0 258,1.0 270,1.0 271,1.0 272,1.0 273,1.0 274,1.0 276,1.0 278,2.0 310,1.0 372,2.0 398,1.0 
1,2.0 5,1.0 32,2.0 38,1.0 48,1.0 51,1.0 57,1.0 62,1.0 65,1.0 74,3.0 76,1.0 94,1.0 121,1.0 126,1.0 171,2.0 224,1.0 232,1.0 236,1.0 259,1.0 261,1.0 262,1.0 306,1.0 310,1.0 311,1.0 312,1.0 319,1.0 360,1.0 423,1.0 425,1.0 
24,1.0 27,1.0 56,1.0 77,1.0 99,1.0 368,1.0 387,1.0 388,1.0 389,1.0 390,1.0 
16,1.0 32,1.0 56,1.0 74,1.0 122,1.0 171,2.0 212,1.0 232,1.0 258,1.0 261,1.0 
18,1.0 32,1.0 37,1.0 57,1.0 74,1.0 141,1.0 156,1.0 171,1.0 204,1.0 224,1.0 232,1.0 258,1.0 262,1.0 278,1.0 299,1.0 
3,1.0 149,1.0 244,1.0 263,1.0 
264,1.0 
27,1.0 39,1.0 66,1.0 67,1.0 166,1.0 210,1.0 265,1.0 266,1.0 268,1.0 321,1.0 
39,1.0 63,1.0 66,1.0 67,1.0 70,1.0 110,2.0 111,1.0 266,1.0 320,1.0 321,1.0 322,1.0 
39,1.0 63,1.0 66,1.0 67,1.0 70,1.0 110,1.0 111,1.0 265,1.0 
18,1.0 26,1.0 32,1.0 36,1.0 77,1.0 78,1.0 80,1.0 83,2.0 110,1.0 129,1.0 148,1.0 168,1.0 216,1.0 217,1.0 228,1.0 268,1.0 269,1.0 297,1.0 313,1.0 317,1.0 324,1.0 334,1.0 373,2.0 374,1.0 
4,1.0 26,1.0 27,1.0 32,1.0 36,1.0 70,1.0 77,1.0 78,1.0 80,1.0 110,1.0 111,1.0 129,1.0 148,1.0 166,1.0 168,1.0 180,1.0 210,1.0 267,1.0 269,1.0 277,1.0 301,1.0 321,1.0 362,1.0 368,1.0 369,1.0 
26,1.0 32,1.0 36,1.0 77,1.0 78,1.0 80,1.0 110,1.0 129,1.0 148,1.0 168,1.0 267,1.0 268,1.0 
3,1.0 15,1.0 57,1.0 63,1.0 70,1.0 80,1.0 87,2.0 110,1.0 122,3.0 156,1.0 158,1.0 188,1.0 192,1.0 233,1.0 250,1.0 257,1.0 259,1.0 271,1.0 272,2.0 273,1.0 274,1.0 310,1.0 358,1.0 385,1.0 386,1.0 419,1.0 
3,1.0 57,1.0 80,1.0 87,1.0 110,1.0 122,1.0 156,1.0 188,1.0 257,1.0 270,1.0 272,1.0 273,1.0 274,1.0 
2,3.0 3,1.0 14,1.0 31,1.0 57,1.0 77,2.0 80,1.0 87,2.0 108,1.0 110,1.0 115,1.0 122,2.0 156,3.0 170,2.0 180,5.0 188,1.0 230,2.0 233,1.0 257,1.0 259,1.0 270,2.0 271,1.0 272,1.0 273,1.0 274,1.0 292,1.0 293,1.0 294,1.0 301,1.0 302,1.0 328,2.0 329,1.0 330,1.0 385,1.0 386,1.0 426,1.0 
3,1.0 4,1.0 25,1.0 42,1.0 57,1.0 62,1.0 110,1.0 125,1.0 128,1.0 133,1.0 156,1.0 180,1.0 188,1.0 193,1.0 274,1.0 275,1.0 302,1.0 306,1.0 315,1.0 359,1.0 367,1.0 380,1.0 395,1.0 397,1.0 416,1.0 417,1.0 418,1.0 
3,1.0 57,1.0 83,1.0 110,1.0 125,1.0 156,1.0 188,1.0 273,1.0 275,1.0 290,1.0 
2,2.0 5,2.0 50,3.0 76,2.0 85,1.0 88,1.0 125,1.0 133,1.0 172,1.0 217,1.0 285,1.0 294,1.0 295,1.0 318,2.0 323,1.0 346,1.0 374,1.0 376,1.0 469,1.0 470,1.0 
10,1.0 16,1.0 17,1.0 18,1.0 63,1.0 108,1.0 111,1.0 112,1.0 133,1.0 144,1.0 166,1.0 171,1.0 250,1.0 277,1.0 278,1.0 337,1.0 370,1.0 398,1.0 433,1.0 434,1.0 
10,1.0 27,1.0 53,1.0 242,1.0 268,1.0 278,1.0 279,1.0 362,1.0 368,1.0 369,1.0 392,1.0 
2,1.0 3,1.0 4,1.0 15,1.0 16,1.0 17,1.0 31,1.0 37,2.0 43,1.0 66,1.0 76,1.0 83,1.0 136,1.0 141,1.0 151,1.0 156,1.0 171,1.0 192,1.0 193,1.0 204,1.0 211,1.0 216,1.0 277,1.0 279,1.0 299,2.0 302,1.0 319,1.0 331,1.0 375,1.0 376,1.0 397,2.0 402,1.0 422,1.0 
3,1.0 5,1.0 32,1.0 37,1.0 62,1.0 65,1.0 66,1.0 84,1.0 176,1.0 341,1.0 342,1.0 343,1.0 344,1.0 345,1.0 439,1.0 
22,1.0 46,1.0 171,1.0 187,1.0 189,1.0 240,1.0 
4,1.0 5,1.0 15,2.0 32,2.0 43,1.0 48,2.0 74,1.0 79,3.0 87,1.0 90,1.0 115,1.0 125,1.0 141,2.0 159,1.0 187,1.0 189,1.0 194,1.0 202,1.0 218,1.0 229,1.0 276,1.0 282,1.0 334,1.0 335,1.0 340,1.0 363,1.0 364,1.0 394,1.0 396,1.0 
5,1.0 48,1.0 79,1.0 141,1.0 202,1.0 281,1.0 
24,1.0 43,1.0 192,1.0 256,1.0 284,1.0 285,1.0 286,1.0 438,1.0 445,1.0 
133,1.0 192,1.0 285,1.0 286,1.0 
40,1.0 67,1.0 112,1.0 133,1.0 192,1.0 217,1.0 223,1.0 224,1.0 284,1.0 286,1.0 294,1.0 299,1.0 301,1.0 318,1.0 323,1.0 331,1.0 361,1.0 362,1.0 374,1.0 376,1.0 377,1.0 
133,1.0 146,1.0 192,1.0 284,1.0 285,1.0 298,1.0 341,1.0 419,1.0 
15,1.0 16,1.0 54,1.0 65,1.0 233,1.0 288,2.0 289,1.0 
1,2.0 5,1.0 10,1.0 15,2.0 22,1.0 24,1.0 38,2.0 39,1.0 40,1.0 42,1.0 43,2.0 54,2.0 65,2.0 70,1.0 90,1.0 110,2.0 135,1.0 166,1.0 225,1.0 255,1.0 287,1.0 288,1.0 289,2.0 296,1.0 298,1.0 310,1.0 331,1.0 338,1.0 339,1.0 428,1.0 429,1.0 452,1.0 453,1.0 
10,1.0 15,1.0 54,1.0 65,1.0 288,1.0 
2,1.0 4,1.0 5,1.0 15,2.0 24,1.0 27,1.0 30,2.0 32,1.0 74,1.0 79,2.0 83,1.0 149,1.0 188,1.0 189,1.0 202,1.0 240,1.0 274,1.0 281,1.0 291,1.0 333,1.0 395,1.0 
1,1.0 2,1.0 79,1.0 230,1.0 
16,1.0 50,1.0 51,1.0 57,1.0 88,1.0 127,1.0 131,1.0 147,1.0 180,1.0 194,1.0 227,1.0 230,1.0 272,1.0 286,1.0 293,1.0 362,1.0 367,1.0 406,1.0 449,1.0 454,1.0 
233,1.0 272,1.0 
122,1.0 180,1.0 217,1.0 223,1.0 285,1.0 295,1.0 318,1.0 323,1.0 351,1.0 356,1.0 374,1.0 376,1.0 377,1.0 
88,1.0 180,1.0 217,1.0 275,1.0 285,1.0 294,1.0 316,1.0 318,2.0 323,1.0 326,1.0 346,1.0 351,1.0 374,1.0 376,1.0 
18,2.0 54,1.0 70,1.0 110,1.0 119,1.0 151,1.0 166,1.0 170,1.0 197,1.0 225,1.0 288,1.0 366,2.0 388,1.0 401,1.0 402,1.0 
18,1.0 48,1.0 83,1.0 123,1.0 129,1.0 212,1.0 214,1.0 233,1.0 296,1.0 301,1.0 
10,1.0 22,1.0 126,1.0 299,1.0 300,1.0 301,1.0 331,1.0 419,1.0 428,1.0 429,1.0 430,1.0 
10,1.0 16,1.0 17,1.0 20,1.0 31,1.0 37,1.0 66,1.0 83,1.0 110,1.0 112,1.0 122,1.0 141,1.0 166,1.0 171,1.0 188,1.0 204,1.0 211,1.0 224,1.0 227,1.0 253,1.0 278,3.0 281,1.0 298,1.0 300,2.0 301,2.0 330,1.0 331,1.0 362,1.0 363,1.0 364,1.0 
10,1.0 14,1.0 20,1.0 31,1.0 188,1.0 211,1.0 272,1.0 278,1.0 298,1.0 299,2.0 301,1.0 341,1.0 426,1.0 
4,2.0 5,1.0 10,1.0 39,1.0 47,1.0 48,1.0 66,1.0 70,1.0 108,1.0 111,1.0 112,1.0 115,1.0 123,1.0 170,2.0 176,1.0 180,1.0 224,1.0 230,2.0 272,1.0 281,1.0 298,1.0 299,2.0 300,1.0 348,1.0 362,1.0 363,1.0 364,1.0 448,1.0 
18,1.0 42,1.0 57,1.0 133,2.0 141,1.0 156,1.0 161,1.0 162,1.0 173,1.0 193,2.0 212,1.0 224,1.0 261,1.0 273,1.0 329,1.0 330,1.0 351,1.0 397,1.0 
16,1.0 18,1.0 31,1.0 39,2.0 54,1.0 76,1.0 199,1.0 213,1.0 246,1.0 304,1.0 367,1.0 401,1.0 
2,3.0 3,1.0 4,1.0 15,1.0 16,1.0 50,2.0 54,1.0 57,1.0 62,1.0 63,1.0 70,1.0 76,1.0 98,1.0 108,3.0 110,1.0 115,1.0 133,1.0 149,1.0 151,1.0 153,1.0 161,1.0 170,1.0 176,1.0 213,1.0 246,1.0 257,1.0 303,1.0 304,1.0 337,1.0 372,3.0 398,1.0 
1,1.0 32,1.0 53,1.0 62,1.0 74,1.0 77,1.0 126,1.0 169,1.0 258,1.0 306,1.0 
1,1.0 4,1.0 5,1.0 17,1.0 25,1.0 32,2.0 43,1.0 49,1.0 62,3.0 65,1.0 74,1.0 82,1.0 89,1.0 126,1.0 128,1.0 132,1.0 136,1.0 139,1.0 176,1.0 180,1.0 188,1.0 204,1.0 253,1.0 258,1.0 274,1.0 290,1.0 336,1.0 340,1.0 396,1.0 407,1.0 411,1.0 414,1.0 415,1.0 417,1.0 418,1.0 444,1.0 445,1.0 475,1.0 
43,1.0 308,1.0 
8,1.0 16,1.0 38,1.0 56,1.0 82,1.0 140,1.0 445,1.0 451,1.0 464,1.0 465,1.0 466,1.0 467,1.0 468,1.0 
57,1.0 194,1.0 
42,1.0 43,1.0 48,1.0 49,1.0 65,1.0 121,1.0 257,1.0 258,1.0 270,1.0 276,1.0 306,1.0 311,1.0 312,1.0 358,1.0 372,1.0 419,1.0 
48,1.0 65,1.0 121,1.0 258,1.0 310,1.0 312,1.0 
65,1.0 121,1.0 136,1.0 313,1.0 314,1.0 
65,1.0 136,1.0 166,1.0 197,1.0 228,2.0 314,1.0 315,1.0 317,2.0 318,1.0 324,1.0 334,1.0 341,1.0 373,1.0 374,1.0 435,1.0 444,1.0 
65,1.0 136,1.0 313,1.0 315,1.0 
4,1.0 25,1.0 62,1.0 128,1.0 180,1.0 194,1.0 218,1.0 273,1.0 306,1.0 316,1.0 359,1.0 361,1.0 407,1.0 416,1.0 417,1.0 418,1.0 442,2.0 
2,1.0 5,1.0 180,1.0 317,1.0 318,1.0 319,1.0 351,1.0 352,1.0 
2,1.0 5,1.0 10,1.0 25,1.0 85,1.0 94,1.0 96,1.0 144,1.0 158,1.0 225,1.0 228,3.0 313,1.0 317,1.0 318,3.0 319,1.0 324,1.0 334,1.0 358,1.0 373,1.0 374,1.0 375,1.0 
2,1.0 5,1.0 10,1.0 25,1.0 85,1.0 94,1.0 96,1.0 144,1.0 158,1.0 217,2.0 221,1.0 223,1.0 225,1.0 228,1.0 275,1.0 285,2.0 294,2.0 295,1.0 317,2.0 318,1.0 319,1.0 323,2.0 346,1.0 358,1.0 374,2.0 375,1.0 376,2.0 377,1.0 
1,1.0 2,2.0 3,1.0 4,1.0 5,1.0 14,2.0 15,1.0 25,1.0 44,1.0 74,1.0 85,1.0 94,1.0 96,1.0 122,1.0 136,1.0 151,1.0 171,1.0 236,1.0 258,1.0 317,1.0 318,1.0 375,1.0 380,1.0 381,1.0 382,1.0 383,1.0 384,1.0 425,1.0 437,1.0 
110,1.0 265,1.0 321,1.0 322,1.0 
4,1.0 20,1.0 27,1.0 70,1.0 110,1.0 111,1.0 166,1.0 168,1.0 180,1.0 188,1.0 190,1.0 210,1.0 211,1.0 265,1.0 268,1.0 299,1.0 300,1.0 301,1.0 320,1.0 322,1.0 421,1.0 
67,1.0 110,1.0 141,1.0 187,1.0 230,1.0 281,1.0 292,1.0 396,1.0 434,1.0 450,1.0 
50,1.0 108,1.0 115,1.0 170,1.0 217,1.0 223,1.0 230,1.0 272,1.0 285,1.0 294,1.0 301,1.0 318,1.0 374,1.0 376,1.0 377,1.0 
47,1.0 121,1.0 144,1.0 211,1.0 228,2.0 313,1.0 315,1.0 317,2.0 318,1.0 325,1.0 326,1.0 327,1.0 334,1.0 373,1.0 374,1.0 
2,1.0 47,1.0 121,1.0 180,1.0 211,1.0 272,1.0 326,1.0 327,1.0 
2,1.0 47,1.0 121,1.0 180,2.0 211,1.0 272,1.0 295,1.0 316,1.0 325,1.0 327,1.0 351,1.0 
2,1.0 47,1.0 121,1.0 180,1.0 211,1.0 272,1.0 325,1.0 326,1.0 
2,1.0 77,1.0 156,1.0 180,1.0 272,1.0 302,1.0 329,1.0 330,1.0 
18,1.0 57,1.0 141,1.0 156,1.0 224,1.0 261,1.0 302,1.0 330,1.0 
18,1.0 43,1.0 57,1.0 122,1.0 141,1.0 156,1.0 192,1.0 195,1.0 224,1.0 261,1.0 299,1.0 302,1.0 329,1.0 410,1.0 455,1.0 456,1.0 
4,1.0 22,1.0 36,1.0 40,1.0 48,1.0 57,1.0 67,1.0 83,1.0 112,1.0 141,1.0 224,1.0 227,1.0 278,1.0 285,1.0 298,1.0 299,2.0 301,1.0 332,1.0 361,1.0 362,1.0 397,1.0 428,1.0 429,1.0 430,1.0 
24,1.0 27,1.0 30,1.0 135,1.0 152,1.0 290,1.0 333,1.0 
4,1.0 15,1.0 24,1.0 27,1.0 30,1.0 32,1.0 79,1.0 189,1.0 281,1.0 290,1.0 
79,1.0 132,1.0 139,1.0 228,2.0 306,1.0 313,1.0 317,2.0 318,1.0 324,1.0 335,1.0 373,1.0 374,1.0 
79,1.0 132,1.0 139,1.0 306,1.0 334,1.0 
43,1.0 204,1.0 213,1.0 
3,1.0 4,1.0 18,1.0 37,1.0 50,2.0 62,1.0 63,2.0 108,2.0 112,2.0 133,3.0 149,1.0 166,1.0 176,1.0 197,1.0 217,2.0 276,2.0 304,2.0 313,1.0 337,1.0 370,1.0 372,1.0 444,1.0 457,1.0 
1,2.0 5,1.0 43,1.0 90,1.0 255,1.0 288,1.0 339,1.0 
1,2.0 5,1.0 43,1.0 90,1.0 255,1.0 288,1.0 338,1.0 
15,1.0 16,1.0 18,2.0 47,1.0 65,1.0 110,1.0 193,1.0 230,1.0 286,1.0 371,1.0 414,1.0 415,1.0 
14,1.0 37,1.0 193,1.0 272,1.0 279,1.0 300,1.0 337,1.0 341,1.0 342,1.0 362,1.0 426,1.0 435,1.0 440,1.0 457,1.0 
279,1.0 343,1.0 344,1.0 345,1.0 
344,1.0 345,1.0 346,1.0 
343,1.0 345,1.0 346,1.0 
343,1.0 344,1.0 346,1.0 
217,1.0 275,1.0 285,1.0 294,1.0 295,1.0 318,2.0 323,1.0 347,1.0 374,1.0 376,1.0 
217,1.0 
58,1.0 62,1.0 89,1.0 253,1.0 292,1.0 306,1.0 349,1.0 367,1.0 392,1.0 474,1.0 475,1.0 
3,1.0 32,1.0 110,1.0 111,1.0 125,1.0 129,1.0 252,1.0 318,1.0 366,1.0 
295,1.0 326,1.0 
18,1.0 20,1.0 37,1.0 50,1.0 70,1.0 108,1.0 115,1.0 122,3.0 133,1.0 151,1.0 172,1.0 180,1.0 212,1.0 294,1.0 316,1.0 337,1.0 352,1.0 356,1.0 
353,1.0 
354,1.0 
355,1.0 
212,1.0 356,1.0 
122,1.0 212,1.0 294,1.0 351,1.0 357,1.0 
64,1.0 88,1.0 161,1.0 183,1.0 358,1.0 441,1.0 483,1.0 
10,1.0 67,1.0 94,1.0 144,1.0 158,1.0 161,1.0 225,1.0 270,1.0 275,1.0 295,1.0 310,1.0 318,1.0 346,1.0 359,1.0 360,1.0 375,1.0 419,1.0 
4,1.0 25,1.0 40,1.0 62,1.0 67,2.0 128,1.0 180,1.0 273,1.0 285,1.0 306,1.0 315,1.0 331,1.0 360,1.0 361,1.0 416,1.0 417,1.0 418,1.0 
38,1.0 40,1.0 67,2.0 224,1.0 258,1.0 285,1.0 331,1.0 359,1.0 361,1.0 423,1.0 
40,1.0 67,1.0 112,1.0 224,1.0 285,1.0 299,1.0 301,1.0 331,1.0 362,1.0 482,1.0 
88,1.0 112,1.0 119,1.0 131,1.0 166,1.0 224,1.0 236,1.0 268,1.0 277,1.0 281,1.0 299,1.0 301,1.0 341,2.0 363,1.0 364,1.0 365,1.0 368,1.0 369,1.0 
115,1.0 125,1.0 159,1.0 218,1.0 281,1.0 364,1.0 
115,1.0 125,1.0 159,1.0 218,1.0 281,1.0 363,1.0 
166,1.0 236,1.0 296,1.0 366,1.0 
3,1.0 32,1.0 110,1.0 111,1.0 125,1.0 129,1.0 151,1.0 166,1.0 170,1.0 197,1.0 252,1.0 296,1.0 349,1.0 398,1.0 402,1.0 
39,2.0 54,1.0 194,1.0 199,1.0 213,1.0 268,1.0 277,1.0 292,1.0 303,2.0 341,1.0 362,2.0 367,1.0 407,1.0 449,1.0 
1,1.0 169,1.0 252,1.0 270,1.0 369,1.0 387,1.0 388,1.0 389,1.0 390,1.0 
270,1.0 368,1.0 
27,1.0 65,1.0 84,1.0 192,1.0 199,1.0 213,1.0 227,1.0 370,1.0 371,1.0 421,1.0 
65,1.0 84,1.0 90,1.0 194,1.0 281,1.0 370,2.0 
2,1.0 3,1.0 4,1.0 50,1.0 62,1.0 98,1.0 108,1.0 115,1.0 133,1.0 149,1.0 151,1.0 170,1.0 176,1.0 215,1.0 216,1.0 217,1.0 257,2.0 267,1.0 276,1.0 304,1.0 310,1.0 337,1.0 373,1.0 398,1.0 
216,1.0 217,1.0 228,3.0 267,1.0 313,2.0 317,3.0 318,1.0 324,2.0 334,2.0 373,1.0 374,2.0 
24,1.0 124,1.0 217,1.0 223,1.0 228,2.0 283,1.0 285,1.0 294,1.0 297,1.0 313,1.0 317,2.0 318,2.0 323,1.0 324,1.0 334,1.0 373,1.0 376,1.0 377,1.0 445,1.0 
2,1.0 10,1.0 43,1.0 44,1.0 76,1.0 87,1.0 94,1.0 122,1.0 136,1.0 144,1.0 151,1.0 158,1.0 216,1.0 225,1.0 270,1.0 272,1.0 275,1.0 278,1.0 295,1.0 318,1.0 346,1.0 358,1.0 376,1.0 382,1.0 383,1.0 384,1.0 385,1.0 386,1.0 402,1.0 
2,1.0 43,1.0 76,1.0 136,1.0 151,1.0 216,1.0 217,1.0 223,1.0 278,1.0 285,1.0 294,1.0 318,1.0 323,1.0 374,1.0 375,1.0 377,1.0 402,1.0 
223,1.0 378,1.0 379,1.0 
14,1.0 136,1.0 319,1.0 379,1.0 380,1.0 381,1.0 
14,1.0 136,1.0 319,1.0 378,1.0 380,1.0 381,1.0 
14,1.0 42,1.0 44,1.0 121,1.0 131,1.0 136,1.0 232,1.0 273,1.0 319,1.0 367,1.0 375,1.0 381,1.0 382,1.0 383,1.0 384,1.0 395,1.0 
14,1.0 44,1.0 136,1.0 319,1.0 375,1.0 380,1.0 382,1.0 383,1.0 384,1.0 
44,1.0 87,1.0 122,1.0 270,1.0 272,1.0 375,1.0 383,1.0 384,1.0 385,1.0 386,1.0 
44,1.0 87,1.0 122,1.0 270,1.0 272,1.0 375,1.0 382,1.0 384,1.0 385,1.0 386,1.0 
44,1.0 87,1.0 122,1.0 270,1.0 272,1.0 375,1.0 382,1.0 383,1.0 385,1.0 386,1.0 
87,1.0 122,1.0 259,1.0 270,1.0 272,1.0 386,1.0 
2,1.0 43,1.0 76,1.0 87,1.0 94,1.0 108,1.0 122,1.0 216,1.0 259,1.0 270,1.0 272,1.0 278,1.0 375,1.0 376,1.0 385,1.0 471,1.0 
1,1.0 169,1.0 252,1.0 368,1.0 388,1.0 389,1.0 390,1.0 
1,1.0 18,1.0 54,1.0 119,1.0 169,1.0 252,1.0 296,1.0 368,1.0 387,1.0 389,1.0 390,1.0 401,1.0 
1,1.0 169,1.0 252,1.0 368,1.0 387,1.0 388,1.0 390,1.0 
1,1.0 169,1.0 252,1.0 368,1.0 387,1.0 388,1.0 389,1.0 
53,2.0 242,1.0 277,1.0 
10,1.0 27,1.0 58,1.0 62,1.0 69,1.0 89,1.0 146,1.0 192,1.0 253,1.0 306,1.0 348,1.0 398,1.0 474,1.0 475,1.0 
3,1.0 57,1.0 79,1.0 83,1.0 90,1.0 94,1.0 133,1.0 156,1.0 176,2.0 205,1.0 224,1.0 
15,1.0 32,1.0 74,1.0 281,1.0 
5,1.0 176,1.0 202,1.0 273,1.0 306,1.0 367,1.0 380,1.0 396,1.0 
48,1.0 82,1.0 141,2.0 149,1.0 176,1.0 187,1.0 188,1.0 196,1.0 202,1.0 281,1.0 306,1.0 470,1.0 
42,1.0 83,1.0 133,1.0 141,1.0 193,1.0 273,3.0 278,1.0 299,1.0 302,1.0 315,1.0 331,1.0 359,1.0 380,1.0 395,1.0 416,1.0 
3,1.0 10,1.0 18,1.0 24,1.0 27,1.0 77,1.0 78,1.0 109,1.0 111,1.0 129,1.0 146,1.0 149,1.0 169,1.0 170,1.0 215,1.0 257,1.0 262,1.0 276,1.0 372,1.0 403,1.0 408,1.0 445,1.0 458,1.0 459,1.0 460,1.0 
215,1.0 220,1.0 400,1.0 
215,1.0 220,1.0 399,1.0 
18,2.0 31,1.0 39,1.0 54,1.0 119,1.0 296,1.0 303,1.0 388,1.0 
2,1.0 76,1.0 136,1.0 151,2.0 166,1.0 197,1.0 366,1.0 398,1.0 472,1.0 
18,1.0 77,1.0 78,1.0 109,1.0 129,1.0 169,1.0 404,1.0 
405,1.0 
127,1.0 292,1.0 406,1.0 
88,1.0 127,1.0 292,1.0 362,1.0 
141,1.0 149,1.0 194,1.0 202,1.0 217,1.0 315,1.0 332,1.0 337,1.0 396,1.0 444,1.0 470,1.0 
3,1.0 149,1.0 262,1.0 398,1.0 
43,1.0 54,1.0 59,1.0 77,1.0 126,1.0 161,1.0 162,1.0 181,1.0 330,1.0 
54,1.0 59,1.0 77,1.0 126,1.0 409,1.0 
17,1.0 181,1.0 306,1.0 340,1.0 412,1.0 413,1.0 414,1.0 415,1.0 
181,1.0 411,1.0 413,1.0 
17,1.0 306,1.0 411,1.0 
18,1.0 47,1.0 193,1.0 340,1.0 415,1.0 
18,1.0 47,1.0 193,1.0 340,1.0 414,1.0 
4,1.0 25,1.0 62,1.0 128,1.0 180,1.0 273,1.0 306,1.0 315,1.0 359,1.0 417,1.0 418,1.0 
4,1.0 25,1.0 62,1.0 128,1.0 180,1.0 274,1.0 290,1.0 306,1.0 418,1.0 
4,1.0 25,1.0 62,1.0 128,1.0 180,1.0 274,1.0 290,1.0 306,1.0 417,1.0 
126,1.0 298,1.0 299,1.0 
43,1.0 44,1.0 56,1.0 84,1.0 118,1.0 135,1.0 139,1.0 161,1.0 190,1.0 
1,1.0 20,1.0 27,1.0 47,1.0 62,1.0 74,1.0 168,1.0 188,1.0 190,1.0 199,1.0 211,1.0 213,1.0 236,1.0 258,1.0 299,1.0 300,1.0 319,1.0 321,1.0 424,1.0 425,1.0 
36,1.0 
38,1.0 224,1.0 258,1.0 360,1.0 
1,1.0 20,1.0 32,2.0 52,1.0 62,4.0 64,2.0 74,1.0 139,1.0 236,1.0 258,1.0 319,1.0 421,1.0 424,1.0 425,3.0 
1,2.0 2,1.0 20,2.0 32,1.0 62,1.0 64,1.0 74,1.0 134,1.0 136,1.0 139,1.0 171,1.0 236,1.0 258,1.0 319,1.0 424,1.0 427,1.0 
14,1.0 31,1.0 272,1.0 
38,1.0 39,1.0 40,1.0 110,1.0 134,1.0 135,1.0 288,1.0 
22,1.0 298,1.0 331,1.0 429,1.0 430,1.0 
22,1.0 298,1.0 331,1.0 428,1.0 430,1.0 
276,1.0 
4,1.0 80,1.0 257,1.0 310,1.0 372,1.0 432,1.0 
4,1.0 80,1.0 257,1.0 310,1.0 372,1.0 431,1.0 
108,1.0 144,1.0 166,1.0 238,1.0 434,1.0 
67,1.0 108,1.0 141,1.0 144,1.0 166,1.0 187,1.0 238,1.0 281,1.0 322,1.0 396,1.0 433,1.0 450,1.0 
14,1.0 37,1.0 54,1.0 94,1.0 151,1.0 166,2.0 193,1.0 197,1.0 243,1.0 319,1.0 341,1.0 436,1.0 473,1.0 
8,1.0 14,1.0 54,1.0 94,1.0 151,1.0 166,1.0 243,1.0 308,1.0 319,1.0 435,1.0 462,1.0 463,1.0 464,1.0 465,1.0 
16,1.0 139,1.0 165,1.0 438,1.0 
16,1.0 43,1.0 63,1.0 68,1.0 139,1.0 165,1.0 176,1.0 190,1.0 239,1.0 256,1.0 279,1.0 439,1.0 
37,1.0 176,1.0 279,1.0 341,1.0 
31,1.0 57,1.0 121,1.0 292,1.0 454,1.0 
5,1.0 64,2.0 183,1.0 233,1.0 315,1.0 442,1.0 443,1.0 
88,1.0 218,2.0 315,1.0 357,1.0 442,1.0 
444,1.0 
141,1.0 149,1.0 166,1.0 197,1.0 202,1.0 270,1.0 310,1.0 313,1.0 341,1.0 358,1.0 396,1.0 407,1.0 435,1.0 470,1.0 
2,1.0 5,1.0 24,2.0 27,1.0 31,1.0 32,1.0 43,1.0 45,1.0 50,1.0 65,1.0 76,1.0 88,1.0 136,1.0 161,1.0 256,1.0 275,1.0 283,1.0 438,1.0 440,1.0 458,1.0 459,1.0 460,1.0 464,1.0 466,1.0 467,1.0 468,1.0 469,1.0 
447,1.0 
264,1.0 
3,1.0 39,1.0 66,1.0 125,1.0 349,1.0 366,1.0 
194,1.0 315,1.0 407,1.0 
67,1.0 141,1.0 187,1.0 281,1.0 322,1.0 396,1.0 434,1.0 
16,1.0 24,1.0 38,2.0 56,1.0 140,1.0 166,1.0 288,1.0 452,1.0 453,1.0 
24,1.0 38,1.0 42,1.0 43,1.0 166,1.0 288,1.0 310,1.0 453,1.0 
24,1.0 38,1.0 42,1.0 43,1.0 166,1.0 288,1.0 310,1.0 452,1.0 
16,1.0 50,1.0 51,1.0 57,1.0 147,1.0 292,1.0 
18,1.0 192,1.0 195,1.0 230,1.0 456,1.0 
18,1.0 192,1.0 195,1.0 230,1.0 455,1.0 
166,1.0 197,1.0 313,1.0 337,1.0 444,1.0 
24,1.0 27,1.0 45,1.0 161,1.0 445,1.0 459,1.0 460,1.0 
24,1.0 27,1.0 45,1.0 161,1.0 445,1.0 458,1.0 460,1.0 
24,1.0 27,1.0 45,1.0 161,1.0 445,1.0 458,1.0 459,1.0 
4,2.0 5,1.0 18,3.0 47,3.0 108,3.0 156,1.0 194,1.0 461,1.0 
8,1.0 308,1.0 436,1.0 463,1.0 464,1.0 465,1.0 
8,1.0 308,1.0 436,1.0 462,1.0 464,1.0 465,1.0 
2,1.0 5,1.0 8,1.0 50,1.0 76,1.0 88,1.0 275,1.0 308,1.0 436,1.0 445,1.0 462,1.0 463,1.0 465,1.0 466,1.0 467,1.0 468,1.0 469,1.0 
8,1.0 308,1.0 445,1.0 464,1.0 466,1.0 467,1.0 468,1.0 
2,1.0 5,1.0 50,1.0 76,1.0 88,1.0 275,1.0 445,1.0 464,1.0 467,1.0 468,1.0 469,1.0 
2,1.0 5,1.0 50,1.0 76,1.0 88,1.0 275,1.0 445,1.0 464,1.0 466,1.0 468,1.0 469,1.0 
2,1.0 5,1.0 50,1.0 76,1.0 88,1.0 275,1.0 445,1.0 464,1.0 466,1.0 467,1.0 469,1.0 
2,2.0 5,2.0 50,2.0 76,2.0 85,1.0 88,1.0 275,1.0 470,1.0 
2,2.0 5,1.0 50,1.0 76,2.0 85,1.0 94,1.0 108,1.0 141,1.0 149,1.0 196,1.0 202,1.0 386,1.0 396,1.0 471,1.0 
2,1.0 43,1.0 76,1.0 94,1.0 108,1.0 216,1.0 278,1.0 375,1.0 376,1.0 386,1.0 
20,1.0 70,1.0 115,1.0 122,1.0 151,1.0 172,1.0 351,1.0 
58,1.0 161,1.0 176,1.0 252,1.0 253,1.0 348,1.0 392,1.0 474,1.0 479,1.0 
58,1.0 62,1.0 89,1.0 253,1.0 306,1.0 348,1.0 392,1.0 475,1.0 
62,1.0 89,1.0 253,1.0 306,1.0 407,1.0 444,1.0 
60,1.0 75,1.0 200,1.0 252,1.0 253,1.0 473,1.0 477,1.0 478,1.0 479,1.0 
60,1.0 75,1.0 200,1.0 252,1.0 253,1.0 473,1.0 476,1.0 478,1.0 479,1.0 
60,1.0 75,1.0 200,1.0 252,1.0 253,1.0 473,1.0 476,1.0 477,1.0 479,1.0 
161,1.0 176,1.0 252,1.0 253,1.0 473,1.0 
481,1.0 
324,1.0 
357,1.0 
484,1.0 
485,1.0 
486,1.0 
487,1.0 488,1.0 489,1.0 
488,1.0 489,1.0 
487,1.0 489,1.0 
487,1.0 488,1.0 
