1,3.0 13,1.0 14,1.0 39,1.0 113,1.0 
2,4.0 14,1.0 28,2.0 55,1.0 62,1.0 97,1.0 99,1.0 113,1.0 126,1.0 139,1.0 143,1.0 175,1.0 188,1.0 196,1.0 207,1.0 208,1.0 209,1.0 220,1.0 236,1.0 241,2.0 247,1.0 254,1.0 261,1.0 276,1.0 299,1.0 300,1.0 486,1.0 
3,2.0 15,1.0 16,1.0 39,1.0 123,1.0 128,1.0 140,1.0 142,1.0 179,1.0 191,1.0 199,1.0 229,1.0 304,1.0 358,1.0 374,1.0 382,1.0 
3,1.0 4,1.0 14,2.0 15,1.0 16,1.0 17,2.0 18,1.0 146,1.0 487,1.0 
5,3.0 6,1.0 9,1.0 12,2.0 13,2.0 24,3.0 31,2.0 33,2.0 34,1.0 35,1.0 36,1.0 42,2.0 45,1.0 55,1.0 56,2.0 61,1.0 67,3.0 69,1.0 70,2.0 71,1.0 74,1.0 77,1.0 84,1.0 87,4.0 90,1.0 92,1.0 102,1.0 105,1.0 115,1.0 116,1.0 133,1.0 138,2.0 139,4.0 141,1.0 144,1.0 145,1.0 151,1.0 160,1.0 162,3.0 163,1.0 164,2.0 165,3.0 166,1.0 167,1.0 170,1.0 171,2.0 176,1.0 177,2.0 189,1.0 203,1.0 208,1.0 209,1.0 210,2.0 212,1.0 214,1.0 220,1.0 227,2.0 229,1.0 254,1.0 261,1.0 265,1.0 268,2.0 284,1.0 286,2.0 310,1.0 311,1.0 312,1.0 325,1.0 331,1.0 333,2.0 346,1.0 349,1.0 387,1.0 391,1.0 494,1.0 
6,1.0 7,1.0 8,1.0 9,3.0 10,2.0 11,1.0 12,1.0 22,1.0 23,1.0 24,1.0 36,1.0 37,1.0 45,1.0 46,1.0 67,1.0 70,2.0 71,1.0 74,1.0 75,1.0 77,1.0 139,1.0 141,1.0 148,2.0 151,1.0 160,1.0 166,1.0 169,1.0 177,1.0 185,1.0 186,1.0 189,2.0 227,1.0 243,1.0 251,1.0 266,1.0 269,1.0 271,1.0 325,1.0 326,1.0 333,3.0 372,1.0 391,1.0 437,1.0 469,2.0 
5,1.0 7,1.0 8,1.0 9,1.0 10,1.0 11,3.0 12,1.0 17,1.0 24,1.0 27,1.0 49,1.0 60,2.0 61,1.0 62,2.0 64,1.0 69,2.0 70,1.0 78,1.0 85,1.0 92,3.0 93,2.0 102,1.0 107,2.0 116,1.0 117,1.0 118,1.0 119,1.0 120,1.0 121,1.0 122,1.0 135,1.0 136,1.0 139,1.0 151,1.0 162,1.0 166,1.0 167,1.0 177,1.0 181,1.0 183,1.0 185,1.0 207,1.0 211,1.0 225,1.0 227,1.0 229,1.0 249,1.0 256,1.0 272,2.0 299,1.0 325,2.0 333,1.0 353,1.0 356,1.0 366,1.0 384,1.0 399,1.0 400,1.0 401,1.0 407,1.0 408,1.0 409,1.0 426,1.0 435,1.0 454,1.0 455,1.0 456,1.0 461,1.0 507,1.0 508,1.0 523,1.0 543,1.0 553,1.0 554,1.0 555,1.0 
8,1.0 9,1.0 10,1.0 11,1.0 12,1.0 93,1.0 120,1.0 136,2.0 179,1.0 331,1.0 
7,1.0 9,1.0 10,1.0 11,1.0 12,1.0 14,1.0 19,1.0 39,1.0 110,1.0 113,1.0 123,1.0 124,1.0 125,1.0 264,1.0 294,1.0 473,1.0 
5,3.0 6,2.0 7,1.0 8,1.0 10,1.0 11,4.0 12,4.0 15,4.0 16,1.0 17,1.0 20,2.0 21,1.0 22,1.0 23,1.0 24,1.0 34,1.0 35,2.0 36,2.0 45,1.0 52,1.0 57,1.0 62,1.0 63,1.0 64,1.0 65,2.0 66,1.0 67,2.0 68,1.0 69,2.0 70,2.0 74,2.0 81,1.0 82,1.0 83,1.0 84,1.0 85,1.0 93,2.0 99,1.0 101,1.0 117,1.0 118,1.0 122,1.0 128,1.0 133,1.0 134,1.0 135,1.0 139,1.0 151,2.0 160,1.0 162,1.0 165,1.0 171,1.0 176,1.0 177,1.0 183,1.0 185,1.0 187,2.0 205,2.0 211,1.0 215,1.0 217,1.0 219,1.0 225,3.0 227,1.0 243,1.0 265,1.0 273,1.0 275,1.0 299,1.0 325,1.0 326,1.0 333,1.0 342,1.0 356,1.0 364,1.0 391,1.0 392,1.0 405,2.0 426,1.0 445,1.0 446,1.0 467,1.0 468,1.0 469,2.0 502,1.0 503,1.0 506,1.0 
5,1.0 7,1.0 8,1.0 9,1.0 11,1.0 12,1.0 35,1.0 36,1.0 56,1.0 80,1.0 96,1.0 108,1.0 109,1.0 115,1.0 116,3.0 141,1.0 145,1.0 171,1.0 177,2.0 188,2.0 191,1.0 209,1.0 218,1.0 225,1.0 251,1.0 272,1.0 326,1.0 327,1.0 364,1.0 365,1.0 370,1.0 394,3.0 395,1.0 396,1.0 410,2.0 434,1.0 523,1.0 
6,1.0 7,1.0 8,1.0 9,1.0 10,1.0 12,8.0 13,2.0 17,2.0 22,1.0 24,1.0 25,1.0 26,1.0 27,1.0 28,2.0 32,1.0 35,1.0 36,1.0 37,1.0 42,2.0 44,1.0 46,2.0 49,2.0 56,1.0 61,1.0 70,1.0 71,3.0 72,3.0 73,1.0 74,1.0 75,1.0 85,1.0 86,1.0 87,2.0 93,2.0 105,1.0 112,1.0 113,1.0 115,1.0 116,2.0 118,1.0 119,1.0 120,3.0 121,2.0 122,3.0 124,3.0 126,1.0 133,2.0 135,2.0 137,1.0 140,3.0 141,1.0 152,1.0 163,1.0 164,1.0 165,1.0 166,1.0 167,1.0 169,1.0 170,2.0 176,1.0 177,4.0 180,1.0 181,2.0 183,2.0 187,2.0 188,6.0 190,1.0 204,1.0 206,2.0 218,1.0 222,1.0 223,1.0 224,1.0 225,2.0 227,1.0 228,1.0 229,1.0 235,2.0 247,1.0 262,1.0 264,1.0 272,3.0 298,1.0 305,1.0 320,4.0 321,1.0 324,1.0 325,1.0 326,3.0 327,1.0 340,1.0 342,2.0 349,1.0 364,2.0 366,1.0 385,1.0 401,1.0 405,4.0 423,2.0 452,1.0 461,2.0 462,1.0 463,2.0 464,2.0 466,1.0 482,1.0 509,1.0 511,1.0 
0,1.0 1,1.0 5,1.0 9,1.0 11,9.0 12,1.0 13,2.0 14,1.0 15,1.0 17,1.0 21,1.0 22,2.0 24,1.0 25,1.0 26,1.0 27,1.0 28,2.0 37,1.0 38,2.0 45,1.0 49,1.0 54,1.0 56,4.0 61,1.0 67,2.0 68,1.0 69,1.0 70,2.0 71,4.0 72,2.0 73,1.0 74,2.0 75,1.0 78,1.0 85,1.0 86,1.0 87,2.0 93,1.0 95,1.0 124,2.0 128,1.0 133,2.0 140,2.0 151,1.0 154,1.0 158,1.0 159,1.0 162,1.0 170,1.0 177,2.0 188,1.0 190,1.0 204,1.0 206,1.0 210,1.0 223,2.0 227,2.0 235,2.0 243,2.0 255,1.0 260,1.0 271,1.0 272,2.0 320,2.0 321,1.0 326,4.0 333,1.0 340,1.0 349,1.0 364,1.0 366,1.0 423,1.0 448,1.0 461,1.0 462,1.0 463,2.0 464,2.0 470,1.0 511,1.0 
0,1.0 1,1.0 14,1.0 15,1.0 25,1.0 26,1.0 27,1.0 28,2.0 29,4.0 30,1.0 31,1.0 32,2.0 33,1.0 34,1.0 35,1.0 36,1.0 37,1.0 38,1.0 44,1.0 53,1.0 69,1.0 70,1.0 75,2.0 80,1.0 81,1.0 87,2.0 89,1.0 90,1.0 91,1.0 95,1.0 102,1.0 108,1.0 109,1.0 110,1.0 116,1.0 127,1.0 128,1.0 130,1.0 133,1.0 140,1.0 141,2.0 144,1.0 150,2.0 156,2.0 157,1.0 162,1.0 165,3.0 166,3.0 167,1.0 168,2.0 169,1.0 170,2.0 177,1.0 186,1.0 209,2.0 228,1.0 232,1.0 248,1.0 254,1.0 261,1.0 267,1.0 273,2.0 274,1.0 340,1.0 383,1.0 390,1.0 393,1.0 405,1.0 421,1.0 422,1.0 427,2.0 435,1.0 439,1.0 443,1.0 535,1.0 536,1.0 
1,1.0 2,1.0 3,1.0 8,1.0 9,1.0 12,1.0 15,1.0 17,1.0 18,1.0 54,1.0 64,1.0 71,1.0 85,1.0 89,1.0 93,1.0 99,1.0 117,1.0 135,1.0 138,1.0 140,2.0 171,1.0 174,2.0 217,1.0 218,1.0 223,1.0 243,1.0 261,1.0 264,1.0 271,1.0 275,1.0 284,1.0 299,1.0 320,1.0 321,1.0 327,1.0 335,1.0 385,1.0 386,1.0 470,1.0 473,1.0 528,1.0 529,1.0 
3,2.0 4,1.0 6,1.0 9,6.0 11,1.0 12,1.0 13,1.0 14,3.0 16,3.0 17,1.0 19,1.0 20,1.0 21,1.0 22,1.0 23,1.0 34,1.0 35,1.0 36,1.0 46,1.0 54,1.0 56,1.0 65,1.0 67,2.0 71,2.0 74,1.0 75,1.0 81,1.0 82,1.0 83,1.0 84,1.0 85,1.0 93,2.0 122,1.0 134,2.0 135,2.0 150,1.0 151,2.0 173,1.0 176,1.0 183,1.0 187,3.0 209,1.0 221,1.0 223,1.0 225,5.0 226,1.0 227,1.0 228,1.0 229,1.0 230,1.0 232,1.0 235,2.0 248,1.0 269,1.0 271,1.0 273,1.0 320,2.0 332,1.0 333,1.0 342,1.0 356,1.0 364,1.0 426,1.0 470,1.0 502,1.0 503,1.0 
3,2.0 6,1.0 9,2.0 14,1.0 15,3.0 17,1.0 19,1.0 20,1.0 21,1.0 22,1.0 23,1.0 34,1.0 43,1.0 60,1.0 74,1.0 76,1.0 81,1.0 82,1.0 83,1.0 84,1.0 85,1.0 92,1.0 93,1.0 94,1.0 95,1.0 107,1.0 162,1.0 308,1.0 364,1.0 489,1.0 512,1.0 546,1.0 547,1.0 552,1.0 553,1.0 554,1.0 555,1.0 
2,1.0 3,1.0 9,1.0 14,1.0 18,1.0 20,1.0 21,1.0 24,1.0 35,1.0 42,1.0 52,2.0 56,1.0 62,1.0 85,1.0 87,1.0 89,1.0 99,1.0 101,2.0 116,1.0 122,1.0 126,1.0 142,1.0 151,1.0 160,2.0 161,1.0 162,3.0 163,1.0 164,3.0 165,1.0 167,1.0 170,1.0 183,1.0 185,1.0 186,1.0 191,2.0 193,1.0 203,1.0 209,1.0 211,1.0 212,1.0 214,1.0 229,2.0 247,2.0 255,1.0 261,1.0 321,1.0 329,1.0 334,1.0 349,1.0 356,1.0 413,1.0 443,1.0 464,1.0 469,1.0 482,1.0 509,1.0 527,1.0 
15,1.0 16,1.0 19,1.0 20,1.0 39,1.0 80,1.0 205,1.0 268,1.0 276,1.0 301,1.0 323,1.0 341,1.0 
8,1.0 9,1.0 15,1.0 16,1.0 20,1.0 21,1.0 22,1.0 23,1.0 39,1.0 44,1.0 110,1.0 113,1.0 123,1.0 124,1.0 125,1.0 163,1.0 257,1.0 276,2.0 282,1.0 420,1.0 
9,2.0 11,1.0 12,1.0 17,1.0 21,1.0 22,1.0 23,1.0 24,1.0 52,1.0 62,1.0 80,1.0 99,1.0 101,1.0 122,1.0 154,1.0 165,1.0 205,1.0 211,1.0 268,1.0 341,1.0 342,1.0 
9,1.0 11,1.0 12,2.0 20,1.0 22,1.0 23,1.0 24,1.0 36,1.0 46,1.0 62,1.0 72,1.0 77,1.0 78,1.0 79,1.0 80,1.0 84,1.0 122,1.0 126,1.0 134,1.0 149,1.0 152,1.0 162,1.0 181,1.0 209,1.0 272,1.0 284,1.0 329,1.0 330,1.0 351,1.0 
5,1.0 9,1.0 11,2.0 12,2.0 20,1.0 21,1.0 23,2.0 24,1.0 37,1.0 42,1.0 71,1.0 72,1.0 73,1.0 74,1.0 75,1.0 148,1.0 151,1.0 372,1.0 
5,1.0 9,1.0 11,1.0 12,1.0 20,1.0 21,1.0 22,2.0 24,1.0 36,1.0 54,1.0 56,1.0 58,1.0 61,1.0 62,2.0 67,1.0 78,1.0 110,1.0 130,1.0 144,1.0 147,1.0 148,1.0 151,1.0 372,1.0 
4,2.0 6,1.0 11,1.0 12,2.0 13,2.0 25,1.0 26,1.0 27,1.0 28,1.0 29,1.0 31,1.0 33,2.0 34,1.0 36,1.0 38,1.0 42,3.0 52,1.0 56,1.0 61,2.0 62,1.0 67,1.0 71,1.0 74,1.0 84,1.0 87,4.0 93,1.0 105,1.0 115,1.0 120,1.0 122,1.0 128,1.0 139,2.0 148,1.0 150,3.0 151,2.0 154,1.0 160,1.0 164,1.0 166,3.0 167,1.0 170,3.0 173,1.0 176,1.0 186,1.0 188,1.0 189,1.0 203,1.0 211,2.0 214,2.0 227,1.0 230,1.0 256,1.0 276,1.0 286,1.0 349,1.0 351,1.0 352,1.0 411,1.0 455,1.0 469,1.0 494,1.0 
13,1.0 17,1.0 26,1.0 27,1.0 28,1.0 29,1.0 30,1.0 56,1.0 105,1.0 132,1.0 150,2.0 167,1.0 170,2.0 191,1.0 203,1.0 209,1.0 211,1.0 214,1.0 215,1.0 216,1.0 262,1.0 273,1.0 366,1.0 408,1.0 505,1.0 
5,1.0 11,1.0 12,1.0 13,1.0 25,1.0 26,2.0 27,1.0 28,2.0 29,1.0 30,1.0 32,1.0 52,2.0 75,1.0 133,1.0 170,3.0 182,2.0 203,1.0 235,1.0 326,1.0 333,1.0 336,2.0 340,2.0 453,3.0 462,3.0 463,2.0 469,2.0 510,3.0 
10,1.0 13,1.0 17,1.0 25,1.0 26,1.0 28,1.0 29,1.0 30,1.0 32,2.0 33,1.0 35,1.0 36,1.0 52,2.0 89,2.0 90,2.0 92,1.0 99,1.0 124,1.0 136,1.0 140,1.0 150,1.0 151,1.0 157,1.0 161,1.0 162,1.0 167,1.0 168,1.0 170,1.0 180,1.0 185,1.0 186,3.0 188,1.0 211,1.0 221,1.0 223,1.0 225,2.0 242,1.0 262,2.0 284,1.0 305,1.0 336,1.0 366,1.0 394,1.0 401,1.0 434,1.0 480,1.0 
1,1.0 12,1.0 13,2.0 25,1.0 26,3.0 27,1.0 29,1.0 30,1.0 32,1.0 55,1.0 56,2.0 61,1.0 62,1.0 67,1.0 69,1.0 75,1.0 87,2.0 97,1.0 111,1.0 116,1.0 118,1.0 140,1.0 141,1.0 143,1.0 144,1.0 151,1.0 157,1.0 164,1.0 168,1.0 170,1.0 177,1.0 180,1.0 182,1.0 186,1.0 187,1.0 188,1.0 190,1.0 191,1.0 204,1.0 210,1.0 220,1.0 223,1.0 225,1.0 227,1.0 228,1.0 249,1.0 261,1.0 284,1.0 320,1.0 321,1.0 326,2.0 336,1.0 340,1.0 362,1.0 363,1.0 382,1.0 390,1.0 405,1.0 421,1.0 422,1.0 453,1.0 462,2.0 463,2.0 482,2.0 510,2.0 
13,3.0 24,1.0 29,3.0 30,1.0 31,2.0 32,2.0 33,2.0 34,1.0 35,1.0 36,1.0 37,1.0 38,1.0 49,1.0 50,1.0 53,4.0 75,1.0 80,1.0 99,2.0 111,1.0 139,1.0 151,1.0 164,1.0 174,1.0 198,1.0 210,1.0 226,1.0 227,2.0 228,1.0 247,1.0 257,1.0 264,1.0 267,2.0 268,1.0 269,1.0 351,1.0 352,1.0 384,1.0 
13,1.0 29,2.0 31,1.0 32,1.0 33,1.0 
4,2.0 12,1.0 13,2.0 24,1.0 29,1.0 32,1.0 33,1.0 34,1.0 35,1.0 36,1.0 37,1.0 38,1.0 56,1.0 61,1.0 95,1.0 133,1.0 138,1.0 139,1.0 151,1.0 189,1.0 271,1.0 272,1.0 286,1.0 
10,1.0 11,1.0 13,1.0 26,3.0 27,1.0 28,3.0 29,1.0 31,1.0 32,2.0 33,1.0 34,1.0 35,2.0 36,1.0 37,1.0 38,1.0 42,2.0 52,2.0 80,1.0 92,1.0 113,1.0 116,1.0 118,2.0 120,1.0 124,2.0 126,1.0 133,1.0 135,1.0 136,2.0 137,1.0 144,1.0 150,1.0 155,1.0 156,3.0 157,3.0 163,1.0 165,1.0 170,2.0 176,2.0 179,1.0 180,1.0 182,1.0 188,1.0 190,3.0 191,1.0 192,4.0 201,1.0 202,1.0 203,1.0 206,1.0 209,1.0 217,1.0 225,1.0 241,1.0 262,1.0 284,1.0 305,3.0 320,1.0 322,1.0 326,1.0 336,1.0 340,1.0 354,1.0 366,1.0 394,1.0 409,1.0 434,1.0 449,1.0 450,3.0 451,2.0 453,2.0 462,5.0 463,3.0 464,1.0 497,1.0 510,3.0 
4,1.0 13,1.0 17,1.0 24,1.0 27,1.0 29,1.0 31,1.0 32,1.0 33,1.0 34,1.0 35,1.0 36,2.0 37,1.0 38,2.0 42,2.0 52,1.0 55,1.0 57,1.0 67,1.0 87,4.0 89,1.0 98,1.0 105,2.0 111,1.0 116,1.0 124,1.0 125,1.0 130,1.0 132,1.0 134,1.0 136,1.0 141,1.0 143,1.0 150,1.0 153,1.0 157,1.0 161,2.0 162,2.0 167,2.0 170,1.0 173,1.0 181,1.0 182,3.0 183,1.0 186,1.0 191,2.0 203,1.0 214,2.0 215,1.0 220,1.0 234,1.0 254,1.0 266,1.0 326,1.0 336,1.0 366,2.0 387,1.0 388,1.0 452,1.0 494,1.0 
1,1.0 35,2.0 36,2.0 37,1.0 38,2.0 52,2.0 74,4.0 75,1.0 79,1.0 80,1.0 84,1.0 85,1.0 86,1.0 87,1.0 88,1.0 145,1.0 170,1.0 171,1.0 230,1.0 247,1.0 260,1.0 495,1.0 512,1.0 
1,1.0 4,1.0 7,1.0 10,1.0 11,4.0 12,2.0 13,1.0 17,2.0 21,1.0 33,1.0 34,2.0 35,5.0 36,4.0 37,1.0 38,4.0 42,2.0 45,4.0 49,3.0 56,5.0 60,1.0 63,1.0 67,1.0 75,3.0 82,1.0 83,1.0 84,1.0 85,1.0 87,2.0 89,1.0 99,1.0 101,1.0 102,2.0 111,1.0 116,9.0 124,1.0 128,2.0 130,1.0 135,1.0 136,1.0 144,1.0 145,2.0 151,2.0 157,3.0 160,2.0 161,1.0 162,1.0 163,1.0 167,1.0 168,1.0 169,1.0 170,1.0 171,3.0 173,1.0 176,1.0 177,5.0 185,1.0 191,3.0 206,3.0 207,1.0 209,8.0 212,1.0 215,2.0 221,2.0 223,1.0 227,4.0 233,1.0 235,1.0 242,1.0 247,1.0 254,1.0 265,1.0 266,1.0 268,1.0 272,6.0 305,1.0 321,1.0 325,2.0 326,3.0 327,1.0 329,1.0 330,1.0 331,1.0 346,1.0 357,1.0 364,1.0 365,1.0 385,1.0 389,1.0 390,2.0 391,1.0 401,1.0 405,1.0 407,1.0 423,7.0 437,1.0 466,1.0 480,1.0 481,1.0 509,1.0 527,1.0 
1,1.0 4,1.0 5,1.0 11,2.0 13,2.0 15,1.0 17,2.0 21,1.0 29,1.0 34,2.0 35,4.0 37,1.0 38,3.0 44,1.0 46,2.0 52,1.0 56,2.0 57,1.0 58,1.0 60,1.0 62,1.0 67,3.0 69,1.0 70,2.0 72,2.0 74,1.0 75,4.0 78,1.0 80,2.0 82,1.0 84,1.0 87,1.0 90,1.0 92,1.0 101,1.0 102,1.0 111,1.0 115,2.0 116,1.0 122,1.0 126,2.0 130,1.0 131,1.0 132,1.0 133,1.0 134,2.0 135,1.0 138,1.0 140,1.0 145,1.0 150,1.0 151,2.0 152,1.0 156,1.0 162,1.0 163,1.0 164,2.0 165,1.0 167,1.0 168,1.0 169,1.0 170,2.0 177,1.0 188,1.0 191,2.0 207,1.0 209,2.0 210,3.0 215,1.0 227,2.0 233,1.0 243,1.0 247,1.0 260,2.0 266,2.0 268,1.0 269,1.0 274,2.0 284,1.0 326,1.0 329,1.0 330,1.0 331,1.0 333,2.0 351,1.0 363,1.0 364,1.0 435,1.0 469,1.0 495,4.0 497,1.0 509,2.0 512,1.0 524,1.0 525,1.0 527,1.0 
1,1.0 5,1.0 29,1.0 34,1.0 35,1.0 36,1.0 38,2.0 50,1.0 71,1.0 73,1.0 74,2.0 75,1.0 76,1.0 174,1.0 187,1.0 222,1.0 257,1.0 266,1.0 284,1.0 326,1.0 417,1.0 
1,1.0 6,1.0 12,2.0 33,1.0 34,2.0 35,2.0 36,5.0 37,1.0 45,2.0 56,3.0 57,1.0 59,1.0 60,1.0 64,1.0 67,1.0 74,1.0 78,2.0 83,2.0 87,1.0 90,1.0 93,1.0 95,1.0 101,1.0 102,1.0 124,2.0 130,1.0 134,1.0 135,1.0 139,2.0 151,1.0 157,1.0 158,1.0 161,1.0 162,1.0 167,1.0 170,3.0 171,1.0 180,1.0 181,1.0 206,2.0 209,1.0 210,3.0 218,1.0 220,1.0 227,2.0 260,3.0 264,1.0 265,2.0 266,1.0 302,1.0 321,1.0 325,1.0 326,2.0 333,2.0 366,1.0 385,1.0 388,1.0 407,1.0 417,1.0 418,1.0 419,1.0 447,1.0 448,1.0 495,2.0 512,1.0 538,1.0 
40,1.0 80,1.0 113,1.0 124,1.0 125,1.0 126,1.0 127,1.0 200,1.0 276,1.0 280,1.0 281,1.0 338,1.0 
41,1.0 
42,1.0 43,1.0 44,1.0 45,1.0 46,1.0 
4,1.0 11,3.0 12,1.0 16,1.0 24,3.0 32,1.0 33,1.0 34,1.0 35,4.0 36,2.0 38,2.0 43,1.0 44,1.0 45,3.0 46,2.0 47,1.0 48,1.0 49,3.0 52,2.0 56,2.0 57,1.0 60,1.0 62,1.0 70,1.0 71,1.0 74,1.0 80,1.0 87,5.0 99,1.0 100,1.0 102,2.0 104,1.0 105,1.0 113,1.0 116,2.0 120,1.0 127,1.0 133,1.0 139,1.0 140,1.0 141,1.0 150,1.0 152,1.0 153,1.0 154,2.0 161,1.0 163,1.0 166,2.0 167,1.0 170,2.0 171,1.0 173,1.0 176,1.0 177,3.0 180,1.0 181,1.0 188,1.0 206,4.0 209,1.0 211,1.0 214,2.0 216,1.0 223,2.0 235,1.0 261,1.0 266,1.0 268,2.0 270,1.0 272,1.0 276,1.0 349,1.0 423,2.0 469,1.0 
42,1.0 44,1.0 45,1.0 46,1.0 47,1.0 48,1.0 49,1.0 85,1.0 352,1.0 545,1.0 548,1.0 
11,1.0 13,1.0 42,1.0 43,1.0 45,1.0 46,1.0 47,1.0 48,1.0 49,2.0 75,1.0 81,1.0 110,1.0 121,1.0 122,1.0 144,1.0 165,1.0 188,1.0 257,1.0 272,1.0 283,1.0 284,1.0 327,1.0 435,1.0 
4,1.0 11,2.0 12,1.0 13,1.0 15,1.0 35,3.0 36,1.0 38,3.0 42,2.0 43,1.0 44,1.0 45,1.0 46,1.0 47,1.0 48,1.0 49,2.0 52,1.0 54,1.0 60,1.0 62,1.0 71,1.0 74,1.0 87,3.0 102,1.0 116,1.0 127,1.0 151,1.0 154,1.0 160,1.0 162,1.0 164,1.0 165,1.0 166,1.0 167,1.0 170,1.0 171,1.0 180,1.0 188,1.0 193,1.0 206,2.0 207,1.0 209,1.0 221,1.0 223,2.0 225,2.0 227,2.0 235,1.0 243,1.0 249,1.0 261,1.0 270,1.0 272,1.0 284,1.0 305,1.0 320,1.0 325,1.0 326,2.0 328,1.0 342,1.0 404,1.0 423,1.0 438,1.0 439,1.0 440,1.0 449,1.0 456,1.0 
2,1.0 4,1.0 15,1.0 16,1.0 36,1.0 37,1.0 42,3.0 43,1.0 44,1.0 45,1.0 46,1.0 47,1.0 48,1.0 49,1.0 56,1.0 60,1.0 62,1.0 67,1.0 70,2.0 72,1.0 87,1.0 95,1.0 102,1.0 105,1.0 122,1.0 126,1.0 135,1.0 150,1.0 152,3.0 169,1.0 193,1.0 206,1.0 217,1.0 222,1.0 224,1.0 236,1.0 241,2.0 253,1.0 269,1.0 284,2.0 300,1.0 379,1.0 382,1.0 413,3.0 414,2.0 423,1.0 525,1.0 
48,1.0 49,1.0 50,1.0 51,1.0 90,1.0 132,1.0 136,1.0 184,1.0 261,1.0 347,1.0 348,1.0 
36,1.0 47,1.0 49,1.0 50,1.0 51,1.0 
11,2.0 35,3.0 37,1.0 44,2.0 45,1.0 47,1.0 48,1.0 49,1.0 50,1.0 51,1.0 55,1.0 56,1.0 57,1.0 58,1.0 60,1.0 64,1.0 72,1.0 114,1.0 135,2.0 139,1.0 144,1.0 169,1.0 177,1.0 187,1.0 188,1.0 206,1.0 209,1.0 222,1.0 226,1.0 228,1.0 264,1.0 265,1.0 266,1.0 272,1.0 284,1.0 299,1.0 325,1.0 326,1.0 327,3.0 342,1.0 385,1.0 405,2.0 423,3.0 435,1.0 436,1.0 452,1.0 
9,1.0 29,1.0 51,2.0 52,1.0 59,1.0 64,1.0 99,1.0 111,1.0 117,1.0 141,1.0 172,2.0 173,2.0 174,3.0 175,2.0 183,1.0 247,1.0 257,1.0 
29,1.0 50,2.0 52,1.0 78,1.0 137,1.0 139,1.0 172,1.0 173,1.0 174,2.0 175,1.0 183,1.0 218,1.0 229,1.0 231,2.0 257,1.0 269,1.0 384,1.0 425,1.0 426,1.0 435,2.0 
9,1.0 10,1.0 11,1.0 12,1.0 13,2.0 17,1.0 20,1.0 24,1.0 26,2.0 27,1.0 28,1.0 31,1.0 32,3.0 33,1.0 35,1.0 36,1.0 52,1.0 53,2.0 61,1.0 62,2.0 71,1.0 79,1.0 82,1.0 84,1.0 86,1.0 87,3.0 88,1.0 89,1.0 90,1.0 95,1.0 99,1.0 101,1.0 117,1.0 118,1.0 122,1.0 133,1.0 139,1.0 150,2.0 157,2.0 160,1.0 162,2.0 165,3.0 167,1.0 168,5.0 170,5.0 173,1.0 176,1.0 186,2.0 188,1.0 190,1.0 191,4.0 211,2.0 223,1.0 225,1.0 233,1.0 235,1.0 254,1.0 255,1.0 270,1.0 284,1.0 305,1.0 326,1.0 329,1.0 330,1.0 366,1.0 387,1.0 388,1.0 394,1.0 427,1.0 428,1.0 434,1.0 453,2.0 462,3.0 469,1.0 497,1.0 510,1.0 
21,1.0 29,3.0 53,1.0 54,1.0 77,1.0 78,1.0 79,1.0 99,1.0 113,1.0 137,1.0 151,1.0 155,1.0 157,1.0 164,1.0 175,1.0 178,1.0 189,1.0 191,1.0 198,1.0 206,1.0 213,1.0 224,1.0 267,1.0 268,1.0 269,1.0 277,1.0 326,1.0 363,1.0 364,1.0 387,1.0 408,1.0 498,1.0 499,1.0 
23,1.0 36,1.0 45,1.0 49,1.0 55,1.0 58,1.0 61,1.0 62,3.0 110,1.0 144,1.0 147,1.0 170,1.0 180,1.0 193,1.0 194,1.0 207,1.0 210,1.0 215,1.0 223,1.0 224,1.0 236,1.0 271,1.0 299,1.0 328,1.0 337,1.0 423,1.0 470,1.0 
1,1.0 2,1.0 28,1.0 49,1.0 56,1.0 57,1.0 58,1.0 75,1.0 125,1.0 136,1.0 143,2.0 159,1.0 169,1.0 179,1.0 182,1.0 183,1.0 220,1.0 261,1.0 304,1.0 373,1.0 
4,3.0 11,2.0 12,5.0 13,1.0 15,1.0 16,1.0 24,1.0 33,2.0 35,4.0 36,2.0 38,4.0 42,2.0 45,1.0 46,1.0 49,1.0 57,2.0 58,1.0 59,1.0 60,1.0 61,2.0 67,2.0 71,1.0 72,1.0 75,4.0 80,3.0 87,3.0 92,1.0 98,1.0 102,2.0 111,1.0 116,4.0 127,1.0 128,1.0 130,1.0 131,1.0 132,1.0 133,2.0 134,1.0 144,1.0 145,2.0 150,1.0 151,3.0 152,1.0 154,1.0 157,1.0 158,1.0 161,1.0 167,1.0 168,1.0 169,1.0 170,2.0 171,1.0 173,1.0 176,1.0 177,4.0 180,1.0 185,1.0 191,1.0 193,2.0 203,1.0 205,1.0 206,3.0 209,2.0 212,1.0 215,2.0 216,2.0 221,1.0 223,1.0 225,1.0 227,1.0 234,1.0 243,1.0 249,1.0 254,1.0 255,1.0 256,1.0 260,1.0 261,1.0 268,1.0 272,1.0 302,1.0 321,1.0 325,1.0 326,6.0 328,1.0 331,2.0 333,3.0 346,1.0 357,1.0 366,1.0 391,1.0 401,1.0 404,1.0 408,1.0 409,1.0 423,1.0 482,1.0 494,1.0 524,1.0 538,1.0 542,1.0 
1,1.0 9,1.0 36,1.0 38,2.0 56,2.0 58,1.0 59,1.0 69,1.0 87,1.0 100,1.0 101,1.0 102,2.0 103,1.0 113,1.0 117,1.0 127,1.0 133,1.0 139,1.0 151,2.0 158,1.0 162,3.0 165,1.0 205,1.0 217,1.0 227,1.0 241,1.0 252,1.0 253,1.0 256,1.0 260,1.0 261,1.0 266,1.0 391,1.0 392,1.0 461,1.0 482,1.0 495,1.0 
6,1.0 9,1.0 12,1.0 17,1.0 20,1.0 23,1.0 34,1.0 35,1.0 38,1.0 52,1.0 54,1.0 56,1.0 57,1.0 59,1.0 61,1.0 62,2.0 75,1.0 87,1.0 95,1.0 110,1.0 133,1.0 144,1.0 145,1.0 147,1.0 159,1.0 165,1.0 195,1.0 206,1.0 210,1.0 211,1.0 300,1.0 514,1.0 523,1.0 
6,1.0 9,1.0 38,1.0 50,1.0 60,1.0 117,1.0 
6,2.0 16,1.0 35,1.0 36,1.0 61,1.0 62,2.0 78,1.0 162,1.0 167,1.0 207,1.0 229,1.0 274,1.0 325,2.0 326,2.0 364,2.0 384,1.0 385,1.0 405,1.0 495,1.0 496,1.0 509,1.0 512,1.0 525,1.0 526,1.0 
9,1.0 11,1.0 12,1.0 32,1.0 56,2.0 62,2.0 63,1.0 64,1.0 65,1.0 66,1.0 67,1.0 75,1.0 83,1.0 84,1.0 110,1.0 116,1.0 120,1.0 124,1.0 139,1.0 144,1.0 147,1.0 151,1.0 160,1.0 163,1.0 166,1.0 170,2.0 173,1.0 177,1.0 188,1.0 189,1.0 207,1.0 210,2.0 220,1.0 221,2.0 227,2.0 249,1.0 262,2.0 263,1.0 305,1.0 326,1.0 353,1.0 366,1.0 461,1.0 482,2.0 
6,1.0 9,2.0 14,1.0 23,1.0 24,1.0 36,1.0 45,2.0 46,1.0 54,4.0 58,1.0 61,3.0 62,3.0 63,1.0 64,2.0 65,1.0 66,1.0 70,1.0 72,1.0 75,1.0 84,1.0 87,2.0 99,2.0 101,1.0 102,2.0 110,2.0 122,2.0 126,1.0 134,1.0 140,1.0 141,1.0 144,2.0 147,2.0 151,1.0 157,1.0 162,1.0 164,3.0 166,1.0 168,1.0 170,1.0 173,1.0 174,1.0 180,1.0 181,2.0 183,1.0 189,1.0 198,1.0 205,1.0 207,2.0 211,1.0 212,3.0 213,1.0 218,1.0 221,1.0 241,2.0 247,1.0 254,2.0 256,1.0 262,1.0 263,1.0 284,1.0 299,1.0 305,1.0 326,1.0 366,1.0 385,1.0 405,1.0 415,1.0 455,1.0 525,1.0 528,1.0 529,1.0 
9,1.0 12,1.0 35,1.0 64,1.0 65,1.0 66,1.0 67,1.0 68,1.0 69,1.0 70,1.0 74,1.0 89,1.0 102,1.0 105,1.0 106,1.0 107,1.0 164,1.0 169,1.0 177,1.0 227,2.0 254,1.0 305,1.0 437,1.0 466,1.0 
9,1.0 12,1.0 14,1.0 38,1.0 49,1.0 50,1.0 63,1.0 65,1.0 66,1.0 67,1.0 68,1.0 69,1.0 70,1.0 80,1.0 89,1.0 93,1.0 132,1.0 135,2.0 139,1.0 141,1.0 172,1.0 173,1.0 174,2.0 175,1.0 177,1.0 209,1.0 210,1.0 218,1.0 224,2.0 228,1.0 245,1.0 265,1.0 299,1.0 321,1.0 327,1.0 359,1.0 360,1.0 361,1.0 435,1.0 436,1.0 528,1.0 529,1.0 
6,1.0 7,1.0 9,2.0 12,1.0 15,1.0 63,1.0 64,1.0 66,1.0 67,1.0 68,1.0 69,1.0 70,1.0 93,1.0 151,1.0 161,1.0 225,1.0 273,1.0 275,1.0 426,1.0 
9,1.0 12,1.0 63,1.0 64,1.0 65,1.0 67,1.0 68,1.0 69,1.0 70,1.0 
4,2.0 5,3.0 9,2.0 11,1.0 12,3.0 15,2.0 22,1.0 24,1.0 27,1.0 36,2.0 38,2.0 42,1.0 45,1.0 46,1.0 56,2.0 62,1.0 68,1.0 69,1.0 70,2.0 71,1.0 72,1.0 83,2.0 85,1.0 89,1.0 92,1.0 93,1.0 102,2.0 116,1.0 118,1.0 127,1.0 130,1.0 131,1.0 132,1.0 133,1.0 134,2.0 135,2.0 139,1.0 173,1.0 177,1.0 185,1.0 186,2.0 187,2.0 188,2.0 189,1.0 198,1.0 206,1.0 209,2.0 210,1.0 215,2.0 223,1.0 225,2.0 227,1.0 230,1.0 262,1.0 264,1.0 269,2.0 285,1.0 305,1.0 325,1.0 326,2.0 327,1.0 333,1.0 342,1.0 362,1.0 363,2.0 366,1.0 385,1.0 411,1.0 412,1.0 416,1.0 419,1.0 469,1.0 
11,1.0 12,2.0 22,1.0 67,1.0 69,1.0 70,1.0 71,1.0 72,1.0 
4,1.0 6,2.0 9,1.0 11,1.0 12,2.0 22,1.0 24,1.0 42,1.0 57,1.0 62,1.0 67,1.0 68,1.0 70,2.0 71,1.0 72,1.0 75,1.0 92,1.0 117,1.0 133,1.0 166,1.0 205,1.0 211,1.0 217,1.0 220,1.0 228,1.0 256,1.0 265,1.0 272,1.0 286,1.0 333,3.0 390,1.0 391,1.0 392,1.0 405,1.0 407,1.0 408,1.0 422,1.0 454,1.0 465,1.0 
5,2.0 6,1.0 9,1.0 11,2.0 12,3.0 13,1.0 17,1.0 22,1.0 24,1.0 36,2.0 42,1.0 44,1.0 45,1.0 62,2.0 67,1.0 68,1.0 69,2.0 71,1.0 72,1.0 74,2.0 75,1.0 77,1.0 92,1.0 99,1.0 102,3.0 115,1.0 126,1.0 151,1.0 164,1.0 165,1.0 166,2.0 169,1.0 173,1.0 181,1.0 189,1.0 198,1.0 209,1.0 211,1.0 243,1.0 247,1.0 256,1.0 261,1.0 271,1.0 284,1.0 333,1.0 391,1.0 435,1.0 437,1.0 454,1.0 509,1.0 525,1.0 
4,1.0 5,1.0 11,3.0 12,3.0 14,2.0 15,2.0 22,1.0 24,1.0 28,1.0 37,2.0 52,1.0 54,1.0 61,1.0 72,1.0 73,1.0 74,1.0 75,1.0 84,2.0 87,1.0 112,1.0 128,1.0 139,1.0 150,1.0 160,1.0 173,1.0 176,1.0 204,1.0 211,1.0 212,1.0 223,2.0 225,1.0 254,1.0 266,1.0 271,1.0 298,1.0 320,3.0 321,1.0 326,1.0 470,1.0 472,1.0 504,1.0 
11,3.0 12,1.0 22,1.0 36,1.0 37,2.0 42,1.0 46,3.0 49,1.0 56,2.0 62,1.0 70,1.0 71,1.0 73,1.0 74,1.0 75,2.0 105,1.0 122,1.0 126,1.0 152,1.0 185,1.0 187,1.0 206,1.0 223,1.0 225,1.0 284,2.0 320,1.0 333,1.0 405,1.0 525,1.0 
37,1.0 74,2.0 75,1.0 76,1.0 
15,1.0 34,4.0 36,1.0 37,1.0 38,1.0 45,1.0 52,3.0 63,1.0 71,1.0 73,1.0 74,1.0 75,1.0 76,2.0 79,1.0 80,1.0 84,1.0 85,1.0 86,1.0 87,1.0 88,1.0 102,2.0 151,1.0 164,2.0 169,1.0 170,2.0 171,3.0 189,1.0 198,1.0 205,1.0 225,1.0 227,1.0 230,1.0 243,2.0 258,1.0 259,1.0 260,1.0 300,1.0 320,1.0 405,1.0 495,1.0 512,1.0 
5,1.0 9,1.0 12,1.0 13,1.0 14,1.0 15,1.0 33,1.0 34,1.0 35,3.0 36,2.0 37,1.0 44,1.0 46,1.0 56,2.0 57,1.0 60,1.0 62,1.0 67,1.0 69,2.0 73,1.0 74,2.0 76,1.0 78,2.0 81,1.0 92,1.0 98,1.0 100,1.0 102,1.0 111,1.0 117,1.0 128,2.0 133,1.0 134,1.0 135,1.0 138,1.0 145,1.0 158,1.0 165,1.0 166,2.0 169,1.0 181,1.0 183,1.0 187,1.0 189,1.0 191,1.0 204,1.0 205,2.0 210,2.0 212,1.0 215,1.0 217,1.0 218,1.0 221,1.0 227,4.0 229,1.0 235,2.0 247,1.0 254,1.0 266,1.0 274,2.0 275,1.0 284,2.0 326,1.0 333,5.0 334,1.0 384,1.0 385,1.0 390,1.0 391,1.0 409,1.0 418,1.0 432,1.0 435,1.0 455,1.0 465,1.0 495,2.0 
5,1.0 22,1.0 23,1.0 52,1.0 74,1.0 92,1.0 93,1.0 94,1.0 95,1.0 96,1.0 97,1.0 98,1.0 99,1.0 133,1.0 151,1.0 327,1.0 371,1.0 
5,1.0 21,1.0 70,1.0 78,1.0 79,1.0 80,1.0 166,1.0 169,1.0 189,1.0 271,1.0 333,1.0 391,1.0 437,1.0 
6,1.0 12,1.0 13,1.0 21,1.0 23,1.0 29,1.0 33,1.0 36,3.0 51,1.0 52,1.0 56,1.0 60,1.0 67,1.0 77,1.0 79,1.0 80,1.0 90,1.0 101,1.0 128,1.0 130,1.0 137,1.0 156,1.0 166,1.0 167,1.0 186,1.0 191,2.0 210,1.0 227,1.0 229,3.0 231,1.0 268,1.0 284,1.0 384,1.0 387,1.0 388,1.0 425,1.0 426,1.0 
13,1.0 21,1.0 52,1.0 77,1.0 78,1.0 80,1.0 
4,2.0 9,1.0 15,2.0 16,1.0 20,1.0 21,1.0 28,1.0 32,1.0 36,2.0 42,1.0 56,2.0 65,1.0 80,1.0 81,1.0 82,1.0 83,1.0 84,1.0 93,1.0 95,1.0 102,1.0 116,2.0 122,1.0 126,1.0 127,1.0 128,1.0 134,1.0 138,1.0 139,1.0 145,1.0 150,1.0 152,1.0 154,1.0 161,1.0 167,2.0 168,2.0 169,2.0 170,1.0 171,1.0 177,2.0 180,1.0 202,1.0 203,1.0 205,1.0 206,1.0 209,2.0 216,1.0 225,1.0 226,1.0 261,1.0 268,3.0 275,1.0 326,1.0 331,2.0 341,1.0 342,1.0 351,1.0 360,1.0 361,1.0 524,2.0 
9,1.0 15,1.0 16,1.0 34,1.0 60,1.0 74,1.0 82,1.0 83,1.0 84,1.0 85,1.0 325,1.0 326,1.0 525,1.0 526,1.0 
9,1.0 12,1.0 15,1.0 16,1.0 21,1.0 34,1.0 35,1.0 74,1.0 81,1.0 83,1.0 84,1.0 85,1.0 233,1.0 329,1.0 330,1.0 
9,1.0 13,1.0 15,1.0 16,1.0 34,1.0 38,2.0 61,1.0 67,1.0 74,1.0 81,1.0 82,1.0 84,1.0 85,1.0 92,1.0 137,1.0 139,1.0 163,1.0 168,1.0 186,1.0 187,1.0 188,2.0 189,1.0 207,1.0 209,1.0 222,1.0 251,1.0 264,1.0 265,1.0 383,1.0 385,1.0 427,1.0 447,1.0 
4,1.0 11,1.0 17,1.0 21,1.0 25,1.0 34,1.0 35,1.0 36,1.0 46,1.0 52,1.0 61,1.0 62,1.0 67,1.0 72,1.0 74,1.0 85,2.0 86,1.0 87,1.0 88,1.0 102,1.0 105,1.0 122,1.0 126,1.0 139,1.0 152,1.0 160,2.0 162,1.0 170,1.0 173,1.0 177,1.0 198,1.0 209,1.0 212,1.0 213,1.0 214,1.0 227,1.0 254,1.0 321,1.0 325,1.0 351,1.0 353,1.0 407,1.0 481,1.0 
11,1.0 12,1.0 14,1.0 17,1.0 34,1.0 35,1.0 52,1.0 67,1.0 74,1.0 84,2.0 86,1.0 87,1.0 88,1.0 93,1.0 99,1.0 124,1.0 132,1.0 141,1.0 151,1.0 160,1.0 162,2.0 177,1.0 190,1.0 209,1.0 210,1.0 215,1.0 227,1.0 249,1.0 261,2.0 321,1.0 327,1.0 333,1.0 334,1.0 335,1.0 340,1.0 352,1.0 398,1.0 407,1.0 419,1.0 461,1.0 462,1.0 463,1.0 464,1.0 481,1.0 486,1.0 530,1.0 531,1.0 532,1.0 533,1.0 548,1.0 549,1.0 
13,1.0 52,1.0 87,1.0 88,1.0 89,1.0 90,1.0 115,1.0 139,1.0 169,1.0 177,1.0 184,1.0 269,1.0 463,1.0 
4,1.0 11,2.0 12,1.0 13,3.0 24,3.0 28,1.0 31,1.0 33,4.0 34,1.0 35,2.0 36,3.0 37,1.0 38,2.0 42,5.0 46,1.0 49,1.0 52,3.0 54,1.0 57,1.0 58,1.0 62,2.0 74,1.0 75,1.0 86,1.0 87,1.0 88,1.0 89,1.0 90,1.0 95,3.0 105,2.0 111,1.0 116,2.0 120,1.0 133,1.0 140,1.0 150,1.0 151,1.0 152,1.0 154,3.0 156,1.0 157,2.0 158,1.0 159,1.0 161,1.0 162,3.0 164,1.0 165,2.0 166,3.0 167,4.0 168,3.0 169,2.0 170,5.0 171,1.0 173,1.0 177,2.0 179,1.0 180,1.0 188,1.0 191,1.0 203,1.0 204,1.0 206,1.0 207,1.0 210,1.0 211,1.0 212,1.0 214,3.0 222,1.0 223,2.0 227,1.0 241,1.0 261,2.0 266,1.0 270,1.0 272,1.0 276,1.0 292,1.0 320,2.0 321,1.0 325,1.0 343,1.0 344,1.0 345,1.0 349,1.0 366,1.0 401,1.0 423,1.0 461,1.0 466,1.0 469,1.0 482,1.0 494,1.0 522,1.0 
13,1.0 48,1.0 52,1.0 86,1.0 87,1.0 89,1.0 90,1.0 101,1.0 151,1.0 210,1.0 397,1.0 543,1.0 
13,1.0 17,1.0 27,2.0 33,1.0 85,1.0 90,2.0 91,1.0 124,1.0 158,1.0 161,1.0 162,1.0 167,1.0 186,1.0 254,1.0 262,1.0 305,1.0 321,1.0 334,1.0 
13,1.0 27,1.0 33,1.0 36,1.0 47,1.0 52,1.0 78,1.0 89,1.0 91,1.0 102,2.0 115,1.0 122,1.0 132,1.0 134,1.0 135,1.0 136,1.0 138,1.0 164,1.0 168,1.0 184,1.0 186,2.0 188,1.0 191,1.0 209,2.0 243,1.0 261,1.0 262,1.0 268,1.0 286,1.0 347,1.0 348,1.0 353,1.0 363,1.0 387,1.0 388,1.0 
16,1.0 54,1.0 193,1.0 
6,2.0 24,1.0 27,1.0 33,2.0 36,1.0 56,1.0 62,1.0 63,1.0 69,1.0 70,1.0 74,1.0 75,1.0 76,1.0 83,1.0 93,1.0 94,1.0 95,1.0 96,1.0 97,1.0 98,2.0 99,1.0 102,2.0 133,1.0 136,1.0 140,1.0 153,1.0 157,1.0 164,1.0 166,1.0 168,1.0 182,1.0 187,1.0 188,1.0 189,1.0 191,1.0 210,1.0 211,1.0 225,1.0 227,2.0 254,1.0 256,1.0 320,1.0 326,1.0 333,2.0 366,1.0 387,1.0 401,1.0 409,1.0 452,1.0 454,1.0 497,1.0 507,1.0 508,1.0 
6,1.0 7,1.0 9,2.0 14,1.0 15,2.0 17,1.0 32,1.0 35,2.0 36,1.0 56,1.0 64,1.0 67,1.0 76,1.0 85,1.0 92,1.0 94,1.0 95,1.0 96,1.0 97,1.0 98,1.0 99,2.0 116,1.0 122,1.0 128,1.0 134,1.0 135,2.0 137,2.0 139,1.0 140,1.0 151,1.0 157,1.0 162,1.0 174,1.0 176,1.0 177,2.0 179,1.0 183,3.0 185,1.0 188,1.0 210,1.0 215,1.0 219,2.0 220,1.0 224,1.0 225,1.0 226,1.0 227,1.0 229,1.0 245,1.0 260,1.0 261,1.0 299,2.0 305,1.0 324,1.0 325,3.0 327,1.0 335,1.0 355,1.0 356,2.0 364,1.0 405,1.0 406,1.0 409,1.0 411,1.0 412,1.0 424,1.0 448,1.0 449,1.0 450,1.0 506,1.0 
76,1.0 92,1.0 93,1.0 95,1.0 96,1.0 97,1.0 98,1.0 99,1.0 
1,1.0 4,1.0 12,1.0 31,1.0 37,1.0 38,1.0 45,1.0 46,1.0 65,1.0 76,1.0 80,1.0 87,1.0 92,1.0 93,1.0 94,1.0 95,1.0 96,1.0 97,1.0 98,1.0 99,1.0 124,1.0 141,2.0 144,3.0 152,1.0 159,2.0 160,1.0 161,2.0 162,3.0 163,2.0 164,1.0 169,1.0 206,1.0 222,1.0 271,1.0 272,1.0 275,1.0 
10,1.0 57,1.0 76,1.0 97,1.0 98,1.0 99,1.0 100,1.0 101,1.0 102,1.0 116,1.0 122,1.0 133,1.0 141,1.0 145,1.0 154,1.0 188,1.0 206,1.0 210,1.0 216,1.0 225,1.0 232,2.0 233,1.0 327,2.0 370,2.0 371,1.0 410,1.0 
28,1.0 56,1.0 57,1.0 61,1.0 96,1.0 98,1.0 99,1.0 100,1.0 101,1.0 102,1.0 116,1.0 128,2.0 188,1.0 229,2.0 241,1.0 242,1.0 243,1.0 249,1.0 326,1.0 482,1.0 
33,1.0 57,1.0 96,1.0 97,1.0 99,1.0 100,1.0 101,1.0 102,1.0 191,1.0 220,1.0 254,1.0 
1,1.0 35,2.0 42,1.0 57,1.0 62,3.0 67,1.0 74,1.0 87,1.0 96,1.0 97,1.0 98,1.0 100,1.0 101,2.0 102,3.0 111,1.0 116,1.0 122,1.0 128,1.0 140,1.0 141,1.0 164,3.0 173,1.0 181,1.0 185,2.0 198,2.0 212,2.0 215,1.0 223,1.0 242,1.0 247,1.0 254,1.0 258,1.0 259,1.0 261,1.0 268,1.0 269,1.0 276,1.0 415,1.0 480,1.0 486,1.0 
27,1.0 57,1.0 75,1.0 101,1.0 102,1.0 103,1.0 151,1.0 211,1.0 227,1.0 275,1.0 326,1.0 333,1.0 384,1.0 
12,1.0 13,1.0 29,1.0 35,2.0 36,1.0 45,1.0 48,1.0 56,1.0 57,1.0 62,2.0 78,1.0 88,1.0 99,1.0 100,1.0 102,3.0 103,1.0 116,1.0 122,1.0 151,1.0 154,1.0 164,1.0 209,3.0 210,2.0 212,1.0 221,1.0 229,1.0 243,1.0 390,1.0 397,1.0 409,1.0 482,1.0 543,1.0 
4,2.0 6,1.0 32,1.0 35,3.0 36,1.0 42,3.0 45,2.0 56,2.0 57,2.0 62,3.0 63,1.0 67,2.0 69,1.0 70,2.0 74,3.0 75,1.0 80,1.0 84,1.0 87,1.0 88,1.0 90,1.0 92,1.0 99,1.0 100,1.0 101,3.0 102,2.0 103,1.0 116,2.0 122,1.0 127,1.0 138,2.0 151,5.0 158,2.0 162,1.0 164,2.0 166,1.0 169,1.0 170,2.0 171,2.0 173,1.0 177,2.0 181,1.0 185,2.0 189,1.0 198,4.0 201,1.0 205,1.0 206,1.0 209,4.0 210,1.0 212,2.0 213,1.0 215,1.0 216,1.0 221,1.0 223,1.0 227,6.0 234,1.0 243,1.0 261,3.0 268,3.0 305,1.0 325,2.0 333,1.0 353,2.0 354,1.0 366,1.0 390,1.0 391,1.0 397,1.0 401,1.0 418,1.0 455,1.0 461,1.0 465,1.0 482,1.0 507,1.0 508,1.0 543,1.0 
104,1.0 232,1.0 262,1.0 395,1.0 457,1.0 458,1.0 459,1.0 
63,1.0 153,1.0 154,1.0 161,1.0 246,1.0 
13,1.0 25,1.0 33,1.0 36,1.0 38,1.0 42,1.0 46,1.0 56,1.0 57,1.0 87,1.0 106,1.0 107,1.0 108,1.0 150,1.0 152,1.0 170,1.0 209,1.0 214,2.0 215,1.0 216,1.0 266,1.0 
13,1.0 105,1.0 107,1.0 108,1.0 
6,2.0 13,1.0 27,1.0 92,1.0 105,1.0 106,1.0 108,1.0 136,1.0 225,1.0 366,1.0 399,1.0 400,1.0 401,1.0 543,1.0 553,1.0 554,1.0 555,1.0 
13,1.0 109,2.0 110,1.0 397,1.0 398,1.0 
108,1.0 110,1.0 111,1.0 397,1.0 398,1.0 
8,1.0 19,1.0 39,1.0 42,1.0 61,1.0 62,1.0 109,1.0 111,1.0 113,2.0 120,1.0 123,1.0 124,1.0 125,1.0 139,1.0 144,1.0 147,1.0 157,1.0 165,1.0 213,1.0 252,1.0 260,1.0 262,1.0 263,1.0 283,1.0 284,1.0 
28,1.0 32,1.0 35,1.0 56,1.0 74,1.0 87,1.0 99,1.0 112,1.0 116,1.0 128,1.0 130,1.0 140,1.0 144,2.0 150,2.0 156,2.0 164,1.0 167,1.0 170,1.0 171,1.0 182,1.0 186,1.0 191,1.0 192,1.0 247,1.0 258,1.0 259,1.0 322,1.0 336,1.0 366,1.0 453,1.0 
11,1.0 71,1.0 113,1.0 298,1.0 
1,1.0 33,1.0 39,1.0 55,1.0 62,1.0 80,1.0 110,1.0 114,2.0 120,1.0 124,1.0 125,1.0 126,1.0 127,1.0 139,2.0 141,2.0 145,1.0 156,2.0 159,1.0 162,1.0 164,1.0 165,1.0 167,1.0 170,2.0 176,1.0 177,2.0 178,1.0 179,1.0 192,1.0 195,1.0 213,2.0 228,1.0 241,2.0 247,1.0 252,1.0 254,1.0 260,1.0 277,1.0 323,1.0 484,1.0 485,1.0 
10,1.0 44,1.0 49,2.0 115,1.0 124,1.0 299,1.0 322,1.0 327,1.0 484,1.0 485,1.0 
4,1.0 10,1.0 11,1.0 17,2.0 36,2.0 70,1.0 90,1.0 116,1.0 126,1.0 128,1.0 134,1.0 135,1.0 139,1.0 151,1.0 162,1.0 163,1.0 164,3.0 165,1.0 169,1.0 177,1.0 184,2.0 188,1.0 189,1.0 193,1.0 209,1.0 216,1.0 225,1.0 229,1.0 247,1.0 269,1.0 325,1.0 363,1.0 509,1.0 521,1.0 
4,1.0 10,1.0 11,3.0 12,1.0 13,1.0 17,1.0 21,1.0 35,8.0 36,1.0 38,1.0 42,1.0 45,1.0 49,1.0 50,1.0 56,5.0 59,1.0 61,1.0 67,1.0 75,1.0 80,1.0 84,1.0 87,2.0 96,1.0 111,1.0 116,2.0 117,1.0 133,1.0 141,2.0 144,1.0 150,1.0 151,1.0 152,1.0 156,1.0 161,1.0 167,1.0 168,2.0 169,2.0 170,1.0 171,2.0 173,2.0 176,2.0 177,2.0 183,3.0 184,2.0 185,1.0 206,1.0 208,1.0 209,4.0 212,2.0 215,1.0 220,1.0 221,1.0 227,1.0 229,1.0 235,1.0 249,1.0 272,4.0 284,1.0 325,1.0 326,5.0 327,1.0 331,1.0 351,1.0 356,1.0 370,1.0 391,1.0 401,1.0 410,1.0 417,1.0 423,2.0 429,1.0 430,1.0 482,1.0 524,1.0 
9,1.0 14,1.0 27,1.0 32,1.0 50,1.0 52,2.0 56,1.0 59,1.0 72,1.0 103,1.0 133,1.0 135,1.0 151,1.0 162,1.0 175,1.0 181,1.0 185,1.0 204,1.0 205,1.0 218,1.0 223,1.0 232,1.0 275,1.0 284,2.0 300,1.0 305,1.0 384,1.0 385,1.0 386,1.0 392,1.0 393,1.0 395,1.0 409,1.0 429,1.0 456,1.0 457,1.0 
6,1.0 11,1.0 12,1.0 26,1.0 28,2.0 32,2.0 52,1.0 56,1.0 74,1.0 119,1.0 120,1.0 121,1.0 122,1.0 170,1.0 171,1.0 177,1.0 190,2.0 225,1.0 243,1.0 300,1.0 326,1.0 327,1.0 349,1.0 350,1.0 363,1.0 453,1.0 462,3.0 463,1.0 497,1.0 510,1.0 
8,1.0 19,1.0 110,1.0 120,1.0 121,1.0 122,1.0 123,1.0 339,1.0 
1,1.0 8,1.0 11,1.0 13,1.0 19,2.0 28,1.0 32,1.0 55,1.0 87,1.0 110,2.0 113,1.0 119,1.0 121,1.0 122,2.0 123,1.0 124,1.0 126,1.0 136,1.0 139,1.0 143,1.0 154,1.0 165,2.0 166,2.0 169,1.0 170,2.0 181,1.0 213,1.0 252,2.0 260,1.0 261,1.0 262,1.0 276,1.0 305,1.0 322,1.0 331,1.0 364,1.0 366,1.0 472,1.0 
8,1.0 19,1.0 110,1.0 119,1.0 120,1.0 122,1.0 123,1.0 188,1.0 441,1.0 442,1.0 
8,1.0 11,2.0 13,2.0 15,2.0 19,1.0 36,1.0 38,1.0 44,1.0 46,1.0 56,1.0 61,1.0 62,3.0 70,1.0 72,1.0 83,1.0 87,1.0 90,1.0 93,1.0 99,1.0 101,1.0 102,3.0 110,1.0 119,1.0 120,2.0 121,2.0 123,1.0 126,1.0 134,1.0 138,1.0 145,1.0 164,2.0 165,1.0 166,1.0 169,1.0 170,1.0 181,1.0 188,2.0 206,1.0 207,1.0 209,1.0 212,1.0 216,1.0 225,1.0 226,1.0 227,1.0 232,1.0 243,1.0 268,1.0 272,1.0 284,1.0 353,1.0 364,1.0 525,1.0 
8,1.0 19,1.0 39,1.0 110,1.0 113,1.0 124,1.0 125,1.0 293,1.0 374,1.0 375,1.0 
1,1.0 11,1.0 13,1.0 17,1.0 27,1.0 28,1.0 32,3.0 33,1.0 36,1.0 38,1.0 39,1.0 72,1.0 78,1.0 80,1.0 89,1.0 99,1.0 101,1.0 113,1.0 115,1.0 118,1.0 120,1.0 124,2.0 125,1.0 126,2.0 127,1.0 128,1.0 130,1.0 140,1.0 157,1.0 161,1.0 162,1.0 165,1.0 167,2.0 170,2.0 184,1.0 186,1.0 190,4.0 210,1.0 216,1.0 225,2.0 262,1.0 305,1.0 320,1.0 322,1.0 325,1.0 340,1.0 364,1.0 366,1.0 405,1.0 462,4.0 463,4.0 464,3.0 486,1.0 511,1.0 520,1.0 521,1.0 
39,1.0 55,1.0 75,1.0 80,1.0 113,1.0 124,1.0 126,1.0 127,1.0 136,1.0 143,1.0 169,1.0 182,1.0 183,1.0 
10,1.0 11,2.0 17,1.0 36,2.0 44,1.0 46,1.0 58,1.0 62,1.0 70,2.0 72,1.0 80,1.0 115,1.0 122,2.0 127,1.0 128,1.0 133,1.0 164,1.0 188,1.0 207,1.0 208,1.0 209,1.0 210,1.0 247,1.0 272,2.0 284,1.0 394,1.0 509,1.0 523,1.0 525,1.0 
13,1.0 42,1.0 45,1.0 52,1.0 56,1.0 57,1.0 70,1.0 80,1.0 87,1.0 102,1.0 126,1.0 128,1.0 151,1.0 209,1.0 223,2.0 256,1.0 261,1.0 270,1.0 
9,1.0 12,1.0 13,1.0 15,1.0 22,1.0 35,3.0 42,2.0 46,1.0 56,2.0 75,1.0 78,1.0 80,1.0 93,2.0 97,1.0 102,1.0 111,1.0 115,1.0 116,1.0 124,1.0 128,4.0 129,1.0 135,1.0 139,4.0 140,3.0 144,1.0 150,1.0 154,2.0 160,1.0 165,1.0 166,1.0 170,1.0 171,1.0 173,2.0 177,1.0 183,1.0 184,1.0 186,1.0 189,2.0 191,5.0 206,1.0 209,1.0 211,2.0 212,1.0 216,2.0 225,1.0 227,1.0 229,6.0 241,1.0 242,4.0 243,2.0 244,2.0 245,2.0 268,1.0 289,1.0 325,1.0 356,1.0 357,2.0 358,3.0 364,1.0 383,2.0 423,1.0 424,1.0 472,1.0 474,1.0 520,1.0 521,1.0 
23,1.0 78,1.0 
34,1.0 36,2.0 38,1.0 56,1.0 67,1.0 74,1.0 78,1.0 101,1.0 111,1.0 124,1.0 131,1.0 132,1.0 133,1.0 134,1.0 157,1.0 167,1.0 171,1.0 182,1.0 210,1.0 230,1.0 273,1.0 274,1.0 336,1.0 366,1.0 453,1.0 
132,1.0 133,1.0 134,1.0 135,1.0 136,1.0 137,1.0 
6,1.0 25,1.0 35,1.0 64,2.0 80,1.0 93,2.0 101,1.0 102,1.0 118,1.0 131,1.0 132,1.0 133,1.0 134,1.0 135,1.0 136,1.0 137,2.0 150,1.0 174,1.0 209,2.0 211,1.0 224,2.0 228,2.0 234,3.0 261,1.0 305,1.0 306,1.0 307,1.0 325,1.0 327,2.0 349,1.0 355,1.0 359,2.0 360,1.0 361,1.0 366,1.0 390,1.0 505,1.0 
5,2.0 9,1.0 11,2.0 12,2.0 13,1.0 17,1.0 20,1.0 22,1.0 23,1.0 33,2.0 35,1.0 52,1.0 58,1.0 75,1.0 76,1.0 86,1.0 87,1.0 92,1.0 97,1.0 117,1.0 124,1.0 128,1.0 131,1.0 132,1.0 134,1.0 135,1.0 136,1.0 137,1.0 140,3.0 141,2.0 151,1.0 153,1.0 157,1.0 161,1.0 165,1.0 167,1.0 170,1.0 182,1.0 185,1.0 188,1.0 205,2.0 210,1.0 211,1.0 215,1.0 229,1.0 235,1.0 239,1.0 240,1.0 241,1.0 320,1.0 326,2.0 327,1.0 364,1.0 371,1.0 392,1.0 393,1.0 409,2.0 452,1.0 463,1.0 511,1.0 
5,1.0 9,2.0 10,1.0 15,1.0 24,1.0 32,1.0 33,1.0 52,1.0 55,1.0 56,1.0 93,1.0 118,1.0 122,1.0 125,1.0 131,1.0 132,1.0 133,1.0 135,3.0 136,2.0 137,1.0 143,1.0 149,1.0 166,1.0 167,1.0 181,3.0 182,1.0 183,2.0 188,1.0 190,1.0 210,1.0 218,1.0 222,1.0 225,1.0 226,1.0 227,1.0 251,1.0 275,1.0 284,1.0 330,1.0 342,1.0 363,1.0 462,1.0 497,1.0 
4,1.0 9,3.0 14,1.0 15,1.0 29,1.0 31,1.0 38,1.0 46,1.0 49,1.0 52,1.0 64,2.0 67,1.0 93,2.0 117,2.0 134,3.0 135,1.0 136,1.0 137,4.0 138,1.0 139,2.0 140,1.0 152,1.0 173,1.0 176,2.0 188,1.0 193,1.0 217,1.0 218,1.0 219,1.0 220,1.0 222,1.0 223,1.0 224,1.0 265,1.0 275,2.0 284,1.0 300,1.0 324,1.0 325,1.0 327,1.0 342,2.0 363,1.0 385,2.0 386,1.0 405,1.0 435,1.0 436,1.0 
1,1.0 4,1.0 7,1.0 18,1.0 27,1.0 28,1.0 31,1.0 32,1.0 47,1.0 55,2.0 75,1.0 90,1.0 92,2.0 120,2.0 125,1.0 132,1.0 133,1.0 135,1.0 136,1.0 137,1.0 138,1.0 139,1.0 140,1.0 143,2.0 157,1.0 169,1.0 182,1.0 183,1.0 184,1.0 225,1.0 261,2.0 276,1.0 320,1.0 323,1.0 326,1.0 331,2.0 340,1.0 347,1.0 348,1.0 366,1.0 401,1.0 409,1.0 450,1.0 451,1.0 
4,1.0 13,1.0 29,1.0 31,1.0 45,1.0 51,1.0 78,1.0 83,1.0 93,2.0 135,4.0 136,1.0 138,2.0 139,1.0 152,1.0 174,1.0 175,1.0 176,2.0 183,1.0 186,1.0 217,1.0 222,2.0 223,1.0 224,1.0 228,1.0 229,1.0 231,1.0 251,1.0 299,1.0 300,1.0 324,1.0 325,1.0 355,1.0 363,1.0 383,1.0 390,1.0 402,1.0 403,1.0 425,1.0 426,1.0 427,1.0 438,1.0 439,1.0 440,1.0 
4,2.0 12,1.0 13,1.0 14,1.0 15,1.0 31,1.0 32,1.0 34,1.0 36,1.0 56,1.0 60,1.0 71,1.0 74,1.0 75,1.0 102,1.0 133,1.0 139,2.0 171,1.0 201,1.0 243,1.0 268,2.0 274,1.0 320,1.0 353,1.0 354,1.0 495,1.0 
1,1.0 4,4.0 5,1.0 9,1.0 12,1.0 13,1.0 22,1.0 24,1.0 29,1.0 31,1.0 34,1.0 38,2.0 42,1.0 49,1.0 51,1.0 52,1.0 61,1.0 62,1.0 64,1.0 67,1.0 70,1.0 71,1.0 74,1.0 78,1.0 83,1.0 84,1.0 90,1.0 92,1.0 93,1.0 110,1.0 113,2.0 115,1.0 117,1.0 120,1.0 128,3.0 133,1.0 135,1.0 138,2.0 150,1.0 151,1.0 160,2.0 165,1.0 166,1.0 169,1.0 173,1.0 176,1.0 177,1.0 184,1.0 185,1.0 189,1.0 195,1.0 204,1.0 211,1.0 213,1.0 227,3.0 231,1.0 241,2.0 242,1.0 244,1.0 245,1.0 247,1.0 252,1.0 254,1.0 260,1.0 265,1.0 268,2.0 269,1.0 300,1.0 325,1.0 353,1.0 384,3.0 387,1.0 424,1.0 435,2.0 436,1.0 447,1.0 469,1.0 513,1.0 
4,1.0 11,2.0 12,1.0 14,2.0 24,1.0 31,1.0 50,2.0 51,1.0 64,1.0 72,1.0 83,1.0 86,1.0 93,2.0 124,1.0 128,4.0 132,1.0 133,1.0 135,2.0 137,2.0 140,5.0 141,2.0 142,1.0 145,1.0 146,1.0 147,1.0 148,1.0 149,1.0 150,1.0 154,1.0 170,1.0 172,2.0 173,5.0 174,4.0 175,2.0 183,1.0 188,2.0 189,1.0 191,2.0 211,2.0 212,1.0 217,2.0 218,2.0 219,3.0 220,1.0 222,2.0 225,1.0 228,1.0 229,2.0 234,1.0 237,1.0 251,1.0 254,1.0 268,1.0 286,1.0 299,1.0 320,2.0 327,1.0 328,1.0 357,1.0 358,4.0 364,1.0 383,2.0 390,1.0 393,1.0 402,1.0 403,1.0 405,1.0 415,1.0 426,1.0 463,1.0 472,1.0 503,1.0 511,1.0 539,2.0 540,1.0 541,1.0 542,1.0 
4,3.0 5,1.0 13,1.0 24,2.0 28,1.0 31,1.0 33,2.0 35,2.0 45,1.0 69,1.0 95,1.0 96,1.0 113,1.0 116,1.0 132,1.0 140,2.0 141,1.0 142,1.0 144,2.0 148,1.0 157,2.0 160,1.0 162,4.0 163,1.0 164,1.0 167,2.0 168,3.0 171,1.0 177,1.0 186,1.0 189,1.0 201,1.0 206,1.0 210,2.0 212,2.0 220,1.0 228,1.0 232,1.0 234,1.0 254,1.0 268,1.0 284,1.0 286,1.0 365,1.0 370,2.0 389,1.0 390,1.0 405,1.0 410,1.0 415,1.0 421,1.0 422,1.0 471,1.0 
2,1.0 11,1.0 36,1.0 70,1.0 115,1.0 126,1.0 143,1.0 179,1.0 383,1.0 
1,1.0 28,1.0 55,2.0 75,1.0 125,1.0 136,1.0 144,1.0 169,1.0 182,1.0 183,1.0 220,1.0 261,1.0 
4,2.0 13,1.0 28,1.0 32,1.0 45,1.0 55,1.0 61,1.0 62,1.0 69,1.0 95,3.0 110,2.0 113,1.0 116,2.0 140,1.0 141,3.0 142,1.0 144,1.0 145,1.0 146,1.0 147,1.0 156,2.0 159,1.0 160,1.0 161,1.0 162,4.0 163,2.0 164,1.0 165,1.0 168,1.0 170,1.0 173,1.0 179,1.0 184,1.0 192,2.0 228,1.0 262,1.0 263,1.0 322,1.0 383,1.0 390,1.0 405,1.0 421,1.0 422,1.0 
4,1.0 34,1.0 35,2.0 36,1.0 38,2.0 56,2.0 57,1.0 75,1.0 80,2.0 116,1.0 122,1.0 140,1.0 146,1.0 147,1.0 148,1.0 149,1.0 150,1.0 161,1.0 162,1.0 164,1.0 165,1.0 167,1.0 168,1.0 169,1.0 170,1.0 177,1.0 180,1.0 206,1.0 216,1.0 247,1.0 252,1.0 253,1.0 326,1.0 331,2.0 346,1.0 524,1.0 
56,1.0 140,1.0 145,1.0 147,1.0 148,1.0 149,1.0 150,1.0 151,1.0 193,1.0 209,1.0 215,1.0 292,1.0 319,1.0 487,1.0 488,1.0 
36,1.0 61,1.0 62,1.0 110,1.0 144,1.0 148,1.0 149,1.0 150,1.0 151,1.0 262,1.0 263,1.0 
13,1.0 24,1.0 36,1.0 55,1.0 128,1.0 147,1.0 149,1.0 150,2.0 151,1.0 170,1.0 186,1.0 372,1.0 373,1.0 
32,1.0 36,1.0 52,1.0 118,1.0 134,1.0 147,1.0 148,1.0 150,1.0 151,1.0 181,1.0 190,1.0 284,1.0 330,1.0 462,1.0 497,1.0 
13,2.0 15,1.0 17,1.0 24,2.0 25,2.0 27,3.0 32,2.0 35,1.0 36,1.0 52,1.0 61,1.0 67,1.0 71,1.0 75,1.0 80,1.0 84,1.0 85,1.0 87,1.0 93,1.0 99,1.0 111,2.0 128,1.0 132,1.0 139,1.0 144,1.0 147,1.0 148,1.0 149,1.0 151,2.0 152,1.0 153,1.0 154,1.0 156,2.0 157,2.0 160,1.0 162,1.0 167,2.0 170,6.0 171,1.0 173,1.0 176,1.0 180,1.0 183,1.0 185,1.0 188,1.0 189,1.0 191,1.0 192,1.0 202,1.0 203,2.0 211,2.0 215,1.0 221,1.0 223,1.0 228,1.0 229,1.0 230,1.0 242,1.0 249,1.0 254,1.0 261,1.0 262,1.0 273,1.0 278,1.0 322,1.0 366,2.0 393,1.0 408,1.0 411,1.0 439,1.0 443,1.0 480,1.0 490,1.0 505,1.0 535,1.0 536,1.0 
4,1.0 5,1.0 6,1.0 11,3.0 12,3.0 15,1.0 17,1.0 22,1.0 23,1.0 27,2.0 32,1.0 33,1.0 35,1.0 36,2.0 39,1.0 48,1.0 52,1.0 53,1.0 56,3.0 57,2.0 61,1.0 62,1.0 67,1.0 69,1.0 71,1.0 72,1.0 74,1.0 85,2.0 87,2.0 88,1.0 90,1.0 101,1.0 102,3.0 113,1.0 117,1.0 126,1.0 127,1.0 139,1.0 141,1.0 148,1.0 158,1.0 162,2.0 164,2.0 168,2.0 170,1.0 171,1.0 175,1.0 177,2.0 193,2.0 195,1.0 198,1.0 199,1.0 205,1.0 209,1.0 210,1.0 211,1.0 215,3.0 218,1.0 221,1.0 227,3.0 229,1.0 241,1.0 249,1.0 256,1.0 261,2.0 284,1.0 305,1.0 332,1.0 333,2.0 372,1.0 397,1.0 417,1.0 426,1.0 429,2.0 430,1.0 431,1.0 461,2.0 482,1.0 543,1.0 
16,1.0 21,1.0 29,1.0 36,1.0 37,1.0 42,1.0 46,3.0 56,1.0 60,1.0 62,1.0 72,1.0 84,1.0 87,1.0 95,1.0 122,1.0 126,1.0 135,1.0 137,1.0 150,1.0 153,1.0 154,1.0 169,1.0 206,1.0 209,1.0 222,2.0 223,1.0 224,1.0 351,1.0 
33,1.0 53,1.0 104,1.0 111,1.0 130,1.0 154,2.0 157,1.0 161,1.0 182,2.0 246,1.0 336,1.0 366,1.0 452,1.0 476,1.0 477,1.0 
9,1.0 11,1.0 12,1.0 15,1.0 28,1.0 53,1.0 56,1.0 87,3.0 93,1.0 96,1.0 104,1.0 111,1.0 120,1.0 122,1.0 128,1.0 140,1.0 145,1.0 153,2.0 154,1.0 161,1.0 166,1.0 170,2.0 173,1.0 179,1.0 183,1.0 186,1.0 188,2.0 191,2.0 206,1.0 207,2.0 211,2.0 212,1.0 216,1.0 225,1.0 229,1.0 232,1.0 233,1.0 243,1.0 246,1.0 255,1.0 261,2.0 276,1.0 292,1.0 305,1.0 320,1.0 322,1.0 325,1.0 342,1.0 343,2.0 344,2.0 345,1.0 356,1.0 357,1.0 364,1.0 401,1.0 449,1.0 466,1.0 513,1.0 
32,1.0 135,1.0 137,1.0 156,1.0 176,1.0 217,1.0 241,1.0 
32,2.0 36,1.0 49,1.0 84,1.0 87,1.0 111,2.0 113,2.0 114,1.0 144,1.0 150,2.0 156,2.0 157,1.0 159,2.0 165,1.0 167,1.0 170,5.0 171,1.0 176,1.0 179,2.0 191,2.0 192,3.0 213,2.0 268,1.0 299,1.0 322,1.0 323,2.0 
7,1.0 27,2.0 28,1.0 32,3.0 33,1.0 35,2.0 36,1.0 38,1.0 52,2.0 54,1.0 62,2.0 78,1.0 87,2.0 92,1.0 99,1.0 101,1.0 111,1.0 113,3.0 124,1.0 130,2.0 133,1.0 136,3.0 140,1.0 150,2.0 151,1.0 153,1.0 157,1.0 158,1.0 159,1.0 160,1.0 162,1.0 164,1.0 165,1.0 167,1.0 168,3.0 170,4.0 173,1.0 176,1.0 177,1.0 180,1.0 182,2.0 185,1.0 191,2.0 206,1.0 210,1.0 221,1.0 223,1.0 228,1.0 242,1.0 268,1.0 273,1.0 305,1.0 320,1.0 326,1.0 336,1.0 340,1.0 357,1.0 358,1.0 366,1.0 382,1.0 409,1.0 427,1.0 449,1.0 450,3.0 451,2.0 452,1.0 480,1.0 534,1.0 
11,1.0 35,1.0 57,1.0 61,1.0 63,1.0 87,2.0 95,1.0 102,1.0 144,1.0 151,1.0 159,2.0 160,1.0 161,1.0 162,1.0 166,1.0 177,2.0 212,1.0 227,2.0 261,1.0 366,1.0 418,1.0 437,1.0 461,2.0 466,1.0 482,2.0 522,1.0 
1,1.0 12,1.0 84,1.0 95,4.0 141,1.0 144,3.0 156,1.0 158,1.0 159,1.0 160,1.0 161,2.0 162,1.0 163,1.0 170,1.0 206,1.0 213,1.0 231,1.0 323,1.0 
4,1.0 13,1.0 17,2.0 35,2.0 45,1.0 61,1.0 84,1.0 87,1.0 95,1.0 101,1.0 117,1.0 128,1.0 139,2.0 144,1.0 158,1.0 159,2.0 161,1.0 162,2.0 164,2.0 165,1.0 166,1.0 167,1.0 171,1.0 173,1.0 185,1.0 191,1.0 204,1.0 209,2.0 229,1.0 247,1.0 261,1.0 300,1.0 321,1.0 353,1.0 384,1.0 423,1.0 469,1.0 482,1.0 
7,1.0 17,1.0 27,1.0 33,3.0 35,1.0 38,1.0 56,1.0 65,1.0 87,1.0 89,1.0 93,1.0 95,2.0 104,1.0 124,1.0 134,1.0 141,1.0 144,2.0 153,1.0 154,1.0 157,1.0 159,1.0 162,2.0 163,1.0 167,2.0 170,1.0 173,2.0 180,1.0 181,1.0 212,1.0 246,1.0 275,1.0 357,1.0 
1,1.0 4,4.0 5,1.0 6,1.0 13,3.0 17,2.0 21,1.0 32,2.0 33,1.0 36,2.0 37,1.0 45,2.0 49,1.0 51,1.0 52,1.0 54,1.0 55,1.0 57,1.0 62,1.0 64,1.0 71,1.0 85,2.0 87,4.0 89,1.0 90,1.0 93,1.0 95,1.0 101,1.0 113,1.0 115,1.0 127,1.0 132,1.0 134,1.0 135,1.0 139,4.0 140,1.0 141,3.0 144,2.0 149,1.0 151,1.0 156,1.0 157,3.0 160,3.0 162,1.0 163,2.0 164,3.0 165,4.0 166,2.0 167,1.0 168,1.0 170,2.0 171,1.0 181,1.0 191,1.0 209,2.0 215,1.0 229,1.0 231,1.0 234,1.0 241,1.0 249,1.0 252,1.0 253,1.0 260,1.0 261,2.0 266,1.0 284,1.0 305,1.0 321,1.0 329,1.0 330,1.0 334,1.0 364,1.0 384,1.0 435,2.0 448,1.0 449,1.0 450,1.0 461,1.0 469,1.0 482,2.0 512,1.0 
2,1.0 4,2.0 11,1.0 13,1.0 17,1.0 28,1.0 36,1.0 42,1.0 45,1.0 90,1.0 95,1.0 113,1.0 115,1.0 141,3.0 142,1.0 144,2.0 160,1.0 162,3.0 164,2.0 165,1.0 167,1.0 168,1.0 170,1.0 177,1.0 180,1.0 191,1.0 206,1.0 209,1.0 227,1.0 420,1.0 421,1.0 527,1.0 
4,1.0 13,1.0 17,3.0 21,1.0 36,1.0 45,1.0 57,1.0 61,1.0 62,2.0 63,1.0 67,1.0 74,2.0 83,1.0 84,1.0 87,2.0 90,1.0 99,1.0 102,3.0 115,1.0 122,1.0 126,1.0 134,1.0 135,1.0 145,1.0 151,2.0 160,2.0 162,3.0 165,2.0 166,1.0 167,1.0 168,1.0 169,1.0 185,1.0 188,2.0 189,1.0 193,1.0 198,3.0 207,1.0 209,1.0 212,1.0 213,1.0 215,1.0 227,1.0 229,1.0 241,1.0 247,2.0 252,1.0 253,1.0 258,1.0 259,1.0 261,1.0 268,1.0 269,1.0 329,1.0 363,1.0 509,1.0 
1,1.0 4,2.0 9,1.0 13,3.0 17,2.0 20,1.0 36,1.0 44,1.0 52,2.0 55,1.0 57,1.0 62,2.0 75,1.0 81,1.0 87,3.0 90,1.0 99,1.0 101,1.0 113,1.0 115,2.0 116,1.0 122,1.0 124,1.0 128,1.0 139,1.0 144,1.0 157,1.0 160,1.0 162,4.0 163,1.0 164,2.0 166,2.0 167,1.0 168,2.0 169,1.0 170,2.0 176,1.0 177,2.0 184,1.0 186,1.0 191,2.0 209,1.0 211,1.0 213,1.0 216,1.0 221,1.0 225,1.0 241,1.0 247,1.0 252,2.0 253,1.0 260,1.0 325,1.0 435,1.0 520,1.0 521,1.0 
6,1.0 13,3.0 24,3.0 32,1.0 35,1.0 36,1.0 42,2.0 52,1.0 53,1.0 62,1.0 63,1.0 71,1.0 78,1.0 87,2.0 115,1.0 116,1.0 120,1.0 139,1.0 150,1.0 154,1.0 156,2.0 158,1.0 162,1.0 165,2.0 167,2.0 168,1.0 169,2.0 170,3.0 176,1.0 177,2.0 189,2.0 191,2.0 193,1.0 210,1.0 211,2.0 212,1.0 213,1.0 227,1.0 229,1.0 235,1.0 254,1.0 256,1.0 268,2.0 271,1.0 276,1.0 284,1.0 322,1.0 387,1.0 408,1.0 418,1.0 437,2.0 455,1.0 466,1.0 
4,1.0 6,1.0 13,1.0 15,1.0 17,2.0 21,1.0 24,1.0 27,1.0 33,3.0 36,3.0 38,1.0 52,1.0 60,1.0 64,1.0 75,1.0 78,2.0 80,1.0 84,1.0 87,3.0 89,1.0 93,1.0 101,1.0 113,1.0 115,1.0 116,2.0 124,2.0 130,1.0 141,3.0 152,1.0 157,1.0 161,2.0 162,3.0 165,1.0 166,2.0 168,4.0 169,2.0 171,1.0 173,1.0 177,1.0 186,1.0 191,1.0 201,1.0 203,1.0 209,1.0 210,2.0 224,1.0 229,1.0 235,1.0 255,1.0 331,1.0 351,1.0 384,1.0 427,1.0 471,1.0 524,1.0 
4,1.0 7,1.0 13,1.0 15,1.0 21,1.0 27,1.0 28,1.0 35,1.0 36,1.0 52,4.0 62,1.0 69,1.0 75,1.0 80,1.0 84,1.0 87,2.0 90,1.0 111,1.0 116,2.0 136,1.0 141,2.0 144,1.0 150,1.0 152,1.0 156,1.0 157,3.0 162,1.0 165,2.0 167,3.0 168,1.0 169,2.0 170,4.0 186,1.0 189,1.0 190,1.0 191,3.0 201,1.0 209,1.0 223,1.0 228,1.0 235,1.0 241,1.0 254,1.0 268,1.0 331,1.0 351,1.0 390,1.0 405,1.0 421,1.0 422,1.0 427,1.0 428,1.0 471,1.0 524,1.0 
11,1.0 13,1.0 21,1.0 35,2.0 36,1.0 37,1.0 38,1.0 46,1.0 53,2.0 56,1.0 75,1.0 80,1.0 84,1.0 87,3.0 95,1.0 111,2.0 115,1.0 116,2.0 120,1.0 122,1.0 124,1.0 128,2.0 130,1.0 139,1.0 150,1.0 152,2.0 156,1.0 157,1.0 165,1.0 166,2.0 167,2.0 168,2.0 170,2.0 177,1.0 181,1.0 184,1.0 189,3.0 191,1.0 209,2.0 213,1.0 222,1.0 265,1.0 266,1.0 269,1.0 271,1.0 331,1.0 351,1.0 364,1.0 387,1.0 408,1.0 437,1.0 498,1.0 524,1.0 
2,1.0 4,1.0 5,1.0 11,2.0 12,2.0 13,2.0 17,2.0 24,1.0 25,2.0 26,2.0 27,1.0 28,3.0 33,1.0 35,1.0 36,2.0 38,1.0 42,1.0 52,4.0 54,1.0 56,2.0 62,2.0 67,1.0 71,1.0 72,1.0 75,4.0 84,1.0 85,1.0 87,3.0 93,1.0 99,1.0 105,1.0 111,2.0 113,1.0 118,1.0 120,1.0 124,1.0 128,1.0 133,1.0 134,1.0 140,2.0 142,1.0 150,6.0 151,1.0 154,2.0 156,4.0 157,3.0 159,2.0 161,1.0 162,2.0 163,1.0 165,3.0 166,3.0 167,2.0 168,3.0 170,2.0 171,3.0 177,2.0 179,1.0 180,1.0 181,1.0 185,1.0 186,1.0 188,1.0 190,1.0 191,6.0 192,1.0 203,2.0 205,1.0 209,1.0 210,1.0 213,2.0 214,1.0 215,3.0 216,1.0 220,1.0 221,1.0 223,1.0 225,1.0 235,2.0 242,1.0 249,1.0 260,1.0 261,2.0 262,1.0 266,1.0 268,1.0 273,1.0 276,1.0 284,1.0 302,1.0 305,1.0 320,1.0 322,1.0 323,2.0 326,2.0 333,1.0 364,1.0 366,1.0 405,1.0 408,1.0 411,1.0 449,1.0 453,1.0 462,2.0 463,1.0 469,1.0 480,1.0 495,1.0 511,1.0 512,1.0 527,1.0 
4,1.0 11,1.0 12,1.0 13,1.0 14,1.0 15,1.0 28,1.0 34,1.0 35,4.0 36,1.0 38,1.0 56,1.0 71,2.0 74,2.0 80,1.0 87,1.0 116,2.0 127,1.0 138,1.0 141,1.0 157,1.0 162,2.0 167,1.0 168,1.0 170,2.0 191,1.0 205,1.0 209,2.0 230,1.0 243,2.0 261,1.0 268,2.0 272,1.0 284,2.0 300,1.0 320,1.0 405,1.0 423,2.0 469,1.0 538,1.0 
50,2.0 51,1.0 64,1.0 141,1.0 173,2.0 174,2.0 175,2.0 183,1.0 232,1.0 237,1.0 238,1.0 
9,3.0 15,3.0 50,2.0 51,1.0 56,1.0 61,1.0 62,1.0 64,1.0 67,1.0 75,1.0 84,1.0 92,1.0 93,1.0 99,1.0 116,1.0 128,1.0 133,1.0 134,1.0 135,2.0 139,1.0 140,4.0 141,2.0 154,1.0 157,1.0 160,1.0 172,2.0 173,1.0 174,2.0 175,2.0 177,1.0 181,1.0 183,2.0 184,1.0 185,1.0 187,1.0 191,1.0 206,1.0 212,1.0 219,1.0 221,1.0 225,1.0 229,1.0 254,1.0 327,1.0 328,1.0 333,1.0 342,1.0 353,1.0 356,1.0 357,2.0 358,1.0 364,1.0 381,1.0 415,1.0 467,1.0 500,1.0 501,1.0 502,1.0 503,1.0 
14,1.0 29,1.0 50,3.0 51,2.0 64,2.0 89,1.0 93,1.0 99,1.0 111,1.0 137,1.0 140,1.0 141,1.0 172,2.0 173,3.0 175,2.0 183,2.0 217,1.0 218,2.0 247,1.0 257,2.0 269,1.0 299,1.0 321,1.0 355,1.0 435,1.0 528,1.0 529,1.0 
1,1.0 2,1.0 27,1.0 32,1.0 45,1.0 50,2.0 51,1.0 52,1.0 64,1.0 117,1.0 137,1.0 141,1.0 151,1.0 172,2.0 173,2.0 174,2.0 183,1.0 218,1.0 236,1.0 284,1.0 299,1.0 300,1.0 305,1.0 363,1.0 429,1.0 438,1.0 439,1.0 440,1.0 
4,2.0 11,2.0 24,2.0 33,1.0 52,1.0 56,1.0 61,1.0 71,1.0 84,1.0 87,1.0 113,1.0 116,1.0 135,1.0 137,1.0 139,1.0 140,2.0 141,1.0 150,1.0 160,1.0 165,1.0 171,1.0 173,2.0 177,3.0 178,1.0 181,1.0 187,1.0 188,1.0 191,1.0 203,1.0 208,1.0 211,1.0 217,1.0 221,1.0 225,1.0 227,1.0 229,1.0 237,1.0 272,1.0 284,1.0 300,1.0 320,1.0 325,1.0 326,2.0 494,1.0 503,1.0 539,1.0 541,1.0 
4,3.0 11,4.0 12,2.0 24,1.0 27,1.0 32,1.0 33,3.0 35,3.0 36,1.0 42,1.0 49,2.0 56,4.0 61,1.0 62,1.0 63,1.0 67,1.0 80,3.0 85,1.0 87,1.0 89,1.0 102,2.0 113,2.0 115,1.0 116,1.0 120,1.0 124,2.0 128,1.0 134,1.0 135,2.0 137,1.0 139,1.0 141,2.0 145,1.0 150,2.0 151,1.0 152,1.0 157,2.0 162,1.0 167,2.0 168,1.0 169,2.0 170,2.0 171,1.0 176,2.0 178,1.0 184,1.0 189,2.0 190,1.0 203,1.0 206,2.0 210,2.0 215,1.0 216,1.0 221,2.0 222,2.0 223,1.0 224,1.0 227,1.0 245,1.0 254,1.0 261,1.0 262,1.0 268,1.0 269,1.0 272,2.0 305,3.0 310,1.0 311,1.0 312,1.0 325,1.0 326,3.0 327,1.0 331,1.0 340,1.0 366,2.0 385,1.0 405,1.0 423,2.0 437,1.0 460,1.0 461,2.0 462,1.0 463,1.0 464,1.0 466,1.0 482,1.0 483,1.0 494,1.0 524,1.0 
1,1.0 179,1.0 277,1.0 
0,1.0 1,1.0 4,1.0 19,1.0 35,1.0 53,1.0 56,1.0 113,1.0 145,2.0 156,2.0 159,1.0 170,2.0 175,1.0 192,1.0 213,1.0 236,1.0 292,1.0 299,1.0 300,1.0 323,1.0 345,1.0 346,1.0 
11,1.0 27,1.0 28,1.0 33,1.0 36,1.0 38,1.0 42,1.0 52,1.0 67,1.0 87,1.0 101,1.0 113,1.0 133,1.0 134,1.0 141,1.0 161,1.0 163,1.0 167,1.0 170,1.0 177,1.0 181,1.0 187,1.0 206,1.0 221,1.0 225,1.0 362,1.0 363,1.0 
5,1.0 10,1.0 11,2.0 13,1.0 32,1.0 33,1.0 45,1.0 52,1.0 55,1.0 62,1.0 87,1.0 99,1.0 103,1.0 117,1.0 118,1.0 120,1.0 122,1.0 125,1.0 134,3.0 136,1.0 140,1.0 141,1.0 143,1.0 149,1.0 165,1.0 166,1.0 169,1.0 170,1.0 173,1.0 182,1.0 183,3.0 190,1.0 212,1.0 218,1.0 232,1.0 249,1.0 251,1.0 254,1.0 261,1.0 284,2.0 326,1.0 330,1.0 364,1.0 395,1.0 409,1.0 415,1.0 456,2.0 457,1.0 462,1.0 497,1.0 
26,2.0 33,1.0 52,1.0 55,1.0 75,1.0 111,2.0 125,1.0 130,2.0 136,1.0 143,1.0 153,1.0 157,1.0 169,1.0 170,1.0 182,1.0 183,1.0 336,3.0 340,1.0 366,2.0 452,1.0 453,2.0 462,1.0 463,1.0 469,1.0 510,1.0 
5,1.0 9,1.0 10,2.0 15,1.0 17,1.0 27,1.0 35,2.0 36,1.0 55,1.0 56,1.0 75,1.0 93,1.0 96,1.0 116,2.0 125,1.0 132,1.0 134,1.0 136,1.0 140,2.0 143,1.0 150,1.0 161,1.0 169,1.0 173,1.0 181,1.0 182,1.0 212,1.0 218,1.0 222,1.0 234,1.0 251,1.0 327,1.0 356,2.0 364,1.0 
4,1.0 47,1.0 90,1.0 115,2.0 116,1.0 128,1.0 132,1.0 133,1.0 136,1.0 139,1.0 162,1.0 163,1.0 165,1.0 169,1.0 173,1.0 177,1.0 185,1.0 189,1.0 216,1.0 225,1.0 261,1.0 269,1.0 325,1.0 347,1.0 348,1.0 521,1.0 
5,1.0 9,1.0 35,3.0 42,2.0 45,1.0 56,2.0 67,1.0 72,1.0 75,1.0 87,1.0 93,1.0 99,1.0 102,2.0 116,2.0 117,1.0 127,1.0 133,1.0 139,1.0 141,1.0 160,1.0 198,1.0 204,1.0 215,1.0 223,3.0 227,1.0 242,1.0 299,1.0 300,1.0 325,2.0 333,1.0 384,1.0 391,1.0 401,1.0 409,1.0 465,1.0 469,1.0 480,1.0 
13,2.0 24,1.0 27,3.0 28,1.0 33,1.0 52,2.0 53,1.0 67,2.0 89,2.0 90,1.0 111,1.0 115,1.0 124,1.0 128,2.0 140,1.0 148,1.0 150,2.0 151,1.0 157,1.0 165,1.0 167,1.0 168,1.0 170,2.0 184,1.0 186,3.0 191,2.0 216,1.0 225,1.0 250,1.0 251,1.0 255,1.0 262,5.0 273,1.0 285,2.0 325,1.0 340,1.0 366,1.0 383,1.0 387,1.0 388,1.0 427,3.0 520,1.0 521,1.0 
9,1.0 11,3.0 15,1.0 24,1.0 35,1.0 37,1.0 38,1.0 67,1.0 83,1.0 92,1.0 120,1.0 122,1.0 128,1.0 140,1.0 160,1.0 168,1.0 169,1.0 176,2.0 181,1.0 187,1.0 188,3.0 189,1.0 218,1.0 224,1.0 225,4.0 228,1.0 230,1.0 235,1.0 241,1.0 264,1.0 284,1.0 320,1.0 362,1.0 363,1.0 364,1.0 417,1.0 479,1.0 502,1.0 503,1.0 
9,1.0 10,2.0 11,4.0 12,1.0 28,1.0 35,1.0 36,1.0 56,2.0 61,2.0 67,1.0 80,1.0 83,2.0 86,1.0 92,1.0 93,2.0 96,1.0 97,1.0 116,2.0 120,1.0 121,1.0 122,2.0 133,1.0 134,1.0 135,1.0 140,2.0 145,2.0 154,1.0 163,1.0 168,1.0 169,1.0 171,1.0 177,1.0 181,1.0 187,3.0 189,1.0 206,1.0 207,1.0 209,1.0 210,1.0 216,1.0 218,1.0 222,1.0 224,1.0 225,2.0 228,1.0 229,1.0 232,1.0 233,1.0 249,1.0 264,1.0 266,1.0 268,1.0 272,1.0 320,2.0 325,1.0 326,2.0 342,2.0 363,1.0 364,1.0 394,2.0 401,1.0 405,2.0 411,1.0 412,1.0 434,1.0 441,1.0 442,1.0 452,1.0 463,1.0 466,1.0 472,1.0 479,1.0 482,1.0 523,1.0 
4,1.0 12,1.0 14,1.0 24,1.0 31,1.0 42,1.0 53,2.0 56,2.0 61,2.0 62,1.0 64,1.0 80,1.0 102,1.0 110,1.0 113,1.0 120,1.0 128,2.0 137,1.0 139,1.0 150,1.0 151,1.0 166,2.0 168,1.0 169,1.0 170,1.0 174,1.0 175,1.0 177,1.0 189,1.0 190,1.0 191,3.0 193,1.0 206,1.0 210,2.0 213,2.0 216,1.0 220,1.0 221,1.0 227,1.0 271,1.0 278,1.0 286,1.0 289,1.0 299,1.0 305,1.0 363,1.0 366,1.0 387,2.0 408,2.0 437,1.0 474,1.0 490,1.0 528,1.0 529,1.0 
12,1.0 26,1.0 28,3.0 32,5.0 42,1.0 52,1.0 56,1.0 118,3.0 124,3.0 170,2.0 177,1.0 190,2.0 191,1.0 326,1.0 340,1.0 453,1.0 462,7.0 463,5.0 464,3.0 497,1.0 510,1.0 
2,1.0 9,1.0 11,1.0 15,1.0 17,2.0 27,1.0 28,1.0 33,2.0 35,1.0 36,1.0 52,5.0 53,1.0 62,1.0 87,1.0 93,1.0 98,1.0 111,2.0 116,1.0 128,4.0 137,1.0 140,3.0 142,1.0 150,2.0 154,1.0 156,1.0 157,2.0 162,1.0 163,1.0 165,3.0 167,1.0 168,3.0 170,5.0 171,1.0 173,1.0 175,1.0 176,1.0 177,1.0 183,1.0 186,3.0 187,1.0 188,1.0 189,2.0 191,1.0 203,1.0 209,1.0 211,1.0 213,1.0 220,1.0 221,1.0 229,2.0 254,1.0 255,1.0 268,1.0 289,1.0 356,1.0 357,1.0 358,2.0 363,1.0 364,1.0 366,2.0 383,1.0 387,2.0 388,1.0 408,1.0 423,1.0 427,1.0 474,1.0 479,1.0 527,1.0 
32,1.0 54,1.0 91,1.0 113,2.0 144,1.0 156,4.0 159,1.0 170,3.0 179,2.0 192,1.0 213,1.0 322,1.0 323,1.0 
9,2.0 11,2.0 12,1.0 17,1.0 45,1.0 54,1.0 56,1.0 71,1.0 126,1.0 151,2.0 164,1.0 166,1.0 188,1.0 194,1.0 209,1.0 210,1.0 215,1.0 225,1.0 229,1.0 254,1.0 328,1.0 342,1.0 404,1.0 467,1.0 468,1.0 
113,1.0 
11,1.0 71,1.0 90,1.0 102,1.0 112,1.0 122,1.0 179,1.0 209,1.0 243,1.0 
197,1.0 198,1.0 
151,1.0 198,1.0 199,1.0 200,1.0 
25,1.0 42,1.0 45,1.0 67,2.0 74,1.0 84,1.0 99,1.0 102,3.0 105,1.0 127,1.0 151,2.0 164,1.0 170,2.0 171,1.0 185,2.0 197,1.0 198,1.0 199,1.0 205,1.0 213,1.0 214,1.0 215,2.0 220,1.0 223,1.0 268,1.0 269,1.0 453,1.0 460,1.0 463,1.0 
39,1.0 151,1.0 200,1.0 294,1.0 462,1.0 
18,1.0 201,1.0 276,1.0 301,1.0 517,1.0 
4,1.0 11,1.0 32,2.0 42,1.0 80,1.0 141,1.0 150,1.0 163,1.0 167,1.0 168,1.0 180,1.0 202,1.0 206,1.0 354,1.0 471,1.0 
32,1.0 80,1.0 150,1.0 203,1.0 
4,1.0 5,1.0 17,1.0 24,1.0 26,1.0 33,2.0 42,1.0 52,1.0 75,2.0 87,2.0 105,1.0 167,1.0 170,1.0 186,1.0 191,1.0 214,1.0 255,1.0 333,1.0 494,1.0 
28,1.0 56,1.0 58,1.0 72,1.0 75,1.0 87,2.0 117,1.0 185,1.0 205,1.0 210,1.0 223,2.0 227,1.0 300,1.0 320,1.0 321,1.0 384,1.0 
9,1.0 20,1.0 28,1.0 35,1.0 58,1.0 75,1.0 80,1.0 87,1.0 117,1.0 133,2.0 154,1.0 170,1.0 171,1.0 204,1.0 215,1.0 265,1.0 268,1.0 284,1.0 326,1.0 341,1.0 342,1.0 392,1.0 393,1.0 409,1.0 
1,1.0 4,1.0 11,1.0 12,1.0 16,1.0 35,3.0 36,1.0 38,3.0 42,3.0 45,2.0 46,1.0 49,1.0 56,3.0 60,2.0 75,1.0 80,1.0 95,1.0 102,2.0 113,2.0 122,1.0 141,1.0 145,1.0 150,1.0 151,1.0 152,1.0 157,2.0 159,1.0 163,1.0 167,1.0 170,1.0 171,1.0 177,3.0 180,1.0 216,2.0 221,1.0 227,1.0 261,1.0 268,1.0 321,1.0 325,1.0 326,2.0 365,1.0 389,1.0 390,1.0 423,1.0 
17,1.0 35,1.0 36,1.0 45,1.0 54,1.0 58,1.0 61,1.0 62,1.0 83,1.0 87,1.0 126,1.0 133,1.0 154,1.0 163,2.0 170,1.0 179,1.0 180,1.0 188,1.0 191,1.0 208,1.0 209,1.0 210,1.0 211,1.0 261,1.0 292,1.0 343,1.0 344,1.0 345,1.0 364,1.0 509,1.0 527,1.0 544,1.0 
4,1.0 58,1.0 116,1.0 126,1.0 133,1.0 141,1.0 171,1.0 176,1.0 207,1.0 209,1.0 210,1.0 229,1.0 284,1.0 
6,1.0 11,3.0 12,2.0 21,1.0 28,1.0 35,8.0 36,2.0 38,1.0 45,2.0 46,1.0 51,1.0 56,3.0 58,1.0 62,1.0 67,1.0 70,1.0 71,1.0 72,1.0 74,1.0 80,1.0 84,1.0 85,1.0 87,1.0 90,2.0 101,2.0 102,5.0 115,1.0 116,5.0 122,2.0 124,1.0 126,2.0 130,1.0 133,1.0 134,1.0 135,1.0 138,1.0 151,2.0 152,1.0 157,1.0 164,1.0 167,1.0 169,1.0 171,2.0 174,1.0 176,1.0 177,1.0 180,2.0 188,1.0 191,1.0 193,1.0 198,1.0 207,1.0 208,1.0 209,1.0 210,2.0 215,2.0 216,1.0 218,1.0 221,2.0 227,1.0 229,1.0 235,1.0 243,1.0 248,1.0 261,1.0 264,1.0 265,1.0 266,1.0 268,1.0 272,3.0 326,2.0 333,1.0 351,1.0 353,1.0 360,1.0 361,1.0 363,1.0 385,1.0 390,1.0 409,1.0 419,1.0 423,2.0 435,1.0 482,1.0 
4,2.0 5,1.0 9,1.0 12,1.0 13,1.0 17,1.0 20,1.0 24,1.0 29,1.0 35,1.0 36,3.0 38,2.0 48,1.0 52,1.0 57,1.0 58,2.0 61,2.0 64,1.0 67,1.0 70,1.0 75,2.0 76,1.0 77,1.0 78,2.0 84,1.0 85,2.0 88,1.0 92,1.0 93,2.0 96,2.0 101,2.0 133,2.0 134,1.0 141,1.0 151,1.0 162,1.0 165,1.0 166,4.0 167,1.0 170,2.0 177,2.0 189,1.0 193,1.0 209,1.0 210,1.0 211,1.0 215,1.0 220,1.0 221,2.0 222,2.0 224,1.0 227,6.0 229,1.0 232,2.0 245,1.0 254,1.0 260,1.0 266,1.0 284,1.0 310,1.0 311,1.0 312,1.0 327,1.0 333,4.0 364,1.0 370,2.0 371,1.0 391,1.0 397,1.0 407,2.0 419,1.0 432,1.0 448,1.0 481,1.0 497,1.0 543,1.0 
6,1.0 9,1.0 17,1.0 20,1.0 24,2.0 25,1.0 27,1.0 52,2.0 61,1.0 62,2.0 71,1.0 84,1.0 87,1.0 90,1.0 99,1.0 101,1.0 122,1.0 128,2.0 132,1.0 139,1.0 140,1.0 150,2.0 151,1.0 154,2.0 160,1.0 165,1.0 166,1.0 168,1.0 173,2.0 176,1.0 179,1.0 191,1.0 207,1.0 229,1.0 256,1.0 261,1.0 292,1.0 343,1.0 344,1.0 345,1.0 357,1.0 358,1.0 366,1.0 383,1.0 455,1.0 505,1.0 
4,2.0 11,1.0 24,1.0 31,1.0 35,2.0 52,1.0 56,1.0 62,1.0 63,1.0 67,1.0 84,2.0 87,1.0 102,2.0 140,1.0 141,1.0 150,1.0 154,1.0 157,1.0 158,1.0 161,1.0 164,1.0 166,1.0 168,1.0 173,1.0 177,2.0 183,1.0 188,1.0 189,1.0 198,1.0 213,1.0 220,1.0 227,1.0 254,3.0 286,1.0 320,1.0 325,2.0 357,1.0 401,1.0 415,1.0 418,1.0 437,1.0 466,2.0 
17,1.0 25,1.0 53,1.0 84,2.0 105,1.0 137,1.0 156,1.0 159,1.0 160,1.0 164,1.0 165,1.0 170,2.0 175,1.0 189,1.0 191,1.0 198,1.0 214,1.0 247,1.0 252,1.0 260,1.0 323,1.0 363,1.0 387,1.0 408,1.0 
24,1.0 25,1.0 33,1.0 34,1.0 36,2.0 38,2.0 42,2.0 56,1.0 57,1.0 74,1.0 87,2.0 105,2.0 170,1.0 209,1.0 215,1.0 216,1.0 266,1.0 469,1.0 
10,1.0 11,1.0 12,1.0 33,1.0 35,2.0 36,1.0 38,1.0 42,1.0 45,1.0 56,3.0 58,1.0 67,2.0 71,1.0 85,1.0 87,1.0 102,1.0 116,1.0 127,1.0 141,1.0 151,3.0 162,1.0 177,1.0 180,1.0 185,1.0 193,1.0 198,1.0 206,1.0 209,2.0 210,1.0 216,1.0 223,1.0 249,1.0 261,1.0 326,2.0 
4,2.0 38,1.0 42,1.0 56,2.0 80,1.0 87,1.0 102,1.0 115,1.0 122,1.0 145,1.0 162,1.0 163,1.0 165,1.0 170,1.0 171,1.0 177,1.0 180,1.0 184,1.0 206,2.0 209,1.0 215,1.0 225,1.0 261,1.0 268,1.0 325,1.0 521,1.0 
9,1.0 57,1.0 61,1.0 69,1.0 117,1.0 133,1.0 135,1.0 137,1.0 140,1.0 173,1.0 174,1.0 176,1.0 205,1.0 210,1.0 218,1.0 221,1.0 227,1.0 284,1.0 300,1.0 391,1.0 392,1.0 413,1.0 423,1.0 
5,1.0 10,2.0 27,1.0 32,1.0 51,1.0 52,1.0 117,1.0 134,1.0 140,1.0 151,1.0 172,1.0 173,1.0 174,2.0 175,1.0 181,1.0 183,1.0 187,1.0 191,1.0 198,1.0 217,1.0 224,1.0 228,1.0 232,1.0 234,1.0 235,1.0 236,1.0 237,1.0 241,1.0 251,1.0 257,1.0 264,1.0 265,1.0 269,1.0 284,1.0 305,1.0 364,1.0 365,1.0 429,1.0 435,1.0 460,1.0 
9,1.0 35,1.0 93,2.0 135,1.0 140,1.0 151,1.0 173,1.0 177,2.0 206,1.0 215,1.0 220,1.0 221,1.0 299,1.0 327,1.0 328,1.0 506,1.0 
6,1.0 13,1.0 15,1.0 52,1.0 62,1.0 67,1.0 75,2.0 85,1.0 92,1.0 102,2.0 151,1.0 162,1.0 166,1.0 168,1.0 170,1.0 209,1.0 210,1.0 212,1.0 218,1.0 221,1.0 227,2.0 234,1.0 235,1.0 236,1.0 254,1.0 265,1.0 286,1.0 332,1.0 333,2.0 455,1.0 463,1.0 507,1.0 
11,1.0 12,1.0 27,1.0 35,1.0 36,1.0 45,1.0 52,1.0 56,1.0 61,2.0 62,1.0 75,2.0 102,1.0 116,1.0 134,1.0 135,1.0 137,1.0 150,1.0 152,1.0 157,1.0 166,1.0 170,2.0 177,2.0 180,1.0 181,1.0 183,1.0 189,1.0 206,1.0 209,1.0 210,2.0 218,1.0 220,1.0 222,1.0 223,1.0 224,1.0 227,3.0 234,1.0 235,1.0 272,1.0 326,1.0 542,1.0 
13,1.0 24,1.0 29,2.0 35,1.0 37,1.0 50,1.0 83,1.0 84,1.0 85,1.0 134,1.0 135,1.0 137,2.0 140,1.0 152,1.0 166,1.0 167,1.0 173,1.0 174,1.0 186,1.0 188,1.0 210,3.0 219,1.0 223,1.0 224,1.0 227,1.0 251,1.0 257,1.0 266,1.0 327,1.0 328,1.0 342,1.0 364,1.0 383,1.0 405,1.0 407,1.0 427,1.0 452,1.0 481,1.0 
28,1.0 29,1.0 31,1.0 35,2.0 42,2.0 45,1.0 52,2.0 54,1.0 56,1.0 72,1.0 75,2.0 87,4.0 95,1.0 99,1.0 116,1.0 127,1.0 135,1.0 137,1.0 152,1.0 185,2.0 204,1.0 210,1.0 222,1.0 223,1.0 224,2.0 227,1.0 228,1.0 236,1.0 242,1.0 270,2.0 271,1.0 299,1.0 300,1.0 320,2.0 321,1.0 327,1.0 328,1.0 333,1.0 423,1.0 470,1.0 480,1.0 
29,1.0 46,2.0 64,2.0 80,1.0 93,1.0 132,1.0 135,1.0 137,1.0 141,1.0 152,1.0 167,1.0 168,1.0 177,1.0 181,1.0 187,1.0 201,1.0 209,1.0 210,1.0 218,1.0 222,1.0 223,1.0 228,2.0 236,2.0 241,2.0 245,1.0 264,1.0 299,1.0 300,1.0 326,1.0 327,1.0 328,1.0 359,1.0 360,1.0 361,1.0 364,1.0 413,1.0 414,1.0 423,1.0 471,1.0 499,1.0 
4,1.0 6,1.0 9,2.0 10,1.0 11,4.0 14,1.0 15,4.0 24,1.0 27,1.0 35,1.0 42,1.0 45,1.0 46,1.0 56,2.0 65,1.0 67,1.0 71,1.0 72,1.0 74,1.0 92,1.0 93,1.0 96,1.0 115,1.0 116,1.0 118,1.0 122,2.0 134,1.0 136,1.0 140,2.0 145,1.0 151,1.0 152,1.0 154,1.0 162,1.0 163,1.0 165,1.0 171,2.0 176,2.0 184,1.0 187,4.0 188,4.0 193,1.0 206,2.0 209,1.0 216,2.0 225,1.0 226,1.0 227,1.0 230,1.0 232,1.0 233,1.0 243,1.0 273,1.0 300,1.0 320,3.0 325,1.0 327,1.0 328,1.0 342,1.0 362,1.0 363,2.0 366,1.0 394,1.0 401,1.0 404,1.0 405,1.0 426,1.0 434,1.0 502,1.0 503,1.0 521,1.0 
15,1.0 35,1.0 49,1.0 56,1.0 93,1.0 122,1.0 134,1.0 169,1.0 209,1.0 225,1.0 227,1.0 228,1.0 264,1.0 265,1.0 266,1.0 
4,3.0 5,2.0 6,1.0 10,1.0 11,1.0 12,1.0 14,1.0 15,1.0 17,2.0 35,3.0 36,2.0 38,1.0 56,2.0 57,1.0 61,2.0 63,2.0 67,1.0 69,1.0 70,1.0 74,1.0 75,4.0 77,1.0 78,2.0 84,1.0 85,1.0 87,1.0 89,1.0 90,1.0 92,2.0 102,6.0 116,1.0 117,1.0 135,1.0 139,3.0 140,1.0 150,1.0 151,3.0 158,2.0 160,1.0 162,2.0 164,1.0 166,3.0 169,1.0 170,2.0 176,1.0 177,1.0 185,1.0 189,1.0 195,1.0 210,5.0 212,1.0 218,1.0 220,1.0 221,2.0 229,1.0 235,1.0 237,1.0 254,1.0 261,1.0 272,1.0 284,2.0 305,1.0 321,1.0 325,2.0 326,2.0 333,2.0 349,1.0 364,1.0 365,1.0 384,1.0 385,1.0 387,1.0 391,2.0 397,1.0 401,1.0 407,1.0 418,1.0 432,1.0 437,1.0 455,1.0 461,1.0 464,1.0 465,1.0 466,1.0 469,1.0 481,1.0 482,1.0 503,1.0 507,1.0 508,1.0 539,1.0 541,1.0 
4,1.0 8,1.0 14,1.0 35,1.0 42,1.0 46,1.0 49,1.0 64,1.0 69,1.0 80,1.0 113,1.0 114,1.0 132,1.0 137,1.0 138,1.0 144,1.0 162,1.0 165,1.0 169,1.0 187,1.0 209,2.0 218,1.0 224,3.0 226,1.0 229,1.0 230,1.0 236,1.0 241,1.0 264,3.0 265,1.0 266,1.0 294,1.0 299,1.0 300,2.0 320,1.0 327,2.0 359,1.0 360,1.0 361,1.0 390,2.0 402,1.0 403,1.0 405,1.0 422,1.0 484,1.0 485,1.0 
4,2.0 9,1.0 15,1.0 17,1.0 25,1.0 36,1.0 38,1.0 78,1.0 93,2.0 97,1.0 101,1.0 116,1.0 126,1.0 128,7.0 139,1.0 140,2.0 141,1.0 144,1.0 150,1.0 151,1.0 154,1.0 156,1.0 162,1.0 164,1.0 165,1.0 166,1.0 170,1.0 171,1.0 173,1.0 176,1.0 183,1.0 191,3.0 193,1.0 208,1.0 209,1.0 210,1.0 211,1.0 228,1.0 229,1.0 230,1.0 241,1.0 242,3.0 243,2.0 244,1.0 245,1.0 262,1.0 268,1.0 273,1.0 284,2.0 333,1.0 356,1.0 357,1.0 358,2.0 364,1.0 383,1.0 384,1.0 405,1.0 406,1.0 408,1.0 409,1.0 426,1.0 482,1.0 
4,1.0 24,1.0 34,1.0 74,1.0 80,1.0 122,1.0 144,1.0 162,1.0 164,1.0 165,1.0 171,1.0 228,1.0 229,1.0 
29,1.0 51,2.0 78,1.0 96,1.0 137,1.0 139,1.0 154,1.0 188,1.0 225,1.0 229,1.0 232,1.0 233,1.0 384,1.0 425,1.0 426,1.0 435,1.0 
13,1.0 15,1.0 76,1.0 96,2.0 103,1.0 122,1.0 133,1.0 145,1.0 154,1.0 172,1.0 188,1.0 206,1.0 209,1.0 210,1.0 216,1.0 225,1.0 233,1.0 237,1.0 238,1.0 248,1.0 262,1.0 327,1.0 370,1.0 371,1.0 395,1.0 457,1.0 458,1.0 459,1.0 
12,1.0 21,1.0 35,1.0 82,1.0 96,1.0 122,1.0 145,1.0 154,1.0 188,1.0 206,1.0 216,1.0 225,1.0 232,1.0 329,1.0 330,1.0 
6,1.0 64,1.0 88,1.0 93,2.0 101,1.0 102,1.0 132,4.0 137,1.0 141,1.0 151,1.0 172,1.0 174,1.0 210,2.0 218,1.0 224,1.0 228,1.0 232,1.0 235,1.0 236,1.0 237,1.0 325,1.0 327,1.0 355,1.0 359,1.0 397,1.0 543,1.0 
11,3.0 12,3.0 15,1.0 17,1.0 35,1.0 42,1.0 75,1.0 124,1.0 128,1.0 133,2.0 140,2.0 160,1.0 170,1.0 172,1.0 187,2.0 188,1.0 218,1.0 227,1.0 232,1.0 234,2.0 235,1.0 236,1.0 237,1.0 272,1.0 326,2.0 349,1.0 359,1.0 364,1.0 367,1.0 368,1.0 369,1.0 464,1.0 511,1.0 
1,1.0 2,1.0 46,2.0 141,1.0 167,1.0 168,1.0 172,1.0 175,1.0 201,1.0 218,1.0 224,2.0 232,1.0 234,1.0 235,1.0 237,1.0 241,1.0 299,2.0 300,2.0 328,1.0 413,1.0 414,1.0 423,1.0 471,1.0 
140,1.0 172,1.0 232,1.0 238,1.0 503,1.0 539,1.0 541,1.0 542,1.0 
133,1.0 239,1.0 240,1.0 
97,1.0 128,1.0 133,1.0 229,1.0 240,1.0 241,1.0 
97,1.0 128,1.0 133,1.0 229,1.0 239,1.0 241,1.0 
1,1.0 32,1.0 42,1.0 45,1.0 46,1.0 54,1.0 62,3.0 70,1.0 97,1.0 102,1.0 113,1.0 128,2.0 135,1.0 137,1.0 139,1.0 155,1.0 168,1.0 176,1.0 193,1.0 207,1.0 217,1.0 223,1.0 229,2.0 241,1.0 242,1.0 243,1.0 247,2.0 254,2.0 413,1.0 414,1.0 
22,1.0 35,2.0 42,1.0 87,1.0 99,1.0 116,1.0 128,3.0 139,2.0 185,1.0 223,1.0 229,1.0 242,1.0 243,1.0 244,2.0 245,2.0 480,1.0 
12,2.0 14,1.0 15,2.0 45,1.0 56,1.0 58,1.0 71,2.0 74,2.0 90,1.0 102,2.0 122,1.0 128,2.0 138,2.0 139,1.0 154,1.0 171,2.0 209,1.0 225,1.0 229,1.0 242,2.0 244,1.0 245,1.0 255,1.0 268,1.0 300,1.0 320,2.0 353,1.0 405,1.0 
22,1.0 128,1.0 139,1.0 242,1.0 245,1.0 
22,1.0 128,1.0 134,1.0 139,1.0 177,1.0 210,1.0 222,1.0 242,1.0 244,1.0 
58,1.0 
17,2.0 21,1.0 45,1.0 54,1.0 62,2.0 74,1.0 99,1.0 111,1.0 122,1.0 160,1.0 162,1.0 164,3.0 207,1.0 241,1.0 254,1.0 258,1.0 259,1.0 261,1.0 329,1.0 509,1.0 
6,1.0 209,1.0 
45,2.0 56,1.0 61,1.0 75,1.0 85,1.0 116,1.0 141,1.0 151,1.0 154,1.0 162,1.0 170,1.0 186,1.0 215,1.0 250,1.0 251,1.0 261,2.0 284,1.0 305,1.0 326,1.0 449,1.0 456,1.0 482,1.0 537,1.0 
53,1.0 151,1.0 186,1.0 251,1.0 
5,1.0 10,1.0 13,1.0 53,1.0 83,1.0 137,1.0 151,1.0 177,1.0 186,2.0 222,1.0 250,1.0 383,1.0 427,1.0 
1,1.0 17,1.0 19,1.0 57,1.0 113,1.0 139,1.0 160,1.0 162,1.0 164,1.0 165,2.0 213,1.0 241,1.0 247,1.0 253,1.0 260,1.0 
1,1.0 2,1.0 46,1.0 57,1.0 113,1.0 139,1.0 162,1.0 165,1.0 241,1.0 252,1.0 382,1.0 
4,2.0 13,1.0 24,1.0 31,1.0 33,1.0 45,1.0 52,1.0 54,1.0 61,1.0 62,2.0 67,1.0 84,1.0 89,1.0 98,1.0 102,1.0 140,1.0 141,1.0 150,1.0 158,1.0 168,1.0 177,1.0 189,2.0 191,1.0 207,1.0 210,1.0 212,2.0 220,1.0 221,1.0 227,1.0 241,1.0 247,1.0 286,1.0 305,1.0 325,1.0 393,1.0 415,1.0 428,1.0 439,1.0 443,1.0 535,1.0 536,1.0 
52,1.0 56,1.0 57,1.0 127,1.0 151,1.0 167,1.0 168,1.0 186,1.0 427,1.0 
6,1.0 24,1.0 46,1.0 62,1.0 87,1.0 95,1.0 152,1.0 166,1.0 169,1.0 211,1.0 455,1.0 
6,1.0 29,1.0 44,1.0 50,1.0 99,1.0 110,1.0 111,1.0 162,1.0 174,1.0 247,1.0 264,1.0 269,1.0 283,1.0 284,1.0 433,1.0 492,1.0 493,1.0 
43,1.0 74,1.0 164,1.0 189,1.0 259,1.0 
74,1.0 164,1.0 189,1.0 258,1.0 
17,1.0 32,1.0 36,2.0 56,1.0 75,3.0 93,1.0 133,1.0 138,1.0 157,1.0 160,1.0 162,1.0 164,1.0 165,1.0 170,1.0 205,1.0 213,1.0 247,1.0 252,1.0 266,1.0 305,1.0 408,1.0 409,1.0 448,1.0 449,1.0 450,1.0 495,2.0 512,1.0 
1,1.0 4,1.0 23,1.0 28,1.0 45,1.0 52,1.0 54,1.0 55,1.0 58,1.0 62,1.0 70,1.0 71,1.0 74,1.0 85,1.0 87,2.0 99,1.0 102,2.0 118,1.0 128,1.0 132,1.0 141,1.0 143,1.0 151,2.0 154,2.0 157,1.0 162,2.0 168,1.0 170,3.0 171,1.0 179,1.0 191,1.0 198,1.0 207,1.0 209,1.0 211,1.0 215,1.0 220,1.0 249,2.0 268,1.0 284,1.0 292,1.0 305,1.0 343,1.0 344,1.0 345,1.0 349,1.0 449,1.0 456,1.0 461,1.0 482,1.0 
17,1.0 25,1.0 27,1.0 29,1.0 32,1.0 67,2.0 89,1.0 90,1.0 120,1.0 124,1.0 126,1.0 150,1.0 167,1.0 170,1.0 186,4.0 191,1.0 203,1.0 262,1.0 263,1.0 273,1.0 285,2.0 286,1.0 305,1.0 366,1.0 392,1.0 408,1.0 458,1.0 459,1.0 
29,1.0 262,1.0 
8,1.0 14,1.0 35,1.0 49,1.0 51,1.0 169,1.0 174,1.0 187,1.0 209,2.0 218,2.0 224,1.0 226,1.0 228,2.0 241,1.0 257,1.0 265,1.0 266,1.0 385,1.0 433,1.0 435,1.0 473,1.0 492,1.0 493,1.0 
6,1.0 35,1.0 38,2.0 83,1.0 92,1.0 93,1.0 102,1.0 124,1.0 128,1.0 130,1.0 139,2.0 157,1.0 167,1.0 169,1.0 198,1.0 209,1.0 218,1.0 220,1.0 227,1.0 266,1.0 286,1.0 447,1.0 460,1.0 507,1.0 
5,1.0 35,1.0 36,2.0 37,1.0 38,2.0 57,2.0 71,1.0 75,1.0 124,1.0 130,1.0 157,1.0 167,1.0 169,1.0 209,1.0 210,1.0 260,1.0 265,1.0 274,1.0 326,1.0 495,2.0 
29,2.0 53,2.0 
4,2.0 7,1.0 20,1.0 24,1.0 32,1.0 34,1.0 35,1.0 36,1.0 42,1.0 52,1.0 67,1.0 71,3.0 74,1.0 80,1.0 99,1.0 102,2.0 111,1.0 136,1.0 138,2.0 139,2.0 150,2.0 154,1.0 156,1.0 157,1.0 164,1.0 166,1.0 168,1.0 170,1.0 171,1.0 176,1.0 185,1.0 191,1.0 198,2.0 201,1.0 205,1.0 211,1.0 215,1.0 261,1.0 269,1.0 341,1.0 342,1.0 353,1.0 354,1.0 472,1.0 504,1.0 
4,1.0 5,1.0 6,1.0 15,1.0 46,2.0 67,2.0 99,1.0 102,1.0 115,1.0 128,1.0 139,1.0 162,1.0 164,1.0 169,1.0 177,1.0 184,1.0 185,1.0 189,1.0 198,2.0 215,1.0 257,1.0 268,1.0 
31,1.0 52,1.0 53,1.0 87,1.0 95,1.0 223,1.0 
38,1.0 53,1.0 54,1.0 95,1.0 166,1.0 169,1.0 189,2.0 191,1.0 213,1.0 223,1.0 224,1.0 236,1.0 272,1.0 299,1.0 328,1.0 387,1.0 408,1.0 423,1.0 437,1.0 470,1.0 
4,2.0 6,2.0 10,1.0 11,3.0 12,1.0 17,1.0 24,1.0 33,1.0 35,2.0 36,1.0 38,2.0 44,1.0 49,1.0 56,2.0 67,1.0 69,1.0 80,1.0 83,1.0 87,1.0 93,1.0 95,1.0 116,1.0 121,1.0 122,1.0 135,1.0 145,1.0 176,2.0 177,3.0 185,1.0 188,2.0 203,1.0 208,1.0 227,1.0 229,1.0 235,1.0 271,1.0 299,1.0 325,1.0 326,3.0 327,1.0 333,1.0 349,1.0 353,1.0 385,1.0 394,1.0 405,1.0 407,1.0 408,1.0 423,2.0 464,1.0 494,1.0 523,1.0 
6,1.0 9,1.0 15,1.0 17,1.0 25,1.0 34,1.0 65,1.0 74,1.0 130,1.0 150,1.0 151,1.0 157,1.0 167,1.0 170,1.0 171,1.0 191,1.0 203,1.0 225,1.0 230,1.0 262,1.0 274,1.0 340,1.0 408,1.0 426,1.0 427,1.0 534,1.0 
34,1.0 60,1.0 74,1.0 130,1.0 154,1.0 171,1.0 230,1.0 273,1.0 495,2.0 496,1.0 513,1.0 
7,1.0 38,2.0 65,1.0 75,1.0 83,1.0 93,1.0 100,1.0 139,2.0 161,1.0 227,2.0 265,1.0 325,1.0 326,1.0 333,1.0 384,1.0 386,1.0 
0,1.0 18,1.0 19,1.0 20,1.0 80,1.0 120,2.0 154,1.0 166,1.0 170,1.0 199,1.0 205,1.0 268,1.0 280,1.0 281,1.0 282,1.0 322,1.0 323,1.0 341,1.0 462,1.0 518,1.0 519,1.0 
1,1.0 178,1.0 278,1.0 
279,1.0 491,1.0 
18,1.0 
19,1.0 276,1.0 281,1.0 282,1.0 
19,1.0 276,1.0 280,1.0 282,1.0 
19,1.0 276,1.0 
42,1.0 110,1.0 284,1.0 
10,1.0 13,1.0 14,1.0 27,1.0 28,1.0 32,2.0 35,1.0 36,2.0 37,1.0 38,1.0 42,1.0 44,1.0 45,1.0 52,2.0 61,1.0 70,1.0 75,1.0 78,1.0 110,1.0 117,1.0 118,1.0 134,1.0 135,1.0 141,1.0 149,1.0 154,1.0 156,1.0 157,1.0 165,1.0 166,1.0 168,1.0 170,1.0 171,1.0 181,1.0 187,1.0 188,1.0 190,1.0 191,1.0 210,1.0 217,1.0 221,1.0 225,1.0 227,1.0 229,1.0 249,1.0 261,1.0 268,2.0 275,1.0 283,1.0 305,2.0 330,1.0 385,1.0 386,1.0 394,1.0 413,1.0 417,1.0 423,1.0 434,1.0 435,1.0 449,1.0 456,1.0 462,1.0 482,1.0 497,1.0 525,1.0 
27,1.0 67,1.0 89,1.0 186,2.0 262,1.0 
4,1.0 6,1.0 12,1.0 24,1.0 31,1.0 56,1.0 61,1.0 92,1.0 102,1.0 151,1.0 189,1.0 220,1.0 227,1.0 265,1.0 287,1.0 507,1.0 
288,1.0 
289,1.0 290,1.0 
290,1.0 291,1.0 308,1.0 475,1.0 
289,1.0 291,1.0 
292,1.0 
4,1.0 35,1.0 56,1.0 145,1.0 179,1.0 293,1.0 302,1.0 303,1.0 345,1.0 346,1.0 488,1.0 489,1.0 
8,1.0 304,1.0 314,1.0 375,1.0 
3,1.0 8,1.0 14,1.0 228,1.0 264,1.0 295,1.0 
296,1.0 
297,1.0 
58,1.0 
270,1.0 
1,1.0 2,1.0 9,1.0 14,1.0 35,1.0 44,1.0 49,2.0 64,1.0 89,1.0 93,2.0 114,1.0 137,1.0 138,1.0 141,1.0 151,1.0 167,1.0 168,1.0 174,1.0 175,1.0 177,1.0 185,1.0 201,1.0 215,1.0 219,1.0 224,1.0 228,1.0 236,2.0 300,1.0 321,1.0 325,1.0 327,1.0 328,1.0 390,1.0 402,1.0 403,1.0 409,1.0 423,1.0 471,1.0 506,1.0 528,1.0 529,1.0 
1,1.0 2,1.0 24,1.0 46,3.0 56,1.0 72,1.0 74,1.0 117,1.0 150,1.0 170,1.0 171,1.0 175,1.0 185,1.0 197,1.0 204,1.0 223,1.0 224,2.0 228,1.0 236,3.0 241,1.0 243,1.0 299,1.0 300,1.0 320,1.0 327,1.0 384,1.0 405,1.0 413,1.0 414,1.0 514,1.0 
292,1.0 302,1.0 515,1.0 
140,1.0 170,1.0 292,1.0 303,1.0 
304,1.0 
2,1.0 123,1.0 132,1.0 305,1.0 306,1.0 314,1.0 374,1.0 376,1.0 377,1.0 378,1.0 379,1.0 
10,1.0 14,1.0 27,1.0 28,1.0 32,4.0 52,1.0 62,1.0 64,1.0 89,1.0 111,1.0 120,1.0 124,1.0 126,1.0 132,1.0 136,1.0 154,1.0 157,2.0 158,1.0 170,1.0 174,1.0 186,1.0 188,1.0 189,1.0 191,1.0 225,1.0 254,1.0 262,1.0 284,1.0 299,1.0 306,1.0 307,1.0 366,2.0 394,1.0 434,1.0 449,2.0 450,2.0 451,1.0 528,1.0 529,1.0 
132,1.0 305,1.0 307,1.0 
308,1.0 
6,1.0 16,1.0 107,1.0 257,1.0 264,1.0 309,1.0 492,1.0 493,1.0 552,1.0 553,1.0 554,1.0 555,1.0 
4,1.0 177,1.0 210,1.0 310,1.0 
4,1.0 177,1.0 210,1.0 311,1.0 312,1.0 
312,1.0 313,1.0 
311,1.0 313,1.0 
314,1.0 
304,1.0 315,1.0 316,1.0 376,1.0 377,1.0 378,1.0 379,1.0 
316,1.0 317,1.0 318,1.0 
315,1.0 317,1.0 318,1.0 
146,1.0 318,1.0 319,1.0 
146,1.0 317,1.0 319,1.0 
56,1.0 146,1.0 151,1.0 193,1.0 209,1.0 215,1.0 
11,2.0 12,1.0 14,2.0 15,2.0 28,1.0 33,1.0 42,1.0 46,2.0 54,1.0 56,1.0 71,2.0 72,1.0 75,1.0 87,1.0 92,1.0 133,1.0 140,1.0 152,1.0 153,1.0 157,1.0 182,1.0 187,1.0 188,2.0 204,1.0 206,1.0 210,1.0 218,1.0 223,2.0 224,2.0 225,2.0 227,1.0 228,2.0 236,1.0 264,1.0 268,1.0 271,1.0 300,2.0 321,1.0 325,1.0 326,1.0 327,1.0 401,1.0 405,1.0 409,1.0 452,1.0 466,1.0 470,1.0 472,1.0 
17,1.0 27,1.0 28,1.0 33,1.0 35,1.0 38,1.0 45,1.0 75,1.0 87,1.0 89,1.0 101,1.0 124,1.0 160,1.0 161,1.0 162,1.0 167,1.0 204,1.0 206,1.0 209,1.0 210,1.0 223,1.0 227,1.0 229,1.0 320,1.0 482,1.0 
1,1.0 32,1.0 99,1.0 113,1.0 120,1.0 124,1.0 144,1.0 156,2.0 170,1.0 179,1.0 192,2.0 486,1.0 
18,1.0 20,1.0 80,1.0 84,1.0 156,1.0 159,1.0 170,1.0 205,1.0 213,1.0 268,1.0 276,1.0 341,1.0 
93,1.0 135,1.0 137,1.0 176,1.0 325,1.0 
4,1.0 5,1.0 6,1.0 9,1.0 11,2.0 13,1.0 17,1.0 35,2.0 36,1.0 38,1.0 56,1.0 60,2.0 62,2.0 67,1.0 78,1.0 90,1.0 93,2.0 102,1.0 115,1.0 116,2.0 139,2.0 160,1.0 162,1.0 163,1.0 165,1.0 176,1.0 177,1.0 181,1.0 183,1.0 184,1.0 185,2.0 187,1.0 188,1.0 189,1.0 207,1.0 216,1.0 218,1.0 224,1.0 225,1.0 227,1.0 228,1.0 264,1.0 299,1.0 305,1.0 320,1.0 326,3.0 333,1.0 356,1.0 364,1.0 366,1.0 385,1.0 391,1.0 401,2.0 405,1.0 409,1.0 466,1.0 469,1.0 509,1.0 521,1.0 525,1.0 526,1.0 
4,1.0 9,1.0 11,4.0 12,4.0 14,1.0 17,1.0 24,1.0 33,2.0 35,1.0 36,2.0 38,3.0 49,1.0 56,7.0 60,2.0 61,1.0 62,1.0 67,1.0 75,2.0 80,2.0 87,2.0 92,1.0 116,3.0 117,1.0 124,1.0 133,2.0 135,1.0 140,1.0 145,1.0 153,1.0 157,1.0 158,1.0 167,1.0 168,1.0 169,1.0 170,1.0 176,1.0 177,3.0 181,2.0 182,1.0 183,1.0 203,1.0 205,1.0 206,2.0 207,1.0 210,1.0 215,1.0 222,1.0 224,1.0 227,2.0 235,2.0 249,1.0 265,1.0 272,2.0 284,1.0 320,1.0 321,1.0 325,2.0 326,1.0 331,1.0 333,1.0 349,1.0 364,4.0 366,1.0 384,1.0 385,2.0 405,1.0 409,1.0 423,1.0 452,1.0 464,1.0 482,1.0 494,1.0 499,1.0 509,1.0 511,1.0 524,1.0 525,1.0 526,1.0 
5,1.0 10,1.0 14,1.0 22,1.0 23,1.0 44,1.0 46,1.0 49,1.0 52,1.0 64,1.0 74,1.0 76,1.0 80,1.0 85,1.0 93,1.0 96,1.0 99,1.0 116,1.0 117,1.0 118,1.0 132,1.0 133,1.0 135,1.0 141,1.0 144,1.0 151,1.0 171,1.0 173,1.0 177,1.0 206,1.0 209,1.0 219,1.0 221,1.0 224,2.0 225,1.0 228,2.0 236,1.0 243,1.0 261,1.0 300,3.0 320,1.0 328,1.0 335,1.0 359,1.0 360,1.0 361,1.0 363,1.0 370,1.0 371,1.0 385,1.0 405,1.0 410,1.0 
11,1.0 45,1.0 141,1.0 167,1.0 168,1.0 173,1.0 177,1.0 188,1.0 193,1.0 201,1.0 206,1.0 219,1.0 221,1.0 224,1.0 225,1.0 236,1.0 299,1.0 327,1.0 342,1.0 404,1.0 423,1.0 471,1.0 
12,1.0 21,2.0 35,1.0 82,1.0 134,1.0 149,1.0 162,1.0 181,1.0 233,1.0 284,1.0 330,2.0 
12,1.0 21,1.0 32,1.0 35,1.0 52,1.0 82,1.0 118,1.0 134,1.0 149,1.0 181,1.0 190,1.0 233,1.0 284,1.0 329,1.0 462,1.0 497,1.0 
1,1.0 21,1.0 28,1.0 36,1.0 47,1.0 55,1.0 80,1.0 84,1.0 90,1.0 116,1.0 120,1.0 136,2.0 143,1.0 152,1.0 167,1.0 168,1.0 169,1.0 184,1.0 209,1.0 261,1.0 347,1.0 348,1.0 351,1.0 524,1.0 
15,1.0 151,1.0 221,1.0 333,1.0 
4,1.0 5,3.0 6,1.0 9,1.0 12,2.0 15,1.0 33,1.0 36,1.0 38,2.0 56,2.0 67,1.0 69,3.0 70,1.0 75,5.0 77,1.0 78,1.0 85,1.0 87,1.0 92,2.0 98,1.0 100,1.0 128,1.0 139,1.0 151,1.0 158,1.0 160,1.0 166,1.0 169,1.0 185,1.0 189,2.0 191,1.0 209,1.0 210,3.0 220,1.0 221,1.0 227,1.0 254,1.0 265,1.0 271,1.0 272,1.0 275,1.0 286,1.0 325,1.0 326,2.0 332,1.0 366,1.0 384,1.0 391,1.0 407,2.0 408,1.0 419,1.0 437,1.0 465,1.0 469,1.0 497,1.0 
14,1.0 85,2.0 93,1.0 327,1.0 335,1.0 530,1.0 531,1.0 
14,1.0 85,1.0 93,1.0 99,1.0 261,1.0 327,1.0 
26,2.0 32,1.0 52,1.0 111,1.0 130,1.0 170,1.0 182,2.0 340,1.0 366,1.0 453,2.0 462,1.0 463,1.0 469,1.0 510,1.0 
0,1.0 
119,1.0 
136,1.0 340,1.0 
18,1.0 26,2.0 32,1.0 52,1.0 124,2.0 136,1.0 157,1.0 170,1.0 182,1.0 190,2.0 273,1.0 276,1.0 323,1.0 336,1.0 427,1.0 453,1.0 462,3.0 463,3.0 464,2.0 469,1.0 510,1.0 534,1.0 
20,1.0 80,1.0 154,1.0 205,1.0 268,1.0 342,1.0 
9,1.0 11,1.0 87,1.0 93,1.0 134,1.0 135,1.0 154,2.0 188,2.0 207,1.0 210,1.0 211,1.0 222,1.0 229,1.0 261,1.0 266,1.0 275,1.0 343,1.0 344,1.0 405,2.0 452,1.0 
87,1.0 154,1.0 179,1.0 207,1.0 211,1.0 261,1.0 292,1.0 344,1.0 345,1.0 
87,1.0 154,1.0 179,1.0 207,1.0 211,1.0 261,1.0 292,1.0 343,1.0 345,1.0 
4,1.0 35,1.0 56,1.0 145,1.0 179,1.0 292,1.0 346,1.0 
4,1.0 35,1.0 56,1.0 145,1.0 331,1.0 
47,1.0 90,1.0 132,1.0 136,1.0 184,1.0 261,1.0 348,1.0 
47,1.0 90,1.0 132,1.0 136,1.0 184,1.0 261,1.0 347,1.0 
17,1.0 24,2.0 42,2.0 87,2.0 118,1.0 120,1.0 154,1.0 166,1.0 170,1.0 214,1.0 276,1.0 350,1.0 464,1.0 469,1.0 
24,1.0 29,1.0 351,1.0 352,1.0 
21,1.0 24,1.0 29,1.0 36,1.0 46,1.0 62,1.0 72,1.0 84,1.0 122,1.0 126,1.0 139,1.0 151,1.0 152,1.0 209,1.0 227,1.0 352,1.0 
24,1.0 29,1.0 85,1.0 139,1.0 151,1.0 227,1.0 351,1.0 548,1.0 549,1.0 
6,1.0 25,1.0 32,1.0 93,1.0 102,1.0 132,1.0 138,1.0 150,1.0 185,1.0 201,1.0 211,1.0 268,1.0 272,1.0 299,1.0 325,1.0 354,1.0 366,1.0 
11,1.0 32,1.0 42,1.0 163,1.0 180,1.0 201,1.0 206,1.0 
93,1.0 137,1.0 174,1.0 183,1.0 
9,1.0 15,1.0 17,1.0 35,2.0 36,1.0 56,1.0 93,1.0 116,1.0 161,1.0 183,2.0 212,1.0 364,1.0 
9,1.0 15,1.0 93,1.0 128,1.0 140,1.0 154,1.0 157,1.0 173,2.0 183,1.0 191,1.0 229,1.0 356,1.0 358,1.0 364,1.0 
128,4.0 132,1.0 140,4.0 154,1.0 173,1.0 191,2.0 211,2.0 229,2.0 234,1.0 357,1.0 358,1.0 383,2.0 
56,1.0 64,1.0 80,1.0 132,1.0 209,1.0 221,1.0 224,1.0 228,1.0 234,1.0 235,1.0 327,1.0 360,1.0 361,1.0 367,1.0 368,1.0 369,1.0 542,1.0 
28,1.0 80,1.0 180,1.0 209,1.0 361,1.0 
28,1.0 80,1.0 180,1.0 209,1.0 360,1.0 
24,1.0 67,1.0 187,1.0 225,1.0 230,1.0 363,1.0 
9,1.0 24,1.0 45,1.0 67,1.0 74,1.0 118,1.0 134,1.0 135,1.0 137,1.0 171,1.0 175,1.0 187,1.0 188,1.0 225,2.0 230,1.0 243,1.0 300,1.0 327,1.0 362,1.0 438,1.0 439,1.0 440,1.0 
9,1.0 10,1.0 11,2.0 13,1.0 15,1.0 17,1.0 35,3.0 36,2.0 72,1.0 84,1.0 85,1.0 87,1.0 93,1.0 120,1.0 122,1.0 124,1.0 139,1.0 140,1.0 162,1.0 163,1.0 165,1.0 166,1.0 169,1.0 170,3.0 181,2.0 183,1.0 191,2.0 207,1.0 210,1.0 218,1.0 222,1.0 224,1.0 225,1.0 227,1.0 320,1.0 326,1.0 356,1.0 365,1.0 384,1.0 405,1.0 407,1.0 481,1.0 499,1.0 509,1.0 511,1.0 512,1.0 527,1.0 
10,1.0 35,1.0 75,1.0 191,1.0 206,1.0 218,1.0 364,1.0 389,1.0 390,1.0 
14,1.0 25,1.0 27,1.0 32,1.0 62,1.0 64,1.0 85,1.0 87,1.0 92,1.0 111,1.0 120,1.0 124,1.0 126,1.0 130,1.0 132,1.0 136,1.0 140,1.0 150,2.0 151,1.0 158,1.0 162,1.0 170,1.0 174,1.0 182,1.0 189,1.0 211,1.0 215,1.0 225,1.0 235,1.0 249,1.0 261,1.0 262,1.0 299,1.0 305,2.0 336,1.0 359,1.0 367,1.0 368,1.0 369,1.0 401,1.0 453,1.0 505,1.0 522,1.0 528,1.0 529,1.0 
234,1.0 235,1.0 359,1.0 368,1.0 369,1.0 
234,1.0 235,1.0 359,1.0 367,1.0 369,1.0 
234,1.0 235,1.0 359,1.0 367,1.0 368,1.0 
76,1.0 96,1.0 116,1.0 133,1.0 141,1.0 210,1.0 212,1.0 220,1.0 232,1.0 327,1.0 371,1.0 410,1.0 
5,1.0 22,1.0 23,1.0 76,1.0 133,1.0 151,1.0 327,1.0 
55,1.0 148,1.0 373,1.0 
2,1.0 55,1.0 304,1.0 
123,1.0 289,1.0 293,1.0 375,1.0 
293,1.0 304,1.0 314,1.0 
377,1.0 378,1.0 379,1.0 380,1.0 381,1.0 
376,1.0 378,1.0 379,1.0 380,1.0 381,1.0 
376,1.0 377,1.0 379,1.0 380,1.0 381,1.0 
15,1.0 67,1.0 135,1.0 173,1.0 376,1.0 377,1.0 378,1.0 380,1.0 381,1.0 
46,1.0 253,1.0 381,1.0 
46,1.0 176,1.0 253,1.0 380,1.0 467,1.0 500,1.0 501,1.0 
2,1.0 28,1.0 62,1.0 87,1.0 128,1.0 140,1.0 151,1.0 157,1.0 164,1.0 191,1.0 229,1.0 358,1.0 
11,1.0 13,1.0 36,1.0 70,1.0 115,1.0 126,1.0 128,2.0 140,1.0 142,1.0 154,1.0 157,1.0 173,1.0 186,1.0 191,1.0 211,1.0 229,1.0 273,1.0 340,1.0 357,1.0 358,1.0 427,2.0 
14,1.0 29,1.0 38,1.0 56,1.0 72,1.0 75,2.0 117,2.0 135,1.0 139,1.0 185,1.0 204,1.0 210,2.0 223,1.0 227,2.0 229,1.0 284,1.0 300,1.0 326,1.0 333,1.0 385,1.0 513,1.0 
9,1.0 14,1.0 51,1.0 52,1.0 62,1.0 117,2.0 135,2.0 174,1.0 205,1.0 209,1.0 218,1.0 264,1.0 275,1.0 284,1.0 326,1.0 327,1.0 386,1.0 405,2.0 435,1.0 
38,1.0 139,1.0 227,1.0 275,1.0 325,1.0 
33,1.0 52,1.0 53,1.0 63,1.0 74,1.0 92,1.0 102,1.0 137,1.0 150,1.0 164,1.0 170,1.0 175,1.0 186,1.0 189,1.0 191,2.0 213,1.0 227,1.0 363,1.0 366,1.0 388,1.0 408,1.0 
33,1.0 52,1.0 120,1.0 150,1.0 170,1.0 186,1.0 191,1.0 366,1.0 387,1.0 418,1.0 419,1.0 
35,1.0 75,1.0 206,1.0 365,1.0 390,1.0 
9,1.0 35,2.0 42,1.0 45,1.0 57,1.0 69,2.0 75,1.0 101,1.0 102,1.0 116,1.0 137,1.0 138,1.0 209,2.0 217,1.0 221,1.0 228,2.0 299,1.0 391,1.0 402,1.0 403,1.0 405,1.0 422,1.0 
5,1.0 9,1.0 13,1.0 35,1.0 56,1.0 57,1.0 69,1.0 70,1.0 77,1.0 116,1.0 117,1.0 133,1.0 166,1.0 169,1.0 189,1.0 205,1.0 217,1.0 271,1.0 325,1.0 333,1.0 392,1.0 401,1.0 437,1.0 
117,1.0 133,1.0 205,1.0 393,1.0 460,1.0 
10,1.0 176,1.0 227,1.0 249,1.0 394,1.0 395,1.0 396,1.0 426,1.0 439,1.0 443,1.0 535,1.0 536,1.0 537,1.0 539,1.0 540,1.0 
10,3.0 35,1.0 36,1.0 56,1.0 80,1.0 108,1.0 109,1.0 116,1.0 145,1.0 171,1.0 177,1.0 188,2.0 209,1.0 225,1.0 272,1.0 326,1.0 395,1.0 396,1.0 434,1.0 523,1.0 
10,1.0 103,1.0 108,1.0 109,1.0 232,1.0 262,1.0 394,1.0 396,1.0 457,1.0 458,1.0 459,1.0 
10,1.0 108,1.0 109,1.0 394,1.0 395,1.0 
6,1.0 9,1.0 48,1.0 88,1.0 93,1.0 101,1.0 107,1.0 151,1.0 210,1.0 219,1.0 299,1.0 398,1.0 399,1.0 400,1.0 506,1.0 543,1.0 
6,1.0 85,1.0 107,1.0 132,1.0 397,1.0 399,1.0 400,1.0 486,1.0 532,1.0 533,1.0 
6,1.0 27,1.0 92,1.0 107,1.0 136,1.0 225,1.0 366,1.0 400,1.0 401,1.0 
6,1.0 27,1.0 92,1.0 107,1.0 136,1.0 225,1.0 366,1.0 399,1.0 401,1.0 
11,1.0 13,1.0 27,1.0 35,1.0 56,1.0 92,1.0 116,1.0 136,1.0 140,1.0 187,1.0 188,1.0 218,1.0 224,1.0 225,1.0 228,1.0 264,1.0 320,1.0 325,2.0 366,1.0 391,1.0 466,1.0 
137,1.0 138,1.0 228,1.0 299,1.0 390,1.0 403,1.0 
137,1.0 138,1.0 228,1.0 299,1.0 390,1.0 402,1.0 
11,1.0 45,1.0 188,1.0 193,1.0 225,1.0 328,1.0 342,1.0 
9,1.0 11,1.0 36,1.0 42,2.0 46,1.0 52,1.0 56,1.0 62,1.0 69,1.0 72,1.0 93,1.0 117,1.0 124,1.0 128,1.0 135,1.0 152,1.0 165,1.0 186,1.0 188,1.0 205,1.0 206,1.0 210,1.0 222,1.0 225,1.0 228,1.0 229,1.0 266,1.0 320,1.0 326,1.0 327,1.0 342,1.0 385,2.0 390,1.0 406,1.0 422,1.0 444,1.0 445,1.0 446,1.0 452,1.0 520,1.0 
6,1.0 60,1.0 78,1.0 167,1.0 
6,1.0 17,1.0 35,1.0 56,1.0 69,1.0 84,1.0 85,1.0 160,1.0 162,1.0 227,1.0 260,1.0 272,1.0 321,1.0 333,1.0 408,2.0 481,1.0 
13,1.0 17,1.0 25,1.0 53,1.0 56,1.0 75,1.0 133,1.0 137,1.0 150,2.0 167,1.0 170,1.0 175,1.0 189,1.0 191,2.0 203,1.0 205,1.0 213,1.0 254,1.0 260,1.0 262,1.0 273,1.0 363,1.0 387,1.0 409,1.0 
26,1.0 33,1.0 35,1.0 75,1.0 92,1.0 103,1.0 117,2.0 133,2.0 151,1.0 153,1.0 157,1.0 170,1.0 175,1.0 181,1.0 182,1.0 203,1.0 205,1.0 215,1.0 218,1.0 232,1.0 320,1.0 326,1.0 395,1.0 429,1.0 452,1.0 456,1.0 457,1.0 
32,1.0 116,1.0 141,1.0 155,1.0 212,1.0 220,1.0 241,1.0 370,1.0 
67,1.0 93,1.0 188,1.0 412,1.0 
28,1.0 157,1.0 382,1.0 
17,1.0 42,1.0 46,1.0 61,1.0 70,1.0 102,1.0 185,1.0 210,1.0 217,1.0 221,1.0 227,1.0 241,1.0 284,1.0 414,1.0 423,1.0 443,1.0 
42,1.0 46,1.0 70,1.0 102,1.0 241,1.0 413,1.0 
4,1.0 24,1.0 31,1.0 140,1.0 141,1.0 189,1.0 212,1.0 254,1.0 286,1.0 
49,1.0 72,1.0 
38,1.0 151,1.0 388,1.0 418,1.0 419,1.0 429,1.0 430,1.0 431,1.0 
35,1.0 63,1.0 120,1.0 158,1.0 166,1.0 177,1.0 212,1.0 227,1.0 388,1.0 419,1.0 437,1.0 466,1.0 
57,1.0 102,1.0 120,1.0 151,1.0 158,1.0 227,1.0 388,1.0 418,1.0 
13,1.0 28,1.0 141,1.0 144,1.0 163,1.0 168,1.0 421,1.0 
13,1.0 28,1.0 69,1.0 141,1.0 144,1.0 168,1.0 228,1.0 390,1.0 405,1.0 422,1.0 
42,1.0 69,1.0 228,1.0 390,1.0 405,1.0 
11,3.0 35,4.0 38,1.0 45,1.0 49,3.0 60,1.0 61,1.0 67,1.0 83,1.0 116,1.0 135,1.0 141,1.0 167,1.0 168,1.0 171,1.0 177,1.0 188,1.0 191,1.0 201,1.0 206,1.0 209,1.0 210,1.0 217,1.0 221,1.0 222,1.0 224,1.0 227,1.0 236,1.0 272,2.0 284,1.0 299,1.0 325,1.0 326,1.0 327,1.0 328,1.0 342,1.0 385,1.0 405,2.0 413,1.0 452,1.0 471,1.0 
51,1.0 78,1.0 137,1.0 231,1.0 425,1.0 
51,1.0 78,1.0 137,1.0 229,1.0 231,1.0 426,1.0 
6,1.0 11,1.0 12,1.0 25,1.0 85,1.0 150,1.0 151,1.0 170,1.0 176,1.0 177,1.0 227,1.0 229,1.0 262,1.0 273,1.0 393,1.0 408,1.0 461,1.0 539,1.0 540,1.0 
13,1.0 15,1.0 75,1.0 157,2.0 167,1.0 168,1.0 186,1.0 187,1.0 188,1.0 191,1.0 235,1.0 273,2.0 340,2.0 383,1.0 427,1.0 479,1.0 534,1.0 
116,1.0 
27,1.0 32,1.0 52,1.0 117,1.0 151,2.0 175,1.0 218,1.0 284,1.0 305,1.0 417,1.0 430,1.0 431,1.0 
151,1.0 417,1.0 429,1.0 431,1.0 
432,1.0 433,1.0 
6,1.0 69,1.0 75,1.0 272,1.0 333,1.0 353,1.0 433,1.0 
6,1.0 190,1.0 272,1.0 353,1.0 432,1.0 
10,1.0 35,1.0 116,1.0 171,1.0 188,1.0 209,1.0 225,1.0 394,1.0 
13,1.0 29,1.0 44,1.0 49,1.0 51,2.0 64,1.0 75,1.0 81,1.0 135,1.0 139,2.0 165,1.0 174,1.0 218,1.0 231,1.0 257,1.0 269,1.0 384,1.0 436,1.0 
4,1.0 210,1.0 227,1.0 
35,1.0 53,1.0 63,1.0 89,1.0 166,1.0 169,1.0 177,1.0 189,2.0 191,1.0 213,1.0 227,1.0 254,1.0 271,1.0 305,1.0 387,1.0 408,1.0 466,1.0 
45,1.0 87,1.0 439,1.0 440,1.0 
45,1.0 87,1.0 249,1.0 393,1.0 438,1.0 440,1.0 443,1.0 535,1.0 536,1.0 537,1.0 
45,1.0 87,1.0 438,1.0 439,1.0 
17,1.0 413,1.0 442,1.0 443,1.0 
17,1.0 413,1.0 441,1.0 443,1.0 
17,1.0 185,1.0 249,1.0 393,1.0 413,1.0 439,1.0 535,1.0 536,1.0 537,1.0 
14,1.0 
36,1.0 405,1.0 446,1.0 
36,1.0 405,1.0 445,1.0 
12,1.0 38,1.0 210,1.0 
32,1.0 93,1.0 157,1.0 162,1.0 260,1.0 305,1.0 449,1.0 450,1.0 
28,1.0 32,2.0 111,1.0 136,1.0 154,1.0 157,2.0 170,1.0 186,1.0 191,1.0 305,2.0 450,2.0 451,1.0 
32,3.0 92,1.0 133,1.0 136,2.0 157,3.0 305,1.0 320,1.0 326,1.0 409,1.0 449,1.0 450,1.0 451,2.0 
32,1.0 92,1.0 133,1.0 136,1.0 157,1.0 320,1.0 326,1.0 409,1.0 450,1.0 
33,1.0 111,1.0 130,1.0 153,1.0 157,1.0 182,2.0 188,1.0 210,1.0 222,1.0 266,1.0 336,1.0 342,1.0 366,1.0 405,1.0 
6,1.0 9,1.0 11,1.0 12,1.0 15,1.0 26,3.0 28,1.0 32,1.0 36,1.0 52,1.0 65,1.0 69,1.0 70,1.0 92,2.0 133,1.0 170,1.0 182,1.0 210,1.0 225,1.0 235,1.0 273,1.0 326,1.0 333,1.0 336,1.0 340,1.0 454,1.0 462,2.0 463,1.0 469,1.0 510,2.0 
6,1.0 24,1.0 62,1.0 69,1.0 70,1.0 92,1.0 166,1.0 211,1.0 256,1.0 
6,1.0 75,1.0 102,1.0 117,1.0 158,1.0 166,1.0 181,1.0 212,1.0 227,1.0 409,1.0 418,1.0 456,1.0 
45,1.0 103,1.0 117,1.0 154,1.0 170,1.0 181,1.0 232,1.0 249,1.0 261,1.0 284,1.0 305,1.0 395,1.0 409,1.0 449,1.0 457,1.0 
103,1.0 232,1.0 262,1.0 395,1.0 458,1.0 459,1.0 
262,1.0 392,1.0 459,1.0 
262,1.0 392,1.0 458,1.0 
144,1.0 198,1.0 453,2.0 483,1.0 
11,2.0 12,1.0 32,1.0 52,1.0 61,1.0 85,1.0 87,1.0 120,1.0 124,2.0 157,1.0 162,1.0 168,1.0 170,1.0 177,2.0 190,1.0 191,1.0 261,1.0 262,1.0 305,1.0 340,1.0 366,1.0 462,1.0 463,1.0 464,1.0 482,2.0 
11,1.0 12,2.0 26,4.0 28,4.0 32,5.0 52,2.0 56,1.0 118,3.0 124,3.0 133,1.0 170,3.0 177,1.0 182,1.0 190,6.0 199,1.0 235,1.0 294,1.0 326,2.0 336,1.0 340,2.0 453,3.0 462,3.0 463,6.0 464,3.0 469,1.0 497,1.0 510,3.0 
12,1.0 26,2.0 28,2.0 32,2.0 52,1.0 56,1.0 67,1.0 85,1.0 86,1.0 115,1.0 118,2.0 124,3.0 139,1.0 169,1.0 170,3.0 177,2.0 182,1.0 184,1.0 190,5.0 209,1.0 210,1.0 220,1.0 269,1.0 326,1.0 333,1.0 336,1.0 340,2.0 453,1.0 462,6.0 463,2.0 464,3.0 469,1.0 510,1.0 
17,1.0 24,1.0 28,1.0 32,2.0 42,1.0 87,1.0 118,1.0 124,3.0 170,1.0 190,4.0 214,1.0 340,1.0 349,1.0 462,4.0 463,4.0 464,1.0 469,1.0 
35,1.0 56,1.0 87,1.0 102,1.0 116,1.0 154,1.0 185,1.0 212,1.0 227,1.0 325,1.0 391,1.0 401,1.0 
11,1.0 35,1.0 63,1.0 89,1.0 177,1.0 187,1.0 188,1.0 218,1.0 224,1.0 227,1.0 228,1.0 254,1.0 264,1.0 305,1.0 320,1.0 325,1.0 401,1.0 437,1.0 
5,1.0 9,1.0 36,1.0 67,1.0 176,1.0 227,1.0 381,1.0 468,1.0 500,1.0 501,1.0 
5,1.0 9,1.0 36,1.0 67,1.0 227,1.0 467,1.0 
4,1.0 11,1.0 12,1.0 13,1.0 24,1.0 26,1.0 34,1.0 36,1.0 38,1.0 42,1.0 52,1.0 67,1.0 74,1.0 87,1.0 117,1.0 127,1.0 133,1.0 139,2.0 160,1.0 162,1.0 170,1.0 171,1.0 185,1.0 204,1.0 214,1.0 235,1.0 300,1.0 326,1.0 384,1.0 453,1.0 462,1.0 
54,1.0 223,1.0 224,1.0 236,1.0 271,1.0 299,1.0 328,1.0 423,1.0 
4,1.0 141,1.0 167,1.0 168,1.0 201,1.0 
42,1.0 71,1.0 128,1.0 139,1.0 166,1.0 228,1.0 268,2.0 294,1.0 504,1.0 
128,1.0 189,1.0 191,1.0 474,1.0 
128,1.0 189,1.0 191,1.0 289,1.0 
153,1.0 476,1.0 
153,1.0 477,1.0 
478,1.0 
191,1.0 427,1.0 
11,1.0 120,1.0 122,1.0 169,1.0 181,1.0 187,1.0 188,1.0 364,1.0 
35,2.0 42,1.0 87,1.0 99,1.0 116,1.0 185,1.0 223,1.0 242,1.0 
17,1.0 35,1.0 84,1.0 85,1.0 160,1.0 162,1.0 227,1.0 321,1.0 407,1.0 
11,1.0 12,1.0 32,1.0 38,1.0 52,1.0 56,2.0 61,2.0 75,1.0 87,1.0 101,1.0 116,1.0 120,1.0 124,1.0 157,1.0 162,1.0 168,1.0 170,1.0 177,1.0 191,1.0 209,1.0 229,1.0 249,1.0 261,1.0 262,1.0 305,1.0 326,2.0 333,1.0 366,1.0 409,1.0 461,2.0 
144,1.0 460,1.0 
114,1.0 124,1.0 322,1.0 485,1.0 
114,1.0 124,1.0 322,1.0 484,1.0 
1,1.0 85,1.0 99,1.0 132,1.0 276,1.0 398,1.0 532,1.0 533,1.0 
146,1.0 292,1.0 488,1.0 
292,1.0 489,1.0 
16,1.0 43,1.0 150,1.0 189,1.0 490,1.0 546,1.0 547,1.0 
150,1.0 189,1.0 278,1.0 
374,1.0 
257,1.0 264,1.0 433,1.0 493,1.0 
257,1.0 264,1.0 433,1.0 492,1.0 
4,1.0 24,1.0 33,2.0 42,1.0 87,2.0 105,1.0 203,1.0 214,1.0 
36,2.0 60,1.0 75,2.0 138,1.0 154,1.0 170,1.0 260,2.0 266,1.0 274,2.0 496,1.0 512,1.0 513,1.0 
38,1.0 64,1.0 135,1.0 
4,1.0 26,1.0 28,1.0 32,2.0 52,1.0 118,1.0 139,1.0 190,1.0 227,1.0 453,1.0 462,2.0 510,1.0 
53,1.0 224,1.0 326,1.0 364,1.0 499,1.0 
181,1.0 224,1.0 326,1.0 364,1.0 
176,1.0 381,1.0 467,1.0 501,1.0 
176,1.0 381,1.0 467,1.0 500,1.0 
9,1.0 11,1.0 15,1.0 176,1.0 187,2.0 225,2.0 503,1.0 
9,1.0 11,1.0 15,1.0 140,1.0 176,1.0 187,2.0 225,2.0 237,1.0 502,1.0 539,1.0 541,1.0 542,1.0 
71,1.0 128,1.0 472,1.0 
5,1.0 9,1.0 325,1.0 333,1.0 
9,1.0 35,1.0 93,1.0 151,1.0 177,1.0 215,1.0 219,1.0 299,1.0 
6,1.0 92,1.0 102,1.0 227,1.0 508,1.0 
102,1.0 185,1.0 227,1.0 465,1.0 
17,2.0 21,1.0 35,1.0 36,1.0 162,1.0 163,1.0 164,1.0 170,1.0 191,1.0 207,1.0 247,1.0 329,1.0 364,1.0 527,1.0 
26,4.0 28,1.0 32,1.0 52,1.0 170,1.0 182,2.0 336,2.0 340,2.0 453,2.0 462,2.0 463,2.0 469,1.0 510,1.0 
11,1.0 72,1.0 124,1.0 140,1.0 170,1.0 225,1.0 320,1.0 364,1.0 405,1.0 
36,1.0 75,1.0 139,1.0 162,1.0 170,1.0 260,1.0 266,1.0 364,1.0 384,1.0 495,1.0 
140,1.0 154,1.0 198,1.0 
197,1.0 300,1.0 
516,1.0 
200,1.0 517,1.0 
200,1.0 276,1.0 
67,1.0 519,1.0 
67,1.0 518,1.0 
115,1.0 124,1.0 128,1.0 165,1.0 184,1.0 186,1.0 216,1.0 225,1.0 325,1.0 521,1.0 
4,1.0 115,1.0 162,1.0 163,1.0 165,1.0 184,1.0 216,1.0 225,1.0 325,1.0 
173,1.0 
6,1.0 10,1.0 36,1.0 56,1.0 80,1.0 145,1.0 177,1.0 188,1.0 207,1.0 272,1.0 326,1.0 394,1.0 
21,1.0 36,1.0 80,1.0 84,1.0 116,1.0 152,1.0 167,1.0 168,1.0 169,1.0 209,1.0 331,1.0 351,1.0 
13,1.0 35,1.0 36,2.0 44,1.0 60,1.0 70,1.0 75,1.0 165,1.0 207,1.0 284,1.0 325,1.0 326,1.0 364,1.0 435,1.0 509,1.0 526,1.0 
35,1.0 36,1.0 60,1.0 207,1.0 325,1.0 326,1.0 364,1.0 509,1.0 525,1.0 
2,1.0 17,1.0 142,1.0 163,1.0 170,1.0 191,1.0 
14,1.0 64,1.0 89,1.0 174,1.0 299,1.0 321,1.0 529,1.0 
14,1.0 64,1.0 89,1.0 174,1.0 299,1.0 321,1.0 528,1.0 
85,1.0 398,1.0 486,1.0 531,1.0 532,1.0 533,1.0 
85,1.0 398,1.0 486,1.0 530,1.0 532,1.0 533,1.0 
85,1.0 132,1.0 398,1.0 486,1.0 533,1.0 
85,1.0 132,1.0 398,1.0 486,1.0 532,1.0 
6,1.0 69,1.0 272,1.0 333,1.0 407,1.0 
249,1.0 393,1.0 439,1.0 443,1.0 536,1.0 537,1.0 
249,1.0 393,1.0 439,1.0 443,1.0 535,1.0 537,1.0 
45,1.0 249,1.0 
38,1.0 56,1.0 170,1.0 302,1.0 
140,1.0 176,1.0 227,1.0 237,1.0 393,1.0 426,1.0 503,1.0 540,1.0 541,1.0 542,1.0 
176,1.0 227,1.0 393,1.0 426,1.0 539,1.0 
140,1.0 237,1.0 503,1.0 539,1.0 542,1.0 
56,1.0 102,1.0 221,1.0 234,1.0 359,1.0 
48,1.0 88,1.0 101,1.0 151,1.0 210,1.0 397,1.0 
258,1.0 
16,1.0 489,1.0 546,1.0 547,1.0 
16,1.0 43,1.0 489,1.0 547,1.0 
16,1.0 43,1.0 489,1.0 546,1.0 
85,1.0 352,1.0 549,1.0 
550,1.0 
551,1.0 
16,1.0 308,1.0 552,1.0 
6,1.0 16,1.0 107,1.0 308,1.0 553,1.0 554,1.0 555,1.0 
6,1.0 107,1.0 543,1.0 554,1.0 555,1.0 
6,1.0 107,1.0 543,1.0 553,1.0 555,1.0 
6,1.0 107,1.0 543,1.0 553,1.0 554,1.0 
