0,2.0 1,1.0 2,1.0 3,1.0 6,2.0 9,1.0 15,2.0 16,1.0 17,4.0 33,2.0 35,3.0 36,4.0 37,1.0 47,2.0 82,1.0 87,1.0 88,1.0 93,1.0 94,6.0 98,1.0 100,1.0 104,3.0 107,3.0 123,1.0 126,1.0 127,1.0 138,1.0 143,1.0 149,2.0 166,3.0 182,1.0 194,1.0 195,1.0 196,1.0 197,1.0 200,2.0 206,1.0 226,1.0 235,2.0 286,1.0 293,1.0 296,2.0 297,1.0 298,1.0 299,1.0 300,1.0 332,1.0 335,2.0 336,1.0 454,1.0 
2,2.0 3,2.0 4,1.0 5,1.0 6,1.0 19,1.0 20,1.0 30,1.0 31,1.0 33,1.0 50,1.0 55,1.0 61,1.0 93,1.0 101,1.0 119,1.0 120,1.0 121,1.0 122,1.0 123,1.0 192,1.0 212,1.0 322,1.0 
0,1.0 1,2.0 2,6.0 3,1.0 4,1.0 5,1.0 6,4.0 7,1.0 8,2.0 9,2.0 10,1.0 15,2.0 17,1.0 19,1.0 20,1.0 23,3.0 24,1.0 25,1.0 26,1.0 27,2.0 28,2.0 29,2.0 30,1.0 34,1.0 35,2.0 36,1.0 38,1.0 41,1.0 45,2.0 46,1.0 47,1.0 48,1.0 49,1.0 50,1.0 66,2.0 92,1.0 97,1.0 98,2.0 104,3.0 108,1.0 110,1.0 116,1.0 152,1.0 153,1.0 154,2.0 156,1.0 163,1.0 164,1.0 165,1.0 166,1.0 168,1.0 170,1.0 207,2.0 208,1.0 209,1.0 210,1.0 211,1.0 212,1.0 223,1.0 226,1.0 245,1.0 250,1.0 252,1.0 254,1.0 289,1.0 357,1.0 358,1.0 360,1.0 361,1.0 
2,2.0 3,1.0 4,2.0 5,1.0 15,1.0 31,1.0 33,4.0 39,1.0 47,1.0 61,6.0 69,2.0 70,3.0 83,1.0 84,1.0 85,1.0 89,1.0 94,1.0 95,1.0 103,2.0 104,1.0 107,2.0 111,1.0 123,4.0 136,1.0 137,1.0 139,1.0 140,1.0 141,1.0 142,1.0 145,1.0 147,1.0 176,2.0 182,2.0 185,1.0 234,1.0 243,1.0 271,1.0 289,1.0 293,1.0 296,1.0 297,2.0 299,1.0 300,1.0 301,2.0 302,2.0 306,1.0 315,1.0 402,1.0 
2,1.0 3,2.0 5,1.0 70,1.0 111,1.0 112,1.0 113,1.0 139,1.0 140,1.0 141,1.0 142,1.0 
2,1.0 3,1.0 4,1.0 61,1.0 62,1.0 63,1.0 64,1.0 65,1.0 77,1.0 81,1.0 
0,1.0 1,1.0 2,3.0 6,2.0 7,1.0 8,4.0 9,1.0 10,2.0 11,2.0 12,2.0 13,2.0 15,1.0 17,1.0 18,1.0 19,2.0 20,2.0 21,2.0 22,1.0 27,1.0 28,1.0 29,1.0 30,1.0 31,1.0 32,1.0 35,3.0 36,2.0 37,1.0 51,1.0 52,2.0 53,1.0 55,1.0 62,1.0 70,1.0 98,1.0 102,1.0 103,1.0 104,1.0 117,1.0 138,1.0 145,2.0 147,1.0 170,1.0 212,1.0 213,2.0 218,1.0 219,1.0 228,1.0 245,1.0 249,1.0 267,1.0 316,1.0 337,1.0 414,1.0 442,1.0 457,1.0 458,1.0 
6,1.0 8,1.0 
2,4.0 6,2.0 8,1.0 9,1.0 10,1.0 11,1.0 12,1.0 19,1.0 20,1.0 21,1.0 22,1.0 23,1.0 27,1.0 28,1.0 29,1.0 33,2.0 35,1.0 36,1.0 41,1.0 42,1.0 43,1.0 44,1.0 61,3.0 66,1.0 72,1.0 73,1.0 74,1.0 75,1.0 76,2.0 82,2.0 87,1.0 102,1.0 104,1.0 107,1.0 144,1.0 151,1.0 152,1.0 165,1.0 166,1.0 168,1.0 173,1.0 176,1.0 188,1.0 202,1.0 215,1.0 220,1.0 222,1.0 238,1.0 256,1.0 333,1.0 334,1.0 371,1.0 392,1.0 
2,2.0 10,1.0 11,1.0 12,1.0 13,1.0 23,1.0 36,1.0 37,1.0 62,1.0 105,1.0 138,1.0 156,1.0 157,1.0 158,1.0 202,1.0 208,1.0 209,1.0 210,1.0 211,1.0 216,1.0 228,1.0 239,1.0 249,1.0 288,1.0 309,1.0 449,1.0 461,1.0 
6,1.0 9,1.0 11,2.0 12,3.0 13,2.0 41,1.0 62,1.0 107,1.0 108,1.0 162,1.0 213,1.0 
6,1.0 9,1.0 10,2.0 12,2.0 13,2.0 62,1.0 213,1.0 
2,1.0 6,1.0 9,1.0 10,2.0 11,2.0 13,2.0 15,1.0 62,1.0 104,1.0 105,1.0 107,1.0 145,1.0 162,1.0 163,1.0 213,1.0 220,1.0 282,1.0 402,1.0 408,1.0 409,1.0 410,1.0 
6,1.0 10,1.0 11,1.0 12,1.0 14,1.0 15,1.0 16,1.0 17,1.0 62,1.0 213,1.0 
2,1.0 6,1.0 15,1.0 16,1.0 17,1.0 18,1.0 23,1.0 33,1.0 34,1.0 35,1.0 36,1.0 54,1.0 59,1.0 62,1.0 107,1.0 154,1.0 155,1.0 161,1.0 
0,1.0 2,1.0 3,1.0 6,1.0 14,1.0 16,2.0 17,1.0 18,1.0 33,3.0 35,2.0 47,2.0 61,1.0 66,1.0 67,1.0 70,1.0 82,1.0 88,1.0 94,2.0 98,4.0 104,2.0 105,1.0 107,2.0 123,2.0 124,1.0 126,1.0 138,1.0 139,1.0 144,1.0 145,2.0 163,1.0 164,2.0 165,1.0 166,2.0 167,1.0 168,1.0 173,1.0 182,1.0 215,1.0 220,1.0 235,2.0 252,1.0 293,1.0 296,2.0 297,1.0 298,1.0 299,1.0 300,1.0 316,1.0 336,1.0 400,1.0 411,1.0 429,1.0 441,1.0 442,1.0 
0,1.0 3,1.0 14,1.0 15,2.0 17,2.0 18,1.0 29,1.0 30,1.0 36,1.0 45,2.0 47,2.0 61,1.0 76,1.0 82,1.0 84,1.0 89,1.0 93,1.0 94,2.0 98,1.0 103,1.0 107,1.0 127,1.0 138,1.0 149,2.0 160,1.0 161,1.0 168,1.0 169,1.0 170,1.0 177,1.0 179,1.0 182,1.0 185,1.0 198,1.0 221,1.0 266,1.0 281,1.0 282,1.0 283,1.0 293,1.0 296,2.0 297,1.0 298,1.0 299,1.0 300,1.0 314,1.0 319,1.0 328,1.0 329,1.0 330,2.0 345,1.0 346,1.0 418,1.0 420,1.0 
0,3.0 6,1.0 9,2.0 14,1.0 15,2.0 16,2.0 18,1.0 19,1.0 30,1.0 33,1.0 35,2.0 36,2.0 37,1.0 40,1.0 47,1.0 50,1.0 54,1.0 61,2.0 70,1.0 82,2.0 94,1.0 97,1.0 100,1.0 104,1.0 106,2.0 107,1.0 108,1.0 109,1.0 111,1.0 128,1.0 129,1.0 143,1.0 160,1.0 163,1.0 166,1.0 171,1.0 187,1.0 188,1.0 198,1.0 235,1.0 266,1.0 316,1.0 319,1.0 331,1.0 352,1.0 362,1.0 363,1.0 400,1.0 407,1.0 414,1.0 422,1.0 440,1.0 441,1.0 448,1.0 454,1.0 
6,2.0 102,1.0 103,2.0 107,1.0 145,1.0 147,1.0 163,2.0 220,1.0 228,1.0 229,1.0 308,1.0 
1,1.0 2,1.0 6,2.0 8,1.0 20,2.0 21,2.0 22,1.0 55,1.0 86,1.0 88,1.0 90,1.0 91,1.0 111,1.0 163,1.0 199,1.0 212,1.0 260,1.0 336,1.0 367,1.0 368,1.0 
1,1.0 2,1.0 6,2.0 8,1.0 19,2.0 21,1.0 22,1.0 66,1.0 67,1.0 68,1.0 212,1.0 
0,1.0 6,1.0 8,1.0 14,1.0 19,2.0 20,1.0 22,1.0 31,1.0 32,1.0 33,1.0 64,1.0 166,1.0 192,1.0 193,1.0 194,1.0 195,1.0 200,1.0 260,1.0 336,1.0 367,1.0 368,1.0 424,1.0 425,1.0 426,1.0 
6,1.0 8,1.0 19,1.0 20,1.0 21,1.0 
2,3.0 6,1.0 8,2.0 17,1.0 23,1.0 24,1.0 25,1.0 26,1.0 33,1.0 41,1.0 42,1.0 43,1.0 44,1.0 46,1.0 47,1.0 50,1.0 61,2.0 69,1.0 70,2.0 71,1.0 72,1.0 88,1.0 102,1.0 103,2.0 137,1.0 145,2.0 159,1.0 160,1.0 163,1.0 285,1.0 331,1.0 355,1.0 356,1.0 373,1.0 387,1.0 388,1.0 416,1.0 
2,1.0 23,1.0 25,1.0 26,1.0 
2,1.0 23,1.0 24,1.0 26,1.0 
2,1.0 23,1.0 24,1.0 25,1.0 
3,1.0 4,1.0 6,2.0 8,2.0 28,2.0 29,2.0 30,1.0 32,1.0 40,1.0 45,2.0 50,1.0 54,1.0 55,2.0 56,1.0 57,1.0 58,1.0 66,2.0 86,1.0 88,1.0 111,1.0 122,2.0 139,1.0 173,2.0 233,1.0 240,1.0 253,1.0 257,1.0 367,1.0 403,1.0 404,1.0 446,1.0 
6,3.0 8,2.0 27,2.0 29,2.0 30,1.0 32,1.0 49,1.0 54,1.0 66,2.0 87,1.0 88,2.0 89,1.0 124,1.0 136,1.0 138,1.0 169,1.0 170,1.0 183,1.0 184,1.0 185,1.0 186,1.0 199,1.0 238,1.0 378,1.0 379,1.0 404,1.0 429,1.0 
6,2.0 8,2.0 16,1.0 27,2.0 28,2.0 30,1.0 66,1.0 89,1.0 169,1.0 170,1.0 
1,1.0 3,1.0 6,2.0 16,1.0 27,1.0 28,1.0 29,1.0 31,1.0 33,1.0 41,1.0 45,2.0 50,1.0 61,1.0 67,1.0 82,1.0 84,1.0 97,1.0 106,1.0 117,1.0 119,1.0 120,1.0 121,1.0 122,1.0 123,2.0 138,1.0 171,2.0 172,1.0 173,1.0 174,1.0 187,1.0 216,1.0 448,1.0 
1,1.0 3,2.0 14,1.0 21,1.0 30,1.0 32,1.0 33,2.0 38,1.0 45,1.0 61,1.0 83,1.0 84,1.0 85,1.0 119,1.0 120,1.0 121,1.0 122,1.0 123,1.0 203,1.0 204,1.0 205,1.0 
14,1.0 21,1.0 27,1.0 31,1.0 33,1.0 49,1.0 73,1.0 76,1.0 106,1.0 107,1.0 122,1.0 142,1.0 233,1.0 240,1.0 257,2.0 271,1.0 340,1.0 397,1.0 429,1.0 464,1.0 465,1.0 
0,1.0 3,2.0 6,1.0 8,2.0 14,1.0 15,5.0 16,1.0 33,3.0 34,1.0 35,1.0 39,2.0 41,1.0 47,1.0 61,10.0 67,2.0 69,3.0 72,1.0 73,3.0 74,1.0 75,2.0 76,1.0 82,2.0 88,3.0 94,2.0 95,1.0 97,2.0 98,1.0 100,2.0 102,3.0 104,2.0 105,1.0 107,1.0 123,9.0 124,1.0 126,1.0 141,1.0 145,1.0 147,1.0 149,1.0 150,2.0 155,1.0 163,2.0 166,3.0 167,1.0 168,1.0 173,1.0 175,1.0 176,2.0 178,1.0 182,2.0 185,2.0 200,1.0 201,1.0 202,2.0 214,1.0 216,1.0 221,2.0 226,1.0 229,1.0 230,1.0 234,1.0 235,5.0 243,1.0 249,2.0 253,1.0 255,1.0 271,1.0 292,1.0 293,1.0 294,1.0 295,1.0 296,2.0 297,2.0 298,1.0 301,1.0 302,1.0 311,1.0 319,1.0 320,1.0 336,1.0 337,1.0 339,1.0 455,1.0 
2,1.0 6,1.0 48,1.0 49,1.0 50,1.0 
0,2.0 6,4.0 9,1.0 14,1.0 15,2.0 17,2.0 33,1.0 36,4.0 37,1.0 47,2.0 50,1.0 52,2.0 54,1.0 62,1.0 66,3.0 67,2.0 70,1.0 73,1.0 82,1.0 98,1.0 104,1.0 107,2.0 138,1.0 143,2.0 144,1.0 145,1.0 146,1.0 164,2.0 165,2.0 166,2.0 167,2.0 168,2.0 170,1.0 176,1.0 199,2.0 202,1.0 206,2.0 219,1.0 240,1.0 245,2.0 246,1.0 247,1.0 249,1.0 251,1.0 267,1.0 316,1.0 
0,3.0 6,2.0 9,1.0 14,2.0 16,1.0 17,2.0 35,4.0 37,1.0 54,1.0 60,1.0 62,2.0 69,1.0 73,1.0 76,2.0 82,1.0 99,1.0 100,1.0 103,1.0 105,1.0 143,1.0 145,1.0 153,1.0 157,1.0 158,1.0 162,1.0 185,1.0 200,1.0 220,1.0 222,1.0 226,1.0 228,1.0 245,1.0 249,1.0 267,1.0 331,1.0 332,1.0 339,1.0 345,1.0 346,1.0 368,1.0 418,1.0 419,1.0 420,1.0 
2,1.0 9,1.0 17,1.0 73,1.0 95,1.0 100,1.0 141,1.0 163,1.0 176,1.0 187,1.0 226,1.0 234,1.0 255,1.0 341,1.0 342,1.0 
39,1.0 61,2.0 73,1.0 96,1.0 113,1.0 136,2.0 148,1.0 176,1.0 205,1.0 214,1.0 216,2.0 226,1.0 230,1.0 232,1.0 237,1.0 251,1.0 277,1.0 306,2.0 430,1.0 431,1.0 432,1.0 462,1.0 463,1.0 
17,1.0 33,1.0 38,1.0 40,1.0 52,1.0 82,1.0 95,1.0 100,2.0 104,1.0 106,1.0 113,1.0 136,1.0 148,1.0 153,1.0 165,1.0 192,1.0 197,1.0 226,1.0 230,1.0 234,2.0 235,1.0 236,1.0 237,1.0 243,1.0 255,1.0 258,1.0 265,2.0 271,3.0 311,2.0 317,1.0 339,2.0 340,1.0 360,1.0 462,1.0 
9,1.0 17,1.0 39,1.0 173,1.0 194,1.0 199,1.0 216,1.0 239,1.0 265,1.0 304,1.0 305,1.0 306,1.0 404,1.0 405,1.0 
2,1.0 8,1.0 10,1.0 12,1.0 16,1.0 29,1.0 42,1.0 43,1.0 44,1.0 45,1.0 62,1.0 76,1.0 84,1.0 86,1.0 89,1.0 97,1.0 106,1.0 107,1.0 108,1.0 113,1.0 136,1.0 144,1.0 145,1.0 162,1.0 169,1.0 173,1.0 174,1.0 175,1.0 176,1.0 177,1.0 185,1.0 339,1.0 
2,1.0 8,1.0 41,1.0 43,1.0 44,1.0 
2,1.0 8,1.0 41,1.0 42,1.0 44,1.0 
2,1.0 8,1.0 41,1.0 42,1.0 43,1.0 
2,1.0 16,1.0 23,1.0 27,2.0 30,1.0 31,1.0 38,1.0 40,1.0 41,1.0 46,1.0 47,1.0 82,1.0 84,2.0 106,1.0 122,1.0 136,1.0 138,1.0 173,3.0 174,1.0 175,1.0 176,1.0 177,1.0 185,1.0 203,1.0 204,1.0 205,1.0 214,1.0 226,1.0 238,1.0 239,1.0 240,1.0 253,1.0 283,1.0 284,1.0 367,1.0 403,1.0 404,1.0 446,1.0 
2,1.0 23,1.0 47,1.0 118,2.0 
0,1.0 2,1.0 3,2.0 16,1.0 17,2.0 23,1.0 33,1.0 35,1.0 41,1.0 46,1.0 54,1.0 61,2.0 67,1.0 82,1.0 86,1.0 88,1.0 93,1.0 94,1.0 98,1.0 104,3.0 107,5.0 108,1.0 123,1.0 143,1.0 145,2.0 149,3.0 154,1.0 160,1.0 164,1.0 167,1.0 168,2.0 176,1.0 182,1.0 196,1.0 202,1.0 221,1.0 225,1.0 226,1.0 227,1.0 255,1.0 266,1.0 293,1.0 296,1.0 297,1.0 299,1.0 300,1.0 301,1.0 302,1.0 303,1.0 306,1.0 319,1.0 331,1.0 351,1.0 352,1.0 414,1.0 440,1.0 
6,1.0 34,1.0 49,1.0 50,1.0 
6,1.0 32,1.0 34,1.0 48,1.0 50,1.0 76,1.0 107,1.0 111,1.0 117,1.0 159,1.0 285,1.0 286,1.0 287,1.0 429,1.0 
1,1.0 6,1.0 14,1.0 27,1.0 30,1.0 34,1.0 48,1.0 49,1.0 54,1.0 55,2.0 56,1.0 57,1.0 58,1.0 59,1.0 67,1.0 70,1.0 93,1.0 94,1.0 97,1.0 101,1.0 105,1.0 106,1.0 107,1.0 123,1.0 159,1.0 160,1.0 161,1.0 171,1.0 176,2.0 187,1.0 199,1.0 216,1.0 448,1.0 
27,1.0 50,1.0 52,1.0 53,1.0 54,1.0 55,1.0 73,1.0 216,1.0 
9,1.0 27,1.0 38,1.0 39,1.0 50,1.0 51,1.0 53,1.0 54,1.0 55,1.0 61,1.0 73,1.0 76,1.0 86,1.0 88,1.0 100,2.0 136,1.0 138,1.0 145,1.0 170,1.0 216,1.0 219,1.0 224,2.0 249,1.0 251,1.0 255,1.0 271,1.0 306,1.0 316,1.0 317,1.0 433,1.0 
27,1.0 35,1.0 50,1.0 51,1.0 52,1.0 54,1.0 55,1.0 61,1.0 66,1.0 98,1.0 138,1.0 199,1.0 206,1.0 223,1.0 254,1.0 
5,1.0 6,1.0 17,1.0 27,1.0 47,1.0 50,1.0 55,1.0 56,1.0 57,1.0 58,1.0 61,2.0 62,1.0 63,1.0 64,1.0 65,1.0 97,1.0 100,1.0 106,1.0 132,1.0 162,1.0 228,1.0 285,1.0 351,1.0 352,1.0 407,1.0 412,1.0 449,1.0 
1,1.0 27,2.0 33,1.0 50,2.0 54,1.0 56,1.0 57,1.0 58,1.0 66,1.0 86,1.0 88,1.0 93,1.0 101,1.0 117,1.0 199,1.0 200,1.0 201,1.0 218,1.0 319,1.0 338,1.0 
57,1.0 58,1.0 59,1.0 60,1.0 61,1.0 
56,1.0 58,1.0 59,1.0 60,1.0 61,1.0 
56,1.0 57,1.0 59,1.0 60,1.0 61,1.0 
6,1.0 14,2.0 35,1.0 36,1.0 60,1.0 61,1.0 62,1.0 107,1.0 161,1.0 
14,1.0 35,1.0 36,2.0 37,1.0 59,1.0 61,1.0 62,1.0 73,1.0 75,1.0 99,1.0 147,2.0 153,1.0 185,2.0 214,1.0 228,3.0 309,1.0 339,1.0 420,1.0 453,1.0 
0,1.0 3,3.0 8,3.0 14,1.0 15,3.0 16,1.0 17,1.0 20,1.0 33,13.0 35,1.0 36,2.0 38,2.0 39,1.0 52,2.0 54,1.0 59,1.0 60,1.0 61,5.0 62,1.0 66,1.0 67,1.0 69,4.0 70,4.0 72,1.0 73,7.0 74,1.0 75,2.0 76,3.0 82,1.0 87,1.0 94,1.0 95,1.0 97,3.0 98,3.0 100,1.0 102,7.0 103,4.0 106,1.0 107,2.0 108,1.0 123,10.0 124,1.0 136,1.0 141,3.0 142,1.0 144,1.0 145,5.0 147,3.0 155,2.0 160,1.0 162,1.0 163,1.0 168,2.0 175,1.0 176,4.0 178,1.0 182,2.0 185,1.0 214,1.0 215,1.0 216,1.0 218,2.0 220,1.0 222,1.0 223,1.0 224,1.0 226,2.0 228,2.0 229,1.0 232,1.0 234,1.0 238,1.0 243,1.0 251,1.0 253,1.0 258,2.0 266,1.0 271,1.0 286,1.0 292,1.0 293,1.0 294,2.0 295,2.0 296,3.0 297,2.0 298,1.0 301,1.0 302,1.0 306,4.0 314,2.0 315,1.0 317,1.0 319,1.0 407,1.0 447,1.0 449,1.0 
3,1.0 5,1.0 14,2.0 35,1.0 36,2.0 39,1.0 54,1.0 61,1.0 63,1.0 64,1.0 65,1.0 70,2.0 71,1.0 76,1.0 97,1.0 103,1.0 104,1.0 105,1.0 113,1.0 146,1.0 147,1.0 148,1.0 149,1.0 153,1.0 157,1.0 158,1.0 168,1.0 185,1.0 241,1.0 271,1.0 339,1.0 407,1.0 450,1.0 451,1.0 452,1.0 
5,1.0 8,1.0 33,1.0 61,1.0 62,1.0 64,1.0 65,1.0 230,1.0 
5,2.0 21,1.0 61,1.0 62,1.0 63,1.0 65,2.0 78,1.0 79,1.0 80,1.0 81,1.0 154,1.0 156,1.0 200,1.0 221,1.0 233,1.0 240,1.0 260,1.0 261,1.0 327,1.0 424,1.0 425,1.0 426,1.0 
5,1.0 61,1.0 62,1.0 63,1.0 64,1.0 154,1.0 156,1.0 197,1.0 233,1.0 270,1.0 303,1.0 
2,1.0 6,2.0 8,2.0 15,1.0 20,1.0 27,2.0 28,2.0 29,1.0 35,3.0 52,1.0 55,1.0 67,1.0 68,1.0 70,1.0 86,1.0 88,1.0 98,1.0 136,1.0 144,1.0 145,1.0 168,1.0 173,1.0 199,3.0 206,2.0 226,1.0 239,1.0 250,1.0 251,1.0 254,1.0 334,1.0 365,1.0 366,1.0 370,1.0 444,1.0 
15,1.0 20,1.0 30,1.0 33,1.0 35,1.0 41,1.0 45,1.0 47,1.0 50,1.0 66,1.0 68,1.0 69,1.0 70,1.0 73,1.0 84,1.0 94,1.0 104,1.0 105,1.0 117,2.0 126,1.0 143,1.0 171,1.0 172,1.0 173,1.0 174,1.0 176,2.0 185,1.0 199,1.0 202,1.0 227,1.0 242,1.0 257,1.0 307,1.0 312,1.0 
23,1.0 69,1.0 70,1.0 71,1.0 
3,1.0 6,2.0 8,1.0 18,1.0 23,1.0 33,4.0 36,1.0 60,1.0 61,4.0 70,3.0 71,1.0 72,1.0 73,2.0 75,1.0 88,1.0 102,1.0 103,2.0 123,1.0 136,1.0 145,1.0 147,2.0 162,1.0 175,1.0 176,1.0 178,1.0 185,3.0 222,1.0 225,1.0 227,1.0 228,2.0 229,2.0 249,2.0 253,1.0 309,1.0 315,1.0 317,1.0 319,1.0 320,1.0 337,1.0 
3,2.0 4,1.0 6,1.0 8,1.0 15,1.0 17,1.0 23,1.0 33,4.0 38,1.0 61,6.0 69,4.0 71,1.0 72,1.0 73,1.0 82,1.0 92,2.0 93,1.0 94,2.0 95,1.0 96,1.0 98,2.0 102,1.0 103,2.0 104,1.0 105,1.0 106,1.0 107,1.0 108,1.0 109,1.0 112,1.0 113,1.0 136,1.0 137,1.0 145,4.0 149,1.0 176,1.0 185,2.0 204,1.0 214,1.0 218,1.0 229,1.0 241,1.0 242,1.0 245,1.0 258,2.0 277,1.0 292,1.0 304,1.0 306,2.0 314,2.0 315,1.0 322,1.0 442,1.0 
8,1.0 23,1.0 33,1.0 61,1.0 62,1.0 69,1.0 70,2.0 72,1.0 97,1.0 146,1.0 147,1.0 148,1.0 149,1.0 
8,1.0 33,1.0 61,1.0 73,1.0 74,1.0 75,1.0 76,1.0 107,1.0 219,1.0 220,1.0 
6,1.0 33,2.0 37,1.0 38,1.0 52,1.0 61,5.0 69,2.0 74,1.0 75,2.0 76,2.0 77,1.0 95,1.0 97,1.0 100,1.0 102,1.0 103,1.0 106,3.0 113,1.0 123,1.0 141,4.0 142,1.0 143,1.0 147,1.0 153,2.0 160,1.0 163,2.0 168,1.0 176,2.0 178,1.0 185,5.0 214,1.0 216,1.0 218,1.0 226,2.0 228,2.0 229,1.0 230,1.0 232,1.0 233,1.0 234,3.0 235,1.0 240,1.0 241,2.0 246,1.0 247,1.0 248,1.0 249,1.0 251,1.0 253,1.0 271,1.0 276,1.0 277,1.0 278,1.0 286,1.0 306,2.0 307,1.0 331,1.0 337,1.0 339,3.0 340,2.0 344,1.0 346,1.0 406,1.0 411,1.0 456,1.0 462,2.0 465,1.0 
0,1.0 72,1.0 73,1.0 75,1.0 76,1.0 77,1.0 104,1.0 170,1.0 176,1.0 219,1.0 
37,1.0 60,1.0 73,1.0 74,1.0 76,1.0 77,1.0 123,1.0 140,1.0 176,1.0 178,1.0 253,1.0 453,1.0 
2,1.0 8,1.0 16,1.0 28,1.0 36,2.0 38,1.0 39,1.0 52,1.0 61,1.0 62,1.0 66,2.0 73,2.0 74,1.0 75,1.0 77,1.0 82,1.0 103,1.0 107,1.0 113,2.0 126,1.0 136,1.0 145,1.0 153,1.0 168,1.0 185,1.0 199,1.0 206,1.0 215,1.0 216,1.0 220,1.0 222,1.0 228,1.0 230,1.0 231,1.0 250,1.0 251,1.0 271,1.0 306,1.0 331,1.0 339,1.0 345,1.0 346,1.0 369,1.0 383,1.0 384,1.0 400,1.0 
64,1.0 78,1.0 79,1.0 80,1.0 82,1.0 
5,1.0 64,1.0 79,1.0 80,1.0 81,1.0 
5,1.0 64,1.0 78,1.0 80,1.0 81,1.0 
5,1.0 64,1.0 78,1.0 79,1.0 81,1.0 
5,1.0 77,1.0 
2,1.0 3,2.0 15,1.0 16,1.0 17,1.0 30,1.0 31,1.0 33,2.0 35,1.0 36,1.0 45,1.0 70,1.0 76,1.0 82,1.0 83,1.0 84,1.0 94,1.0 98,2.0 104,1.0 105,3.0 106,1.0 107,3.0 108,1.0 109,1.0 138,2.0 139,1.0 145,1.0 165,2.0 166,3.0 167,1.0 168,1.0 173,1.0 215,1.0 220,1.0 222,1.0 228,1.0 235,1.0 255,1.0 303,1.0 331,1.0 402,1.0 429,1.0 455,2.0 460,1.0 
3,1.0 31,1.0 84,1.0 85,1.0 
3,1.0 31,1.0 41,1.0 45,2.0 64,1.0 83,1.0 85,1.0 106,1.0 136,1.0 173,1.0 174,1.0 175,1.0 176,1.0 177,1.0 283,1.0 284,1.0 322,1.0 327,1.0 
86,1.0 
1,1.0 16,1.0 19,2.0 27,1.0 28,1.0 29,1.0 41,1.0 50,1.0 55,2.0 66,1.0 86,1.0 87,1.0 88,3.0 89,2.0 90,2.0 91,1.0 93,1.0 169,1.0 
0,1.0 6,1.0 28,1.0 35,1.0 39,1.0 40,1.0 88,2.0 89,1.0 94,1.0 104,2.0 107,1.0 138,1.0 144,1.0 146,1.0 197,1.0 238,1.0 249,1.0 286,1.0 304,1.0 305,1.0 306,1.0 311,1.0 400,1.0 401,1.0 
0,1.0 17,2.0 23,1.0 27,1.0 28,1.0 33,1.0 52,1.0 55,1.0 66,1.0 69,1.0 70,2.0 82,1.0 86,3.0 87,1.0 88,2.0 89,1.0 91,1.0 92,1.0 93,1.0 94,1.0 100,3.0 105,1.0 106,1.0 107,2.0 108,1.0 149,1.0 163,1.0 166,1.0 175,1.0 192,1.0 197,1.0 221,1.0 226,2.0 235,1.0 242,1.0 249,2.0 304,1.0 317,1.0 319,1.0 320,1.0 331,1.0 385,1.0 
16,1.0 28,1.0 29,1.0 61,1.0 87,1.0 88,2.0 169,1.0 170,1.0 
19,1.0 86,1.0 88,1.0 91,1.0 
88,2.0 132,1.0 133,1.0 134,1.0 135,1.0 136,1.0 
14,1.0 38,1.0 70,2.0 93,1.0 94,1.0 95,1.0 96,1.0 97,1.0 116,1.0 153,1.0 154,1.0 155,1.0 214,1.0 277,1.0 292,1.0 427,1.0 428,1.0 
0,1.0 1,1.0 16,1.0 47,1.0 50,1.0 52,1.0 55,1.0 70,1.0 88,2.0 92,1.0 94,2.0 95,1.0 96,1.0 97,1.0 98,1.0 99,1.0 100,1.0 101,1.0 107,2.0 127,1.0 149,3.0 161,1.0 196,1.0 329,1.0 330,1.0 407,1.0 
0,3.0 3,3.0 6,1.0 15,2.0 16,1.0 33,3.0 35,1.0 38,1.0 47,2.0 52,1.0 61,1.0 70,2.0 82,2.0 87,1.0 88,1.0 91,1.0 92,1.0 93,2.0 94,1.0 95,1.0 96,1.0 97,1.0 98,2.0 99,1.0 100,1.0 104,2.0 105,2.0 107,2.0 123,2.0 131,1.0 132,1.0 133,1.0 134,1.0 138,1.0 149,1.0 166,1.0 168,1.0 176,2.0 182,2.0 204,1.0 235,2.0 286,1.0 293,2.0 296,3.0 297,2.0 298,1.0 299,2.0 300,2.0 301,1.0 302,1.0 322,1.0 335,1.0 336,1.0 370,1.0 455,1.0 
0,1.0 17,1.0 33,1.0 39,1.0 73,1.0 93,1.0 94,1.0 96,1.0 97,1.0 98,1.0 99,1.0 104,1.0 113,1.0 156,1.0 166,1.0 234,1.0 235,1.0 243,1.0 271,1.0 406,1.0 411,1.0 429,1.0 454,1.0 
47,1.0 73,1.0 87,1.0 93,1.0 94,1.0 95,1.0 97,1.0 98,1.0 99,1.0 146,1.0 214,1.0 224,2.0 225,1.0 226,1.0 230,1.0 241,1.0 304,1.0 339,1.0 
14,1.0 17,1.0 39,1.0 41,1.0 52,3.0 54,1.0 61,3.0 62,2.0 70,1.0 71,1.0 73,1.0 76,2.0 88,1.0 92,1.0 93,1.0 94,1.0 98,1.0 99,1.0 100,2.0 106,2.0 113,1.0 116,1.0 123,1.0 145,1.0 146,1.0 147,1.0 148,1.0 149,2.0 153,1.0 154,1.0 155,1.0 176,1.0 185,4.0 187,1.0 216,1.0 218,1.0 224,2.0 226,1.0 244,1.0 286,1.0 288,1.0 306,1.0 339,1.0 391,1.0 407,1.0 
0,2.0 2,3.0 3,1.0 6,1.0 15,5.0 16,1.0 47,1.0 52,1.0 61,1.0 62,1.0 70,1.0 82,2.0 88,1.0 93,1.0 94,3.0 97,1.0 98,1.0 99,1.0 100,1.0 104,3.0 107,2.0 110,1.0 124,1.0 125,1.0 126,1.0 127,1.0 138,1.0 139,1.0 145,2.0 163,1.0 168,1.0 173,1.0 179,1.0 182,1.0 215,2.0 223,2.0 226,1.0 233,1.0 252,1.0 255,1.0 258,1.0 293,1.0 296,2.0 297,1.0 298,1.0 299,1.0 300,1.0 303,1.0 306,1.0 314,1.0 339,1.0 429,1.0 442,1.0 450,1.0 
36,1.0 46,1.0 52,1.0 60,1.0 73,1.0 88,1.0 93,1.0 94,1.0 97,1.0 98,1.0 100,1.0 117,1.0 118,1.0 153,1.0 339,1.0 420,1.0 
8,1.0 17,1.0 37,1.0 39,2.0 52,2.0 54,1.0 61,1.0 67,1.0 73,1.0 86,1.0 88,1.0 97,1.0 106,1.0 141,1.0 163,1.0 176,1.0 192,1.0 221,1.0 226,4.0 227,1.0 230,1.0 242,1.0 249,1.0 258,1.0 271,1.0 278,1.0 279,1.0 280,1.0 307,1.0 311,1.0 312,1.0 317,1.0 332,1.0 333,1.0 407,1.0 
102,1.0 
0,1.0 6,1.0 8,2.0 15,1.0 16,1.0 18,2.0 23,1.0 33,4.0 61,9.0 69,1.0 70,1.0 73,1.0 87,1.0 94,1.0 98,1.0 102,2.0 103,3.0 104,1.0 107,1.0 123,5.0 141,2.0 144,1.0 145,2.0 147,1.0 155,2.0 176,1.0 182,1.0 194,1.0 217,1.0 228,2.0 238,1.0 292,1.0 293,1.0 294,2.0 295,2.0 296,3.0 297,1.0 298,1.0 373,1.0 386,1.0 
3,2.0 6,1.0 18,1.0 23,1.0 33,1.0 36,1.0 61,7.0 69,4.0 70,4.0 73,2.0 88,1.0 102,3.0 103,1.0 104,2.0 105,1.0 136,1.0 137,1.0 142,1.0 145,5.0 147,3.0 160,1.0 163,3.0 168,1.0 185,2.0 222,1.0 225,1.0 227,1.0 228,1.0 229,1.0 232,1.0 249,1.0 308,1.0 346,1.0 
0,3.0 2,3.0 3,1.0 6,2.0 8,1.0 15,3.0 17,1.0 33,1.0 35,3.0 36,1.0 39,1.0 47,3.0 52,1.0 65,1.0 67,1.0 70,1.0 73,1.0 76,1.0 82,1.0 87,1.0 88,1.0 94,1.0 98,3.0 103,2.0 104,1.0 105,3.0 106,2.0 107,1.0 108,1.0 110,1.0 124,1.0 126,1.0 128,1.0 129,1.0 130,1.0 136,1.0 137,1.0 138,2.0 147,1.0 149,1.0 158,1.0 163,1.0 164,1.0 165,1.0 166,1.0 168,2.0 170,1.0 173,1.0 185,1.0 192,1.0 200,1.0 202,1.0 216,1.0 219,1.0 221,1.0 223,1.0 226,1.0 235,1.0 252,1.0 255,1.0 270,1.0 286,1.0 303,2.0 316,1.0 318,1.0 339,1.0 340,1.0 346,1.0 370,1.0 380,1.0 414,1.0 440,1.0 
3,1.0 14,1.0 15,1.0 17,1.0 36,1.0 39,1.0 62,1.0 70,2.0 73,1.0 82,2.0 88,1.0 94,1.0 104,2.0 106,2.0 107,2.0 108,1.0 110,1.0 124,1.0 136,1.0 145,1.0 157,1.0 158,2.0 166,1.0 176,1.0 192,1.0 204,1.0 220,1.0 322,1.0 334,1.0 339,1.0 340,1.0 346,1.0 402,1.0 411,1.0 455,1.0 
17,2.0 38,1.0 39,2.0 54,1.0 61,1.0 70,1.0 73,3.0 82,1.0 94,1.0 97,2.0 100,1.0 106,3.0 107,1.0 108,1.0 109,1.0 123,1.0 130,1.0 131,1.0 136,2.0 141,1.0 145,6.0 148,1.0 153,1.0 175,1.0 176,2.0 177,1.0 178,3.0 179,4.0 180,2.0 181,1.0 185,2.0 187,1.0 192,1.0 216,1.0 234,1.0 249,1.0 264,1.0 271,1.0 276,1.0 277,1.0 340,1.0 407,1.0 462,3.0 465,1.0 
0,3.0 2,2.0 3,3.0 6,1.0 12,1.0 14,1.0 17,2.0 33,2.0 41,1.0 47,4.0 59,1.0 61,1.0 66,1.0 69,1.0 70,1.0 76,1.0 82,1.0 86,1.0 87,2.0 88,3.0 89,1.0 93,1.0 94,2.0 104,3.0 106,1.0 107,1.0 108,1.0 109,1.0 123,2.0 144,1.0 149,3.0 161,1.0 162,1.0 163,1.0 164,1.0 165,1.0 167,2.0 168,3.0 173,1.0 175,1.0 176,1.0 182,1.0 196,1.0 197,1.0 215,1.0 218,1.0 220,2.0 221,2.0 222,1.0 238,1.0 249,2.0 250,1.0 286,1.0 293,1.0 296,1.0 297,1.0 299,1.0 300,1.0 301,1.0 302,1.0 304,1.0 306,1.0 319,1.0 320,1.0 402,1.0 414,1.0 440,1.0 
4,1.0 10,1.0 12,1.0 17,1.0 41,1.0 47,1.0 49,1.0 70,2.0 82,1.0 104,1.0 106,1.0 107,2.0 109,1.0 110,1.0 111,2.0 149,1.0 159,1.0 162,1.0 168,1.0 185,1.0 221,1.0 226,1.0 228,1.0 285,1.0 286,1.0 309,1.0 389,1.0 
108,1.0 110,1.0 111,1.0 
4,1.0 8,1.0 61,1.0 70,1.0 102,1.0 104,1.0 108,1.0 111,1.0 176,1.0 183,1.0 226,1.0 334,1.0 370,1.0 405,1.0 
3,1.0 4,2.0 19,1.0 49,1.0 55,1.0 70,1.0 108,1.0 110,1.0 117,1.0 139,1.0 140,1.0 141,1.0 142,1.0 159,1.0 163,1.0 199,1.0 285,1.0 286,1.0 287,1.0 
113,1.0 114,1.0 
1,1.0 38,1.0 39,1.0 62,1.0 73,1.0 76,2.0 95,1.0 99,1.0 112,1.0 114,1.0 115,1.0 116,1.0 117,1.0 153,1.0 192,1.0 216,1.0 230,1.0 231,1.0 237,1.0 271,1.0 339,1.0 369,1.0 406,1.0 411,1.0 
113,1.0 115,1.0 116,1.0 
99,1.0 113,1.0 116,1.0 117,1.0 126,1.0 145,1.0 197,1.0 
14,1.0 92,1.0 97,1.0 99,1.0 113,1.0 115,1.0 117,1.0 153,1.0 154,1.0 155,1.0 
30,1.0 41,1.0 45,1.0 46,1.0 55,1.0 67,1.0 84,1.0 99,1.0 118,1.0 171,1.0 172,1.0 173,1.0 174,1.0 218,1.0 225,1.0 287,1.0 319,1.0 338,1.0 445,1.0 
1,1.0 30,1.0 31,1.0 46,1.0 118,1.0 119,1.0 120,1.0 121,1.0 122,1.0 
1,1.0 3,1.0 30,1.0 31,1.0 33,1.0 61,1.0 120,1.0 121,1.0 122,1.0 123,1.0 
1,1.0 3,1.0 30,1.0 31,1.0 33,1.0 61,1.0 119,1.0 121,1.0 122,1.0 123,1.0 
1,1.0 3,1.0 30,1.0 31,1.0 33,1.0 61,1.0 119,1.0 120,1.0 122,1.0 123,1.0 
1,1.0 3,1.0 27,2.0 30,1.0 31,1.0 32,1.0 33,1.0 45,1.0 61,1.0 119,1.0 120,1.0 121,1.0 123,1.0 173,1.0 233,1.0 240,1.0 253,1.0 257,1.0 446,1.0 
0,1.0 3,2.0 15,4.0 16,1.0 33,9.0 39,2.0 61,9.0 75,1.0 88,1.0 94,1.0 95,1.0 96,1.0 97,1.0 98,1.0 102,5.0 106,1.0 123,4.0 124,1.0 140,1.0 141,2.0 155,2.0 163,1.0 166,1.0 173,1.0 176,2.0 178,1.0 182,2.0 187,1.0 214,1.0 216,3.0 224,1.0 234,1.0 235,2.0 243,1.0 253,1.0 271,1.0 292,1.0 293,1.0 294,2.0 295,2.0 296,3.0 297,2.0 298,1.0 301,1.0 302,1.0 336,1.0 
37,1.0 39,1.0 98,2.0 104,1.0 105,1.0 106,1.0 125,1.0 179,1.0 185,1.0 186,1.0 192,1.0 223,1.0 339,1.0 
0,1.0 98,1.0 126,1.0 127,1.0 
0,1.0 15,1.0 17,1.0 36,1.0 37,1.0 67,2.0 73,1.0 100,1.0 104,1.0 127,1.0 176,1.0 257,1.0 368,1.0 397,1.0 398,1.0 417,1.0 418,1.0 
0,1.0 16,1.0 17,1.0 126,1.0 149,2.0 168,1.0 177,1.0 179,1.0 329,1.0 330,2.0 
104,1.0 106,1.0 129,1.0 130,1.0 326,1.0 
104,1.0 106,1.0 128,1.0 130,1.0 
94,1.0 106,1.0 131,1.0 
91,1.0 94,1.0 132,1.0 133,1.0 134,1.0 
91,1.0 133,1.0 134,1.0 135,1.0 136,2.0 185,1.0 217,1.0 218,1.0 412,1.0 
91,1.0 132,1.0 134,1.0 135,1.0 136,1.0 
91,1.0 132,1.0 133,1.0 135,1.0 136,1.0 
136,1.0 137,1.0 
3,1.0 6,1.0 28,1.0 33,1.0 38,1.0 54,2.0 61,2.0 66,1.0 69,1.0 70,1.0 73,3.0 76,1.0 103,2.0 104,2.0 105,1.0 106,2.0 135,1.0 136,1.0 137,1.0 139,2.0 145,3.0 147,1.0 148,1.0 158,1.0 160,1.0 175,1.0 176,1.0 177,1.0 178,1.0 199,1.0 206,1.0 219,1.0 226,1.0 228,2.0 229,1.0 249,1.0 268,2.0 285,1.0 289,1.0 318,1.0 339,1.0 340,1.0 346,1.0 347,2.0 348,2.0 349,2.0 350,1.0 462,1.0 463,1.0 
16,1.0 30,1.0 45,1.0 60,1.0 61,1.0 82,1.0 141,1.0 
6,1.0 9,1.0 27,1.0 28,1.0 32,1.0 35,1.0 49,1.0 52,1.0 53,1.0 61,2.0 73,1.0 82,1.0 98,1.0 104,1.0 139,1.0 170,1.0 173,1.0 202,1.0 215,1.0 216,1.0 219,1.0 223,1.0 228,1.0 238,1.0 239,1.0 249,1.0 288,1.0 316,1.0 344,1.0 429,2.0 460,1.0 
3,1.0 4,1.0 82,1.0 111,1.0 136,1.0 138,1.0 140,1.0 141,1.0 142,1.0 173,1.0 215,1.0 268,1.0 347,1.0 348,1.0 349,1.0 350,1.0 429,1.0 460,1.0 
0,1.0 17,1.0 35,1.0 36,1.0 53,1.0 141,1.0 142,1.0 254,1.0 
0,1.0 17,1.0 33,2.0 35,1.0 36,2.0 60,1.0 61,4.0 99,1.0 102,2.0 110,1.0 123,2.0 140,1.0 142,1.0 147,1.0 155,1.0 163,1.0 185,2.0 226,2.0 231,1.0 232,1.0 233,1.0 235,1.0 237,1.0 240,1.0 242,1.0 294,1.0 295,1.0 296,1.0 344,1.0 361,1.0 420,1.0 462,2.0 
0,1.0 17,1.0 32,1.0 35,1.0 36,1.0 38,1.0 61,2.0 73,1.0 97,1.0 106,1.0 140,1.0 141,3.0 168,1.0 176,1.0 232,2.0 240,1.0 257,1.0 271,1.0 306,1.0 340,1.0 397,1.0 462,1.0 464,1.0 465,1.0 
31,1.0 41,1.0 45,1.0 142,1.0 144,1.0 203,1.0 204,1.0 240,1.0 278,1.0 307,1.0 429,1.0 
6,1.0 15,1.0 35,1.0 41,1.0 66,1.0 70,1.0 87,1.0 98,1.0 107,1.0 145,2.0 238,1.0 249,1.0 304,1.0 306,1.0 
3,1.0 6,1.0 8,1.0 9,1.0 15,2.0 23,1.0 33,3.0 39,1.0 41,1.0 47,1.0 52,1.0 61,6.0 62,1.0 69,2.0 70,4.0 71,1.0 73,1.0 97,2.0 98,2.0 102,3.0 103,5.0 105,1.0 106,5.0 115,1.0 126,1.0 136,1.0 138,1.0 145,4.0 146,1.0 147,2.0 148,1.0 163,2.0 178,1.0 179,4.0 180,2.0 181,1.0 185,2.0 216,2.0 220,1.0 221,1.0 224,1.0 228,2.0 229,2.0 233,1.0 235,1.0 236,1.0 240,1.0 249,1.0 255,1.0 258,1.0 306,1.0 309,1.0 314,1.0 331,1.0 339,1.0 343,1.0 411,1.0 442,1.0 
35,1.0 40,1.0 50,1.0 62,1.0 67,1.0 70,1.0 71,1.0 87,1.0 97,1.0 132,1.0 147,1.0 148,1.0 149,1.0 175,1.0 176,1.0 199,1.0 206,1.0 216,1.0 224,1.0 232,1.0 249,1.0 305,1.0 
15,1.0 18,1.0 23,1.0 39,1.0 53,1.0 60,1.0 62,1.0 70,1.0 71,1.0 73,1.0 76,1.0 97,1.0 98,1.0 102,1.0 136,1.0 138,1.0 146,1.0 147,1.0 148,1.0 149,1.0 163,1.0 185,3.0 214,1.0 215,1.0 223,1.0 226,1.0 228,6.0 232,1.0 240,1.0 249,1.0 309,1.0 400,1.0 429,1.0 
38,1.0 62,1.0 70,1.0 71,1.0 97,1.0 136,1.0 146,1.0 147,1.0 149,1.0 307,1.0 462,1.0 463,1.0 
0,2.0 8,1.0 16,1.0 33,1.0 38,1.0 47,3.0 70,1.0 88,2.0 93,1.0 94,1.0 97,1.0 104,2.0 107,3.0 108,2.0 127,1.0 149,3.0 151,1.0 168,5.0 177,2.0 179,2.0 196,1.0 197,1.0 221,1.0 329,1.0 330,3.0 370,1.0 391,1.0 
33,1.0 149,1.0 
2,1.0 8,1.0 152,1.0 
2,2.0 
14,1.0 39,1.0 73,2.0 92,1.0 97,1.0 106,1.0 116,1.0 141,2.0 154,1.0 155,1.0 185,2.0 226,1.0 235,1.0 240,1.0 271,1.0 339,3.0 340,1.0 462,1.0 
2,1.0 9,1.0 14,1.0 47,1.0 65,1.0 92,1.0 97,1.0 116,1.0 153,1.0 155,1.0 156,2.0 197,1.0 306,1.0 331,1.0 
2,1.0 14,1.0 33,1.0 61,2.0 102,2.0 123,2.0 141,1.0 154,1.0 294,1.0 295,1.0 296,1.0 
9,1.0 36,1.0 38,1.0 62,1.0 65,1.0 105,1.0 154,1.0 157,1.0 158,1.0 197,1.0 430,1.0 
14,1.0 36,1.0 62,1.0 105,1.0 158,1.0 
14,1.0 36,1.0 62,1.0 73,1.0 104,1.0 105,2.0 136,1.0 157,1.0 339,1.0 340,1.0 346,1.0 
14,1.0 49,1.0 50,1.0 59,1.0 107,1.0 111,1.0 117,1.0 160,1.0 161,1.0 285,1.0 286,1.0 287,1.0 
14,1.0 16,1.0 17,1.0 47,1.0 50,1.0 59,1.0 61,2.0 73,1.0 103,1.0 107,1.0 142,1.0 159,1.0 161,1.0 168,1.0 232,1.0 266,1.0 319,1.0 
6,1.0 14,1.0 16,1.0 59,1.0 93,1.0 107,1.0 127,1.0 149,1.0 233,1.0 329,1.0 330,1.0 
2,1.0 12,1.0 61,1.0 104,1.0 107,1.0 163,1.0 175,1.0 228,1.0 252,1.0 449,1.0 
2,1.0 15,1.0 16,1.0 19,1.0 23,1.0 33,1.0 35,1.0 36,1.0 55,1.0 61,1.0 62,1.0 69,1.0 70,1.0 76,1.0 88,1.0 98,1.0 100,1.0 102,1.0 103,3.0 104,1.0 111,1.0 141,1.0 145,3.0 163,1.0 164,1.0 165,1.0 166,2.0 168,1.0 199,1.0 221,1.0 226,2.0 228,1.0 229,3.0 232,1.0 235,1.0 240,1.0 249,1.0 308,1.0 309,1.0 344,1.0 345,1.0 361,1.0 450,1.0 
15,1.0 35,1.0 41,1.0 47,2.0 86,1.0 107,2.0 164,1.0 165,1.0 166,1.0 167,2.0 168,2.0 363,1.0 412,1.0 
0,1.0 15,1.0 33,1.0 35,2.0 47,1.0 82,2.0 87,1.0 94,1.0 104,1.0 105,1.0 107,3.0 164,2.0 166,2.0 167,2.0 168,2.0 218,1.0 286,1.0 
0,4.0 3,1.0 15,1.0 17,1.0 33,3.0 35,2.0 47,2.0 82,3.0 88,1.0 93,1.0 94,2.0 100,1.0 105,1.0 107,4.0 149,1.0 163,1.0 164,2.0 165,2.0 167,2.0 168,2.0 194,1.0 195,1.0 196,1.0 206,1.0 221,1.0 226,1.0 235,2.0 249,1.0 335,1.0 402,1.0 454,1.0 455,1.0 
33,1.0 41,1.0 47,1.0 69,1.0 86,1.0 88,1.0 102,1.0 107,2.0 164,1.0 168,2.0 175,1.0 217,1.0 249,1.0 319,1.0 320,1.0 
2,1.0 8,1.0 33,1.0 35,1.0 38,2.0 41,1.0 47,3.0 61,1.0 62,1.0 66,1.0 69,1.0 82,1.0 86,1.0 88,1.0 94,1.0 104,2.0 107,2.0 108,2.0 142,1.0 149,4.0 164,1.0 165,1.0 166,1.0 167,2.0 168,1.0 170,1.0 175,1.0 176,1.0 177,1.0 179,2.0 221,1.0 232,1.0 249,1.0 250,1.0 254,1.0 317,1.0 319,1.0 320,1.0 330,1.0 370,1.0 407,1.0 447,1.0 450,1.0 451,1.0 452,1.0 
16,1.0 28,1.0 29,1.0 89,1.0 124,1.0 170,1.0 183,1.0 184,1.0 185,1.0 186,1.0 
23,1.0 30,1.0 52,1.0 67,1.0 72,1.0 74,1.0 88,1.0 104,1.0 117,1.0 136,1.0 171,1.0 172,1.0 176,1.0 179,1.0 219,2.0 266,1.0 316,1.0 378,1.0 379,1.0 414,1.0 
30,2.0 41,1.0 45,1.0 50,1.0 67,1.0 84,1.0 97,1.0 106,1.0 117,1.0 123,1.0 172,1.0 173,1.0 174,1.0 187,1.0 216,1.0 448,1.0 
30,1.0 41,1.0 45,1.0 67,1.0 84,1.0 117,1.0 171,1.0 173,1.0 174,1.0 
27,1.0 40,1.0 41,1.0 45,2.0 66,1.0 82,1.0 84,1.0 104,1.0 106,1.0 122,1.0 123,2.0 136,1.0 138,1.0 139,1.0 147,1.0 174,1.0 175,1.0 176,1.0 177,1.0 194,2.0 202,1.0 215,1.0 216,1.0 223,1.0 239,1.0 253,1.0 267,1.0 334,1.0 365,1.0 366,1.0 367,1.0 404,1.0 405,1.0 429,1.0 446,1.0 460,1.0 
41,1.0 45,1.0 84,1.0 106,1.0 136,1.0 173,1.0 175,1.0 176,1.0 177,1.0 
69,1.0 88,1.0 98,1.0 106,2.0 132,1.0 136,1.0 145,1.0 146,1.0 163,1.0 176,1.0 177,1.0 178,1.0 216,1.0 249,1.0 317,1.0 319,1.0 320,1.0 
3,1.0 8,1.0 33,1.0 37,1.0 38,1.0 39,1.0 50,1.0 61,3.0 67,1.0 70,2.0 72,1.0 73,2.0 74,1.0 75,1.0 87,1.0 94,2.0 95,1.0 97,1.0 100,1.0 102,1.0 105,2.0 106,3.0 107,1.0 123,2.0 136,1.0 140,1.0 141,1.0 144,1.0 145,1.0 163,1.0 170,1.0 175,1.0 176,1.0 177,1.0 178,3.0 182,1.0 185,1.0 199,1.0 204,1.0 219,1.0 224,1.0 226,1.0 234,1.0 238,1.0 243,1.0 244,1.0 253,1.0 264,1.0 271,1.0 297,1.0 301,1.0 302,1.0 306,1.0 322,1.0 
28,1.0 47,1.0 104,1.0 106,2.0 108,1.0 136,1.0 145,1.0 149,2.0 168,2.0 169,1.0 175,1.0 176,1.0 178,1.0 179,1.0 182,1.0 183,2.0 184,1.0 330,1.0 
75,1.0 106,3.0 123,1.0 140,1.0 145,2.0 176,2.0 179,1.0 253,1.0 264,1.0 
23,1.0 47,1.0 88,1.0 98,1.0 104,1.0 106,3.0 108,1.0 124,1.0 145,3.0 149,2.0 168,2.0 170,1.0 177,1.0 179,1.0 180,2.0 181,1.0 223,1.0 330,1.0 339,1.0 
106,1.0 145,1.0 179,1.0 181,1.0 
177,1.0 182,1.0 183,1.0 
0,1.0 3,2.0 15,1.0 16,1.0 28,1.0 33,1.0 39,1.0 47,1.0 61,1.0 94,2.0 95,1.0 98,1.0 107,1.0 123,1.0 169,1.0 176,1.0 177,1.0 183,2.0 184,1.0 234,1.0 243,1.0 271,1.0 293,1.0 296,2.0 297,2.0 298,1.0 299,1.0 300,1.0 301,1.0 302,1.0 
28,2.0 124,1.0 169,2.0 177,1.0 182,1.0 183,1.0 184,2.0 185,1.0 186,1.0 214,1.0 405,1.0 
28,1.0 124,1.0 169,1.0 183,1.0 185,1.0 186,1.0 
3,2.0 6,1.0 33,1.0 36,2.0 37,1.0 41,1.0 45,1.0 51,1.0 60,3.0 62,1.0 69,3.0 70,2.0 73,1.0 74,1.0 76,1.0 97,2.0 99,1.0 103,2.0 104,2.0 105,1.0 108,1.0 113,1.0 124,1.0 136,1.0 137,1.0 141,2.0 142,1.0 147,6.0 158,1.0 163,1.0 170,1.0 176,2.0 185,2.0 186,1.0 214,1.0 217,1.0 218,1.0 224,1.0 226,2.0 228,5.0 229,2.0 232,2.0 233,1.0 235,1.0 238,1.0 239,1.0 240,3.0 244,1.0 245,1.0 288,1.0 304,1.0 306,1.0 337,1.0 339,1.0 343,1.0 346,1.0 420,1.0 462,2.0 
37,1.0 124,1.0 185,1.0 
17,1.0 39,1.0 97,1.0 106,1.0 123,1.0 188,1.0 216,1.0 
189,1.0 190,1.0 191,1.0 357,1.0 393,1.0 
21,1.0 190,1.0 191,1.0 192,1.0 193,1.0 
21,1.0 189,1.0 191,1.0 192,1.0 193,1.0 
21,1.0 189,1.0 190,1.0 192,1.0 193,1.0 
0,1.0 1,1.0 21,1.0 38,1.0 39,1.0 100,1.0 106,1.0 136,1.0 148,1.0 166,1.0 193,1.0 194,1.0 195,1.0 226,1.0 278,1.0 279,1.0 280,1.0 322,1.0 462,1.0 
0,1.0 21,1.0 166,1.0 192,1.0 194,1.0 195,1.0 
0,1.0 27,1.0 45,1.0 47,1.0 93,1.0 107,1.0 149,1.0 166,1.0 173,1.0 195,1.0 196,1.0 267,1.0 367,2.0 403,1.0 405,1.0 406,1.0 
0,1.0 47,1.0 93,1.0 107,1.0 149,1.0 166,1.0 194,1.0 196,1.0 
0,1.0 47,1.0 88,1.0 93,1.0 107,2.0 149,2.0 
17,1.0 39,1.0 82,1.0 141,1.0 165,1.0 198,1.0 226,1.0 234,1.0 311,1.0 
17,1.0 19,1.0 97,1.0 111,1.0 149,1.0 163,1.0 420,1.0 
6,1.0 28,1.0 33,1.0 35,1.0 39,1.0 40,1.0 50,1.0 52,1.0 55,1.0 66,2.0 67,1.0 70,1.0 94,2.0 105,1.0 136,1.0 149,1.0 168,1.0 176,2.0 200,1.0 201,1.0 206,1.0 226,1.0 239,1.0 265,1.0 370,1.0 
0,1.0 21,1.0 33,1.0 35,1.0 36,1.0 47,1.0 64,1.0 67,1.0 100,1.0 201,1.0 202,1.0 226,1.0 332,1.0 424,1.0 425,1.0 426,1.0 
33,1.0 35,1.0 47,1.0 67,1.0 200,1.0 202,1.0 
35,1.0 47,1.0 67,1.0 104,1.0 136,1.0 143,1.0 147,1.0 173,1.0 223,1.0 239,1.0 288,1.0 
3,1.0 31,1.0 38,1.0 45,1.0 204,1.0 205,1.0 306,1.0 404,1.0 
31,1.0 38,1.0 45,1.0 203,1.0 205,1.0 322,1.0 323,1.0 
38,1.0 136,1.0 
0,2.0 28,1.0 35,2.0 50,1.0 52,1.0 66,3.0 67,1.0 76,1.0 94,1.0 136,1.0 146,1.0 166,1.0 176,1.0 199,4.0 226,1.0 335,1.0 370,1.0 444,1.0 
2,1.0 9,1.0 208,1.0 209,1.0 210,1.0 
2,1.0 9,1.0 209,1.0 210,1.0 211,1.0 
2,1.0 9,1.0 208,1.0 210,1.0 211,1.0 
2,1.0 9,1.0 208,1.0 209,1.0 211,1.0 
2,1.0 8,1.0 27,1.0 28,1.0 29,1.0 66,1.0 
1,1.0 2,1.0 6,1.0 19,1.0 20,1.0 
6,1.0 10,1.0 11,1.0 12,1.0 13,1.0 62,1.0 
28,1.0 38,1.0 45,1.0 47,1.0 73,1.0 96,1.0 126,1.0 147,1.0 161,1.0 185,1.0 215,1.0 224,1.0 225,1.0 226,2.0 228,1.0 230,1.0 232,2.0 238,1.0 239,1.0 240,1.0 241,2.0 250,1.0 253,1.0 277,1.0 304,1.0 309,1.0 344,1.0 397,1.0 404,1.0 
8,1.0 39,1.0 52,1.0 82,1.0 100,1.0 107,1.0 123,1.0 138,1.0 139,1.0 146,1.0 173,2.0 175,1.0 216,1.0 256,1.0 271,1.0 371,1.0 429,1.0 460,1.0 
8,1.0 9,1.0 33,1.0 38,1.0 39,2.0 73,1.0 76,1.0 96,1.0 97,1.0 100,1.0 106,1.0 113,1.0 123,2.0 132,1.0 138,2.0 142,1.0 146,1.0 175,1.0 187,1.0 202,1.0 214,2.0 215,1.0 218,1.0 221,1.0 224,1.0 226,1.0 230,1.0 237,1.0 239,1.0 241,1.0 249,1.0 255,1.0 288,1.0 304,1.0 306,1.0 309,1.0 311,1.0 344,1.0 
74,1.0 102,1.0 170,1.0 176,1.0 185,1.0 194,1.0 218,1.0 
0,1.0 52,1.0 55,1.0 61,2.0 70,1.0 74,1.0 87,1.0 94,1.0 97,1.0 98,1.0 104,1.0 107,1.0 117,1.0 145,2.0 165,1.0 170,1.0 176,1.0 185,1.0 217,1.0 224,1.0 258,2.0 286,2.0 306,1.0 309,1.0 314,2.0 319,1.0 338,1.0 399,1.0 402,1.0 
52,1.0 72,1.0 104,1.0 107,1.0 136,2.0 170,1.0 220,1.0 254,1.0 316,1.0 318,1.0 
15,1.0 36,1.0 76,1.0 82,1.0 105,1.0 107,2.0 145,2.0 221,2.0 222,2.0 228,1.0 331,1.0 411,1.0 
16,1.0 33,1.0 39,1.0 47,1.0 61,1.0 67,1.0 69,1.0 100,2.0 103,2.0 141,1.0 154,1.0 198,1.0 216,1.0 222,1.0 225,1.0 226,2.0 227,1.0 230,1.0 240,1.0 242,1.0 243,1.0 249,1.0 255,1.0 306,1.0 307,1.0 311,1.0 312,1.0 418,1.0 420,1.0 
36,1.0 61,1.0 76,1.0 82,1.0 103,1.0 145,1.0 214,1.0 220,1.0 221,1.0 225,1.0 226,1.0 227,1.0 228,2.0 230,1.0 249,1.0 250,1.0 331,1.0 
15,1.0 17,1.0 61,1.0 98,2.0 107,1.0 147,1.0 215,1.0 219,1.0 361,1.0 362,1.0 
9,1.0 47,2.0 52,1.0 87,1.0 96,2.0 138,1.0 145,2.0 146,2.0 214,1.0 216,1.0 225,1.0 226,1.0 232,1.0 249,2.0 304,2.0 433,1.0 434,1.0 
18,1.0 47,1.0 69,2.0 103,1.0 185,1.0 214,1.0 221,1.0 222,1.0 226,2.0 227,2.0 229,1.0 230,1.0 249,1.0 250,1.0 
8,2.0 16,1.0 33,1.0 37,1.0 47,1.0 60,1.0 61,2.0 67,1.0 70,1.0 73,1.0 75,1.0 94,1.0 97,1.0 100,3.0 102,1.0 103,1.0 108,1.0 110,1.0 136,1.0 138,1.0 141,2.0 147,1.0 149,1.0 160,1.0 163,1.0 168,1.0 176,1.0 185,2.0 192,1.0 199,1.0 216,1.0 221,1.0 225,2.0 226,1.0 227,2.0 228,3.0 229,2.0 230,1.0 231,1.0 239,1.0 240,1.0 241,1.0 242,1.0 243,1.0 249,2.0 261,1.0 278,1.0 279,1.0 280,1.0 307,2.0 310,1.0 311,1.0 312,2.0 313,1.0 314,1.0 328,1.0 332,1.0 333,1.0 339,1.0 340,1.0 344,2.0 353,1.0 361,1.0 370,1.0 374,1.0 453,1.0 
33,1.0 67,1.0 69,1.0 73,1.0 185,1.0 214,1.0 222,2.0 225,1.0 230,1.0 242,1.0 249,1.0 250,1.0 307,1.0 312,1.0 
8,1.0 9,1.0 60,1.0 61,4.0 69,1.0 73,3.0 102,2.0 103,1.0 136,1.0 145,2.0 147,6.0 160,1.0 162,1.0 163,2.0 175,1.0 185,4.0 214,1.0 221,1.0 226,3.0 228,1.0 229,1.0 232,1.0 240,1.0 241,1.0 249,2.0 309,3.0 331,1.0 343,1.0 429,1.0 449,2.0 461,1.0 
33,1.0 41,1.0 60,1.0 69,2.0 73,1.0 97,1.0 145,2.0 147,2.0 163,2.0 185,4.0 226,1.0 228,2.0 230,1.0 231,1.0 309,1.0 331,1.0 339,1.0 
8,1.0 33,1.0 39,1.0 63,1.0 73,1.0 76,1.0 96,1.0 100,1.0 113,1.0 161,1.0 214,1.0 221,1.0 225,1.0 231,2.0 232,1.0 241,1.0 248,1.0 250,1.0 258,1.0 311,1.0 339,1.0 369,1.0 
38,1.0 76,1.0 113,2.0 216,1.0 230,2.0 232,1.0 369,1.0 
38,1.0 61,2.0 62,1.0 73,1.0 97,2.0 104,1.0 105,1.0 124,1.0 142,2.0 168,1.0 176,2.0 185,1.0 197,1.0 233,4.0 241,2.0 244,1.0 247,2.0 252,1.0 306,1.0 
3,1.0 35,1.0 61,2.0 66,1.0 69,1.0 70,1.0 73,2.0 96,1.0 103,1.0 104,1.0 105,1.0 106,1.0 107,1.0 124,1.0 145,1.0 153,1.0 165,1.0 215,1.0 218,1.0 224,1.0 232,1.0 234,1.0 240,1.0 262,1.0 263,1.0 304,1.0 
33,1.0 39,1.0 63,1.0 70,1.0 88,1.0 92,1.0 95,1.0 104,1.0 143,1.0 145,1.0 230,1.0 235,2.0 242,1.0 243,1.0 249,1.0 254,1.0 255,2.0 263,1.0 271,1.0 277,2.0 292,1.0 338,1.0 341,1.0 342,1.0 360,1.0 
15,2.0 33,5.0 39,1.0 67,1.0 82,2.0 88,2.0 94,1.0 100,1.0 104,1.0 105,1.0 123,1.0 126,1.0 141,1.0 145,1.0 163,2.0 166,3.0 185,1.0 221,1.0 226,1.0 232,1.0 233,1.0 235,1.0 236,1.0 240,1.0 249,1.0 336,1.0 455,1.0 
33,1.0 39,1.0 61,1.0 102,1.0 123,1.0 237,1.0 291,1.0 292,1.0 293,1.0 
45,1.0 185,1.0 214,1.0 238,1.0 397,1.0 466,1.0 
28,1.0 32,1.0 45,1.0 49,1.0 87,1.0 107,1.0 138,1.0 144,1.0 185,1.0 214,1.0 226,1.0 239,1.0 240,1.0 249,1.0 304,1.0 306,1.0 390,1.0 391,1.0 429,1.0 
39,1.0 40,1.0 66,1.0 70,1.0 136,1.0 173,1.0 199,1.0 202,1.0 226,1.0 240,1.0 241,1.0 265,1.0 266,1.0 267,1.0 268,1.0 269,1.0 270,1.0 288,1.0 334,1.0 365,1.0 366,1.0 
27,1.0 32,1.0 35,2.0 70,1.0 73,1.0 122,1.0 141,2.0 142,1.0 163,1.0 185,1.0 226,1.0 232,3.0 233,4.0 235,1.0 239,1.0 240,2.0 241,1.0 243,1.0 245,2.0 246,1.0 247,1.0 257,1.0 262,1.0 263,1.0 462,1.0 
62,1.0 70,1.0 73,2.0 141,1.0 197,1.0 214,1.0 226,1.0 232,1.0 242,1.0 339,1.0 344,1.0 
33,1.0 67,1.0 69,1.0 73,1.0 88,1.0 100,1.0 185,2.0 192,1.0 226,1.0 227,1.0 229,1.0 307,2.0 312,1.0 
33,1.0 39,1.0 95,1.0 104,1.0 226,1.0 232,1.0 234,1.0 235,1.0 240,1.0 261,1.0 271,1.0 310,1.0 311,1.0 312,1.0 313,1.0 
97,1.0 176,1.0 185,1.0 224,1.0 
35,1.0 73,1.0 136,1.0 219,1.0 240,1.0 246,1.0 247,1.0 249,1.0 256,1.0 290,1.0 344,1.0 
73,1.0 230,1.0 247,1.0 248,1.0 
73,1.0 102,1.0 145,1.0 226,1.0 228,1.0 230,1.0 243,1.0 246,1.0 248,1.0 261,1.0 
221,1.0 225,1.0 230,1.0 
9,1.0 17,1.0 61,1.0 67,1.0 69,1.0 73,2.0 88,2.0 100,1.0 103,1.0 136,2.0 138,1.0 146,1.0 160,1.0 175,1.0 202,1.0 214,1.0 216,1.0 219,1.0 221,1.0 222,1.0 224,1.0 225,1.0 226,2.0 227,2.0 228,1.0 230,1.0 232,1.0 234,1.0 239,1.0 240,1.0 242,2.0 245,1.0 250,1.0 271,1.0 277,1.0 288,1.0 304,1.0 306,1.0 307,1.0 312,1.0 317,1.0 319,1.0 320,1.0 421,1.0 456,1.0 
2,1.0 66,1.0 161,1.0 168,1.0 214,1.0 230,1.0 232,1.0 254,1.0 
38,1.0 61,1.0 146,1.0 216,1.0 224,1.0 226,1.0 249,1.0 306,1.0 
23,1.0 70,1.0 98,1.0 103,1.0 124,1.0 145,1.0 163,1.0 179,1.0 185,1.0 304,1.0 306,1.0 339,1.0 
16,1.0 17,1.0 47,1.0 75,1.0 123,1.0 126,1.0 140,1.0 160,1.0 176,1.0 178,1.0 354,1.0 358,1.0 372,1.0 417,1.0 
27,1.0 35,1.0 45,1.0 53,1.0 66,2.0 122,1.0 173,1.0 199,1.0 206,2.0 228,1.0 263,1.0 370,1.0 444,1.0 446,1.0 
2,1.0 15,1.0 33,1.0 39,1.0 70,1.0 82,1.0 92,1.0 98,2.0 100,1.0 104,1.0 143,1.0 216,1.0 221,1.0 230,1.0 234,2.0 256,1.0 292,1.0 303,1.0 311,1.0 341,1.0 342,1.0 360,1.0 
249,1.0 253,1.0 257,1.0 258,1.0 259,1.0 290,1.0 354,1.0 371,1.0 
27,1.0 32,2.0 64,1.0 67,1.0 73,1.0 106,1.0 117,1.0 122,1.0 142,1.0 233,1.0 240,1.0 258,1.0 259,1.0 260,1.0 261,1.0 271,1.0 340,1.0 397,1.0 464,1.0 465,1.0 
27,1.0 32,1.0 61,1.0 64,1.0 70,1.0 98,2.0 122,1.0 145,2.0 218,1.0 233,1.0 240,1.0 250,1.0 257,2.0 258,1.0 259,1.0 260,1.0 261,1.0 306,2.0 314,3.0 
64,1.0 257,1.0 258,1.0 260,1.0 261,1.0 
19,1.0 21,1.0 64,1.0 233,1.0 240,1.0 261,1.0 336,1.0 367,1.0 368,1.0 418,1.0 419,1.0 438,1.0 439,1.0 
64,1.0 226,1.0 233,1.0 240,1.0 243,1.0 260,1.0 310,1.0 311,1.0 312,1.0 313,1.0 
106,1.0 176,1.0 178,1.0 263,1.0 
106,1.0 176,1.0 178,1.0 228,1.0 254,1.0 262,1.0 
40,1.0 199,1.0 239,1.0 
39,1.0 239,1.0 265,1.0 266,1.0 
35,1.0 61,1.0 146,1.0 168,1.0 206,1.0 239,1.0 267,1.0 268,1.0 269,1.0 270,1.0 304,1.0 317,1.0 319,1.0 321,1.0 414,1.0 447,1.0 
6,1.0 35,1.0 36,1.0 245,1.0 249,1.0 268,1.0 269,1.0 270,1.0 271,1.0 272,1.0 273,1.0 274,1.0 399,1.0 
0,1.0 73,1.0 106,1.0 136,1.0 139,1.0 166,1.0 206,1.0 267,1.0 269,1.0 270,1.0 271,1.0 272,1.0 273,1.0 274,1.0 275,1.0 276,1.0 347,1.0 348,1.0 349,1.0 350,1.0 
267,1.0 268,1.0 270,1.0 271,1.0 272,1.0 273,1.0 274,1.0 
65,1.0 233,1.0 267,1.0 268,1.0 269,1.0 271,1.0 272,1.0 273,1.0 274,1.0 303,1.0 
33,1.0 39,3.0 52,1.0 73,1.0 95,1.0 100,1.0 104,1.0 106,1.0 153,1.0 185,1.0 226,1.0 234,1.0 235,1.0 236,1.0 243,1.0 268,1.0 272,1.0 273,1.0 274,1.0 275,1.0 291,1.0 317,1.0 339,2.0 340,2.0 462,1.0 465,1.0 
268,1.0 271,1.0 273,1.0 274,1.0 275,1.0 
268,1.0 271,1.0 272,1.0 274,1.0 275,1.0 
268,1.0 271,1.0 272,1.0 273,1.0 275,1.0 
73,1.0 106,1.0 268,1.0 276,1.0 
73,1.0 106,1.0 234,1.0 249,1.0 277,1.0 
6,1.0 38,1.0 88,1.0 214,1.0 232,1.0 234,2.0 242,1.0 249,1.0 338,1.0 457,1.0 
16,1.0 142,1.0 143,1.0 240,1.0 279,1.0 280,1.0 281,1.0 282,1.0 307,1.0 
16,1.0 278,1.0 280,1.0 281,1.0 282,1.0 
16,1.0 278,1.0 279,1.0 281,1.0 282,1.0 
16,1.0 45,1.0 84,1.0 282,1.0 283,1.0 
12,1.0 15,1.0 16,1.0 45,1.0 84,1.0 105,1.0 145,1.0 220,1.0 281,1.0 283,1.0 402,1.0 408,1.0 409,1.0 410,1.0 
45,1.0 84,1.0 284,1.0 
108,1.0 
2,1.0 49,1.0 54,1.0 111,1.0 117,1.0 132,1.0 159,1.0 286,1.0 287,1.0 355,1.0 356,1.0 357,1.0 412,1.0 436,1.0 
0,1.0 6,1.0 35,1.0 49,1.0 52,1.0 61,2.0 70,1.0 87,1.0 94,1.0 97,1.0 104,2.0 111,1.0 117,1.0 138,1.0 145,1.0 159,1.0 218,2.0 224,1.0 258,1.0 285,1.0 287,1.0 314,1.0 
117,1.0 225,1.0 
3,1.0 136,1.0 185,1.0 202,1.0 239,1.0 
2,1.0 136,2.0 139,1.0 245,1.0 268,1.0 347,1.0 348,1.0 349,1.0 
249,1.0 256,1.0 
33,1.0 61,1.0 102,1.0 123,1.0 236,1.0 292,1.0 293,1.0 
33,1.0 38,1.0 61,2.0 70,1.0 92,1.0 102,2.0 123,2.0 141,1.0 155,1.0 214,1.0 277,1.0 293,1.0 294,1.0 
3,2.0 33,2.0 47,1.0 61,3.0 94,1.0 102,2.0 107,1.0 123,3.0 141,1.0 155,1.0 176,1.0 182,1.0 292,1.0 294,1.0 296,1.0 297,1.0 299,1.0 300,1.0 301,1.0 302,1.0 
33,1.0 61,2.0 102,2.0 123,2.0 141,1.0 155,1.0 295,1.0 296,1.0 
0,1.0 15,1.0 16,1.0 33,1.0 61,1.0 94,1.0 98,1.0 102,1.0 123,1.0 182,1.0 296,2.0 297,1.0 298,1.0 
0,2.0 3,3.0 15,2.0 16,2.0 33,2.0 47,2.0 61,2.0 94,4.0 98,2.0 102,1.0 107,2.0 123,2.0 176,1.0 182,3.0 293,2.0 295,1.0 296,2.0 297,3.0 298,2.0 299,2.0 300,2.0 301,1.0 302,1.0 
0,1.0 3,2.0 15,1.0 16,1.0 33,1.0 39,1.0 47,1.0 61,1.0 94,2.0 95,1.0 98,1.0 107,1.0 123,1.0 176,1.0 182,2.0 234,1.0 243,1.0 271,1.0 293,1.0 296,2.0 298,1.0 299,1.0 300,1.0 301,1.0 302,1.0 
0,1.0 3,1.0 15,1.0 16,1.0 47,1.0 94,2.0 98,1.0 107,1.0 182,1.0 293,1.0 296,2.0 297,1.0 299,1.0 300,1.0 
3,2.0 33,1.0 47,1.0 61,1.0 94,1.0 107,1.0 123,1.0 176,1.0 182,1.0 293,1.0 296,1.0 297,1.0 300,1.0 301,1.0 302,1.0 
3,2.0 33,1.0 47,1.0 61,1.0 94,1.0 107,1.0 123,1.0 176,1.0 182,1.0 293,1.0 296,1.0 297,1.0 299,1.0 301,1.0 302,1.0 
3,1.0 33,1.0 39,1.0 61,1.0 95,1.0 123,1.0 176,1.0 182,1.0 234,1.0 243,1.0 271,1.0 297,1.0 302,1.0 
3,1.0 33,1.0 39,1.0 61,1.0 95,1.0 123,1.0 176,1.0 182,1.0 234,1.0 243,1.0 271,1.0 297,1.0 301,1.0 
2,1.0 15,1.0 65,1.0 82,1.0 98,2.0 104,1.0 233,1.0 255,1.0 270,1.0 
70,1.0 87,1.0 96,1.0 102,1.0 142,1.0 146,1.0 185,1.0 214,1.0 216,1.0 224,1.0 240,1.0 245,1.0 249,1.0 253,1.0 306,3.0 386,1.0 415,1.0 434,1.0 435,1.0 
40,1.0 216,1.0 304,1.0 306,1.0 
3,1.0 38,1.0 47,1.0 52,1.0 61,3.0 70,1.0 73,2.0 76,1.0 97,2.0 98,1.0 142,1.0 145,1.0 147,1.0 154,1.0 185,1.0 216,2.0 218,1.0 226,1.0 233,1.0 240,1.0 245,1.0 249,1.0 251,1.0 258,1.0 286,1.0 304,3.0 314,1.0 331,1.0 
33,1.0 52,1.0 67,1.0 69,1.0 73,1.0 142,1.0 143,1.0 185,1.0 225,2.0 226,1.0 227,1.0 240,1.0 242,1.0 278,1.0 312,1.0 
103,1.0 163,2.0 229,1.0 
9,1.0 23,1.0 147,1.0 214,1.0 218,1.0 228,2.0 232,2.0 241,1.0 258,1.0 399,1.0 402,1.0 449,1.0 461,1.0 
286,1.0 311,1.0 312,1.0 313,1.0 
39,2.0 82,1.0 100,1.0 165,1.0 197,1.0 230,1.0 258,1.0 286,1.0 310,1.0 312,1.0 313,1.0 
33,1.0 67,1.0 69,1.0 73,1.0 185,1.0 227,1.0 242,1.0 286,1.0 307,1.0 310,1.0 311,1.0 313,1.0 
286,1.0 310,1.0 311,1.0 312,1.0 
16,1.0 61,1.0 70,1.0 93,1.0 98,2.0 145,2.0 161,1.0 218,1.0 233,1.0 258,3.0 306,2.0 314,1.0 328,1.0 
226,1.0 307,1.0 
15,1.0 35,1.0 52,1.0 66,1.0 136,1.0 144,1.0 170,1.0 219,1.0 400,1.0 441,1.0 
6,1.0 35,1.0 36,1.0 168,1.0 170,1.0 179,1.0 266,1.0 267,1.0 321,1.0 447,1.0 
8,1.0 104,1.0 168,1.0 
6,1.0 61,1.0 69,1.0 88,1.0 168,1.0 175,1.0 249,1.0 266,1.0 317,2.0 320,1.0 338,1.0 447,1.0 
69,1.0 88,1.0 175,1.0 249,1.0 317,1.0 319,1.0 
35,1.0 146,1.0 206,1.0 266,1.0 
64,1.0 84,1.0 115,1.0 204,1.0 277,1.0 323,1.0 327,1.0 459,1.0 
324,1.0 
325,1.0 
128,1.0 
84,1.0 322,1.0 
64,1.0 65,1.0 154,1.0 156,1.0 
16,1.0 93,1.0 161,1.0 314,1.0 
16,1.0 127,1.0 149,2.0 168,1.0 177,1.0 179,1.0 330,2.0 
16,1.0 47,1.0 104,1.0 108,1.0 127,1.0 149,4.0 168,3.0 177,2.0 179,2.0 329,1.0 330,1.0 
17,1.0 30,1.0 50,1.0 74,1.0 108,1.0 145,1.0 171,1.0 185,1.0 228,1.0 343,1.0 448,1.0 
8,1.0 100,1.0 226,1.0 333,1.0 
8,1.0 334,1.0 
66,1.0 104,1.0 110,1.0 173,1.0 239,1.0 268,1.0 365,1.0 366,1.0 370,1.0 
0,1.0 15,1.0 33,1.0 94,1.0 123,1.0 235,1.0 336,1.0 
15,1.0 19,1.0 21,1.0 33,2.0 88,1.0 123,1.0 163,1.0 166,1.0 235,2.0 260,1.0 367,1.0 368,1.0 
6,1.0 55,1.0 117,1.0 218,1.0 
6,1.0 63,1.0 230,1.0 234,1.0 319,1.0 
37,1.0 39,1.0 41,1.0 62,1.0 73,3.0 76,1.0 97,1.0 98,1.0 113,1.0 124,1.0 141,2.0 143,1.0 153,2.0 179,1.0 185,2.0 223,1.0 226,3.0 235,1.0 240,1.0 241,1.0 271,1.0 278,1.0 307,1.0 339,1.0 340,3.0 346,1.0 
37,1.0 73,2.0 106,1.0 143,1.0 185,1.0 226,1.0 271,1.0 278,1.0 307,1.0 339,2.0 346,1.0 462,1.0 465,1.0 
70,1.0 92,1.0 234,1.0 255,1.0 292,1.0 342,1.0 
70,1.0 92,1.0 234,1.0 255,1.0 292,1.0 341,1.0 
142,1.0 185,1.0 232,1.0 
61,1.0 73,2.0 136,1.0 138,1.0 185,1.0 228,1.0 289,1.0 361,1.0 423,1.0 
16,1.0 36,1.0 76,1.0 103,1.0 185,1.0 346,1.0 
36,1.0 69,1.0 73,1.0 103,1.0 143,1.0 185,1.0 278,1.0 307,1.0 339,1.0 340,1.0 
136,1.0 139,1.0 268,1.0 348,1.0 349,1.0 350,1.0 
136,1.0 139,1.0 268,1.0 347,1.0 349,1.0 350,1.0 
136,1.0 139,1.0 268,1.0 347,1.0 348,1.0 350,1.0 
47,1.0 54,1.0 64,1.0 
47,1.0 104,1.0 352,1.0 353,1.0 354,1.0 443,1.0 
351,1.0 353,2.0 354,1.0 421,1.0 422,1.0 
108,1.0 115,1.0 145,1.0 354,1.0 374,1.0 375,1.0 421,1.0 
108,1.0 253,1.0 353,1.0 358,1.0 372,1.0 
2,1.0 285,1.0 356,1.0 357,1.0 
2,1.0 285,1.0 355,1.0 357,1.0 
2,1.0 358,1.0 380,1.0 393,1.0 
359,1.0 372,1.0 373,1.0 
2,1.0 360,1.0 
2,1.0 143,1.0 223,1.0 234,1.0 255,1.0 361,1.0 
17,1.0 223,1.0 344,1.0 362,1.0 423,1.0 
17,1.0 363,1.0 
364,1.0 412,1.0 413,1.0 
66,1.0 173,1.0 239,1.0 334,1.0 365,1.0 
66,1.0 173,1.0 239,1.0 334,1.0 366,1.0 
367,1.0 
19,1.0 21,1.0 27,1.0 40,1.0 45,1.0 76,1.0 113,1.0 173,2.0 194,1.0 230,1.0 231,1.0 260,1.0 267,1.0 336,1.0 368,1.0 403,1.0 404,1.0 
36,1.0 76,1.0 113,1.0 230,1.0 231,1.0 367,1.0 418,1.0 419,1.0 
87,1.0 
38,1.0 66,1.0 76,1.0 94,1.0 104,1.0 149,1.0 168,1.0 199,1.0 206,1.0 216,1.0 226,1.0 444,1.0 
88,1.0 253,1.0 256,1.0 354,1.0 385,1.0 
358,1.0 373,1.0 
23,1.0 226,1.0 374,1.0 387,1.0 388,1.0 
226,1.0 353,1.0 375,1.0 376,1.0 
374,1.0 376,1.0 
377,1.0 
28,1.0 
104,1.0 170,1.0 379,1.0 
104,1.0 170,1.0 378,1.0 
381,1.0 382,1.0 394,1.0 395,1.0 
76,1.0 382,1.0 383,1.0 
76,1.0 381,1.0 383,1.0 
76,1.0 384,1.0 
371,1.0 
88,1.0 304,1.0 
23,1.0 102,1.0 373,1.0 
388,1.0 389,1.0 
387,1.0 389,1.0 
164,1.0 238,1.0 390,1.0 
238,1.0 391,1.0 
8,1.0 249,1.0 392,1.0 421,1.0 
8,1.0 188,1.0 
357,1.0 380,1.0 
395,1.0 396,1.0 
394,1.0 396,1.0 
214,1.0 
32,1.0 73,1.0 106,1.0 126,1.0 142,1.0 232,1.0 257,1.0 271,1.0 340,1.0 398,1.0 464,1.0 465,1.0 
399,1.0 
87,1.0 167,1.0 173,1.0 194,1.0 367,1.0 400,1.0 402,1.0 
15,1.0 35,1.0 66,1.0 76,1.0 87,1.0 126,1.0 144,1.0 316,1.0 401,1.0 441,1.0 
216,1.0 
3,1.0 12,1.0 15,1.0 89,1.0 105,1.0 107,1.0 145,1.0 173,1.0 194,1.0 220,1.0 282,1.0 367,1.0 399,1.0 408,1.0 409,1.0 410,1.0 
27,1.0 40,1.0 45,1.0 173,1.0 367,1.0 404,1.0 
3,1.0 28,1.0 40,1.0 54,1.0 173,1.0 194,1.0 203,1.0 306,1.0 405,1.0 
183,1.0 194,1.0 214,1.0 406,1.0 
17,1.0 54,1.0 61,1.0 93,1.0 97,1.0 100,1.0 106,1.0 
12,1.0 47,1.0 104,1.0 107,1.0 282,1.0 350,1.0 402,1.0 408,1.0 409,1.0 410,1.0 451,1.0 452,1.0 
12,1.0 15,1.0 105,1.0 145,1.0 220,1.0 282,1.0 402,1.0 409,1.0 410,1.0 
12,1.0 15,1.0 105,1.0 145,1.0 220,1.0 282,1.0 402,1.0 408,1.0 410,1.0 
12,1.0 15,1.0 105,1.0 145,1.0 220,1.0 282,1.0 402,1.0 408,1.0 409,1.0 
73,2.0 95,1.0 113,1.0 229,1.0 406,1.0 
132,1.0 136,1.0 363,1.0 413,1.0 
2,1.0 
15,1.0 17,1.0 203,1.0 266,1.0 304,1.0 316,1.0 400,1.0 404,1.0 440,1.0 441,1.0 
23,1.0 
214,1.0 304,1.0 
36,1.0 126,1.0 368,1.0 418,1.0 
16,1.0 36,1.0 73,1.0 95,1.0 113,1.0 198,1.0 221,1.0 368,1.0 411,1.0 419,1.0 420,1.0 438,1.0 439,1.0 
16,1.0 221,1.0 260,1.0 418,2.0 438,1.0 439,1.0 
36,1.0 60,1.0 73,1.0 97,1.0 99,1.0 149,1.0 153,1.0 198,1.0 339,1.0 
17,1.0 115,1.0 145,1.0 249,1.0 353,1.0 
352,1.0 353,1.0 421,1.0 
21,1.0 64,1.0 200,1.0 424,1.0 425,1.0 
21,1.0 64,1.0 200,1.0 425,1.0 426,1.0 
21,1.0 64,1.0 200,1.0 424,1.0 426,1.0 
92,1.0 427,1.0 
92,1.0 428,1.0 
95,1.0 429,1.0 
9,1.0 32,1.0 49,1.0 76,1.0 82,1.0 95,1.0 107,1.0 138,1.0 139,1.0 156,1.0 173,1.0 215,1.0 228,1.0 260,1.0 309,1.0 419,1.0 449,1.0 460,1.0 
38,1.0 431,1.0 432,1.0 
148,1.0 432,1.0 
148,1.0 431,1.0 
224,1.0 304,1.0 434,1.0 
304,1.0 435,1.0 
285,1.0 
437,1.0 
136,1.0 
73,1.0 95,1.0 113,1.0 411,1.0 418,1.0 439,1.0 
73,1.0 95,1.0 113,1.0 411,1.0 418,1.0 438,1.0 
15,1.0 17,1.0 316,1.0 400,1.0 414,1.0 441,1.0 
15,1.0 35,1.0 66,1.0 144,1.0 316,1.0 400,1.0 
351,1.0 443,1.0 
47,1.0 104,1.0 351,1.0 
66,1.0 199,1.0 206,1.0 226,1.0 370,1.0 
28,1.0 138,1.0 238,1.0 
27,1.0 45,1.0 122,1.0 173,1.0 253,1.0 
168,1.0 170,1.0 179,1.0 317,1.0 
30,1.0 50,1.0 97,1.0 106,1.0 123,1.0 171,1.0 187,1.0 216,1.0 
9,1.0 61,1.0 162,1.0 175,1.0 228,2.0 309,1.0 461,1.0 
62,1.0 168,1.0 407,1.0 451,1.0 452,1.0 
350,1.0 407,1.0 452,1.0 
350,1.0 407,1.0 451,1.0 
37,1.0 60,1.0 75,1.0 
0,1.0 17,1.0 33,1.0 82,1.0 94,1.0 166,1.0 235,1.0 
3,1.0 82,1.0 105,1.0 107,1.0 166,1.0 402,1.0 
73,1.0 234,1.0 
6,1.0 458,1.0 
322,1.0 459,1.0 
277,1.0 322,1.0 
69,1.0 
2,1.0 32,1.0 98,1.0 104,1.0 142,1.0 257,1.0 397,1.0 464,1.0 
36,1.0 38,1.0 60,1.0 99,1.0 104,1.0 105,1.0 136,2.0 141,2.0 148,1.0 158,1.0 185,2.0 231,1.0 420,1.0 463,1.0 
461,1.0 
32,1.0 73,1.0 106,1.0 142,1.0 257,1.0 271,1.0 340,1.0 397,1.0 465,1.0 
73,1.0 106,1.0 185,1.0 271,1.0 340,1.0 462,1.0 
97,1.0 226,1.0 
