1,3.0 2,2.0 8,1.0 61,1.0 76,1.0 107,1.0 182,4.0 183,1.0 186,1.0 187,2.0 197,1.0 237,1.0 347,1.0 
2,2.0 56,1.0 187,1.0 407,1.0 
3,8.0 8,21.0 10,1.0 14,2.0 16,2.0 38,2.0 44,3.0 45,12.0 76,3.0 106,1.0 108,1.0 119,1.0 120,1.0 135,2.0 166,1.0 177,1.0 181,2.0 183,2.0 187,3.0 219,2.0 237,5.0 238,1.0 242,1.0 245,1.0 247,1.0 312,5.0 347,1.0 356,1.0 373,1.0 437,2.0 462,1.0 
4,1.0 9,3.0 14,1.0 116,1.0 184,10.0 229,1.0 238,10.0 
5,1.0 76,2.0 133,1.0 
6,2.0 131,1.0 132,2.0 133,2.0 241,1.0 247,1.0 412,1.0 
7,2.0 8,2.0 12,1.0 13,2.0 14,1.0 15,1.0 76,2.0 219,1.0 245,1.0 347,1.0 
8,2.0 347,1.0 
2,25.0 9,3.0 12,1.0 14,4.0 15,15.0 38,2.0 50,1.0 76,6.0 98,1.0 107,4.0 108,2.0 116,1.0 119,1.0 120,1.0 173,1.0 181,2.0 183,4.0 186,1.0 187,1.0 190,2.0 201,1.0 230,1.0 232,1.0 235,3.0 346,1.0 356,1.0 361,1.0 371,1.0 375,1.0 422,1.0 
2,2.0 3,4.0 10,3.0 15,1.0 44,1.0 99,2.0 103,1.0 180,1.0 181,1.0 235,4.0 237,2.0 239,3.0 244,1.0 247,1.0 312,5.0 314,1.0 344,5.0 346,1.0 
11,5.0 14,2.0 16,3.0 17,4.0 18,1.0 62,3.0 76,6.0 93,1.0 107,4.0 108,1.0 109,1.0 115,1.0 116,2.0 124,2.0 134,2.0 156,2.0 179,1.0 181,1.0 185,5.0 190,2.0 195,3.0 230,2.0 247,2.0 350,2.0 422,1.0 428,1.0 
12,2.0 14,1.0 134,2.0 135,1.0 136,1.0 222,1.0 247,1.0 414,1.0 
2,1.0 6,2.0 8,1.0 13,2.0 14,3.0 76,1.0 222,1.0 347,1.0 356,1.0 375,1.0 
6,1.0 8,1.0 14,2.0 15,1.0 76,1.0 238,1.0 347,1.0 
0,1.0 1,1.0 8,4.0 15,3.0 27,1.0 28,8.0 50,11.0 61,2.0 62,1.0 76,4.0 93,2.0 96,1.0 97,1.0 99,1.0 110,1.0 116,1.0 134,4.0 157,3.0 167,2.0 168,1.0 173,2.0 181,2.0 182,1.0 187,33.0 190,2.0 208,1.0 219,1.0 229,1.0 230,1.0 232,1.0 235,1.0 245,2.0 277,2.0 347,4.0 354,2.0 361,1.0 371,1.0 407,1.0 450,1.0 
2,2.0 8,1.0 9,12.0 16,3.0 17,3.0 50,1.0 76,3.0 97,2.0 100,2.0 101,1.0 108,1.0 109,1.0 177,1.0 181,1.0 187,2.0 237,1.0 247,1.0 312,1.0 356,5.0 422,1.0 
8,2.0 10,6.0 17,3.0 76,2.0 107,7.0 108,1.0 115,1.0 124,1.0 148,1.0 150,1.0 167,1.0 176,1.0 354,1.0 361,1.0 373,5.0 428,1.0 
10,7.0 14,1.0 16,3.0 18,3.0 62,1.0 76,4.0 108,2.0 109,1.0 134,2.0 135,2.0 136,2.0 181,2.0 190,2.0 195,2.0 196,2.0 247,3.0 346,1.0 422,1.0 432,1.0 433,1.0 
17,3.0 19,1.0 28,1.0 58,1.0 62,2.0 64,1.0 76,1.0 108,2.0 134,2.0 135,2.0 136,2.0 166,1.0 169,1.0 180,1.0 181,2.0 185,2.0 190,2.0 195,3.0 196,2.0 210,1.0 211,1.0 247,1.0 248,1.0 256,2.0 334,1.0 335,1.0 
20,3.0 69,1.0 70,1.0 76,3.0 140,4.0 141,1.0 
21,3.0 76,1.0 
22,1.0 23,1.0 24,1.0 69,2.0 70,2.0 76,1.0 402,1.0 
23,1.0 24,2.0 25,1.0 269,1.0 270,1.0 271,1.0 272,1.0 273,1.0 
22,1.0 24,1.0 25,1.0 63,1.0 64,2.0 65,1.0 66,1.0 67,1.0 68,1.0 108,1.0 208,1.0 422,1.0 423,1.0 
22,2.0 23,1.0 25,1.0 269,1.0 270,1.0 271,1.0 272,1.0 273,1.0 
25,2.0 26,38.0 28,5.0 76,7.0 
25,32.0 27,6.0 76,7.0 
14,7.0 28,1.0 29,1.0 30,1.0 31,1.0 61,1.0 62,2.0 71,5.0 72,4.0 73,4.0 76,5.0 105,1.0 136,1.0 219,2.0 230,1.0 248,1.0 306,1.0 403,1.0 
14,2.0 25,2.0 26,2.0 27,8.0 28,1.0 38,1.0 50,8.0 54,1.0 61,11.0 62,2.0 71,1.0 72,1.0 76,5.0 82,11.0 85,1.0 92,5.0 93,5.0 96,1.0 97,2.0 98,2.0 110,1.0 134,6.0 135,2.0 136,2.0 156,4.0 166,1.0 174,1.0 178,1.0 185,1.0 188,1.0 189,2.0 190,2.0 195,2.0 206,1.0 220,1.0 221,1.0 230,2.0 237,6.0 240,1.0 241,1.0 245,2.0 255,1.0 347,1.0 350,3.0 361,1.0 
30,3.0 31,2.0 32,1.0 33,1.0 34,1.0 35,1.0 58,1.0 59,1.0 69,1.0 73,1.0 108,1.0 282,1.0 288,1.0 
29,3.0 31,1.0 32,1.0 33,1.0 34,1.0 35,1.0 63,1.0 69,1.0 142,1.0 192,1.0 280,1.0 282,1.0 288,1.0 296,1.0 297,1.0 298,1.0 
29,2.0 30,1.0 32,1.0 33,1.0 34,1.0 35,1.0 58,1.0 59,1.0 
33,3.0 34,1.0 35,1.0 36,1.0 45,1.0 74,10.0 75,6.0 76,4.0 78,2.0 83,8.0 85,4.0 86,4.0 88,4.0 90,6.0 100,2.0 101,2.0 104,2.0 107,2.0 117,4.0 118,3.0 119,6.0 120,6.0 121,3.0 122,4.0 123,2.0 124,2.0 125,6.0 126,1.0 137,12.0 138,12.0 139,12.0 190,1.0 280,3.0 297,1.0 408,3.0 409,1.0 410,1.0 421,1.0 
32,3.0 34,1.0 35,5.0 36,1.0 67,3.0 68,2.0 74,4.0 75,8.0 90,6.0 107,8.0 117,6.0 118,3.0 119,6.0 120,6.0 121,5.0 137,8.0 138,8.0 139,8.0 199,1.0 280,2.0 296,2.0 353,3.0 360,3.0 362,1.0 408,3.0 
32,1.0 33,1.0 35,4.0 36,1.0 74,2.0 75,1.0 76,2.0 77,1.0 83,4.0 84,3.0 85,1.0 87,1.0 88,3.0 91,1.0 105,2.0 124,2.0 134,2.0 136,2.0 137,6.0 156,2.0 224,1.0 230,2.0 399,7.0 416,1.0 
32,1.0 33,5.0 34,4.0 36,1.0 75,4.0 83,1.0 88,1.0 105,2.0 124,2.0 134,2.0 136,2.0 137,4.0 138,4.0 139,4.0 156,2.0 230,2.0 399,1.0 416,1.0 
37,1.0 38,1.0 62,1.0 89,1.0 101,1.0 356,1.0 368,1.0 400,1.0 
38,1.0 
2,3.0 3,2.0 8,1.0 38,1.0 39,1.0 44,8.0 76,2.0 89,2.0 96,2.0 98,4.0 99,5.0 100,3.0 101,3.0 106,1.0 108,1.0 110,2.0 135,3.0 188,1.0 189,2.0 196,1.0 234,1.0 239,1.0 257,1.0 312,2.0 356,1.0 
40,1.0 103,1.0 318,1.0 
41,1.0 89,2.0 93,1.0 214,1.0 401,2.0 434,1.0 435,1.0 
42,1.0 96,1.0 401,1.0 
43,1.0 44,2.0 48,3.0 49,1.0 50,1.0 51,1.0 89,2.0 97,1.0 99,1.0 239,1.0 
44,1.0 
38,6.0 44,1.0 45,1.0 50,4.0 51,3.0 61,1.0 89,5.0 96,3.0 98,4.0 99,1.0 105,1.0 106,3.0 107,2.0 108,1.0 135,1.0 181,2.0 188,1.0 189,1.0 199,2.0 230,1.0 239,1.0 242,1.0 243,1.0 247,1.0 354,1.0 356,3.0 437,6.0 
44,5.0 45,4.0 46,1.0 76,2.0 96,1.0 183,2.0 235,1.0 246,1.0 312,2.0 329,1.0 356,2.0 
47,1.0 52,1.0 53,2.0 54,1.0 61,1.0 89,6.0 105,1.0 107,2.0 157,1.0 168,1.0 222,1.0 
48,1.0 
42,3.0 44,1.0 49,1.0 50,2.0 82,1.0 89,1.0 97,2.0 99,1.0 159,2.0 239,1.0 245,1.0 
42,1.0 44,1.0 50,1.0 51,1.0 89,1.0 
2,1.0 10,1.0 14,12.0 22,1.0 24,1.0 28,12.0 38,1.0 41,1.0 44,2.0 50,1.0 51,1.0 61,1.0 62,6.0 86,1.0 89,4.0 93,5.0 96,12.0 105,2.0 106,2.0 108,1.0 110,2.0 143,1.0 144,1.0 155,1.0 181,1.0 187,1.0 189,1.0 199,1.0 207,1.0 213,1.0 219,1.0 222,1.0 229,2.0 244,1.0 245,2.0 269,1.0 314,6.0 354,2.0 365,1.0 401,1.0 436,1.0 
38,1.0 44,1.0 50,5.0 51,1.0 52,1.0 61,2.0 62,2.0 76,2.0 89,2.0 93,1.0 99,1.0 100,3.0 101,3.0 135,1.0 177,1.0 181,2.0 199,1.0 312,1.0 349,1.0 356,2.0 
46,1.0 53,1.0 89,2.0 105,1.0 164,1.0 167,3.0 168,3.0 173,2.0 339,1.0 343,5.0 361,1.0 
46,3.0 89,4.0 222,1.0 247,1.0 
28,1.0 55,1.0 62,3.0 82,1.0 107,1.0 108,1.0 116,1.0 134,1.0 166,1.0 175,1.0 177,3.0 178,4.0 179,3.0 181,1.0 189,2.0 190,1.0 195,3.0 196,2.0 199,2.0 200,1.0 
56,1.0 70,1.0 71,1.0 73,1.0 82,1.0 89,2.0 145,1.0 245,1.0 387,1.0 390,1.0 
57,1.0 132,1.0 235,1.0 317,2.0 320,3.0 321,1.0 332,2.0 
29,1.0 31,1.0 58,1.0 
29,1.0 31,1.0 33,1.0 59,1.0 64,1.0 69,1.0 82,1.0 107,2.0 121,1.0 169,2.0 245,1.0 284,1.0 353,1.0 383,1.0 384,1.0 385,1.0 386,1.0 
50,1.0 60,12.0 89,4.0 142,9.0 
59,10.0 61,2.0 76,3.0 81,16.0 82,1.0 89,4.0 
8,1.0 14,2.0 23,1.0 27,1.0 28,10.0 46,1.0 50,5.0 63,1.0 64,1.0 89,3.0 92,1.0 105,1.0 107,1.0 124,1.0 157,1.0 168,1.0 170,1.0 173,1.0 174,1.0 183,1.0 190,2.0 222,1.0 245,2.0 247,1.0 277,1.0 291,1.0 314,2.0 338,1.0 341,1.0 347,1.0 450,1.0 
2,1.0 10,2.0 14,1.0 17,1.0 18,2.0 27,1.0 28,4.0 44,1.0 50,4.0 54,1.0 61,2.0 62,2.0 73,2.0 76,2.0 79,1.0 80,1.0 82,4.0 89,1.0 93,5.0 105,1.0 106,2.0 110,3.0 116,3.0 124,1.0 134,5.0 150,3.0 156,2.0 164,1.0 165,1.0 166,6.0 170,1.0 176,3.0 179,2.0 185,3.0 190,1.0 195,1.0 196,1.0 200,1.0 228,2.0 230,1.0 245,1.0 247,12.0 248,1.0 255,1.0 257,1.0 259,1.0 291,2.0 314,3.0 333,1.0 347,1.0 350,1.0 354,3.0 356,4.0 361,1.0 455,1.0 
23,1.0 30,1.0 64,2.0 65,1.0 66,1.0 67,1.0 68,1.0 142,1.0 170,1.0 191,1.0 192,1.0 289,1.0 293,1.0 
23,2.0 58,1.0 63,2.0 65,1.0 66,1.0 67,1.0 68,1.0 169,1.0 191,1.0 208,1.0 284,1.0 289,1.0 
19,1.0 34,1.0 35,1.0 45,1.0 66,1.0 67,1.0 68,1.0 74,2.0 75,1.0 83,2.0 84,1.0 100,2.0 101,2.0 104,2.0 108,2.0 117,1.0 121,1.0 157,2.0 233,2.0 279,1.0 280,1.0 281,1.0 399,1.0 416,1.0 
19,1.0 65,1.0 67,1.0 68,1.0 74,5.0 75,4.0 84,1.0 87,2.0 88,1.0 107,4.0 117,2.0 134,3.0 157,1.0 162,2.0 224,1.0 359,5.0 397,1.0 417,1.0 418,1.0 
19,1.0 33,3.0 65,1.0 66,1.0 68,3.0 90,2.0 107,1.0 116,1.0 117,2.0 118,2.0 119,2.0 120,2.0 121,1.0 124,1.0 134,1.0 150,1.0 199,1.0 296,1.0 354,1.0 362,1.0 
19,1.0 33,2.0 65,1.0 66,1.0 67,3.0 90,2.0 107,2.0 116,2.0 117,2.0 118,1.0 119,2.0 120,3.0 124,2.0 134,2.0 138,1.0 150,2.0 354,2.0 360,1.0 362,1.0 408,1.0 
25,5.0 29,1.0 30,1.0 33,1.0 58,1.0 70,6.0 76,1.0 82,1.0 107,2.0 121,1.0 140,1.0 142,1.0 169,1.0 245,1.0 288,1.0 353,1.0 383,1.0 387,1.0 388,1.0 389,1.0 
25,5.0 55,1.0 60,2.0 69,6.0 76,1.0 79,2.0 80,1.0 82,1.0 140,1.0 142,1.0 245,1.0 387,1.0 390,1.0 
27,1.0 32,1.0 59,1.0 72,4.0 73,5.0 74,2.0 75,2.0 76,2.0 89,1.0 105,1.0 106,1.0 134,2.0 135,2.0 136,3.0 145,1.0 230,1.0 278,1.0 359,1.0 361,1.0 
27,1.0 30,1.0 32,1.0 65,1.0 71,4.0 73,5.0 74,1.0 75,1.0 76,2.0 92,1.0 134,3.0 135,2.0 136,2.0 252,2.0 279,1.0 280,1.0 290,1.0 295,1.0 438,1.0 439,1.0 440,1.0 
29,1.0 30,1.0 32,1.0 59,1.0 65,2.0 71,5.0 72,5.0 74,3.0 75,2.0 79,1.0 80,1.0 83,2.0 84,1.0 89,1.0 105,1.0 108,1.0 134,2.0 135,2.0 136,3.0 145,1.0 156,1.0 230,2.0 290,1.0 291,1.0 295,1.0 359,1.0 
32,10.0 33,4.0 34,3.0 45,2.0 65,2.0 66,5.0 75,17.0 76,2.0 83,6.0 84,4.0 87,2.0 88,1.0 89,1.0 107,2.0 137,15.0 138,12.0 139,12.0 157,2.0 162,2.0 224,1.0 354,1.0 359,6.0 397,1.0 399,3.0 417,1.0 418,1.0 
32,6.0 33,8.0 34,2.0 35,4.0 45,1.0 65,1.0 66,4.0 74,17.0 76,2.0 84,1.0 87,2.0 88,1.0 137,14.0 138,12.0 139,12.0 157,2.0 162,2.0 224,1.0 359,5.0 397,1.0 399,2.0 417,1.0 418,1.0 
0,3.0 2,1.0 4,2.0 6,2.0 8,3.0 10,8.0 12,1.0 13,1.0 14,3.0 15,2.0 16,2.0 17,6.0 18,1.0 19,4.0 20,1.0 21,1.0 23,1.0 25,6.0 26,7.0 27,4.0 28,5.0 32,3.0 34,2.0 38,2.0 51,2.0 60,2.0 62,2.0 69,2.0 70,2.0 71,1.0 72,1.0 74,2.0 75,2.0 76,108.0 77,3.0 78,3.0 81,3.0 82,3.0 83,1.0 85,18.0 86,11.0 87,2.0 88,2.0 89,2.0 91,8.0 92,4.0 93,3.0 94,3.0 95,1.0 96,2.0 97,2.0 98,2.0 99,3.0 100,4.0 101,3.0 104,1.0 105,1.0 106,19.0 107,2.0 108,27.0 109,10.0 110,2.0 111,1.0 113,1.0 114,1.0 115,1.0 116,1.0 124,7.0 125,6.0 126,3.0 132,1.0 133,2.0 134,6.0 135,2.0 136,2.0 137,2.0 138,6.0 140,2.0 150,2.0 156,2.0 177,13.0 178,2.0 180,11.0 181,24.0 182,1.0 184,1.0 185,1.0 188,2.0 190,16.0 192,1.0 196,2.0 199,3.0 200,2.0 224,2.0 225,1.0 226,3.0 228,2.0 230,1.0 233,2.0 234,4.0 237,1.0 242,2.0 248,1.0 259,1.0 287,1.0 312,1.0 354,3.0 355,1.0 361,4.0 365,2.0 371,1.0 399,2.0 402,1.0 403,1.0 404,1.0 405,1.0 406,1.0 422,11.0 426,1.0 
76,1.0 78,2.0 79,1.0 82,1.0 92,1.0 227,1.0 391,1.0 404,1.0 
70,2.0 76,3.0 79,2.0 80,1.0 85,2.0 86,1.0 89,2.0 90,2.0 96,1.0 107,2.0 108,4.0 118,1.0 119,2.0 120,2.0 124,4.0 125,4.0 126,4.0 127,1.0 128,2.0 129,2.0 130,2.0 134,2.0 145,1.0 150,7.0 180,1.0 181,3.0 188,1.0 189,1.0 190,2.0 199,1.0 226,2.0 228,10.0 229,1.0 354,3.0 364,1.0 408,1.0 410,1.0 411,1.0 445,2.0 449,1.0 
60,2.0 65,1.0 70,2.0 73,1.0 74,1.0 77,1.0 80,3.0 82,1.0 83,1.0 84,1.0 92,1.0 105,1.0 166,1.0 189,1.0 391,1.0 465,2.0 
32,1.0 60,1.0 63,1.0 65,1.0 70,1.0 73,1.0 74,1.0 79,3.0 83,1.0 84,1.0 107,2.0 123,1.0 166,1.0 168,1.0 169,2.0 170,1.0 275,1.0 292,2.0 295,1.0 297,1.0 
60,14.0 62,2.0 76,3.0 
14,1.0 28,9.0 38,1.0 50,1.0 54,1.0 55,1.0 58,1.0 62,9.0 69,1.0 70,1.0 76,3.0 77,1.0 79,1.0 82,1.0 87,1.0 91,1.0 92,2.0 93,10.0 94,2.0 96,2.0 97,2.0 105,2.0 106,1.0 110,3.0 134,4.0 135,1.0 136,1.0 155,1.0 157,4.0 166,1.0 173,1.0 175,2.0 176,1.0 179,1.0 228,3.0 245,7.0 246,3.0 255,1.0 291,1.0 383,2.0 384,1.0 385,1.0 386,1.0 387,2.0 388,1.0 389,1.0 390,1.0 391,1.0 441,1.0 
32,8.0 34,4.0 35,1.0 45,1.0 65,2.0 66,1.0 74,7.0 75,1.0 76,2.0 84,3.0 85,5.0 86,4.0 87,1.0 88,9.0 91,1.0 125,4.0 134,4.0 137,11.0 138,8.0 139,8.0 224,1.0 359,1.0 399,4.0 416,1.0 421,2.0 
34,3.0 45,1.0 65,1.0 66,1.0 74,4.0 75,1.0 83,3.0 88,1.0 89,1.0 117,1.0 134,2.0 137,3.0 216,1.0 399,3.0 
8,1.0 14,1.0 19,4.0 34,1.0 76,16.0 77,1.0 78,2.0 85,10.0 86,25.0 87,2.0 88,2.0 91,15.0 92,2.0 97,1.0 108,2.0 124,2.0 125,9.0 134,2.0 137,5.0 138,4.0 139,4.0 157,2.0 181,1.0 188,1.0 189,1.0 190,5.0 199,2.0 224,4.0 226,2.0 227,2.0 228,2.0 234,1.0 399,1.0 
8,1.0 19,4.0 76,10.0 85,25.0 86,6.0 87,2.0 88,2.0 89,3.0 91,3.0 93,3.0 98,1.0 124,7.0 125,9.0 134,2.0 137,4.0 138,4.0 139,4.0 145,2.0 155,3.0 156,8.0 166,2.0 187,1.0 190,4.0 199,1.0 224,3.0 230,6.0 234,1.0 245,1.0 447,1.0 453,1.0 
34,1.0 66,2.0 74,2.0 75,2.0 76,2.0 78,1.0 82,1.0 83,1.0 85,1.0 88,9.0 89,1.0 91,1.0 94,2.0 95,1.0 106,2.0 126,2.0 134,2.0 137,1.0 157,6.0 158,2.0 160,1.0 162,3.0 163,1.0 176,1.0 209,1.0 224,1.0 359,2.0 392,1.0 393,1.0 394,1.0 399,1.0 
32,4.0 34,2.0 66,2.0 74,2.0 75,2.0 76,2.0 78,1.0 83,9.0 84,1.0 85,5.0 86,4.0 87,9.0 89,1.0 91,1.0 94,2.0 106,1.0 125,4.0 126,1.0 134,6.0 137,6.0 138,4.0 139,4.0 157,4.0 158,2.0 176,1.0 224,1.0 359,2.0 392,1.0 393,1.0 399,2.0 421,2.0 
36,1.0 38,1.0 40,2.0 42,2.0 44,4.0 46,6.0 48,1.0 49,1.0 50,2.0 51,1.0 52,2.0 53,4.0 55,2.0 59,4.0 60,4.0 61,2.0 62,1.0 65,1.0 71,2.0 73,2.0 76,3.0 86,2.0 89,38.0 90,1.0 96,1.0 97,1.0 101,12.0 104,11.0 106,8.0 108,8.0 117,1.0 121,1.0 122,1.0 145,3.0 155,2.0 156,2.0 170,1.0 174,2.0 177,5.0 178,1.0 181,7.0 188,1.0 189,3.0 193,3.0 194,1.0 209,1.0 225,1.0 227,1.0 233,3.0 255,1.0 291,1.0 364,1.0 366,1.0 400,1.0 401,2.0 442,2.0 
32,6.0 33,4.0 67,1.0 78,2.0 85,1.0 91,1.0 100,2.0 101,2.0 104,2.0 117,6.0 118,5.0 119,10.0 120,10.0 121,4.0 122,4.0 123,1.0 124,2.0 125,2.0 126,1.0 127,1.0 128,2.0 129,2.0 130,2.0 280,4.0 360,1.0 408,5.0 409,1.0 410,1.0 411,1.0 
34,1.0 76,8.0 77,1.0 85,15.0 86,3.0 91,4.0 92,2.0 96,1.0 125,3.0 126,2.0 137,1.0 157,2.0 188,3.0 190,3.0 224,4.0 245,1.0 346,1.0 399,1.0 
28,5.0 62,1.0 76,4.0 82,2.0 87,1.0 88,1.0 92,1.0 93,2.0 94,6.0 95,3.0 97,1.0 105,1.0 106,1.0 110,2.0 134,1.0 135,2.0 136,2.0 156,3.0 174,1.0 176,1.0 189,1.0 190,1.0 196,1.0 200,1.0 212,1.0 222,13.0 230,3.0 240,1.0 245,10.0 255,1.0 347,1.0 350,1.0 361,1.0 392,1.0 393,1.0 397,1.0 426,1.0 
10,1.0 14,1.0 28,5.0 44,1.0 50,1.0 61,1.0 62,3.0 76,3.0 82,14.0 86,3.0 92,3.0 93,1.0 94,3.0 96,3.0 105,3.0 106,1.0 110,2.0 116,1.0 135,1.0 136,3.0 156,2.0 157,4.0 165,1.0 166,11.0 171,1.0 176,2.0 179,1.0 195,1.0 208,1.0 226,1.0 227,1.0 228,3.0 230,4.0 239,1.0 244,1.0 245,21.0 247,1.0 253,1.0 278,1.0 328,1.0 346,1.0 350,2.0 462,1.0 
55,1.0 58,1.0 69,1.0 70,1.0 76,3.0 77,1.0 79,1.0 82,6.0 87,2.0 88,1.0 92,6.0 93,2.0 94,1.0 95,4.0 96,1.0 99,1.0 105,1.0 160,5.0 162,1.0 166,1.0 176,2.0 200,1.0 209,1.0 224,4.0 243,1.0 246,1.0 247,2.0 255,1.0 257,1.0 383,2.0 384,1.0 385,1.0 386,1.0 387,2.0 388,1.0 389,1.0 390,1.0 391,1.0 392,1.0 393,1.0 394,1.0 396,1.0 
50,2.0 76,1.0 82,1.0 87,1.0 93,1.0 94,3.0 105,1.0 160,1.0 162,1.0 209,1.0 245,1.0 247,2.0 248,2.0 394,1.0 
14,1.0 28,2.0 50,17.0 76,2.0 82,1.0 85,1.0 93,4.0 96,1.0 97,2.0 98,2.0 105,2.0 106,1.0 110,2.0 116,1.0 135,1.0 136,2.0 156,1.0 188,1.0 189,1.0 199,1.0 219,12.0 228,1.0 229,1.0 230,1.0 234,1.0 237,2.0 239,1.0 244,1.0 312,1.0 325,1.0 347,1.0 349,1.0 356,3.0 
28,1.0 38,2.0 54,1.0 76,2.0 82,2.0 86,1.0 89,2.0 96,8.0 97,1.0 98,2.0 99,1.0 105,1.0 106,1.0 113,1.0 135,1.0 136,1.0 155,1.0 166,1.0 173,1.0 175,1.0 177,1.0 179,1.0 187,12.0 189,1.0 199,2.0 208,2.0 219,18.0 234,1.0 236,1.0 238,1.0 242,1.0 301,1.0 314,2.0 
3,6.0 8,1.0 14,1.0 28,3.0 54,1.0 76,2.0 97,8.0 98,1.0 99,2.0 100,1.0 135,1.0 136,1.0 156,2.0 178,1.0 187,1.0 188,1.0 189,2.0 190,1.0 195,1.0 199,1.0 234,3.0 
8,2.0 38,7.0 44,2.0 76,3.0 89,1.0 92,1.0 97,1.0 99,1.0 100,3.0 101,2.0 105,2.0 106,3.0 177,1.0 189,1.0 312,3.0 322,1.0 437,2.0 
15,1.0 28,5.0 32,2.0 38,2.0 51,1.0 65,2.0 76,4.0 89,12.0 90,2.0 94,1.0 98,1.0 99,6.0 100,1.0 101,24.0 102,1.0 104,25.0 105,1.0 136,1.0 166,2.0 187,2.0 188,1.0 199,2.0 228,12.0 234,1.0 244,2.0 245,1.0 365,1.0 398,2.0 
15,1.0 32,2.0 38,1.0 51,6.0 65,2.0 76,4.0 89,2.0 90,2.0 100,51.0 101,1.0 104,50.0 106,1.0 108,2.0 234,1.0 398,2.0 
39,1.0 
2,2.0 9,1.0 50,1.0 98,5.0 104,3.0 187,2.0 239,2.0 
32,2.0 65,2.0 76,1.0 90,2.0 100,48.0 101,54.0 103,1.0 104,1.0 219,1.0 235,1.0 236,1.0 246,1.0 302,1.0 314,2.0 329,1.0 398,2.0 
44,1.0 52,1.0 62,1.0 71,2.0 73,1.0 74,1.0 75,1.0 76,1.0 79,1.0 80,1.0 92,1.0 93,2.0 94,2.0 96,1.0 101,1.0 105,3.0 106,14.0 107,5.0 108,1.0 109,1.0 110,31.0 116,16.0 124,1.0 134,6.0 135,2.0 136,12.0 146,2.0 147,1.0 148,1.0 150,1.0 155,7.0 156,10.0 157,5.0 160,3.0 166,1.0 168,7.0 173,4.0 174,5.0 176,1.0 185,1.0 189,9.0 190,2.0 195,4.0 199,1.0 210,1.0 229,14.0 230,9.0 245,1.0 255,7.0 278,1.0 343,1.0 350,4.0 354,6.0 359,1.0 365,1.0 368,1.0 369,1.0 376,1.0 454,2.0 465,1.0 
2,1.0 10,1.0 29,1.0 38,1.0 44,1.0 50,1.0 73,1.0 76,20.0 79,1.0 89,8.0 93,2.0 96,1.0 99,3.0 101,1.0 104,1.0 105,16.0 106,10.0 107,15.0 108,15.0 109,2.0 110,10.0 111,1.0 112,1.0 113,1.0 114,1.0 115,1.0 116,29.0 122,1.0 134,1.0 135,2.0 136,2.0 138,2.0 146,1.0 147,1.0 148,1.0 157,1.0 168,3.0 173,5.0 174,1.0 176,2.0 177,1.0 179,2.0 181,17.0 185,1.0 188,1.0 189,7.0 190,2.0 199,1.0 231,1.0 232,1.0 245,1.0 255,1.0 312,2.0 465,1.0 
0,1.0 8,3.0 10,7.0 12,2.0 16,2.0 32,2.0 33,8.0 44,2.0 46,2.0 58,2.0 66,4.0 67,1.0 69,2.0 74,2.0 76,2.0 78,2.0 80,2.0 106,15.0 107,96.0 108,6.0 109,2.0 110,7.0 111,1.0 112,1.0 113,1.0 114,1.0 115,1.0 116,40.0 117,2.0 120,4.0 121,7.0 123,2.0 124,7.0 125,1.0 134,44.0 135,2.0 136,2.0 145,2.0 148,3.0 150,11.0 156,4.0 157,8.0 164,8.0 166,1.0 168,1.0 169,2.0 173,16.0 175,3.0 176,2.0 179,2.0 181,12.0 183,4.0 185,7.0 189,3.0 190,28.0 191,1.0 195,7.0 197,1.0 220,4.0 225,1.0 226,2.0 228,3.0 230,3.0 231,1.0 246,2.0 247,1.0 271,2.0 292,2.0 295,2.0 296,5.0 297,2.0 350,6.0 351,4.0 352,4.0 353,7.0 354,23.0 355,2.0 356,2.0 357,2.0 358,1.0 359,2.0 360,2.0 361,2.0 362,4.0 374,3.0 375,5.0 466,2.0 467,2.0 
10,2.0 15,1.0 17,6.0 18,4.0 23,1.0 50,1.0 65,1.0 76,28.0 78,4.0 85,3.0 86,1.0 89,7.0 101,1.0 106,18.0 107,4.0 108,12.0 109,10.0 110,6.0 111,1.0 112,1.0 113,1.0 114,1.0 115,1.0 116,16.0 117,1.0 121,1.0 122,2.0 123,1.0 124,7.0 125,3.0 126,2.0 134,9.0 135,3.0 136,5.0 145,1.0 150,2.0 156,3.0 168,1.0 173,1.0 176,1.0 177,2.0 179,1.0 180,4.0 181,31.0 188,4.0 189,2.0 190,16.0 195,4.0 196,4.0 199,3.0 226,2.0 227,1.0 228,4.0 230,1.0 233,21.0 234,1.0 286,1.0 342,1.0 354,5.0 356,1.0 361,11.0 363,1.0 365,1.0 414,2.0 421,1.0 422,11.0 427,1.0 444,1.0 
33,2.0 67,1.0 68,2.0 76,8.0 106,2.0 107,2.0 108,10.0 110,2.0 111,1.0 112,1.0 113,1.0 114,1.0 115,1.0 117,2.0 122,1.0 123,1.0 134,1.0 354,1.0 360,1.0 412,2.0 414,1.0 421,1.0 422,7.0 444,1.0 
16,1.0 50,1.0 51,1.0 52,2.0 62,2.0 71,1.0 76,3.0 79,1.0 80,1.0 82,3.0 93,2.0 95,2.0 96,1.0 105,27.0 106,8.0 107,8.0 108,6.0 109,2.0 111,1.0 112,1.0 113,1.0 114,1.0 115,1.0 116,10.0 134,1.0 136,3.0 146,1.0 150,10.0 155,6.0 156,10.0 157,1.0 164,5.0 166,1.0 168,5.0 176,1.0 181,2.0 188,2.0 189,2.0 190,2.0 199,2.0 228,15.0 229,15.0 230,6.0 239,1.0 245,3.0 255,2.0 278,1.0 343,2.0 354,18.0 356,1.0 366,1.0 373,1.0 444,1.0 446,1.0 456,1.0 457,1.0 458,1.0 465,1.0 
0,2.0 112,1.0 113,2.0 114,2.0 115,2.0 132,1.0 
0,1.0 111,1.0 113,1.0 114,1.0 115,1.0 
0,2.0 6,1.0 111,2.0 112,1.0 114,2.0 115,2.0 132,1.0 219,1.0 
0,2.0 111,2.0 112,1.0 113,3.0 115,2.0 132,1.0 
0,2.0 111,2.0 112,1.0 113,2.0 114,2.0 132,1.0 207,1.0 428,1.0 429,1.0 430,1.0 431,1.0 
8,1.0 10,6.0 16,2.0 23,1.0 29,1.0 50,1.0 62,1.0 71,2.0 73,1.0 76,2.0 79,1.0 105,14.0 106,28.0 107,41.0 108,13.0 109,2.0 110,10.0 116,4.0 120,3.0 124,5.0 134,30.0 135,1.0 136,3.0 146,2.0 148,2.0 150,2.0 156,5.0 157,3.0 167,7.0 173,4.0 176,1.0 179,1.0 181,10.0 185,6.0 188,1.0 189,7.0 190,26.0 195,5.0 199,2.0 228,2.0 230,3.0 245,1.0 255,2.0 278,1.0 286,1.0 294,1.0 350,4.0 354,6.0 356,1.0 358,1.0 361,11.0 362,3.0 366,1.0 367,1.0 370,1.0 373,1.0 465,1.0 466,1.0 467,1.0 
32,4.0 33,6.0 65,1.0 66,2.0 67,2.0 68,2.0 84,1.0 90,8.0 107,2.0 108,2.0 118,4.0 119,8.0 120,8.0 121,5.0 122,2.0 134,5.0 157,3.0 172,1.0 233,2.0 270,1.0 280,3.0 357,1.0 360,2.0 408,4.0 
32,3.0 33,2.0 67,1.0 78,1.0 90,5.0 117,3.0 119,5.0 120,5.0 121,4.0 122,2.0 123,1.0 124,1.0 125,1.0 126,1.0 127,1.0 128,1.0 129,1.0 130,1.0 
2,1.0 8,1.0 32,6.0 33,4.0 67,1.0 78,2.0 90,10.0 117,6.0 118,5.0 120,11.0 121,4.0 122,4.0 123,1.0 124,2.0 125,2.0 126,1.0 127,1.0 128,2.0 129,2.0 130,2.0 280,4.0 360,1.0 408,5.0 409,1.0 410,1.0 411,1.0 
2,1.0 8,1.0 32,6.0 33,4.0 67,1.0 68,1.0 78,2.0 90,10.0 107,3.0 108,2.0 116,2.0 117,6.0 118,5.0 119,11.0 121,4.0 122,4.0 123,1.0 124,3.0 125,2.0 126,1.0 127,1.0 128,2.0 129,2.0 130,2.0 134,3.0 138,1.0 150,1.0 181,2.0 190,1.0 280,4.0 354,1.0 360,1.0 362,3.0 408,5.0 409,1.0 410,1.0 411,1.0 466,1.0 467,1.0 
32,3.0 33,5.0 65,1.0 67,1.0 78,1.0 90,4.0 107,8.0 108,2.0 117,5.0 118,4.0 119,4.0 120,4.0 122,2.0 123,1.0 124,1.0 125,1.0 126,1.0 157,2.0 172,1.0 233,2.0 271,1.0 353,3.0 357,1.0 
32,4.0 78,2.0 85,1.0 86,1.0 89,1.0 90,4.0 106,1.0 107,1.0 108,1.0 117,2.0 118,2.0 119,4.0 120,4.0 121,2.0 123,3.0 124,2.0 125,2.0 126,1.0 134,3.0 181,1.0 280,2.0 354,1.0 408,2.0 409,1.0 410,1.0 421,1.0 444,1.0 
32,2.0 78,1.0 85,2.0 86,1.0 90,1.0 91,1.0 107,3.0 118,1.0 119,1.0 120,1.0 121,1.0 122,3.0 124,1.0 125,1.0 126,1.0 134,3.0 157,2.0 161,1.0 297,1.0 354,1.0 421,1.0 444,1.0 
8,1.0 16,2.0 34,4.0 35,4.0 61,1.0 67,2.0 68,4.0 76,6.0 78,4.0 85,2.0 86,7.0 90,2.0 105,3.0 107,7.0 108,5.0 116,5.0 118,1.0 119,2.0 120,4.0 124,30.0 125,8.0 126,3.0 127,1.0 128,2.0 129,2.0 130,2.0 134,29.0 135,2.0 136,4.0 138,2.0 145,4.0 147,3.0 148,2.0 150,17.0 153,2.0 155,1.0 156,23.0 177,1.0 180,3.0 181,5.0 188,1.0 189,1.0 190,6.0 199,2.0 209,2.0 229,1.0 230,20.0 234,2.0 245,1.0 313,1.0 347,1.0 354,18.0 362,2.0 380,1.0 381,1.0 408,1.0 410,1.0 411,1.0 419,2.0 420,2.0 447,2.0 450,3.0 453,1.0 455,1.0 
8,1.0 19,4.0 76,6.0 78,4.0 85,9.0 86,9.0 90,2.0 91,4.0 108,2.0 118,1.0 119,2.0 120,2.0 124,9.0 126,3.0 127,1.0 128,2.0 129,2.0 130,2.0 134,2.0 135,1.0 136,1.0 137,4.0 138,4.0 139,4.0 150,1.0 168,1.0 173,1.0 180,4.0 181,2.0 190,5.0 199,1.0 222,1.0 224,3.0 225,1.0 234,1.0 354,1.0 408,1.0 410,1.0 411,1.0 460,1.0 
76,2.0 78,4.0 79,1.0 80,2.0 85,2.0 90,1.0 108,3.0 118,1.0 119,1.0 120,1.0 124,3.0 125,3.0 127,1.0 128,1.0 129,1.0 130,1.0 134,2.0 157,2.0 163,1.0 169,1.0 180,1.0 181,2.0 190,1.0 233,3.0 295,1.0 
5,1.0 128,1.0 129,1.0 130,1.0 131,1.0 132,1.0 133,1.0 
5,2.0 127,1.0 129,2.0 130,2.0 131,1.0 132,2.0 133,2.0 241,1.0 411,1.0 
5,2.0 127,1.0 128,2.0 130,2.0 131,1.0 132,2.0 133,2.0 241,1.0 411,1.0 
5,2.0 127,1.0 128,2.0 129,2.0 131,1.0 132,2.0 133,2.0 241,1.0 411,1.0 
5,1.0 6,1.0 56,1.0 132,1.0 133,1.0 263,1.0 
0,1.0 5,2.0 6,1.0 111,1.0 113,1.0 114,1.0 115,1.0 131,1.0 133,2.0 241,1.0 320,1.0 412,1.0 
4,1.0 5,2.0 6,1.0 76,2.0 131,1.0 132,2.0 241,1.0 412,1.0 
14,1.0 16,5.0 28,3.0 32,1.0 33,3.0 34,4.0 35,7.0 44,1.0 52,1.0 62,3.0 66,2.0 67,2.0 68,4.0 75,3.0 76,6.0 78,2.0 82,3.0 83,3.0 84,2.0 85,2.0 86,2.0 87,2.0 88,5.0 105,8.0 106,2.0 107,43.0 108,8.0 116,29.0 117,4.0 120,6.0 122,3.0 123,3.0 124,30.0 125,1.0 126,2.0 134,56.0 135,19.0 136,22.0 137,4.0 138,2.0 139,4.0 147,1.0 148,2.0 150,23.0 153,2.0 156,24.0 157,11.0 160,1.0 166,2.0 167,8.0 168,2.0 170,2.0 173,4.0 174,1.0 180,3.0 181,8.0 183,1.0 185,2.0 188,1.0 189,4.0 190,23.0 191,2.0 199,4.0 209,2.0 229,6.0 230,21.0 234,2.0 247,1.0 270,2.0 291,4.0 294,1.0 343,1.0 347,1.0 350,1.0 354,39.0 357,2.0 358,1.0 362,6.0 370,1.0 373,3.0 380,1.0 381,1.0 393,1.0 419,2.0 420,2.0 421,5.0 444,1.0 449,1.0 456,1.0 459,1.0 460,1.0 464,1.0 466,2.0 467,2.0 
2,2.0 14,1.0 28,2.0 32,1.0 33,4.0 35,4.0 38,3.0 44,1.0 75,4.0 76,2.0 82,1.0 92,1.0 98,1.0 103,1.0 105,3.0 106,2.0 107,2.0 108,1.0 124,2.0 125,1.0 134,17.0 135,2.0 136,25.0 137,4.0 139,4.0 147,2.0 156,1.0 157,1.0 173,2.0 174,2.0 180,1.0 181,1.0 189,4.0 190,13.0 199,3.0 230,3.0 234,2.0 245,1.0 347,1.0 361,1.0 421,1.0 
10,1.0 16,1.0 28,2.0 32,1.0 33,4.0 35,4.0 62,1.0 71,1.0 73,1.0 74,1.0 75,5.0 76,3.0 82,1.0 92,2.0 93,2.0 97,1.0 104,1.0 105,14.0 106,2.0 107,1.0 108,3.0 110,4.0 116,4.0 124,3.0 125,1.0 134,19.0 135,24.0 136,5.0 137,4.0 139,4.0 147,2.0 150,1.0 156,4.0 157,3.0 168,2.0 174,6.0 180,1.0 181,2.0 188,1.0 189,8.0 190,16.0 195,4.0 199,7.0 208,1.0 209,1.0 228,1.0 230,2.0 234,1.0 255,4.0 350,4.0 354,2.0 359,1.0 361,1.0 421,1.0 
19,4.0 32,12.0 33,4.0 34,6.0 74,14.0 75,9.0 76,2.0 77,1.0 83,11.0 84,3.0 85,5.0 86,4.0 87,1.0 88,6.0 91,1.0 125,4.0 134,2.0 135,2.0 136,2.0 138,20.0 139,22.0 189,2.0 190,2.0 199,2.0 224,1.0 399,6.0 
19,4.0 32,12.0 33,4.0 68,1.0 74,12.0 75,8.0 76,6.0 83,8.0 85,5.0 86,5.0 88,4.0 107,1.0 116,1.0 120,1.0 124,1.0 125,4.0 134,1.0 137,20.0 139,20.0 150,1.0 156,1.0 230,1.0 354,1.0 362,1.0 
19,4.0 32,12.0 33,4.0 74,12.0 75,8.0 83,8.0 85,4.0 86,4.0 88,4.0 125,4.0 134,2.0 135,2.0 136,2.0 137,22.0 138,20.0 189,2.0 190,2.0 199,2.0 
25,1.0 69,4.0 70,4.0 76,1.0 149,1.0 150,6.0 151,6.0 230,1.0 354,3.0 451,1.0 
21,1.0 268,1.0 
59,10.0 61,1.0 
144,1.0 145,1.0 
143,1.0 145,1.0 
59,1.0 71,1.0 73,1.0 76,1.0 89,1.0 107,2.0 124,4.0 145,24.0 146,2.0 147,2.0 148,2.0 149,2.0 150,7.0 151,4.0 152,2.0 153,2.0 154,2.0 155,1.0 156,1.0 157,1.0 222,1.0 228,2.0 229,4.0 232,3.0 277,1.0 354,2.0 362,1.0 447,2.0 450,3.0 
106,1.0 145,2.0 147,1.0 189,1.0 255,2.0 
104,1.0 124,2.0 134,1.0 145,2.0 146,1.0 164,1.0 174,3.0 189,2.0 190,1.0 209,1.0 308,1.0 313,4.0 315,1.0 
16,1.0 124,1.0 145,1.0 149,1.0 150,2.0 151,1.0 181,1.0 185,4.0 190,2.0 202,1.0 203,1.0 354,1.0 
145,1.0 148,1.0 150,1.0 151,1.0 354,1.0 
16,3.0 44,1.0 62,1.0 67,2.0 68,4.0 76,2.0 78,7.0 105,2.0 107,10.0 108,2.0 110,10.0 116,5.0 120,2.0 124,15.0 134,23.0 138,2.0 140,6.0 145,7.0 149,1.0 150,3.0 151,11.0 156,2.0 157,4.0 164,3.0 180,1.0 181,2.0 190,3.0 228,18.0 229,4.0 230,1.0 247,1.0 354,42.0 362,2.0 366,1.0 373,3.0 444,1.0 445,3.0 447,1.0 449,2.0 451,1.0 459,1.0 
52,1.0 134,1.0 140,6.0 145,4.0 147,1.0 149,1.0 150,11.0 155,1.0 156,6.0 157,2.0 164,9.0 229,6.0 230,1.0 313,1.0 343,1.0 354,3.0 377,12.0 451,1.0 
87,1.0 88,1.0 145,1.0 153,2.0 154,2.0 155,1.0 156,1.0 157,2.0 158,1.0 
83,1.0 87,1.0 88,2.0 124,1.0 134,2.0 145,1.0 152,2.0 154,2.0 155,1.0 156,2.0 157,2.0 158,1.0 230,1.0 419,2.0 420,2.0 421,1.0 
87,1.0 88,1.0 145,1.0 152,2.0 153,2.0 155,1.0 156,1.0 157,2.0 158,1.0 
38,1.0 50,1.0 52,1.0 62,1.0 86,3.0 87,1.0 88,1.0 89,3.0 93,1.0 105,6.0 110,6.0 150,2.0 156,5.0 157,3.0 158,1.0 164,1.0 166,1.0 229,6.0 343,1.0 
28,1.0 34,4.0 35,4.0 62,1.0 65,1.0 73,1.0 74,1.0 76,2.0 83,2.0 84,1.0 86,8.0 87,1.0 88,2.0 89,3.0 93,1.0 96,1.0 99,1.0 105,9.0 107,3.0 108,3.0 110,10.0 116,2.0 124,23.0 134,25.0 135,1.0 136,6.0 147,2.0 150,1.0 151,6.0 155,5.0 156,4.0 157,3.0 158,1.0 164,4.0 167,1.0 180,1.0 181,2.0 188,2.0 189,3.0 190,4.0 199,2.0 209,2.0 228,4.0 229,2.0 230,38.0 234,1.0 245,1.0 291,1.0 313,2.0 354,5.0 377,6.0 380,1.0 381,1.0 421,1.0 447,1.0 453,1.0 455,1.0 456,2.0 457,1.0 458,1.0 
16,1.0 52,1.0 61,1.0 65,2.0 74,2.0 75,2.0 82,3.0 85,2.0 87,5.0 88,3.0 91,2.0 93,3.0 105,6.0 107,9.0 110,3.0 116,3.0 117,2.0 121,2.0 123,2.0 126,2.0 134,11.0 135,1.0 136,4.0 145,2.0 150,4.0 151,2.0 152,2.0 153,2.0 154,2.0 155,2.0 156,2.0 157,46.0 158,3.0 159,1.0 160,1.0 161,2.0 162,2.0 163,2.0 164,6.0 165,2.0 166,2.0 167,8.0 168,4.0 169,2.0 170,2.0 171,2.0 172,2.0 173,2.0 229,8.0 291,1.0 343,1.0 350,1.0 354,1.0 371,1.0 373,1.0 448,1.0 464,1.0 
87,2.0 88,2.0 157,4.0 
48,2.0 50,1.0 82,2.0 93,1.0 97,1.0 157,1.0 160,1.0 244,1.0 245,1.0 346,1.0 372,1.0 
28,6.0 55,1.0 58,1.0 62,1.0 69,1.0 70,1.0 77,1.0 79,1.0 82,7.0 87,1.0 92,3.0 93,2.0 94,4.0 95,1.0 98,1.0 134,1.0 135,1.0 136,1.0 157,1.0 159,1.0 162,1.0 190,1.0 209,1.0 224,4.0 247,1.0 326,1.0 383,2.0 384,1.0 385,1.0 386,1.0 387,2.0 388,1.0 389,1.0 390,1.0 391,1.0 393,1.0 394,1.0 454,4.0 
85,1.0 91,1.0 123,1.0 157,2.0 
66,2.0 74,2.0 75,2.0 82,1.0 87,3.0 95,1.0 126,1.0 157,2.0 160,1.0 163,1.0 209,1.0 224,1.0 359,2.0 394,1.0 397,1.0 417,1.0 
91,1.0 126,1.0 157,2.0 
16,1.0 105,2.0 107,7.0 110,3.0 150,3.0 151,10.0 156,5.0 157,5.0 164,1.0 229,5.0 373,1.0 377,10.0 378,2.0 379,2.0 
93,1.0 140,1.0 150,1.0 151,1.0 157,2.0 166,3.0 171,1.0 222,7.0 223,3.0 248,1.0 253,1.0 347,1.0 
8,1.0 18,1.0 62,6.0 72,2.0 82,3.0 86,2.0 93,7.0 107,4.0 116,3.0 134,4.0 150,2.0 157,2.0 165,5.0 166,2.0 171,1.0 173,1.0 175,1.0 176,2.0 179,1.0 185,2.0 187,5.0 190,1.0 208,2.0 209,3.0 222,1.0 228,2.0 230,2.0 237,2.0 242,1.0 243,1.0 244,2.0 245,8.0 246,1.0 247,1.0 248,6.0 252,2.0 254,3.0 256,2.0 257,1.0 258,1.0 278,2.0 286,1.0 291,1.0 294,1.0 347,29.0 354,1.0 441,1.0 
16,1.0 52,1.0 71,1.0 110,1.0 116,6.0 134,9.0 157,10.0 167,1.0 168,9.0 173,8.0 190,4.0 195,1.0 229,5.0 291,1.0 343,1.0 350,1.0 354,2.0 361,7.0 367,1.0 373,1.0 448,1.0 464,1.0 
48,1.0 52,1.0 105,9.0 106,2.0 107,2.0 110,7.0 116,2.0 134,1.0 135,1.0 157,3.0 159,2.0 167,8.0 168,1.0 173,12.0 181,1.0 229,7.0 232,1.0 291,1.0 343,1.0 361,5.0 372,1.0 464,1.0 
33,1.0 58,2.0 63,1.0 64,1.0 69,1.0 80,2.0 107,2.0 117,1.0 121,2.0 157,2.0 170,2.0 171,1.0 172,1.0 209,1.0 275,1.0 284,1.0 291,1.0 292,1.0 353,1.0 
61,1.0 63,1.0 89,2.0 117,2.0 121,1.0 134,2.0 157,2.0 169,1.0 171,1.0 172,1.0 191,1.0 270,1.0 291,2.0 293,1.0 357,1.0 
93,1.0 117,1.0 121,1.0 157,2.0 166,1.0 169,2.0 170,1.0 172,1.0 244,1.0 253,1.0 291,1.0 
117,1.0 121,1.0 157,2.0 
16,1.0 33,1.0 52,1.0 105,3.0 106,8.0 107,17.0 108,1.0 116,4.0 121,1.0 134,4.0 147,1.0 148,2.0 167,8.0 168,11.0 173,11.0 174,3.0 175,3.0 176,2.0 177,2.0 181,10.0 183,1.0 185,2.0 189,2.0 190,17.0 191,1.0 195,2.0 232,4.0 291,1.0 293,1.0 294,1.0 343,1.0 350,1.0 353,1.0 361,6.0 370,1.0 373,1.0 464,1.0 
62,1.0 92,1.0 105,2.0 107,1.0 116,1.0 124,1.0 134,1.0 136,2.0 147,3.0 150,1.0 166,1.0 173,2.0 175,1.0 176,1.0 178,1.0 188,1.0 189,2.0 190,1.0 195,2.0 209,1.0 245,1.0 255,4.0 350,3.0 354,1.0 442,1.0 
28,1.0 54,1.0 82,2.0 107,2.0 166,2.0 173,2.0 174,1.0 176,1.0 179,1.0 181,1.0 195,1.0 245,1.0 246,1.0 256,1.0 
16,1.0 17,1.0 28,2.0 87,1.0 88,1.0 89,1.0 93,2.0 94,3.0 107,2.0 108,1.0 116,1.0 166,2.0 173,2.0 174,1.0 175,1.0 179,4.0 209,1.0 246,1.0 247,2.0 248,2.0 255,2.0 286,1.0 294,1.0 392,1.0 393,1.0 
2,1.0 18,2.0 54,2.0 76,12.0 78,2.0 89,7.0 126,1.0 173,2.0 174,1.0 177,10.0 178,3.0 179,2.0 180,8.0 181,17.0 184,1.0 185,2.0 188,2.0 189,3.0 190,4.0 191,1.0 196,1.0 197,3.0 199,2.0 200,1.0 227,1.0 232,2.0 234,1.0 367,1.0 
28,1.0 54,4.0 62,1.0 76,3.0 107,1.0 108,1.0 116,1.0 134,1.0 174,1.0 177,2.0 179,1.0 181,1.0 188,1.0 189,2.0 190,1.0 195,3.0 196,3.0 199,2.0 200,1.0 242,1.0 426,1.0 
10,1.0 17,1.0 28,1.0 54,3.0 62,2.0 82,1.0 89,1.0 93,1.0 107,2.0 108,1.0 166,3.0 175,1.0 176,4.0 177,2.0 178,1.0 187,1.0 208,1.0 286,1.0 287,1.0 
0,2.0 76,11.0 78,2.0 85,1.0 91,2.0 107,1.0 108,4.0 110,1.0 124,2.0 125,1.0 126,1.0 134,1.0 150,1.0 156,1.0 177,7.0 181,12.0 186,1.0 188,1.0 226,2.0 228,2.0 354,2.0 365,1.0 
12,1.0 15,1.0 17,4.0 18,6.0 29,1.0 51,1.0 62,1.0 73,1.0 76,21.0 78,3.0 85,2.0 86,1.0 89,8.0 106,16.0 107,14.0 108,30.0 110,2.0 116,9.0 122,1.0 124,6.0 125,3.0 126,2.0 134,8.0 135,3.0 136,4.0 150,2.0 156,2.0 173,12.0 176,2.0 177,18.0 179,2.0 180,12.0 181,2.0 184,1.0 185,2.0 186,2.0 187,1.0 188,1.0 190,22.0 191,1.0 195,6.0 196,4.0 199,2.0 201,1.0 226,1.0 228,2.0 230,1.0 232,3.0 285,1.0 350,1.0 354,3.0 
0,1.0 2,1.0 38,1.0 76,1.0 183,1.0 187,1.0 216,1.0 237,1.0 347,1.0 407,1.0 
8,3.0 14,1.0 61,1.0 62,1.0 76,2.0 107,6.0 134,1.0 173,2.0 177,1.0 181,2.0 184,13.0 190,3.0 222,1.0 341,3.0 371,1.0 437,2.0 
28,1.0 76,1.0 96,2.0 177,1.0 180,1.0 181,1.0 187,5.0 219,2.0 222,1.0 235,12.0 238,2.0 322,1.0 407,1.0 
10,5.0 18,2.0 61,1.0 62,3.0 76,1.0 80,1.0 92,1.0 107,2.0 116,2.0 124,2.0 134,2.0 148,4.0 156,2.0 166,3.0 169,1.0 180,1.0 181,1.0 190,4.0 195,3.0 202,1.0 203,1.0 230,2.0 245,1.0 247,2.0 248,1.0 254,3.0 292,1.0 350,3.0 
0,2.0 2,2.0 61,1.0 166,3.0 187,4.0 201,4.0 277,1.0 371,1.0 
2,5.0 3,3.0 8,1.0 11,1.0 14,26.0 17,1.0 27,1.0 50,1.0 51,12.0 62,1.0 76,1.0 78,1.0 93,1.0 97,11.0 106,1.0 107,3.0 108,2.0 116,3.0 134,2.0 166,5.0 173,1.0 175,1.0 177,1.0 179,2.0 181,3.0 190,1.0 191,1.0 207,1.0 208,1.0 213,1.0 219,1.0 237,7.0 239,1.0 256,1.0 286,1.0 287,1.0 314,2.0 356,5.0 436,1.0 468,2.0 469,2.0 
38,1.0 42,1.0 48,1.0 76,1.0 78,1.0 85,1.0 89,2.0 96,1.0 98,1.0 106,1.0 108,3.0 110,2.0 116,1.0 124,1.0 125,2.0 126,2.0 134,1.0 136,1.0 156,2.0 177,3.0 180,1.0 189,7.0 199,7.0 208,1.0 225,1.0 226,1.0 228,2.0 230,1.0 233,1.0 234,4.0 239,1.0 242,1.0 354,1.0 364,1.0 365,1.0 422,1.0 424,1.0 
10,1.0 16,1.0 36,1.0 38,2.0 48,1.0 54,4.0 76,1.0 78,1.0 82,1.0 85,1.0 89,3.0 93,1.0 96,2.0 105,9.0 106,7.0 107,2.0 108,3.0 110,2.0 116,6.0 124,1.0 134,2.0 135,3.0 136,7.0 145,1.0 156,3.0 159,1.0 160,1.0 173,2.0 174,1.0 177,3.0 178,5.0 181,3.0 188,6.0 189,2.0 190,6.0 195,4.0 196,4.0 199,10.0 208,1.0 209,1.0 225,1.0 226,1.0 227,1.0 228,3.0 230,1.0 234,1.0 239,1.0 245,1.0 312,1.0 354,2.0 362,3.0 368,3.0 369,2.0 454,1.0 
8,2.0 10,4.0 14,1.0 16,2.0 18,1.0 23,1.0 28,1.0 33,1.0 71,1.0 76,15.0 78,1.0 85,4.0 86,4.0 91,2.0 92,1.0 107,30.0 108,14.0 109,1.0 116,27.0 120,3.0 121,1.0 124,9.0 125,6.0 126,1.0 134,28.0 135,14.0 136,17.0 137,4.0 139,4.0 147,1.0 148,1.0 150,2.0 156,3.0 167,4.0 173,18.0 174,1.0 175,1.0 177,4.0 180,1.0 181,18.0 183,1.0 185,4.0 186,3.0 189,8.0 190,13.0 191,2.0 195,4.0 199,6.0 201,3.0 208,1.0 209,1.0 224,2.0 230,3.0 234,2.0 277,1.0 286,1.0 353,1.0 354,2.0 361,14.0 362,3.0 371,1.0 466,1.0 467,1.0 
23,1.0 63,1.0 64,2.0 76,1.0 117,1.0 134,2.0 170,1.0 181,1.0 192,1.0 239,1.0 270,1.0 289,1.0 291,1.0 357,1.0 
30,1.0 63,1.0 76,1.0 142,1.0 181,1.0 
2,1.0 44,1.0 50,1.0 187,1.0 194,2.0 366,1.0 
2,1.0 44,1.0 187,1.0 193,1.0 
10,3.0 17,2.0 18,3.0 28,2.0 50,1.0 54,3.0 62,2.0 93,1.0 105,2.0 107,6.0 108,3.0 116,4.0 124,3.0 134,6.0 135,2.0 136,4.0 150,1.0 156,2.0 174,2.0 175,1.0 177,2.0 178,3.0 181,4.0 185,3.0 189,2.0 190,5.0 196,5.0 199,2.0 230,2.0 255,2.0 322,2.0 323,1.0 350,6.0 354,1.0 361,1.0 
17,2.0 18,2.0 54,2.0 76,2.0 92,1.0 107,1.0 108,3.0 116,1.0 134,3.0 135,2.0 136,2.0 177,1.0 178,3.0 181,4.0 189,2.0 190,3.0 195,4.0 199,2.0 200,2.0 242,1.0 247,2.0 322,1.0 333,1.0 356,1.0 426,1.0 
0,1.0 8,2.0 14,1.0 107,1.0 183,1.0 198,2.0 347,1.0 367,1.0 
8,1.0 44,1.0 322,1.0 347,1.0 
28,1.0 44,1.0 51,1.0 54,5.0 76,4.0 78,1.0 83,1.0 85,2.0 86,1.0 93,1.0 97,2.0 99,1.0 105,1.0 106,1.0 107,1.0 108,4.0 110,2.0 116,2.0 124,2.0 125,1.0 134,3.0 135,1.0 136,6.0 156,2.0 160,1.0 177,1.0 178,4.0 181,2.0 188,7.0 189,14.0 190,5.0 195,4.0 196,4.0 199,2.0 208,1.0 226,1.0 228,2.0 230,1.0 232,2.0 234,6.0 242,1.0 326,1.0 354,1.0 362,6.0 365,3.0 422,1.0 
76,2.0 177,1.0 178,1.0 196,2.0 199,1.0 242,1.0 243,1.0 247,3.0 248,1.0 257,2.0 426,1.0 
2,1.0 166,3.0 186,4.0 187,3.0 222,1.0 277,1.0 371,1.0 
203,1.0 204,1.0 205,1.0 206,1.0 207,1.0 
202,1.0 204,1.0 205,1.0 206,1.0 207,1.0 
96,1.0 97,1.0 205,1.0 206,2.0 207,2.0 208,1.0 209,1.0 218,1.0 429,1.0 
204,1.0 206,1.0 207,1.0 208,1.0 209,1.0 
28,1.0 61,1.0 96,1.0 204,2.0 205,1.0 207,1.0 208,1.0 209,1.0 218,1.0 220,1.0 221,1.0 
14,1.0 50,1.0 97,1.0 176,1.0 179,1.0 204,2.0 205,1.0 206,1.0 208,1.0 209,1.0 213,1.0 429,2.0 430,1.0 431,1.0 436,1.0 
18,2.0 62,1.0 82,1.0 93,1.0 166,2.0 179,1.0 199,1.0 208,1.0 209,4.0 219,1.0 242,3.0 245,1.0 256,1.0 301,1.0 302,1.0 365,1.0 
18,1.0 82,3.0 87,1.0 95,1.0 105,2.0 124,2.0 147,1.0 160,1.0 162,1.0 174,1.0 176,1.0 185,1.0 199,1.0 208,5.0 245,2.0 248,2.0 254,1.0 255,1.0 394,1.0 442,1.0 456,1.0 
110,1.0 155,1.0 211,1.0 212,1.0 213,1.0 214,1.0 229,1.0 376,1.0 
210,1.0 212,1.0 213,1.0 214,1.0 
213,1.0 214,1.0 215,1.0 240,1.0 245,1.0 
14,1.0 50,1.0 207,1.0 212,1.0 214,1.0 215,1.0 436,1.0 
40,1.0 212,1.0 213,1.0 215,1.0 434,1.0 435,1.0 
84,1.0 
184,1.0 217,1.0 320,2.0 322,2.0 
204,1.0 206,1.0 218,1.0 
96,1.0 204,1.0 206,1.0 
14,1.0 27,1.0 28,1.0 61,1.0 96,11.0 97,22.0 100,12.0 187,2.0 206,1.0 220,1.0 221,1.0 237,2.0 238,1.0 299,1.0 300,1.0 
28,1.0 33,1.0 61,1.0 107,3.0 121,1.0 173,1.0 190,1.0 206,1.0 221,1.0 351,2.0 352,2.0 353,1.0 
28,1.0 61,1.0 206,1.0 220,1.0 
0,1.0 14,2.0 92,10.0 134,1.0 165,4.0 166,1.0 182,1.0 223,1.0 224,1.0 245,2.0 248,8.0 259,1.0 260,1.0 261,1.0 340,1.0 341,1.0 346,1.0 347,15.0 410,1.0 461,1.0 
165,2.0 222,1.0 247,3.0 249,1.0 309,1.0 
28,1.0 34,1.0 55,1.0 58,1.0 66,1.0 69,1.0 70,1.0 74,1.0 75,1.0 76,3.0 77,2.0 79,1.0 82,4.0 85,4.0 86,3.0 91,4.0 94,4.0 125,3.0 137,1.0 160,4.0 190,3.0 225,1.0 359,1.0 383,2.0 384,1.0 385,1.0 386,1.0 387,2.0 388,1.0 389,1.0 390,1.0 391,1.0 397,1.0 399,1.0 418,1.0 
76,3.0 125,1.0 168,1.0 173,1.0 199,1.0 226,1.0 362,1.0 
50,1.0 76,1.0 78,2.0 85,2.0 106,1.0 107,1.0 108,2.0 116,1.0 125,1.0 163,1.0 181,1.0 188,3.0 189,1.0 190,1.0 199,1.0 228,2.0 355,1.0 364,1.0 365,1.0 
72,1.0 73,1.0 76,2.0 78,1.0 86,1.0 93,1.0 177,3.0 199,1.0 346,1.0 362,1.0 
44,1.0 62,2.0 76,2.0 78,10.0 82,3.0 85,2.0 93,1.0 97,1.0 101,12.0 104,12.0 107,3.0 108,6.0 110,15.0 116,2.0 124,1.0 136,1.0 150,19.0 151,1.0 156,4.0 157,1.0 166,1.0 181,2.0 188,2.0 189,3.0 190,3.0 199,2.0 226,2.0 229,1.0 244,1.0 245,1.0 354,17.0 363,1.0 444,1.0 445,3.0 449,1.0 
9,2.0 29,1.0 30,1.0 52,4.0 80,1.0 96,1.0 105,13.0 107,1.0 110,15.0 124,2.0 134,6.0 145,5.0 150,3.0 151,6.0 155,6.0 157,7.0 164,6.0 167,4.0 168,5.0 230,1.0 244,1.0 255,1.0 291,1.0 343,4.0 354,2.0 377,6.0 447,1.0 448,1.0 450,2.0 464,1.0 
14,1.0 34,4.0 35,4.0 65,1.0 71,1.0 73,2.0 74,2.0 75,1.0 76,1.0 82,1.0 83,2.0 84,1.0 86,8.0 88,1.0 93,3.0 97,1.0 100,1.0 105,8.0 107,1.0 108,1.0 110,6.0 124,22.0 134,21.0 135,3.0 136,4.0 147,1.0 150,1.0 156,40.0 157,2.0 160,1.0 166,2.0 167,1.0 180,1.0 181,1.0 188,1.0 189,1.0 190,2.0 199,1.0 209,1.0 230,4.0 234,1.0 245,3.0 291,1.0 313,1.0 354,1.0 359,1.0 380,1.0 381,1.0 421,1.0 454,1.0 456,2.0 457,1.0 458,1.0 
107,1.0 189,1.0 358,1.0 
42,1.0 48,1.0 78,1.0 108,3.0 173,3.0 177,1.0 181,3.0 195,1.0 228,2.0 350,1.0 362,1.0 
65,1.0 76,3.0 89,1.0 91,1.0 108,21.0 117,1.0 121,1.0 188,2.0 227,2.0 233,10.0 
14,1.0 32,1.0 38,1.0 76,4.0 85,1.0 86,1.0 98,2.0 101,1.0 108,1.0 124,2.0 125,1.0 134,2.0 135,2.0 136,1.0 156,1.0 177,2.0 178,1.0 188,4.0 189,1.0 190,2.0 199,6.0 208,1.0 230,1.0 242,1.0 365,1.0 422,1.0 
2,5.0 9,3.0 38,2.0 45,2.0 61,1.0 98,1.0 104,1.0 183,3.0 222,1.0 236,2.0 238,2.0 239,1.0 244,1.0 320,1.0 341,5.0 343,2.0 349,3.0 
104,1.0 147,1.0 208,1.0 219,1.0 237,2.0 311,2.0 313,1.0 
2,1.0 14,1.0 15,1.0 76,2.0 114,1.0 183,10.0 184,2.0 219,10.0 238,2.0 265,1.0 314,3.0 
2,3.0 3,2.0 103,12.0 187,1.0 208,1.0 209,1.0 219,1.0 236,1.0 356,1.0 462,1.0 
3,2.0 9,1.0 23,1.0 44,1.0 50,1.0 51,1.0 64,1.0 96,1.0 98,1.0 105,1.0 106,1.0 110,1.0 168,1.0 173,1.0 191,1.0 235,3.0 244,1.0 346,1.0 
50,1.0 212,1.0 241,1.0 245,1.0 
5,1.0 50,1.0 132,1.0 133,1.0 240,1.0 412,1.0 
12,1.0 44,1.0 76,2.0 99,1.0 178,1.0 196,1.0 200,1.0 208,1.0 219,1.0 248,2.0 257,1.0 267,1.0 365,1.0 
94,1.0 187,1.0 200,1.0 248,2.0 257,1.0 258,1.0 
9,1.0 28,1.0 44,1.0 50,1.0 91,1.0 105,1.0 110,1.0 155,1.0 169,1.0 171,1.0 228,1.0 229,1.0 235,1.0 237,2.0 245,1.0 277,1.0 291,1.0 346,2.0 
10,1.0 17,2.0 28,1.0 40,1.0 44,1.0 50,1.0 61,1.0 78,1.0 82,2.0 86,1.0 92,17.0 93,20.0 94,1.0 95,4.0 96,1.0 105,4.0 106,1.0 110,4.0 135,1.0 136,1.0 150,2.0 155,1.0 165,2.0 166,5.0 174,1.0 175,1.0 185,1.0 189,1.0 199,1.0 208,1.0 209,2.0 224,1.0 227,1.0 228,2.0 229,1.0 230,2.0 245,1.0 246,2.0 247,4.0 347,13.0 354,1.0 356,1.0 382,4.0 395,1.0 396,1.0 401,1.0 
28,1.0 39,1.0 94,2.0 107,2.0 165,1.0 166,1.0 175,1.0 176,1.0 235,1.0 245,2.0 248,1.0 254,1.0 255,1.0 327,1.0 329,2.0 350,1.0 
2,1.0 6,1.0 7,1.0 10,2.0 13,1.0 17,1.0 18,1.0 44,1.0 62,11.0 72,1.0 92,3.0 110,3.0 124,1.0 134,2.0 150,3.0 156,1.0 164,1.0 176,1.0 185,3.0 187,1.0 196,1.0 200,1.0 223,3.0 245,13.0 247,2.0 248,3.0 249,1.0 255,1.0 257,1.0 333,1.0 347,23.0 350,1.0 354,2.0 438,1.0 439,1.0 440,1.0 455,1.0 463,1.0 
18,1.0 62,1.0 94,4.0 166,7.0 176,1.0 185,2.0 209,1.0 222,8.0 242,1.0 243,1.0 246,1.0 247,6.0 248,2.0 249,1.0 250,1.0 251,1.0 252,1.0 254,3.0 256,1.0 257,1.0 258,1.0 463,1.0 
76,1.0 95,1.0 248,1.0 
94,1.0 251,1.0 252,1.0 
94,1.0 250,1.0 252,1.0 
65,1.0 72,2.0 94,1.0 134,1.0 250,1.0 251,1.0 279,1.0 280,1.0 
93,1.0 166,1.0 171,1.0 
80,1.0 94,1.0 166,3.0 169,1.0 185,3.0 246,1.0 248,2.0 292,1.0 
62,1.0 92,1.0 94,1.0 105,2.0 106,1.0 107,1.0 116,1.0 124,1.0 134,1.0 136,2.0 146,2.0 150,1.0 166,1.0 168,1.0 174,4.0 176,2.0 189,1.0 195,2.0 209,1.0 246,1.0 247,2.0 350,3.0 354,1.0 442,1.0 
18,2.0 58,1.0 64,1.0 82,1.0 166,2.0 169,1.0 175,1.0 248,1.0 
38,1.0 100,1.0 200,2.0 242,1.0 243,1.0 247,2.0 248,3.0 
94,1.0 243,1.0 248,1.0 
199,1.0 248,1.0 
248,1.0 
262,1.0 
131,1.0 
264,2.0 
2,2.0 104,1.0 
266,1.0 
263,1.0 
141,1.0 
30,1.0 63,1.0 192,1.0 
22,1.0 24,1.0 270,1.0 271,1.0 272,1.0 273,1.0 
117,1.0 134,2.0 271,1.0 272,1.0 273,1.0 274,1.0 357,1.0 
107,2.0 121,1.0 270,1.0 272,1.0 273,1.0 274,1.0 357,1.0 
270,1.0 271,1.0 273,1.0 274,1.0 
270,1.0 271,1.0 272,1.0 274,1.0 
126,1.0 
244,1.0 276,6.0 290,5.0 
166,1.0 275,5.0 
8,1.0 61,1.0 116,1.0 124,1.0 125,1.0 134,1.0 145,1.0 166,1.0 173,1.0 183,1.0 222,1.0 278,1.0 371,1.0 460,1.0 
71,1.0 72,2.0 106,1.0 166,2.0 252,2.0 
65,1.0 280,1.0 281,1.0 
32,3.0 33,2.0 65,1.0 78,1.0 90,4.0 117,3.0 119,4.0 120,4.0 122,2.0 124,1.0 125,1.0 264,1.0 279,1.0 281,1.0 296,1.0 297,1.0 298,1.0 360,1.0 408,4.0 409,1.0 410,1.0 
229,1.0 
283,6.0 
239,1.0 282,5.0 
285,1.0 
179,1.0 183,1.0 187,1.0 286,1.0 
72,1.0 73,1.0 76,1.0 108,1.0 179,1.0 187,1.0 287,2.0 295,1.0 
29,1.0 30,1.0 69,1.0 76,1.0 108,1.0 
63,1.0 64,1.0 191,1.0 
77,1.0 
275,6.0 
61,1.0 62,1.0 65,1.0 73,1.0 82,1.0 83,1.0 89,2.0 107,1.0 117,1.0 134,2.0 156,1.0 167,1.0 169,1.0 170,2.0 191,1.0 209,1.0 230,1.0 270,1.0 357,1.0 361,1.0 441,1.0 464,2.0 
32,1.0 63,1.0 80,2.0 107,2.0 123,1.0 169,1.0 170,1.0 295,1.0 297,1.0 
46,1.0 61,1.0 166,1.0 176,1.0 294,1.0 
166,1.0 176,1.0 190,1.0 286,1.0 370,1.0 
30,1.0 32,1.0 72,1.0 73,1.0 79,1.0 80,2.0 107,2.0 123,1.0 126,1.0 292,1.0 297,1.0 
33,2.0 67,1.0 107,4.0 110,1.0 199,1.0 264,1.0 280,1.0 297,1.0 298,1.0 353,1.0 354,1.0 360,1.0 362,1.0 
32,1.0 107,2.0 123,1.0 264,1.0 280,1.0 296,1.0 298,1.0 
264,1.0 280,1.0 296,1.0 297,1.0 
97,1.0 
97,1.0 98,1.0 100,1.0 326,1.0 
208,1.0 302,2.0 304,3.0 
196,1.0 198,1.0 301,2.0 303,1.0 320,4.0 322,3.0 
302,1.0 
301,2.0 305,3.0 
304,2.0 306,2.0 307,1.0 
147,1.0 305,2.0 308,2.0 324,2.0 325,2.0 326,1.0 
27,1.0 
306,2.0 309,1.0 310,1.0 
236,1.0 308,1.0 
223,1.0 
236,2.0 312,2.0 
2,3.0 8,3.0 15,1.0 38,4.0 44,1.0 51,2.0 76,1.0 99,2.0 106,2.0 108,1.0 187,2.0 247,1.0 257,1.0 311,2.0 314,2.0 356,1.0 422,1.0 437,6.0 
104,1.0 134,1.0 147,4.0 164,1.0 315,1.0 
2,2.0 8,10.0 9,1.0 15,2.0 104,1.0 147,1.0 187,10.0 237,1.0 312,1.0 313,1.0 
316,1.0 317,1.0 
317,1.0 318,2.0 
56,3.0 316,1.0 318,1.0 319,2.0 
316,1.0 319,5.0 330,2.0 
317,3.0 318,3.0 332,3.0 
56,4.0 104,1.0 182,1.0 216,1.0 302,4.0 333,1.0 
320,1.0 
18,1.0 99,1.0 195,2.0 216,2.0 302,4.0 323,3.0 334,2.0 
195,1.0 322,2.0 324,3.0 
306,3.0 323,2.0 
186,1.0 246,1.0 306,2.0 327,2.0 336,2.0 338,2.0 
28,1.0 96,1.0 98,2.0 100,1.0 160,1.0 300,1.0 
160,1.0 325,2.0 328,1.0 
104,1.0 327,1.0 
39,1.0 235,1.0 246,2.0 
318,2.0 331,1.0 
330,1.0 
1,1.0 56,1.0 131,1.0 319,2.0 
92,1.0 196,1.0 216,1.0 247,1.0 
18,1.0 322,2.0 335,2.0 
334,2.0 336,3.0 
325,2.0 335,2.0 337,1.0 
325,1.0 
52,1.0 325,2.0 339,2.0 
201,1.0 338,2.0 340,1.0 
235,1.0 339,1.0 
8,3.0 14,1.0 235,5.0 342,1.0 347,1.0 
76,1.0 108,1.0 341,1.0 
9,2.0 52,5.0 105,1.0 164,1.0 167,3.0 168,3.0 173,2.0 361,1.0 
9,1.0 116,1.0 229,1.0 345,2.0 348,1.0 
9,2.0 
6,1.0 12,1.0 50,1.0 91,1.0 105,1.0 110,1.0 197,1.0 198,1.0 222,1.0 229,1.0 235,1.0 244,1.0 245,1.0 347,3.0 
5,1.0 8,2.0 9,2.0 11,2.0 14,3.0 15,1.0 17,1.0 46,1.0 53,2.0 93,3.0 98,1.0 107,1.0 124,1.0 134,3.0 145,3.0 150,1.0 157,1.0 165,1.0 166,28.0 167,1.0 168,1.0 173,1.0 183,1.0 184,1.0 222,9.0 226,1.0 229,2.0 235,1.0 239,1.0 245,10.0 247,18.0 277,1.0 346,3.0 349,1.0 354,1.0 371,1.0 401,1.0 403,1.0 410,1.0 442,1.0 443,1.0 450,1.0 460,2.0 
9,1.0 
9,3.0 38,1.0 239,1.0 346,1.0 
10,2.0 50,1.0 62,1.0 92,2.0 93,2.0 105,2.0 107,5.0 116,4.0 124,3.0 134,3.0 136,2.0 150,1.0 156,2.0 165,1.0 174,3.0 177,1.0 185,3.0 195,6.0 230,2.0 246,1.0 247,1.0 255,3.0 354,1.0 
33,1.0 107,3.0 121,1.0 173,1.0 190,1.0 220,2.0 352,2.0 353,1.0 
33,1.0 107,3.0 121,1.0 173,1.0 190,1.0 220,2.0 351,2.0 353,1.0 
33,3.0 107,8.0 110,1.0 121,3.0 296,1.0 354,1.0 
16,5.0 44,1.0 50,1.0 62,1.0 67,2.0 68,4.0 76,3.0 78,6.0 79,1.0 105,7.0 107,23.0 108,4.0 110,18.0 116,9.0 120,2.0 122,1.0 123,1.0 124,15.0 134,39.0 136,1.0 138,2.0 140,5.0 150,46.0 151,5.0 156,4.0 157,2.0 176,1.0 180,1.0 181,3.0 187,1.0 188,1.0 189,2.0 190,5.0 199,1.0 204,1.0 207,1.0 228,20.0 230,1.0 247,1.0 291,1.0 354,2.0 362,2.0 373,3.0 421,1.0 429,1.0 444,2.0 445,1.0 446,1.0 449,1.0 452,1.0 459,1.0 465,1.0 
89,1.0 106,1.0 107,1.0 116,1.0 226,1.0 
8,2.0 14,1.0 18,1.0 44,4.0 50,1.0 54,1.0 62,4.0 76,1.0 82,1.0 89,1.0 96,1.0 105,1.0 106,3.0 107,3.0 108,2.0 116,4.0 179,1.0 187,3.0 190,1.0 195,1.0 228,1.0 312,3.0 314,6.0 361,1.0 422,1.0 437,2.0 462,2.0 
107,2.0 117,1.0 121,1.0 134,2.0 270,1.0 271,1.0 
107,1.0 116,1.0 134,1.0 231,1.0 
34,1.0 66,5.0 74,6.0 75,5.0 87,2.0 88,1.0 107,2.0 137,1.0 162,2.0 224,1.0 397,1.0 399,1.0 417,1.0 418,1.0 
33,3.0 68,1.0 90,2.0 107,2.0 117,2.0 119,2.0 120,2.0 280,1.0 296,1.0 408,2.0 
8,1.0 10,2.0 16,1.0 17,1.0 23,2.0 52,2.0 76,4.0 105,2.0 106,2.0 107,1.0 108,9.0 116,16.0 167,11.0 168,6.0 173,7.0 190,14.0 199,1.0 286,1.0 343,2.0 361,1.0 367,1.0 422,2.0 448,1.0 
68,1.0 78,1.0 107,3.0 108,2.0 116,2.0 120,3.0 124,1.0 134,3.0 138,1.0 145,1.0 150,1.0 181,2.0 189,6.0 190,1.0 199,3.0 225,1.0 227,1.0 232,1.0 354,1.0 362,3.0 466,1.0 467,1.0 
108,1.0 124,1.0 
89,1.0 125,1.0 145,1.0 188,1.0 
76,1.0 97,1.0 105,1.0 125,1.0 180,1.0 188,2.0 199,4.0 234,2.0 300,1.0 326,1.0 
44,1.0 50,2.0 166,2.0 193,1.0 
8,1.0 14,4.0 197,1.0 347,2.0 448,2.0 
36,1.0 62,1.0 93,3.0 96,3.0 356,1.0 369,3.0 
93,3.0 96,3.0 368,3.0 
190,1.0 294,1.0 
14,1.0 61,1.0 116,1.0 134,2.0 157,1.0 173,1.0 183,1.0 184,1.0 277,2.0 
159,1.0 244,1.0 346,1.0 
8,1.0 16,5.0 107,3.0 167,1.0 361,1.0 
62,3.0 134,1.0 150,1.0 247,3.0 354,1.0 375,3.0 
2,1.0 12,1.0 14,1.0 62,4.0 134,1.0 150,1.0 247,3.0 347,1.0 354,1.0 374,3.0 
110,1.0 155,1.0 210,1.0 229,1.0 
52,1.0 134,1.0 147,1.0 151,12.0 156,6.0 164,9.0 229,6.0 313,1.0 343,1.0 
151,2.0 156,1.0 229,1.0 377,2.0 379,2.0 
151,2.0 156,1.0 229,1.0 377,2.0 378,2.0 
124,1.0 156,1.0 230,1.0 245,1.0 381,1.0 
124,1.0 156,1.0 230,1.0 245,1.0 380,1.0 
94,4.0 160,4.0 224,4.0 
58,1.0 69,1.0 82,2.0 245,2.0 384,1.0 385,1.0 386,1.0 387,1.0 388,1.0 389,1.0 
58,1.0 82,1.0 245,1.0 383,1.0 385,1.0 386,1.0 
58,1.0 82,1.0 245,1.0 383,1.0 384,1.0 386,1.0 
58,1.0 82,1.0 245,1.0 383,1.0 384,1.0 385,1.0 
55,1.0 69,1.0 70,1.0 82,2.0 245,2.0 383,1.0 388,1.0 389,1.0 390,1.0 
69,1.0 82,1.0 245,1.0 383,1.0 387,1.0 389,1.0 
69,1.0 82,1.0 245,1.0 383,1.0 387,1.0 388,1.0 
55,1.0 70,1.0 82,1.0 245,1.0 387,1.0 
77,1.0 79,1.0 82,1.0 92,1.0 
87,1.0 88,1.0 94,2.0 176,1.0 393,1.0 
28,1.0 82,1.0 87,1.0 88,1.0 94,2.0 134,1.0 160,1.0 176,1.0 392,1.0 
82,1.0 87,1.0 95,1.0 160,1.0 162,1.0 209,1.0 
94,1.0 
93,1.0 183,1.0 
66,1.0 74,1.0 75,1.0 82,1.0 224,1.0 359,1.0 418,1.0 
100,2.0 101,2.0 104,2.0 
34,7.0 35,1.0 74,2.0 75,1.0 76,2.0 77,1.0 83,4.0 84,3.0 85,1.0 87,1.0 88,3.0 91,1.0 137,6.0 224,1.0 416,1.0 
36,1.0 38,1.0 89,1.0 101,1.0 
40,2.0 41,1.0 89,2.0 93,1.0 96,1.0 222,1.0 
25,1.0 
234,1.0 247,1.0 
76,1.0 405,1.0 
76,1.0 406,1.0 
60,1.0 
8,1.0 108,1.0 342,1.0 344,1.0 371,1.0 
32,3.0 33,2.0 78,1.0 90,5.0 117,3.0 119,5.0 120,5.0 122,2.0 124,1.0 125,1.0 128,1.0 129,1.0 130,1.0 280,4.0 360,1.0 409,1.0 410,1.0 411,1.0 
32,1.0 78,1.0 90,1.0 119,1.0 120,1.0 122,1.0 124,1.0 125,1.0 280,1.0 408,1.0 410,1.0 
78,1.0 90,1.0 119,1.0 120,1.0 124,1.0 125,1.0 128,1.0 129,1.0 130,1.0 347,1.0 408,1.0 411,1.0 460,1.0 
5,1.0 128,1.0 129,1.0 130,1.0 132,1.0 133,1.0 241,1.0 
14,1.0 312,1.0 356,1.0 413,1.0 414,1.0 415,1.0 
8,1.0 
62,1.0 312,1.0 356,2.0 412,2.0 415,1.0 427,1.0 
8,1.0 14,1.0 
34,1.0 35,1.0 83,1.0 88,1.0 399,1.0 
66,1.0 74,1.0 75,1.0 162,1.0 224,1.0 359,1.0 397,1.0 
126,1.0 295,1.0 
83,1.0 88,1.0 124,1.0 134,2.0 153,2.0 156,1.0 230,1.0 420,2.0 421,1.0 
83,1.0 88,1.0 124,1.0 134,2.0 153,2.0 156,1.0 230,1.0 419,2.0 421,1.0 
32,1.0 83,2.0 88,2.0 107,1.0 122,1.0 123,1.0 134,5.0 190,1.0 354,1.0 444,1.0 
10,1.0 15,1.0 17,1.0 76,13.0 108,14.0 109,7.0 361,4.0 365,1.0 423,1.0 
108,1.0 422,1.0 
425,1.0 
38,1.0 
76,1.0 196,1.0 200,1.0 234,1.0 247,1.0 
62,1.0 356,1.0 414,1.0 
115,1.0 207,1.0 429,1.0 430,1.0 431,1.0 
97,1.0 176,1.0 179,1.0 204,1.0 207,2.0 430,1.0 431,1.0 
176,1.0 179,1.0 207,1.0 429,1.0 431,1.0 
176,1.0 179,1.0 207,1.0 429,1.0 430,1.0 
40,1.0 214,1.0 433,1.0 434,1.0 
40,1.0 214,1.0 432,1.0 434,1.0 
40,1.0 214,1.0 435,1.0 
74,1.0 
14,1.0 50,1.0 207,1.0 213,1.0 
2,10.0 15,10.0 
72,1.0 92,1.0 439,1.0 440,1.0 
72,1.0 92,1.0 438,1.0 440,1.0 
72,1.0 92,1.0 438,1.0 439,1.0 
62,1.0 82,1.0 291,1.0 
85,1.0 86,2.0 89,1.0 91,1.0 125,1.0 155,1.0 156,1.0 224,1.0 247,1.0 
247,1.0 
107,1.0 110,1.0 122,1.0 123,1.0 134,1.0 150,1.0 228,1.0 354,2.0 421,1.0 
110,1.0 354,2.0 
245,2.0 
157,1.0 229,1.0 230,1.0 
14,2.0 347,4.0 367,2.0 
107,1.0 354,1.0 459,1.0 
14,1.0 124,3.0 145,3.0 229,1.0 277,1.0 354,1.0 447,1.0 
354,1.0 
165,1.0 
230,1.0 
28,3.0 62,1.0 92,3.0 135,1.0 136,1.0 160,4.0 190,1.0 247,1.0 
105,1.0 124,1.0 156,1.0 
105,2.0 209,1.0 
105,1.0 458,1.0 
105,1.0 457,1.0 
107,1.0 449,1.0 
14,1.0 61,1.0 125,1.0 222,1.0 
356,1.0 
27,1.0 238,3.0 356,1.0 
248,2.0 
167,1.0 291,2.0 361,1.0 
79,2.0 105,1.0 189,1.0 
107,1.0 108,1.0 120,1.0 134,1.0 181,1.0 362,1.0 467,1.0 
107,1.0 108,1.0 120,1.0 134,1.0 181,1.0 362,1.0 466,1.0 
14,2.0 
14,1.0 470,1.0 471,1.0 472,1.0 
471,1.0 472,1.0 
470,1.0 472,1.0 
470,1.0 471,1.0 
