1,2.0 2,2.0 3,2.0 4,2.0 5,2.0 6,2.0 7,2.0 
0,2.0 2,4.0 3,2.0 4,2.0 5,2.0 6,2.0 7,2.0 224,2.0 225,2.0 226,2.0 227,2.0 228,2.0 229,2.0 
0,2.0 1,4.0 3,2.0 4,2.0 5,2.0 6,2.0 7,2.0 25,1.0 88,1.0 224,2.0 225,2.0 226,2.0 227,2.0 228,2.0 229,2.0 295,1.0 302,1.0 
0,2.0 1,4.0 2,4.0 4,2.0 5,2.0 6,2.0 7,2.0 13,4.0 20,2.0 41,2.0 221,4.0 222,4.0 223,4.0 224,2.0 225,2.0 234,2.0 243,6.0 244,6.0 
0,1.0 1,1.0 2,1.0 3,1.0 5,2.0 6,2.0 7,2.0 8,1.0 9,1.0 10,1.0 11,1.0 68,2.0 101,2.0 121,2.0 213,2.0 
0,1.0 1,1.0 2,1.0 3,1.0 4,2.0 6,2.0 7,2.0 8,1.0 9,1.0 10,1.0 11,1.0 14,1.0 36,2.0 37,1.0 48,1.0 67,4.0 68,4.0 93,2.0 95,4.0 125,1.0 173,2.0 
0,1.0 1,1.0 2,1.0 3,1.0 4,2.0 5,2.0 7,2.0 8,1.0 9,1.0 10,1.0 11,1.0 15,2.0 32,2.0 35,2.0 37,3.0 38,5.0 39,2.0 54,2.0 57,2.0 58,2.0 59,7.0 69,2.0 156,2.0 158,2.0 205,2.0 
0,1.0 1,1.0 2,1.0 3,1.0 4,2.0 5,2.0 6,2.0 8,1.0 9,1.0 10,1.0 11,1.0 12,3.0 23,3.0 25,3.0 29,3.0 30,3.0 33,3.0 69,3.0 74,3.0 78,5.0 93,2.0 94,5.0 95,3.0 145,3.0 
9,4.0 10,4.0 11,4.0 12,4.0 13,4.0 14,4.0 15,4.0 
8,4.0 10,4.0 11,4.0 12,4.0 13,4.0 14,4.0 15,4.0 
8,4.0 9,4.0 11,4.0 12,4.0 13,4.0 14,4.0 15,4.0 
8,4.0 9,4.0 10,4.0 12,4.0 13,4.0 14,4.0 15,4.0 
7,3.0 8,3.0 9,3.0 10,3.0 11,3.0 12,2.0 13,4.0 14,4.0 15,22.0 16,1.0 17,1.0 18,1.0 19,1.0 27,4.0 30,45.0 31,13.0 32,9.0 33,28.0 35,32.0 36,4.0 40,2.0 41,18.0 52,1.0 53,4.0 60,1.0 61,12.0 69,3.0 74,3.0 77,1.0 78,3.0 81,1.0 84,3.0 85,3.0 96,1.0 105,3.0 106,3.0 107,3.0 108,3.0 109,8.0 113,4.0 135,8.0 150,4.0 173,2.0 214,2.0 224,1.0 235,4.0 243,1.0 298,1.0 299,1.0 300,1.0 301,1.0 
3,2.0 7,3.0 8,3.0 9,3.0 10,3.0 11,3.0 12,4.0 13,2.0 14,6.0 15,4.0 16,1.0 17,1.0 18,3.0 19,1.0 20,18.0 23,2.0 25,7.0 27,12.0 28,5.0 31,27.0 32,26.0 33,8.0 35,21.0 36,2.0 37,8.0 40,4.0 41,2.0 54,12.0 60,2.0 69,6.0 84,6.0 94,3.0 100,3.0 101,2.0 109,4.0 116,3.0 129,5.0 135,3.0 163,1.0 200,2.0 209,1.0 210,2.0 211,2.0 212,1.0 213,2.0 243,2.0 244,2.0 245,6.0 246,2.0 247,2.0 248,2.0 257,1.0 258,3.0 265,2.0 
8,3.0 9,3.0 10,3.0 11,3.0 12,4.0 13,8.0 14,6.0 15,4.0 16,1.0 17,1.0 18,1.0 19,1.0 21,4.0 27,6.0 28,6.0 31,16.0 32,14.0 33,6.0 36,2.0 37,2.0 39,2.0 40,12.0 41,15.0 45,19.0 46,6.0 47,6.0 48,1.0 49,1.0 50,11.0 51,1.0 172,1.0 174,1.0 180,1.0 182,1.0 204,4.0 209,2.0 257,2.0 258,2.0 259,2.0 
5,3.0 6,3.0 8,3.0 9,3.0 10,3.0 11,3.0 12,22.0 13,4.0 14,4.0 15,18.0 16,3.0 17,1.0 18,1.0 19,1.0 21,5.0 22,5.0 23,4.0 24,7.0 25,2.0 27,10.0 28,4.0 29,8.0 30,28.0 31,8.0 32,4.0 33,56.0 34,8.0 35,40.0 36,25.0 37,26.0 38,55.0 40,12.0 41,30.0 48,5.0 49,10.0 53,4.0 56,6.0 57,2.0 58,4.0 59,3.0 61,10.0 62,4.0 63,5.0 64,5.0 67,2.0 68,1.0 70,3.0 73,9.0 80,2.0 88,2.0 95,2.0 103,3.0 104,3.0 109,3.0 110,1.0 111,2.0 120,4.0 121,6.0 124,6.0 126,6.0 128,1.0 161,2.0 169,2.0 170,4.0 172,2.0 174,3.0 176,1.0 177,1.0 178,1.0 180,7.0 181,3.0 235,4.0 236,2.0 257,4.0 260,4.0 261,4.0 262,2.0 
17,1.0 18,1.0 19,1.0 20,1.0 22,2.0 23,2.0 36,2.0 89,2.0 236,2.0 
13,1.0 16,1.0 18,1.0 19,1.0 20,1.0 26,2.0 48,2.0 
13,2.0 16,1.0 17,1.0 19,1.0 20,3.0 22,4.0 23,2.0 28,2.0 32,3.0 55,3.0 56,3.0 246,8.0 247,6.0 249,2.0 
16,1.0 17,1.0 18,1.0 20,1.0 21,1.0 23,1.0 27,4.0 29,1.0 33,6.0 79,3.0 81,6.0 88,2.0 127,1.0 147,1.0 148,2.0 149,1.0 150,1.0 
13,16.0 21,12.0 26,2.0 27,4.0 29,12.0 31,12.0 32,4.0 33,4.0 35,2.0 36,14.0 37,2.0 39,2.0 54,10.0 60,2.0 69,2.0 84,2.0 86,4.0 89,2.0 97,2.0 100,2.0 103,2.0 109,2.0 110,9.0 120,4.0 124,2.0 129,4.0 130,3.0 131,3.0 132,2.0 185,4.0 200,2.0 245,2.0 248,2.0 
6,2.0 14,4.0 15,8.0 16,2.0 18,2.0 19,1.0 20,11.0 21,30.0 22,8.0 24,3.0 25,3.0 26,2.0 27,59.0 29,1.0 30,4.0 31,8.0 33,31.0 36,8.0 37,8.0 38,4.0 39,2.0 40,4.0 41,31.0 43,4.0 46,4.0 48,4.0 50,6.0 51,1.0 53,5.0 54,2.0 56,1.0 57,1.0 58,2.0 59,2.0 63,3.0 69,1.0 79,3.0 86,5.0 88,1.0 89,7.0 100,3.0 102,4.0 103,4.0 109,3.0 110,9.0 121,11.0 124,10.0 126,4.0 129,7.0 132,3.0 133,5.0 134,2.0 148,1.0 153,3.0 157,1.0 158,1.0 159,8.0 183,1.0 184,1.0 204,32.0 205,2.0 235,1.0 246,4.0 247,2.0 249,2.0 
13,2.0 15,2.0 16,2.0 18,2.0 20,1.0 21,4.0 23,18.0 24,6.0 27,2.0 28,6.0 29,14.0 31,14.0 33,5.0 36,2.0 38,5.0 54,2.0 61,3.0 83,1.0 86,4.0 89,4.0 117,2.0 120,2.0 129,2.0 134,1.0 138,1.0 185,2.0 206,2.0 246,2.0 249,2.0 306,1.0 307,1.0 308,1.0 
7,3.0 15,5.0 21,8.0 22,7.0 23,5.0 24,16.0 25,14.0 27,28.0 29,23.0 31,10.0 32,4.0 33,24.0 37,6.0 38,2.0 40,3.0 41,1.0 51,1.0 53,5.0 54,2.0 60,2.0 61,3.0 63,3.0 71,1.0 72,1.0 74,1.0 75,3.0 79,1.0 89,2.0 95,3.0 110,1.0 121,6.0 128,5.0 133,3.0 134,1.0 135,2.0 138,2.0 142,1.0 143,1.0 144,1.0 145,3.0 146,1.0 147,1.0 148,1.0 159,2.0 200,4.0 225,3.0 235,1.0 241,2.0 303,3.0 304,3.0 
15,4.0 19,1.0 21,3.0 22,8.0 23,9.0 25,16.0 27,4.0 28,3.0 29,12.0 30,7.0 31,12.0 33,7.0 36,2.0 38,5.0 56,1.0 57,1.0 61,2.0 62,3.0 69,2.0 72,3.0 74,1.0 79,3.0 110,1.0 113,3.0 121,1.0 123,3.0 126,2.0 127,1.0 129,3.0 133,3.0 135,10.0 136,1.0 138,2.0 146,1.0 147,2.0 148,1.0 149,1.0 157,1.0 158,1.0 163,1.0 200,2.0 209,1.0 210,10.0 211,10.0 212,1.0 213,10.0 241,2.0 251,2.0 252,2.0 257,1.0 258,11.0 265,10.0 
7,3.0 13,3.0 15,2.0 21,1.0 23,17.0 24,10.0 26,1.0 27,18.0 28,3.0 29,14.0 31,46.0 32,10.0 33,27.0 35,18.0 36,4.0 37,13.0 39,2.0 40,3.0 41,1.0 48,1.0 50,2.0 51,1.0 53,5.0 54,4.0 56,1.0 57,2.0 60,5.0 61,2.0 62,3.0 72,6.0 79,2.0 85,3.0 86,12.0 87,3.0 88,3.0 90,3.0 91,3.0 92,3.0 93,3.0 94,6.0 95,3.0 96,1.0 109,8.0 113,14.0 116,2.0 121,15.0 129,4.0 135,5.0 137,3.0 142,1.0 143,1.0 147,1.0 149,1.0 159,2.0 163,1.0 200,2.0 209,1.0 210,2.0 211,2.0 212,1.0 213,2.0 235,1.0 237,2.0 242,2.0 254,2.0 255,2.0 256,2.0 257,2.0 258,6.0 264,2.0 265,4.0 266,2.0 267,1.0 268,1.0 300,1.0 305,1.0 309,1.0 310,1.0 311,1.0 
13,1.0 17,2.0 21,2.0 48,2.0 103,2.0 124,2.0 
12,2.0 13,6.0 14,6.0 15,10.0 18,2.0 19,4.0 20,6.0 21,57.0 22,14.0 23,12.0 24,18.0 25,22.0 27,30.0 28,15.0 29,21.0 30,2.0 31,44.0 32,12.0 33,136.0 35,10.0 36,10.0 37,18.0 38,10.0 40,2.0 41,37.0 45,2.0 48,8.0 50,12.0 51,1.0 52,2.0 53,11.0 56,27.0 57,3.0 60,13.0 69,1.0 71,4.0 72,9.0 79,10.0 80,4.0 81,3.0 82,1.0 86,16.0 87,4.0 88,5.0 89,3.0 96,1.0 97,3.0 102,4.0 103,3.0 104,3.0 108,3.0 109,6.0 110,6.0 111,3.0 112,3.0 113,2.0 116,4.0 118,3.0 120,8.0 121,5.0 122,3.0 128,1.0 129,14.0 138,5.0 140,1.0 141,1.0 148,1.0 153,3.0 157,1.0 158,1.0 159,2.0 163,1.0 166,2.0 183,2.0 184,2.0 195,4.0 200,5.0 204,2.0 209,1.0 210,2.0 211,2.0 212,1.0 213,2.0 235,5.0 246,4.0 247,2.0 249,2.0 254,2.0 255,2.0 256,2.0 257,1.0 258,3.0 265,2.0 
4,2.0 6,2.0 13,16.0 14,8.0 15,4.0 18,2.0 19,3.0 22,6.0 24,3.0 25,6.0 27,14.0 29,13.0 30,4.0 31,19.0 32,42.0 33,4.0 35,25.0 36,6.0 37,8.0 38,4.0 45,2.0 60,2.0 61,3.0 71,1.0 72,1.0 73,1.0 75,2.0 79,5.0 80,1.0 81,7.0 88,1.0 113,7.0 116,7.0 117,3.0 123,3.0 135,2.0 159,4.0 163,1.0 166,8.0 185,2.0 192,4.0 200,1.0 209,1.0 210,2.0 211,2.0 212,1.0 213,2.0 244,1.0 246,2.0 249,2.0 257,1.0 258,3.0 265,2.0 295,1.0 296,1.0 297,1.0 
7,2.0 12,2.0 15,12.0 20,2.0 21,12.0 23,37.0 25,22.0 27,26.0 28,5.0 29,1.0 30,19.0 31,62.0 32,2.0 33,57.0 34,6.0 35,2.0 36,37.0 37,18.0 38,4.0 40,4.0 41,5.0 48,1.0 49,2.0 50,18.0 51,5.0 52,1.0 53,5.0 56,16.0 60,9.0 61,6.0 71,6.0 72,9.0 74,3.0 75,3.0 76,3.0 77,3.0 79,5.0 95,2.0 97,3.0 110,4.0 121,4.0 129,4.0 138,2.0 142,2.0 143,2.0 144,2.0 145,2.0 146,1.0 147,1.0 150,4.0 163,1.0 185,8.0 187,4.0 200,6.0 209,1.0 210,2.0 211,2.0 212,1.0 213,2.0 221,3.0 235,1.0 239,2.0 257,1.0 258,3.0 265,2.0 270,3.0 290,3.0 291,3.0 
12,10.0 13,2.0 15,39.0 19,3.0 21,1.0 24,7.0 25,1.0 27,12.0 28,14.0 29,13.0 31,9.0 32,12.0 33,36.0 34,2.0 35,35.0 36,4.0 37,2.0 38,7.0 40,4.0 41,12.0 48,2.0 49,4.0 50,4.0 51,4.0 56,12.0 57,1.0 61,15.0 68,2.0 69,1.0 72,2.0 74,3.0 75,3.0 76,1.0 79,5.0 80,5.0 81,3.0 82,3.0 83,3.0 88,2.0 103,3.0 104,3.0 110,3.0 113,2.0 121,2.0 122,3.0 126,2.0 127,2.0 128,1.0 138,4.0 157,1.0 158,1.0 163,1.0 166,12.0 200,2.0 209,1.0 210,2.0 211,2.0 212,1.0 213,2.0 242,1.0 251,2.0 252,2.0 257,1.0 258,3.0 265,2.0 269,1.0 
7,3.0 12,15.0 13,23.0 14,14.0 15,2.0 17,1.0 20,16.0 21,19.0 22,6.0 23,18.0 25,56.0 27,22.0 28,19.0 29,92.0 30,9.0 31,10.0 32,56.0 33,65.0 35,36.0 36,42.0 37,24.0 38,2.0 39,2.0 40,4.0 41,7.0 45,2.0 48,1.0 50,2.0 51,1.0 53,18.0 56,12.0 57,2.0 60,2.0 61,6.0 72,3.0 79,2.0 81,1.0 86,29.0 94,3.0 107,3.0 108,3.0 109,27.0 110,5.0 121,14.0 128,6.0 129,10.0 135,4.0 161,1.0 169,1.0 170,1.0 171,1.0 185,1.0 200,2.0 235,10.0 243,1.0 254,2.0 255,2.0 256,2.0 292,1.0 293,1.0 294,1.0 298,1.0 299,1.0 
3,4.0 12,18.0 13,34.0 14,16.0 18,5.0 20,10.0 25,14.0 27,10.0 28,16.0 29,12.0 30,16.0 31,54.0 32,20.0 33,32.0 35,64.0 37,2.0 39,6.0 41,2.0 45,2.0 50,4.0 51,4.0 55,4.0 56,26.0 63,2.0 69,4.0 81,8.0 84,4.0 86,6.0 89,4.0 107,2.0 113,2.0 120,2.0 121,10.0 124,2.0 128,6.0 135,4.0 150,2.0 159,4.0 166,28.0 185,7.0 195,4.0 196,4.0 197,2.0 198,2.0 212,2.0 243,4.0 244,4.0 245,4.0 246,2.0 247,2.0 
12,52.0 13,7.0 14,6.0 15,49.0 20,14.0 21,19.0 22,16.0 23,10.0 24,16.0 25,15.0 27,128.0 28,25.0 29,39.0 30,35.0 31,116.0 32,21.0 33,72.0 34,6.0 35,35.0 36,51.0 37,21.0 38,28.0 40,40.0 41,53.0 45,2.0 48,12.0 49,6.0 50,36.0 51,5.0 52,9.0 53,45.0 54,2.0 56,74.0 57,2.0 60,7.0 73,4.0 84,3.0 85,3.0 86,11.0 89,4.0 96,1.0 102,4.0 109,39.0 110,9.0 113,2.0 121,12.0 127,2.0 128,4.0 129,4.0 135,6.0 150,2.0 159,33.0 166,2.0 183,1.0 184,1.0 185,4.0 186,6.0 188,2.0 189,2.0 197,2.0 235,21.0 254,2.0 255,2.0 256,2.0 
7,3.0 12,3.0 13,4.0 15,8.0 21,4.0 23,2.0 25,4.0 30,4.0 34,2.0 35,1.0 37,2.0 49,6.0 69,3.0 73,8.0 78,3.0 80,2.0 88,2.0 110,4.0 120,2.0 124,2.0 125,14.0 126,2.0 127,2.0 129,2.0 161,3.0 169,2.0 170,6.0 172,2.0 174,2.0 175,1.0 176,2.0 177,1.0 178,1.0 179,2.0 180,2.0 
12,30.0 13,12.0 14,2.0 15,38.0 18,3.0 20,2.0 24,2.0 25,10.0 27,12.0 28,16.0 29,14.0 30,30.0 31,31.0 32,78.0 33,35.0 35,24.0 36,31.0 37,4.0 39,4.0 40,6.0 41,28.0 50,4.0 51,4.0 53,4.0 55,4.0 56,12.0 59,1.0 68,2.0 75,2.0 86,4.0 89,4.0 109,2.0 116,2.0 121,4.0 129,10.0 135,8.0 150,2.0 159,4.0 161,2.0 163,2.0 166,28.0 170,1.0 174,1.0 180,3.0 181,1.0 185,6.0 188,2.0 189,2.0 192,4.0 196,4.0 197,2.0 198,2.0 235,4.0 257,2.0 260,2.0 
13,6.0 15,29.0 20,6.0 21,14.0 23,2.0 24,2.0 25,6.0 27,8.0 29,36.0 30,10.0 31,25.0 32,2.0 33,63.0 34,3.0 35,22.0 36,12.0 37,61.0 40,8.0 41,3.0 49,2.0 50,4.0 51,1.0 52,8.0 53,31.0 54,44.0 56,3.0 58,1.0 59,1.0 60,6.0 61,5.0 62,3.0 63,4.0 64,4.0 73,8.0 74,4.0 96,3.0 110,14.0 111,2.0 120,4.0 121,4.0 124,4.0 126,2.0 150,12.0 185,4.0 199,2.0 235,5.0 239,2.0 
13,12.0 15,47.0 21,5.0 23,6.0 25,11.0 27,19.0 28,18.0 29,12.0 31,2.0 33,25.0 34,3.0 35,2.0 36,56.0 38,16.0 39,6.0 40,14.0 41,1.0 42,1.0 48,1.0 50,2.0 51,1.0 53,7.0 56,2.0 57,5.0 58,3.0 61,5.0 62,3.0 65,3.0 66,3.0 67,3.0 68,3.0 69,3.0 70,3.0 73,8.0 74,4.0 86,4.0 96,3.0 109,3.0 111,2.0 120,4.0 121,4.0 124,8.0 126,6.0 129,2.0 159,3.0 161,1.0 162,1.0 163,1.0 164,1.0 185,2.0 190,2.0 191,2.0 192,4.0 194,2.0 199,2.0 235,1.0 
5,1.0 6,5.0 15,51.0 21,4.0 22,2.0 23,2.0 24,2.0 27,10.0 28,4.0 29,4.0 30,4.0 33,30.0 37,22.0 39,1.0 40,4.0 41,2.0 48,3.0 57,8.0 59,3.0 61,6.0 67,1.0 68,1.0 69,8.0 73,4.0 95,1.0 103,3.0 104,3.0 111,2.0 120,4.0 124,2.0 158,2.0 165,2.0 170,1.0 172,2.0 174,5.0 180,11.0 181,3.0 182,2.0 237,2.0 238,2.0 257,6.0 260,4.0 261,4.0 262,2.0 263,2.0 
6,2.0 13,2.0 23,4.0 33,2.0 36,2.0 40,8.0 41,6.0 42,9.0 54,10.0 58,2.0 59,2.0 68,2.0 190,2.0 205,2.0 
5,1.0 6,2.0 12,6.0 14,9.0 15,12.0 21,2.0 22,3.0 24,4.0 27,8.0 29,2.0 30,6.0 31,2.0 33,40.0 35,10.0 36,5.0 37,14.0 38,8.0 39,7.0 40,16.0 41,53.0 42,5.0 43,15.0 44,5.0 45,7.0 46,2.0 48,10.0 50,13.0 51,1.0 53,5.0 54,2.0 58,2.0 59,2.0 67,2.0 68,1.0 89,3.0 95,1.0 97,3.0 100,4.0 101,3.0 102,10.0 125,8.0 132,1.0 161,1.0 170,3.0 173,1.0 174,4.0 175,1.0 176,1.0 179,1.0 180,8.0 181,3.0 204,2.0 205,2.0 257,4.0 260,4.0 261,4.0 262,2.0 317,1.0 
6,2.0 12,22.0 14,13.0 15,28.0 21,33.0 23,1.0 25,1.0 27,39.0 29,3.0 30,6.0 31,10.0 33,55.0 35,28.0 36,5.0 37,1.0 39,7.0 40,45.0 41,14.0 42,5.0 43,7.0 44,5.0 45,8.0 46,2.0 47,6.0 48,6.0 50,7.0 52,1.0 53,13.0 60,1.0 96,1.0 102,7.0 166,4.0 167,1.0 204,16.0 209,2.0 212,2.0 235,4.0 257,2.0 258,2.0 
14,2.0 38,1.0 39,5.0 40,7.0 41,5.0 
14,1.0 21,4.0 40,10.0 41,6.0 44,5.0 45,1.0 98,3.0 99,3.0 100,3.0 101,3.0 161,1.0 163,1.0 164,1.0 165,1.0 204,4.0 
14,1.0 40,4.0 41,4.0 43,5.0 45,1.0 
14,19.0 28,2.0 31,4.0 32,4.0 40,9.0 41,7.0 46,6.0 47,6.0 48,1.0 49,1.0 50,1.0 51,3.0 172,1.0 174,2.0 180,2.0 181,1.0 182,1.0 262,1.0 
14,6.0 21,4.0 41,2.0 45,6.0 47,6.0 183,2.0 204,4.0 
14,6.0 41,4.0 45,6.0 46,6.0 109,1.0 184,5.0 
15,4.0 21,5.0 25,4.0 27,11.0 29,1.0 31,3.0 33,12.0 34,2.0 40,20.0 41,6.0 49,4.0 50,5.0 51,1.0 53,5.0 56,3.0 63,2.0 64,2.0 67,2.0 73,2.0 78,2.0 86,1.0 95,2.0 129,1.0 153,1.0 161,1.0 163,1.0 164,1.0 165,1.0 172,2.0 174,2.0 180,2.0 182,2.0 209,2.0 212,2.0 257,2.0 258,2.0 
15,10.0 30,6.0 33,6.0 34,6.0 36,2.0 37,2.0 40,3.0 48,4.0 49,2.0 50,1.0 51,1.0 56,2.0 73,2.0 80,2.0 88,2.0 172,1.0 174,2.0 180,2.0 181,1.0 182,1.0 262,1.0 
5,1.0 14,8.0 17,2.0 21,4.0 23,3.0 25,3.0 26,2.0 27,16.0 28,2.0 29,12.0 32,2.0 33,38.0 35,2.0 37,3.0 40,5.0 41,7.0 45,1.0 48,6.0 49,1.0 50,12.0 51,6.0 53,6.0 54,2.0 56,30.0 67,1.0 68,1.0 86,2.0 89,3.0 95,1.0 97,3.0 135,4.0 159,2.0 166,2.0 172,1.0 174,3.0 180,7.0 181,2.0 182,1.0 204,2.0 235,2.0 257,4.0 260,4.0 261,4.0 262,2.0 
14,1.0 21,1.0 23,1.0 25,1.0 27,1.0 29,5.0 31,1.0 33,9.0 36,1.0 37,1.0 40,1.0 45,2.0 48,1.0 49,2.0 50,11.0 56,8.0 121,1.0 209,2.0 212,2.0 257,2.0 258,2.0 
27,1.0 29,6.0 32,8.0 33,9.0 60,8.0 96,1.0 185,6.0 281,1.0 
15,4.0 21,8.0 23,2.0 25,1.0 27,10.0 29,9.0 30,4.0 31,15.0 33,46.0 35,2.0 36,29.0 37,5.0 39,1.0 40,12.0 41,11.0 48,4.0 49,2.0 50,3.0 53,12.0 56,4.0 63,2.0 64,2.0 67,2.0 86,2.0 95,2.0 102,2.0 109,4.0 121,1.0 128,1.0 159,2.0 165,1.0 166,1.0 172,2.0 174,3.0 180,4.0 181,1.0 182,2.0 235,11.0 257,1.0 262,1.0 263,1.0 
13,4.0 14,2.0 20,4.0 21,10.0 23,2.0 25,2.0 27,2.0 28,2.0 31,2.0 32,2.0 35,10.0 36,38.0 37,8.0 50,2.0 110,10.0 120,4.0 129,8.0 135,4.0 150,8.0 159,2.0 183,2.0 193,2.0 
18,3.0 32,4.0 56,4.0 
13,4.0 14,2.0 15,8.0 20,4.0 21,3.0 22,2.0 24,2.0 27,19.0 28,11.0 29,12.0 30,5.0 31,17.0 32,24.0 33,72.0 34,2.0 35,10.0 45,2.0 48,2.0 49,2.0 50,28.0 51,4.0 52,6.0 53,8.0 56,20.0 73,4.0 86,11.0 109,1.0 110,5.0 121,4.0 127,3.0 128,2.0 129,1.0 159,4.0 166,10.0 183,1.0 184,1.0 185,8.0 235,16.0 
6,2.0 15,7.0 21,1.0 23,2.0 25,2.0 27,1.0 29,2.0 31,2.0 37,4.0 38,4.0 53,2.0 57,2.0 63,4.0 64,2.0 67,2.0 69,11.0 84,3.0 85,2.0 95,2.0 107,2.0 110,1.0 129,1.0 157,2.0 158,4.0 204,3.0 235,2.0 245,1.0 254,9.0 255,9.0 256,9.0 
6,2.0 15,3.0 36,4.0 37,1.0 39,2.0 54,2.0 59,2.0 70,3.0 205,2.0 
6,5.0 15,1.0 35,1.0 37,3.0 38,3.0 39,2.0 54,2.0 58,2.0 84,2.0 85,2.0 201,2.0 202,2.0 205,2.0 
13,2.0 20,2.0 21,2.0 22,2.0 23,4.0 25,5.0 27,7.0 31,3.0 32,6.0 33,9.0 52,8.0 72,5.0 79,3.0 80,1.0 96,1.0 113,2.0 124,2.0 128,1.0 138,2.0 149,2.0 200,9.0 204,1.0 248,2.0 250,2.0 281,1.0 
15,3.0 19,3.0 23,5.0 24,1.0 25,2.0 28,3.0 29,6.0 30,12.0 31,3.0 33,14.0 36,3.0 37,10.0 38,3.0 40,3.0 62,8.0 75,3.0 79,3.0 81,3.0 82,3.0 83,3.0 89,2.0 96,3.0 111,4.0 129,3.0 134,1.0 135,1.0 136,1.0 137,1.0 
25,3.0 27,1.0 37,7.0 40,3.0 61,8.0 96,3.0 113,2.0 129,1.0 138,1.0 139,1.0 
21,3.0 33,2.0 36,5.0 37,4.0 48,2.0 50,2.0 54,2.0 57,3.0 63,1.0 64,8.0 67,4.0 84,2.0 85,2.0 95,5.0 107,5.0 121,3.0 254,3.0 255,3.0 256,3.0 
36,5.0 37,4.0 48,2.0 50,2.0 57,2.0 63,9.0 67,4.0 84,1.0 85,1.0 95,4.0 107,1.0 128,2.0 254,2.0 255,2.0 256,2.0 
38,3.0 66,3.0 
38,3.0 65,3.0 
5,4.0 14,1.0 15,3.0 36,1.0 37,1.0 48,3.0 50,2.0 57,2.0 63,5.0 64,4.0 68,7.0 84,1.0 85,1.0 95,8.0 100,1.0 107,1.0 125,2.0 132,1.0 159,1.0 173,1.0 254,2.0 255,2.0 256,2.0 
4,2.0 5,4.0 14,1.0 15,3.0 28,2.0 31,2.0 36,2.0 37,1.0 48,1.0 67,7.0 95,4.0 116,2.0 125,1.0 173,2.0 211,2.0 
6,2.0 7,3.0 12,3.0 13,6.0 15,5.0 21,2.0 27,1.0 30,3.0 32,6.0 37,4.0 38,2.0 53,2.0 57,12.0 63,1.0 64,1.0 67,1.0 74,3.0 78,3.0 84,7.0 107,1.0 110,1.0 121,1.0 129,1.0 157,2.0 158,4.0 235,2.0 245,7.0 254,2.0 255,2.0 256,2.0 
6,2.0 15,3.0 36,3.0 58,3.0 78,2.0 
27,4.0 33,6.0 72,7.0 79,5.0 88,1.0 127,1.0 128,1.0 138,1.0 148,1.0 
13,4.0 23,1.0 25,6.0 27,6.0 31,5.0 32,3.0 33,6.0 60,5.0 71,7.0 79,10.0 88,1.0 110,1.0 121,2.0 128,2.0 138,1.0 146,3.0 147,4.0 149,1.0 185,1.0 200,6.0 204,1.0 292,1.0 293,1.0 294,1.0 
15,12.0 29,7.0 30,2.0 34,4.0 36,8.0 37,9.0 38,8.0 49,4.0 74,3.0 120,8.0 124,4.0 161,2.0 168,1.0 169,2.0 170,3.0 172,2.0 176,1.0 177,1.0 178,1.0 
24,1.0 29,3.0 30,3.0 33,3.0 73,4.0 75,3.0 76,3.0 77,3.0 133,1.0 135,1.0 199,2.0 
22,2.0 27,1.0 33,3.0 34,3.0 35,2.0 76,3.0 77,3.0 82,3.0 83,3.0 86,2.0 225,3.0 303,3.0 304,3.0 
34,3.0 75,3.0 77,3.0 242,4.0 253,4.0 269,2.0 270,4.0 271,4.0 272,4.0 273,2.0 
31,1.0 34,3.0 75,3.0 76,3.0 224,1.0 300,1.0 301,1.0 
7,5.0 12,3.0 30,3.0 50,2.0 69,3.0 70,2.0 74,3.0 
13,4.0 19,3.0 21,3.0 25,2.0 27,7.0 31,2.0 32,2.0 33,9.0 60,3.0 71,5.0 72,10.0 80,4.0 81,3.0 88,1.0 110,2.0 121,1.0 124,3.0 127,1.0 128,1.0 138,2.0 148,3.0 150,1.0 151,1.0 152,1.0 200,7.0 246,2.0 249,2.0 
27,4.0 33,3.0 60,1.0 79,4.0 88,2.0 138,1.0 200,1.0 274,1.0 281,1.0 
12,1.0 13,4.0 19,6.0 27,3.0 31,1.0 32,8.0 33,6.0 39,2.0 79,3.0 120,2.0 124,2.0 243,1.0 298,1.0 299,1.0 
29,1.0 33,3.0 75,3.0 83,3.0 120,1.0 140,1.0 141,1.0 
21,1.0 33,3.0 75,3.0 82,3.0 306,1.0 307,1.0 308,1.0 
12,3.0 13,6.0 30,3.0 32,6.0 57,3.0 61,3.0 63,2.0 64,1.0 67,1.0 69,7.0 85,6.0 95,1.0 107,1.0 201,2.0 202,2.0 203,2.0 245,7.0 254,3.0 255,3.0 256,3.0 
12,3.0 13,3.0 30,3.0 31,3.0 57,1.0 61,3.0 63,1.0 84,6.0 95,4.0 201,2.0 202,2.0 203,2.0 254,1.0 255,1.0 256,1.0 
21,4.0 25,14.0 27,37.0 28,2.0 31,5.0 33,30.0 35,2.0 37,2.0 53,2.0 56,15.0 89,3.0 109,1.0 110,2.0 111,3.0 112,3.0 114,3.0 115,3.0 129,8.0 153,4.0 183,1.0 184,1.0 185,2.0 194,2.0 235,8.0 
25,3.0 27,1.0 31,3.0 88,3.0 120,1.0 
2,1.0 19,2.0 21,1.0 23,1.0 25,4.0 27,2.0 29,1.0 31,3.0 71,1.0 72,1.0 79,1.0 80,2.0 87,3.0 121,1.0 138,1.0 148,2.0 222,1.0 274,1.0 281,1.0 295,1.0 302,2.0 314,1.0 
16,2.0 20,2.0 21,4.0 22,4.0 23,7.0 27,3.0 31,11.0 50,3.0 53,3.0 61,2.0 86,3.0 97,5.0 124,5.0 133,5.0 197,4.0 
28,3.0 31,3.0 91,3.0 92,3.0 
28,3.0 31,3.0 90,3.0 92,3.0 
28,3.0 31,3.0 90,3.0 91,3.0 
5,2.0 27,3.0 31,3.0 94,7.0 
5,2.0 7,5.0 25,3.0 27,3.0 31,3.0 33,3.0 93,5.0 
5,4.0 7,3.0 13,3.0 14,1.0 23,3.0 29,3.0 31,3.0 36,1.0 37,1.0 48,3.0 50,2.0 57,1.0 63,4.0 64,3.0 67,7.0 68,4.0 84,1.0 85,4.0 121,5.0 125,1.0 145,3.0 254,1.0 255,1.0 256,1.0 
13,1.0 37,3.0 40,3.0 52,1.0 60,1.0 61,3.0 62,3.0 128,1.0 135,1.0 142,1.0 204,1.0 281,1.0 300,1.0 305,1.0 
20,2.0 21,2.0 27,3.0 50,3.0 53,3.0 89,5.0 111,4.0 120,3.0 121,4.0 150,4.0 
40,3.0 99,3.0 
40,3.0 98,3.0 
20,2.0 40,3.0 48,3.0 67,1.0 101,5.0 116,5.0 119,3.0 124,3.0 125,1.0 126,1.0 132,4.0 159,1.0 173,1.0 
4,2.0 40,3.0 48,3.0 70,2.0 100,5.0 
21,4.0 27,4.0 33,4.0 40,7.0 41,4.0 48,6.0 53,1.0 167,1.0 209,2.0 212,2.0 257,2.0 258,2.0 
15,3.0 20,4.0 21,4.0 26,2.0 27,3.0 33,3.0 40,3.0 104,12.0 121,4.0 122,3.0 123,6.0 124,2.0 134,2.0 
15,3.0 20,2.0 27,3.0 33,3.0 40,3.0 103,12.0 121,4.0 122,3.0 123,6.0 
31,3.0 106,3.0 
31,3.0 105,3.0 
31,3.0 33,5.0 54,2.0 57,2.0 63,6.0 64,1.0 67,1.0 84,1.0 85,1.0 95,1.0 108,3.0 128,2.0 254,2.0 255,2.0 256,2.0 
25,3.0 31,3.0 33,3.0 107,3.0 118,9.0 121,2.0 123,6.0 127,2.0 150,4.0 
12,4.0 13,6.0 20,2.0 21,2.0 25,10.0 27,4.0 31,30.0 33,46.0 34,3.0 54,2.0 63,2.0 89,4.0 107,2.0 110,2.0 121,4.0 129,4.0 135,4.0 150,2.0 183,2.0 184,2.0 197,2.0 
15,5.0 20,9.0 21,8.0 24,4.0 25,3.0 30,3.0 31,8.0 32,4.0 33,13.0 36,6.0 37,4.0 54,4.0 56,6.0 79,1.0 86,3.0 89,2.0 97,2.0 109,2.0 110,1.0 120,2.0 126,2.0 127,1.0 129,6.0 148,2.0 150,2.0 153,1.0 159,10.0 185,2.0 
27,3.0 31,3.0 33,4.0 61,4.0 97,4.0 112,3.0 121,4.0 150,4.0 
27,3.0 31,3.0 111,3.0 
2,1.0 12,4.0 13,3.0 24,5.0 25,9.0 27,5.0 30,2.0 32,2.0 33,4.0 35,2.0 88,1.0 123,3.0 137,2.0 143,1.0 163,1.0 209,1.0 210,2.0 211,2.0 212,1.0 213,2.0 227,1.0 237,2.0 242,3.0 249,2.0 253,2.0 257,2.0 258,6.0 264,2.0 265,4.0 266,2.0 267,1.0 268,1.0 295,1.0 302,1.0 309,1.0 310,1.0 311,1.0 312,1.0 313,1.0 
25,3.0 115,3.0 
25,3.0 114,3.0 
25,3.0 27,4.0 32,6.0 36,2.0 68,2.0 100,5.0 117,5.0 119,3.0 135,2.0 
6,2.0 25,3.0 38,2.0 57,2.0 69,2.0 116,5.0 121,2.0 128,2.0 150,2.0 158,2.0 206,2.0 
25,3.0 108,9.0 123,6.0 127,2.0 150,4.0 
33,3.0 
15,4.0 23,3.0 25,3.0 27,4.0 29,1.0 34,4.0 36,4.0 37,4.0 38,4.0 54,2.0 60,2.0 73,8.0 82,1.0 110,4.0 121,3.0 124,15.0 138,1.0 140,1.0 141,1.0 149,2.0 150,4.0 153,2.0 159,2.0 185,16.0 193,2.0 200,2.0 250,2.0 
21,3.0 23,11.0 25,15.0 27,4.0 29,6.0 30,1.0 31,12.0 32,8.0 33,6.0 34,4.0 35,4.0 36,14.0 37,4.0 41,1.0 51,1.0 53,1.0 54,8.0 56,2.0 72,1.0 97,4.0 103,6.0 104,6.0 108,6.0 109,4.0 110,2.0 111,4.0 117,2.0 118,6.0 120,4.0 123,6.0 125,4.0 127,6.0 128,7.0 129,1.0 147,1.0 149,1.0 150,14.0 185,4.0 235,1.0 315,4.0 
27,3.0 33,3.0 103,3.0 104,3.0 
20,2.0 24,3.0 27,3.0 57,3.0 69,1.0 88,1.0 95,5.0 103,6.0 104,6.0 113,3.0 121,10.0 222,1.0 302,1.0 314,1.0 
15,4.0 21,7.0 22,4.0 23,1.0 34,4.0 36,2.0 37,4.0 38,2.0 40,1.0 48,1.0 56,6.0 60,2.0 73,4.0 89,5.0 120,9.0 125,4.0 133,5.0 138,1.0 149,3.0 156,1.0 159,2.0 200,2.0 250,2.0 
15,2.0 21,4.0 34,14.0 37,2.0 38,5.0 40,11.0 67,1.0 100,1.0 110,4.0 124,2.0 126,2.0 127,2.0 132,1.0 159,3.0 160,1.0 161,2.0 163,1.0 164,1.0 165,1.0 170,2.0 173,1.0 174,1.0 175,1.0 176,1.0 179,1.0 180,1.0 
15,2.0 19,1.0 21,4.0 25,1.0 27,1.0 33,2.0 34,6.0 37,2.0 56,2.0 88,1.0 100,1.0 103,2.0 123,1.0 124,1.0 125,6.0 129,1.0 132,1.0 134,2.0 138,1.0 147,1.0 148,1.0 153,1.0 154,1.0 155,1.0 
15,4.0 19,1.0 24,1.0 27,3.0 30,2.0 37,2.0 72,1.0 97,4.0 108,2.0 111,4.0 118,2.0 121,4.0 123,11.0 128,1.0 146,1.0 147,2.0 149,1.0 150,1.0 
7,1.0 23,4.0 29,4.0 30,2.0 33,1.0 36,8.0 51,1.0 54,4.0 56,1.0 60,1.0 71,1.0 72,1.0 79,1.0 95,1.0 96,1.0 117,2.0 120,2.0 121,2.0 127,5.0 130,4.0 145,1.0 148,1.0 150,16.0 185,2.0 204,7.0 235,1.0 237,4.0 239,2.0 255,2.0 316,4.0 
13,1.0 20,1.0 21,8.0 22,1.0 24,3.0 25,2.0 27,13.0 30,6.0 31,6.0 32,8.0 33,4.0 34,6.0 37,8.0 39,2.0 54,2.0 56,2.0 61,1.0 62,1.0 79,2.0 81,4.0 86,8.0 109,9.0 110,8.0 121,1.0 126,1.0 129,1.0 135,2.0 137,1.0 138,3.0 139,1.0 148,2.0 153,4.0 183,1.0 184,1.0 
21,3.0 127,4.0 131,3.0 237,4.0 316,4.0 
21,3.0 130,3.0 
20,2.0 67,1.0 100,4.0 124,3.0 125,1.0 126,1.0 159,1.0 173,1.0 
21,2.0 22,2.0 23,1.0 24,3.0 25,2.0 74,1.0 89,5.0 124,5.0 135,1.0 241,2.0 
20,2.0 21,2.0 23,1.0 24,1.0 61,1.0 103,2.0 
12,8.0 13,1.0 22,3.0 23,1.0 24,9.0 25,2.0 32,8.0 33,4.0 34,4.0 35,4.0 36,6.0 37,4.0 54,6.0 61,1.0 79,1.0 86,2.0 96,1.0 109,4.0 116,2.0 120,2.0 129,2.0 136,1.0 142,1.0 148,1.0 150,5.0 151,1.0 152,1.0 153,2.0 185,4.0 210,8.0 211,8.0 213,8.0 258,8.0 265,8.0 300,1.0 305,1.0 
25,1.0 61,1.0 135,1.0 
32,2.0 61,1.0 113,2.0 129,2.0 237,2.0 242,2.0 
19,1.0 23,3.0 24,2.0 27,3.0 29,2.0 30,2.0 31,2.0 62,1.0 87,1.0 88,1.0 113,4.0 120,1.0 124,1.0 126,1.0 129,1.0 139,1.0 147,1.0 148,1.0 153,1.0 154,1.0 155,1.0 200,2.0 251,2.0 252,2.0 
27,1.0 62,1.0 138,1.0 
29,1.0 82,1.0 120,1.0 141,1.0 
29,1.0 82,1.0 120,1.0 140,1.0 
13,1.0 23,2.0 96,1.0 128,1.0 135,1.0 143,3.0 144,3.0 300,1.0 305,1.0 
23,2.0 25,1.0 113,1.0 128,1.0 142,3.0 144,3.0 309,1.0 310,1.0 311,1.0 
23,2.0 128,1.0 142,3.0 143,3.0 
7,3.0 23,3.0 29,3.0 95,3.0 
23,1.0 25,1.0 72,3.0 121,1.0 128,1.0 147,3.0 
19,1.0 21,1.0 23,1.0 25,1.0 72,4.0 110,1.0 121,2.0 126,1.0 127,1.0 128,1.0 146,3.0 149,2.0 150,1.0 154,1.0 155,1.0 
19,2.0 21,1.0 23,1.0 27,1.0 29,1.0 71,1.0 79,3.0 88,2.0 110,3.0 121,1.0 126,1.0 127,1.0 128,1.0 150,1.0 151,1.0 152,1.0 
19,1.0 21,1.0 22,2.0 24,1.0 27,1.0 60,2.0 72,1.0 110,1.0 121,1.0 124,2.0 127,1.0 129,1.0 147,2.0 150,1.0 156,1.0 200,2.0 250,2.0 
4,2.0 12,4.0 31,4.0 32,6.0 33,10.0 35,2.0 56,4.0 79,1.0 107,2.0 108,6.0 109,2.0 110,2.0 117,2.0 118,4.0 121,1.0 123,4.0 128,12.0 135,5.0 148,1.0 151,1.0 152,1.0 159,8.0 233,6.0 240,6.0 
79,1.0 121,1.0 148,1.0 150,1.0 152,1.0 
79,1.0 121,1.0 148,1.0 150,1.0 151,1.0 
21,3.0 27,1.0 31,6.0 109,1.0 110,1.0 126,1.0 129,2.0 135,2.0 138,1.0 147,1.0 148,1.0 154,1.0 155,1.0 183,1.0 184,1.0 
21,1.0 126,1.0 147,1.0 155,1.0 
21,1.0 126,1.0 147,1.0 154,1.0 
21,1.0 24,1.0 27,1.0 129,1.0 149,1.0 217,2.0 
21,1.0 27,1.0 57,2.0 69,2.0 110,1.0 129,1.0 158,2.0 
6,2.0 15,2.0 21,1.0 27,1.0 38,2.0 57,4.0 69,4.0 110,1.0 129,1.0 157,2.0 
20,6.0 21,2.0 22,4.0 28,6.0 30,4.0 32,10.0 33,28.0 35,10.0 36,2.0 37,4.0 40,2.0 54,2.0 110,4.0 121,8.0 125,2.0 128,4.0 129,2.0 135,4.0 161,2.0 166,10.0 169,2.0 170,3.0 172,2.0 176,1.0 177,1.0 178,1.0 
159,1.0 
33,3.0 36,4.0 37,2.0 40,1.0 50,1.0 53,1.0 56,1.0 125,3.0 159,2.0 162,1.0 163,5.0 164,5.0 165,4.0 167,1.0 169,9.0 170,11.0 171,1.0 172,8.0 179,2.0 180,4.0 257,2.0 260,2.0 
159,1.0 161,1.0 163,1.0 164,1.0 
13,1.0 25,1.0 27,1.0 28,1.0 29,1.0 30,1.0 31,1.0 32,4.0 35,2.0 40,1.0 50,1.0 53,1.0 113,1.0 159,1.0 161,5.0 162,1.0 164,5.0 165,4.0 167,1.0 209,4.0 212,6.0 257,4.0 258,4.0 
40,1.0 50,1.0 53,1.0 159,1.0 161,5.0 162,1.0 163,5.0 165,4.0 167,1.0 
37,2.0 40,1.0 50,1.0 53,1.0 102,1.0 161,4.0 163,4.0 164,4.0 167,1.0 180,3.0 257,3.0 263,3.0 
28,4.0 29,4.0 30,16.0 32,28.0 33,4.0 35,28.0 39,2.0 41,6.0 50,4.0 51,4.0 56,12.0 109,1.0 159,4.0 161,1.0 163,1.0 164,1.0 165,1.0 166,12.0 184,3.0 
15,1.0 30,1.0 33,1.0 41,2.0 56,1.0 172,1.0 174,2.0 180,2.0 181,1.0 182,1.0 262,1.0 
56,1.0 
33,2.0 36,2.0 37,2.0 56,1.0 125,2.0 161,9.0 170,9.0 171,1.0 172,8.0 
14,1.0 33,6.0 36,4.0 37,4.0 56,1.0 125,6.0 159,2.0 161,11.0 169,9.0 171,1.0 172,8.0 174,7.0 175,2.0 176,6.0 177,4.0 178,4.0 179,3.0 180,7.0 181,4.0 
56,1.0 161,1.0 169,1.0 170,1.0 
14,1.0 33,2.0 36,2.0 37,4.0 40,1.0 41,1.0 48,2.0 50,2.0 51,1.0 125,2.0 161,8.0 169,8.0 170,8.0 174,8.0 180,8.0 182,8.0 235,1.0 
5,2.0 67,1.0 68,2.0 100,1.0 125,1.0 132,1.0 159,1.0 210,2.0 
14,4.0 33,2.0 36,1.0 37,5.0 40,1.0 41,2.0 48,5.0 50,2.0 51,2.0 102,1.0 125,4.0 159,1.0 170,7.0 172,8.0 175,2.0 176,2.0 179,1.0 180,25.0 181,16.0 182,8.0 235,1.0 262,12.0 
33,1.0 125,1.0 159,1.0 170,2.0 174,2.0 176,2.0 
33,2.0 36,1.0 37,1.0 125,2.0 159,1.0 170,6.0 174,2.0 175,2.0 177,4.0 178,4.0 
33,1.0 36,1.0 37,1.0 125,1.0 170,4.0 176,4.0 178,4.0 
33,1.0 36,1.0 37,1.0 125,1.0 170,4.0 176,4.0 177,4.0 
33,2.0 125,1.0 159,1.0 161,2.0 170,3.0 174,1.0 180,3.0 
14,8.0 33,2.0 36,3.0 37,11.0 40,1.0 41,2.0 48,9.0 50,2.0 51,2.0 102,2.0 125,8.0 159,1.0 161,4.0 165,3.0 170,7.0 172,8.0 174,25.0 179,3.0 181,16.0 182,8.0 235,1.0 257,21.0 260,18.0 261,16.0 262,12.0 263,3.0 
14,3.0 36,1.0 37,3.0 41,1.0 48,3.0 51,1.0 102,1.0 125,3.0 170,4.0 174,16.0 180,16.0 262,12.0 
14,1.0 37,2.0 40,1.0 41,1.0 48,2.0 50,2.0 51,1.0 172,8.0 174,8.0 180,8.0 235,1.0 
33,2.0 37,2.0 109,2.0 166,2.0 184,2.0 
33,2.0 47,4.0 109,2.0 166,4.0 183,2.0 
13,2.0 25,2.0 28,5.0 29,11.0 31,5.0 32,1.0 35,8.0 52,6.0 54,4.0 56,2.0 72,1.0 86,2.0 109,6.0 110,4.0 120,16.0 124,6.0 150,4.0 153,2.0 292,1.0 293,1.0 294,1.0 
32,6.0 
185,4.0 
33,2.0 35,2.0 189,4.0 
33,2.0 35,2.0 188,4.0 
28,2.0 31,2.0 159,2.0 191,2.0 
159,2.0 190,2.0 
28,4.0 31,2.0 37,4.0 185,2.0 
28,2.0 54,2.0 
37,2.0 39,2.0 
28,4.0 32,4.0 
12,4.0 198,2.0 
31,4.0 89,4.0 
12,2.0 196,2.0 
73,2.0 74,2.0 
13,4.0 20,2.0 21,2.0 22,2.0 23,6.0 24,2.0 25,2.0 27,3.0 31,2.0 32,2.0 60,9.0 72,6.0 79,7.0 80,1.0 124,2.0 138,1.0 149,2.0 248,2.0 250,2.0 
84,2.0 85,2.0 202,2.0 203,2.0 
84,2.0 85,2.0 201,2.0 203,2.0 
15,2.0 38,2.0 40,2.0 
6,2.0 14,4.0 21,30.0 39,2.0 40,4.0 41,14.0 43,4.0 46,4.0 58,2.0 59,2.0 60,1.0 72,1.0 96,1.0 128,9.0 204,14.0 205,2.0 235,1.0 
6,2.0 39,2.0 54,2.0 58,2.0 59,2.0 
117,2.0 207,2.0 215,2.0 
208,2.0 
209,2.0 
13,1.0 15,2.0 25,1.0 27,1.0 28,1.0 29,1.0 30,1.0 31,1.0 35,2.0 45,2.0 49,2.0 50,2.0 53,2.0 113,1.0 163,6.0 167,2.0 212,12.0 257,14.0 258,14.0 259,2.0 
13,2.0 24,8.0 25,2.0 27,2.0 28,2.0 29,2.0 30,2.0 31,1.0 76,1.0 113,2.0 135,8.0 209,2.0 211,16.0 213,16.0 242,1.0 258,16.0 265,16.0 269,1.0 
13,2.0 24,8.0 25,2.0 27,2.0 28,2.0 29,2.0 30,2.0 31,1.0 76,1.0 113,2.0 135,8.0 163,2.0 210,16.0 213,16.0 242,1.0 258,16.0 265,16.0 269,1.0 
12,4.0 13,1.0 25,1.0 27,1.0 28,1.0 29,1.0 30,1.0 31,1.0 32,2.0 45,2.0 49,2.0 53,2.0 113,1.0 163,4.0 167,2.0 209,12.0 214,2.0 257,12.0 258,12.0 
13,2.0 24,8.0 25,2.0 27,2.0 28,2.0 29,2.0 30,2.0 31,1.0 76,1.0 113,2.0 135,8.0 210,16.0 211,16.0 212,2.0 242,1.0 258,16.0 265,16.0 269,1.0 
12,2.0 30,2.0 
206,2.0 216,2.0 
215,2.0 
218,2.0 
219,2.0 
220,2.0 
3,2.0 221,2.0 222,2.0 223,2.0 
1,2.0 2,2.0 3,4.0 28,2.0 33,1.0 41,2.0 222,4.0 223,4.0 224,2.0 225,2.0 234,2.0 270,3.0 290,3.0 291,3.0 
1,2.0 2,2.0 3,4.0 41,2.0 88,1.0 121,1.0 221,4.0 223,4.0 224,2.0 225,2.0 234,2.0 302,1.0 314,1.0 
1,2.0 2,2.0 3,4.0 41,2.0 221,4.0 222,4.0 224,2.0 225,2.0 234,2.0 
1,2.0 2,2.0 31,1.0 77,1.0 225,2.0 226,2.0 227,2.0 228,2.0 229,2.0 300,1.0 301,1.0 
1,2.0 2,2.0 22,2.0 27,1.0 75,3.0 224,2.0 226,2.0 227,2.0 228,2.0 229,2.0 303,3.0 304,3.0 
227,2.0 228,2.0 229,2.0 230,2.0 231,2.0 232,2.0 233,2.0 
25,1.0 226,2.0 228,2.0 229,2.0 230,2.0 231,2.0 232,2.0 233,2.0 242,1.0 312,1.0 313,1.0 
226,2.0 227,2.0 229,2.0 230,2.0 231,2.0 232,2.0 233,2.0 
226,2.0 227,2.0 228,2.0 230,2.0 231,2.0 232,2.0 233,2.0 
3,2.0 221,2.0 222,2.0 223,2.0 231,2.0 232,2.0 233,2.0 234,2.0 
3,2.0 221,2.0 222,2.0 223,2.0 230,2.0 232,2.0 233,2.0 234,2.0 
3,2.0 221,2.0 222,2.0 223,2.0 230,2.0 231,2.0 233,2.0 234,2.0 
3,2.0 121,6.0 221,2.0 222,2.0 223,2.0 230,2.0 231,2.0 232,2.0 234,2.0 240,6.0 
3,2.0 41,2.0 221,2.0 222,2.0 223,2.0 
14,2.0 21,1.0 23,1.0 25,1.0 27,5.0 28,2.0 29,1.0 31,11.0 32,2.0 33,24.0 36,9.0 37,1.0 40,3.0 45,2.0 49,1.0 53,13.0 56,14.0 86,6.0 121,1.0 128,1.0 235,6.0 
16,2.0 36,2.0 
32,2.0 39,2.0 113,2.0 127,4.0 130,4.0 137,2.0 238,2.0 242,4.0 253,2.0 272,2.0 287,2.0 288,2.0 289,2.0 316,4.0 
39,2.0 237,2.0 
31,2.0 32,2.0 64,2.0 
121,6.0 233,6.0 
24,2.0 25,2.0 133,2.0 
25,1.0 32,2.0 76,4.0 113,2.0 137,2.0 227,1.0 237,4.0 253,8.0 269,2.0 270,4.0 271,4.0 272,8.0 273,4.0 287,4.0 288,4.0 289,4.0 312,1.0 313,1.0 
3,6.0 12,1.0 13,4.0 20,2.0 31,1.0 81,1.0 244,6.0 298,1.0 299,1.0 
3,6.0 13,4.0 20,2.0 27,1.0 243,6.0 295,1.0 296,1.0 297,1.0 
13,6.0 32,6.0 57,2.0 63,1.0 64,1.0 67,1.0 69,7.0 84,7.0 107,1.0 254,2.0 255,2.0 256,2.0 
13,2.0 18,8.0 20,2.0 21,2.0 22,4.0 23,2.0 28,2.0 79,2.0 124,2.0 247,6.0 249,4.0 
13,2.0 18,6.0 20,2.0 22,2.0 28,2.0 246,6.0 
20,2.0 21,2.0 60,2.0 200,2.0 
18,2.0 21,2.0 22,2.0 23,2.0 25,2.0 29,2.0 31,2.0 79,2.0 124,2.0 246,4.0 253,2.0 
22,2.0 60,2.0 124,2.0 149,2.0 200,2.0 
24,2.0 25,2.0 252,2.0 
24,2.0 25,2.0 251,2.0 
15,2.0 25,2.0 28,2.0 29,2.0 30,2.0 31,2.0 32,2.0 35,4.0 40,2.0 41,2.0 76,2.0 159,2.0 166,2.0 237,2.0 242,4.0 249,2.0 270,4.0 271,4.0 272,8.0 273,2.0 287,2.0 288,4.0 289,4.0 
23,2.0 25,2.0 29,2.0 31,2.0 57,9.0 63,4.0 64,2.0 67,2.0 69,1.0 84,3.0 85,2.0 95,2.0 107,2.0 245,1.0 254,2.0 255,9.0 256,9.0 
23,2.0 25,2.0 29,2.0 31,2.0 57,9.0 63,4.0 64,2.0 67,2.0 69,1.0 84,3.0 85,2.0 95,2.0 107,2.0 127,2.0 245,1.0 254,9.0 255,2.0 256,9.0 
23,2.0 25,2.0 29,2.0 31,2.0 57,9.0 63,4.0 64,2.0 67,2.0 69,1.0 84,3.0 85,2.0 95,2.0 107,2.0 245,1.0 254,9.0 255,9.0 256,2.0 
13,1.0 14,4.0 24,1.0 25,2.0 27,1.0 28,1.0 29,1.0 30,1.0 31,1.0 36,2.0 37,6.0 45,2.0 48,4.0 49,2.0 50,2.0 53,2.0 102,1.0 113,1.0 125,4.0 161,2.0 163,4.0 165,3.0 167,2.0 180,21.0 209,14.0 212,12.0 258,15.0 259,2.0 260,18.0 261,16.0 263,3.0 267,1.0 268,1.0 
13,3.0 24,11.0 25,6.0 27,3.0 28,3.0 29,3.0 30,3.0 31,2.0 45,2.0 49,2.0 50,2.0 53,2.0 76,1.0 113,3.0 135,8.0 163,4.0 167,2.0 209,14.0 210,16.0 211,16.0 212,12.0 213,16.0 242,1.0 257,15.0 259,2.0 264,2.0 265,18.0 266,2.0 267,1.0 268,1.0 269,1.0 
50,2.0 209,2.0 257,2.0 258,2.0 
14,4.0 36,2.0 37,4.0 48,4.0 125,4.0 161,2.0 180,18.0 257,18.0 261,16.0 
14,4.0 37,4.0 48,4.0 125,4.0 180,16.0 257,16.0 260,16.0 
14,2.0 37,2.0 41,1.0 48,3.0 51,1.0 102,1.0 125,2.0 174,12.0 180,12.0 181,12.0 
37,2.0 102,1.0 165,3.0 180,3.0 257,3.0 
24,2.0 25,2.0 258,2.0 265,2.0 266,2.0 
13,2.0 24,10.0 25,4.0 27,2.0 28,2.0 29,2.0 30,2.0 31,1.0 76,1.0 113,2.0 135,8.0 210,16.0 211,16.0 213,16.0 242,1.0 258,18.0 264,2.0 266,2.0 269,1.0 
24,2.0 25,2.0 258,2.0 264,2.0 265,2.0 
24,1.0 25,1.0 257,1.0 258,1.0 268,1.0 
24,1.0 25,1.0 257,1.0 258,1.0 267,1.0 
76,2.0 242,2.0 253,2.0 270,2.0 271,2.0 272,2.0 
15,2.0 28,2.0 30,2.0 33,1.0 35,2.0 40,2.0 41,2.0 76,2.0 221,3.0 242,2.0 253,4.0 271,4.0 272,4.0 273,2.0 290,3.0 291,3.0 
15,2.0 30,2.0 35,2.0 40,2.0 41,2.0 76,2.0 242,2.0 253,4.0 270,4.0 272,4.0 273,2.0 
15,2.0 28,2.0 30,2.0 32,2.0 35,4.0 40,2.0 41,2.0 76,2.0 159,2.0 166,2.0 237,2.0 242,4.0 253,8.0 270,4.0 271,4.0 273,2.0 287,2.0 288,4.0 289,4.0 
76,2.0 242,4.0 253,4.0 270,2.0 271,2.0 272,4.0 287,2.0 288,2.0 289,2.0 
275,1.0 
276,1.0 
277,1.0 
278,1.0 
279,1.0 
280,1.0 
76,1.0 242,1.0 269,1.0 
282,2.0 
283,2.0 
284,2.0 
285,2.0 
286,2.0 
242,2.0 273,2.0 287,2.0 
237,2.0 242,4.0 253,4.0 272,4.0 273,2.0 288,4.0 289,4.0 
28,2.0 32,2.0 35,2.0 159,2.0 166,2.0 237,2.0 242,2.0 253,4.0 272,4.0 287,2.0 289,4.0 
28,2.0 32,2.0 35,2.0 159,2.0 166,2.0 237,2.0 242,2.0 253,4.0 272,4.0 287,2.0 288,4.0 
28,2.0 33,1.0 221,3.0 270,3.0 291,3.0 
28,2.0 33,1.0 221,3.0 270,3.0 290,3.0 
32,1.0 72,1.0 185,1.0 293,1.0 294,1.0 
32,1.0 72,1.0 185,1.0 292,1.0 294,1.0 
32,1.0 72,1.0 185,1.0 292,1.0 293,1.0 
2,1.0 25,1.0 27,1.0 88,1.0 244,1.0 296,1.0 297,1.0 302,1.0 
27,1.0 244,1.0 295,1.0 297,1.0 
27,1.0 244,1.0 295,1.0 296,1.0 
12,1.0 31,1.0 81,1.0 243,1.0 299,1.0 
12,1.0 31,1.0 81,1.0 243,1.0 298,1.0 
13,1.0 31,1.0 77,1.0 96,1.0 135,1.0 142,1.0 224,1.0 301,1.0 305,1.0 
31,1.0 77,1.0 224,1.0 300,1.0 
2,1.0 25,1.0 88,2.0 121,1.0 222,1.0 295,1.0 314,1.0 
22,2.0 27,1.0 75,3.0 225,3.0 304,3.0 
22,2.0 27,1.0 75,3.0 225,3.0 303,3.0 
13,1.0 96,1.0 135,1.0 142,1.0 300,1.0 
21,1.0 83,1.0 307,1.0 308,1.0 
21,1.0 83,1.0 306,1.0 308,1.0 
21,1.0 83,1.0 306,1.0 307,1.0 
25,1.0 113,1.0 143,1.0 310,1.0 311,1.0 
25,1.0 113,1.0 143,1.0 309,1.0 311,1.0 
25,1.0 113,1.0 143,1.0 309,1.0 310,1.0 
25,1.0 227,1.0 242,1.0 313,1.0 
25,1.0 227,1.0 242,1.0 312,1.0 
88,1.0 121,1.0 222,1.0 302,1.0 
21,4.0 
127,4.0 130,4.0 237,4.0 
57,1.0 69,1.0 84,1.0 245,1.0 254,1.0 255,1.0 256,1.0 
