0,1.0 1,20.0 2,22.0 3,6.0 9,3.0 10,16.0 11,4.0 12,9.0 13,9.0 14,3.0 15,4.0 16,37.0 18,11.0 19,8.0 22,45.0 23,3.0 25,4.0 26,2.0 27,1.0 30,41.0 35,3.0 36,1.0 37,4.0 41,3.0 42,1.0 43,1.0 44,17.0 45,6.0 46,1.0 48,13.0 49,4.0 50,2.0 52,1.0 64,2.0 74,2.0 77,2.0 81,2.0 85,1.0 97,1.0 111,6.0 117,6.0 158,2.0 176,1.0 177,2.0 183,1.0 191,4.0 193,1.0 243,1.0 293,1.0 
0,22.0 1,4.0 2,52.0 10,3.0 12,2.0 13,15.0 16,6.0 18,37.0 22,8.0 23,2.0 25,5.0 26,1.0 29,3.0 30,8.0 37,7.0 41,1.0 44,17.0 45,13.0 46,5.0 47,6.0 48,5.0 51,3.0 60,2.0 63,2.0 77,2.0 96,6.0 97,2.0 98,17.0 121,2.0 128,1.0 130,2.0 131,2.0 144,2.0 159,1.0 177,4.0 185,1.0 188,2.0 194,2.0 
0,28.0 1,14.0 2,2.0 3,6.0 4,6.0 5,6.0 6,6.0 7,6.0 9,1.0 10,20.0 11,3.0 12,7.0 13,39.0 15,3.0 16,13.0 18,15.0 19,5.0 20,3.0 22,15.0 23,20.0 24,3.0 25,6.0 26,6.0 29,10.0 30,10.0 33,3.0 34,3.0 35,3.0 36,4.0 37,1.0 41,1.0 44,21.0 45,13.0 46,2.0 47,12.0 48,10.0 49,23.0 50,5.0 51,5.0 52,5.0 60,2.0 63,10.0 85,3.0 99,1.0 106,2.0 109,1.0 128,1.0 129,1.0 137,1.0 145,2.0 146,2.0 155,2.0 175,4.0 224,1.0 247,1.0 248,1.0 249,1.0 250,5.0 251,5.0 255,2.0 281,2.0 282,1.0 
2,6.0 4,6.0 5,6.0 6,6.0 7,6.0 14,1.0 35,2.0 39,1.0 42,2.0 43,2.0 73,1.0 74,2.0 76,2.0 78,1.0 80,5.0 81,4.0 82,5.0 127,1.0 134,2.0 139,1.0 142,2.0 143,1.0 151,2.0 152,2.0 153,2.0 174,1.0 
5,12.0 6,12.0 7,12.0 8,6.0 
0,6.0 4,6.0 5,6.0 6,18.0 7,18.0 8,12.0 9,3.0 
0,6.0 4,6.0 5,18.0 6,6.0 7,18.0 8,12.0 9,3.0 
0,6.0 4,6.0 5,18.0 6,18.0 7,6.0 8,12.0 9,3.0 
0,6.0 5,6.0 6,6.0 7,6.0 9,3.0 
0,3.0 1,3.0 11,5.0 14,1.0 22,1.0 23,2.0 34,1.0 40,1.0 41,3.0 42,1.0 43,1.0 70,4.0 72,1.0 76,1.0 98,1.0 125,1.0 126,1.0 127,4.0 128,4.0 129,2.0 130,4.0 131,2.0 134,4.0 135,2.0 138,1.0 139,1.0 140,2.0 142,1.0 147,1.0 172,1.0 191,1.0 293,1.0 
0,17.0 1,1.0 2,7.0 10,4.0 11,3.0 12,8.0 13,19.0 14,3.0 15,8.0 16,10.0 17,3.0 19,31.0 22,10.0 23,19.0 25,1.0 26,1.0 29,1.0 30,1.0 35,2.0 37,6.0 41,8.0 44,16.0 45,1.0 47,2.0 48,3.0 49,7.0 51,3.0 52,8.0 58,2.0 60,2.0 62,1.0 63,6.0 70,1.0 74,4.0 77,2.0 79,4.0 81,2.0 88,2.0 89,4.0 91,1.0 93,9.0 94,2.0 106,6.0 111,2.0 120,3.0 165,2.0 174,2.0 176,2.0 191,1.0 204,2.0 265,1.0 279,1.0 292,1.0 310,1.0 
3,1.0 9,6.0 10,3.0 11,1.0 12,3.0 17,2.0 20,2.0 23,1.0 29,3.0 34,1.0 42,3.0 43,8.0 47,8.0 69,1.0 70,1.0 75,1.0 80,1.0 89,2.0 122,5.0 123,2.0 124,2.0 125,3.0 126,2.0 127,1.0 128,2.0 130,2.0 131,2.0 134,8.0 138,2.0 140,2.0 142,7.0 145,2.0 147,1.0 149,6.0 153,1.0 172,3.0 174,1.0 180,1.0 207,1.0 244,1.0 270,1.0 
0,28.0 2,7.0 10,8.0 11,1.0 13,1.0 15,5.0 16,2.0 21,1.0 22,2.0 23,4.0 42,1.0 43,1.0 46,2.0 48,2.0 50,1.0 78,1.0 85,1.0 97,1.0 129,3.0 193,2.0 195,1.0 196,3.0 198,2.0 238,2.0 239,2.0 240,1.0 241,1.0 242,1.0 243,2.0 246,1.0 247,3.0 249,1.0 
0,4.0 1,12.0 2,31.0 10,18.0 12,2.0 13,1.0 14,3.0 15,56.0 16,18.0 17,3.0 18,35.0 19,23.0 20,3.0 21,9.0 22,6.0 23,7.0 25,3.0 26,3.0 29,2.0 30,4.0 35,3.0 36,1.0 37,23.0 41,2.0 44,39.0 46,2.0 47,7.0 48,10.0 49,11.0 50,14.0 51,29.0 52,7.0 60,9.0 63,6.0 70,8.0 71,1.0 72,12.0 74,2.0 75,4.0 76,1.0 77,2.0 85,27.0 86,5.0 87,8.0 88,2.0 90,9.0 91,8.0 92,6.0 93,1.0 98,2.0 106,2.0 109,1.0 118,2.0 121,4.0 125,1.0 135,1.0 145,2.0 146,2.0 147,2.0 159,2.0 163,2.0 164,2.0 166,2.0 175,2.0 178,2.0 193,1.0 199,2.0 200,2.0 228,1.0 229,1.0 230,1.0 232,1.0 233,1.0 269,2.0 270,4.0 277,3.0 278,2.0 
9,2.0 13,3.0 15,3.0 17,2.0 22,4.0 31,1.0 33,1.0 39,2.0 75,1.0 124,1.0 127,3.0 143,1.0 144,1.0 180,1.0 191,1.0 204,1.0 207,1.0 212,1.0 251,1.0 273,3.0 290,1.0 293,1.0 294,3.0 
0,4.0 2,7.0 10,3.0 12,18.0 13,57.0 18,2.0 19,4.0 23,6.0 30,2.0 37,12.0 41,4.0 44,22.0 47,2.0 48,33.0 49,2.0 50,1.0 51,2.0 60,8.0 63,5.0 70,10.0 72,14.0 74,2.0 83,8.0 84,4.0 86,4.0 88,2.0 90,8.0 91,6.0 92,2.0 106,1.0 111,5.0 118,2.0 154,2.0 
0,33.0 1,13.0 2,7.0 10,6.0 12,3.0 13,13.0 17,3.0 18,34.0 19,16.0 20,3.0 21,15.0 22,15.0 23,7.0 25,4.0 26,20.0 27,4.0 29,1.0 30,7.0 34,2.0 35,6.0 36,4.0 37,10.0 41,9.0 44,23.0 45,5.0 46,1.0 48,29.0 50,8.0 51,9.0 52,2.0 60,8.0 62,1.0 63,3.0 70,2.0 72,1.0 76,1.0 80,2.0 82,1.0 85,3.0 90,5.0 91,2.0 111,8.0 117,5.0 118,1.0 142,1.0 158,2.0 159,1.0 160,1.0 161,1.0 165,1.0 177,2.0 183,1.0 191,4.0 199,4.0 201,2.0 202,1.0 225,1.0 226,1.0 227,1.0 274,3.0 275,4.0 293,1.0 303,1.0 
0,1.0 9,5.0 11,3.0 14,3.0 16,3.0 18,3.0 20,1.0 23,4.0 29,3.0 74,3.0 75,1.0 77,3.0 79,1.0 89,1.0 127,1.0 134,2.0 180,1.0 212,1.0 251,1.0 259,1.0 260,1.0 261,1.0 262,1.0 263,1.0 264,1.0 290,2.0 
0,9.0 1,30.0 2,20.0 10,1.0 13,37.0 16,30.0 19,7.0 21,2.0 22,5.0 23,4.0 25,23.0 26,4.0 29,6.0 30,12.0 34,1.0 35,7.0 36,2.0 37,15.0 41,6.0 44,27.0 45,10.0 46,3.0 47,6.0 48,4.0 49,5.0 50,1.0 51,17.0 52,2.0 53,3.0 60,6.0 63,2.0 73,1.0 77,2.0 80,2.0 85,1.0 86,2.0 88,2.0 90,5.0 92,3.0 118,2.0 121,4.0 130,2.0 131,2.0 134,2.0 144,2.0 147,2.0 153,1.0 155,1.0 160,2.0 161,2.0 162,2.0 163,2.0 164,2.0 172,1.0 173,2.0 177,4.0 188,2.0 194,2.0 199,6.0 200,2.0 201,1.0 229,1.0 234,1.0 235,1.0 236,1.0 237,1.0 275,3.0 
0,5.0 1,2.0 2,5.0 10,30.0 12,1.0 13,19.0 15,6.0 16,14.0 18,6.0 20,3.0 21,4.0 22,8.0 23,13.0 26,2.0 27,3.0 29,1.0 30,3.0 34,1.0 37,13.0 41,5.0 44,26.0 48,9.0 49,4.0 50,1.0 51,6.0 52,4.0 58,5.0 59,3.0 60,3.0 63,4.0 70,2.0 72,1.0 80,1.0 85,12.0 86,5.0 87,8.0 90,1.0 91,2.0 98,1.0 106,6.0 111,2.0 120,3.0 159,3.0 160,1.0 163,2.0 164,2.0 191,1.0 202,1.0 204,2.0 219,1.0 220,2.0 292,1.0 295,1.0 296,1.0 297,1.0 298,1.0 301,1.0 310,1.0 
1,3.0 9,1.0 11,5.0 17,1.0 19,3.0 21,3.0 23,1.0 29,3.0 43,2.0 89,2.0 122,4.0 123,2.0 124,2.0 125,2.0 212,1.0 213,1.0 
13,9.0 16,26.0 18,3.0 19,4.0 26,6.0 37,3.0 50,5.0 51,4.0 60,6.0 159,1.0 160,3.0 161,3.0 162,2.0 195,1.0 196,1.0 197,1.0 274,3.0 
0,22.0 1,12.0 2,14.0 9,4.0 10,8.0 11,3.0 12,2.0 16,15.0 17,3.0 18,8.0 19,7.0 20,3.0 22,2.0 23,23.0 26,5.0 27,1.0 28,3.0 30,10.0 31,3.0 37,2.0 38,3.0 40,3.0 41,13.0 44,7.0 45,8.0 47,4.0 48,1.0 51,8.0 59,12.0 60,4.0 74,1.0 82,2.0 98,2.0 108,1.0 109,1.0 117,53.0 130,3.0 132,2.0 141,3.0 142,1.0 158,2.0 177,2.0 183,1.0 185,3.0 191,4.0 199,2.0 270,2.0 275,2.0 287,6.0 288,1.0 289,1.0 293,1.0 
0,7.0 1,1.0 2,32.0 10,29.0 12,2.0 13,4.0 15,2.0 16,3.0 19,12.0 21,1.0 22,8.0 26,3.0 27,3.0 29,1.0 30,1.0 37,9.0 41,7.0 44,5.0 47,3.0 49,10.0 52,1.0 58,2.0 60,2.0 62,3.0 63,2.0 98,1.0 99,6.0 100,2.0 106,52.0 111,2.0 120,3.0 140,3.0 141,1.0 157,1.0 183,3.0 191,1.0 203,1.0 204,2.0 208,3.0 210,1.0 216,1.0 275,1.0 283,1.0 292,1.0 310,1.0 
0,3.0 
0,1.0 1,5.0 2,6.0 13,3.0 16,7.0 18,13.0 22,4.0 26,5.0 29,6.0 37,3.0 41,6.0 44,3.0 45,5.0 47,6.0 48,2.0 50,2.0 51,3.0 52,10.0 60,8.0 80,2.0 82,1.0 130,2.0 131,2.0 142,1.0 144,2.0 159,11.0 167,1.0 194,2.0 219,2.0 221,1.0 229,1.0 234,1.0 236,1.0 258,1.0 299,1.0 300,1.0 
0,5.0 2,3.0 10,1.0 13,3.0 16,10.0 18,10.0 19,2.0 21,3.0 22,2.0 23,6.0 25,5.0 27,2.0 34,1.0 37,1.0 41,9.0 44,1.0 49,4.0 50,11.0 51,1.0 70,2.0 72,1.0 80,1.0 90,1.0 91,2.0 111,8.0 167,3.0 183,1.0 202,1.0 220,1.0 293,1.0 
2,3.0 10,1.0 19,1.0 23,1.0 25,6.0 26,2.0 37,7.0 41,1.0 44,1.0 50,1.0 58,4.0 159,3.0 167,2.0 220,4.0 
29,3.0 
0,3.0 2,15.0 10,6.0 16,4.0 18,2.0 19,2.0 22,6.0 23,2.0 25,6.0 30,14.0 42,3.0 43,3.0 44,7.0 48,1.0 49,5.0 50,1.0 51,1.0 52,3.0 106,1.0 109,2.0 165,1.0 185,1.0 309,1.0 
0,9.0 1,9.0 2,8.0 10,1.0 13,7.0 15,14.0 16,6.0 18,4.0 19,1.0 22,8.0 23,1.0 25,3.0 29,2.0 31,3.0 32,3.0 36,2.0 37,1.0 39,3.0 40,3.0 41,8.0 44,3.0 45,3.0 46,13.0 47,3.0 48,29.0 49,11.0 50,5.0 51,4.0 52,1.0 59,6.0 60,4.0 63,5.0 83,2.0 85,1.0 98,2.0 104,1.0 117,2.0 154,2.0 157,2.0 165,1.0 175,2.0 176,1.0 183,3.0 188,4.0 244,6.0 245,6.0 248,2.0 280,2.0 281,1.0 
0,3.0 14,1.0 29,3.0 39,1.0 127,1.0 
0,3.0 23,4.0 
1,3.0 22,2.0 42,3.0 43,3.0 122,3.0 172,1.0 204,1.0 258,1.0 292,1.0 
0,3.0 14,1.0 17,1.0 35,1.0 47,2.0 70,6.0 71,2.0 72,1.0 74,1.0 76,1.0 80,1.0 90,2.0 91,2.0 92,2.0 108,1.0 109,1.0 113,2.0 118,2.0 131,1.0 142,1.0 147,2.0 151,1.0 158,1.0 191,1.0 199,1.0 202,1.0 205,3.0 251,1.0 269,1.0 273,2.0 290,1.0 311,1.0 
0,3.0 3,2.0 16,6.0 18,6.0 22,3.0 73,1.0 74,7.0 90,6.0 116,2.0 117,2.0 118,2.0 119,2.0 120,2.0 132,3.0 139,1.0 141,4.0 142,2.0 151,1.0 185,1.0 199,1.0 270,1.0 311,1.0 
0,2.0 2,1.0 12,1.0 13,1.0 15,1.0 18,3.0 22,3.0 30,1.0 44,1.0 48,1.0 67,2.0 68,2.0 85,1.0 165,2.0 
0,13.0 1,9.0 2,11.0 10,5.0 13,18.0 15,22.0 16,13.0 18,20.0 19,4.0 21,2.0 22,4.0 23,4.0 25,6.0 26,1.0 27,1.0 30,4.0 34,1.0 41,8.0 44,38.0 48,25.0 49,1.0 50,3.0 51,7.0 52,7.0 56,3.0 58,4.0 60,2.0 63,1.0 67,1.0 83,4.0 85,7.0 86,12.0 92,1.0 98,1.0 109,1.0 117,3.0 120,4.0 134,2.0 140,1.0 141,1.0 159,3.0 196,1.0 224,1.0 
29,3.0 47,2.0 180,2.0 181,2.0 
14,1.0 29,3.0 40,1.0 47,4.0 72,1.0 90,1.0 122,1.0 127,2.0 130,2.0 136,2.0 137,2.0 143,4.0 144,3.0 191,1.0 204,2.0 291,1.0 
23,2.0 29,3.0 39,1.0 41,3.0 136,1.0 143,1.0 191,1.0 204,1.0 291,1.0 
0,9.0 1,1.0 2,1.0 10,2.0 15,4.0 16,11.0 18,8.0 19,2.0 22,19.0 23,2.0 25,6.0 26,8.0 27,1.0 29,6.0 30,10.0 37,8.0 44,14.0 45,10.0 47,6.0 49,2.0 51,8.0 58,1.0 59,12.0 60,10.0 61,6.0 63,3.0 100,4.0 101,2.0 102,2.0 111,8.0 117,3.0 120,4.0 140,1.0 141,1.0 159,1.0 176,1.0 203,2.0 224,1.0 
2,3.0 3,1.0 11,2.0 33,1.0 42,2.0 43,8.0 74,2.0 76,2.0 77,2.0 79,2.0 80,3.0 83,6.0 88,2.0 89,2.0 122,1.0 126,2.0 134,3.0 136,2.0 137,6.0 139,2.0 142,1.0 143,4.0 153,2.0 154,4.0 155,2.0 172,1.0 174,1.0 204,1.0 236,1.0 244,2.0 257,1.0 292,1.0 
2,3.0 3,1.0 11,5.0 22,1.0 33,1.0 42,10.0 74,2.0 75,1.0 76,2.0 77,4.0 78,2.0 80,1.0 83,2.0 122,2.0 127,1.0 131,2.0 134,6.0 135,2.0 137,2.0 142,1.0 143,2.0 145,2.0 153,2.0 154,2.0 172,1.0 174,1.0 204,1.0 207,1.0 244,2.0 270,1.0 273,1.0 292,1.0 294,1.0 
0,20.0 1,46.0 2,21.0 10,13.0 12,1.0 13,38.0 15,21.0 16,27.0 18,28.0 19,26.0 22,12.0 23,2.0 25,4.0 27,1.0 29,4.0 30,3.0 36,1.0 37,37.0 41,10.0 44,2.0 45,6.0 47,6.0 48,37.0 49,9.0 50,1.0 51,13.0 52,4.0 58,1.0 60,14.0 62,2.0 63,8.0 66,2.0 70,2.0 72,2.0 75,5.0 79,8.0 83,1.0 84,7.0 85,17.0 86,8.0 89,8.0 94,6.0 95,4.0 96,2.0 109,1.0 111,6.0 117,3.0 120,4.0 140,1.0 141,1.0 165,4.0 172,1.0 176,1.0 187,2.0 190,2.0 193,1.0 244,1.0 253,2.0 254,6.0 256,1.0 267,1.0 
0,12.0 1,11.0 2,9.0 9,1.0 10,6.0 16,8.0 18,10.0 22,8.0 25,5.0 26,1.0 30,3.0 41,6.0 44,6.0 46,3.0 48,3.0 52,4.0 61,6.0 91,2.0 101,1.0 102,6.0 103,2.0 104,2.0 130,2.0 131,2.0 133,1.0 144,2.0 177,2.0 188,2.0 194,2.0 222,1.0 287,1.0 
1,3.0 2,6.0 12,2.0 13,3.0 16,1.0 18,3.0 23,2.0 25,3.0 30,12.0 45,3.0 46,2.0 47,6.0 48,10.0 50,4.0 51,1.0 52,1.0 63,1.0 98,1.0 104,1.0 157,2.0 165,1.0 175,2.0 176,1.0 183,3.0 188,4.0 224,1.0 278,2.0 284,6.0 285,1.0 286,1.0 
2,14.0 10,2.0 13,7.0 14,1.0 15,2.0 17,1.0 21,1.0 23,5.0 25,6.0 29,1.0 30,2.0 34,2.0 41,6.0 44,7.0 46,2.0 47,5.0 48,5.0 49,1.0 50,2.0 51,5.0 52,1.0 60,6.0 62,2.0 63,8.0 70,2.0 79,4.0 80,2.0 81,2.0 82,2.0 86,1.0 90,4.0 91,6.0 109,1.0 113,15.0 114,2.0 115,2.0 116,2.0 117,2.0 145,2.0 146,2.0 156,4.0 157,6.0 158,6.0 175,98.0 185,6.0 251,1.0 290,1.0 
0,5.0 1,8.0 2,11.0 10,1.0 12,6.0 13,11.0 15,30.0 16,27.0 18,8.0 19,8.0 21,2.0 22,1.0 25,6.0 29,1.0 30,17.0 34,2.0 36,1.0 37,15.0 41,2.0 44,40.0 45,3.0 46,10.0 47,3.0 48,1.0 49,4.0 50,9.0 51,6.0 52,2.0 60,10.0 63,4.0 70,1.0 74,2.0 75,2.0 76,1.0 78,1.0 80,1.0 83,8.0 84,4.0 85,1.0 86,5.0 97,1.0 98,1.0 104,1.0 117,2.0 118,3.0 157,2.0 175,2.0 176,2.0 183,3.0 188,4.0 225,1.0 226,1.0 227,1.0 238,1.0 239,1.0 240,1.0 266,1.0 270,2.0 276,3.0 277,1.0 302,1.0 
0,2.0 2,12.0 10,5.0 12,14.0 13,7.0 15,2.0 16,1.0 18,2.0 19,7.0 21,1.0 23,3.0 25,1.0 29,9.0 30,2.0 34,1.0 37,5.0 41,2.0 44,52.0 45,7.0 48,3.0 51,3.0 52,14.0 65,3.0 70,1.0 73,1.0 80,1.0 85,2.0 86,1.0 91,2.0 92,2.0 93,2.0 106,1.0 109,2.0 153,1.0 176,2.0 185,1.0 229,1.0 234,1.0 235,1.0 236,1.0 237,1.0 309,1.0 
0,1.0 1,4.0 2,1.0 10,1.0 13,9.0 16,5.0 18,4.0 19,1.0 21,11.0 25,4.0 26,4.0 29,1.0 30,5.0 37,2.0 44,1.0 45,3.0 46,4.0 47,1.0 48,8.0 51,6.0 52,2.0 60,5.0 76,1.0 159,1.0 160,1.0 165,1.0 167,2.0 219,5.0 229,1.0 230,1.0 234,1.0 238,1.0 239,1.0 241,1.0 242,1.0 274,3.0 298,1.0 
0,3.0 1,2.0 2,8.0 10,4.0 13,36.0 15,2.0 16,2.0 18,24.0 19,14.0 21,2.0 26,1.0 27,2.0 29,1.0 30,3.0 37,12.0 41,6.0 44,14.0 45,6.0 46,2.0 47,5.0 48,3.0 49,5.0 50,2.0 52,8.0 58,2.0 60,8.0 61,13.0 77,2.0 80,3.0 88,4.0 92,2.0 109,1.0 118,2.0 121,4.0 134,2.0 145,2.0 146,2.0 147,2.0 150,2.0 159,2.0 165,1.0 199,2.0 200,2.0 236,1.0 238,1.0 239,1.0 
1,1.0 2,4.0 10,9.0 13,7.0 16,2.0 19,9.0 23,2.0 25,2.0 26,1.0 27,4.0 29,3.0 37,14.0 44,4.0 45,4.0 48,2.0 49,14.0 50,1.0 51,2.0 60,2.0 106,1.0 109,2.0 159,1.0 185,1.0 189,1.0 192,1.0 210,1.0 219,1.0 309,1.0 
54,3.0 
55,3.0 
16,3.0 
57,3.0 
19,3.0 
10,2.0 19,5.0 23,2.0 25,1.0 26,1.0 27,4.0 37,3.0 167,5.0 191,1.0 204,1.0 220,3.0 292,1.0 310,1.0 
22,12.0 30,6.0 41,12.0 51,10.0 60,7.0 80,2.0 88,2.0 150,2.0 168,2.0 169,2.0 170,2.0 171,2.0 
0,1.0 2,2.0 13,9.0 15,2.0 16,13.0 18,4.0 21,9.0 22,12.0 26,2.0 30,6.0 37,2.0 41,12.0 44,14.0 47,2.0 48,10.0 50,3.0 51,14.0 52,2.0 59,14.0 60,1.0 61,3.0 63,2.0 111,2.0 159,2.0 172,2.0 
2,3.0 13,3.0 16,8.0 27,1.0 41,6.0 45,6.0 51,3.0 58,1.0 60,2.0 
12,2.0 23,3.0 46,2.0 
2,6.0 13,2.0 15,19.0 16,1.0 22,6.0 30,5.0 36,1.0 37,2.0 41,2.0 44,10.0 46,1.0 47,2.0 48,4.0 51,2.0 52,1.0 60,2.0 85,1.0 106,1.0 111,5.0 
49,2.0 
44,3.0 
36,2.0 
45,1.0 68,2.0 69,2.0 76,1.0 81,2.0 82,2.0 196,1.0 
67,2.0 69,2.0 
11,1.0 23,1.0 34,2.0 70,2.0 180,1.0 
13,8.0 14,1.0 15,8.0 17,1.0 34,6.0 35,1.0 47,1.0 71,3.0 72,12.0 74,1.0 78,2.0 80,1.0 82,1.0 90,2.0 91,3.0 113,1.0 135,2.0 139,3.0 147,4.0 151,1.0 157,2.0 158,4.0 183,1.0 199,1.0 202,1.0 205,1.0 251,1.0 271,1.0 273,1.0 290,1.0 294,1.0 311,1.0 
13,1.0 51,1.0 61,1.0 72,3.0 125,2.0 228,2.0 229,2.0 
13,12.0 15,12.0 34,1.0 35,1.0 70,12.0 73,3.0 74,1.0 78,2.0 79,2.0 80,5.0 81,5.0 88,1.0 90,3.0 91,1.0 139,6.0 147,1.0 148,2.0 151,1.0 156,2.0 157,4.0 158,2.0 199,1.0 202,1.0 273,1.0 311,1.0 
49,1.0 52,1.0 70,1.0 74,3.0 75,3.0 139,1.0 229,1.0 234,1.0 235,1.0 294,1.0 
3,2.0 11,2.0 17,3.0 20,2.0 22,1.0 23,6.0 35,7.0 75,3.0 76,7.0 77,14.0 80,2.0 82,3.0 90,1.0 116,2.0 117,3.0 118,4.0 119,4.0 120,4.0 121,2.0 122,2.0 123,2.0 131,2.0 132,7.0 133,2.0 141,3.0 142,7.0 151,1.0 199,1.0 214,3.0 241,1.0 311,1.0 
1,2.0 10,1.0 13,1.0 18,2.0 44,2.0 48,2.0 74,3.0 76,3.0 79,2.0 89,2.0 93,1.0 94,2.0 95,2.0 96,2.0 124,1.0 180,1.0 207,2.0 212,1.0 267,1.0 268,1.0 269,1.0 270,4.0 277,1.0 278,1.0 
3,3.0 9,1.0 13,1.0 23,2.0 35,1.0 42,4.0 43,2.0 48,1.0 51,1.0 52,1.0 61,1.0 70,1.0 74,3.0 77,7.0 78,1.0 80,2.0 83,2.0 125,1.0 134,2.0 136,2.0 137,2.0 142,7.0 147,1.0 152,2.0 153,2.0 209,1.0 221,1.0 225,1.0 226,1.0 227,1.0 229,1.0 230,3.0 231,1.0 232,1.0 233,1.0 234,1.0 241,1.0 271,1.0 
9,1.0 11,3.0 17,3.0 20,2.0 23,6.0 74,14.0 76,6.0 78,8.0 119,2.0 120,2.0 121,4.0 122,2.0 123,2.0 125,1.0 127,1.0 132,2.0 133,4.0 135,2.0 142,4.0 146,2.0 147,1.0 149,2.0 150,2.0 212,1.0 214,3.0 241,2.0 
3,2.0 9,1.0 11,1.0 12,1.0 21,1.0 42,1.0 43,1.0 72,2.0 74,2.0 76,2.0 77,5.0 79,3.0 81,2.0 125,1.0 127,1.0 135,2.0 142,3.0 147,3.0 148,2.0 149,2.0 150,2.0 238,1.0 239,1.0 240,1.0 272,1.0 
1,2.0 10,4.0 15,4.0 17,1.0 23,1.0 44,2.0 47,2.0 72,2.0 75,2.0 80,3.0 89,9.0 90,2.0 91,2.0 94,2.0 95,2.0 96,2.0 113,2.0 116,2.0 117,2.0 126,2.0 138,2.0 272,1.0 
0,1.0 3,3.0 9,2.0 16,2.0 18,1.0 21,1.0 26,1.0 34,1.0 35,2.0 42,2.0 43,2.0 44,1.0 47,2.0 49,1.0 51,2.0 61,2.0 67,2.0 70,1.0 72,7.0 74,2.0 76,2.0 81,9.0 82,3.0 88,4.0 90,4.0 91,3.0 92,2.0 127,2.0 128,2.0 129,2.0 134,2.0 139,6.0 142,2.0 150,2.0 151,1.0 152,2.0 153,3.0 155,2.0 167,1.0 174,1.0 175,2.0 199,1.0 201,2.0 202,3.0 221,1.0 229,1.0 234,1.0 236,3.0 237,1.0 238,1.0 239,1.0 311,1.0 
0,2.0 3,4.0 13,2.0 19,2.0 34,1.0 47,2.0 67,2.0 72,4.0 80,6.0 82,7.0 139,3.0 151,2.0 156,2.0 157,2.0 175,2.0 273,1.0 
2,2.0 3,5.0 16,1.0 23,2.0 26,1.0 37,2.0 47,2.0 72,2.0 74,1.0 76,2.0 77,2.0 80,7.0 81,2.0 139,3.0 142,2.0 151,2.0 152,2.0 212,1.0 
1,1.0 15,4.0 37,6.0 42,4.0 48,4.0 49,2.0 79,2.0 80,2.0 84,4.0 86,2.0 88,2.0 89,2.0 126,2.0 136,2.0 137,4.0 139,2.0 143,2.0 154,2.0 155,2.0 
1,7.0 37,2.0 83,4.0 86,2.0 
0,2.0 2,3.0 12,1.0 13,28.0 15,2.0 16,1.0 18,1.0 19,9.0 30,1.0 36,1.0 37,12.0 44,17.0 48,5.0 49,1.0 51,1.0 71,1.0 86,7.0 87,8.0 125,1.0 163,2.0 164,2.0 166,2.0 201,1.0 228,1.0 229,1.0 275,1.0 276,1.0 
2,2.0 13,10.0 15,2.0 19,3.0 37,12.0 44,11.0 47,1.0 48,2.0 51,2.0 76,1.0 85,12.0 86,2.0 230,1.0 232,1.0 233,1.0 
13,8.0 15,2.0 37,8.0 48,2.0 85,8.0 
3,1.0 13,2.0 15,2.0 51,2.0 61,2.0 72,2.0 74,1.0 80,6.0 81,2.0 90,2.0 91,2.0 92,4.0 118,2.0 121,2.0 139,2.0 147,2.0 150,2.0 155,2.0 199,2.0 200,2.0 201,2.0 202,2.0 
1,2.0 10,4.0 15,4.0 17,1.0 23,1.0 44,2.0 75,2.0 79,9.0 94,2.0 95,2.0 96,2.0 124,2.0 125,2.0 126,4.0 138,2.0 
0,1.0 13,8.0 15,8.0 16,4.0 18,4.0 34,1.0 35,7.0 44,1.0 47,2.0 70,1.0 72,2.0 74,2.0 79,2.0 80,3.0 81,1.0 90,1.0 91,9.0 92,2.0 113,2.0 116,2.0 117,2.0 139,1.0 141,1.0 151,2.0 185,1.0 199,2.0 201,2.0 202,3.0 311,2.0 
0,1.0 13,8.0 14,1.0 15,6.0 17,1.0 34,2.0 35,1.0 44,1.0 45,2.0 47,3.0 49,2.0 70,3.0 72,1.0 74,1.0 79,2.0 80,3.0 90,10.0 92,6.0 102,2.0 113,3.0 116,2.0 117,2.0 151,1.0 158,1.0 183,1.0 199,1.0 201,2.0 202,3.0 251,1.0 290,1.0 311,1.0 
0,1.0 13,4.0 15,2.0 34,2.0 44,1.0 47,1.0 49,2.0 80,4.0 88,2.0 90,4.0 91,8.0 92,2.0 108,1.0 109,1.0 113,1.0 118,3.0 121,2.0 147,2.0 191,1.0 199,2.0 200,2.0 201,4.0 202,4.0 205,1.0 
10,9.0 44,2.0 93,3.0 94,2.0 165,1.0 279,1.0 
1,2.0 44,6.0 75,4.0 79,4.0 89,4.0 94,2.0 95,4.0 96,2.0 
1,2.0 44,2.0 75,2.0 79,2.0 89,2.0 94,2.0 96,2.0 105,2.0 106,2.0 108,2.0 109,2.0 
1,6.0 96,2.0 97,2.0 98,2.0 
0,1.0 11,1.0 12,1.0 23,2.0 42,1.0 43,1.0 97,2.0 98,6.0 99,2.0 
0,1.0 1,1.0 15,1.0 16,1.0 23,2.0 30,1.0 37,1.0 41,1.0 49,6.0 63,1.0 97,6.0 98,2.0 99,2.0 104,1.0 111,1.0 120,2.0 176,4.0 250,2.0 251,4.0 252,2.0 
23,6.0 99,3.0 275,2.0 
41,4.0 100,2.0 101,4.0 
41,2.0 45,1.0 100,2.0 102,1.0 
45,6.0 91,4.0 101,2.0 102,3.0 
103,2.0 104,4.0 
15,1.0 63,1.0 98,1.0 103,4.0 105,2.0 106,2.0 111,1.0 176,1.0 
95,4.0 105,4.0 106,10.0 107,4.0 108,2.0 109,2.0 
9,2.0 10,5.0 11,1.0 13,2.0 15,2.0 17,4.0 19,6.0 20,1.0 23,28.0 32,4.0 37,3.0 40,2.0 41,3.0 44,3.0 49,1.0 60,2.0 63,2.0 69,1.0 74,6.0 76,2.0 77,6.0 79,1.0 89,1.0 95,4.0 98,2.0 105,12.0 106,4.0 107,2.0 108,2.0 109,2.0 111,2.0 120,3.0 126,1.0 131,1.0 138,1.0 140,2.0 141,1.0 142,2.0 144,1.0 157,1.0 180,1.0 183,2.0 192,1.0 198,1.0 207,1.0 208,3.0 209,1.0 210,1.0 211,1.0 212,1.0 213,1.0 214,3.0 215,2.0 
105,2.0 106,2.0 
34,2.0 47,1.0 92,2.0 108,3.0 109,7.0 113,1.0 118,2.0 
10,2.0 19,1.0 23,1.0 29,2.0 34,2.0 37,1.0 47,1.0 49,2.0 52,2.0 92,2.0 106,1.0 108,7.0 109,1.0 110,2.0 111,2.0 113,1.0 118,2.0 185,1.0 309,1.0 
110,2.0 111,4.0 112,4.0 
1,6.0 2,4.0 13,2.0 15,5.0 18,8.0 26,8.0 41,8.0 44,6.0 47,4.0 51,2.0 60,2.0 63,3.0 106,1.0 110,4.0 112,2.0 113,2.0 217,1.0 218,1.0 
110,2.0 111,2.0 
14,1.0 17,1.0 34,2.0 47,13.0 70,2.0 79,4.0 90,4.0 91,6.0 113,5.0 114,4.0 115,4.0 116,2.0 117,2.0 251,1.0 290,1.0 
47,2.0 113,2.0 115,2.0 
47,2.0 113,2.0 114,2.0 
35,4.0 74,4.0 116,2.0 117,6.0 118,4.0 119,2.0 120,2.0 
0,6.0 1,5.0 14,4.0 16,5.0 18,3.0 22,32.0 33,2.0 35,4.0 43,1.0 45,2.0 48,2.0 74,5.0 116,6.0 117,2.0 118,4.0 119,2.0 120,2.0 122,3.0 124,2.0 127,2.0 130,2.0 132,1.0 140,1.0 141,3.0 142,1.0 158,2.0 177,2.0 185,3.0 191,2.0 204,1.0 207,2.0 209,1.0 214,1.0 273,8.0 294,8.0 304,2.0 305,2.0 306,2.0 307,4.0 
34,2.0 35,2.0 47,1.0 74,4.0 80,2.0 88,2.0 90,2.0 91,2.0 92,5.0 108,1.0 109,1.0 113,1.0 116,2.0 117,2.0 119,2.0 120,2.0 121,2.0 131,3.0 132,2.0 147,2.0 199,2.0 200,2.0 201,2.0 202,2.0 205,1.0 
11,2.0 20,2.0 74,4.0 77,4.0 119,2.0 120,6.0 121,4.0 122,2.0 123,2.0 
0,3.0 11,2.0 16,3.0 20,2.0 22,3.0 30,2.0 37,4.0 41,4.0 44,4.0 74,4.0 77,4.0 117,3.0 119,6.0 120,2.0 121,4.0 122,2.0 123,2.0 140,1.0 141,1.0 176,2.0 
11,2.0 20,2.0 74,2.0 77,4.0 80,2.0 88,2.0 90,2.0 91,2.0 92,4.0 118,2.0 119,2.0 120,2.0 122,2.0 123,2.0 133,2.0 146,2.0 147,2.0 199,2.0 200,2.0 201,2.0 202,2.0 
11,7.0 14,1.0 20,4.0 22,3.0 33,3.0 42,3.0 43,8.0 75,1.0 89,2.0 123,2.0 124,2.0 125,2.0 134,3.0 204,1.0 207,1.0 270,1.0 273,3.0 292,1.0 294,3.0 
11,2.0 20,2.0 89,2.0 122,2.0 124,2.0 125,2.0 
14,1.0 22,2.0 35,1.0 74,1.0 89,2.0 125,2.0 126,2.0 127,1.0 142,1.0 207,2.0 
9,1.0 11,2.0 13,1.0 42,1.0 43,1.0 51,1.0 61,2.0 71,2.0 76,1.0 89,2.0 124,2.0 126,2.0 127,1.0 172,1.0 228,2.0 229,2.0 230,1.0 231,1.0 
3,2.0 9,1.0 11,2.0 23,1.0 47,4.0 79,2.0 81,2.0 82,2.0 89,2.0 134,2.0 138,7.0 
9,4.0 11,2.0 14,1.0 22,2.0 39,2.0 42,2.0 43,1.0 70,1.0 72,2.0 90,1.0 124,1.0 125,1.0 128,2.0 129,2.0 130,2.0 131,2.0 139,1.0 143,1.0 144,1.0 172,1.0 204,1.0 207,1.0 273,1.0 294,1.0 
2,1.0 9,4.0 11,2.0 127,2.0 129,2.0 130,4.0 131,2.0 134,2.0 137,1.0 140,2.0 
0,3.0 9,2.0 49,1.0 127,2.0 128,2.0 130,2.0 131,2.0 
22,2.0 47,2.0 117,2.0 131,4.0 132,9.0 133,2.0 140,2.0 141,4.0 144,2.0 185,2.0 194,2.0 195,3.0 308,1.0 
1,2.0 10,1.0 13,3.0 17,1.0 18,2.0 19,1.0 20,3.0 23,1.0 51,3.0 122,2.0 130,2.0 132,6.0 133,6.0 144,2.0 145,2.0 146,2.0 196,2.0 205,2.0 
0,1.0 1,8.0 2,2.0 10,1.0 11,2.0 13,4.0 16,1.0 18,8.0 19,1.0 20,2.0 22,1.0 25,2.0 33,2.0 37,2.0 44,2.0 45,2.0 51,2.0 117,1.0 122,6.0 130,1.0 131,4.0 133,4.0 141,6.0 185,1.0 195,3.0 308,1.0 
1,3.0 2,6.0 10,2.0 11,4.0 13,6.0 17,2.0 18,2.0 19,2.0 41,1.0 47,2.0 51,2.0 122,2.0 132,4.0 146,4.0 196,2.0 222,1.0 
9,4.0 11,3.0 18,2.0 37,2.0 42,4.0 43,5.0 47,4.0 51,3.0 70,2.0 75,1.0 77,2.0 78,2.0 83,2.0 122,1.0 126,2.0 128,2.0 130,2.0 135,4.0 137,2.0 138,2.0 140,2.0 142,2.0 143,3.0 147,2.0 153,2.0 154,2.0 207,1.0 244,1.0 270,1.0 
70,2.0 76,2.0 77,2.0 78,4.0 106,1.0 147,2.0 193,1.0 
11,1.0 39,2.0 42,2.0 47,6.0 79,2.0 83,2.0 89,2.0 126,2.0 130,2.0 137,4.0 142,6.0 143,2.0 144,2.0 149,6.0 
39,2.0 42,4.0 47,2.0 79,2.0 80,2.0 83,4.0 88,2.0 89,2.0 126,2.0 130,2.0 134,1.0 136,4.0 139,2.0 142,2.0 143,4.0 144,2.0 147,2.0 154,2.0 155,2.0 
9,1.0 11,2.0 23,1.0 47,4.0 72,2.0 80,2.0 81,2.0 126,5.0 134,2.0 
9,2.0 11,2.0 34,1.0 35,1.0 70,2.0 72,5.0 73,1.0 74,1.0 77,1.0 78,2.0 80,2.0 81,3.0 82,1.0 88,2.0 128,2.0 134,2.0 147,1.0 148,2.0 155,2.0 270,1.0 273,1.0 294,1.0 
22,1.0 23,2.0 106,2.0 111,1.0 130,2.0 132,2.0 141,3.0 183,3.0 208,3.0 216,2.0 217,1.0 
0,1.0 1,2.0 10,2.0 13,1.0 16,1.0 18,2.0 19,2.0 22,3.0 23,1.0 33,2.0 37,2.0 44,2.0 51,1.0 106,1.0 117,3.0 122,2.0 130,2.0 132,6.0 140,1.0 157,1.0 185,4.0 210,1.0 216,1.0 217,1.0 
3,4.0 9,2.0 11,7.0 16,1.0 22,1.0 23,2.0 26,1.0 35,3.0 39,3.0 40,1.0 47,16.0 67,1.0 74,5.0 76,3.0 77,1.0 78,2.0 80,4.0 82,3.0 117,1.0 125,1.0 127,1.0 134,2.0 136,8.0 137,4.0 143,3.0 147,5.0 149,12.0 174,1.0 209,1.0 291,1.0 
14,1.0 39,4.0 40,1.0 42,2.0 43,1.0 80,2.0 83,2.0 88,2.0 127,1.0 130,2.0 136,2.0 137,4.0 139,2.0 144,3.0 154,2.0 155,2.0 191,1.0 204,2.0 291,1.0 
23,1.0 130,2.0 131,5.0 132,2.0 133,2.0 196,2.0 204,1.0 205,1.0 
131,2.0 133,2.0 146,4.0 197,2.0 198,2.0 
2,2.0 10,2.0 11,2.0 13,2.0 17,2.0 19,2.0 133,4.0 145,2.0 197,2.0 198,2.0 
9,1.0 11,2.0 34,1.0 43,1.0 47,4.0 70,2.0 74,2.0 77,1.0 78,3.0 80,2.0 88,2.0 90,2.0 91,2.0 92,4.0 118,2.0 121,2.0 122,1.0 125,1.0 127,1.0 134,3.0 137,2.0 142,7.0 199,2.0 200,2.0 201,2.0 202,2.0 273,1.0 
77,2.0 78,2.0 149,2.0 
11,6.0 47,12.0 77,2.0 78,2.0 136,6.0 142,12.0 150,2.0 
3,2.0 51,2.0 61,2.0 78,2.0 80,2.0 81,2.0 88,2.0 
3,2.0 35,1.0 74,1.0 76,2.0 80,2.0 82,2.0 90,1.0 152,2.0 199,1.0 311,1.0 
3,2.0 42,2.0 43,2.0 76,2.0 80,2.0 134,2.0 153,2.0 
21,1.0 39,1.0 42,4.0 43,2.0 49,1.0 80,1.0 83,2.0 134,2.0 137,2.0 143,2.0 154,2.0 172,1.0 236,1.0 237,1.0 
2,2.0 42,2.0 47,2.0 80,2.0 83,2.0 88,2.0 137,2.0 139,2.0 143,2.0 155,2.0 175,4.0 
49,2.0 72,2.0 80,2.0 81,2.0 88,2.0 117,1.0 139,2.0 172,1.0 
1,2.0 2,2.0 13,2.0 18,2.0 29,1.0 30,3.0 44,1.0 46,2.0 47,2.0 48,2.0 50,2.0 157,4.0 158,2.0 175,2.0 185,2.0 186,4.0 187,2.0 217,1.0 223,1.0 
0,1.0 1,4.0 2,2.0 13,2.0 16,1.0 18,4.0 22,1.0 23,1.0 30,1.0 37,2.0 44,2.0 46,1.0 47,6.0 48,1.0 50,1.0 106,1.0 141,1.0 156,4.0 158,8.0 175,6.0 183,2.0 185,4.0 189,4.0 190,2.0 210,1.0 
0,4.0 1,2.0 10,2.0 14,2.0 16,4.0 17,1.0 18,2.0 19,2.0 22,2.0 23,1.0 26,1.0 31,1.0 37,2.0 44,2.0 47,6.0 48,1.0 50,1.0 156,2.0 157,8.0 175,6.0 183,2.0 185,4.0 191,2.0 192,5.0 193,2.0 205,2.0 
13,2.0 16,1.0 21,1.0 25,15.0 37,1.0 50,2.0 51,6.0 52,1.0 71,1.0 125,1.0 156,1.0 217,1.0 223,1.0 228,1.0 229,1.0 
1,3.0 12,1.0 16,1.0 18,2.0 19,1.0 161,3.0 162,2.0 298,1.0 
1,3.0 16,1.0 18,2.0 160,3.0 162,2.0 
1,2.0 18,2.0 160,2.0 161,2.0 
13,2.0 15,2.0 18,2.0 36,2.0 164,4.0 166,2.0 
13,2.0 15,2.0 18,2.0 36,2.0 163,4.0 166,2.0 
10,3.0 30,1.0 44,4.0 47,1.0 49,1.0 51,1.0 52,1.0 86,1.0 165,1.0 279,3.0 280,1.0 
13,2.0 15,2.0 163,2.0 164,2.0 
26,4.0 27,2.0 58,7.0 59,2.0 
60,2.0 169,2.0 170,2.0 171,2.0 
60,2.0 168,2.0 170,2.0 171,2.0 
60,2.0 168,2.0 169,2.0 171,2.0 
60,2.0 168,2.0 169,2.0 170,2.0 
0,1.0 3,1.0 10,2.0 11,1.0 17,1.0 22,1.0 39,1.0 42,1.0 43,1.0 80,1.0 117,2.0 142,1.0 153,1.0 155,1.0 174,1.0 258,1.0 259,1.0 260,1.0 261,1.0 262,1.0 263,1.0 264,1.0 
30,2.0 
3,1.0 35,1.0 41,2.0 74,1.0 80,1.0 142,1.0 
2,4.0 11,8.0 13,2.0 15,2.0 38,2.0 39,4.0 47,56.0 63,2.0 80,2.0 81,2.0 126,4.0 130,2.0 134,4.0 136,6.0 137,2.0 138,4.0 142,16.0 147,4.0 149,12.0 156,2.0 157,6.0 158,6.0 179,2.0 180,4.0 181,4.0 182,4.0 183,2.0 184,8.0 185,4.0 
15,1.0 18,2.0 25,1.0 30,3.0 41,1.0 44,1.0 49,1.0 63,1.0 98,1.0 104,1.0 111,1.0 120,2.0 
0,2.0 1,2.0 18,4.0 30,2.0 45,2.0 46,2.0 48,2.0 188,2.0 
63,2.0 
47,2.0 180,2.0 181,2.0 
11,1.0 23,1.0 38,2.0 47,4.0 69,1.0 75,1.0 179,2.0 181,4.0 207,1.0 212,1.0 
38,2.0 47,4.0 179,2.0 180,4.0 
47,4.0 
0,1.0 14,1.0 16,1.0 23,2.0 31,1.0 47,2.0 48,1.0 50,1.0 106,2.0 111,1.0 140,3.0 157,4.0 158,2.0 189,4.0 190,2.0 208,3.0 216,1.0 293,1.0 
47,8.0 
10,1.0 13,1.0 19,1.0 22,3.0 47,4.0 51,1.0 117,3.0 130,2.0 132,1.0 141,4.0 156,4.0 157,4.0 158,4.0 175,4.0 186,4.0 187,2.0 309,1.0 
30,4.0 46,4.0 48,4.0 50,1.0 156,2.0 187,2.0 188,2.0 
1,2.0 30,2.0 46,2.0 48,2.0 186,2.0 188,2.0 
2,2.0 13,2.0 30,4.0 46,4.0 47,2.0 48,4.0 157,2.0 175,2.0 183,2.0 
0,3.0 16,3.0 19,1.0 22,4.0 23,1.0 30,2.0 46,1.0 48,1.0 50,1.0 117,2.0 157,2.0 190,2.0 192,1.0 210,1.0 
0,2.0 1,2.0 16,2.0 22,2.0 117,2.0 189,2.0 
10,1.0 16,1.0 17,1.0 19,1.0 26,1.0 158,7.0 183,1.0 192,5.0 193,2.0 204,1.0 205,3.0 290,1.0 292,1.0 293,1.0 
0,2.0 10,3.0 16,2.0 19,4.0 22,3.0 23,5.0 26,1.0 30,1.0 47,1.0 106,2.0 158,3.0 189,1.0 193,2.0 198,1.0 210,1.0 
0,2.0 1,1.0 10,2.0 19,2.0 23,2.0 30,1.0 106,3.0 135,1.0 192,2.0 
130,2.0 132,2.0 195,2.0 
0,1.0 1,2.0 2,1.0 18,2.0 25,2.0 37,2.0 41,2.0 44,1.0 45,2.0 120,1.0 132,2.0 196,1.0 197,1.0 224,1.0 308,1.0 
0,3.0 2,3.0 13,2.0 37,1.0 41,1.0 45,1.0 47,2.0 51,2.0 67,1.0 133,2.0 195,1.0 197,1.0 224,1.0 
2,1.0 10,2.0 19,2.0 23,2.0 37,1.0 41,1.0 106,2.0 195,1.0 196,1.0 198,2.0 224,1.0 
0,2.0 10,2.0 19,2.0 23,3.0 47,1.0 106,2.0 192,1.0 197,2.0 
16,4.0 18,4.0 22,1.0 35,1.0 74,1.0 80,2.0 88,2.0 90,3.0 91,2.0 92,4.0 108,1.0 109,1.0 118,2.0 121,2.0 147,2.0 151,1.0 200,2.0 201,2.0 202,2.0 270,1.0 275,3.0 287,1.0 311,1.0 
80,2.0 88,2.0 90,2.0 91,2.0 92,4.0 118,2.0 121,2.0 147,2.0 199,2.0 201,2.0 202,2.0 
0,1.0 16,2.0 18,1.0 44,1.0 80,2.0 85,1.0 90,2.0 91,2.0 92,2.0 202,2.0 275,2.0 
0,1.0 34,1.0 35,1.0 44,1.0 70,1.0 72,1.0 74,1.0 80,3.0 90,4.0 91,3.0 92,2.0 151,1.0 199,1.0 201,2.0 311,1.0 
41,2.0 46,1.0 283,2.0 284,1.0 
22,1.0 131,1.0 144,1.0 158,1.0 191,2.0 205,5.0 206,2.0 292,1.0 310,1.0 
0,1.0 10,5.0 13,1.0 14,1.0 16,2.0 17,3.0 19,5.0 20,1.0 23,2.0 26,1.0 51,1.0 58,1.0 131,2.0 158,2.0 191,2.0 206,2.0 290,1.0 
10,2.0 19,2.0 23,2.0 58,1.0 205,2.0 
14,1.0 22,2.0 23,1.0 74,1.0 75,1.0 76,1.0 77,1.0 124,3.0 127,1.0 270,1.0 
23,3.0 106,2.0 111,1.0 140,3.0 183,3.0 216,1.0 
22,1.0 23,1.0 76,1.0 142,1.0 304,1.0 305,1.0 
19,1.0 22,1.0 23,2.0 30,1.0 106,1.0 141,1.0 157,1.0 189,1.0 192,1.0 
23,1.0 
20,1.0 23,1.0 75,1.0 77,1.0 180,1.0 207,1.0 213,1.0 241,1.0 
20,1.0 23,1.0 212,1.0 
22,1.0 23,3.0 74,3.0 77,3.0 304,1.0 305,1.0 
23,2.0 
29,1.0 49,1.0 52,1.0 109,1.0 111,1.0 140,1.0 183,1.0 208,1.0 217,1.0 
29,2.0 30,1.0 44,1.0 46,1.0 49,1.0 50,1.0 52,1.0 63,1.0 109,1.0 156,1.0 216,1.0 218,1.0 223,1.0 
46,1.0 63,1.0 217,1.0 
19,1.0 25,2.0 27,1.0 50,4.0 52,1.0 295,1.0 296,1.0 297,1.0 
26,1.0 27,4.0 51,4.0 76,1.0 125,1.0 230,1.0 231,1.0 
27,2.0 58,1.0 
1,1.0 41,1.0 133,1.0 
29,1.0 30,1.0 44,1.0 50,1.0 156,1.0 217,1.0 
2,1.0 16,1.0 30,1.0 37,1.0 41,1.0 45,1.0 63,1.0 102,1.0 286,2.0 
48,1.0 51,1.0 76,1.0 226,1.0 227,1.0 
48,1.0 51,1.0 76,1.0 225,1.0 227,1.0 
48,1.0 51,1.0 76,1.0 225,1.0 226,1.0 
13,1.0 51,1.0 61,1.0 71,2.0 125,2.0 229,2.0 
13,1.0 49,1.0 51,1.0 52,1.0 61,1.0 71,2.0 73,1.0 76,1.0 80,1.0 125,2.0 221,2.0 228,2.0 230,1.0 234,3.0 235,1.0 236,1.0 
13,1.0 52,1.0 61,1.0 76,3.0 125,1.0 221,1.0 229,1.0 231,1.0 232,1.0 233,1.0 234,1.0 
61,1.0 76,1.0 125,1.0 230,1.0 
13,1.0 52,1.0 76,1.0 230,1.0 233,1.0 
13,1.0 52,1.0 76,1.0 230,1.0 232,1.0 
49,1.0 52,1.0 73,1.0 76,1.0 80,1.0 221,2.0 229,3.0 230,1.0 235,1.0 236,1.0 
49,1.0 52,1.0 73,1.0 229,1.0 234,1.0 
9,1.0 21,1.0 49,1.0 80,3.0 153,1.0 167,1.0 221,1.0 229,1.0 234,1.0 237,1.0 238,1.0 239,1.0 257,1.0 
21,1.0 49,1.0 80,1.0 153,1.0 236,1.0 
12,1.0 16,1.0 21,1.0 78,1.0 80,1.0 167,2.0 236,1.0 239,4.0 240,1.0 241,2.0 242,2.0 
12,1.0 16,1.0 21,1.0 78,1.0 80,1.0 167,2.0 236,1.0 238,4.0 240,1.0 241,2.0 242,2.0 
12,1.0 21,1.0 78,1.0 238,1.0 239,1.0 
16,1.0 72,1.0 76,1.0 77,1.0 78,1.0 142,1.0 147,1.0 167,1.0 238,2.0 239,2.0 242,2.0 273,1.0 
16,1.0 167,1.0 238,2.0 239,2.0 241,2.0 
0,2.0 30,1.0 
1,1.0 13,1.0 15,4.0 49,2.0 51,1.0 134,1.0 
15,2.0 49,4.0 
0,1.0 
0,3.0 49,1.0 
15,2.0 49,1.0 
0,1.0 49,1.0 
49,7.0 
14,1.0 17,1.0 49,9.0 75,1.0 180,1.0 212,1.0 290,1.0 
49,2.0 
1,2.0 
1,6.0 
49,2.0 
1,1.0 
9,1.0 236,1.0 
17,1.0 48,1.0 172,1.0 259,1.0 260,1.0 261,1.0 262,1.0 263,1.0 264,1.0 
0,1.0 17,1.0 260,1.0 261,1.0 262,1.0 263,1.0 264,1.0 
0,1.0 17,1.0 259,1.0 261,1.0 262,1.0 263,1.0 264,1.0 
0,1.0 17,1.0 259,1.0 260,1.0 262,1.0 263,1.0 264,1.0 
0,1.0 17,1.0 259,1.0 260,1.0 261,1.0 263,1.0 264,1.0 
0,1.0 17,1.0 259,1.0 260,1.0 261,1.0 262,1.0 264,1.0 
0,1.0 17,1.0 259,1.0 260,1.0 261,1.0 262,1.0 263,1.0 
48,1.0 
49,1.0 
75,1.0 268,1.0 
34,1.0 269,1.0 
10,1.0 13,1.0 34,1.0 75,1.0 93,1.0 147,1.0 270,1.0 277,1.0 278,1.0 
10,1.0 13,1.0 18,2.0 22,1.0 35,1.0 48,2.0 75,4.0 93,1.0 108,1.0 109,1.0 124,1.0 142,1.0 199,1.0 207,1.0 269,1.0 275,1.0 277,1.0 278,1.0 287,1.0 
70,1.0 71,1.0 
79,1.0 80,1.0 
14,3.0 22,8.0 33,1.0 34,1.0 42,1.0 43,2.0 72,1.0 76,1.0 88,1.0 122,4.0 127,1.0 142,1.0 294,8.0 
16,3.0 18,1.0 21,3.0 37,1.0 51,3.0 
16,4.0 18,3.0 22,1.0 23,1.0 85,1.0 99,1.0 108,1.0 109,1.0 199,3.0 201,2.0 270,1.0 287,1.0 
13,1.0 48,3.0 276,1.0 277,1.0 
10,1.0 13,3.0 75,2.0 93,1.0 269,2.0 270,2.0 277,1.0 278,2.0 
10,1.0 13,1.0 46,1.0 75,1.0 93,1.0 224,1.0 269,1.0 270,1.0 277,1.0 284,1.0 286,1.0 
30,1.0 165,3.0 279,1.0 280,1.0 
30,2.0 280,1.0 
2,2.0 281,1.0 282,2.0 
2,1.0 281,1.0 
203,2.0 283,1.0 
46,5.0 224,1.0 278,2.0 284,2.0 285,2.0 286,1.0 
46,1.0 284,1.0 
224,2.0 286,1.0 
22,5.0 108,1.0 109,1.0 199,2.0 270,2.0 275,2.0 287,2.0 288,2.0 289,2.0 
22,1.0 287,1.0 289,1.0 
22,1.0 287,1.0 288,1.0 
9,1.0 14,2.0 17,2.0 75,1.0 180,1.0 212,1.0 251,1.0 
39,1.0 40,1.0 143,1.0 191,1.0 204,1.0 
158,1.0 191,2.0 192,1.0 204,1.0 205,1.0 
157,1.0 158,1.0 183,2.0 189,1.0 191,1.0 
14,3.0 22,8.0 43,1.0 70,1.0 82,1.0 122,3.0 127,1.0 139,1.0 273,8.0 
10,1.0 19,1.0 296,1.0 297,1.0 
10,1.0 19,1.0 295,1.0 297,1.0 
10,1.0 19,1.0 295,1.0 296,1.0 
12,1.0 19,1.0 160,1.0 
18,1.0 300,1.0 
18,1.0 299,1.0 
44,1.0 
2,1.0 
1,1.0 
22,2.0 209,1.0 214,1.0 305,2.0 
22,2.0 209,1.0 214,1.0 304,2.0 
22,2.0 
22,4.0 
37,1.0 41,1.0 44,1.0 120,1.0 195,1.0 
156,1.0 185,1.0 186,1.0 
204,1.0 205,1.0 206,1.0 
35,1.0 74,1.0 90,1.0 151,1.0 199,1.0 
