1,6.0 2,5.0 3,5.0 4,5.0 6,9.0 8,4.0 11,5.0 16,4.0 18,5.0 19,5.0 23,9.0 24,14.0 27,5.0 32,5.0 33,5.0 74,1.0 
0,6.0 2,6.0 3,5.0 4,5.0 8,5.0 25,1.0 26,1.0 27,1.0 37,1.0 41,1.0 44,1.0 45,1.0 74,1.0 97,1.0 103,1.0 105,1.0 
0,5.0 1,5.0 3,6.0 4,6.0 18,9.0 26,9.0 27,9.0 
0,1.0 1,1.0 2,1.0 4,6.0 5,5.0 15,1.0 20,9.0 89,1.0 97,1.0 
0,1.0 1,1.0 2,1.0 3,6.0 5,5.0 14,5.0 15,5.0 16,5.0 17,5.0 52,1.0 97,1.0 99,1.0 
6,5.0 7,5.0 8,5.0 
0,9.0 7,5.0 8,5.0 9,5.0 23,9.0 24,13.0 26,2.0 104,1.0 
6,5.0 8,5.0 9,5.0 104,1.0 
1,1.0 3,4.0 6,5.0 7,5.0 9,5.0 15,5.0 26,1.0 27,5.0 34,5.0 35,5.0 36,5.0 37,1.0 41,1.0 90,1.0 91,1.0 92,1.0 93,1.0 94,1.0 97,1.0 99,1.0 104,1.0 105,1.0 
10,3.0 11,2.0 12,2.0 13,2.0 16,5.0 18,5.0 29,5.0 63,2.0 104,1.0 
11,3.0 12,3.0 13,3.0 
0,5.0 4,5.0 12,5.0 13,5.0 14,5.0 15,5.0 24,5.0 32,5.0 33,5.0 63,2.0 
4,5.0 11,5.0 13,5.0 14,5.0 15,5.0 63,2.0 
4,5.0 11,5.0 12,5.0 14,5.0 15,5.0 63,2.0 
4,5.0 15,5.0 16,5.0 17,5.0 
0,4.0 1,5.0 3,1.0 4,5.0 14,5.0 16,10.0 17,5.0 25,1.0 89,1.0 97,1.0 99,1.0 
0,9.0 8,6.0 9,5.0 17,5.0 18,5.0 22,5.0 27,5.0 29,5.0 30,6.0 31,6.0 37,1.0 
0,5.0 9,5.0 16,10.0 18,9.0 28,9.0 29,5.0 37,4.0 38,2.0 39,2.0 40,2.0 41,2.0 
0,1.0 1,1.0 2,1.0 3,5.0 6,1.0 9,5.0 16,10.0 17,16.0 18,7.0 19,5.0 27,9.0 28,16.0 29,5.0 30,5.0 31,5.0 37,6.0 38,2.0 39,2.0 40,2.0 41,2.0 
3,5.0 18,5.0 26,1.0 108,1.0 109,1.0 
21,9.0 22,9.0 
0,9.0 6,9.0 22,9.0 
0,14.0 6,9.0 11,5.0 21,9.0 32,5.0 
23,8.0 24,29.0 25,9.0 38,4.0 39,20.0 40,20.0 43,8.0 44,20.0 45,4.0 51,8.0 52,8.0 53,4.0 54,4.0 55,4.0 57,8.0 58,4.0 
8,5.0 23,33.0 24,12.0 25,9.0 33,5.0 38,1.0 39,4.0 40,21.0 43,12.0 44,16.0 51,12.0 52,4.0 55,4.0 56,8.0 57,8.0 58,4.0 64,2.0 66,1.0 67,1.0 83,1.0 
1,1.0 2,9.0 15,1.0 26,9.0 37,1.0 41,1.0 99,1.0 
1,1.0 2,9.0 6,2.0 18,9.0 19,1.0 24,2.0 27,9.0 44,1.0 45,1.0 97,1.0 105,1.0 108,1.0 109,1.0 
0,1.0 1,2.0 3,4.0 8,5.0 17,9.0 18,16.0 26,1.0 28,9.0 37,2.0 74,1.0 97,1.0 105,1.0 
9,5.0 16,5.0 17,9.0 18,9.0 29,5.0 37,4.0 38,2.0 39,2.0 40,2.0 41,2.0 106,1.0 107,1.0 
9,5.0 16,5.0 18,5.0 
8,1.0 16,6.0 22,5.0 31,6.0 37,1.0 
8,1.0 16,6.0 22,5.0 30,6.0 37,1.0 
0,5.0 11,5.0 24,5.0 33,5.0 
8,5.0 24,5.0 
15,5.0 35,5.0 36,5.0 
15,5.0 34,5.0 36,5.0 
15,5.0 34,5.0 35,5.0 
0,1.0 1,1.0 2,1.0 6,1.0 8,1.0 17,2.0 18,4.0 28,2.0 38,2.0 39,2.0 40,2.0 41,2.0 77,1.0 78,1.0 79,1.0 80,1.0 81,1.0 82,1.0 90,1.0 91,1.0 92,1.0 93,1.0 94,1.0 101,1.0 
23,8.0 24,4.0 39,16.0 40,17.0 41,4.0 42,4.0 43,4.0 44,4.0 45,4.0 50,4.0 51,4.0 83,1.0 84,1.0 85,1.0 86,1.0 87,1.0 88,1.0 
23,16.0 24,8.0 38,12.0 39,8.0 40,20.0 41,4.0 42,4.0 43,12.0 44,28.0 45,20.0 46,8.0 47,4.0 48,4.0 50,4.0 51,4.0 52,4.0 53,4.0 54,4.0 55,4.0 65,2.0 
23,28.0 24,20.0 38,17.0 39,24.0 40,16.0 41,4.0 42,4.0 43,4.0 44,8.0 45,16.0 47,4.0 48,12.0 49,8.0 50,8.0 51,12.0 52,4.0 57,8.0 58,4.0 83,1.0 84,1.0 85,1.0 86,1.0 87,1.0 88,1.0 
1,1.0 25,1.0 37,1.0 38,4.0 39,4.0 40,4.0 42,4.0 95,1.0 102,1.0 
23,4.0 38,4.0 39,4.0 40,4.0 
23,4.0 24,16.0 28,1.0 39,8.0 40,4.0 43,4.0 44,20.0 45,8.0 46,4.0 51,4.0 53,1.0 55,4.0 56,8.0 106,1.0 
6,2.0 23,12.0 24,20.0 26,2.0 39,20.0 40,8.0 43,21.0 44,12.0 45,17.0 46,8.0 47,4.0 48,4.0 51,4.0 52,4.0 53,5.0 54,4.0 55,8.0 56,8.0 
38,4.0 39,16.0 40,20.0 43,5.0 44,13.0 45,12.0 46,8.0 47,8.0 48,16.0 49,8.0 50,4.0 53,1.0 
39,4.0 40,4.0 44,4.0 45,8.0 47,4.0 48,4.0 
40,8.0 45,8.0 48,8.0 49,4.0 
38,4.0 39,4.0 40,16.0 45,12.0 47,4.0 48,4.0 49,8.0 50,4.0 
38,4.0 39,4.0 40,8.0 45,4.0 48,4.0 50,4.0 
23,4.0 24,4.0 38,4.0 39,4.0 40,8.0 51,4.0 
23,16.0 24,12.0 39,4.0 40,12.0 44,4.0 52,4.0 57,4.0 
23,4.0 39,4.0 44,4.0 53,4.0 100,1.0 
23,4.0 28,1.0 39,4.0 43,1.0 44,4.0 54,4.0 106,1.0 
23,4.0 24,4.0 39,4.0 43,4.0 44,8.0 55,4.0 
24,8.0 43,8.0 44,8.0 56,4.0 
23,4.0 24,8.0 40,4.0 43,4.0 44,4.0 51,4.0 
23,4.0 24,4.0 40,4.0 58,4.0 
59,4.0 60,4.0 61,4.0 62,4.0 
0,2.0 1,2.0 2,2.0 38,2.0 39,2.0 40,2.0 41,2.0 60,4.0 61,4.0 62,4.0 
0,2.0 1,2.0 2,2.0 38,2.0 39,2.0 40,2.0 41,2.0 59,4.0 61,4.0 62,4.0 
0,2.0 1,2.0 2,2.0 38,2.0 39,2.0 40,2.0 41,2.0 59,4.0 60,4.0 62,4.0 
0,2.0 1,2.0 2,2.0 38,2.0 39,2.0 40,2.0 41,2.0 59,4.0 60,4.0 61,4.0 
1,1.0 4,2.0 11,2.0 12,2.0 13,2.0 14,2.0 15,2.0 103,1.0 
39,2.0 
44,2.0 
67,1.0 68,1.0 
66,1.0 68,1.0 
69,1.0 70,1.0 71,1.0 72,1.0 73,1.0 
37,1.0 70,1.0 71,1.0 72,2.0 73,2.0 74,1.0 75,1.0 76,1.0 
69,1.0 71,1.0 72,1.0 73,1.0 74,1.0 
69,1.0 70,1.0 72,1.0 73,1.0 74,1.0 
37,1.0 69,2.0 70,1.0 71,1.0 73,2.0 74,1.0 75,1.0 76,1.0 
37,1.0 69,2.0 70,1.0 71,1.0 72,2.0 74,1.0 75,1.0 76,1.0 
69,1.0 72,1.0 73,1.0 75,1.0 76,1.0 96,1.0 
37,1.0 69,1.0 72,1.0 73,1.0 76,1.0 
37,1.0 69,1.0 72,1.0 73,1.0 75,1.0 
6,1.0 78,1.0 79,1.0 80,1.0 81,1.0 82,1.0 
6,1.0 77,1.0 79,1.0 80,1.0 81,1.0 82,1.0 
6,1.0 77,1.0 78,1.0 80,1.0 81,1.0 82,1.0 
6,1.0 77,1.0 78,1.0 79,1.0 81,1.0 82,1.0 
6,1.0 77,1.0 78,1.0 79,1.0 80,1.0 82,1.0 
6,1.0 77,1.0 78,1.0 79,1.0 80,1.0 81,1.0 
38,1.0 40,1.0 84,1.0 85,1.0 86,1.0 87,1.0 88,1.0 
85,1.0 86,1.0 87,1.0 88,1.0 89,1.0 
16,1.0 30,1.0 31,1.0 84,1.0 86,1.0 87,2.0 88,2.0 89,1.0 90,1.0 91,1.0 
84,1.0 85,1.0 87,1.0 88,1.0 89,1.0 
16,1.0 30,1.0 31,1.0 84,1.0 85,2.0 86,1.0 88,2.0 89,1.0 90,1.0 91,1.0 
16,1.0 30,1.0 31,1.0 84,1.0 85,2.0 86,1.0 87,2.0 89,1.0 90,1.0 91,1.0 
85,1.0 87,1.0 88,1.0 90,1.0 91,1.0 98,1.0 
16,1.0 30,1.0 31,1.0 41,1.0 85,1.0 87,1.0 88,1.0 91,2.0 92,1.0 93,1.0 94,1.0 
16,1.0 30,1.0 31,1.0 41,1.0 85,1.0 87,1.0 88,1.0 90,2.0 92,1.0 93,1.0 94,1.0 
41,1.0 90,1.0 91,1.0 93,1.0 94,1.0 
41,1.0 90,1.0 91,1.0 92,1.0 94,1.0 
41,1.0 90,1.0 91,1.0 92,1.0 93,1.0 
0,1.0 1,1.0 27,1.0 
3,1.0 15,1.0 97,1.0 
1,1.0 3,1.0 4,1.0 15,1.0 26,1.0 44,1.0 45,1.0 52,1.0 89,1.0 99,1.0 105,1.0 
4,1.0 97,1.0 99,1.0 
4,1.0 8,1.0 41,1.0 52,1.0 63,1.0 97,1.0 
1,1.0 25,1.0 41,1.0 
8,1.0 99,1.0 
15,1.0 25,1.0 
1,1.0 2,1.0 
9,1.0 10,1.0 
1,1.0 26,1.0 44,1.0 45,1.0 97,1.0 
28,1.0 107,1.0 
19,1.0 26,1.0 108,1.0 109,1.0 
19,1.0 26,1.0 109,1.0 
19,1.0 26,1.0 108,1.0 
