1,33.0 2,40.0 3,52.0 4,3.0 5,10.0 6,9.0 9,6.0 13,2.0 19,10.0 21,4.0 22,6.0 24,13.0 25,10.0 28,5.0 29,6.0 30,6.0 31,13.0 36,1.0 37,4.0 38,5.0 39,5.0 57,5.0 69,3.0 74,3.0 75,3.0 76,3.0 87,2.0 94,3.0 95,1.0 102,1.0 106,4.0 109,1.0 110,1.0 119,1.0 127,2.0 159,4.0 161,2.0 172,1.0 174,2.0 178,1.0 179,2.0 182,1.0 190,1.0 215,2.0 217,2.0 218,1.0 251,6.0 262,1.0 271,1.0 287,1.0 291,5.0 299,5.0 303,1.0 313,2.0 314,2.0 315,2.0 319,4.0 320,4.0 321,2.0 361,1.0 362,2.0 366,1.0 467,1.0 483,1.0 484,1.0 
2,43.0 3,43.0 4,33.0 5,23.0 9,2.0 11,1.0 23,18.0 26,5.0 27,4.0 31,8.0 38,1.0 58,2.0 59,2.0 61,2.0 98,2.0 121,2.0 132,3.0 135,5.0 155,2.0 159,1.0 164,2.0 170,2.0 179,1.0 187,6.0 197,2.0 202,1.0 210,1.0 255,3.0 260,3.0 261,2.0 267,1.0 290,1.0 295,2.0 305,2.0 306,4.0 307,2.0 432,1.0 436,1.0 477,1.0 478,1.0 514,1.0 515,1.0 516,1.0 517,1.0 518,1.0 519,1.0 
0,3.0 1,47.0 3,44.0 4,34.0 5,30.0 22,3.0 23,18.0 26,2.0 27,2.0 31,10.0 38,12.0 39,2.0 40,2.0 60,2.0 81,3.0 82,3.0 83,2.0 84,8.0 87,2.0 122,2.0 132,3.0 135,7.0 164,2.0 173,2.0 175,5.0 187,4.0 192,6.0 193,2.0 197,8.0 209,2.0 223,1.0 225,2.0 278,3.0 305,2.0 306,1.0 412,1.0 453,1.0 514,1.0 
0,2.0 1,43.0 2,44.0 4,102.0 5,40.0 6,2.0 7,23.0 8,32.0 10,51.0 11,50.0 17,9.0 21,2.0 22,2.0 23,82.0 24,2.0 25,2.0 26,1.0 27,2.0 29,9.0 30,9.0 31,34.0 38,23.0 39,2.0 40,2.0 51,6.0 87,5.0 89,7.0 98,2.0 106,1.0 132,33.0 135,13.0 137,3.0 147,3.0 148,3.0 149,6.0 187,3.0 198,1.0 220,1.0 243,1.0 255,1.0 260,2.0 273,2.0 290,1.0 305,1.0 307,2.0 313,1.0 349,1.0 504,1.0 
0,38.0 2,4.0 3,1.0 5,35.0 6,18.0 7,1.0 9,35.0 12,7.0 13,1.0 17,6.0 18,6.0 19,24.0 20,11.0 21,12.0 22,13.0 23,52.0 24,15.0 25,10.0 26,3.0 28,1.0 31,7.0 36,7.0 37,12.0 38,7.0 39,11.0 51,3.0 52,3.0 56,1.0 58,4.0 69,8.0 70,3.0 71,3.0 72,3.0 87,1.0 94,2.0 98,8.0 99,8.0 110,1.0 119,1.0 127,6.0 131,2.0 155,3.0 160,1.0 170,2.0 179,3.0 180,1.0 182,6.0 187,1.0 200,1.0 250,1.0 251,2.0 254,1.0 255,8.0 256,6.0 257,2.0 258,2.0 260,2.0 261,6.0 262,6.0 264,1.0 265,2.0 266,2.0 267,2.0 269,3.0 270,2.0 291,2.0 292,2.0 296,2.0 297,2.0 299,1.0 452,1.0 457,1.0 469,1.0 507,1.0 508,1.0 509,1.0 
0,23.0 1,2.0 2,2.0 3,1.0 4,38.0 5,1.0 6,9.0 9,16.0 10,1.0 12,6.0 13,2.0 22,3.0 23,2.0 31,3.0 32,3.0 38,1.0 133,2.0 137,3.0 138,1.0 163,1.0 187,3.0 306,3.0 514,2.0 515,1.0 516,1.0 517,1.0 518,1.0 519,1.0 
0,8.0 1,1.0 3,14.0 4,5.0 7,14.0 8,15.0 9,2.0 12,2.0 19,5.0 20,7.0 21,2.0 22,12.0 23,6.0 24,2.0 25,16.0 26,4.0 27,5.0 28,9.0 31,1.0 37,2.0 39,5.0 57,2.0 60,5.0 62,8.0 69,3.0 94,1.0 95,1.0 98,1.0 102,2.0 106,2.0 131,4.0 160,1.0 172,1.0 173,1.0 178,2.0 179,4.0 182,4.0 187,1.0 190,2.0 195,1.0 251,2.0 255,4.0 256,8.0 258,4.0 261,4.0 263,2.0 266,8.0 267,2.0 268,2.0 269,4.0 270,4.0 283,2.0 287,1.0 303,5.0 313,2.0 314,2.0 369,1.0 475,1.0 476,1.0 505,1.0 
3,21.0 4,14.0 5,7.0 8,23.0 9,1.0 10,9.0 23,17.0 26,4.0 27,3.0 31,2.0 106,1.0 132,3.0 135,2.0 159,6.0 161,10.0 163,7.0 164,6.0 174,4.0 177,4.0 178,6.0 179,6.0 182,4.0 187,9.0 197,3.0 203,2.0 216,1.0 220,1.0 243,1.0 254,2.0 255,4.0 256,2.0 282,1.0 291,4.0 305,3.0 306,4.0 307,2.0 313,5.0 316,6.0 317,2.0 318,2.0 319,2.0 349,1.0 353,2.0 357,1.0 
2,1.0 3,32.0 4,20.0 5,9.0 7,25.0 10,18.0 11,19.0 20,2.0 23,22.0 26,2.0 27,3.0 31,3.0 60,1.0 62,3.0 63,6.0 84,3.0 98,1.0 100,2.0 128,3.0 132,6.0 135,5.0 164,2.0 166,5.0 170,1.0 173,4.0 175,3.0 187,7.0 191,4.0 192,4.0 197,3.0 198,1.0 208,4.0 265,2.0 273,4.0 305,2.0 306,2.0 313,1.0 
1,1.0 3,34.0 4,3.0 5,3.0 6,3.0 7,1.0 8,9.0 10,39.0 11,39.0 19,4.0 20,7.0 21,9.0 22,9.0 23,1.0 25,4.0 26,10.0 27,6.0 28,10.0 31,1.0 36,1.0 38,2.0 39,6.0 56,5.0 57,3.0 58,5.0 59,5.0 60,1.0 87,1.0 91,2.0 98,5.0 100,1.0 127,2.0 155,3.0 159,2.0 160,1.0 161,5.0 166,1.0 170,7.0 173,1.0 177,2.0 180,2.0 182,2.0 183,2.0 187,1.0 191,2.0 197,1.0 251,1.0 255,2.0 256,4.0 260,1.0 262,2.0 266,5.0 267,1.0 269,3.0 270,2.0 292,1.0 293,4.0 294,3.0 295,7.0 296,1.0 297,1.0 313,1.0 354,1.0 370,1.0 464,2.0 475,1.0 476,1.0 505,1.0 
3,51.0 4,33.0 5,9.0 7,9.0 8,17.0 11,63.0 19,1.0 21,1.0 22,1.0 23,40.0 26,6.0 27,4.0 28,3.0 31,3.0 36,1.0 37,1.0 39,1.0 51,2.0 61,6.0 62,3.0 63,6.0 91,1.0 98,1.0 106,1.0 128,3.0 132,12.0 135,4.0 139,3.0 163,1.0 170,2.0 187,5.0 197,3.0 220,1.0 243,1.0 254,2.0 255,4.0 256,2.0 282,1.0 287,2.0 302,1.0 303,1.0 305,1.0 306,3.0 307,2.0 313,2.0 316,1.0 318,1.0 349,1.0 357,1.0 384,3.0 
3,50.0 4,33.0 5,9.0 8,19.0 10,65.0 23,40.0 26,8.0 27,2.0 28,3.0 31,1.0 38,1.0 61,6.0 62,3.0 63,6.0 91,1.0 112,1.0 121,1.0 122,1.0 128,3.0 132,12.0 135,6.0 139,3.0 162,1.0 166,4.0 170,2.0 175,6.0 176,1.0 197,1.0 203,2.0 228,4.0 231,5.0 265,2.0 273,4.0 307,1.0 313,1.0 
0,1.0 4,1.0 6,2.0 13,6.0 18,2.0 19,3.0 22,2.0 24,3.0 28,4.0 36,3.0 39,6.0 57,2.0 87,1.0 94,1.0 99,1.0 100,1.0 106,1.0 112,1.0 117,1.0 119,1.0 125,3.0 127,1.0 146,1.0 159,2.0 160,4.0 161,4.0 164,2.0 170,1.0 172,1.0 173,2.0 174,1.0 179,2.0 180,1.0 182,3.0 191,1.0 217,1.0 251,1.0 256,2.0 259,2.0 266,2.0 271,1.0 287,1.0 291,4.0 293,2.0 295,2.0 299,5.0 303,1.0 319,4.0 320,1.0 324,2.0 353,1.0 
0,2.0 5,1.0 13,54.0 14,12.0 15,19.0 16,13.0 17,7.0 21,2.0 32,2.0 36,2.0 39,1.0 41,1.0 55,5.0 59,2.0 64,10.0 65,10.0 66,10.0 67,3.0 68,3.0 71,6.0 85,3.0 87,8.0 93,8.0 94,2.0 102,2.0 106,2.0 110,2.0 111,1.0 121,18.0 122,36.0 123,1.0 128,1.0 131,1.0 136,2.0 151,2.0 186,2.0 195,20.0 198,6.0 209,9.0 216,1.0 217,2.0 219,2.0 220,2.0 224,2.0 228,16.0 232,2.0 233,2.0 272,2.0 301,3.0 310,2.0 329,2.0 338,2.0 380,4.0 466,2.0 486,4.0 
13,6.0 14,1.0 15,12.0 16,18.0 17,7.0 25,1.0 29,1.0 30,2.0 52,3.0 53,6.0 54,6.0 55,3.0 65,2.0 68,2.0 132,3.0 139,3.0 146,1.0 287,1.0 332,2.0 333,3.0 334,5.0 335,2.0 496,2.0 497,1.0 
13,9.0 14,12.0 15,2.0 16,18.0 17,9.0 29,1.0 55,3.0 64,6.0 65,8.0 66,8.0 67,3.0 68,8.0 132,6.0 144,3.0 146,4.0 149,6.0 334,3.0 382,1.0 467,1.0 496,2.0 497,1.0 
13,6.0 14,17.0 15,17.0 16,1.0 17,9.0 25,1.0 52,3.0 53,6.0 54,6.0 55,6.0 65,1.0 66,2.0 68,2.0 132,3.0 139,3.0 144,3.0 146,4.0 149,6.0 334,1.0 382,1.0 467,1.0 496,1.0 497,1.0 
0,6.0 4,6.0 15,3.0 16,3.0 18,6.0 19,4.0 20,6.0 21,3.0 35,3.0 36,3.0 37,3.0 55,2.0 66,1.0 132,1.0 133,3.0 137,1.0 467,1.0 
4,3.0 5,3.0 9,12.0 12,2.0 18,18.0 19,22.0 20,24.0 21,6.0 22,1.0 24,15.0 25,2.0 28,8.0 36,2.0 37,4.0 56,6.0 57,3.0 91,4.0 94,6.0 98,1.0 99,23.0 106,6.0 132,3.0 135,2.0 139,3.0 166,2.0 170,4.0 190,2.0 195,4.0 203,1.0 228,4.0 263,3.0 274,6.0 275,4.0 276,2.0 281,2.0 282,4.0 283,3.0 299,2.0 303,2.0 311,2.0 324,2.0 325,2.0 326,2.0 398,1.0 460,1.0 461,1.0 
0,13.0 4,21.0 5,5.0 6,11.0 8,1.0 9,4.0 10,2.0 12,2.0 18,23.0 19,193.0 20,61.0 21,84.0 22,36.0 23,12.0 24,308.0 25,52.0 28,2.0 36,42.0 37,257.0 51,1.0 56,12.0 58,10.0 59,4.0 62,1.0 69,6.0 70,2.0 77,8.0 84,2.0 91,3.0 94,26.0 98,32.0 99,22.0 100,32.0 102,2.0 106,12.0 132,9.0 133,3.0 136,6.0 151,4.0 155,1.0 166,2.0 175,14.0 190,4.0 191,4.0 195,2.0 220,9.0 223,8.0 225,8.0 228,2.0 231,2.0 250,2.0 255,5.0 259,2.0 260,3.0 261,4.0 263,2.0 264,2.0 281,9.0 282,4.0 283,2.0 284,2.0 285,2.0 287,2.0 288,2.0 289,2.0 290,2.0 292,2.0 299,3.0 303,21.0 306,2.0 320,1.0 333,2.0 346,4.0 347,1.0 363,1.0 369,2.0 384,7.0 392,1.0 397,1.0 399,2.0 400,2.0 401,15.0 402,17.0 404,4.0 405,1.0 406,1.0 407,1.0 409,1.0 452,2.0 457,2.0 458,1.0 459,1.0 460,1.0 461,1.0 462,2.0 463,2.0 
2,1.0 4,8.0 5,3.0 6,8.0 9,19.0 12,1.0 18,23.0 19,62.0 20,31.0 21,12.0 22,3.0 24,34.0 25,61.0 26,1.0 28,4.0 36,3.0 37,3.0 38,1.0 56,17.0 57,4.0 58,4.0 60,1.0 62,1.0 94,4.0 98,54.0 100,1.0 106,4.0 121,1.0 132,3.0 139,3.0 159,2.0 170,1.0 173,1.0 182,9.0 190,2.0 203,1.0 220,6.0 249,2.0 250,4.0 254,1.0 255,11.0 256,6.0 257,4.0 259,4.0 263,4.0 264,4.0 269,1.0 270,1.0 282,1.0 283,4.0 284,2.0 285,2.0 286,2.0 287,25.0 288,4.0 289,4.0 290,4.0 291,1.0 299,1.0 303,5.0 320,1.0 324,1.0 404,4.0 407,1.0 409,2.0 464,2.0 468,1.0 475,1.0 476,1.0 505,1.0 
0,19.0 3,2.0 4,8.0 5,10.0 6,1.0 9,5.0 15,1.0 16,1.0 17,1.0 18,6.0 19,85.0 20,12.0 21,35.0 22,35.0 23,2.0 24,5.0 28,3.0 32,4.0 36,12.0 37,64.0 39,4.0 55,1.0 56,8.0 59,1.0 69,3.0 74,3.0 75,3.0 76,3.0 77,8.0 84,7.0 91,6.0 94,3.0 95,1.0 98,18.0 99,4.0 102,9.0 106,3.0 122,2.0 132,6.0 133,3.0 155,5.0 190,3.0 192,4.0 193,4.0 198,2.0 223,6.0 231,6.0 249,2.0 250,2.0 259,2.0 260,1.0 263,1.0 264,2.0 267,1.0 279,2.0 280,2.0 281,8.0 282,2.0 283,1.0 284,3.0 285,3.0 286,2.0 287,16.0 288,2.0 289,2.0 290,2.0 303,5.0 304,2.0 333,2.0 346,1.0 347,1.0 354,1.0 361,1.0 384,4.0 406,1.0 420,1.0 421,1.0 462,1.0 463,1.0 
0,21.0 2,2.0 3,4.0 4,10.0 5,11.0 6,12.0 8,2.0 9,3.0 12,2.0 13,1.0 15,1.0 16,1.0 17,1.0 18,1.0 19,33.0 20,5.0 21,33.0 22,12.0 23,2.0 25,2.0 28,12.0 31,2.0 32,3.0 37,16.0 39,12.0 55,1.0 56,29.0 57,4.0 69,3.0 74,3.0 75,3.0 76,3.0 87,2.0 94,3.0 98,4.0 99,2.0 100,2.0 105,1.0 113,1.0 125,1.0 132,6.0 133,3.0 155,1.0 161,1.0 170,1.0 178,3.0 179,2.0 182,1.0 190,2.0 200,1.0 219,1.0 220,1.0 225,12.0 251,5.0 255,3.0 256,6.0 258,1.0 259,2.0 260,2.0 261,5.0 262,3.0 266,6.0 267,7.0 268,2.0 269,3.0 270,4.0 288,2.0 289,2.0 290,2.0 296,1.0 297,1.0 303,8.0 304,2.0 320,2.0 321,2.0 
0,19.0 2,1.0 4,52.0 5,2.0 6,12.0 7,3.0 8,1.0 9,19.0 13,1.0 19,4.0 21,6.0 22,7.0 27,1.0 31,1.0 39,2.0 41,3.0 70,3.0 71,3.0 72,3.0 132,3.0 133,13.0 136,11.0 137,14.0 138,2.0 140,3.0 163,1.0 175,1.0 187,2.0 216,1.0 299,1.0 305,1.0 307,2.0 313,2.0 316,2.0 317,2.0 507,1.0 508,1.0 509,1.0 
0,2.0 3,2.0 4,13.0 6,10.0 8,2.0 12,2.0 18,15.0 19,307.0 20,35.0 21,3.0 22,2.0 23,12.0 24,132.0 25,23.0 27,2.0 28,2.0 36,34.0 37,171.0 56,2.0 58,8.0 62,1.0 63,1.0 69,3.0 91,1.0 94,23.0 98,1.0 99,24.0 100,24.0 102,1.0 106,17.0 125,4.0 136,6.0 151,4.0 155,2.0 170,1.0 175,12.0 190,7.0 191,4.0 220,8.0 225,4.0 231,2.0 250,2.0 259,4.0 263,2.0 264,2.0 274,2.0 275,2.0 281,1.0 282,2.0 283,2.0 287,9.0 288,4.0 289,4.0 290,4.0 303,1.0 306,2.0 346,3.0 363,1.0 376,5.0 392,2.0 399,2.0 400,2.0 401,15.0 402,17.0 404,4.0 405,1.0 468,1.0 
3,2.0 4,10.0 6,26.0 9,5.0 12,2.0 18,4.0 19,53.0 20,59.0 23,12.0 24,24.0 25,22.0 28,1.0 36,2.0 37,1.0 56,3.0 59,1.0 62,11.0 69,3.0 90,1.0 94,1.0 98,46.0 99,3.0 100,4.0 103,1.0 112,1.0 116,1.0 136,6.0 159,2.0 160,9.0 161,9.0 162,4.0 167,4.0 178,1.0 179,4.0 182,8.0 190,4.0 200,1.0 255,8.0 256,6.0 257,4.0 258,2.0 261,4.0 263,2.0 265,2.0 266,2.0 269,4.0 270,4.0 283,2.0 287,16.0 291,1.0 295,1.0 299,2.0 303,2.0 354,1.0 355,1.0 407,1.0 409,2.0 464,2.0 
1,6.0 2,2.0 3,1.0 7,4.0 8,2.0 10,8.0 11,8.0 27,21.0 28,15.0 31,9.0 38,7.0 60,7.0 61,20.0 89,1.0 91,1.0 112,1.0 121,2.0 133,3.0 139,12.0 148,1.0 161,2.0 164,4.0 173,3.0 175,1.0 178,2.0 191,2.0 192,2.0 225,1.0 260,1.0 267,1.0 291,2.0 305,4.0 306,2.0 307,5.0 313,1.0 389,1.0 451,1.0 498,1.0 499,1.0 500,1.0 501,2.0 502,1.0 503,1.0 
1,4.0 2,3.0 3,2.0 4,1.0 5,1.0 7,3.0 8,2.0 10,5.0 11,1.0 19,1.0 23,2.0 24,1.0 26,19.0 28,9.0 31,1.0 36,1.0 56,1.0 60,7.0 61,6.0 63,1.0 91,1.0 106,1.0 112,1.0 133,3.0 139,6.0 155,1.0 164,2.0 170,1.0 175,1.0 178,2.0 187,3.0 197,1.0 202,1.0 210,1.0 220,1.0 243,1.0 260,1.0 267,1.0 282,1.0 287,1.0 305,2.0 307,1.0 313,3.0 322,1.0 349,1.0 357,1.0 376,3.0 432,1.0 436,1.0 477,1.0 478,1.0 
0,11.0 2,2.0 3,2.0 4,5.0 6,12.0 8,2.0 9,16.0 12,4.0 18,6.0 19,3.0 20,1.0 21,2.0 22,12.0 24,3.0 26,1.0 31,2.0 39,12.0 56,3.0 57,10.0 58,3.0 59,3.0 60,1.0 61,9.0 87,2.0 98,1.0 99,4.0 110,1.0 119,1.0 127,2.0 160,1.0 161,5.0 173,1.0 178,3.0 187,1.0 200,1.0 256,10.0 262,2.0 266,10.0 268,2.0 291,1.0 293,4.0 304,2.0 320,2.0 321,2.0 469,1.0 470,1.0 475,1.0 476,1.0 
3,9.0 4,6.0 14,2.0 15,2.0 16,1.0 17,9.0 30,9.0 31,9.0 65,1.0 132,3.0 334,2.0 496,1.0 
3,9.0 4,6.0 14,2.0 17,12.0 29,9.0 31,9.0 32,3.0 33,3.0 34,4.0 35,3.0 132,3.0 332,2.0 333,2.0 334,2.0 335,2.0 487,1.0 488,1.0 489,1.0 
0,3.0 1,11.0 2,9.0 3,34.0 4,16.0 5,8.0 7,2.0 8,2.0 10,3.0 11,1.0 17,9.0 23,10.0 25,1.0 26,9.0 28,3.0 29,9.0 30,9.0 38,31.0 39,2.0 40,2.0 51,7.0 61,8.0 87,5.0 89,4.0 101,2.0 121,2.0 132,12.0 135,1.0 139,3.0 147,3.0 148,3.0 159,4.0 160,1.0 161,3.0 163,1.0 174,4.0 176,1.0 177,4.0 178,6.0 181,4.0 187,7.0 197,5.0 251,2.0 255,3.0 260,2.0 261,2.0 290,1.0 291,2.0 292,2.0 299,1.0 306,7.0 307,3.0 364,2.0 365,2.0 432,1.0 490,1.0 514,1.0 
2,4.0 13,3.0 14,1.0 15,2.0 16,1.0 17,4.0 19,2.0 29,1.0 30,6.0 32,15.0 33,6.0 34,6.0 35,3.0 38,8.0 55,1.0 84,14.0 85,14.0 86,2.0 90,6.0 94,2.0 99,6.0 100,2.0 107,8.0 108,8.0 109,13.0 110,14.0 111,25.0 112,10.0 113,2.0 117,2.0 120,1.0 122,6.0 123,14.0 124,1.0 125,2.0 131,1.0 132,1.0 173,2.0 175,4.0 190,1.0 192,14.0 194,2.0 197,2.0 198,10.0 209,4.0 212,2.0 215,4.0 216,3.0 217,1.0 219,1.0 220,1.0 223,4.0 225,2.0 226,2.0 230,6.0 231,2.0 241,2.0 243,2.0 244,2.0 282,1.0 329,2.0 334,1.0 347,1.0 379,1.0 440,1.0 445,1.0 446,1.0 466,4.0 
17,3.0 30,3.0 32,3.0 34,3.0 35,3.0 
17,3.0 30,4.0 32,3.0 33,3.0 35,3.0 487,1.0 488,1.0 489,1.0 
17,3.0 21,3.0 36,3.0 37,3.0 
0,1.0 4,9.0 9,1.0 12,1.0 18,2.0 19,41.0 20,4.0 21,15.0 24,35.0 25,2.0 32,2.0 36,12.0 37,8.0 56,1.0 59,4.0 84,1.0 91,1.0 94,8.0 95,1.0 99,2.0 100,1.0 102,1.0 106,2.0 122,2.0 135,3.0 155,2.0 160,2.0 170,1.0 175,1.0 192,2.0 198,1.0 214,2.0 217,5.0 223,2.0 263,1.0 279,5.0 280,2.0 283,1.0 284,4.0 285,4.0 287,1.0 299,1.0 303,2.0 320,1.0 399,2.0 452,1.0 457,1.0 462,2.0 463,2.0 
0,3.0 3,1.0 4,15.0 6,2.0 15,1.0 16,1.0 17,1.0 18,4.0 19,257.0 20,4.0 21,63.0 22,16.0 24,174.0 31,1.0 36,8.0 37,110.0 39,1.0 55,1.0 56,15.0 57,2.0 58,10.0 62,2.0 69,2.0 77,8.0 94,7.0 98,1.0 100,4.0 102,2.0 106,3.0 109,1.0 151,4.0 159,6.0 166,2.0 168,2.0 175,14.0 179,4.0 182,1.0 183,2.0 190,1.0 191,4.0 215,1.0 223,8.0 225,8.0 231,2.0 251,6.0 255,5.0 258,1.0 260,3.0 261,6.0 262,3.0 267,4.0 271,1.0 281,9.0 282,2.0 287,4.0 292,3.0 296,2.0 297,2.0 299,2.0 302,2.0 303,3.0 306,2.0 324,1.0 333,2.0 346,4.0 347,1.0 369,1.0 400,2.0 401,15.0 402,17.0 405,1.0 406,1.0 425,2.0 452,1.0 457,1.0 
0,3.0 1,1.0 2,12.0 3,23.0 4,10.0 5,5.0 11,1.0 19,1.0 23,10.0 25,1.0 26,7.0 28,3.0 31,32.0 39,2.0 40,2.0 51,6.0 61,6.0 85,2.0 87,2.0 89,6.0 121,2.0 122,2.0 132,6.0 135,3.0 139,3.0 149,6.0 162,2.0 166,2.0 175,10.0 176,1.0 180,2.0 181,2.0 183,2.0 191,2.0 197,3.0 198,10.0 214,1.0 223,6.0 230,7.0 258,1.0 278,3.0 307,1.0 322,2.0 323,2.0 436,1.0 453,2.0 
0,5.0 2,2.0 3,6.0 4,6.0 7,2.0 9,6.0 12,4.0 15,1.0 16,1.0 17,1.0 21,4.0 22,10.0 23,2.0 28,12.0 31,8.0 37,1.0 38,6.0 40,2.0 55,1.0 56,1.0 57,4.0 59,1.0 74,3.0 75,3.0 76,3.0 87,2.0 91,2.0 99,1.0 125,1.0 127,5.0 131,1.0 155,1.0 161,4.0 170,2.0 179,2.0 182,2.0 187,2.0 255,2.0 256,4.0 261,2.0 262,4.0 266,4.0 269,2.0 270,2.0 271,1.0 293,4.0 313,2.0 320,2.0 321,2.0 
0,3.0 21,3.0 22,3.0 23,2.0 32,1.0 39,5.0 73,7.0 74,3.0 75,3.0 132,6.0 198,1.0 216,1.0 379,1.0 466,1.0 
42,5.0 
43,89.0 
42,83.0 44,6.0 
45,6.0 46,6.0 47,3.0 48,3.0 49,3.0 50,3.0 510,1.0 511,1.0 512,1.0 513,1.0 
0,5.0 8,1.0 23,1.0 27,1.0 46,6.0 47,3.0 48,3.0 49,3.0 50,3.0 175,1.0 187,1.0 313,1.0 510,1.0 511,1.0 512,1.0 513,1.0 
0,5.0 8,1.0 23,1.0 27,1.0 45,6.0 47,3.0 48,3.0 49,3.0 50,3.0 83,1.0 175,1.0 187,1.0 313,1.0 510,1.0 511,1.0 512,1.0 513,1.0 
0,3.0 45,3.0 46,3.0 48,3.0 49,3.0 50,3.0 
0,3.0 45,3.0 46,3.0 47,3.0 49,3.0 50,3.0 132,6.0 
0,3.0 45,3.0 46,3.0 47,3.0 48,3.0 50,3.0 
0,3.0 45,3.0 46,3.0 47,3.0 48,3.0 49,3.0 
4,3.0 19,1.0 52,3.0 132,3.0 306,1.0 384,1.0 471,1.0 472,1.0 473,1.0 474,1.0 475,1.0 
14,6.0 16,6.0 21,4.0 52,12.0 53,6.0 54,3.0 55,3.0 112,2.0 190,1.0 192,16.0 196,2.0 209,1.0 215,2.0 217,1.0 
14,6.0 16,6.0 52,3.0 54,6.0 55,3.0 139,3.0 
18,3.0 20,3.0 55,3.0 56,3.0 137,3.0 139,1.0 
13,1.0 15,3.0 16,3.0 17,2.0 18,3.0 20,3.0 54,3.0 56,3.0 64,4.0 65,4.0 66,5.0 88,1.0 110,1.0 124,1.0 146,1.0 192,1.0 193,1.0 214,1.0 326,2.0 382,1.0 467,1.0 496,1.0 
0,3.0 4,1.0 9,4.0 18,7.0 19,11.0 20,18.0 21,7.0 22,28.0 25,5.0 27,1.0 28,6.0 37,14.0 39,1.0 56,17.0 57,7.0 58,15.0 59,8.0 61,3.0 69,2.0 91,6.0 94,4.0 98,4.0 99,2.0 100,4.0 133,3.0 139,3.0 155,2.0 190,4.0 225,12.0 249,2.0 250,3.0 260,1.0 264,3.0 267,2.0 270,1.0 286,2.0 303,11.0 313,1.0 320,2.0 324,2.0 354,1.0 369,1.0 376,1.0 392,1.0 426,1.0 467,1.0 
0,5.0 2,2.0 6,3.0 7,2.0 9,3.0 20,1.0 22,2.0 28,10.0 31,2.0 37,3.0 39,4.0 56,5.0 58,5.0 59,3.0 69,1.0 87,2.0 110,1.0 119,1.0 160,1.0 161,3.0 178,3.0 187,2.0 200,1.0 287,1.0 291,1.0 313,2.0 320,2.0 321,2.0 
0,3.0 4,4.0 9,2.0 14,1.0 18,1.0 19,10.0 20,1.0 22,2.0 24,6.0 25,4.0 28,3.0 37,9.0 38,3.0 56,17.0 57,4.0 58,3.0 59,8.0 61,3.0 69,2.0 91,1.0 94,4.0 98,2.0 113,1.0 125,1.0 133,3.0 155,2.0 159,4.0 160,4.0 161,4.0 167,4.0 170,2.0 177,1.0 178,3.0 179,1.0 180,2.0 183,2.0 191,2.0 200,2.0 215,1.0 220,2.0 230,3.0 251,2.0 267,2.0 269,2.0 287,1.0 295,2.0 296,3.0 297,2.0 303,1.0 320,1.0 324,1.0 333,1.0 365,4.0 369,2.0 392,1.0 
0,3.0 4,1.0 9,2.0 19,5.0 24,1.0 27,1.0 28,3.0 36,4.0 38,2.0 56,7.0 57,3.0 58,8.0 61,3.0 84,7.0 91,4.0 93,16.0 94,2.0 98,2.0 99,3.0 100,1.0 103,2.0 133,3.0 155,7.0 156,2.0 157,2.0 170,2.0 180,2.0 183,2.0 191,2.0 192,2.0 284,2.0 285,2.0 288,1.0 289,1.0 295,3.0 354,1.0 369,1.0 376,2.0 462,2.0 463,2.0 
1,1.0 2,2.0 4,1.0 8,1.0 23,1.0 26,7.0 27,8.0 28,3.0 61,6.0 89,4.0 92,4.0 121,3.0 123,1.0 139,3.0 162,1.0 172,1.0 173,1.0 209,2.0 223,1.0 224,2.0 225,3.0 229,2.0 269,1.0 278,1.0 454,1.0 
4,3.0 9,6.0 28,9.0 132,3.0 133,3.0 136,3.0 137,6.0 306,2.0 307,2.0 308,2.0 
3,1.0 6,8.0 8,4.0 10,1.0 11,1.0 13,3.0 14,1.0 16,1.0 24,1.0 25,9.0 31,1.0 37,2.0 38,1.0 63,3.0 64,1.0 100,1.0 106,1.0 110,1.0 114,1.0 117,1.0 127,1.0 159,9.0 161,9.0 162,1.0 166,8.0 172,2.0 174,1.0 179,4.0 197,1.0 261,4.0 269,4.0 270,4.0 287,1.0 295,1.0 
13,3.0 24,1.0 62,3.0 137,3.0 376,1.0 
13,4.0 15,6.0 55,4.0 65,10.0 66,10.0 67,3.0 68,6.0 88,1.0 100,1.0 110,1.0 124,1.0 132,3.0 192,1.0 193,1.0 214,1.0 326,2.0 
13,4.0 14,1.0 15,7.0 16,1.0 55,4.0 64,10.0 66,10.0 67,3.0 68,6.0 88,1.0 110,1.0 124,1.0 132,3.0 146,1.0 192,1.0 193,1.0 214,1.0 326,2.0 334,1.0 496,1.0 497,1.0 
13,4.0 15,7.0 16,1.0 55,5.0 64,10.0 65,10.0 67,3.0 68,6.0 88,1.0 110,1.0 124,1.0 132,3.0 192,1.0 193,1.0 214,1.0 326,2.0 382,1.0 
19,3.0 21,3.0 22,3.0 68,3.0 
19,3.0 21,3.0 22,3.0 67,3.0 133,3.0 137,2.0 
0,3.0 4,8.0 6,3.0 19,3.0 24,3.0 25,3.0 37,3.0 39,3.0 56,3.0 58,3.0 110,1.0 119,1.0 160,1.0 174,1.0 179,2.0 182,1.0 200,1.0 291,1.0 324,1.0 
13,1.0 19,2.0 24,1.0 40,3.0 71,4.0 72,5.0 73,3.0 94,1.0 99,1.0 100,2.0 110,1.0 247,1.0 301,1.0 327,1.0 345,1.0 379,2.0 386,2.0 
13,13.0 40,3.0 70,4.0 72,4.0 73,3.0 121,12.0 122,12.0 195,12.0 228,6.0 345,1.0 
13,1.0 40,3.0 70,5.0 71,4.0 73,3.0 247,2.0 291,1.0 301,1.0 327,2.0 331,1.0 345,1.0 
0,3.0 21,3.0 22,3.0 32,1.0 39,3.0 40,7.0 74,3.0 75,3.0 132,6.0 198,1.0 216,1.0 294,2.0 367,2.0 368,2.0 379,1.0 466,1.0 
0,3.0 21,3.0 22,3.0 39,3.0 75,3.0 76,3.0 99,2.0 150,4.0 152,2.0 153,2.0 
0,3.0 21,3.0 22,3.0 39,3.0 74,3.0 76,3.0 
77,3.0 
19,9.0 21,8.0 24,1.0 37,9.0 78,36.0 281,15.0 346,1.0 
77,33.0 79,3.0 
80,3.0 
2,3.0 81,3.0 
2,3.0 82,3.0 83,2.0 412,1.0 
83,2.0 84,3.0 412,1.0 
82,2.0 84,2.0 158,1.0 159,2.0 160,4.0 161,4.0 
13,8.0 32,26.0 85,14.0 86,55.0 88,8.0 107,1.0 195,4.0 352,3.0 413,1.0 
2,6.0 8,3.0 21,7.0 36,2.0 59,2.0 86,2.0 89,2.0 92,2.0 95,9.0 99,2.0 101,2.0 102,2.0 103,2.0 104,4.0 105,2.0 106,2.0 109,4.0 111,2.0 112,4.0 114,4.0 116,6.0 117,8.0 119,5.0 120,9.0 121,10.0 122,9.0 123,3.0 124,10.0 192,12.0 193,4.0 195,1.0 198,16.0 224,2.0 228,2.0 234,1.0 301,1.0 352,8.0 
13,1.0 21,3.0 32,1.0 59,5.0 84,43.0 85,2.0 91,12.0 92,18.0 93,1.0 94,4.0 96,2.0 97,2.0 98,2.0 99,1.0 121,1.0 123,4.0 195,2.0 224,2.0 228,1.0 234,1.0 344,1.0 346,1.0 
1,2.0 2,2.0 3,5.0 31,5.0 38,2.0 84,8.0 89,5.0 100,1.0 132,3.0 147,3.0 148,3.0 149,4.0 164,1.0 170,2.0 173,2.0 176,1.0 180,2.0 187,2.0 191,3.0 192,2.0 317,1.0 353,1.0 
11,2.0 59,10.0 87,1.0 88,1.0 89,8.0 93,8.0 110,3.0 124,3.0 191,1.0 192,7.0 193,3.0 214,3.0 231,2.0 353,1.0 
3,7.0 26,1.0 31,4.0 38,6.0 60,4.0 84,6.0 87,5.0 92,4.0 100,1.0 101,2.0 121,4.0 123,1.0 132,3.0 147,3.0 148,3.0 149,6.0 162,2.0 166,1.0 183,1.0 191,2.0 197,4.0 198,4.0 209,2.0 214,2.0 225,1.0 307,1.0 
84,7.0 100,1.0 355,1.0 
9,1.0 10,1.0 18,5.0 19,3.0 20,1.0 21,4.0 24,1.0 27,1.0 36,1.0 39,1.0 56,5.0 58,1.0 59,5.0 84,2.0 91,3.0 92,9.0 93,11.0 94,2.0 98,6.0 99,3.0 102,1.0 121,2.0 123,2.0 135,2.0 155,5.0 178,1.0 220,2.0 263,1.0 269,1.0 274,2.0 283,1.0 284,1.0 285,1.0 287,1.0 295,1.0 308,1.0 354,2.0 369,2.0 455,1.0 456,1.0 458,1.0 459,1.0 460,1.0 461,1.0 462,1.0 463,1.0 468,1.0 
85,5.0 86,20.0 91,9.0 93,18.0 123,2.0 344,1.0 
13,10.0 36,1.0 38,3.0 60,4.0 85,12.0 86,1.0 88,16.0 89,6.0 92,9.0 95,3.0 107,7.0 108,2.0 112,2.0 113,2.0 114,4.0 115,4.0 117,4.0 118,4.0 121,6.0 123,6.0 156,1.0 197,4.0 209,4.0 214,2.0 216,2.0 234,2.0 
0,3.0 4,1.0 18,6.0 19,27.0 20,3.0 21,2.0 22,4.0 24,24.0 25,2.0 36,8.0 37,7.0 56,6.0 58,2.0 59,2.0 84,2.0 91,2.0 92,3.0 93,2.0 94,2.0 99,2.0 100,7.0 102,3.0 104,1.0 106,6.0 122,4.0 135,7.0 155,2.0 156,2.0 157,2.0 190,3.0 193,1.0 195,4.0 198,4.0 217,4.0 218,6.0 228,4.0 274,4.0 275,2.0 276,3.0 278,1.0 279,6.0 280,3.0 281,2.0 282,1.0 299,1.0 320,1.0 452,1.0 457,1.0 467,1.0 483,1.0 484,1.0 
22,1.0 25,2.0 32,6.0 36,1.0 85,3.0 92,3.0 99,1.0 102,1.0 106,1.0 121,4.0 123,4.0 151,2.0 160,2.0 190,1.0 198,4.0 214,1.0 217,1.0 287,3.0 310,2.0 357,1.0 421,1.0 422,1.0 485,2.0 
84,2.0 97,2.0 121,1.0 
84,2.0 96,2.0 159,2.0 179,2.0 
2,1.0 4,8.0 6,2.0 8,1.0 9,7.0 10,1.0 18,1.0 19,31.0 20,55.0 21,18.0 22,3.0 25,46.0 26,1.0 28,1.0 37,3.0 38,3.0 56,2.0 58,2.0 59,2.0 60,1.0 62,1.0 84,2.0 91,4.0 98,28.0 102,2.0 106,2.0 155,2.0 170,2.0 173,1.0 180,2.0 182,3.0 183,2.0 187,1.0 191,2.0 203,1.0 231,6.0 250,2.0 251,1.0 254,3.0 255,5.0 256,2.0 264,2.0 267,2.0 270,1.0 284,1.0 285,1.0 287,30.0 291,3.0 295,2.0 296,1.0 297,1.0 305,1.0 313,1.0 407,1.0 409,2.0 462,1.0 463,1.0 468,1.0 475,1.0 476,1.0 504,1.0 
4,7.0 12,1.0 18,21.0 19,22.0 21,5.0 22,1.0 24,24.0 25,5.0 28,2.0 32,4.0 36,3.0 39,1.0 56,2.0 59,3.0 70,1.0 74,2.0 84,2.0 91,3.0 94,2.0 95,2.0 99,17.0 100,3.0 102,2.0 105,3.0 106,2.0 125,4.0 150,4.0 152,2.0 153,2.0 155,5.0 156,2.0 157,2.0 170,4.0 190,5.0 192,8.0 193,10.0 214,2.0 287,2.0 303,1.0 311,1.0 361,1.0 362,2.0 363,1.0 369,1.0 379,1.0 386,1.0 420,1.0 421,2.0 422,1.0 434,1.0 435,1.0 465,2.0 478,1.0 479,2.0 480,1.0 481,1.0 482,1.0 483,1.0 
4,1.0 9,1.0 19,33.0 20,3.0 22,1.0 24,26.0 25,5.0 37,3.0 56,3.0 58,2.0 62,4.0 70,2.0 84,2.0 94,4.0 95,1.0 99,5.0 100,12.0 105,2.0 106,3.0 109,1.0 125,1.0 155,1.0 159,3.0 170,5.0 178,1.0 182,1.0 190,7.0 215,1.0 251,1.0 255,1.0 269,1.0 270,1.0 271,1.0 282,1.0 287,1.0 303,1.0 354,4.0 356,1.0 357,1.0 359,1.0 360,1.0 365,2.0 378,2.0 434,1.0 435,1.0 464,1.0 478,1.0 479,2.0 480,1.0 481,1.0 482,1.0 483,1.0 
31,2.0 89,2.0 92,2.0 127,2.0 159,6.0 160,4.0 161,6.0 174,4.0 178,8.0 179,4.0 181,4.0 197,4.0 291,2.0 365,2.0 
0,1.0 6,1.0 19,1.0 21,8.0 24,1.0 32,4.0 36,1.0 37,1.0 91,1.0 94,4.0 95,1.0 98,3.0 99,1.0 104,1.0 106,3.0 111,1.0 122,2.0 135,2.0 190,3.0 198,2.0 209,1.0 217,1.0 220,2.0 276,1.0 278,2.0 279,1.0 280,1.0 287,3.0 421,1.0 422,1.0 439,1.0 455,2.0 456,1.0 
19,1.0 59,2.0 93,2.0 100,1.0 198,2.0 
85,1.0 93,4.0 94,1.0 102,1.0 135,1.0 155,1.0 198,1.0 214,1.0 278,1.0 
25,1.0 93,2.0 99,3.0 193,2.0 287,2.0 327,4.0 328,4.0 329,4.0 
0,3.0 3,1.0 6,1.0 7,1.0 10,1.0 13,2.0 18,6.0 19,13.0 20,4.0 21,3.0 24,18.0 27,1.0 36,2.0 37,5.0 62,1.0 85,1.0 93,2.0 94,5.0 95,1.0 98,1.0 99,2.0 100,4.0 102,1.0 106,1.0 122,2.0 125,4.0 160,2.0 166,1.0 190,5.0 193,3.0 198,4.0 217,3.0 218,1.0 220,2.0 221,2.0 274,2.0 275,2.0 276,2.0 281,2.0 282,4.0 287,2.0 299,3.0 320,1.0 324,2.0 325,2.0 326,2.0 408,1.0 467,1.0 483,1.0 484,1.0 
21,1.0 91,1.0 94,1.0 99,1.0 102,2.0 108,2.0 110,2.0 111,2.0 113,2.0 114,2.0 116,2.0 117,2.0 119,4.0 123,2.0 
14,2.0 30,2.0 85,8.0 107,2.0 108,4.0 111,12.0 112,12.0 117,8.0 119,3.0 121,1.0 195,1.0 228,1.0 330,12.0 331,4.0 332,2.0 333,2.0 334,2.0 336,2.0 
0,1.0 32,4.0 37,1.0 85,12.0 100,1.0 110,1.0 112,1.0 113,1.0 114,2.0 119,3.0 120,1.0 121,3.0 123,2.0 159,1.0 178,1.0 195,1.0 209,1.0 215,2.0 251,2.0 354,1.0 417,1.0 
0,1.0 4,1.0 12,2.0 28,1.0 57,1.0 62,1.0 69,1.0 70,1.0 85,10.0 87,1.0 88,3.0 107,2.0 109,1.0 110,1.0 111,4.0 114,1.0 117,1.0 119,6.0 121,1.0 123,4.0 124,5.0 127,1.0 159,1.0 161,3.0 170,1.0 174,1.0 178,1.0 179,2.0 182,3.0 191,1.0 192,9.0 193,9.0 195,7.0 198,2.0 200,9.0 209,2.0 214,3.0 215,3.0 291,3.0 299,2.0 319,2.0 320,1.0 353,1.0 379,1.0 386,1.0 
13,1.0 14,3.0 15,1.0 29,1.0 30,3.0 32,15.0 34,1.0 85,14.0 108,12.0 110,2.0 111,6.0 112,18.0 113,2.0 117,8.0 122,5.0 123,4.0 131,1.0 132,1.0 192,2.0 193,2.0 198,7.0 209,6.0 215,2.0 224,2.0 329,2.0 330,12.0 331,4.0 332,2.0 333,2.0 334,3.0 336,2.0 466,1.0 487,1.0 488,1.0 491,1.0 
0,2.0 10,1.0 11,1.0 12,1.0 13,2.0 14,3.0 15,1.0 25,1.0 26,1.0 27,1.0 29,1.0 30,2.0 32,10.0 38,1.0 108,12.0 111,18.0 112,6.0 114,2.0 116,1.0 117,11.0 119,3.0 122,4.0 123,2.0 132,1.0 161,2.0 178,1.0 192,8.0 193,1.0 195,2.0 198,14.0 200,1.0 251,1.0 291,2.0 299,3.0 307,1.0 313,1.0 319,2.0 324,1.0 329,2.0 330,12.0 331,4.0 332,2.0 333,2.0 334,3.0 336,2.0 
22,1.0 30,1.0 34,1.0 58,1.0 85,2.0 107,2.0 109,1.0 111,4.0 113,2.0 114,4.0 121,1.0 123,1.0 161,1.0 178,2.0 193,4.0 200,2.0 209,6.0 215,6.0 224,6.0 269,1.0 486,2.0 487,1.0 488,1.0 491,1.0 
32,2.0 62,1.0 93,4.0 109,2.0 110,1.0 112,2.0 113,2.0 117,1.0 119,1.0 121,2.0 123,5.0 127,1.0 159,1.0 161,1.0 192,2.0 193,5.0 198,4.0 200,2.0 209,2.0 215,1.0 
85,4.0 198,4.0 
25,1.0 93,8.0 112,1.0 115,1.0 161,1.0 178,1.0 193,4.0 195,1.0 200,1.0 291,1.0 299,1.0 417,1.0 
0,4.0 12,1.0 14,2.0 30,2.0 32,8.0 41,1.0 52,2.0 62,1.0 85,2.0 107,2.0 108,4.0 110,1.0 111,4.0 112,7.0 114,1.0 116,2.0 119,5.0 127,1.0 157,1.0 159,1.0 161,2.0 175,1.0 192,2.0 193,2.0 200,1.0 214,2.0 251,1.0 291,1.0 299,4.0 301,1.0 319,4.0 324,1.0 330,6.0 332,2.0 333,2.0 334,2.0 336,2.0 349,1.0 350,1.0 351,1.0 352,1.0 
12,2.0 85,4.0 119,2.0 195,4.0 215,2.0 299,2.0 319,2.0 350,1.0 417,1.0 
0,5.0 4,1.0 12,5.0 28,1.0 32,4.0 57,1.0 69,1.0 70,1.0 72,1.0 93,4.0 109,3.0 110,6.0 112,3.0 114,1.0 117,5.0 118,2.0 119,1.0 120,4.0 121,6.0 123,1.0 161,2.0 178,1.0 179,2.0 182,2.0 193,2.0 195,6.0 200,2.0 209,2.0 215,6.0 228,3.0 247,1.0 251,1.0 291,4.0 299,8.0 319,8.0 320,1.0 324,1.0 327,1.0 330,2.0 438,1.0 
11,2.0 32,9.0 70,1.0 72,1.0 109,1.0 119,4.0 120,1.0 121,4.0 124,1.0 193,4.0 209,2.0 228,3.0 247,1.0 327,1.0 350,2.0 
1,2.0 8,2.0 13,18.0 26,2.0 31,2.0 32,9.0 55,4.0 61,2.0 64,4.0 65,4.0 66,4.0 70,2.0 71,7.0 72,2.0 91,2.0 93,6.0 95,4.0 109,1.0 119,4.0 120,3.0 121,8.0 122,18.0 123,26.0 136,2.0 193,2.0 195,26.0 198,8.0 204,2.0 205,1.0 215,1.0 224,5.0 228,27.0 234,3.0 238,2.0 247,1.0 306,2.0 307,2.0 327,1.0 345,1.0 350,1.0 417,1.0 430,1.0 431,1.0 432,1.0 433,3.0 435,3.0 436,1.0 490,1.0 
13,38.0 14,1.0 15,1.0 21,2.0 29,1.0 32,12.0 55,4.0 64,4.0 65,4.0 66,4.0 71,6.0 72,1.0 94,2.0 102,2.0 111,3.0 112,2.0 121,18.0 122,6.0 131,1.0 132,1.0 136,2.0 180,1.0 193,1.0 195,20.0 198,21.0 224,1.0 228,14.0 247,1.0 255,1.0 256,1.0 258,1.0 270,1.0 272,2.0 275,1.0 276,1.0 301,3.0 327,1.0 331,1.0 334,1.0 338,2.0 348,1.0 444,1.0 466,1.0 
11,1.0 32,1.0 38,2.0 60,3.0 85,13.0 86,4.0 89,4.0 93,3.0 107,2.0 109,3.0 110,5.0 111,4.0 112,2.0 113,1.0 114,6.0 119,6.0 120,2.0 121,13.0 162,9.0 166,5.0 173,1.0 190,1.0 192,4.0 193,2.0 195,1.0 198,4.0 200,3.0 204,1.0 215,3.0 220,1.0 224,2.0 228,1.0 301,1.0 346,1.0 427,1.0 432,1.0 433,1.0 437,1.0 
32,11.0 87,1.0 88,3.0 110,5.0 122,1.0 124,1.0 191,1.0 192,5.0 193,7.0 200,2.0 214,3.0 231,1.0 309,4.0 310,4.0 311,4.0 353,1.0 443,1.0 
6,4.0 9,2.0 12,5.0 22,5.0 24,2.0 28,8.0 31,2.0 32,2.0 39,4.0 58,1.0 99,2.0 106,2.0 110,1.0 113,2.0 125,44.0 126,76.0 127,76.0 128,74.0 129,76.0 130,48.0 131,2.0 132,2.0 133,2.0 134,2.0 160,5.0 161,2.0 164,2.0 170,1.0 173,1.0 177,2.0 178,1.0 189,5.0 190,2.0 191,8.0 200,3.0 266,6.0 271,6.0 272,2.0 294,1.0 295,2.0 354,3.0 364,2.0 
21,1.0 99,1.0 125,74.0 126,40.0 127,78.0 128,76.0 129,76.0 130,48.0 131,2.0 132,2.0 133,2.0 134,2.0 151,2.0 361,1.0 419,2.0 420,1.0 
0,2.0 4,10.0 9,7.0 12,3.0 20,1.0 22,10.0 28,6.0 37,1.0 38,1.0 39,15.0 62,1.0 98,3.0 100,1.0 125,76.0 126,76.0 127,46.0 128,78.0 129,88.0 130,48.0 131,18.0 132,12.0 133,14.0 134,12.0 159,11.0 160,1.0 161,6.0 162,2.0 164,2.0 170,2.0 172,2.0 174,1.0 175,1.0 178,8.0 179,7.0 182,4.0 223,5.0 225,2.0 251,3.0 258,1.0 262,7.0 266,2.0 269,7.0 271,4.0 292,1.0 296,1.0 310,2.0 354,2.0 379,2.0 380,2.0 
8,6.0 10,6.0 11,6.0 13,1.0 41,1.0 63,3.0 125,76.0 126,76.0 127,80.0 128,41.0 129,78.0 130,48.0 131,2.0 132,2.0 133,2.0 134,2.0 410,1.0 
6,2.0 125,74.0 126,74.0 127,87.0 128,74.0 129,45.0 130,48.0 131,20.0 132,18.0 133,19.0 134,12.0 140,5.0 179,5.0 188,1.0 189,2.0 271,1.0 277,8.0 
125,46.0 126,46.0 127,48.0 128,46.0 129,48.0 130,22.0 131,2.0 132,2.0 133,2.0 134,2.0 384,1.0 
0,2.0 2,1.0 4,13.0 6,8.0 8,2.0 11,2.0 20,2.0 22,6.0 25,2.0 28,2.0 38,1.0 39,6.0 62,1.0 98,2.0 101,2.0 110,1.0 114,1.0 117,1.0 125,1.0 127,22.0 129,16.0 131,10.0 132,15.0 133,17.0 134,10.0 140,5.0 160,5.0 161,13.0 170,2.0 174,13.0 175,13.0 176,4.0 177,3.0 179,7.0 182,3.0 189,3.0 258,6.0 265,2.0 266,4.0 269,2.0 272,2.0 277,9.0 299,2.0 354,3.0 381,1.0 382,1.0 383,1.0 453,1.0 
1,11.0 2,11.0 3,77.0 7,8.0 8,15.0 10,28.0 11,28.0 13,1.0 14,5.0 15,11.0 16,5.0 17,4.0 19,9.0 21,3.0 22,3.0 23,21.0 24,6.0 25,6.0 29,6.0 30,6.0 31,25.0 38,13.0 40,6.0 48,6.0 51,3.0 64,6.0 65,6.0 66,6.0 68,5.0 73,6.0 87,6.0 89,6.0 127,10.0 128,1.0 129,17.0 130,1.0 131,17.0 132,116.0 133,18.0 134,10.0 135,18.0 137,10.0 139,12.0 140,5.0 141,6.0 142,6.0 143,6.0 144,6.0 145,6.0 146,6.0 147,3.0 148,3.0 149,3.0 179,5.0 188,2.0 272,2.0 277,7.0 
5,1.0 19,6.0 21,6.0 22,6.0 23,2.0 61,3.0 127,10.0 129,16.0 131,15.0 132,33.0 133,8.0 134,10.0 136,3.0 137,3.0 140,5.0 179,5.0 277,5.0 
127,10.0 129,10.0 131,10.0 132,10.0 133,12.0 134,4.0 150,1.0 303,1.0 383,1.0 388,1.0 
1,5.0 2,5.0 3,11.0 5,4.0 7,2.0 8,3.0 10,4.0 11,4.0 23,9.0 31,1.0 38,1.0 94,1.0 102,1.0 104,1.0 132,10.0 263,1.0 274,4.0 278,1.0 279,5.0 
23,6.0 132,7.0 133,3.0 139,3.0 140,3.0 312,2.0 393,1.0 
18,6.0 19,3.0 20,6.0 56,3.0 128,3.0 132,25.0 139,6.0 
129,1.0 131,1.0 132,4.0 133,1.0 138,11.0 139,23.0 140,1.0 161,23.0 179,1.0 188,23.0 189,23.0 271,23.0 277,1.0 312,23.0 
10,6.0 11,6.0 14,5.0 16,5.0 26,24.0 27,12.0 31,6.0 38,6.0 53,5.0 54,3.0 56,3.0 58,3.0 59,3.0 60,6.0 61,9.0 128,1.0 129,1.0 131,1.0 132,7.0 133,4.0 137,1.0 138,23.0 139,31.0 140,1.0 161,23.0 179,1.0 188,23.0 189,23.0 271,23.0 277,1.0 312,23.0 
129,6.0 131,5.0 132,8.0 133,5.0 140,2.0 179,5.0 277,5.0 393,2.0 
132,6.0 142,3.0 143,3.0 
132,6.0 141,3.0 143,3.0 182,2.0 252,2.0 253,2.0 
132,6.0 141,3.0 142,3.0 
15,3.0 16,3.0 132,6.0 145,3.0 146,6.0 149,6.0 
132,6.0 144,3.0 146,3.0 
15,3.0 16,3.0 26,2.0 132,6.0 144,6.0 145,3.0 149,6.0 170,1.0 225,1.0 307,1.0 496,1.0 497,1.0 498,1.0 499,1.0 501,1.0 502,1.0 
132,3.0 148,3.0 
3,1.0 10,1.0 132,3.0 147,3.0 307,1.0 451,1.0 503,1.0 
3,6.0 15,6.0 16,6.0 38,6.0 87,4.0 89,6.0 126,1.0 134,1.0 144,6.0 146,6.0 149,33.0 150,2.0 312,1.0 387,3.0 388,1.0 394,1.0 
74,4.0 99,4.0 150,14.0 151,4.0 152,4.0 153,4.0 154,2.0 389,1.0 390,1.0 
13,2.0 19,4.0 21,1.0 24,4.0 37,4.0 94,2.0 95,2.0 99,1.0 126,1.0 150,4.0 186,1.0 310,2.0 361,1.0 380,1.0 419,1.0 420,1.0 485,2.0 486,1.0 
74,2.0 99,2.0 150,4.0 153,2.0 
74,2.0 99,2.0 150,4.0 152,2.0 
59,2.0 94,2.0 99,2.0 155,2.0 156,2.0 
4,1.0 9,3.0 10,1.0 12,1.0 19,1.0 21,3.0 22,1.0 27,2.0 36,2.0 38,2.0 56,3.0 58,2.0 59,8.0 91,5.0 94,2.0 98,2.0 99,4.0 100,3.0 104,1.0 155,1.0 156,2.0 157,2.0 170,2.0 180,2.0 183,2.0 190,1.0 191,2.0 214,1.0 255,1.0 259,1.0 260,1.0 287,1.0 290,1.0 295,3.0 296,4.0 297,4.0 303,1.0 309,2.0 310,2.0 311,2.0 322,1.0 354,1.0 369,1.0 376,5.0 384,8.0 434,1.0 435,1.0 478,1.0 479,2.0 480,1.0 481,1.0 482,1.0 483,1.0 
59,2.0 86,1.0 94,2.0 99,2.0 123,1.0 155,2.0 157,2.0 159,2.0 179,2.0 365,1.0 
41,1.0 117,1.0 122,1.0 158,2.0 301,2.0 349,1.0 350,1.0 351,1.0 352,1.0 
42,1.0 83,2.0 159,2.0 160,2.0 161,2.0 
0,4.0 1,1.0 9,3.0 12,3.0 20,6.0 24,4.0 25,2.0 31,6.0 37,4.0 58,2.0 59,1.0 62,5.0 83,2.0 97,2.0 98,2.0 99,1.0 100,3.0 101,8.0 127,11.0 155,1.0 156,1.0 159,68.0 160,16.0 161,77.0 163,8.0 164,8.0 166,24.0 168,4.0 169,18.0 170,5.0 171,4.0 174,11.0 178,19.0 179,73.0 183,14.0 197,9.0 223,4.0 230,26.0 244,4.0 251,2.0 259,3.0 266,1.0 269,5.0 287,6.0 288,3.0 291,12.0 292,10.0 295,1.0 299,1.0 303,3.0 354,2.0 361,1.0 362,1.0 365,35.0 369,1.0 378,2.0 425,2.0 426,2.0 427,8.0 464,3.0 
0,1.0 4,5.0 6,7.0 7,12.0 9,2.0 12,1.0 20,4.0 25,12.0 28,1.0 36,1.0 37,2.0 57,1.0 58,4.0 62,4.0 69,1.0 83,2.0 95,1.0 98,2.0 106,1.0 110,5.0 112,3.0 117,3.0 119,8.0 125,4.0 131,3.0 159,15.0 160,62.0 161,140.0 162,28.0 163,16.0 164,12.0 165,4.0 166,38.0 167,4.0 172,30.0 173,9.0 178,12.0 179,2.0 182,3.0 191,2.0 200,2.0 215,3.0 217,1.0 224,1.0 250,1.0 266,5.0 269,2.0 271,1.0 299,2.0 302,2.0 320,1.0 324,1.0 354,1.0 
1,1.0 7,16.0 9,4.0 12,4.0 22,1.0 25,5.0 26,2.0 28,5.0 39,6.0 57,1.0 58,4.0 62,5.0 83,2.0 98,2.0 100,2.0 118,2.0 119,2.0 127,8.0 129,1.0 131,13.0 132,1.0 133,1.0 138,24.0 139,24.0 140,1.0 155,2.0 159,77.0 160,139.0 161,116.0 162,28.0 163,16.0 164,18.0 165,4.0 166,52.0 167,4.0 168,4.0 169,26.0 170,9.0 171,4.0 172,12.0 174,33.0 175,8.0 176,8.0 177,9.0 178,42.0 179,2.0 180,4.0 182,16.0 183,8.0 187,2.0 188,39.0 189,38.0 197,1.0 215,2.0 250,1.0 251,10.0 269,1.0 271,39.0 277,1.0 287,2.0 291,37.0 292,2.0 293,8.0 295,2.0 296,3.0 299,2.0 312,38.0 324,1.0 345,2.0 353,2.0 354,5.0 362,5.0 428,4.0 429,2.0 
7,4.0 11,1.0 25,1.0 27,2.0 38,2.0 60,1.0 85,2.0 89,2.0 101,2.0 121,9.0 123,1.0 160,18.0 161,18.0 163,2.0 164,2.0 165,4.0 166,5.0 172,8.0 173,1.0 174,2.0 179,2.0 197,1.0 353,2.0 377,2.0 427,1.0 437,1.0 
7,7.0 10,1.0 23,1.0 31,1.0 51,1.0 131,4.0 159,4.0 160,8.0 161,12.0 164,8.0 172,4.0 174,8.0 177,4.0 178,4.0 305,1.0 306,3.0 313,2.0 316,2.0 319,2.0 
1,2.0 2,2.0 7,6.0 8,2.0 26,4.0 27,2.0 159,8.0 160,10.0 161,16.0 163,8.0 170,2.0 173,2.0 174,10.0 176,5.0 177,4.0 178,4.0 179,6.0 182,4.0 187,2.0 197,2.0 305,4.0 317,1.0 354,1.0 365,2.0 
160,4.0 161,4.0 
7,8.0 8,5.0 11,4.0 18,1.0 19,2.0 20,2.0 36,1.0 37,2.0 38,2.0 58,4.0 89,1.0 100,2.0 121,5.0 122,1.0 159,16.0 160,19.0 161,30.0 162,5.0 163,10.0 164,10.0 168,4.0 170,1.0 173,1.0 175,5.0 178,4.0 224,1.0 227,2.0 228,4.0 231,5.0 434,1.0 
25,4.0 160,8.0 161,8.0 162,4.0 
21,2.0 159,4.0 161,4.0 303,2.0 
1,1.0 7,4.0 26,2.0 100,1.0 159,9.0 161,13.0 163,4.0 170,4.0 171,4.0 173,3.0 178,3.0 192,2.0 197,1.0 251,2.0 291,4.0 353,2.0 
0,1.0 4,2.0 6,1.0 9,10.0 12,4.0 18,5.0 20,1.0 28,1.0 38,2.0 39,2.0 58,2.0 59,4.0 62,7.0 89,1.0 98,2.0 99,6.0 100,3.0 103,1.0 110,1.0 127,2.0 131,1.0 155,4.0 159,5.0 161,8.0 169,1.0 171,4.0 173,1.0 174,1.0 180,2.0 182,2.0 183,3.0 191,2.0 200,1.0 255,1.0 256,2.0 262,2.0 266,2.0 269,1.0 270,1.0 293,2.0 295,9.0 354,4.0 361,1.0 464,1.0 
62,4.0 159,4.0 161,4.0 170,4.0 172,1.0 287,2.0 310,1.0 345,1.0 372,1.0 378,1.0 384,2.0 386,2.0 392,2.0 
0,1.0 6,4.0 7,4.0 9,1.0 12,1.0 25,4.0 27,2.0 36,1.0 60,1.0 62,5.0 95,1.0 106,1.0 127,2.0 159,5.0 160,30.0 161,14.0 162,12.0 163,4.0 172,8.0 173,8.0 174,6.0 178,1.0 179,4.0 217,1.0 269,3.0 277,1.0 294,3.0 299,2.0 300,2.0 353,2.0 354,1.0 361,2.0 375,2.0 377,2.0 
1,1.0 2,2.0 8,4.0 26,3.0 27,1.0 60,1.0 87,2.0 100,1.0 121,1.0 125,1.0 160,5.0 162,1.0 163,4.0 164,2.0 166,1.0 169,3.0 170,2.0 172,4.0 191,10.0 192,18.0 193,2.0 197,4.0 212,2.0 214,1.0 
0,3.0 4,2.0 12,1.0 31,6.0 37,3.0 58,2.0 60,1.0 101,2.0 127,1.0 131,12.0 159,12.0 161,31.0 162,6.0 164,6.0 170,1.0 171,1.0 172,4.0 174,34.0 175,8.0 176,8.0 177,58.0 178,49.0 179,18.0 180,12.0 181,4.0 182,13.0 183,12.0 184,8.0 185,4.0 186,4.0 187,2.0 251,1.0 269,3.0 292,1.0 295,1.0 296,1.0 365,2.0 366,1.0 369,3.0 372,3.0 373,2.0 374,2.0 376,1.0 378,1.0 
2,6.0 5,1.0 8,3.0 10,1.0 11,6.0 19,14.0 23,1.0 24,12.0 26,1.0 27,2.0 31,1.0 37,14.0 38,10.0 91,2.0 101,2.0 122,6.0 131,6.0 135,2.0 161,4.0 166,5.0 174,4.0 176,4.0 187,2.0 198,4.0 223,6.0 227,5.0 228,4.0 230,4.0 231,5.0 258,1.0 265,2.0 273,2.0 278,3.0 308,1.0 313,1.0 432,1.0 453,2.0 
3,1.0 26,1.0 31,1.0 38,1.0 89,1.0 159,4.0 160,8.0 161,8.0 164,5.0 172,4.0 317,1.0 354,1.0 
0,2.0 9,5.0 20,1.0 25,1.0 31,4.0 100,2.0 101,4.0 112,1.0 116,1.0 125,2.0 127,1.0 131,6.0 159,1.0 161,11.0 164,2.0 170,7.0 174,57.0 175,2.0 177,26.0 178,60.0 179,12.0 180,20.0 181,8.0 182,1.0 184,8.0 185,4.0 186,4.0 187,2.0 191,2.0 200,1.0 266,3.0 269,1.0 294,5.0 295,9.0 296,1.0 298,4.0 299,1.0 354,3.0 
0,1.0 1,1.0 6,2.0 7,6.0 20,2.0 21,2.0 22,3.0 25,1.0 26,2.0 28,3.0 31,4.0 56,2.0 57,3.0 58,2.0 100,2.0 101,4.0 127,11.0 159,17.0 160,12.0 161,45.0 164,8.0 166,8.0 169,6.0 174,48.0 177,60.0 178,43.0 179,13.0 180,16.0 181,8.0 184,8.0 185,4.0 186,4.0 197,3.0 223,4.0 244,4.0 250,2.0 251,5.0 268,2.0 269,2.0 291,26.0 292,6.0 296,1.0 299,1.0 345,2.0 354,3.0 361,1.0 369,1.0 428,4.0 429,2.0 
0,2.0 4,6.0 6,6.0 12,1.0 22,5.0 25,4.0 31,6.0 37,8.0 39,4.0 56,1.0 58,3.0 62,4.0 69,2.0 97,2.0 101,12.0 117,2.0 119,2.0 127,4.0 129,6.0 131,5.0 132,5.0 133,5.0 140,5.0 156,1.0 159,73.0 160,2.0 162,4.0 174,19.0 177,14.0 178,14.0 179,35.0 180,8.0 181,4.0 182,6.0 183,14.0 197,6.0 230,18.0 251,3.0 261,6.0 266,1.0 277,5.0 291,9.0 296,2.0 303,2.0 330,2.0 365,7.0 369,2.0 425,2.0 467,1.0 
31,4.0 38,2.0 87,2.0 100,1.0 101,4.0 124,1.0 161,2.0 164,2.0 170,1.0 174,6.0 177,10.0 178,8.0 179,4.0 181,10.0 183,2.0 187,2.0 191,2.0 322,2.0 323,2.0 444,1.0 
18,2.0 31,4.0 101,4.0 106,2.0 160,4.0 161,4.0 174,4.0 177,4.0 178,8.0 190,2.0 282,2.0 299,2.0 322,2.0 323,2.0 324,2.0 325,2.0 
4,11.0 6,4.0 9,2.0 19,8.0 20,12.0 21,4.0 22,5.0 24,2.0 25,8.0 37,6.0 39,2.0 58,2.0 69,1.0 98,4.0 99,1.0 100,1.0 155,2.0 160,2.0 161,19.0 164,4.0 170,2.0 174,13.0 176,4.0 179,5.0 182,4.0 183,8.0 250,4.0 251,1.0 255,15.0 259,6.0 263,3.0 266,1.0 269,1.0 288,2.0 291,9.0 292,7.0 296,5.0 354,2.0 362,1.0 
31,2.0 38,2.0 89,1.0 97,2.0 100,1.0 101,1.0 159,9.0 161,4.0 164,4.0 174,6.0 176,4.0 179,9.0 180,2.0 181,2.0 182,4.0 191,2.0 197,1.0 322,2.0 323,2.0 
174,4.0 177,4.0 178,4.0 185,4.0 186,4.0 
125,3.0 161,2.0 174,2.0 177,2.0 186,4.0 188,2.0 189,2.0 345,3.0 363,3.0 
13,2.0 151,1.0 161,2.0 174,2.0 177,2.0 185,4.0 188,2.0 189,2.0 380,1.0 486,1.0 
1,7.0 2,4.0 5,5.0 6,1.0 7,9.0 8,4.0 9,1.0 10,5.0 19,1.0 20,1.0 21,1.0 22,1.0 23,4.0 26,4.0 27,4.0 28,2.0 31,5.0 37,1.0 39,1.0 98,1.0 160,2.0 161,2.0 164,6.0 175,1.0 187,2.0 197,1.0 198,1.0 216,1.0 254,2.0 255,6.0 256,2.0 261,2.0 306,3.0 313,3.0 316,2.0 469,1.0 470,1.0 475,1.0 476,1.0 514,2.0 515,1.0 516,1.0 517,1.0 518,1.0 519,1.0 
6,4.0 24,2.0 99,2.0 106,2.0 125,2.0 129,1.0 131,3.0 132,1.0 133,1.0 138,24.0 139,24.0 140,1.0 161,39.0 179,1.0 188,19.0 189,43.0 190,2.0 271,38.0 272,4.0 277,1.0 312,38.0 371,1.0 
4,2.0 12,3.0 24,2.0 99,2.0 106,2.0 125,7.0 129,3.0 131,3.0 132,1.0 133,1.0 138,24.0 139,24.0 140,1.0 161,37.0 177,2.0 179,1.0 188,42.0 189,18.0 190,2.0 271,37.0 272,1.0 277,1.0 295,2.0 312,37.0 354,5.0 371,1.0 381,1.0 382,1.0 383,1.0 
0,2.0 6,1.0 18,2.0 19,6.0 20,2.0 21,2.0 22,2.0 24,7.0 25,2.0 37,4.0 56,2.0 84,1.0 94,2.0 95,1.0 98,1.0 99,4.0 100,3.0 102,3.0 106,5.0 121,1.0 125,4.0 155,1.0 170,1.0 190,1.0 191,2.0 192,7.0 193,2.0 214,1.0 282,2.0 299,2.0 303,4.0 324,2.0 325,2.0 326,2.0 354,1.0 356,1.0 421,1.0 422,1.0 434,1.0 435,1.0 478,1.0 479,2.0 480,1.0 481,1.0 482,1.0 483,1.0 
8,4.0 19,4.0 24,4.0 26,2.0 31,2.0 32,2.0 37,4.0 38,2.0 87,3.0 89,2.0 125,6.0 164,3.0 170,1.0 173,10.0 176,1.0 180,2.0 181,2.0 183,2.0 192,10.0 197,2.0 206,2.0 209,2.0 225,1.0 317,1.0 322,2.0 323,2.0 353,2.0 364,2.0 
13,3.0 21,4.0 32,15.0 52,19.0 85,12.0 87,1.0 88,7.0 89,2.0 99,8.0 110,5.0 112,2.0 114,2.0 124,3.0 191,3.0 192,1.0 193,63.0 195,17.0 199,2.0 200,4.0 201,2.0 202,4.0 203,2.0 205,6.0 207,6.0 208,2.0 210,2.0 211,4.0 214,3.0 215,1.0 225,1.0 353,1.0 
2,6.0 8,4.0 26,2.0 32,2.0 36,2.0 40,1.0 59,2.0 73,1.0 85,4.0 87,3.0 88,3.0 104,1.0 109,1.0 110,16.0 111,2.0 112,6.0 114,2.0 118,4.0 119,6.0 121,8.0 123,4.0 124,5.0 155,1.0 169,2.0 173,18.0 175,1.0 190,5.0 191,11.0 192,31.0 193,1.0 195,7.0 197,8.0 200,12.0 202,2.0 203,2.0 205,2.0 209,2.0 212,2.0 214,6.0 227,1.0 271,1.0 303,1.0 345,1.0 353,1.0 414,1.0 417,5.0 
192,2.0 
11,2.0 13,20.0 36,1.0 55,4.0 64,4.0 65,4.0 66,4.0 70,1.0 71,7.0 72,1.0 84,2.0 90,1.0 94,3.0 99,6.0 103,2.0 105,1.0 106,3.0 110,1.0 112,2.0 113,4.0 114,5.0 115,3.0 116,4.0 117,2.0 119,3.0 120,4.0 121,21.0 122,20.0 124,4.0 136,2.0 157,1.0 166,4.0 173,1.0 175,4.0 190,3.0 192,18.0 195,7.0 200,2.0 213,2.0 217,1.0 227,2.0 228,33.0 231,4.0 234,3.0 272,2.0 282,1.0 301,2.0 345,1.0 350,2.0 356,1.0 506,1.0 
170,1.0 192,2.0 358,1.0 
1,1.0 2,8.0 7,3.0 8,3.0 10,3.0 11,1.0 25,1.0 27,2.0 31,5.0 38,3.0 89,4.0 101,4.0 159,7.0 161,2.0 162,1.0 164,2.0 170,1.0 173,4.0 176,1.0 178,4.0 179,5.0 187,1.0 191,2.0 192,8.0 193,2.0 198,4.0 282,1.0 291,2.0 292,2.0 306,2.0 357,1.0 365,2.0 
2,2.0 8,1.0 13,9.0 14,1.0 15,2.0 16,1.0 17,1.0 29,1.0 32,18.0 38,4.0 55,1.0 85,11.0 93,4.0 94,2.0 95,2.0 102,1.0 106,5.0 109,1.0 111,7.0 112,8.0 116,2.0 117,4.0 118,1.0 119,1.0 121,9.0 122,13.0 131,1.0 132,1.0 162,2.0 175,4.0 187,1.0 195,10.0 197,1.0 198,3.0 202,4.0 204,4.0 206,2.0 216,5.0 218,2.0 221,2.0 222,2.0 223,3.0 227,2.0 234,18.0 235,4.0 236,2.0 237,2.0 238,4.0 239,2.0 242,2.0 329,2.0 330,2.0 334,1.0 379,1.0 417,4.0 418,2.0 438,1.0 466,4.0 
32,2.0 
4,1.0 22,1.0 25,1.0 28,1.0 57,1.0 58,2.0 69,1.0 110,10.0 112,1.0 113,2.0 114,2.0 116,1.0 119,2.0 121,1.0 123,2.0 124,2.0 161,4.0 170,1.0 174,1.0 178,5.0 179,2.0 182,2.0 192,6.0 193,2.0 195,5.0 198,4.0 209,4.0 213,2.0 215,2.0 269,2.0 291,3.0 296,1.0 299,1.0 369,1.0 417,1.0 
52,2.0 
32,2.0 93,4.0 99,1.0 100,1.0 155,1.0 190,1.0 193,4.0 203,4.0 204,4.0 205,4.0 206,2.0 207,2.0 210,1.0 303,1.0 432,1.0 436,1.0 477,1.0 478,2.0 479,1.0 
1,2.0 20,1.0 26,2.0 31,2.0 32,2.0 121,5.0 193,2.0 202,4.0 205,2.0 
93,4.0 123,2.0 192,2.0 202,4.0 206,2.0 207,2.0 224,1.0 432,2.0 433,2.0 434,1.0 435,1.0 
32,2.0 123,1.0 193,6.0 202,4.0 203,2.0 207,6.0 208,2.0 210,2.0 433,1.0 435,1.0 
93,2.0 120,2.0 202,2.0 204,2.0 
192,2.0 193,6.0 202,2.0 204,2.0 205,6.0 208,2.0 210,2.0 434,1.0 
124,4.0 193,2.0 205,2.0 207,2.0 309,4.0 
13,11.0 30,1.0 32,3.0 34,1.0 52,1.0 93,4.0 102,1.0 108,2.0 110,2.0 111,4.0 113,6.0 192,4.0 198,4.0 200,2.0 204,2.0 207,2.0 209,2.0 215,9.0 217,2.0 222,1.0 223,1.0 224,12.0 229,1.0 338,2.0 434,1.0 439,1.0 441,1.0 442,1.0 447,2.0 448,2.0 449,2.0 486,2.0 487,1.0 488,1.0 491,1.0 
99,1.0 100,1.0 155,1.0 190,1.0 193,2.0 202,1.0 205,2.0 207,2.0 303,1.0 432,1.0 436,1.0 477,1.0 478,2.0 479,1.0 
193,4.0 
173,2.0 192,2.0 236,2.0 
32,2.0 198,4.0 200,2.0 234,2.0 338,1.0 
59,2.0 87,1.0 88,5.0 93,2.0 110,3.0 124,3.0 191,1.0 192,3.0 193,9.0 195,2.0 200,2.0 214,1.0 352,11.0 353,1.0 417,1.0 
0,2.0 12,4.0 30,1.0 32,1.0 34,1.0 37,1.0 58,1.0 100,1.0 109,2.0 110,3.0 111,4.0 113,6.0 114,1.0 117,1.0 118,2.0 119,5.0 121,4.0 159,1.0 178,2.0 179,2.0 182,1.0 198,7.0 200,2.0 209,11.0 215,2.0 224,6.0 243,2.0 251,2.0 291,1.0 296,1.0 299,4.0 319,4.0 320,1.0 354,1.0 369,1.0 486,2.0 487,1.0 488,1.0 491,1.0 
7,1.0 13,2.0 15,1.0 16,1.0 17,1.0 23,1.0 32,3.0 55,1.0 59,2.0 106,2.0 163,1.0 198,5.0 216,1.0 379,1.0 466,3.0 
0,2.0 19,2.0 20,2.0 24,1.0 25,2.0 32,1.0 36,5.0 37,1.0 94,4.0 95,1.0 98,2.0 100,1.0 102,1.0 106,3.0 111,1.0 122,2.0 135,1.0 160,2.0 198,1.0 209,2.0 218,2.0 276,1.0 279,1.0 280,1.0 282,3.0 287,1.0 299,1.0 320,1.0 441,1.0 467,1.0 483,1.0 484,1.0 
0,1.0 94,6.0 106,1.0 122,2.0 135,1.0 195,2.0 217,2.0 228,2.0 279,1.0 408,2.0 467,1.0 483,1.0 484,1.0 
100,1.0 111,1.0 122,2.0 218,1.0 220,4.0 
19,9.0 20,4.0 24,8.0 58,4.0 91,2.0 94,4.0 100,1.0 102,2.0 111,1.0 121,1.0 122,2.0 219,4.0 220,1.0 278,1.0 455,2.0 456,1.0 458,1.0 459,1.0 
106,2.0 122,2.0 
111,1.0 122,2.0 223,3.0 
2,1.0 18,1.0 19,8.0 21,5.0 24,1.0 36,1.0 37,8.0 38,6.0 60,1.0 111,1.0 122,3.0 127,2.0 159,2.0 164,2.0 175,6.0 178,2.0 198,4.0 222,3.0 225,1.0 230,4.0 258,1.0 278,1.0 453,1.0 454,1.0 
2,2.0 11,1.0 13,2.0 30,1.0 34,1.0 60,3.0 89,1.0 92,2.0 95,2.0 108,1.0 109,1.0 111,4.0 113,7.0 114,1.0 120,2.0 121,5.0 162,1.0 166,1.0 175,1.0 209,6.0 215,8.0 224,2.0 225,6.0 226,3.0 228,2.0 231,1.0 344,2.0 350,2.0 415,1.0 437,2.0 486,2.0 487,1.0 488,1.0 491,1.0 
2,2.0 19,6.0 20,1.0 22,11.0 24,4.0 25,1.0 26,1.0 37,8.0 56,12.0 60,3.0 89,1.0 94,2.0 100,1.0 164,2.0 191,1.0 209,7.0 223,1.0 226,5.0 228,2.0 231,2.0 244,2.0 271,2.0 278,1.0 303,4.0 389,1.0 454,1.0 498,1.0 499,1.0 500,1.0 501,1.0 
209,3.0 225,5.0 228,2.0 231,2.0 244,2.0 
122,3.0 166,2.0 175,5.0 228,2.0 231,2.0 
13,10.0 18,4.0 19,2.0 32,2.0 55,4.0 60,2.0 64,4.0 65,4.0 66,4.0 70,2.0 71,1.0 72,2.0 88,2.0 91,2.0 94,4.0 96,1.0 119,3.0 120,3.0 121,20.0 122,8.0 136,2.0 195,31.0 215,1.0 218,2.0 228,2.0 229,2.0 234,19.0 236,2.0 239,2.0 245,2.0 246,2.0 247,3.0 248,2.0 272,2.0 301,2.0 327,1.0 345,1.0 350,1.0 
60,2.0 111,1.0 224,2.0 442,1.0 
19,1.0 31,4.0 38,7.0 101,5.0 159,15.0 175,4.0 179,9.0 197,5.0 198,6.0 223,4.0 291,2.0 303,2.0 365,8.0 426,2.0 
11,5.0 19,2.0 21,7.0 24,1.0 37,2.0 98,6.0 102,1.0 120,1.0 122,1.0 166,5.0 175,5.0 225,2.0 226,2.0 227,2.0 228,8.0 244,2.0 287,6.0 443,1.0 
93,2.0 233,2.0 
93,2.0 232,2.0 
18,4.0 19,2.0 70,1.0 71,1.0 72,1.0 94,4.0 121,3.0 195,3.0 198,14.0 218,2.0 228,25.0 234,1.0 236,2.0 239,2.0 345,1.0 
32,4.0 
198,2.0 213,6.0 338,2.0 
32,2.0 238,2.0 
32,4.0 123,2.0 237,2.0 242,2.0 
198,2.0 240,6.0 340,2.0 
32,2.0 198,2.0 234,2.0 340,1.0 
239,2.0 
32,2.0 238,2.0 
3,1.0 7,1.0 10,1.0 27,1.0 198,2.0 215,2.0 349,1.0 
159,2.0 164,2.0 178,2.0 197,2.0 225,2.0 226,2.0 228,2.0 231,2.0 292,2.0 
246,2.0 247,2.0 248,2.0 249,2.0 
245,2.0 247,2.0 248,2.0 249,2.0 
70,1.0 72,2.0 245,2.0 246,2.0 248,2.0 249,2.0 291,1.0 301,1.0 327,2.0 331,1.0 
245,2.0 246,2.0 247,2.0 249,2.0 
20,2.0 21,2.0 56,2.0 250,2.0 286,2.0 
4,1.0 6,2.0 18,3.0 19,3.0 20,14.0 21,4.0 24,8.0 25,2.0 56,5.0 91,1.0 98,2.0 142,2.0 159,2.0 249,2.0 251,2.0 252,2.0 253,2.0 254,2.0 259,2.0 263,5.0 264,6.0 287,4.0 288,2.0 291,1.0 295,1.0 296,1.0 299,1.0 389,1.0 450,1.0 451,1.0 
0,1.0 4,3.0 6,2.0 7,2.0 9,3.0 12,2.0 20,2.0 21,2.0 22,5.0 37,5.0 56,3.0 58,2.0 98,2.0 100,1.0 159,2.0 160,2.0 161,11.0 169,4.0 178,5.0 250,5.0 251,2.0 267,7.0 269,2.0 291,11.0 292,1.0 303,1.0 324,1.0 353,2.0 354,1.0 362,2.0 
142,2.0 182,2.0 253,2.0 
142,2.0 182,2.0 252,2.0 
7,4.0 10,4.0 161,2.0 182,3.0 187,4.0 255,4.0 268,3.0 
1,2.0 7,2.0 10,2.0 13,1.0 19,1.0 22,1.0 31,2.0 32,1.0 111,1.0 117,1.0 122,1.0 127,2.0 129,3.0 131,1.0 155,1.0 157,1.0 160,3.0 161,1.0 177,2.0 179,2.0 182,5.0 187,4.0 198,1.0 255,2.0 256,9.0 258,5.0 260,1.0 261,5.0 266,5.0 269,2.0 270,5.0 275,5.0 276,5.0 277,2.0 301,1.0 348,5.0 349,1.0 350,1.0 351,1.0 352,1.0 466,1.0 
4,2.0 13,2.0 20,2.0 98,2.0 117,1.0 122,2.0 125,6.0 132,2.0 157,1.0 177,2.0 195,2.0 228,2.0 255,7.0 256,2.0 257,6.0 258,5.0 266,2.0 270,5.0 271,6.0 272,2.0 275,5.0 276,5.0 294,4.0 301,3.0 348,5.0 349,1.0 350,1.0 351,1.0 352,1.0 
4,6.0 20,6.0 25,6.0 98,2.0 185,3.0 256,6.0 258,4.0 345,3.0 363,3.0 
4,6.0 20,4.0 22,2.0 25,6.0 37,2.0 38,1.0 117,1.0 131,2.0 157,1.0 175,1.0 188,2.0 223,1.0 255,5.0 256,5.0 257,4.0 258,2.0 262,3.0 265,2.0 266,2.0 269,2.0 270,5.0 272,4.0 275,5.0 276,5.0 301,1.0 348,5.0 349,1.0 350,1.0 351,1.0 352,1.0 453,1.0 
19,5.0 20,6.0 21,5.0 22,2.0 24,4.0 36,5.0 59,2.0 155,1.0 179,2.0 182,2.0 260,2.0 263,1.0 284,3.0 287,4.0 290,7.0 291,2.0 292,1.0 365,2.0 462,1.0 
1,4.0 3,1.0 26,1.0 27,1.0 31,3.0 159,2.0 161,2.0 182,1.0 187,2.0 251,1.0 255,4.0 267,1.0 269,1.0 271,1.0 292,2.0 294,1.0 296,1.0 
4,2.0 19,5.0 22,3.0 37,5.0 127,2.0 131,4.0 155,1.0 160,4.0 172,2.0 255,5.0 262,6.0 
4,4.0 19,4.0 22,5.0 37,7.0 56,1.0 98,1.0 127,1.0 131,4.0 159,2.0 161,2.0 182,1.0 258,3.0 261,6.0 270,1.0 277,3.0 296,1.0 
4,1.0 6,2.0 18,4.0 19,7.0 20,4.0 21,1.0 24,2.0 25,2.0 36,4.0 37,1.0 59,2.0 91,2.0 94,1.0 264,2.0 283,6.0 284,1.0 290,1.0 362,1.0 452,2.0 460,1.0 462,1.0 
7,2.0 10,2.0 127,2.0 178,2.0 182,1.0 187,2.0 251,3.0 254,2.0 269,1.0 
8,2.0 11,2.0 175,2.0 258,2.0 273,2.0 
4,3.0 6,18.0 9,8.0 12,2.0 20,8.0 22,8.0 25,14.0 28,12.0 39,4.0 62,4.0 98,1.0 127,1.0 155,2.0 159,1.0 160,4.0 170,3.0 177,1.0 178,2.0 179,2.0 182,9.0 256,14.0 269,7.0 295,2.0 296,2.0 
21,1.0 22,1.0 56,1.0 127,4.0 174,1.0 179,4.0 260,1.0 266,2.0 269,1.0 270,2.0 
266,2.0 293,3.0 
4,2.0 6,5.0 9,8.0 20,3.0 22,7.0 25,8.0 39,2.0 58,1.0 62,4.0 98,3.0 100,2.0 127,4.0 155,2.0 159,1.0 160,1.0 161,2.0 170,1.0 174,6.0 178,2.0 179,1.0 182,4.0 250,1.0 251,4.0 266,4.0 270,8.0 288,3.0 291,1.0 292,1.0 296,4.0 369,1.0 376,1.0 
21,1.0 22,2.0 56,2.0 98,1.0 117,1.0 127,3.0 131,2.0 157,1.0 159,1.0 160,2.0 172,2.0 255,5.0 256,5.0 258,5.0 262,1.0 266,2.0 267,2.0 270,2.0 271,1.0 275,5.0 276,5.0 301,1.0 348,5.0 349,1.0 350,1.0 351,1.0 352,1.0 365,1.0 366,2.0 
0,1.0 4,1.0 6,2.0 9,5.0 12,2.0 22,3.0 28,8.0 37,1.0 39,7.0 58,1.0 60,1.0 100,2.0 109,2.0 125,7.0 127,4.0 129,1.0 131,2.0 132,1.0 133,1.0 138,24.0 139,24.0 140,1.0 161,39.0 164,2.0 179,1.0 188,37.0 189,37.0 200,1.0 215,3.0 223,1.0 225,3.0 266,4.0 269,1.0 271,18.0 277,1.0 292,1.0 294,3.0 312,38.0 354,1.0 369,1.0 454,1.0 
3,2.0 6,6.0 8,2.0 11,2.0 22,4.0 28,4.0 125,2.0 131,8.0 172,2.0 177,2.0 188,4.0 266,4.0 273,2.0 294,6.0 295,2.0 299,4.0 370,1.0 
3,2.0 8,2.0 11,2.0 135,4.0 
18,2.0 91,2.0 94,2.0 135,2.0 250,2.0 275,6.0 
18,8.0 24,2.0 91,2.0 94,6.0 106,4.0 117,1.0 157,1.0 255,5.0 256,5.0 258,5.0 270,5.0 274,6.0 275,2.0 276,9.0 282,2.0 301,1.0 348,5.0 349,1.0 350,1.0 351,1.0 352,1.0 
18,6.0 21,2.0 24,2.0 36,2.0 94,6.0 106,4.0 117,1.0 157,1.0 255,5.0 256,5.0 258,5.0 270,5.0 275,9.0 276,2.0 280,3.0 281,2.0 282,2.0 301,1.0 348,5.0 349,1.0 350,1.0 351,1.0 352,1.0 
2,2.0 4,4.0 6,2.0 36,1.0 38,2.0 39,2.0 95,1.0 106,1.0 127,3.0 129,8.0 131,11.0 132,5.0 133,5.0 140,5.0 160,1.0 170,2.0 172,1.0 175,2.0 179,5.0 189,1.0 217,1.0 277,2.0 278,2.0 
2,2.0 38,2.0 129,2.0 135,4.0 175,2.0 455,1.0 
36,3.0 94,6.0 102,3.0 104,1.0 135,5.0 217,2.0 218,1.0 280,6.0 
21,2.0 36,5.0 91,1.0 94,7.0 102,3.0 217,2.0 218,1.0 220,1.0 276,3.0 279,6.0 456,1.0 
19,9.0 21,7.0 24,2.0 37,9.0 77,13.0 276,2.0 346,1.0 348,1.0 
3,1.0 7,2.0 10,2.0 18,4.0 19,4.0 20,2.0 21,2.0 24,2.0 27,2.0 37,2.0 102,2.0 106,5.0 111,1.0 190,2.0 197,1.0 198,1.0 217,2.0 219,1.0 243,1.0 274,2.0 275,2.0 299,2.0 324,2.0 325,2.0 326,2.0 357,1.0 440,1.0 
1,1.0 3,1.0 31,1.0 250,3.0 259,2.0 269,1.0 290,1.0 291,1.0 
19,3.0 20,2.0 21,3.0 36,4.0 59,2.0 91,2.0 98,1.0 220,1.0 285,5.0 289,1.0 458,1.0 
250,2.0 259,2.0 288,1.0 292,2.0 365,1.0 
250,2.0 
9,1.0 10,2.0 19,2.0 20,25.0 21,16.0 24,8.0 25,17.0 36,2.0 37,4.0 56,1.0 57,1.0 58,4.0 95,3.0 98,30.0 100,1.0 102,2.0 106,2.0 170,1.0 175,1.0 196,1.0 214,1.0 217,1.0 231,6.0 259,4.0 260,2.0 287,14.0 288,4.0 289,4.0 290,4.0 292,2.0 299,1.0 318,1.0 358,1.0 384,5.0 392,2.0 409,1.0 
19,2.0 20,4.0 21,4.0 22,2.0 24,4.0 59,1.0 91,2.0 98,2.0 284,1.0 287,4.0 289,7.0 292,2.0 365,3.0 462,1.0 
1,1.0 26,1.0 27,1.0 159,3.0 182,2.0 250,2.0 260,1.0 291,2.0 292,2.0 365,1.0 
1,2.0 3,2.0 31,2.0 159,3.0 182,4.0 260,2.0 291,4.0 292,3.0 
4,3.0 7,4.0 12,1.0 18,1.0 19,3.0 20,7.0 24,6.0 25,1.0 26,2.0 28,1.0 31,2.0 57,1.0 69,1.0 91,1.0 98,3.0 159,10.0 160,4.0 161,37.0 169,8.0 178,26.0 179,11.0 182,9.0 197,2.0 230,4.0 250,4.0 251,11.0 254,3.0 259,4.0 263,1.0 287,4.0 288,2.0 291,14.0 299,1.0 324,1.0 345,2.0 353,2.0 362,2.0 428,4.0 429,2.0 
4,2.0 9,1.0 19,7.0 21,7.0 22,4.0 36,1.0 37,3.0 57,2.0 91,2.0 98,2.0 99,1.0 159,8.0 164,2.0 178,9.0 182,6.0 197,2.0 244,4.0 259,3.0 260,6.0 263,2.0 284,2.0 287,2.0 288,4.0 292,2.0 361,1.0 362,1.0 452,1.0 462,1.0 
125,2.0 127,2.0 131,2.0 177,4.0 257,3.0 271,2.0 294,2.0 
4,1.0 9,9.0 28,2.0 39,2.0 62,1.0 127,3.0 131,2.0 161,2.0 170,4.0 172,5.0 177,8.0 266,2.0 269,1.0 271,3.0 272,6.0 277,1.0 295,6.0 299,4.0 361,2.0 369,2.0 370,5.0 375,2.0 
9,7.0 10,2.0 11,2.0 12,2.0 38,2.0 58,3.0 59,2.0 62,1.0 91,1.0 98,2.0 155,2.0 159,1.0 161,2.0 164,2.0 170,6.0 173,2.0 177,5.0 180,2.0 183,2.0 191,2.0 256,2.0 266,2.0 269,1.0 293,2.0 294,1.0 298,4.0 303,2.0 
4,2.0 9,1.0 22,1.0 37,3.0 58,3.0 69,1.0 98,2.0 99,1.0 155,4.0 159,1.0 178,1.0 179,2.0 182,3.0 250,2.0 269,1.0 292,1.0 295,1.0 297,7.0 362,1.0 369,1.0 
125,2.0 127,1.0 174,1.0 179,1.0 182,1.0 189,2.0 266,2.0 269,3.0 270,2.0 
73,2.0 272,4.0 294,4.0 367,2.0 368,2.0 
0,6.0 3,1.0 10,1.0 11,1.0 12,4.0 18,2.0 19,4.0 20,2.0 24,1.0 25,2.0 36,2.0 37,4.0 57,1.0 94,2.0 106,4.0 112,1.0 116,1.0 125,2.0 131,2.0 159,1.0 160,3.0 161,3.0 172,2.0 173,1.0 178,1.0 179,1.0 182,3.0 190,2.0 200,1.0 217,2.0 251,4.0 258,2.0 259,2.0 269,1.0 282,2.0 287,2.0 291,8.0 299,1.0 300,2.0 303,2.0 319,8.0 320,2.0 324,2.0 325,2.0 326,2.0 362,2.0 
272,2.0 294,2.0 
13,2.0 41,1.0 85,1.0 86,3.0 117,1.0 122,3.0 157,1.0 195,2.0 228,2.0 255,1.0 256,1.0 258,1.0 270,1.0 272,2.0 275,1.0 276,1.0 348,1.0 349,1.0 350,1.0 351,1.0 352,1.0 
37,2.0 70,1.0 99,1.0 168,2.0 
0,2.0 6,4.0 10,1.0 12,1.0 18,2.0 19,23.0 20,6.0 21,5.0 22,9.0 24,1.0 25,1.0 28,2.0 36,1.0 37,3.0 56,11.0 58,1.0 94,2.0 99,1.0 100,2.0 155,1.0 159,2.0 170,1.0 179,2.0 190,4.0 214,1.0 225,4.0 271,1.0 295,2.0 299,2.0 303,18.0 304,2.0 316,1.0 320,1.0 324,1.0 354,1.0 369,3.0 384,1.0 397,2.0 425,2.0 434,1.0 435,1.0 478,1.0 479,2.0 480,1.0 481,1.0 482,1.0 483,1.0 
3,2.0 8,2.0 22,2.0 28,2.0 
1,2.0 4,1.0 7,2.0 8,2.0 9,2.0 10,2.0 23,1.0 31,2.0 37,1.0 58,2.0 59,2.0 62,1.0 98,3.0 155,2.0 170,2.0 197,2.0 295,2.0 313,1.0 
1,1.0 5,2.0 7,4.0 10,1.0 19,2.0 24,2.0 31,1.0 37,2.0 51,1.0 61,2.0 163,3.0 187,1.0 203,2.0 307,2.0 308,2.0 313,2.0 316,2.0 319,2.0 471,1.0 472,1.0 473,1.0 474,1.0 475,1.0 514,1.0 515,1.0 516,1.0 517,1.0 518,1.0 519,1.0 
3,1.0 7,2.0 10,2.0 26,1.0 31,1.0 61,2.0 98,1.0 148,1.0 302,1.0 305,1.0 306,2.0 308,2.0 313,2.0 316,2.0 317,2.0 318,2.0 432,1.0 451,1.0 501,1.0 502,1.0 503,1.0 
18,1.0 91,1.0 98,1.0 155,2.0 309,2.0 
124,4.0 155,2.0 310,6.0 311,6.0 
13,8.0 71,6.0 113,2.0 121,6.0 122,6.0 131,2.0 171,1.0 195,6.0 209,2.0 215,2.0 224,2.0 287,1.0 311,6.0 329,1.0 379,2.0 380,3.0 384,2.0 386,1.0 485,2.0 486,3.0 
13,6.0 18,2.0 71,6.0 99,1.0 121,6.0 122,6.0 195,6.0 310,6.0 398,1.0 
129,1.0 131,1.0 132,1.0 133,1.0 136,2.0 138,24.0 139,24.0 140,1.0 149,1.0 161,38.0 179,1.0 188,38.0 189,37.0 271,37.0 277,1.0 312,18.0 
0,3.0 2,1.0 5,1.0 7,4.0 8,1.0 10,1.0 22,1.0 23,4.0 27,1.0 31,1.0 37,1.0 62,1.0 98,1.0 163,2.0 175,1.0 187,4.0 302,1.0 305,1.0 306,2.0 307,1.0 314,2.0 315,2.0 316,4.0 319,2.0 393,1.0 
0,2.0 313,2.0 315,2.0 
6,2.0 12,2.0 22,2.0 
0,2.0 7,4.0 22,2.0 23,2.0 28,2.0 39,2.0 57,2.0 149,1.0 163,2.0 306,2.0 307,2.0 313,2.0 317,2.0 318,2.0 319,2.0 320,2.0 321,2.0 
7,2.0 164,1.0 176,1.0 307,2.0 316,2.0 318,2.0 354,1.0 
7,2.0 163,2.0 287,1.0 306,2.0 313,2.0 316,2.0 384,1.0 
0,7.0 12,4.0 22,2.0 28,2.0 36,1.0 39,2.0 57,2.0 94,1.0 106,1.0 161,2.0 179,1.0 182,3.0 217,1.0 251,4.0 259,2.0 291,7.0 299,9.0 316,2.0 320,3.0 321,2.0 362,2.0 
0,4.0 2,2.0 19,3.0 20,1.0 22,2.0 24,1.0 28,2.0 31,2.0 36,1.0 37,1.0 39,2.0 56,3.0 57,2.0 58,2.0 87,2.0 94,1.0 106,1.0 110,1.0 119,1.0 179,1.0 182,1.0 215,1.0 217,1.0 291,1.0 299,1.0 303,1.0 321,2.0 392,1.0 
0,2.0 2,2.0 22,2.0 28,2.0 31,2.0 39,2.0 57,2.0 87,2.0 320,2.0 
18,2.0 106,2.0 155,1.0 181,2.0 190,2.0 282,2.0 299,2.0 323,2.0 324,2.0 325,2.0 376,1.0 
18,2.0 106,2.0 181,2.0 190,2.0 282,2.0 299,2.0 322,2.0 324,2.0 325,2.0 
12,2.0 18,2.0 20,2.0 37,1.0 56,3.0 58,1.0 106,2.0 112,1.0 117,1.0 119,1.0 160,1.0 161,1.0 190,2.0 251,1.0 282,2.0 291,1.0 299,2.0 303,2.0 320,1.0 325,2.0 326,2.0 
18,2.0 106,2.0 190,2.0 282,2.0 299,2.0 324,2.0 326,2.0 
105,4.0 327,4.0 
70,1.0 72,2.0 105,4.0 247,2.0 291,1.0 301,1.0 328,4.0 329,4.0 331,1.0 
108,4.0 111,4.0 112,4.0 329,4.0 330,4.0 331,4.0 
13,2.0 32,4.0 108,4.0 111,8.0 112,8.0 122,2.0 198,4.0 310,1.0 328,4.0 330,4.0 331,4.0 380,1.0 486,1.0 
0,2.0 14,2.0 30,2.0 108,12.0 111,12.0 112,12.0 117,10.0 119,2.0 195,2.0 299,2.0 319,2.0 330,4.0 331,4.0 332,2.0 333,2.0 334,2.0 336,2.0 350,1.0 
72,1.0 108,8.0 111,8.0 112,8.0 117,4.0 247,1.0 291,1.0 327,1.0 330,8.0 
14,2.0 30,2.0 333,2.0 334,2.0 335,2.0 
14,3.0 19,2.0 21,2.0 30,2.0 37,2.0 282,1.0 287,1.0 332,2.0 334,2.0 335,2.0 
14,5.0 15,3.0 16,2.0 29,1.0 30,2.0 65,2.0 146,1.0 332,2.0 333,2.0 334,1.0 335,2.0 496,2.0 497,1.0 
36,2.0 
337,2.0 493,1.0 
236,2.0 
209,2.0 339,2.0 438,6.0 494,1.0 
239,2.0 
341,2.0 495,1.0 
342,2.0 
343,2.0 
190,2.0 
85,1.0 86,4.0 123,2.0 
13,1.0 40,1.0 70,1.0 71,1.0 72,1.0 73,1.0 125,3.0 159,1.0 161,1.0 171,1.0 172,1.0 178,1.0 185,3.0 193,1.0 277,1.0 287,1.0 363,3.0 386,1.0 392,2.0 429,2.0 
19,4.0 24,4.0 37,4.0 86,1.0 281,1.0 402,1.0 
19,2.0 21,2.0 37,2.0 86,1.0 123,1.0 
19,1.0 21,1.0 37,1.0 77,1.0 117,1.0 157,1.0 255,5.0 256,5.0 258,5.0 270,5.0 275,5.0 276,5.0 301,1.0 348,2.0 349,1.0 350,1.0 351,1.0 352,1.0 
41,1.0 117,1.0 157,1.0 301,1.0 350,1.0 351,2.0 352,1.0 
41,1.0 108,1.0 117,1.0 120,2.0 157,1.0 193,2.0 198,2.0 209,3.0 301,1.0 349,1.0 351,1.0 352,1.0 
41,1.0 117,1.0 157,1.0 301,1.0 330,1.0 349,1.0 350,1.0 352,1.0 
36,2.0 41,1.0 84,1.0 85,7.0 95,4.0 99,1.0 104,1.0 117,1.0 157,1.0 214,8.0 287,1.0 301,1.0 349,1.0 350,1.0 351,1.0 415,1.0 416,1.0 
7,2.0 87,1.0 159,2.0 164,1.0 170,4.0 174,1.0 176,1.0 179,2.0 191,2.0 269,1.0 291,2.0 317,1.0 369,1.0 377,2.0 
21,1.0 56,1.0 59,2.0 91,3.0 100,4.0 109,1.0 127,2.0 129,2.0 155,2.0 159,2.0 161,3.0 170,3.0 174,1.0 178,1.0 179,1.0 182,1.0 188,3.0 189,5.0 190,1.0 215,1.0 251,1.0 255,1.0 271,2.0 293,2.0 303,1.0 353,3.0 369,1.0 464,1.0 
90,1.0 100,1.0 
22,1.0 190,1.0 198,1.0 
22,1.0 95,1.0 218,1.0 
170,1.0 196,1.0 
6,1.0 360,1.0 
6,1.0 359,1.0 
0,1.0 21,1.0 25,1.0 95,1.0 99,2.0 102,1.0 161,1.0 172,2.0 174,2.0 178,1.0 190,1.0 420,1.0 421,1.0 
99,2.0 161,2.0 251,2.0 254,3.0 291,2.0 292,2.0 296,1.0 465,2.0 
19,1.0 24,1.0 99,1.0 125,3.0 185,3.0 345,3.0 
31,2.0 160,1.0 161,1.0 299,1.0 
19,2.0 36,2.0 58,2.0 59,3.0 100,2.0 101,4.0 155,1.0 156,1.0 159,39.0 179,8.0 197,2.0 230,12.0 259,3.0 284,1.0 288,1.0 297,2.0 365,12.0 378,2.0 426,2.0 427,8.0 462,1.0 
131,1.0 177,1.0 298,2.0 
19,2.0 73,2.0 294,2.0 368,2.0 379,2.0 384,4.0 385,2.0 
73,2.0 294,2.0 367,2.0 
19,4.0 37,2.0 39,1.0 56,2.0 58,2.0 59,1.0 60,1.0 91,3.0 99,2.0 155,1.0 172,2.0 174,2.0 177,2.0 178,1.0 179,1.0 200,1.0 215,1.0 296,1.0 299,1.0 303,3.0 370,2.0 371,2.0 
9,2.0 129,1.0 294,5.0 369,2.0 371,2.0 
132,1.0 139,1.0 370,2.0 
171,1.0 172,3.0 373,2.0 374,2.0 378,1.0 
172,2.0 372,2.0 374,2.0 
172,2.0 372,2.0 373,2.0 
294,2.0 370,2.0 
24,4.0 27,6.0 56,2.0 59,2.0 63,1.0 155,5.0 172,1.0 174,1.0 313,1.0 322,1.0 376,5.0 
174,1.0 269,1.0 353,2.0 369,1.0 
58,2.0 100,2.0 159,2.0 171,1.0 172,1.0 365,2.0 372,1.0 
13,1.0 19,2.0 32,4.0 111,2.0 112,2.0 131,2.0 198,4.0 216,2.0 310,2.0 329,2.0 367,2.0 380,2.0 384,4.0 385,2.0 386,2.0 466,2.0 
13,4.0 131,2.0 151,1.0 186,1.0 310,3.0 329,1.0 379,2.0 486,2.0 
189,1.0 371,1.0 382,1.0 383,1.0 
55,1.0 146,1.0 189,1.0 371,1.0 381,1.0 383,1.0 496,1.0 
134,1.0 189,1.0 371,1.0 381,1.0 382,1.0 388,1.0 
10,6.0 19,7.0 21,4.0 51,1.0 155,8.0 171,2.0 287,5.0 303,2.0 310,2.0 316,1.0 318,1.0 367,4.0 379,4.0 384,36.0 385,4.0 386,2.0 392,1.0 
19,2.0 367,2.0 379,2.0 384,4.0 
32,2.0 111,2.0 112,2.0 171,2.0 198,2.0 287,2.0 310,1.0 329,2.0 345,1.0 379,2.0 384,2.0 392,2.0 
149,3.0 394,1.0 
134,1.0 383,1.0 395,1.0 396,1.0 
11,1.0 26,1.0 175,1.0 292,1.0 390,1.0 391,1.0 450,1.0 451,1.0 500,1.0 501,1.0 
389,1.0 391,1.0 
384,1.0 
18,1.0 19,1.0 24,3.0 56,1.0 58,1.0 171,2.0 287,2.0 345,2.0 376,1.0 386,2.0 392,7.0 
136,1.0 140,2.0 149,1.0 
149,1.0 387,1.0 
134,1.0 396,1.0 
134,1.0 395,1.0 
19,1.0 303,2.0 
18,1.0 311,1.0 
19,2.0 24,2.0 36,2.0 
401,2.0 
19,17.0 24,17.0 37,17.0 346,1.0 402,30.0 
19,17.0 24,17.0 37,17.0 346,1.0 401,27.0 403,1.0 405,1.0 
19,1.0 24,1.0 37,1.0 401,1.0 
19,4.0 20,2.0 24,4.0 58,2.0 220,2.0 
19,1.0 21,1.0 37,1.0 347,1.0 
77,1.0 
3,1.0 7,1.0 10,1.0 27,1.0 106,1.0 
217,3.0 
7,1.0 10,1.0 27,1.0 197,1.0 282,2.0 
411,14.0 
132,1.0 410,13.0 
82,1.0 84,1.0 
84,1.0 
214,1.0 
121,1.0 214,1.0 416,1.0 
214,1.0 415,1.0 
95,1.0 99,1.0 104,1.0 105,1.0 109,1.0 110,1.0 112,1.0 115,1.0 116,1.0 118,1.0 121,1.0 190,1.0 200,1.0 350,2.0 
195,2.0 
21,1.0 99,1.0 126,1.0 151,1.0 361,1.0 420,1.0 
21,1.0 95,1.0 99,2.0 102,1.0 190,1.0 361,1.0 421,1.0 
95,1.0 99,1.0 102,1.0 190,1.0 422,1.0 
423,1.0 
424,1.0 
156,1.0 159,1.0 179,1.0 365,1.0 
37,2.0 159,4.0 179,4.0 183,2.0 
24,1.0 91,1.0 159,2.0 365,2.0 
100,2.0 101,2.0 121,1.0 159,4.0 162,1.0 365,4.0 378,2.0 
161,2.0 178,2.0 291,2.0 345,2.0 429,2.0 
159,1.0 161,1.0 172,1.0 178,1.0 277,1.0 345,2.0 
224,1.0 
228,1.0 
11,1.0 26,1.0 27,1.0 99,1.0 100,1.0 112,2.0 123,1.0 155,1.0 190,1.0 202,1.0 204,2.0 210,1.0 224,1.0 303,1.0 433,1.0 436,1.0 477,1.0 478,2.0 479,1.0 
123,3.0 204,2.0 205,1.0 224,1.0 432,1.0 435,3.0 436,1.0 
0,1.0 94,1.0 106,1.0 117,1.0 192,1.0 204,1.0 207,1.0 217,1.0 218,1.0 435,1.0 479,1.0 480,1.0 481,1.0 482,1.0 483,2.0 484,1.0 
0,1.0 94,1.0 106,1.0 123,3.0 204,1.0 205,1.0 217,1.0 218,1.0 433,3.0 434,1.0 436,1.0 479,1.0 480,1.0 481,1.0 482,1.0 483,2.0 484,1.0 
70,1.0 99,1.0 100,1.0 110,1.0 123,1.0 155,1.0 190,1.0 202,1.0 210,1.0 303,1.0 432,1.0 433,1.0 435,1.0 477,1.0 478,2.0 479,1.0 
121,1.0 162,1.0 338,2.0 
13,2.0 119,1.0 209,3.0 224,2.0 
102,1.0 111,1.0 
111,1.0 282,1.0 
111,1.0 217,1.0 
111,1.0 229,1.0 
120,1.0 231,1.0 
124,1.0 180,1.0 
192,1.0 446,1.0 
192,1.0 445,1.0 
224,2.0 
224,2.0 449,2.0 
224,2.0 448,2.0 
292,1.0 389,1.0 451,1.0 
3,1.0 10,1.0 148,1.0 292,1.0 307,1.0 389,1.0 450,1.0 503,1.0 
4,1.0 19,2.0 36,1.0 37,1.0 94,1.0 283,1.0 457,2.0 
2,1.0 38,1.0 175,1.0 278,2.0 
60,1.0 223,1.0 225,1.0 278,1.0 
102,1.0 220,1.0 278,1.0 456,2.0 
91,1.0 102,2.0 220,2.0 280,1.0 455,2.0 
263,1.0 284,1.0 
19,1.0 91,1.0 220,1.0 459,1.0 
263,1.0 
18,1.0 19,1.0 91,1.0 461,1.0 
263,1.0 
19,2.0 21,1.0 36,2.0 59,2.0 91,1.0 98,1.0 463,3.0 
259,1.0 263,1.0 288,1.0 292,1.0 365,1.0 
160,1.0 161,1.0 177,1.0 266,1.0 269,1.0 
160,1.0 172,1.0 182,1.0 296,1.0 
13,3.0 15,1.0 16,1.0 17,1.0 32,4.0 55,1.0 111,1.0 122,1.0 131,1.0 198,4.0 216,3.0 379,1.0 466,1.0 
56,1.0 95,2.0 151,2.0 426,1.0 
2,1.0 20,1.0 38,1.0 98,1.0 
28,1.0 187,1.0 470,1.0 
4,1.0 25,1.0 98,1.0 
187,1.0 472,1.0 473,1.0 474,1.0 475,1.0 
187,1.0 471,1.0 473,1.0 474,1.0 475,1.0 
187,1.0 471,1.0 472,1.0 474,1.0 475,1.0 
187,1.0 471,1.0 472,1.0 473,1.0 475,1.0 
6,1.0 9,1.0 20,1.0 26,1.0 28,1.0 60,1.0 98,1.0 173,1.0 187,1.0 471,1.0 472,1.0 473,1.0 474,1.0 476,1.0 
6,1.0 9,1.0 20,1.0 26,1.0 28,1.0 60,1.0 98,1.0 173,1.0 475,1.0 
99,1.0 100,1.0 155,1.0 190,1.0 202,1.0 210,1.0 303,1.0 432,1.0 436,1.0 478,2.0 479,1.0 
99,2.0 100,2.0 155,2.0 190,2.0 202,1.0 210,1.0 303,2.0 432,1.0 434,1.0 435,1.0 436,1.0 477,1.0 478,1.0 479,3.0 480,1.0 481,1.0 482,1.0 483,1.0 
0,1.0 94,1.0 99,1.0 100,1.0 106,1.0 155,1.0 190,1.0 217,1.0 218,1.0 303,1.0 434,2.0 435,2.0 478,1.0 479,1.0 480,2.0 481,2.0 482,2.0 483,3.0 484,1.0 
0,1.0 94,1.0 106,1.0 217,1.0 218,1.0 434,1.0 435,1.0 479,1.0 481,1.0 482,1.0 483,2.0 484,1.0 
0,1.0 94,1.0 106,1.0 217,1.0 218,1.0 434,1.0 435,1.0 479,1.0 480,1.0 482,1.0 483,2.0 484,1.0 
0,1.0 94,1.0 106,1.0 217,1.0 218,1.0 434,1.0 435,1.0 479,1.0 480,1.0 481,1.0 483,2.0 484,1.0 
0,2.0 94,2.0 106,2.0 217,2.0 218,2.0 434,1.0 435,1.0 467,1.0 479,1.0 480,1.0 481,1.0 482,1.0 483,1.0 484,2.0 
0,1.0 94,1.0 106,1.0 217,1.0 218,1.0 467,1.0 483,1.0 
113,2.0 209,2.0 215,2.0 224,2.0 310,2.0 486,2.0 
13,4.0 111,2.0 113,4.0 151,1.0 186,1.0 209,4.0 215,4.0 224,4.0 310,1.0 329,1.0 380,2.0 
30,1.0 34,1.0 488,1.0 489,1.0 
30,1.0 34,1.0 487,1.0 489,1.0 
56,1.0 
3,1.0 8,1.0 193,1.0 345,1.0 
492,1.0 
336,1.0 
213,1.0 
240,1.0 
106,1.0 
14,1.0 15,1.0 16,1.0 26,1.0 65,1.0 146,2.0 307,1.0 334,1.0 497,1.0 501,1.0 502,1.0 
26,1.0 146,1.0 225,1.0 498,1.0 499,1.0 
26,1.0 225,1.0 389,1.0 499,1.0 500,1.0 501,1.0 
26,1.0 225,1.0 389,1.0 498,1.0 500,1.0 501,1.0 
11,1.0 26,1.0 175,1.0 389,1.0 501,1.0 
11,1.0 26,2.0 148,1.0 175,1.0 307,1.0 389,1.0 451,1.0 500,1.0 502,1.0 503,1.0 
26,1.0 148,1.0 307,1.0 451,1.0 501,1.0 503,1.0 
3,1.0 10,1.0 148,1.0 307,1.0 451,1.0 
9,1.0 20,1.0 98,1.0 
6,1.0 195,1.0 
7,1.0 187,1.0 
46,1.0 508,1.0 509,1.0 
46,1.0 507,1.0 509,1.0 
46,1.0 507,1.0 508,1.0 
8,1.0 23,1.0 27,1.0 45,1.0 46,1.0 175,1.0 187,1.0 313,1.0 511,1.0 512,1.0 513,1.0 
8,1.0 23,1.0 27,1.0 45,1.0 46,1.0 175,1.0 187,1.0 313,1.0 510,1.0 512,1.0 513,1.0 
8,1.0 23,1.0 27,1.0 45,1.0 46,1.0 175,1.0 187,1.0 313,1.0 510,1.0 511,1.0 513,1.0 
8,1.0 23,1.0 27,1.0 45,1.0 46,1.0 175,1.0 187,1.0 313,1.0 510,1.0 511,1.0 512,1.0 
1,1.0 5,1.0 187,1.0 306,1.0 515,1.0 516,1.0 517,1.0 518,1.0 519,1.0 
516,1.0 517,1.0 518,1.0 519,1.0 
515,1.0 517,1.0 518,1.0 519,1.0 
515,1.0 516,1.0 518,1.0 519,1.0 
515,1.0 516,1.0 517,1.0 519,1.0 
515,1.0 516,1.0 517,1.0 518,1.0 
