1,11.0 2,9.0 3,10.0 4,9.0 5,9.0 33,1.0 49,4.0 99,3.0 105,3.0 149,1.0 153,2.0 229,2.0 230,2.0 231,2.0 276,2.0 277,3.0 
0,11.0 2,9.0 3,7.0 4,9.0 5,9.0 49,4.0 99,3.0 105,3.0 229,2.0 230,2.0 231,2.0 
0,9.0 1,9.0 3,7.0 4,9.0 5,9.0 17,1.0 21,2.0 49,2.0 90,2.0 91,9.0 93,1.0 94,9.0 95,2.0 98,7.0 99,10.0 100,9.0 101,2.0 102,2.0 103,2.0 104,2.0 105,3.0 369,1.0 
0,10.0 1,7.0 2,7.0 4,7.0 5,7.0 33,1.0 99,3.0 105,3.0 149,1.0 153,2.0 276,2.0 277,3.0 
5,11.0 6,10.0 7,8.0 8,10.0 9,6.0 18,1.0 20,2.0 45,1.0 50,2.0 55,1.0 62,1.0 64,1.0 82,1.0 99,4.0 105,3.0 125,1.0 126,1.0 175,1.0 230,1.0 242,2.0 253,1.0 275,1.0 370,1.0 
4,11.0 6,9.0 7,8.0 8,9.0 9,6.0 18,1.0 20,2.0 50,2.0 62,1.0 99,4.0 105,3.0 175,1.0 242,1.0 275,1.0 370,1.0 
6,56.0 7,68.0 8,110.0 9,42.0 10,8.0 18,60.0 19,36.0 20,53.0 21,35.0 22,6.0 23,7.0 34,1.0 35,2.0 41,7.0 43,2.0 44,6.0 45,8.0 46,1.0 48,2.0 50,14.0 54,14.0 55,16.0 56,14.0 57,15.0 58,14.0 59,2.0 60,2.0 83,3.0 88,2.0 95,2.0 97,5.0 102,1.0 103,2.0 111,13.0 112,2.0 120,3.0 125,8.0 126,8.0 127,4.0 154,2.0 173,5.0 174,2.0 175,9.0 186,1.0 187,1.0 188,10.0 189,12.0 224,8.0 226,4.0 232,1.0 238,1.0 242,12.0 279,2.0 321,1.0 349,2.0 366,1.0 367,1.0 
0,1.0 1,1.0 6,64.0 7,41.0 8,56.0 9,42.0 10,8.0 18,9.0 19,2.0 22,2.0 41,12.0 43,10.0 44,2.0 45,6.0 46,9.0 48,4.0 49,1.0 50,14.0 55,2.0 57,1.0 59,6.0 83,25.0 85,21.0 88,4.0 95,13.0 96,24.0 97,46.0 102,2.0 103,4.0 104,1.0 111,42.0 112,21.0 113,3.0 127,4.0 155,1.0 163,2.0 173,3.0 174,2.0 176,2.0 181,5.0 186,2.0 220,2.0 224,3.0 226,5.0 229,1.0 238,3.0 242,2.0 250,1.0 262,1.0 279,2.0 343,1.0 349,1.0 366,1.0 367,2.0 
6,100.0 7,57.0 8,44.0 9,43.0 10,8.0 18,35.0 19,36.0 20,42.0 21,35.0 22,5.0 23,5.0 29,1.0 34,1.0 35,2.0 37,1.0 42,1.0 45,1.0 50,14.0 55,3.0 57,1.0 66,1.0 87,1.0 94,1.0 97,3.0 103,1.0 120,2.0 125,9.0 126,13.0 145,1.0 175,5.0 176,1.0 187,1.0 189,8.0 198,4.0 200,4.0 232,1.0 233,1.0 234,1.0 238,1.0 242,4.0 251,2.0 252,1.0 279,2.0 346,1.0 349,1.0 
6,42.0 7,42.0 8,42.0 9,18.0 10,6.0 20,1.0 91,1.0 94,1.0 97,1.0 100,1.0 242,1.0 279,1.0 
6,1.0 11,6.0 13,3.0 22,1.0 24,4.0 25,1.0 33,2.0 39,1.0 45,2.0 48,6.0 51,2.0 52,2.0 83,4.0 85,2.0 109,2.0 111,2.0 113,2.0 114,6.0 115,3.0 116,6.0 117,3.0 118,3.0 119,3.0 127,4.0 130,2.0 132,2.0 160,1.0 173,1.0 174,1.0 187,4.0 234,2.0 237,1.0 240,2.0 242,1.0 254,1.0 257,1.0 259,1.0 263,1.0 281,2.0 355,1.0 358,1.0 359,1.0 360,1.0 
12,6.0 13,6.0 14,6.0 15,6.0 16,6.0 17,6.0 
6,5.0 7,1.0 8,5.0 13,6.0 14,8.0 15,14.0 16,8.0 17,8.0 18,5.0 19,5.0 20,5.0 21,5.0 26,4.0 38,4.0 39,2.0 40,6.0 41,6.0 43,8.0 44,1.0 45,2.0 46,3.0 52,2.0 59,1.0 95,1.0 97,1.0 106,1.0 111,1.0 154,2.0 155,1.0 157,6.0 158,6.0 173,3.0 175,1.0 176,1.0 213,1.0 221,2.0 226,2.0 293,1.0 343,1.0 344,2.0 345,1.0 
6,3.0 8,3.0 12,9.0 14,9.0 15,18.0 16,6.0 17,9.0 18,3.0 19,3.0 20,3.0 21,3.0 26,3.0 27,3.0 28,6.0 37,4.0 38,3.0 42,3.0 43,5.0 44,7.0 115,3.0 116,4.0 117,3.0 118,3.0 119,3.0 120,6.0 224,4.0 225,4.0 283,1.0 
6,7.0 8,5.0 12,8.0 13,9.0 15,8.0 16,8.0 17,13.0 18,5.0 19,5.0 20,5.0 21,5.0 26,5.0 27,5.0 28,3.0 38,3.0 52,4.0 53,2.0 54,2.0 55,2.0 56,2.0 57,2.0 58,2.0 
6,5.0 8,5.0 12,8.0 13,18.0 14,8.0 16,8.0 17,8.0 18,5.0 19,5.0 20,5.0 21,5.0 29,3.0 33,1.0 37,6.0 38,3.0 42,1.0 43,6.0 44,4.0 45,2.0 46,2.0 47,2.0 48,4.0 52,2.0 69,3.0 106,2.0 120,6.0 123,3.0 151,2.0 173,1.0 174,1.0 224,4.0 225,4.0 346,1.0 348,1.0 
6,5.0 8,5.0 12,8.0 13,6.0 14,8.0 15,8.0 17,8.0 18,5.0 19,5.0 20,5.0 21,5.0 38,3.0 52,2.0 
6,7.0 8,5.0 12,11.0 13,6.0 14,10.0 15,8.0 16,8.0 18,5.0 19,5.0 20,5.0 21,5.0 26,2.0 27,5.0 28,3.0 38,3.0 52,4.0 53,2.0 54,2.0 55,2.0 56,2.0 57,2.0 58,2.0 62,1.0 275,1.0 369,1.0 370,1.0 
0,1.0 1,1.0 2,1.0 3,1.0 6,60.0 7,12.0 8,35.0 18,21.0 19,35.0 20,49.0 21,35.0 22,6.0 23,5.0 30,1.0 32,1.0 35,2.0 41,8.0 43,2.0 44,4.0 45,1.0 46,1.0 48,2.0 83,3.0 88,2.0 95,2.0 97,13.0 102,1.0 103,2.0 111,3.0 120,3.0 126,1.0 154,1.0 155,1.0 174,1.0 175,5.0 186,1.0 220,1.0 224,4.0 226,3.0 242,9.0 279,2.0 343,1.0 349,1.0 366,1.0 367,1.0 
0,1.0 1,1.0 6,35.0 7,1.0 8,35.0 18,35.0 19,19.0 20,35.0 21,35.0 22,5.0 23,6.0 45,3.0 49,1.0 54,1.0 55,8.0 56,1.0 57,16.0 60,1.0 75,1.0 95,1.0 96,1.0 97,1.0 104,1.0 111,1.0 127,4.0 146,3.0 175,3.0 214,5.0 215,1.0 217,1.0 220,4.0 229,1.0 235,1.0 236,1.0 238,9.0 331,2.0 333,1.0 335,2.0 
6,53.0 8,41.0 9,1.0 18,49.0 19,35.0 20,21.0 21,35.0 22,6.0 23,5.0 34,1.0 35,2.0 41,2.0 44,1.0 45,3.0 46,1.0 48,2.0 83,1.0 91,1.0 94,1.0 97,1.0 100,1.0 120,3.0 126,1.0 154,1.0 155,1.0 175,5.0 176,1.0 186,1.0 189,1.0 220,1.0 224,4.0 226,1.0 242,8.0 279,1.0 346,1.0 349,1.0 
2,4.0 6,35.0 8,35.0 18,35.0 19,35.0 20,35.0 21,33.0 22,5.0 23,5.0 29,6.0 31,2.0 33,4.0 37,12.0 38,4.0 47,14.0 48,4.0 88,2.0 90,28.0 91,8.0 92,4.0 93,4.0 94,8.0 95,4.0 96,2.0 97,2.0 100,4.0 101,4.0 102,2.0 103,3.0 104,2.0 120,2.0 164,3.0 206,10.0 242,1.0 251,1.0 279,1.0 331,1.0 333,3.0 336,1.0 337,1.0 339,3.0 
6,2.0 7,3.0 10,3.0 12,1.0 23,5.0 24,8.0 25,5.0 26,2.0 39,1.0 40,1.0 41,2.0 44,2.0 45,2.0 59,9.0 72,1.0 76,2.0 97,3.0 115,1.0 142,1.0 161,1.0 175,2.0 177,3.0 186,3.0 187,7.0 213,1.0 221,2.0 222,1.0 224,1.0 234,2.0 239,3.0 242,2.0 259,2.0 
22,5.0 24,5.0 25,5.0 43,2.0 52,1.0 59,2.0 60,2.0 61,2.0 116,3.0 132,2.0 133,2.0 143,1.0 220,1.0 236,6.0 237,1.0 255,1.0 
7,1.0 10,4.0 12,1.0 13,3.0 14,5.0 17,2.0 18,1.0 25,5.0 26,5.0 27,2.0 39,1.0 40,1.0 52,2.0 53,2.0 160,1.0 187,6.0 221,1.0 224,1.0 234,3.0 254,1.0 259,1.0 355,1.0 358,1.0 359,1.0 360,1.0 
10,1.0 13,3.0 14,5.0 17,2.0 24,5.0 26,5.0 27,2.0 37,2.0 43,2.0 48,2.0 52,2.0 53,2.0 114,1.0 173,1.0 174,1.0 320,2.0 
6,2.0 12,4.0 13,3.0 14,5.0 17,5.0 27,8.0 28,3.0 36,5.0 37,2.0 38,1.0 41,1.0 43,2.0 45,4.0 46,1.0 48,4.0 52,2.0 53,2.0 54,2.0 55,2.0 56,2.0 57,2.0 58,2.0 79,1.0 106,1.0 115,1.0 120,2.0 121,1.0 128,1.0 132,5.0 142,1.0 143,3.0 161,1.0 174,2.0 175,1.0 176,1.0 213,1.0 221,1.0 222,1.0 226,1.0 246,1.0 319,2.0 344,1.0 
6,2.0 7,3.0 12,3.0 14,2.0 17,5.0 26,2.0 28,3.0 37,2.0 43,2.0 48,4.0 52,2.0 53,2.0 54,2.0 55,2.0 56,2.0 57,2.0 58,2.0 85,3.0 96,3.0 97,3.0 111,3.0 112,3.0 214,2.0 220,2.0 
12,3.0 17,3.0 26,3.0 27,3.0 
0,3.0 1,3.0 2,3.0 3,1.0 8,1.0 21,4.0 30,42.0 31,6.0 33,2.0 37,4.0 40,1.0 44,2.0 49,2.0 65,6.0 66,6.0 73,2.0 76,12.0 109,1.0 110,1.0 118,1.0 120,2.0 126,1.0 142,2.0 146,3.0 151,1.0 206,6.0 221,2.0 233,1.0 234,1.0 273,1.0 303,1.0 306,1.0 307,1.0 308,1.0 
12,1.0 26,1.0 31,3.0 32,2.0 33,11.0 36,2.0 37,19.0 38,1.0 39,3.0 40,3.0 43,2.0 61,4.0 66,2.0 67,2.0 71,2.0 76,40.0 88,1.0 95,1.0 145,2.0 146,3.0 188,1.0 
12,1.0 21,4.0 29,5.0 31,9.0 32,14.0 33,7.0 37,3.0 38,21.0 40,1.0 45,5.0 48,4.0 54,1.0 56,1.0 61,21.0 72,5.0 110,1.0 111,1.0 115,4.0 118,1.0 128,3.0 132,4.0 142,1.0 144,21.0 147,6.0 151,5.0 155,3.0 163,4.0 164,4.0 187,1.0 206,4.0 221,1.0 303,2.0 304,1.0 305,2.0 309,1.0 310,1.0 
12,1.0 26,1.0 29,3.0 30,1.0 33,3.0 34,2.0 35,1.0 38,1.0 42,3.0 47,2.0 52,3.0 88,1.0 103,1.0 161,4.0 162,10.0 184,1.0 259,4.0 
6,1.0 10,2.0 18,1.0 20,1.0 21,2.0 25,2.0 29,3.0 30,4.0 31,8.0 33,2.0 34,33.0 37,12.0 40,2.0 42,10.0 44,6.0 45,4.0 47,2.0 48,6.0 56,2.0 61,1.0 65,6.0 69,1.0 76,2.0 88,4.0 91,1.0 95,4.0 100,1.0 108,6.0 115,4.0 120,3.0 130,4.0 132,4.0 149,42.0 151,4.0 152,2.0 158,2.0 178,2.0 183,1.0 187,2.0 206,2.0 213,2.0 269,1.0 303,1.0 306,1.0 307,1.0 308,1.0 328,2.0 333,1.0 
31,6.0 32,10.0 33,6.0 35,3.0 42,3.0 47,10.0 66,3.0 67,3.0 88,1.0 104,1.0 106,1.0 108,1.0 145,5.0 148,2.0 149,13.0 161,4.0 167,1.0 188,1.0 221,1.0 290,1.0 291,1.0 347,1.0 
6,2.0 8,1.0 18,2.0 20,2.0 36,23.0 37,8.0 44,1.0 61,1.0 65,2.0 69,2.0 73,6.0 75,1.0 76,1.0 120,3.0 126,1.0 146,2.0 151,1.0 243,4.0 271,2.0 
26,5.0 29,4.0 30,2.0 31,1.0 37,3.0 38,4.0 44,3.0 61,7.0 65,4.0 66,3.0 67,18.0 71,2.0 72,2.0 73,29.0 74,2.0 76,2.0 78,6.0 79,6.0 106,1.0 132,5.0 143,3.0 150,1.0 151,2.0 
8,1.0 10,4.0 13,4.0 15,6.0 21,14.0 22,2.0 25,2.0 27,2.0 29,13.0 31,1.0 33,14.0 37,3.0 38,36.0 40,4.0 43,5.0 44,6.0 47,10.0 48,20.0 61,2.0 62,2.0 63,2.0 64,2.0 65,2.0 67,2.0 69,3.0 72,15.0 74,1.0 75,9.0 83,1.0 103,1.0 110,2.0 113,3.0 114,2.0 116,1.0 118,1.0 120,11.0 126,1.0 129,1.0 142,1.0 151,6.0 158,2.0 174,4.0 175,2.0 185,2.0 206,4.0 213,2.0 221,1.0 259,2.0 279,1.0 303,1.0 305,1.0 309,1.0 310,1.0 317,1.0 320,2.0 
12,1.0 21,6.0 26,1.0 29,10.0 30,2.0 31,24.0 35,6.0 36,16.0 38,9.0 46,3.0 47,14.0 48,4.0 61,21.0 66,7.0 67,10.0 68,2.0 69,1.0 70,2.0 72,73.0 75,2.0 76,2.0 77,6.0 78,6.0 88,1.0 106,12.0 115,6.0 120,6.0 128,3.0 132,6.0 144,21.0 155,3.0 162,1.0 184,1.0 279,1.0 
7,1.0 12,2.0 40,6.0 41,4.0 44,1.0 45,8.0 59,2.0 95,1.0 97,1.0 109,2.0 111,1.0 121,1.0 132,3.0 137,1.0 155,1.0 173,2.0 174,5.0 175,3.0 176,1.0 216,1.0 221,2.0 222,2.0 239,1.0 262,1.0 263,1.0 281,2.0 
4,1.0 5,1.0 7,1.0 12,6.0 31,1.0 33,3.0 37,8.0 39,6.0 40,1.0 41,5.0 43,6.0 44,10.0 45,4.0 46,2.0 48,5.0 59,2.0 61,2.0 62,1.0 69,12.0 95,1.0 97,1.0 99,1.0 110,3.0 111,1.0 116,3.0 118,3.0 120,4.0 121,2.0 132,2.0 137,1.0 155,1.0 158,12.0 173,1.0 213,2.0 215,1.0 218,1.0 221,2.0 224,4.0 225,4.0 226,1.0 239,1.0 263,2.0 275,1.0 281,2.0 314,2.0 343,1.0 344,1.0 345,1.0 364,2.0 370,1.0 
0,1.0 1,1.0 2,1.0 3,1.0 6,5.0 7,8.0 10,1.0 12,6.0 13,5.0 15,4.0 18,9.0 19,1.0 22,2.0 26,1.0 31,2.0 37,1.0 39,1.0 40,2.0 42,6.0 43,34.0 44,9.0 45,9.0 46,7.0 54,1.0 56,1.0 59,1.0 83,4.0 97,4.0 109,1.0 110,2.0 111,2.0 116,4.0 118,2.0 130,2.0 144,2.0 146,1.0 153,1.0 154,7.0 175,5.0 186,1.0 187,2.0 195,2.0 196,2.0 206,2.0 213,1.0 214,2.0 234,1.0 283,1.0 293,1.0 316,2.0 
0,1.0 3,1.0 8,2.0 15,3.0 31,5.0 33,6.0 34,6.0 35,1.0 38,1.0 41,2.0 43,6.0 47,8.0 48,3.0 61,6.0 65,4.0 67,5.0 69,2.0 107,3.0 108,54.0 115,8.0 126,2.0 132,8.0 137,6.0 142,3.0 144,3.0 161,2.0 259,2.0 277,1.0 303,1.0 304,1.0 305,1.0 
6,4.0 7,6.0 12,6.0 13,5.0 15,6.0 18,1.0 20,1.0 26,3.0 27,2.0 31,1.0 33,16.0 37,6.0 40,5.0 41,18.0 43,2.0 44,33.0 45,10.0 46,3.0 48,16.0 56,3.0 61,1.0 69,1.0 83,7.0 110,2.0 111,2.0 113,5.0 114,1.0 115,2.0 116,2.0 118,2.0 120,4.0 126,1.0 127,4.0 130,4.0 131,1.0 144,3.0 146,1.0 150,1.0 173,4.0 185,1.0 186,1.0 189,4.0 206,2.0 213,2.0 220,2.0 223,2.0 260,2.0 283,1.0 284,3.0 314,2.0 316,2.0 318,1.0 325,1.0 
6,4.0 7,4.0 10,2.0 12,1.0 13,2.0 18,4.0 20,1.0 22,3.0 23,1.0 24,1.0 31,6.0 37,6.0 40,10.0 41,12.0 42,20.0 43,11.0 44,1.0 45,3.0 46,2.0 48,31.0 54,1.0 59,1.0 61,5.0 65,2.0 69,5.0 75,8.0 78,3.0 83,5.0 97,4.0 108,6.0 110,3.0 115,2.0 116,2.0 118,2.0 120,6.0 127,8.0 146,1.0 153,7.0 158,4.0 178,2.0 187,4.0 189,5.0 206,6.0 223,2.0 224,2.0 236,1.0 284,3.0 314,2.0 315,2.0 316,2.0 318,1.0 
0,3.0 1,3.0 2,2.0 3,2.0 6,7.0 7,6.0 10,1.0 12,1.0 15,3.0 19,1.0 20,3.0 22,3.0 24,1.0 25,1.0 26,4.0 37,6.0 38,3.0 39,8.0 40,3.0 41,6.0 43,12.0 44,4.0 45,3.0 46,19.0 48,4.0 49,1.0 52,1.0 56,1.0 57,1.0 59,4.0 69,1.0 83,5.0 88,4.0 95,4.0 96,2.0 109,1.0 110,1.0 111,8.0 113,1.0 114,1.0 115,4.0 116,1.0 118,1.0 120,2.0 128,2.0 129,1.0 132,6.0 154,12.0 155,1.0 158,1.0 167,1.0 173,11.0 174,11.0 175,8.0 176,3.0 184,4.0 185,1.0 213,2.0 214,14.0 216,7.0 219,4.0 220,2.0 221,1.0 222,3.0 224,3.0 226,2.0 229,1.0 234,1.0 317,1.0 347,1.0 
6,2.0 7,8.0 12,1.0 18,2.0 19,2.0 20,1.0 29,3.0 30,3.0 41,20.0 43,3.0 45,4.0 46,1.0 47,3.0 56,1.0 81,1.0 83,5.0 96,2.0 110,1.0 111,2.0 113,1.0 116,1.0 118,1.0 124,2.0 127,2.0 129,1.0 146,4.0 154,3.0 173,2.0 174,1.0 175,3.0 177,1.0 187,1.0 189,1.0 221,1.0 222,1.0 233,1.0 260,1.0 266,1.0 267,1.0 268,1.0 
10,2.0 15,3.0 21,12.0 25,2.0 33,6.0 35,3.0 37,10.0 38,4.0 41,3.0 42,13.0 43,4.0 47,2.0 67,1.0 69,1.0 98,2.0 106,4.0 115,10.0 132,10.0 145,2.0 147,28.0 149,5.0 150,12.0 161,2.0 
6,1.0 7,7.0 10,4.0 12,1.0 15,4.0 18,1.0 20,1.0 21,2.0 26,6.0 27,4.0 29,3.0 33,8.0 37,22.0 40,12.0 43,22.0 44,17.0 45,8.0 46,4.0 47,7.0 48,2.0 54,4.0 56,8.0 61,5.0 69,8.0 83,6.0 111,4.0 113,3.0 120,26.0 127,8.0 130,4.0 131,2.0 138,2.0 144,3.0 147,3.0 149,1.0 152,1.0 158,8.0 167,1.0 189,4.0 206,4.0 271,2.0 292,1.0 315,4.0 319,2.0 325,1.0 347,1.0 
0,4.0 1,4.0 2,2.0 4,2.0 5,2.0 19,1.0 57,1.0 87,1.0 94,2.0 108,2.0 124,1.0 135,1.0 146,1.0 229,2.0 230,2.0 231,2.0 252,2.0 
6,14.0 7,14.0 8,14.0 10,2.0 50,11.0 55,12.0 57,12.0 216,2.0 250,12.0 262,2.0 
12,2.0 14,2.0 15,2.0 16,2.0 17,2.0 33,1.0 52,2.0 68,1.0 
6,4.0 8,2.0 12,2.0 14,4.0 15,2.0 16,2.0 17,4.0 18,2.0 19,2.0 20,2.0 21,2.0 26,2.0 27,2.0 45,1.0 46,1.0 53,5.0 54,2.0 55,2.0 56,2.0 57,2.0 58,2.0 104,2.0 116,4.0 125,2.0 132,2.0 133,6.0 186,1.0 232,1.0 237,2.0 241,2.0 242,2.0 243,1.0 244,1.0 257,1.0 258,1.0 
6,2.0 14,2.0 17,2.0 26,2.0 27,2.0 52,2.0 54,2.0 55,4.0 56,2.0 57,2.0 58,2.0 73,1.0 109,3.0 132,2.0 134,2.0 138,1.0 139,1.0 142,2.0 242,2.0 249,1.0 250,2.0 
6,14.0 19,1.0 23,2.0 43,1.0 44,1.0 48,3.0 54,13.0 55,28.0 56,24.0 57,14.0 58,14.0 59,3.0 60,2.0 61,2.0 84,2.0 88,14.0 89,2.0 111,5.0 127,4.0 144,2.0 146,1.0 214,1.0 220,1.0 288,1.0 323,1.0 
0,1.0 1,1.0 6,15.0 7,3.0 8,3.0 19,10.0 23,2.0 49,1.0 50,12.0 54,28.0 55,28.0 56,28.0 57,35.0 58,14.0 59,2.0 60,3.0 72,1.0 73,1.0 74,1.0 83,14.0 84,4.0 87,1.0 88,14.0 89,2.0 94,1.0 95,1.0 96,1.0 97,3.0 103,1.0 104,1.0 108,1.0 111,1.0 125,4.0 126,1.0 138,1.0 139,1.0 216,2.0 229,1.0 235,1.0 238,11.0 242,6.0 250,15.0 251,2.0 252,1.0 262,2.0 
6,14.0 19,1.0 23,2.0 37,2.0 43,2.0 44,2.0 45,1.0 46,1.0 48,5.0 54,20.0 55,28.0 56,14.0 57,14.0 58,14.0 59,2.0 60,2.0 61,3.0 83,15.0 84,2.0 111,5.0 120,4.0 127,4.0 144,2.0 146,2.0 151,3.0 154,2.0 185,1.0 189,4.0 192,2.0 214,1.0 220,1.0 260,5.0 261,1.0 262,1.0 
0,1.0 1,1.0 6,14.0 7,1.0 19,16.0 23,3.0 45,1.0 49,1.0 50,12.0 54,14.0 55,34.0 56,14.0 57,15.0 58,14.0 59,2.0 60,3.0 97,1.0 146,1.0 175,1.0 214,2.0 215,1.0 216,2.0 217,1.0 220,1.0 229,1.0 235,1.0 236,1.0 238,8.0 250,12.0 262,2.0 331,2.0 333,1.0 335,2.0 
6,14.0 23,2.0 54,14.0 55,14.0 56,14.0 57,14.0 58,9.0 59,2.0 60,2.0 186,1.0 216,1.0 242,7.0 278,7.0 279,7.0 280,1.0 295,1.0 315,7.0 349,7.0 
7,1.0 10,10.0 22,10.0 23,2.0 24,2.0 26,2.0 41,1.0 45,2.0 60,2.0 61,2.0 72,1.0 76,2.0 97,1.0 113,5.0 114,3.0 115,1.0 142,1.0 155,2.0 156,6.0 161,1.0 175,3.0 177,3.0 186,2.0 187,2.0 213,1.0 221,1.0 222,1.0 224,1.0 234,2.0 239,4.0 240,1.0 259,2.0 262,1.0 
23,4.0 39,1.0 40,1.0 59,2.0 61,2.0 121,1.0 137,1.0 175,1.0 187,2.0 235,2.0 236,2.0 
31,21.0 35,11.0 38,21.0 43,2.0 48,2.0 54,2.0 56,3.0 61,9.0 65,2.0 67,20.0 69,2.0 74,11.0 111,2.0 120,1.0 128,3.0 144,23.0 155,3.0 167,2.0 185,2.0 227,2.0 243,2.0 260,1.0 
4,1.0 5,1.0 6,3.0 7,4.0 18,3.0 29,2.0 50,1.0 55,2.0 57,1.0 63,3.0 64,2.0 65,2.0 97,3.0 99,5.0 103,2.0 238,1.0 242,2.0 250,2.0 265,1.0 275,5.0 279,2.0 349,1.0 353,1.0 366,1.0 370,2.0 
7,1.0 29,2.0 35,1.0 55,1.0 62,3.0 64,2.0 65,2.0 82,1.0 97,1.0 103,1.0 238,1.0 250,1.0 265,1.0 266,1.0 
4,1.0 6,1.0 8,1.0 29,2.0 55,3.0 56,3.0 62,2.0 63,2.0 65,2.0 80,3.0 81,2.0 82,2.0 83,3.0 85,1.0 88,1.0 125,1.0 126,1.0 151,1.0 242,1.0 253,2.0 260,1.0 
29,4.0 33,4.0 35,2.0 36,4.0 37,2.0 38,4.0 42,6.0 44,2.0 61,2.0 65,2.0 66,4.0 67,4.0 112,6.0 163,2.0 166,2.0 202,4.0 205,4.0 206,2.0 243,2.0 
8,1.0 29,1.0 33,2.0 46,3.0 51,1.0 65,4.0 68,1.0 70,41.0 75,3.0 126,1.0 144,3.0 145,2.0 152,1.0 273,1.0 
30,2.0 35,5.0 36,17.0 37,3.0 38,4.0 44,12.0 47,2.0 65,4.0 68,4.0 70,2.0 71,2.0 72,2.0 73,2.0 74,41.0 76,2.0 78,6.0 79,9.0 146,2.0 227,1.0 
33,1.0 36,2.0 38,2.0 51,1.0 61,2.0 
15,3.0 33,1.0 35,2.0 37,6.0 40,12.0 42,2.0 43,4.0 44,5.0 45,1.0 47,1.0 48,4.0 67,1.0 106,1.0 120,7.0 158,12.0 173,2.0 174,1.0 224,4.0 225,4.0 318,2.0 346,1.0 348,1.0 
29,11.0 30,2.0 34,4.0 36,2.0 37,9.0 38,2.0 42,12.0 46,3.0 47,2.0 67,9.0 75,58.0 144,3.0 145,2.0 174,2.0 331,2.0 
72,2.0 
22,2.0 30,21.0 33,14.0 35,3.0 36,2.0 37,1.0 38,2.0 42,1.0 59,2.0 66,8.0 67,2.0 70,41.0 73,5.0 75,4.0 76,3.0 77,10.0 106,3.0 107,3.0 128,2.0 151,1.0 152,3.0 177,4.0 219,2.0 239,2.0 259,1.0 284,1.0 292,2.0 
29,3.0 30,2.0 31,2.0 32,1.0 33,1.0 36,2.0 38,1.0 42,13.0 44,3.0 47,4.0 55,2.0 61,3.0 67,5.0 70,1.0 72,2.0 74,6.0 78,10.0 87,1.0 94,1.0 108,2.0 125,1.0 151,1.0 186,1.0 216,1.0 242,2.0 250,1.0 252,1.0 280,1.0 
30,2.0 33,6.0 36,8.0 38,11.0 42,12.0 44,3.0 49,2.0 73,1.0 75,2.0 79,4.0 87,1.0 94,2.0 106,1.0 147,2.0 151,3.0 155,1.0 162,3.0 202,4.0 252,2.0 286,1.0 289,1.0 
29,5.0 30,6.0 34,10.0 36,3.0 37,1.0 38,32.0 42,3.0 44,3.0 47,2.0 48,1.0 66,2.0 67,2.0 70,4.0 74,2.0 76,4.0 108,1.0 146,1.0 147,2.0 151,3.0 154,6.0 228,8.0 
10,1.0 22,2.0 24,1.0 31,1.0 32,2.0 33,9.0 34,2.0 36,2.0 37,3.0 38,18.0 42,1.0 47,2.0 59,2.0 67,2.0 70,6.0 72,5.0 120,1.0 145,2.0 148,8.0 150,1.0 177,2.0 187,1.0 239,2.0 259,3.0 
36,6.0 38,6.0 67,6.0 75,8.0 78,9.0 186,3.0 219,3.0 245,3.0 286,3.0 295,3.0 
2,3.0 36,6.0 44,6.0 67,6.0 72,1.0 73,1.0 77,3.0 78,2.0 79,6.0 91,3.0 94,3.0 100,3.0 104,1.0 108,9.0 125,1.0 137,1.0 142,1.0 153,2.0 186,3.0 219,3.0 241,1.0 242,1.0 245,3.0 286,3.0 295,3.0 296,1.0 297,1.0 298,1.0 
33,3.0 38,4.0 44,1.0 70,2.0 72,2.0 77,4.0 79,2.0 80,2.0 104,1.0 125,1.0 143,1.0 150,2.0 153,3.0 155,3.0 160,1.0 241,1.0 242,1.0 245,3.0 246,3.0 261,3.0 281,1.0 284,1.0 290,1.0 299,3.0 300,1.0 301,1.0 302,1.0 
54,2.0 55,4.0 56,2.0 64,4.0 80,15.0 81,8.0 82,4.0 83,9.0 85,21.0 86,4.0 87,4.0 88,9.0 186,1.0 219,1.0 
2,1.0 54,2.0 55,4.0 56,2.0 64,2.0 80,4.0 82,2.0 83,2.0 85,2.0 86,2.0 87,2.0 88,2.0 91,1.0 92,1.0 93,1.0 94,1.0 98,1.0 99,1.0 100,1.0 105,1.0 152,1.0 153,1.0 266,1.0 267,2.0 268,1.0 275,2.0 368,1.0 
4,1.0 35,1.0 45,1.0 55,2.0 56,2.0 63,1.0 64,2.0 80,2.0 81,2.0 83,2.0 230,1.0 266,1.0 
7,22.0 20,1.0 22,2.0 41,6.0 43,6.0 44,3.0 45,3.0 46,6.0 48,5.0 55,14.0 56,15.0 59,2.0 80,7.0 83,20.0 84,2.0 85,9.0 88,30.0 95,2.0 96,21.0 97,2.0 102,1.0 103,1.0 111,8.0 120,2.0 125,21.0 126,21.0 127,27.0 128,3.0 129,3.0 154,1.0 163,1.0 173,2.0 174,2.0 176,2.0 177,2.0 185,1.0 186,3.0 189,1.0 219,1.0 220,2.0 226,2.0 343,1.0 367,1.0 
21,2.0 80,2.0 85,2.0 89,2.0 90,2.0 
7,21.0 54,2.0 55,2.0 59,3.0 80,21.0 81,4.0 83,9.0 85,18.0 86,4.0 87,4.0 88,9.0 96,21.0 97,21.0 111,21.0 112,21.0 113,3.0 177,2.0 186,1.0 219,1.0 
54,2.0 55,2.0 70,2.0 80,2.0 81,2.0 85,2.0 87,2.0 88,2.0 252,2.0 269,2.0 270,2.0 
49,1.0 54,2.0 55,2.0 64,2.0 80,2.0 81,2.0 85,2.0 86,2.0 88,2.0 94,3.0 108,1.0 124,1.0 135,1.0 146,1.0 252,3.0 253,1.0 
7,4.0 22,2.0 30,1.0 32,2.0 33,2.0 34,2.0 38,7.0 42,8.0 47,4.0 54,14.0 55,14.0 59,2.0 80,7.0 83,32.0 84,2.0 85,7.0 88,42.0 89,2.0 90,2.0 95,45.0 96,77.0 97,18.0 98,2.0 99,2.0 102,4.0 103,1.0 104,1.0 106,6.0 108,1.0 111,44.0 113,6.0 125,63.0 126,21.0 127,21.0 128,9.0 129,9.0 138,42.0 139,42.0 149,2.0 152,1.0 162,1.0 173,8.0 184,2.0 186,3.0 188,2.0 219,1.0 227,1.0 259,2.0 279,1.0 288,4.0 
21,2.0 84,2.0 90,2.0 
2,4.0 21,28.0 33,2.0 88,4.0 90,12.0 91,8.0 92,4.0 93,4.0 94,8.0 95,6.0 96,2.0 97,4.0 100,4.0 101,4.0 102,2.0 103,2.0 104,2.0 
2,9.0 17,1.0 21,4.0 31,1.0 62,1.0 88,2.0 90,4.0 92,2.0 93,3.0 94,12.0 95,4.0 96,2.0 97,2.0 98,7.0 99,8.0 100,13.0 101,2.0 102,2.0 103,2.0 104,2.0 150,2.0 259,1.0 269,3.0 287,2.0 369,1.0 
21,2.0 81,1.0 88,2.0 90,2.0 91,2.0 93,2.0 94,2.0 95,2.0 96,2.0 97,2.0 153,1.0 275,1.0 
2,1.0 17,1.0 21,2.0 88,2.0 90,2.0 91,3.0 92,2.0 94,3.0 95,2.0 96,2.0 97,2.0 98,1.0 99,1.0 100,1.0 369,1.0 
2,9.0 17,1.0 21,4.0 49,2.0 62,1.0 64,2.0 87,3.0 88,2.0 90,4.0 91,12.0 92,2.0 93,3.0 95,4.0 96,2.0 97,2.0 98,7.0 99,8.0 100,10.0 101,2.0 102,2.0 103,2.0 104,2.0 108,2.0 252,4.0 253,1.0 369,1.0 
7,10.0 19,2.0 22,2.0 30,1.0 32,1.0 33,2.0 38,6.0 41,1.0 42,8.0 47,4.0 59,3.0 75,1.0 83,2.0 88,45.0 90,2.0 95,15.0 96,20.0 97,25.0 98,4.0 99,4.0 102,18.0 103,14.0 104,15.0 106,6.0 111,15.0 112,4.0 149,2.0 152,1.0 155,1.0 173,8.0 186,2.0 188,1.0 227,1.0 238,1.0 259,2.0 288,4.0 324,1.0 
7,23.0 19,2.0 45,1.0 46,2.0 59,3.0 75,1.0 83,21.0 85,21.0 88,77.0 95,20.0 96,42.0 97,35.0 98,2.0 99,2.0 104,1.0 111,70.0 112,26.0 113,9.0 125,63.0 126,21.0 127,21.0 128,9.0 129,9.0 138,42.0 139,42.0 173,1.0 238,1.0 
0,2.0 1,2.0 2,1.0 3,1.0 6,2.0 7,46.0 8,1.0 9,2.0 18,11.0 19,6.0 20,2.0 21,5.0 22,2.0 30,1.0 32,1.0 33,2.0 41,7.0 43,1.0 44,2.0 46,1.0 49,1.0 55,2.0 57,4.0 59,6.0 83,4.0 85,21.0 88,20.0 90,2.0 91,1.0 94,1.0 95,28.0 96,36.0 97,22.0 98,2.0 99,2.0 100,1.0 103,2.0 104,1.0 111,33.0 112,21.0 113,3.0 155,1.0 163,1.0 174,1.0 175,1.0 181,5.0 186,2.0 229,1.0 238,3.0 242,5.0 250,1.0 251,1.0 262,1.0 279,5.0 343,1.0 
0,2.0 1,2.0 2,3.0 3,2.0 17,1.0 21,4.0 31,3.0 38,5.0 61,3.0 90,2.0 91,1.0 93,1.0 94,1.0 99,11.0 100,1.0 144,3.0 165,3.0 166,3.0 167,3.0 168,3.0 369,1.0 
0,2.0 1,2.0 2,3.0 3,2.0 4,4.0 5,4.0 6,6.0 7,6.0 8,3.0 9,3.0 17,1.0 18,3.0 21,2.0 31,3.0 38,3.0 50,1.0 55,1.0 57,1.0 61,3.0 62,5.0 90,2.0 91,1.0 93,1.0 94,1.0 97,2.0 98,11.0 100,1.0 103,1.0 105,3.0 144,3.0 165,3.0 166,3.0 167,3.0 168,3.0 242,2.0 250,1.0 275,4.0 279,2.0 349,1.0 366,1.0 369,1.0 370,1.0 
2,9.0 17,1.0 21,2.0 31,1.0 62,1.0 90,2.0 91,13.0 93,1.0 94,10.0 95,2.0 98,7.0 99,8.0 101,2.0 102,2.0 103,2.0 104,2.0 150,2.0 259,1.0 269,3.0 287,2.0 369,1.0 
2,2.0 21,2.0 90,2.0 91,2.0 94,2.0 95,2.0 100,2.0 102,2.0 103,2.0 104,2.0 
7,1.0 83,1.0 88,4.0 95,18.0 98,2.0 99,2.0 102,6.0 103,15.0 104,14.0 111,1.0 149,2.0 152,1.0 226,1.0 227,1.0 259,2.0 288,4.0 367,1.0 
6,1.0 7,4.0 8,1.0 9,1.0 18,1.0 19,1.0 20,1.0 29,2.0 31,1.0 32,1.0 34,1.0 37,1.0 55,1.0 83,2.0 88,1.0 95,15.0 96,1.0 97,3.0 98,2.0 99,2.0 102,16.0 103,7.0 104,15.0 111,3.0 176,2.0 184,1.0 226,1.0 238,2.0 242,3.0 250,1.0 251,2.0 279,7.0 349,1.0 366,1.0 367,2.0 
19,1.0 34,1.0 75,1.0 78,1.0 79,1.0 88,1.0 95,15.0 96,1.0 98,2.0 99,2.0 102,14.0 103,14.0 104,9.0 108,1.0 111,1.0 125,11.0 149,1.0 160,1.0 186,1.0 188,1.0 238,1.0 241,11.0 242,11.0 243,7.0 244,7.0 245,1.0 246,1.0 258,1.0 259,1.0 
2,1.0 4,3.0 5,3.0 6,3.0 7,3.0 8,3.0 9,3.0 81,1.0 91,1.0 93,1.0 94,1.0 98,1.0 99,4.0 100,1.0 267,1.0 275,1.0 368,1.0 
29,2.0 36,1.0 38,8.0 42,4.0 47,9.0 61,3.0 69,1.0 107,11.0 115,6.0 121,3.0 132,6.0 160,3.0 163,4.0 164,4.0 198,4.0 
2,3.0 22,1.0 29,1.0 30,2.0 31,1.0 33,1.0 34,1.0 37,6.0 38,2.0 59,1.0 67,4.0 72,3.0 73,1.0 88,1.0 91,3.0 94,3.0 100,3.0 104,1.0 108,1.0 120,1.0 128,2.0 147,2.0 153,6.0 162,2.0 177,3.0 188,1.0 219,2.0 239,1.0 284,1.0 292,2.0 
31,6.0 33,8.0 34,7.0 35,4.0 36,14.0 38,1.0 42,1.0 47,2.0 48,3.0 55,1.0 61,1.0 66,6.0 67,9.0 74,1.0 106,4.0 120,4.0 125,1.0 132,1.0 144,3.0 145,1.0 147,8.0 160,23.0 161,6.0 220,2.0 242,1.0 281,1.0 282,1.0 
39,2.0 41,2.0 45,1.0 58,1.0 110,3.0 116,6.0 132,2.0 157,3.0 175,3.0 186,1.0 216,2.0 224,3.0 226,1.0 242,1.0 262,1.0 263,1.0 278,1.0 279,1.0 281,3.0 315,1.0 344,2.0 346,1.0 349,1.0 
4,1.0 5,1.0 13,3.0 29,1.0 37,3.0 40,3.0 41,1.0 43,2.0 44,3.0 45,1.0 46,1.0 62,1.0 99,1.0 110,1.0 116,8.0 118,10.0 132,2.0 173,1.0 174,1.0 224,1.0 226,1.0 263,2.0 275,1.0 281,2.0 344,1.0 345,1.0 364,2.0 370,1.0 
6,10.0 7,38.0 19,1.0 22,2.0 41,1.0 43,3.0 44,2.0 45,5.0 46,3.0 48,5.0 54,5.0 56,5.0 59,6.0 61,2.0 65,6.0 75,1.0 83,8.0 85,21.0 88,44.0 95,11.0 96,66.0 97,30.0 102,1.0 103,1.0 104,1.0 111,33.0 112,33.0 113,9.0 125,42.0 127,12.0 128,6.0 129,6.0 138,42.0 139,42.0 144,2.0 154,2.0 155,3.0 173,5.0 174,4.0 175,4.0 176,2.0 179,6.0 186,2.0 192,2.0 195,2.0 206,10.0 226,2.0 238,1.0 324,1.0 328,2.0 343,1.0 367,1.0 
7,21.0 43,1.0 59,3.0 61,4.0 65,6.0 85,21.0 96,21.0 97,21.0 111,25.0 112,9.0 113,3.0 163,2.0 166,2.0 174,2.0 185,4.0 195,2.0 202,4.0 205,4.0 214,2.0 215,2.0 218,2.0 328,2.0 
7,3.0 10,5.0 39,1.0 43,4.0 45,2.0 48,3.0 59,3.0 95,1.0 97,2.0 109,2.0 111,2.0 114,3.0 116,1.0 127,2.0 128,6.0 129,7.0 130,3.0 132,7.0 133,6.0 134,6.0 140,6.0 141,6.0 154,1.0 155,2.0 174,1.0 263,1.0 281,2.0 292,1.0 
10,6.0 13,3.0 25,1.0 43,1.0 83,2.0 115,3.0 116,3.0 117,3.0 118,3.0 119,3.0 127,2.0 173,1.0 174,1.0 
8,1.0 13,6.0 26,1.0 31,8.0 33,8.0 42,9.0 44,2.0 45,4.0 47,6.0 79,1.0 97,1.0 103,1.0 116,3.0 117,3.0 118,4.0 119,3.0 120,2.0 132,22.0 154,4.0 161,1.0 174,4.0 175,4.0 221,1.0 223,2.0 242,1.0 251,1.0 279,1.0 281,1.0 352,1.0 353,1.0 
4,1.0 5,1.0 13,4.0 37,1.0 40,3.0 41,1.0 42,3.0 43,2.0 44,4.0 45,3.0 46,2.0 52,4.0 58,1.0 62,1.0 66,3.0 88,6.0 96,6.0 99,1.0 104,2.0 109,6.0 110,8.0 111,6.0 115,3.0 116,1.0 117,3.0 118,10.0 119,3.0 125,8.0 132,10.0 133,5.0 134,3.0 135,3.0 136,3.0 138,6.0 139,6.0 143,1.0 157,3.0 175,1.0 186,3.0 216,1.0 219,1.0 224,4.0 226,2.0 232,1.0 237,2.0 241,2.0 242,3.0 243,1.0 244,1.0 255,1.0 257,1.0 258,1.0 263,2.0 275,1.0 278,1.0 279,1.0 281,4.0 283,1.0 315,1.0 344,3.0 345,1.0 346,1.0 349,1.0 364,2.0 370,1.0 
13,3.0 42,3.0 115,3.0 116,3.0 118,3.0 119,3.0 
4,1.0 5,1.0 8,1.0 13,3.0 29,1.0 37,2.0 40,3.0 41,1.0 42,3.0 43,2.0 44,2.0 45,1.0 46,1.0 62,1.0 97,1.0 99,1.0 103,1.0 110,10.0 115,4.0 116,10.0 117,3.0 118,1.0 119,3.0 132,2.0 173,1.0 174,1.0 242,1.0 251,1.0 263,2.0 275,1.0 279,1.0 281,3.0 344,1.0 345,1.0 352,1.0 353,1.0 364,2.0 370,1.0 
13,3.0 42,3.0 115,3.0 116,3.0 117,3.0 118,3.0 
6,4.0 13,2.0 15,2.0 18,4.0 20,4.0 21,2.0 22,1.0 26,2.0 29,2.0 33,4.0 35,3.0 37,17.0 40,4.0 41,2.0 43,2.0 44,5.0 47,2.0 48,16.0 56,4.0 69,7.0 106,14.0 127,4.0 142,1.0 151,4.0 152,2.0 154,4.0 158,4.0 160,1.0 178,2.0 183,1.0 187,1.0 189,4.0 193,2.0 194,2.0 206,6.0 221,1.0 266,1.0 274,1.0 275,1.0 315,2.0 316,2.0 319,2.0 333,1.0 
39,1.0 40,2.0 59,1.0 122,3.0 132,1.0 137,1.0 215,1.0 218,1.0 239,1.0 
26,6.0 36,5.0 115,3.0 
19,1.0 55,1.0 57,1.0 60,1.0 124,5.0 133,2.0 135,2.0 235,1.0 238,1.0 
19,2.0 49,1.0 55,1.0 57,2.0 60,1.0 83,3.0 87,1.0 88,3.0 96,3.0 123,2.0 125,3.0 126,3.0 127,3.0 133,2.0 135,4.0 144,2.0 146,4.0 235,1.0 238,1.0 
6,8.0 7,1.0 8,9.0 19,1.0 55,4.0 57,1.0 74,1.0 78,1.0 79,1.0 83,21.0 87,1.0 88,63.0 94,1.0 96,63.0 97,1.0 104,11.0 108,1.0 111,42.0 113,6.0 125,33.0 126,29.0 127,21.0 128,9.0 129,9.0 138,42.0 139,42.0 149,1.0 160,1.0 186,1.0 187,1.0 232,1.0 238,1.0 241,11.0 242,14.0 243,7.0 244,7.0 245,1.0 246,1.0 251,1.0 252,1.0 258,1.0 259,1.0 
6,8.0 7,1.0 8,13.0 18,1.0 19,1.0 20,1.0 29,1.0 35,2.0 37,1.0 42,1.0 55,2.0 57,1.0 66,1.0 83,21.0 88,21.0 96,21.0 97,1.0 125,29.0 126,13.0 127,21.0 128,3.0 129,3.0 145,1.0 154,1.0 187,1.0 220,1.0 232,1.0 233,1.0 234,1.0 238,1.0 242,1.0 
6,4.0 7,4.0 19,4.0 41,2.0 43,4.0 44,10.0 45,2.0 48,12.0 56,4.0 83,27.0 88,21.0 96,21.0 111,12.0 120,8.0 125,21.0 126,21.0 127,9.0 128,3.0 129,3.0 155,2.0 175,2.0 179,6.0 188,2.0 189,8.0 192,4.0 214,2.0 220,2.0 
39,1.0 59,6.0 72,2.0 107,1.0 113,6.0 129,10.0 130,8.0 131,3.0 132,7.0 133,6.0 134,6.0 140,6.0 141,6.0 152,2.0 155,6.0 174,2.0 177,3.0 219,3.0 246,1.0 281,1.0 292,3.0 
7,1.0 43,1.0 95,2.0 109,1.0 111,1.0 113,7.0 116,1.0 128,9.0 130,4.0 131,3.0 132,7.0 133,6.0 134,6.0 140,6.0 141,6.0 174,1.0 281,1.0 
7,5.0 10,2.0 37,4.0 43,2.0 97,5.0 109,1.0 111,6.0 113,1.0 116,4.0 127,6.0 129,1.0 131,5.0 132,4.0 133,3.0 134,3.0 135,3.0 136,3.0 173,1.0 281,1.0 
7,2.0 97,2.0 116,3.0 130,5.0 132,3.0 133,3.0 134,3.0 135,3.0 136,3.0 173,1.0 
4,2.0 5,1.0 31,8.0 33,8.0 39,3.0 40,1.0 42,6.0 44,1.0 45,6.0 47,6.0 52,8.0 53,2.0 55,2.0 58,1.0 62,3.0 64,1.0 66,9.0 73,1.0 99,3.0 104,1.0 107,1.0 109,2.0 110,1.0 115,22.0 116,9.0 118,1.0 125,1.0 133,10.0 134,11.0 135,3.0 136,3.0 138,1.0 139,1.0 140,6.0 141,6.0 142,3.0 143,4.0 147,1.0 154,4.0 173,2.0 174,4.0 175,11.0 176,2.0 186,3.0 216,1.0 218,2.0 219,1.0 224,2.0 232,1.0 237,3.0 241,1.0 242,4.0 243,1.0 244,1.0 249,1.0 250,2.0 253,1.0 254,1.0 263,1.0 275,3.0 278,1.0 279,1.0 281,8.0 282,1.0 315,1.0 343,1.0 349,1.0 354,2.0 364,1.0 370,1.0 
19,1.0 45,1.0 55,1.0 57,1.0 60,1.0 66,9.0 116,11.0 123,2.0 124,2.0 132,10.0 134,9.0 135,5.0 136,3.0 140,6.0 141,6.0 143,1.0 186,1.0 219,1.0 235,1.0 238,1.0 255,1.0 
53,2.0 55,2.0 66,9.0 73,1.0 116,3.0 132,11.0 133,9.0 135,3.0 136,3.0 138,1.0 139,1.0 140,6.0 141,6.0 142,2.0 242,2.0 249,1.0 250,2.0 
19,2.0 49,1.0 55,1.0 57,2.0 60,1.0 66,3.0 87,1.0 116,3.0 123,2.0 124,4.0 132,3.0 133,5.0 134,3.0 136,3.0 146,2.0 235,1.0 238,1.0 
66,3.0 116,3.0 132,3.0 133,3.0 134,3.0 135,3.0 
39,1.0 40,1.0 59,1.0 72,1.0 121,1.0 122,6.0 142,4.0 214,10.0 215,6.0 218,4.0 239,1.0 296,1.0 297,1.0 298,1.0 
8,1.0 48,2.0 55,2.0 61,2.0 88,42.0 96,42.0 111,42.0 113,6.0 125,43.0 128,6.0 129,6.0 138,20.0 139,48.0 242,2.0 250,1.0 251,1.0 256,1.0 271,2.0 288,5.0 349,5.0 361,5.0 362,1.0 
8,1.0 55,2.0 88,42.0 96,42.0 111,42.0 113,6.0 125,43.0 128,6.0 129,6.0 138,48.0 139,20.0 242,2.0 250,1.0 251,1.0 256,1.0 288,5.0 349,5.0 361,5.0 362,1.0 
66,6.0 132,6.0 133,6.0 134,6.0 138,1.0 139,1.0 141,7.0 288,1.0 349,1.0 361,1.0 
66,6.0 132,6.0 133,6.0 134,6.0 138,1.0 139,1.0 140,7.0 288,1.0 349,1.0 361,1.0 
26,1.0 37,2.0 53,2.0 55,2.0 72,1.0 73,1.0 120,2.0 122,3.0 128,1.0 132,3.0 134,2.0 137,4.0 138,1.0 139,1.0 174,1.0 175,2.0 176,1.0 213,1.0 221,4.0 222,1.0 224,1.0 226,1.0 242,2.0 246,1.0 249,1.0 250,2.0 296,1.0 297,1.0 298,1.0 342,1.0 343,3.0 
52,3.0 62,1.0 63,1.0 107,1.0 116,1.0 132,4.0 133,1.0 186,1.0 219,1.0 263,1.0 264,1.0 265,1.0 290,1.0 300,1.0 301,1.0 302,1.0 
7,2.0 31,21.0 38,21.0 43,3.0 44,1.0 48,6.0 54,1.0 56,1.0 61,21.0 79,2.0 111,1.0 128,3.0 138,2.0 144,9.0 145,6.0 146,1.0 148,6.0 155,3.0 167,2.0 195,2.0 196,2.0 271,2.0 
8,1.0 33,2.0 42,1.0 44,3.0 66,1.0 126,1.0 146,3.0 148,14.0 259,2.0 266,1.0 
19,1.0 23,2.0 41,1.0 45,1.0 46,2.0 54,1.0 56,1.0 57,1.0 66,6.0 70,10.0 124,2.0 144,5.0 154,1.0 160,2.0 192,1.0 236,2.0 243,2.0 260,1.0 271,2.0 
30,1.0 32,1.0 33,7.0 34,1.0 35,3.0 36,1.0 38,7.0 66,2.0 67,6.0 74,1.0 81,1.0 88,2.0 95,1.0 103,1.0 105,1.0 106,2.0 107,2.0 108,7.0 128,1.0 132,1.0 148,2.0 150,8.0 151,6.0 161,6.0 162,2.0 177,1.0 184,1.0 188,1.0 219,1.0 267,1.0 275,1.0 281,1.0 282,1.0 292,1.0 368,1.0 
29,2.0 36,2.0 38,1.0 42,1.0 44,3.0 47,4.0 66,2.0 67,3.0 86,2.0 88,1.0 146,3.0 147,1.0 184,1.0 221,1.0 227,8.0 252,2.0 269,2.0 270,2.0 279,1.0 290,1.0 291,1.0 
10,1.0 24,1.0 29,7.0 31,1.0 32,1.0 33,1.0 37,12.0 38,1.0 44,4.0 47,12.0 67,6.0 74,2.0 88,1.0 95,1.0 102,1.0 104,1.0 106,2.0 108,7.0 125,1.0 147,1.0 151,6.0 160,8.0 187,1.0 188,2.0 227,3.0 241,1.0 242,3.0 278,2.0 279,2.0 288,1.0 
0,2.0 3,2.0 33,12.0 42,2.0 76,1.0 79,2.0 88,1.0 91,1.0 95,1.0 100,1.0 102,1.0 106,1.0 107,6.0 146,1.0 149,2.0 153,1.0 188,1.0 242,1.0 259,4.0 269,1.0 276,2.0 277,2.0 278,1.0 279,1.0 287,1.0 288,1.0 
13,4.0 15,6.0 31,4.0 33,4.0 35,1.0 37,4.0 43,2.0 56,1.0 59,2.0 61,1.0 63,1.0 73,3.0 75,1.0 82,1.0 107,9.0 120,6.0 127,2.0 152,6.0 162,4.0 193,2.0 260,1.0 266,1.0 272,1.0 
31,1.0 33,6.0 34,2.0 35,1.0 39,1.0 44,1.0 67,3.0 70,2.0 72,2.0 73,2.0 88,1.0 95,1.0 102,1.0 128,1.0 132,1.0 145,2.0 177,1.0 219,1.0 259,2.0 281,1.0 288,1.0 292,1.0 
0,1.0 3,1.0 37,6.0 70,6.0 78,2.0 79,3.0 144,1.0 149,2.0 155,3.0 160,2.0 188,1.0 242,1.0 245,3.0 246,3.0 261,3.0 276,1.0 277,1.0 278,1.0 279,1.0 299,3.0 
4,1.0 6,5.0 12,3.0 41,11.0 43,2.0 45,4.0 46,1.0 56,1.0 78,6.0 82,1.0 111,4.0 113,2.0 150,1.0 151,2.0 155,2.0 163,4.0 164,4.0 173,4.0 175,2.0 192,1.0 194,2.0 211,1.0 213,1.0 220,1.0 230,1.0 240,2.0 260,1.0 261,1.0 262,1.0 293,1.0 326,1.0 
10,2.0 59,8.0 79,5.0 111,2.0 113,3.0 127,2.0 128,6.0 143,1.0 147,1.0 173,2.0 174,1.0 179,2.0 245,3.0 246,3.0 261,3.0 286,1.0 289,1.0 290,1.0 299,3.0 300,1.0 301,1.0 302,1.0 
12,6.0 157,6.0 
12,6.0 109,3.0 116,3.0 158,6.0 224,2.0 226,1.0 344,2.0 346,1.0 
33,2.0 37,6.0 40,12.0 43,4.0 44,4.0 45,1.0 46,1.0 69,12.0 120,4.0 159,6.0 224,4.0 225,4.0 
108,6.0 
30,1.0 33,1.0 36,1.0 42,1.0 43,1.0 61,1.0 72,1.0 73,10.0 76,1.0 78,1.0 104,1.0 107,1.0 108,6.0 125,1.0 147,12.0 149,1.0 150,3.0 188,1.0 241,1.0 242,2.0 278,1.0 279,1.0 290,1.0 294,1.0 
26,1.0 32,4.0 34,6.0 47,2.0 79,1.0 106,2.0 108,6.0 115,1.0 162,4.0 221,1.0 
32,1.0 35,1.0 38,4.0 61,1.0 66,1.0 145,1.0 152,7.0 163,6.0 164,6.0 
33,4.0 45,4.0 88,10.0 95,10.0 164,22.0 166,2.0 174,4.0 204,2.0 210,6.0 211,6.0 212,6.0 325,4.0 327,2.0 
33,4.0 45,4.0 88,10.0 95,10.0 163,22.0 174,4.0 333,3.0 339,3.0 340,3.0 
166,6.0 167,6.0 168,6.0 169,6.0 170,6.0 171,6.0 172,6.0 
163,2.0 165,6.0 167,6.0 168,6.0 169,6.0 170,6.0 171,6.0 172,6.0 204,2.0 
18,1.0 37,2.0 44,1.0 61,2.0 97,1.0 165,6.0 166,6.0 168,6.0 169,6.0 170,6.0 171,6.0 172,6.0 173,1.0 184,4.0 185,2.0 224,1.0 347,4.0 
165,6.0 166,6.0 167,6.0 169,6.0 170,6.0 171,6.0 172,6.0 
128,3.0 155,3.0 165,3.0 166,3.0 167,3.0 168,3.0 170,6.0 171,6.0 172,6.0 
128,3.0 155,3.0 165,3.0 166,3.0 167,3.0 168,3.0 169,6.0 171,6.0 172,6.0 
128,3.0 155,3.0 165,3.0 166,3.0 167,3.0 168,3.0 169,6.0 170,6.0 172,6.0 
128,3.0 155,3.0 165,3.0 166,3.0 167,3.0 168,3.0 169,6.0 170,6.0 171,6.0 
6,5.0 7,1.0 12,4.0 15,1.0 18,1.0 39,2.0 40,3.0 45,28.0 46,1.0 69,2.0 83,1.0 97,1.0 110,1.0 111,4.0 115,8.0 118,1.0 132,10.0 154,7.0 158,1.0 174,10.0 175,1.0 176,2.0 211,1.0 220,1.0 318,1.0 326,1.0 
6,2.0 10,1.0 12,2.0 25,1.0 26,3.0 27,2.0 39,5.0 40,1.0 44,3.0 45,12.0 48,4.0 59,1.0 69,1.0 88,4.0 95,4.0 111,2.0 112,2.0 114,1.0 115,4.0 132,4.0 173,12.0 175,10.0 176,4.0 183,1.0 185,2.0 214,4.0 221,2.0 222,2.0 262,1.0 318,1.0 333,1.0 
6,6.0 8,5.0 12,1.0 18,5.0 19,3.0 20,5.0 22,1.0 26,1.0 39,3.0 40,1.0 41,5.0 44,3.0 45,10.0 46,1.0 57,1.0 59,1.0 97,1.0 103,1.0 109,5.0 111,2.0 116,3.0 121,1.0 127,2.0 132,7.0 142,2.0 154,2.0 157,2.0 163,4.0 164,4.0 173,1.0 174,7.0 175,2.0 176,11.0 214,2.0 215,2.0 216,1.0 218,9.0 220,2.0 221,1.0 224,8.0 245,2.0 279,1.0 280,3.0 281,1.0 288,2.0 311,1.0 312,1.0 313,1.0 343,1.0 346,1.0 
6,1.0 7,2.0 8,2.0 13,4.0 15,4.0 20,2.0 39,1.0 83,2.0 111,2.0 132,2.0 142,3.0 167,1.0 173,2.0 174,7.0 175,11.0 218,1.0 221,4.0 224,7.0 226,1.0 347,1.0 349,1.0 
22,3.0 26,1.0 39,1.0 59,3.0 72,3.0 76,2.0 107,1.0 115,1.0 128,3.0 132,1.0 152,2.0 161,1.0 175,1.0 178,2.0 219,3.0 221,1.0 239,3.0 259,2.0 281,1.0 292,3.0 
111,4.0 127,6.0 151,2.0 187,2.0 188,2.0 194,2.0 
180,6.0 216,1.0 
128,2.0 186,2.0 192,2.0 
182,5.0 
163,1.0 183,2.0 216,1.0 246,1.0 
37,1.0 45,2.0 103,1.0 167,4.0 175,1.0 214,2.0 224,1.0 279,1.0 333,4.0 
32,1.0 34,1.0 38,1.0 45,4.0 88,2.0 103,1.0 113,2.0 162,1.0 185,4.0 214,4.0 279,1.0 
37,2.0 45,1.0 56,1.0 61,2.0 83,1.0 112,4.0 113,2.0 154,1.0 174,2.0 183,2.0 184,2.0 214,2.0 215,2.0 218,2.0 
10,2.0 22,4.0 24,3.0 45,1.0 59,2.0 60,1.0 78,5.0 107,1.0 132,1.0 137,1.0 142,1.0 187,9.0 216,3.0 219,5.0 232,1.0 233,1.0 234,2.0 237,1.0 245,5.0 246,2.0 247,2.0 248,1.0 254,1.0 280,2.0 286,3.0 295,4.0 296,1.0 297,1.0 298,1.0 350,1.0 351,1.0 
7,2.0 10,4.0 12,2.0 18,2.0 20,1.0 22,4.0 24,6.0 37,1.0 39,3.0 40,3.0 41,2.0 49,1.0 60,2.0 97,1.0 120,2.0 121,1.0 123,1.0 124,2.0 127,2.0 133,1.0 135,2.0 137,1.0 160,1.0 175,2.0 178,2.0 188,4.0 189,2.0 221,2.0 232,1.0 233,3.0 234,4.0 254,1.0 259,1.0 355,1.0 358,1.0 359,1.0 360,1.0 
6,10.0 8,8.0 30,1.0 32,1.0 34,1.0 48,2.0 88,2.0 95,1.0 104,1.0 108,1.0 112,2.0 127,2.0 149,2.0 150,1.0 160,2.0 189,10.0 190,2.0 242,4.0 259,1.0 278,4.0 279,4.0 
6,4.0 8,8.0 20,1.0 41,3.0 43,2.0 44,6.0 46,1.0 48,2.0 56,4.0 83,1.0 120,4.0 127,8.0 188,2.0 190,2.0 198,4.0 200,4.0 
191,2.0 
128,2.0 
44,1.0 54,1.0 146,1.0 193,8.0 197,4.0 288,2.0 
33,2.0 54,8.0 151,2.0 197,4.0 
46,2.0 111,2.0 127,2.0 178,2.0 240,2.0 
41,2.0 144,2.0 196,4.0 330,2.0 
41,2.0 144,2.0 195,4.0 
54,4.0 193,4.0 
199,8.0 
6,8.0 188,8.0 
201,4.0 
6,4.0 188,2.0 
203,8.0 205,4.0 207,2.0 208,2.0 209,2.0 
111,8.0 
111,2.0 
202,4.0 203,4.0 
21,10.0 29,6.0 31,2.0 33,2.0 37,2.0 41,4.0 43,2.0 44,6.0 48,6.0 61,2.0 65,2.0 88,2.0 90,2.0 95,2.0 97,2.0 120,4.0 163,6.0 202,2.0 206,4.0 207,2.0 208,2.0 210,6.0 211,6.0 315,4.0 316,6.0 
202,2.0 208,2.0 209,2.0 
202,2.0 207,2.0 209,2.0 
111,2.0 
163,6.0 211,6.0 212,6.0 
154,1.0 163,6.0 173,1.0 210,6.0 212,6.0 326,2.0 
111,6.0 
12,1.0 26,1.0 33,2.0 37,2.0 40,2.0 41,1.0 43,3.0 45,2.0 128,1.0 142,1.0 222,1.0 246,1.0 293,1.0 
19,4.0 27,2.0 45,18.0 54,1.0 56,1.0 57,1.0 60,1.0 127,2.0 137,10.0 173,1.0 175,1.0 183,2.0 184,4.0 187,1.0 215,8.0 217,2.0 218,6.0 220,9.0 
19,1.0 23,1.0 40,1.0 57,1.0 112,2.0 121,1.0 137,6.0 174,2.0 183,2.0 185,2.0 214,6.0 218,1.0 236,1.0 245,1.0 343,1.0 
22,4.0 59,1.0 107,1.0 132,2.0 150,1.0 175,1.0 186,3.0 187,1.0 214,6.0 224,1.0 235,3.0 239,3.0 261,3.0 262,3.0 280,2.0 281,2.0 285,5.0 286,3.0 295,1.0 350,1.0 351,1.0 354,2.0 
45,2.0 214,2.0 333,1.0 334,1.0 
112,2.0 132,2.0 137,4.0 154,1.0 175,11.0 176,1.0 185,2.0 214,4.0 215,3.0 217,2.0 225,4.0 256,1.0 288,2.0 290,5.0 323,1.0 341,1.0 342,3.0 
39,1.0 60,1.0 72,2.0 78,5.0 107,1.0 128,3.0 132,2.0 137,1.0 142,1.0 152,2.0 175,2.0 177,3.0 186,5.0 187,1.0 214,4.0 237,1.0 245,3.0 254,1.0 281,1.0 286,3.0 292,3.0 295,3.0 296,1.0 297,1.0 298,1.0 
7,1.0 15,2.0 18,1.0 19,4.0 20,1.0 45,6.0 52,1.0 57,2.0 81,1.0 83,1.0 92,1.0 112,2.0 116,1.0 126,1.0 127,2.0 154,4.0 173,1.0 175,2.0 185,2.0 214,2.0 218,2.0 219,2.0 275,1.0 
7,1.0 12,2.0 26,1.0 37,2.0 39,2.0 40,2.0 43,1.0 46,1.0 59,1.0 79,1.0 95,1.0 97,1.0 111,1.0 115,1.0 120,2.0 142,4.0 147,1.0 148,1.0 155,1.0 161,1.0 174,3.0 175,1.0 176,2.0 222,1.0 224,1.0 290,1.0 291,1.0 343,1.0 
26,1.0 39,2.0 43,1.0 45,2.0 46,1.0 128,1.0 142,1.0 174,2.0 213,1.0 221,1.0 246,1.0 
44,2.0 115,2.0 120,2.0 
4,1.0 5,1.0 6,5.0 12,1.0 13,4.0 15,4.0 18,2.0 20,4.0 40,1.0 41,3.0 45,7.0 46,1.0 97,1.0 103,1.0 109,4.0 110,1.0 116,5.0 132,2.0 142,1.0 157,3.0 175,5.0 176,5.0 221,1.0 225,4.0 226,4.0 263,1.0 279,1.0 281,1.0 343,2.0 344,3.0 346,1.0 
40,4.0 69,4.0 158,4.0 218,3.0 224,4.0 226,4.0 290,3.0 323,1.0 
6,4.0 7,4.0 12,2.0 18,3.0 20,1.0 26,1.0 40,5.0 45,2.0 69,4.0 83,1.0 109,1.0 110,1.0 111,1.0 116,2.0 142,1.0 157,1.0 158,4.0 176,1.0 224,8.0 225,4.0 263,1.0 343,2.0 344,2.0 346,1.0 
30,6.0 47,1.0 72,1.0 88,1.0 91,2.0 95,1.0 100,2.0 102,1.0 120,1.0 144,1.0 145,2.0 150,1.0 152,2.0 269,2.0 287,2.0 288,1.0 
38,2.0 72,6.0 
0,2.0 1,2.0 49,2.0 230,2.0 231,2.0 
4,1.0 6,1.0 8,2.0 45,1.0 66,1.0 82,1.0 125,1.0 126,2.0 231,2.0 
6,1.0 8,2.0 66,1.0 125,1.0 126,2.0 230,2.0 
186,1.0 187,2.0 233,2.0 234,1.0 
49,1.0 87,1.0 123,2.0 124,4.0 133,2.0 135,4.0 187,2.0 234,2.0 
10,2.0 24,3.0 87,1.0 123,1.0 124,2.0 133,1.0 135,2.0 175,1.0 187,3.0 224,1.0 233,2.0 254,1.0 355,1.0 358,1.0 359,1.0 360,1.0 
23,2.0 60,2.0 150,1.0 216,3.0 236,2.0 239,3.0 261,3.0 285,5.0 286,3.0 
23,6.0 43,2.0 52,1.0 116,3.0 132,2.0 133,2.0 143,1.0 220,1.0 237,1.0 255,1.0 
4,1.0 52,2.0 64,1.0 104,1.0 116,2.0 125,1.0 132,3.0 186,1.0 232,1.0 241,1.0 242,1.0 243,1.0 244,1.0 253,1.0 254,1.0 
0,1.0 1,1.0 7,2.0 19,10.0 49,1.0 55,9.0 57,8.0 60,1.0 75,1.0 95,2.0 96,2.0 97,2.0 103,1.0 104,2.0 111,2.0 229,1.0 235,1.0 238,4.0 250,1.0 
10,1.0 22,3.0 26,1.0 59,4.0 72,1.0 76,2.0 115,1.0 150,1.0 161,1.0 177,3.0 216,3.0 221,1.0 235,3.0 240,1.0 259,2.0 261,3.0 285,5.0 286,3.0 
10,2.0 46,2.0 52,2.0 116,2.0 132,1.0 194,2.0 237,1.0 257,1.0 
78,1.0 79,1.0 104,11.0 125,11.0 149,1.0 160,1.0 186,1.0 241,3.0 242,11.0 243,7.0 244,7.0 245,1.0 246,1.0 258,1.0 259,1.0 
6,12.0 7,5.0 8,4.0 9,2.0 18,9.0 19,1.0 20,9.0 22,1.0 37,1.0 55,7.0 57,1.0 58,7.0 72,1.0 73,1.0 74,1.0 78,1.0 79,1.0 83,2.0 87,1.0 88,2.0 91,1.0 94,2.0 95,2.0 97,8.0 100,1.0 103,2.0 104,11.0 108,1.0 111,2.0 125,15.0 126,1.0 138,1.0 139,1.0 149,3.0 150,1.0 160,3.0 173,1.0 186,3.0 188,4.0 216,1.0 238,1.0 241,11.0 242,11.0 243,7.0 244,7.0 245,1.0 246,1.0 250,2.0 251,4.0 252,1.0 258,1.0 259,2.0 278,11.0 279,17.0 280,1.0 295,1.0 315,7.0 321,1.0 349,7.0 
35,2.0 37,2.0 65,2.0 104,7.0 125,7.0 144,2.0 146,2.0 186,1.0 241,7.0 242,7.0 243,3.0 244,7.0 245,1.0 246,1.0 271,2.0 
104,7.0 125,7.0 186,1.0 241,7.0 242,7.0 243,7.0 244,3.0 245,1.0 246,1.0 
78,5.0 79,5.0 137,1.0 142,1.0 143,1.0 155,3.0 186,5.0 218,2.0 219,3.0 246,5.0 247,2.0 248,1.0 261,3.0 286,3.0 290,1.0 295,3.0 296,1.0 297,1.0 298,1.0 299,3.0 300,1.0 301,1.0 302,1.0 343,1.0 
79,5.0 128,1.0 129,2.0 130,1.0 143,1.0 155,3.0 186,2.0 245,5.0 247,2.0 248,1.0 261,3.0 290,1.0 299,3.0 300,1.0 301,1.0 302,1.0 
53,2.0 132,2.0 134,2.0 142,2.0 248,1.0 249,1.0 
53,1.0 132,1.0 134,1.0 142,1.0 247,1.0 249,1.0 
53,1.0 55,1.0 132,1.0 134,1.0 138,1.0 139,1.0 142,1.0 242,1.0 250,1.0 
7,1.0 8,1.0 19,1.0 50,12.0 55,16.0 57,12.0 72,1.0 73,1.0 95,1.0 96,1.0 97,1.0 103,1.0 104,1.0 111,1.0 125,1.0 138,1.0 139,1.0 216,2.0 238,2.0 242,3.0 250,5.0 251,1.0 262,2.0 
8,2.0 9,1.0 20,1.0 37,1.0 55,1.0 87,1.0 94,1.0 97,2.0 103,2.0 125,1.0 242,4.0 252,1.0 279,3.0 
49,2.0 64,2.0 70,2.0 86,2.0 87,3.0 94,4.0 108,2.0 253,1.0 269,2.0 270,2.0 
4,1.0 6,1.0 8,1.0 55,1.0 64,2.0 80,1.0 83,1.0 85,1.0 88,1.0 125,1.0 126,1.0 242,1.0 
4,1.0 64,1.0 132,1.0 237,1.0 253,1.0 355,1.0 356,1.0 357,1.0 
45,1.0 116,1.0 133,1.0 
10,1.0 240,1.0 362,1.0 363,1.0 364,1.0 365,1.0 
52,1.0 104,1.0 116,1.0 125,1.0 241,1.0 242,1.0 258,1.0 
78,1.0 104,1.0 125,1.0 216,3.0 235,3.0 239,3.0 241,1.0 242,1.0 261,3.0 285,3.0 286,3.0 
22,1.0 26,1.0 29,1.0 34,2.0 37,1.0 40,1.0 47,4.0 59,1.0 61,1.0 76,1.0 88,2.0 95,2.0 102,2.0 106,1.0 110,1.0 115,1.0 116,1.0 118,1.0 149,5.0 151,1.0 161,1.0 177,1.0 186,1.0 188,1.0 221,1.0 239,1.0 242,1.0 245,1.0 246,1.0 278,1.0 279,1.0 288,2.0 
43,1.0 46,1.0 56,5.0 61,1.0 146,2.0 151,1.0 154,1.0 260,1.0 261,1.0 262,1.0 
79,5.0 143,2.0 150,1.0 155,3.0 216,3.0 235,3.0 239,3.0 245,3.0 246,3.0 262,1.0 263,1.0 264,1.0 285,5.0 286,3.0 290,1.0 299,3.0 300,1.0 301,1.0 302,1.0 
7,1.0 22,1.0 59,1.0 97,1.0 132,2.0 143,1.0 176,1.0 181,1.0 216,3.0 261,1.0 263,1.0 264,1.0 281,2.0 354,2.0 
4,1.0 5,1.0 39,1.0 40,1.0 62,2.0 63,1.0 99,1.0 109,1.0 110,1.0 116,1.0 118,1.0 132,1.0 143,1.0 216,1.0 224,1.0 226,1.0 262,1.0 264,1.0 265,1.0 275,1.0 281,2.0 364,1.0 370,1.0 
62,1.0 63,1.0 143,1.0 263,1.0 265,1.0 
7,1.0 55,1.0 62,1.0 63,1.0 97,1.0 103,1.0 238,1.0 250,1.0 
35,1.0 47,1.0 48,1.0 63,1.0 81,1.0 82,1.0 152,1.0 267,1.0 268,1.0 274,1.0 275,1.0 
2,1.0 81,2.0 91,1.0 93,1.0 94,1.0 98,1.0 99,1.0 100,1.0 105,1.0 152,1.0 266,1.0 268,1.0 275,1.0 368,1.0 
81,1.0 152,1.0 266,1.0 267,1.0 
31,1.0 70,2.0 86,2.0 91,3.0 100,3.0 150,2.0 252,2.0 259,1.0 270,2.0 287,2.0 
70,2.0 86,2.0 252,2.0 269,2.0 
48,2.0 61,2.0 138,2.0 144,2.0 146,2.0 243,2.0 
29,1.0 
66,1.0 145,1.0 
48,1.0 266,1.0 275,1.0 
2,1.0 4,1.0 5,1.0 6,3.0 7,3.0 18,3.0 48,1.0 62,5.0 81,2.0 91,1.0 92,1.0 93,1.0 94,1.0 97,2.0 98,1.0 99,5.0 100,1.0 103,1.0 105,1.0 153,1.0 242,2.0 266,1.0 267,1.0 274,1.0 279,2.0 349,1.0 353,1.0 366,1.0 368,1.0 370,2.0 
0,2.0 3,2.0 149,1.0 153,2.0 277,2.0 
0,3.0 3,3.0 33,1.0 149,1.0 153,2.0 276,2.0 
58,7.0 149,2.0 150,1.0 160,2.0 186,1.0 188,4.0 216,1.0 242,11.0 259,1.0 278,3.0 279,11.0 280,1.0 295,1.0 315,7.0 349,7.0 
6,2.0 7,4.0 8,1.0 9,2.0 18,2.0 20,2.0 29,2.0 31,1.0 37,1.0 38,1.0 58,7.0 83,2.0 88,3.0 91,1.0 94,1.0 95,2.0 97,7.0 100,1.0 103,6.0 111,2.0 149,2.0 150,1.0 160,2.0 162,1.0 176,2.0 184,1.0 186,1.0 188,4.0 216,1.0 242,17.0 251,2.0 259,1.0 278,11.0 279,4.0 280,1.0 295,1.0 315,7.0 349,7.0 
107,1.0 186,2.0 216,2.0 218,3.0 295,1.0 350,1.0 351,1.0 
4,1.0 5,1.0 8,1.0 39,2.0 40,1.0 44,1.0 58,1.0 62,3.0 97,1.0 99,3.0 103,1.0 107,1.0 109,3.0 110,1.0 115,1.0 116,3.0 118,2.0 132,8.0 147,1.0 175,1.0 186,1.0 216,2.0 224,1.0 242,2.0 251,1.0 262,1.0 263,2.0 275,3.0 278,1.0 279,2.0 282,1.0 284,1.0 285,1.0 315,1.0 349,1.0 352,1.0 353,1.0 354,2.0 364,1.0 370,1.0 
107,1.0 132,1.0 147,1.0 281,1.0 
13,1.0 43,1.0 44,1.0 116,1.0 
44,3.0 48,3.0 107,1.0 147,1.0 281,1.0 285,1.0 
150,1.0 216,3.0 235,3.0 239,3.0 258,3.0 261,3.0 285,2.0 286,3.0 
78,5.0 137,1.0 142,1.0 147,1.0 150,1.0 155,1.0 186,3.0 216,3.0 219,3.0 235,3.0 239,3.0 245,3.0 261,3.0 285,5.0 289,1.0 295,3.0 296,1.0 297,1.0 298,1.0 
91,2.0 100,2.0 150,2.0 259,1.0 269,2.0 
54,2.0 59,1.0 88,4.0 95,4.0 102,4.0 138,5.0 139,5.0 149,2.0 152,1.0 175,2.0 218,2.0 227,1.0 256,1.0 259,2.0 288,2.0 349,5.0 361,5.0 362,1.0 
147,1.0 155,1.0 286,1.0 
78,1.0 107,1.0 143,1.0 147,1.0 148,1.0 218,5.0 221,1.0 225,3.0 291,1.0 294,1.0 300,1.0 301,1.0 302,1.0 342,2.0 
147,1.0 148,1.0 221,1.0 290,1.0 
39,1.0 72,2.0 107,1.0 113,1.0 128,3.0 132,1.0 152,2.0 154,1.0 177,3.0 219,3.0 281,1.0 
12,1.0 41,1.0 43,1.0 213,1.0 
78,1.0 290,1.0 
78,5.0 137,1.0 142,1.0 186,4.0 216,1.0 219,3.0 245,3.0 280,1.0 286,3.0 296,1.0 297,1.0 298,1.0 350,1.0 351,1.0 
72,1.0 137,1.0 142,1.0 297,1.0 298,1.0 
72,1.0 137,1.0 142,1.0 296,1.0 298,1.0 
72,1.0 137,1.0 142,1.0 296,1.0 297,1.0 
79,5.0 143,1.0 155,3.0 245,3.0 246,3.0 261,3.0 290,1.0 300,1.0 301,1.0 302,1.0 
107,1.0 143,1.0 290,1.0 301,1.0 302,1.0 
107,1.0 143,1.0 290,1.0 300,1.0 302,1.0 
107,1.0 143,1.0 290,1.0 300,1.0 301,1.0 
12,1.0 29,2.0 31,1.0 37,1.0 109,1.0 304,1.0 305,2.0 306,1.0 307,1.0 308,1.0 309,1.0 310,1.0 
12,1.0 31,1.0 303,1.0 305,1.0 
12,1.0 29,1.0 31,1.0 37,1.0 303,2.0 304,1.0 309,1.0 310,1.0 
29,1.0 109,1.0 303,1.0 307,1.0 308,1.0 
29,1.0 109,1.0 303,1.0 306,1.0 308,1.0 
29,1.0 109,1.0 303,1.0 306,1.0 307,1.0 
29,1.0 37,1.0 303,1.0 305,1.0 310,1.0 
29,1.0 37,1.0 303,1.0 305,1.0 309,1.0 
218,1.0 312,1.0 313,1.0 
218,1.0 311,1.0 313,1.0 
218,1.0 311,1.0 312,1.0 
40,2.0 44,2.0 48,2.0 
41,2.0 44,2.0 48,2.0 58,7.0 120,2.0 186,1.0 206,6.0 216,1.0 242,7.0 278,7.0 279,7.0 280,1.0 295,1.0 315,3.0 316,2.0 349,7.0 
41,2.0 43,2.0 44,2.0 48,2.0 206,4.0 
43,1.0 174,1.0 
44,1.0 45,1.0 48,1.0 69,2.0 173,1.0 
26,2.0 37,2.0 120,2.0 
25,2.0 43,2.0 
322,1.0 
323,1.0 
175,1.0 192,2.0 218,1.0 
179,1.0 
37,1.0 48,1.0 88,4.0 327,2.0 
154,1.0 173,1.0 211,2.0 
88,2.0 325,2.0 
329,4.0 
95,4.0 96,4.0 
95,1.0 96,2.0 
332,4.0 335,2.0 336,1.0 337,1.0 338,1.0 
97,4.0 
37,1.0 103,1.0 164,3.0 175,1.0 183,4.0 217,1.0 224,1.0 279,1.0 334,1.0 339,3.0 340,3.0 
97,1.0 
331,2.0 332,2.0 
331,1.0 337,1.0 338,1.0 
331,1.0 336,1.0 338,1.0 
97,1.0 
164,3.0 333,3.0 340,3.0 
97,3.0 
175,1.0 218,1.0 
142,1.0 218,2.0 290,2.0 341,1.0 343,1.0 
12,2.0 26,1.0 40,1.0 132,1.0 142,2.0 174,1.0 175,1.0 176,1.0 183,1.0 215,1.0 226,3.0 333,1.0 342,1.0 
6,2.0 7,3.0 12,1.0 18,2.0 40,1.0 83,1.0 111,1.0 226,4.0 345,2.0 
15,1.0 69,1.0 110,1.0 116,1.0 118,1.0 344,1.0 346,2.0 
6,1.0 7,1.0 8,1.0 15,1.0 18,1.0 20,1.0 69,1.0 110,1.0 116,1.0 118,1.0 175,1.0 224,1.0 226,1.0 345,1.0 348,1.0 
18,1.0 44,1.0 97,1.0 167,4.0 173,1.0 224,1.0 
175,1.0 
6,2.0 7,2.0 8,1.0 18,1.0 20,1.0 34,1.0 58,7.0 83,1.0 102,1.0 103,2.0 111,1.0 138,5.0 139,5.0 186,1.0 216,1.0 242,7.0 256,1.0 278,7.0 279,7.0 280,1.0 288,5.0 295,1.0 315,7.0 349,5.0 361,5.0 362,1.0 366,1.0 367,1.0 
115,1.0 118,1.0 281,1.0 351,1.0 352,1.0 353,1.0 
115,1.0 118,1.0 281,1.0 350,1.0 352,1.0 353,1.0 
8,1.0 97,1.0 103,1.0 115,1.0 118,1.0 242,1.0 251,1.0 279,1.0 281,1.0 353,1.0 
8,1.0 97,1.0 103,1.0 115,1.0 118,1.0 242,1.0 251,1.0 259,1.0 279,1.0 281,1.0 352,1.0 
62,2.0 99,2.0 132,2.0 275,2.0 281,2.0 
254,1.0 356,1.0 357,1.0 
50,1.0 55,1.0 57,1.0 250,1.0 357,1.0 
50,1.0 55,1.0 57,1.0 250,1.0 356,1.0 
140,1.0 141,1.0 359,1.0 360,1.0 
140,1.0 141,1.0 358,1.0 360,1.0 
140,1.0 141,1.0 358,1.0 359,1.0 
138,5.0 139,5.0 256,1.0 288,5.0 349,5.0 361,2.0 362,1.0 
256,1.0 363,1.0 364,1.0 365,1.0 
62,1.0 99,1.0 275,1.0 364,1.0 365,1.0 
4,1.0 5,1.0 40,1.0 62,2.0 99,2.0 110,1.0 116,1.0 118,1.0 132,1.0 263,1.0 275,2.0 281,1.0 363,1.0 365,1.0 370,1.0 
62,1.0 99,1.0 275,1.0 363,1.0 364,1.0 
6,1.0 7,2.0 18,1.0 83,1.0 102,1.0 103,2.0 111,1.0 349,1.0 367,1.0 
7,1.0 83,1.0 102,1.0 103,1.0 111,1.0 226,1.0 
2,1.0 81,1.0 91,1.0 93,1.0 94,1.0 98,1.0 99,1.0 100,1.0 105,1.0 267,1.0 275,1.0 
17,1.0 62,1.0 275,1.0 370,1.0 
4,1.0 5,1.0 62,2.0 99,1.0 275,2.0 353,1.0 
