1,2.0 2,6.0 3,2.0 4,2.0 5,2.0 6,2.0 18,4.0 21,4.0 22,2.0 52,4.0 57,14.0 58,2.0 80,6.0 81,6.0 84,2.0 86,2.0 87,2.0 88,2.0 89,2.0 90,2.0 94,2.0 95,4.0 96,2.0 97,2.0 98,2.0 99,2.0 106,2.0 107,2.0 
0,2.0 2,2.0 3,2.0 4,2.0 5,2.0 6,2.0 15,2.0 31,2.0 60,2.0 61,2.0 
3,2.0 4,2.0 5,2.0 6,2.0 7,2.0 8,2.0 9,2.0 11,2.0 18,4.0 21,4.0 22,2.0 29,2.0 52,4.0 58,2.0 59,2.0 73,2.0 79,2.0 
2,2.0 4,2.0 5,2.0 6,2.0 7,2.0 8,2.0 9,2.0 
2,2.0 3,2.0 5,2.0 6,6.0 7,2.0 8,2.0 9,2.0 17,2.0 18,2.0 19,2.0 20,2.0 21,2.0 22,2.0 23,2.0 
2,2.0 3,2.0 4,2.0 6,2.0 7,2.0 8,2.0 9,2.0 
2,2.0 3,2.0 4,4.0 5,2.0 6,2.0 7,2.0 8,2.0 9,2.0 17,2.0 18,2.0 19,2.0 20,4.0 21,4.0 22,4.0 23,4.0 24,2.0 25,2.0 26,2.0 27,2.0 28,2.0 
8,2.0 9,4.0 10,4.0 11,2.0 29,2.0 30,2.0 31,2.0 32,2.0 33,2.0 
7,2.0 9,2.0 10,2.0 11,2.0 
7,4.0 8,2.0 10,4.0 11,2.0 29,2.0 30,2.0 31,2.0 32,2.0 33,2.0 
0,1.0 1,2.0 7,2.0 9,2.0 11,2.0 12,2.0 13,2.0 14,2.0 29,2.0 30,5.0 31,4.0 32,2.0 33,2.0 40,2.0 41,3.0 55,2.0 56,3.0 57,1.0 60,2.0 78,1.0 
0,2.0 10,4.0 12,2.0 13,2.0 14,2.0 29,2.0 30,4.0 32,2.0 33,2.0 38,4.0 39,2.0 40,4.0 41,2.0 55,2.0 56,2.0 57,2.0 59,4.0 67,2.0 68,2.0 69,2.0 
13,2.0 14,2.0 15,2.0 16,2.0 
12,2.0 14,2.0 15,2.0 16,2.0 
12,2.0 13,2.0 15,2.0 16,2.0 
4,2.0 6,2.0 16,2.0 17,2.0 18,4.0 19,4.0 52,2.0 61,4.0 62,2.0 63,2.0 73,2.0 79,2.0 95,2.0 106,2.0 107,2.0 
4,2.0 6,2.0 15,2.0 17,2.0 18,2.0 19,2.0 
4,2.0 6,4.0 11,2.0 18,2.0 19,2.0 20,2.0 21,2.0 22,2.0 23,2.0 28,2.0 38,2.0 40,2.0 52,2.0 53,2.0 54,2.0 55,2.0 56,2.0 
2,4.0 4,2.0 6,4.0 11,2.0 17,2.0 18,2.0 19,4.0 20,2.0 21,8.0 22,10.0 23,8.0 24,2.0 25,8.0 27,2.0 28,2.0 29,2.0 47,4.0 48,2.0 49,2.0 50,2.0 51,2.0 52,8.0 58,2.0 59,2.0 62,2.0 63,2.0 64,6.0 65,2.0 66,2.0 73,2.0 79,2.0 108,2.0 
4,2.0 6,4.0 17,2.0 18,6.0 20,2.0 21,2.0 22,7.0 23,4.0 25,2.0 28,2.0 47,4.0 48,2.0 50,2.0 51,2.0 52,2.0 53,1.0 54,1.0 62,2.0 63,2.0 64,3.0 75,2.0 76,2.0 
6,2.0 21,2.0 22,2.0 23,2.0 24,2.0 25,2.0 26,2.0 27,2.0 28,2.0 
2,4.0 6,2.0 11,2.0 18,6.0 20,2.0 22,6.0 23,2.0 24,4.0 25,8.0 26,2.0 27,2.0 28,2.0 29,2.0 47,2.0 48,4.0 49,4.0 50,2.0 51,2.0 52,4.0 58,2.0 59,2.0 73,2.0 75,2.0 79,2.0 
0,2.0 1,1.0 2,2.0 6,2.0 18,6.0 19,3.0 20,2.0 21,6.0 23,6.0 24,2.0 25,6.0 26,2.0 27,4.0 28,6.0 47,8.0 48,4.0 49,4.0 50,4.0 51,4.0 52,4.0 53,1.0 54,1.0 57,1.0 64,5.0 65,2.0 66,2.0 73,2.0 75,4.0 76,2.0 79,2.0 108,2.0 
6,2.0 18,2.0 20,2.0 21,2.0 22,6.0 24,2.0 25,4.0 26,2.0 27,4.0 28,4.0 47,4.0 49,2.0 50,2.0 51,2.0 64,4.0 65,2.0 66,2.0 
7,2.0 9,2.0 10,2.0 11,2.0 17,2.0 25,4.0 26,2.0 27,2.0 28,4.0 29,2.0 30,2.0 34,2.0 35,2.0 36,2.0 37,2.0 38,2.0 39,2.0 49,4.0 50,2.0 51,2.0 52,4.0 53,2.0 54,2.0 91,2.0 92,2.0 93,2.0 
7,2.0 9,2.0 10,2.0 17,2.0 18,4.0 21,4.0 22,4.0 23,2.0 24,6.0 25,2.0 26,2.0 27,4.0 28,6.0 29,2.0 30,2.0 47,4.0 48,4.0 49,6.0 50,4.0 51,4.0 52,2.0 53,2.0 54,2.0 64,2.0 65,2.0 66,2.0 75,2.0 
7,2.0 9,2.0 10,2.0 24,2.0 25,2.0 27,2.0 28,2.0 29,2.0 30,2.0 
7,2.0 9,2.0 10,3.0 11,2.0 19,1.0 22,1.0 24,2.0 25,2.0 26,2.0 28,4.0 29,2.0 30,5.0 41,1.0 47,2.0 53,3.0 54,3.0 56,1.0 59,2.0 62,2.0 64,1.0 65,2.0 66,2.0 67,2.0 68,2.0 77,2.0 78,1.0 
7,2.0 9,2.0 10,4.0 11,4.0 17,2.0 24,2.0 25,2.0 26,2.0 27,6.0 29,2.0 30,4.0 35,2.0 38,2.0 40,2.0 41,2.0 47,4.0 49,4.0 50,4.0 51,4.0 52,2.0 53,4.0 54,4.0 55,4.0 56,2.0 59,2.0 62,2.0 65,2.0 66,2.0 67,2.0 68,2.0 70,2.0 71,2.0 76,2.0 77,2.0 108,2.0 
7,2.0 9,2.0 10,4.0 11,2.0 30,4.0 31,2.0 32,2.0 33,2.0 59,2.0 
0,1.0 1,2.0 7,2.0 9,2.0 10,5.0 11,2.0 29,2.0 31,4.0 32,4.0 33,4.0 41,1.0 56,1.0 57,1.0 59,2.0 60,2.0 67,2.0 68,2.0 69,2.0 78,1.0 
1,2.0 15,2.0 24,2.0 32,4.0 33,2.0 34,2.0 35,2.0 36,2.0 37,2.0 44,2.0 60,2.0 61,2.0 69,2.0 72,2.0 
21,2.0 22,2.0 24,2.0 25,2.0 28,2.0 31,2.0 33,4.0 34,2.0 35,4.0 36,2.0 37,2.0 49,4.0 69,8.0 70,2.0 71,2.0 82,2.0 83,2.0 84,2.0 85,2.0 103,2.0 104,2.0 105,2.0 106,2.0 109,2.0 115,2.0 118,2.0 119,2.0 
24,2.0 28,2.0 31,2.0 32,4.0 34,2.0 35,4.0 36,2.0 37,2.0 49,2.0 69,2.0 70,2.0 71,2.0 
11,2.0 24,2.0 35,2.0 36,2.0 37,2.0 38,2.0 39,2.0 
10,2.0 11,2.0 24,2.0 28,2.0 34,2.0 36,2.0 37,2.0 38,2.0 39,2.0 41,2.0 49,2.0 55,2.0 70,2.0 71,2.0 
11,2.0 24,2.0 34,2.0 35,2.0 37,2.0 38,2.0 39,2.0 45,2.0 72,2.0 73,2.0 74,2.0 
11,2.0 24,2.0 34,2.0 35,2.0 36,2.0 38,2.0 39,2.0 
0,2.0 11,4.0 39,2.0 40,4.0 41,2.0 55,2.0 56,2.0 57,2.0 
11,2.0 38,2.0 40,2.0 41,2.0 
0,2.0 11,2.0 36,2.0 38,2.0 41,2.0 42,2.0 43,2.0 44,2.0 55,2.0 56,4.0 57,2.0 72,2.0 73,2.0 
0,1.0 10,3.0 30,1.0 40,4.0 42,2.0 43,2.0 44,2.0 55,2.0 56,3.0 57,1.0 78,1.0 
43,2.0 44,2.0 45,2.0 46,2.0 
42,2.0 44,2.0 45,2.0 46,2.0 
31,2.0 32,2.0 42,2.0 43,2.0 45,2.0 46,2.0 69,2.0 72,2.0 
18,2.0 19,2.0 21,2.0 22,2.0 25,2.0 46,2.0 47,4.0 48,4.0 74,2.0 75,2.0 
18,2.0 21,2.0 25,2.0 45,2.0 47,2.0 48,2.0 
0,2.0 1,1.0 11,2.0 18,2.0 19,2.0 21,2.0 22,4.0 24,2.0 25,4.0 27,4.0 28,6.0 30,2.0 47,2.0 48,4.0 49,4.0 50,8.0 51,8.0 53,2.0 54,2.0 57,1.0 59,2.0 62,2.0 65,2.0 66,2.0 67,2.0 68,2.0 75,2.0 76,4.0 77,2.0 
18,2.0 19,2.0 21,2.0 22,2.0 24,2.0 25,4.0 28,2.0 47,6.0 49,2.0 50,4.0 51,4.0 73,2.0 75,6.0 76,2.0 79,2.0 80,2.0 81,2.0 95,2.0 106,2.0 107,2.0 
0,2.0 1,1.0 10,2.0 17,2.0 21,2.0 22,4.0 24,4.0 25,4.0 28,6.0 35,2.0 41,2.0 47,2.0 48,2.0 50,6.0 51,6.0 52,4.0 53,2.0 54,2.0 55,2.0 57,1.0 70,2.0 71,2.0 75,2.0 91,2.0 92,2.0 93,2.0 108,2.0 
0,2.0 1,1.0 17,2.0 22,2.0 24,2.0 25,2.0 27,2.0 28,4.0 47,4.0 49,4.0 51,8.0 52,2.0 53,4.0 54,4.0 57,1.0 62,2.0 76,2.0 77,2.0 95,2.0 106,2.0 109,2.0 110,2.0 111,2.0 
0,2.0 1,1.0 17,2.0 22,2.0 24,2.0 25,2.0 27,2.0 28,4.0 47,4.0 49,4.0 50,8.0 52,2.0 53,4.0 54,4.0 57,1.0 62,2.0 76,2.0 77,2.0 95,2.0 106,2.0 109,2.0 110,2.0 111,2.0 
2,4.0 11,4.0 17,2.0 18,10.0 19,2.0 21,4.0 22,6.0 23,4.0 24,2.0 25,2.0 28,2.0 29,2.0 38,2.0 40,2.0 49,2.0 53,2.0 54,2.0 55,2.0 56,2.0 58,2.0 59,2.0 62,2.0 63,2.0 64,4.0 73,2.0 79,2.0 91,2.0 92,2.0 93,2.0 108,2.0 
10,1.0 11,2.0 17,2.0 19,2.0 22,2.0 27,2.0 28,2.0 30,1.0 38,2.0 40,2.0 41,1.0 52,2.0 53,1.0 54,6.0 55,2.0 56,3.0 62,2.0 64,2.0 77,2.0 78,1.0 
10,1.0 11,2.0 17,2.0 19,2.0 22,2.0 27,2.0 28,2.0 30,1.0 38,2.0 40,2.0 41,1.0 52,2.0 53,6.0 54,1.0 55,2.0 56,3.0 62,2.0 64,2.0 77,2.0 78,1.0 
0,2.0 10,2.0 11,2.0 38,2.0 40,4.0 41,2.0 56,4.0 57,2.0 
0,3.0 10,1.0 11,2.0 30,1.0 36,2.0 38,2.0 40,4.0 41,1.0 55,2.0 57,3.0 72,2.0 73,2.0 78,1.0 
0,14.0 2,4.0 18,4.0 21,4.0 22,2.0 52,4.0 58,2.0 80,6.0 81,6.0 84,2.0 86,2.0 87,2.0 88,2.0 89,2.0 90,2.0 94,2.0 95,4.0 96,2.0 97,2.0 98,2.0 99,2.0 106,2.0 107,2.0 
2,2.0 11,2.0 18,2.0 21,2.0 29,2.0 52,2.0 59,2.0 94,2.0 95,2.0 96,2.0 97,2.0 101,2.0 
10,2.0 11,4.0 29,2.0 30,4.0 32,2.0 33,2.0 67,2.0 68,2.0 69,2.0 
1,2.0 15,2.0 31,2.0 61,2.0 
15,4.0 18,2.0 19,2.0 52,2.0 62,2.0 63,2.0 73,2.0 79,2.0 95,2.0 106,2.0 107,2.0 
10,1.0 18,4.0 19,3.0 22,3.0 23,2.0 25,2.0 27,2.0 30,1.0 41,1.0 52,2.0 53,3.0 54,3.0 56,1.0 63,2.0 64,3.0 77,2.0 78,1.0 
18,4.0 19,2.0 22,2.0 23,2.0 25,2.0 52,2.0 62,2.0 64,2.0 73,2.0 79,2.0 102,2.0 
18,2.0 19,1.0 22,5.0 23,4.0 25,2.0 27,2.0 28,2.0 47,4.0 49,2.0 50,2.0 51,2.0 53,1.0 54,1.0 65,2.0 66,2.0 
11,2.0 27,2.0 28,2.0 30,2.0 47,2.0 59,2.0 66,2.0 67,2.0 68,2.0 
11,2.0 27,2.0 28,2.0 30,2.0 47,2.0 59,2.0 65,2.0 67,2.0 68,2.0 
11,2.0 30,2.0 32,2.0 33,2.0 59,2.0 68,2.0 69,2.0 
11,2.0 30,2.0 32,2.0 33,2.0 59,2.0 67,2.0 69,2.0 
21,2.0 22,2.0 25,2.0 28,2.0 32,8.0 33,2.0 35,2.0 49,4.0 70,2.0 71,2.0 82,2.0 83,2.0 84,2.0 85,2.0 103,2.0 104,2.0 105,2.0 106,2.0 109,2.0 115,2.0 118,2.0 119,2.0 
10,2.0 28,4.0 35,2.0 41,2.0 49,4.0 55,2.0 71,2.0 98,2.0 108,2.0 
10,2.0 28,2.0 35,2.0 41,2.0 49,2.0 55,2.0 70,2.0 
31,2.0 32,2.0 36,2.0 44,2.0 45,2.0 69,2.0 73,2.0 74,2.0 
0,4.0 36,2.0 45,2.0 57,4.0 70,2.0 72,2.0 74,2.0 79,8.0 86,2.0 87,2.0 95,2.0 98,2.0 106,2.0 107,2.0 
19,2.0 22,2.0 45,2.0 47,2.0 48,2.0 75,2.0 
19,2.0 22,2.0 28,2.0 47,4.0 48,6.0 50,2.0 51,2.0 73,2.0 76,2.0 79,2.0 80,2.0 81,2.0 95,2.0 106,2.0 107,2.0 
27,2.0 28,2.0 47,2.0 50,2.0 51,2.0 53,2.0 54,2.0 62,2.0 77,2.0 
10,1.0 19,1.0 22,1.0 27,2.0 30,1.0 41,1.0 53,3.0 54,3.0 56,1.0 62,2.0 64,1.0 78,1.0 
0,1.0 10,1.0 30,1.0 41,1.0 56,1.0 57,1.0 
0,4.0 57,4.0 58,2.0 70,2.0 73,8.0 86,2.0 87,2.0 94,2.0 95,4.0 96,2.0 97,2.0 98,2.0 100,2.0 101,2.0 106,2.0 107,2.0 
0,2.0 24,2.0 32,4.0 49,2.0 52,2.0 57,2.0 69,4.0 81,8.0 82,2.0 83,2.0 84,4.0 85,2.0 88,2.0 89,2.0 90,2.0 91,2.0 95,2.0 106,2.0 107,2.0 
0,2.0 24,2.0 32,4.0 49,2.0 52,2.0 57,2.0 69,4.0 80,8.0 82,2.0 83,2.0 84,4.0 85,2.0 88,2.0 89,2.0 90,2.0 91,2.0 95,2.0 106,2.0 107,2.0 
21,2.0 22,2.0 25,2.0 32,2.0 49,2.0 69,2.0 83,2.0 84,2.0 85,2.0 
21,2.0 22,2.0 25,2.0 32,2.0 49,2.0 69,2.0 82,2.0 84,2.0 85,2.0 
21,2.0 22,2.0 24,2.0 25,2.0 32,2.0 49,4.0 52,2.0 69,2.0 80,2.0 81,2.0 82,2.0 83,2.0 85,2.0 88,2.0 89,2.0 90,2.0 91,2.0 
21,2.0 22,2.0 25,2.0 32,2.0 49,2.0 69,2.0 82,2.0 83,2.0 84,2.0 
0,2.0 15,2.0 57,2.0 61,2.0 87,4.0 95,2.0 106,2.0 107,2.0 
0,2.0 15,2.0 57,2.0 61,2.0 86,4.0 95,2.0 106,2.0 107,2.0 
24,2.0 49,2.0 52,2.0 80,2.0 81,2.0 84,2.0 89,2.0 90,2.0 91,2.0 
24,2.0 49,2.0 52,2.0 80,2.0 81,2.0 84,2.0 88,2.0 90,2.0 91,2.0 
24,2.0 49,2.0 52,2.0 80,2.0 81,2.0 84,2.0 88,2.0 89,2.0 91,2.0 
24,2.0 49,2.0 52,2.0 92,2.0 93,2.0 
0,2.0 57,2.0 93,2.0 94,2.0 95,2.0 96,2.0 97,2.0 
0,2.0 57,2.0 92,2.0 94,2.0 95,2.0 96,2.0 97,2.0 
0,2.0 31,2.0 44,2.0 57,2.0 58,2.0 63,2.0 72,2.0 79,2.0 95,6.0 96,6.0 97,6.0 98,2.0 99,2.0 100,2.0 101,2.0 102,2.0 106,2.0 115,2.0 116,2.0 117,2.0 
0,4.0 15,2.0 57,4.0 58,2.0 61,2.0 63,2.0 70,2.0 73,2.0 79,4.0 80,2.0 81,2.0 86,2.0 87,2.0 94,6.0 96,8.0 97,6.0 98,4.0 99,2.0 100,2.0 101,2.0 102,2.0 106,10.0 107,6.0 109,2.0 110,2.0 111,2.0 112,2.0 113,2.0 114,2.0 
0,2.0 57,2.0 58,2.0 63,2.0 79,2.0 94,8.0 95,6.0 97,6.0 98,2.0 99,2.0 100,2.0 101,2.0 102,2.0 106,4.0 112,2.0 113,2.0 114,2.0 115,2.0 116,2.0 117,2.0 
0,2.0 57,2.0 58,2.0 63,2.0 79,2.0 94,6.0 95,6.0 96,6.0 98,2.0 99,2.0 100,2.0 101,2.0 102,2.0 
28,2.0 49,2.0 70,2.0 79,2.0 94,2.0 95,2.0 96,2.0 97,2.0 99,2.0 100,2.0 108,2.0 
79,2.0 94,2.0 95,2.0 96,2.0 97,2.0 98,2.0 100,2.0 
58,2.0 79,2.0 94,2.0 95,2.0 96,2.0 97,2.0 101,2.0 
58,2.0 94,2.0 95,2.0 96,2.0 97,2.0 
63,2.0 73,2.0 79,2.0 
48,2.0 75,2.0 104,2.0 105,2.0 
48,2.0 75,2.0 103,2.0 105,2.0 
48,2.0 75,2.0 103,2.0 104,2.0 
0,2.0 15,2.0 18,2.0 22,2.0 31,2.0 44,2.0 52,2.0 57,2.0 61,2.0 70,2.0 72,2.0 73,2.0 79,2.0 80,2.0 81,2.0 86,2.0 87,2.0 94,4.0 95,8.0 96,4.0 98,2.0 106,4.0 107,6.0 108,2.0 109,4.0 110,2.0 111,2.0 112,4.0 113,4.0 114,4.0 115,6.0 116,4.0 117,4.0 118,2.0 119,2.0 
0,2.0 15,2.0 57,2.0 61,2.0 70,2.0 73,2.0 79,2.0 80,2.0 81,2.0 86,2.0 87,2.0 95,6.0 98,2.0 106,6.0 
18,2.0 22,2.0 23,2.0 28,2.0 49,2.0 50,2.0 51,2.0 52,2.0 64,2.0 
18,2.0 22,2.0 52,2.0 95,2.0 96,2.0 106,6.0 108,2.0 110,2.0 111,2.0 112,2.0 113,2.0 114,2.0 115,2.0 118,2.0 119,2.0 
95,2.0 96,2.0 106,4.0 109,2.0 111,2.0 112,2.0 113,2.0 114,2.0 
95,2.0 96,2.0 106,4.0 109,2.0 110,2.0 112,2.0 113,2.0 114,2.0 
94,2.0 96,2.0 106,4.0 113,2.0 114,2.0 115,2.0 116,2.0 117,2.0 
94,2.0 96,2.0 106,4.0 112,2.0 114,2.0 115,2.0 116,2.0 117,2.0 
94,2.0 96,2.0 106,4.0 112,2.0 113,2.0 115,2.0 116,2.0 117,2.0 
18,2.0 22,2.0 31,2.0 44,2.0 52,2.0 72,2.0 94,2.0 106,4.0 108,2.0 109,2.0 116,2.0 117,2.0 118,2.0 119,2.0 
31,2.0 44,2.0 72,2.0 94,2.0 106,2.0 115,2.0 117,2.0 
31,2.0 44,2.0 72,2.0 94,2.0 106,2.0 115,2.0 116,2.0 
18,2.0 22,2.0 52,2.0 106,2.0 108,2.0 109,2.0 115,2.0 119,2.0 
18,2.0 22,2.0 52,2.0 106,2.0 108,2.0 109,2.0 115,2.0 118,2.0 
