0,1.0 1,1.0 7,2.0 9,7.0 10,2.0 11,6.0 12,2.0 13,2.0 15,3.0 20,6.0 23,5.0 25,4.0 29,2.0 33,2.0 37,2.0 44,2.0 52,2.0 
1,1.0 2,1.0 5,1.0 6,2.0 7,1.0 11,1.0 14,3.0 19,3.0 23,3.0 44,2.0 45,2.0 56,1.0 57,1.0 59,2.0 60,2.0 
3,1.0 4,3.0 5,3.0 6,2.0 7,2.0 27,2.0 
4,1.0 5,4.0 6,4.0 7,4.0 13,4.0 14,4.0 24,2.0 26,2.0 28,2.0 46,2.0 
2,2.0 3,1.0 5,5.0 6,5.0 7,3.0 27,2.0 
0,3.0 2,2.0 3,4.0 4,3.0 6,9.0 7,11.0 15,4.0 16,2.0 20,2.0 25,2.0 26,4.0 27,6.0 28,2.0 47,2.0 52,2.0 
0,2.0 4,2.0 5,6.0 7,12.0 8,4.0 9,2.0 10,1.0 11,1.0 21,1.0 24,3.0 26,6.0 27,2.0 44,2.0 
0,5.0 2,2.0 4,4.0 5,3.0 6,11.0 8,4.0 9,2.0 10,7.0 11,1.0 13,2.0 22,4.0 23,4.0 24,8.0 25,4.0 26,8.0 27,4.0 28,2.0 33,2.0 44,2.0 
9,4.0 10,1.0 11,4.0 26,3.0 44,2.0 
0,5.0 8,1.0 9,1.0 10,2.0 11,5.0 12,6.0 13,2.0 14,4.0 17,4.0 18,2.0 21,2.0 23,4.0 26,3.0 40,2.0 41,2.0 48,2.0 
0,4.0 7,6.0 9,2.0 11,6.0 12,2.0 13,2.0 22,4.0 23,5.0 24,6.0 28,2.0 
0,7.0 1,3.0 5,2.0 6,1.0 9,6.0 10,6.0 11,1.0 12,6.0 13,6.0 14,6.0 16,6.0 19,3.0 20,2.0 21,2.0 23,2.0 24,3.0 25,8.0 26,3.0 29,6.0 31,2.0 32,4.0 33,4.0 35,2.0 38,2.0 43,4.0 44,1.0 61,2.0 62,1.0 
3,6.0 9,2.0 10,2.0 14,2.0 17,2.0 20,2.0 31,2.0 34,4.0 40,2.0 41,4.0 50,2.0 
2,2.0 4,2.0 5,4.0 7,2.0 11,6.0 14,8.0 15,4.0 16,6.0 18,2.0 19,2.0 21,2.0 25,8.0 27,2.0 28,2.0 29,4.0 31,2.0 33,2.0 49,2.0 
1,2.0 5,2.0 11,2.0 12,2.0 13,6.0 15,4.0 16,2.0 18,2.0 19,4.0 20,2.0 21,5.0 28,2.0 29,6.0 33,2.0 34,2.0 35,2.0 40,2.0 41,4.0 48,2.0 49,2.0 50,2.0 51,2.0 59,2.0 60,2.0 
5,4.0 12,2.0 16,2.0 17,2.0 20,2.0 27,3.0 28,2.0 47,2.0 49,2.0 
1,3.0 5,2.0 6,2.0 9,2.0 10,1.0 11,5.0 12,2.0 14,3.0 17,2.0 19,2.0 25,4.0 27,2.0 29,2.0 43,2.0 55,1.0 61,1.0 
9,4.0 12,2.0 13,2.0 14,6.0 18,2.0 20,2.0 21,2.0 34,2.0 41,2.0 48,2.0 50,2.0 
13,2.0 14,2.0 19,2.0 
1,3.0 11,4.0 12,2.0 14,2.0 16,2.0 20,4.0 23,4.0 43,2.0 45,2.0 61,1.0 62,1.0 
0,5.0 7,4.0 9,1.0 10,2.0 11,4.0 12,3.0 13,4.0 14,2.0 17,2.0 21,8.0 25,4.0 33,2.0 34,2.0 41,2.0 43,2.0 44,1.0 50,2.0 52,2.0 
1,1.0 7,4.0 10,4.0 11,2.0 13,2.0 14,2.0 19,2.0 20,4.0 22,4.0 25,4.0 29,2.0 30,2.0 31,1.0 33,2.0 36,1.0 43,2.0 48,2.0 53,1.0 54,1.0 
7,4.0 10,4.0 23,4.0 24,4.0 
0,4.0 1,2.0 9,4.0 11,5.0 12,2.0 13,4.0 14,2.0 19,4.0 21,1.0 24,4.0 45,2.0 62,1.0 
6,1.0 11,6.0 13,6.0 20,2.0 21,3.0 23,4.0 26,4.0 28,2.0 31,2.0 32,2.0 33,4.0 38,2.0 39,2.0 42,2.0 
0,3.0 1,2.0 2,2.0 4,2.0 5,4.0 6,2.0 7,4.0 9,1.0 11,2.0 12,1.0 13,2.0 16,4.0 20,2.0 21,2.0 25,2.0 26,2.0 27,6.0 29,2.0 30,4.0 31,2.0 33,2.0 44,1.0 
0,4.0 1,2.0 5,1.0 7,3.0 9,3.0 11,3.0 12,3.0 20,2.0 21,2.0 24,4.0 33,4.0 44,2.0 68,1.0 69,1.0 70,1.0 
2,2.0 3,3.0 4,2.0 5,7.0 6,4.0 7,6.0 25,2.0 26,4.0 33,2.0 
9,2.0 11,2.0 13,4.0 14,2.0 15,2.0 17,2.0 24,2.0 31,2.0 34,2.0 36,2.0 47,2.0 49,2.0 65,1.0 66,1.0 
10,2.0 11,4.0 12,2.0 14,4.0 16,2.0 20,2.0 21,4.0 24,2.0 25,4.0 30,2.0 31,2.0 32,2.0 38,2.0 41,2.0 
25,2.0 31,2.0 
0,2.0 11,2.0 12,2.0 13,2.0 16,1.0 24,4.0 32,4.0 34,4.0 36,1.0 37,2.0 38,2.0 39,2.0 42,2.0 55,1.0 
11,2.0 14,2.0 24,2.0 29,2.0 31,2.0 38,2.0 39,2.0 
1,2.0 3,2.0 5,2.0 6,2.0 7,2.0 11,2.0 12,2.0 26,2.0 28,2.0 31,4.0 35,2.0 36,2.0 43,2.0 44,2.0 
11,2.0 13,2.0 14,4.0 31,2.0 41,2.0 47,1.0 50,2.0 51,2.0 66,1.0 67,1.0 
28,2.0 33,2.0 36,2.0 
16,1.0 28,2.0 31,3.0 34,2.0 55,1.0 
0,2.0 11,2.0 29,2.0 
24,2.0 31,2.0 32,2.0 39,2.0 
14,2.0 40,2.0 
0,2.0 11,2.0 14,2.0 20,2.0 25,2.0 29,2.0 41,4.0 
0,2.0 10,2.0 11,4.0 14,2.0 20,2.0 25,2.0 29,2.0 34,2.0 40,2.0 50,2.0 51,2.0 
24,2.0 33,2.0 
1,1.0 5,2.0 11,5.0 14,1.0 16,2.0 19,2.0 33,2.0 61,1.0 
0,1.0 1,2.0 8,2.0 9,2.0 11,2.0 19,2.0 23,3.0 26,2.0 45,2.0 
12,2.0 19,2.0 23,2.0 
5,2.0 15,2.0 
9,2.0 17,2.0 28,2.0 34,1.0 66,1.0 67,1.0 
14,2.0 19,2.0 21,2.0 
12,2.0 15,2.0 17,2.0 20,2.0 
14,2.0 34,2.0 41,2.0 51,2.0 
7,2.0 
0,2.0 7,2.0 13,2.0 20,2.0 25,2.0 
16,1.0 54,1.0 
16,1.0 53,1.0 
11,1.0 16,1.0 
57,1.0 58,1.0 
56,1.0 58,1.0 
1,1.0 11,1.0 19,1.0 23,1.0 
11,2.0 16,2.0 19,2.0 43,2.0 60,2.0 
11,2.0 16,2.0 19,2.0 43,2.0 59,2.0 
11,1.0 62,1.0 
63,1.0 64,1.0 
64,1.0 
28,1.0 34,1.0 47,1.0 65,1.0 
28,1.0 66,1.0 
19,1.0 23,1.0 26,1.0 67,1.0 68,1.0 
26,1.0 66,1.0 68,1.0 
26,1.0 69,1.0 70,1.0 
69,1.0 70,1.0 71,1.0 72,1.0 73,1.0 
69,2.0 
72,1.0 73,1.0 
71,1.0 73,1.0 
71,1.0 72,1.0 
