0,14.0 1,4.0 2,36.0 3,4.0 4,4.0 5,6.0 6,2.0 7,4.0 8,4.0 9,10.0 10,4.0 11,15.0 12,54.0 13,2.0 14,2.0 18,2.0 20,26.0 21,22.0 22,6.0 23,12.0 24,4.0 25,10.0 28,2.0 29,4.0 30,6.0 31,4.0 32,6.0 38,6.0 42,6.0 46,2.0 49,2.0 50,2.0 51,2.0 52,4.0 55,4.0 56,5.0 57,13.0 60,2.0 62,2.0 
0,4.0 2,4.0 3,4.0 9,2.0 12,2.0 16,2.0 17,2.0 
0,6.0 3,4.0 4,8.0 5,8.0 6,2.0 7,2.0 8,2.0 11,4.0 14,2.0 15,2.0 18,2.0 19,2.0 20,2.0 21,22.0 22,2.0 23,2.0 24,4.0 25,10.0 26,2.0 27,2.0 31,4.0 33,8.0 39,4.0 43,2.0 52,4.0 55,2.0 58,4.0 59,4.0 61,2.0 62,2.0 63,2.0 
0,2.0 2,4.0 4,4.0 5,4.0 6,2.0 7,2.0 8,2.0 
0,4.0 1,2.0 2,2.0 5,4.0 6,2.0 7,2.0 8,2.0 9,2.0 10,2.0 11,2.0 12,4.0 15,2.0 16,2.0 17,2.0 18,2.0 19,2.0 
0,8.0 2,2.0 4,4.0 6,2.0 7,2.0 8,2.0 9,4.0 10,2.0 11,4.0 12,2.0 20,2.0 21,2.0 22,2.0 23,2.0 
0,2.0 4,2.0 5,2.0 7,2.0 8,2.0 9,2.0 
0,4.0 4,2.0 5,2.0 6,2.0 8,4.0 9,2.0 42,2.0 49,2.0 50,2.0 51,2.0 
0,4.0 4,2.0 5,2.0 6,2.0 7,4.0 9,2.0 42,2.0 49,2.0 50,2.0 51,2.0 
0,10.0 1,2.0 10,2.0 12,8.0 13,2.0 20,2.0 23,2.0 
0,4.0 2,2.0 4,2.0 9,2.0 11,2.0 12,6.0 13,2.0 16,4.0 18,2.0 20,2.0 22,4.0 23,2.0 30,4.0 40,2.0 42,2.0 43,2.0 
0,19.0 1,1.0 2,2.0 9,6.0 10,2.0 12,19.0 20,9.0 26,2.0 30,2.0 33,2.0 34,2.0 35,2.0 38,2.0 42,2.0 56,3.0 57,5.0 60,2.0 62,2.0 
0,54.0 1,3.0 2,24.0 5,2.0 9,8.0 10,6.0 11,14.0 12,13.0 13,2.0 16,8.0 17,2.0 20,29.0 21,28.0 22,4.0 23,10.0 24,4.0 25,10.0 26,2.0 30,10.0 31,4.0 32,2.0 34,2.0 35,2.0 36,2.0 37,2.0 38,4.0 40,2.0 42,6.0 43,2.0 46,2.0 52,2.0 55,4.0 56,4.0 57,12.0 60,2.0 62,2.0 
0,2.0 2,2.0 14,4.0 16,2.0 22,2.0 37,2.0 41,2.0 
2,2.0 4,2.0 15,2.0 37,2.0 38,2.0 39,2.0 41,2.0 
1,2.0 4,2.0 12,4.0 16,2.0 17,2.0 20,2.0 
1,2.0 9,2.0 12,4.0 13,2.0 14,2.0 17,2.0 21,2.0 22,6.0 23,4.0 24,4.0 30,2.0 31,2.0 37,8.0 41,6.0 
1,2.0 9,2.0 12,2.0 16,2.0 
2,2.0 4,2.0 19,2.0 
0,2.0 11,4.0 12,4.0 20,4.0 26,2.0 
0,26.0 1,1.0 2,10.0 9,6.0 10,2.0 11,8.0 12,27.0 13,2.0 16,4.0 20,1.0 21,10.0 22,8.0 23,4.0 25,12.0 26,2.0 28,2.0 29,2.0 30,4.0 31,2.0 34,2.0 40,2.0 42,2.0 45,2.0 46,2.0 55,2.0 56,2.0 57,4.0 
0,4.0 2,22.0 5,4.0 11,4.0 15,2.0 19,2.0 20,2.0 22,2.0 23,2.0 24,4.0 25,10.0 27,2.0 31,4.0 33,8.0 37,2.0 38,2.0 39,6.0 52,2.0 55,2.0 58,2.0 59,4.0 61,2.0 
0,8.0 5,2.0 9,2.0 12,2.0 13,2.0 14,2.0 16,8.0 20,4.0 22,2.0 23,8.0 24,4.0 28,2.0 29,2.0 32,2.0 34,2.0 37,6.0 41,6.0 45,2.0 46,2.0 
0,12.0 2,4.0 5,2.0 9,2.0 12,8.0 16,4.0 20,2.0 21,4.0 22,6.0 24,10.0 29,2.0 30,2.0 32,4.0 37,4.0 38,4.0 41,4.0 42,2.0 46,2.0 51,2.0 52,2.0 53,2.0 54,2.0 57,2.0 
2,4.0 15,2.0 21,4.0 28,2.0 37,4.0 39,2.0 41,4.0 43,2.0 44,2.0 47,2.0 48,2.0 52,2.0 
2,10.0 19,2.0 21,10.0 26,2.0 27,2.0 31,2.0 33,4.0 58,2.0 59,4.0 
0,4.0 1,1.0 11,2.0 12,3.0 20,3.0 23,2.0 30,2.0 32,2.0 
0,2.0 20,2.0 22,2.0 28,2.0 
0,2.0 20,4.0 22,4.0 29,2.0 34,2.0 44,2.0 45,2.0 46,2.0 
0,4.0 12,2.0 20,2.0 30,4.0 
0,6.0 2,4.0 10,4.0 12,10.0 13,2.0 16,6.0 20,4.0 21,4.0 22,4.0 23,4.0 25,2.0 29,2.0 31,6.0 32,2.0 34,2.0 35,2.0 36,2.0 37,2.0 40,2.0 42,2.0 43,2.0 
2,4.0 11,2.0 21,4.0 25,2.0 26,2.0 33,2.0 37,2.0 38,2.0 39,2.0 
0,10.0 12,6.0 20,2.0 22,2.0 23,4.0 29,2.0 30,2.0 46,2.0 57,2.0 
0,6.0 11,4.0 12,8.0 20,2.0 23,2.0 30,2.0 32,2.0 34,2.0 35,2.0 46,2.0 56,4.0 57,6.0 59,4.0 60,2.0 
12,2.0 16,2.0 20,2.0 22,4.0 23,2.0 30,2.0 35,2.0 36,2.0 45,2.0 46,2.0 
12,2.0 30,2.0 34,2.0 36,2.0 
12,2.0 16,2.0 30,2.0 
14,2.0 21,2.0 24,4.0 28,2.0 31,2.0 38,4.0 39,4.0 41,6.0 44,2.0 47,2.0 48,2.0 
0,4.0 2,4.0 10,4.0 12,6.0 20,2.0 21,2.0 23,4.0 24,2.0 30,4.0 39,4.0 40,2.0 42,4.0 43,2.0 51,2.0 52,4.0 53,2.0 54,2.0 
0,4.0 10,4.0 12,8.0 20,4.0 30,4.0 38,4.0 40,2.0 42,4.0 43,2.0 55,4.0 57,4.0 61,2.0 
10,2.0 12,2.0 13,2.0 16,2.0 20,2.0 22,2.0 30,2.0 
14,2.0 24,4.0 28,2.0 37,6.0 38,2.0 39,2.0 44,2.0 47,2.0 48,2.0 
0,10.0 10,2.0 11,4.0 12,10.0 16,2.0 20,4.0 22,2.0 23,6.0 30,2.0 38,4.0 43,2.0 51,4.0 53,2.0 54,2.0 55,2.0 57,4.0 
10,2.0 12,2.0 16,2.0 22,2.0 23,4.0 30,2.0 38,2.0 42,4.0 51,2.0 53,2.0 
20,2.0 22,2.0 28,2.0 34,2.0 45,2.0 46,2.0 
16,2.0 20,2.0 22,4.0 23,2.0 34,2.0 46,2.0 
0,4.0 12,4.0 16,2.0 20,4.0 22,4.0 23,4.0 32,2.0 34,2.0 45,2.0 57,2.0 
0,2.0 7,2.0 8,2.0 48,2.0 49,2.0 50,2.0 
0,2.0 7,2.0 8,2.0 47,2.0 49,2.0 50,2.0 
0,2.0 7,2.0 8,2.0 42,2.0 50,2.0 51,2.0 
0,2.0 7,2.0 8,2.0 42,2.0 49,2.0 51,2.0 
0,2.0 23,4.0 38,4.0 42,4.0 53,2.0 54,2.0 
2,4.0 21,2.0 24,2.0 39,2.0 43,2.0 61,2.0 
23,2.0 38,2.0 42,2.0 51,2.0 54,2.0 
0,2.0 12,2.0 
0,10.0 11,2.0 12,8.0 20,4.0 22,2.0 32,2.0 42,2.0 57,4.0 
0,9.0 11,3.0 12,8.0 20,2.0 23,2.0 38,2.0 57,5.0 60,2.0 
0,26.0 11,7.0 12,25.0 20,11.0 23,4.0 32,2.0 38,2.0 42,4.0 46,2.0 55,4.0 56,5.0 60,2.0 64,1.0 65,1.0 66,1.0 
0,3.0 11,3.0 12,2.0 42,2.0 56,1.0 57,4.0 63,2.0 64,1.0 65,1.0 66,1.0 
0,4.0 11,2.0 12,4.0 23,2.0 32,2.0 33,4.0 46,2.0 56,2.0 57,4.0 60,2.0 
0,4.0 11,2.0 12,4.0 38,2.0 56,2.0 57,2.0 
0,2.0 12,2.0 20,2.0 39,2.0 42,2.0 55,2.0 57,2.0 
2,2.0 58,2.0 63,2.0 
0,1.0 11,1.0 56,1.0 57,2.0 58,2.0 64,1.0 65,1.0 66,1.0 
0,1.0 12,1.0 20,1.0 57,1.0 65,1.0 66,1.0 
0,1.0 12,1.0 20,1.0 57,1.0 64,1.0 66,1.0 
0,1.0 12,1.0 20,1.0 57,1.0 64,1.0 65,1.0 
