1,5.0 5,1.0 6,5.0 7,1.0 15,4.0 20,1.0 
2,8.0 3,8.0 7,1.0 10,1.0 
1,8.0 5,4.0 12,1.0 31,3.0 46,4.0 72,1.0 74,1.0 85,1.0 
0,1.0 4,2.0 10,1.0 16,4.0 20,3.0 26,1.0 74,1.0 75,1.0 162,4.0 197,1.0 
3,1.0 5,1.0 6,1.0 7,1.0 11,4.0 26,1.0 35,1.0 74,1.0 75,1.0 83,1.0 156,1.0 167,2.0 168,2.0 169,1.0 199,1.0 236,1.0 
3,1.0 4,1.0 5,12.0 6,7.0 7,8.0 8,4.0 9,7.0 10,4.0 13,8.0 15,4.0 17,4.0 18,8.0 19,8.0 20,11.0 21,12.0 22,10.0 33,4.0 36,2.0 46,4.0 47,8.0 53,1.0 66,2.0 71,2.0 72,2.0 73,2.0 74,1.0 75,1.0 
0,8.0 1,4.0 5,4.0 6,4.0 7,4.0 8,8.0 9,7.0 10,4.0 13,4.0 14,4.0 15,8.0 18,2.0 20,3.0 21,3.0 26,3.0 40,2.0 49,4.0 62,2.0 
1,1.0 2,1.0 5,12.0 6,4.0 8,4.0 9,4.0 10,4.0 17,4.0 18,4.0 19,4.0 
9,4.0 10,4.0 11,4.0 36,4.0 
6,3.0 8,4.0 10,4.0 11,4.0 20,3.0 21,3.0 26,3.0 
0,1.0 3,1.0 8,4.0 9,4.0 11,4.0 20,1.0 
2,4.0 4,4.0 15,4.0 16,4.0 63,2.0 95,2.0 96,2.0 97,2.0 199,1.0 
2,1.0 6,1.0 13,1.0 14,1.0 74,1.0 80,4.0 81,4.0 82,4.0 83,2.0 
0,4.0 5,4.0 6,12.0 14,4.0 15,10.0 16,2.0 22,4.0 25,4.0 31,1.0 63,2.0 84,1.0 193,1.0 
0,4.0 6,8.0 13,4.0 15,4.0 
0,4.0 1,4.0 6,4.0 16,6.0 23,4.0 24,8.0 25,4.0 64,2.0 
5,4.0 7,4.0 15,6.0 17,8.0 24,4.0 33,4.0 45,4.0 64,2.0 
2,4.0 5,8.0 7,4.0 18,8.0 19,4.0 33,4.0 86,1.0 194,1.0 195,1.0 
5,8.0 19,4.0 20,6.0 21,4.0 34,4.0 72,1.0 
1,1.0 5,8.0 7,1.0 18,4.0 20,4.0 21,4.0 
0,1.0 5,9.0 6,4.0 7,1.0 9,3.0 11,1.0 13,5.0 21,7.0 22,4.0 26,3.0 35,4.0 63,2.0 190,2.0 
5,8.0 6,3.0 9,3.0 13,4.0 19,1.0 20,7.0 22,4.0 26,3.0 72,1.0 73,1.0 
5,6.0 13,4.0 15,4.0 21,1.0 53,1.0 71,2.0 72,2.0 73,2.0 
5,4.0 24,4.0 25,4.0 
5,10.0 22,2.0 23,4.0 25,4.0 65,3.0 70,2.0 71,2.0 
5,4.0 6,6.0 13,4.0 23,4.0 24,4.0 40,2.0 60,4.0 61,4.0 62,2.0 85,2.0 98,2.0 191,2.0 
27,4.0 
28,4.0 
29,4.0 30,4.0 
30,4.0 31,8.0 32,4.0 44,4.0 50,2.0 57,2.0 58,4.0 
29,4.0 31,4.0 32,4.0 83,1.0 85,1.0 105,1.0 121,1.0 219,1.0 240,1.0 241,1.0 242,1.0 243,1.0 
6,3.0 11,3.0 13,4.0 14,3.0 15,1.0 16,9.0 32,4.0 44,4.0 
16,4.0 31,4.0 43,4.0 59,2.0 110,1.0 113,4.0 125,1.0 130,2.0 133,1.0 148,3.0 151,1.0 191,1.0 200,2.0 234,2.0 267,1.0 291,1.0 
17,4.0 18,4.0 44,1.0 47,4.0 48,4.0 59,4.0 61,2.0 69,3.0 85,2.0 104,3.0 107,1.0 108,1.0 113,1.0 127,2.0 130,2.0 132,2.0 157,3.0 205,2.0 227,2.0 279,1.0 
4,1.0 20,4.0 
13,4.0 25,4.0 164,2.0 165,2.0 166,2.0 181,2.0 196,1.0 
5,2.0 37,4.0 66,2.0 93,1.0 138,1.0 
38,4.0 100,4.0 
39,4.0 43,4.0 63,2.0 69,4.0 103,4.0 104,2.0 140,2.0 141,2.0 144,4.0 145,4.0 146,4.0 
40,4.0 41,4.0 
6,2.0 18,2.0 41,4.0 42,8.0 43,4.0 56,4.0 62,2.0 
40,4.0 42,4.0 43,4.0 72,1.0 84,1.0 99,1.0 105,1.0 118,2.0 159,1.0 214,1.0 235,1.0 
29,8.0 43,4.0 50,2.0 56,4.0 57,2.0 
29,4.0 32,4.0 33,1.0 38,4.0 42,4.0 69,6.0 85,1.0 86,1.0 103,4.0 104,2.0 125,1.0 130,6.0 133,2.0 140,1.0 148,8.0 151,1.0 152,1.0 155,2.0 163,2.0 164,1.0 185,1.0 229,1.0 270,1.0 285,1.0 291,2.0 
16,4.0 31,4.0 33,1.0 69,2.0 108,5.0 113,2.0 157,2.0 212,3.0 
17,4.0 
5,4.0 47,4.0 
33,4.0 48,8.0 59,4.0 
6,4.0 25,4.0 59,4.0 60,4.0 61,4.0 
50,4.0 
29,2.0 51,4.0 58,2.0 
52,4.0 53,4.0 
53,4.0 54,4.0 55,4.0 
52,4.0 54,4.0 55,4.0 72,1.0 73,1.0 76,1.0 
40,4.0 55,4.0 
40,4.0 54,4.0 163,1.0 164,1.0 167,1.0 207,1.0 275,1.0 283,1.0 
29,4.0 42,4.0 50,2.0 57,2.0 
29,2.0 58,2.0 
13,1.0 31,4.0 161,1.0 303,1.0 304,1.0 
25,4.0 48,4.0 60,4.0 61,4.0 114,2.0 
6,2.0 25,4.0 40,2.0 61,4.0 62,2.0 85,2.0 91,2.0 98,2.0 115,2.0 116,2.0 191,2.0 
6,2.0 25,4.0 33,2.0 40,2.0 43,1.0 60,4.0 62,2.0 85,4.0 98,2.0 104,2.0 148,1.0 150,1.0 157,2.0 163,1.0 191,2.0 205,2.0 227,2.0 
6,2.0 18,2.0 40,2.0 
11,2.0 13,2.0 15,2.0 16,2.0 69,4.0 84,1.0 105,2.0 119,2.0 126,4.0 127,4.0 128,2.0 130,2.0 131,4.0 138,6.0 141,2.0 142,2.0 144,6.0 193,1.0 199,1.0 203,6.0 204,6.0 
24,3.0 
5,2.0 36,2.0 237,1.0 
67,2.0 
68,2.0 69,2.0 
24,2.0 69,2.0 70,2.0 
24,2.0 33,1.0 37,2.0 43,2.0 44,1.0 63,4.0 68,2.0 70,2.0 72,1.0 81,3.0 83,2.0 103,4.0 104,2.0 105,3.0 108,5.0 113,2.0 119,2.0 120,2.0 126,4.0 127,4.0 128,2.0 130,2.0 131,2.0 155,2.0 157,2.0 200,1.0 201,1.0 224,2.0 225,2.0 226,2.0 238,1.0 239,1.0 248,1.0 263,1.0 
5,2.0 22,2.0 24,2.0 71,2.0 
5,2.0 21,1.0 22,2.0 53,1.0 58,1.0 72,2.0 73,2.0 83,2.0 143,2.0 145,2.0 149,4.0 150,2.0 158,2.0 159,2.0 160,2.0 161,1.0 206,1.0 250,1.0 303,1.0 304,1.0 
13,1.0 19,1.0 21,1.0 30,1.0 41,1.0 44,6.0 53,1.0 63,1.0 73,2.0 76,1.0 83,8.0 84,7.0 85,2.0 98,4.0 99,4.0 105,3.0 118,2.0 130,2.0 138,1.0 144,1.0 152,1.0 157,1.0 159,1.0 195,2.0 210,3.0 211,3.0 214,1.0 219,1.0 235,1.0 238,1.0 239,1.0 244,1.0 261,1.0 298,1.0 
19,1.0 21,1.0 53,1.0 72,2.0 76,1.0 193,1.0 
1,1.0 2,1.0 3,1.0 4,1.0 26,1.0 72,1.0 75,1.0 85,1.0 
3,1.0 4,1.0 26,1.0 74,1.0 121,1.0 132,1.0 252,1.0 253,1.0 254,1.0 
77,4.0 
78,4.0 
32,2.0 79,4.0 113,2.0 206,4.0 218,4.0 
12,4.0 80,4.0 
12,4.0 81,4.0 82,4.0 83,2.0 132,1.0 269,1.0 
76,2.0 82,4.0 83,2.0 84,2.0 159,4.0 213,3.0 
76,2.0 81,4.0 83,2.0 84,2.0 104,1.0 257,1.0 
30,2.0 43,1.0 69,1.0 72,8.0 81,2.0 82,2.0 83,1.0 84,20.0 85,2.0 86,4.0 105,3.0 121,1.0 151,2.0 159,1.0 193,1.0 196,1.0 219,2.0 229,2.0 238,1.0 239,1.0 240,1.0 241,1.0 242,1.0 243,1.0 263,1.0 275,1.0 
37,2.0 41,1.0 64,1.0 69,3.0 72,1.0 85,2.0 86,6.0 98,2.0 99,9.0 105,5.0 108,3.0 110,1.0 118,5.0 159,5.0 167,1.0 193,10.0 196,1.0 205,1.0 214,1.0 233,1.0 235,1.0 
18,1.0 30,1.0 43,1.0 55,1.0 72,10.0 83,1.0 86,4.0 98,4.0 104,2.0 105,5.0 117,2.0 121,1.0 138,1.0 144,1.0 148,1.0 152,1.0 157,1.0 191,2.0 192,1.0 205,2.0 207,3.0 219,1.0 240,1.0 241,1.0 242,1.0 243,1.0 264,1.0 269,1.0 270,1.0 
34,1.0 43,1.0 75,1.0 83,1.0 84,1.0 85,2.0 86,1.0 87,2.0 104,2.0 105,1.0 121,1.0 131,1.0 150,1.0 151,2.0 159,13.0 164,2.0 167,1.0 185,1.0 193,1.0 195,1.0 196,1.0 248,1.0 249,1.0 250,2.0 251,2.0 252,1.0 253,1.0 254,1.0 255,1.0 268,1.0 269,1.0 273,1.0 275,1.0 276,1.0 
88,2.0 
32,2.0 89,2.0 113,2.0 
90,2.0 
91,2.0 92,2.0 
92,2.0 93,2.0 105,2.0 113,5.0 116,2.0 117,2.0 118,2.0 172,5.0 202,5.0 
85,1.0 91,2.0 93,2.0 
83,1.0 86,1.0 93,1.0 94,2.0 102,3.0 120,3.0 128,3.0 129,1.0 193,1.0 198,1.0 231,2.0 232,2.0 
11,2.0 95,2.0 
11,2.0 78,6.0 96,2.0 97,6.0 101,4.0 102,4.0 127,6.0 
84,2.0 97,2.0 98,2.0 99,2.0 
72,3.0 84,2.0 95,4.0 96,2.0 98,2.0 99,2.0 101,4.0 102,4.0 210,3.0 
18,1.0 37,2.0 84,5.0 85,2.0 99,2.0 105,2.0 107,2.0 117,2.0 127,1.0 189,2.0 191,2.0 192,1.0 223,1.0 
37,2.0 41,1.0 69,3.0 72,1.0 83,3.0 84,6.0 98,2.0 105,4.0 108,3.0 118,5.0 159,1.0 193,3.0 211,3.0 214,1.0 235,1.0 
95,4.0 97,4.0 101,4.0 
95,4.0 97,4.0 102,4.0 122,2.0 151,2.0 
38,4.0 43,4.0 83,1.0 86,1.0 93,3.0 102,1.0 120,3.0 128,3.0 129,1.0 193,1.0 231,2.0 232,2.0 
37,2.0 69,4.0 104,2.0 105,2.0 120,2.0 121,2.0 
69,2.0 75,1.0 83,2.0 85,3.0 86,1.0 98,2.0 103,2.0 105,7.0 117,2.0 121,1.0 131,1.0 151,1.0 158,1.0 205,2.0 250,1.0 251,1.0 252,1.0 253,1.0 254,1.0 274,2.0 281,1.0 284,1.0 
4,1.0 30,2.0 32,1.0 69,3.0 72,1.0 83,4.0 84,5.0 85,4.0 86,1.0 98,2.0 99,3.0 105,1.0 106,2.0 107,2.0 108,3.0 117,4.0 118,13.0 119,2.0 121,1.0 131,2.0 142,2.0 143,2.0 156,1.0 159,1.0 163,1.0 169,1.0 191,2.0 199,1.0 214,1.0 219,2.0 235,1.0 236,1.0 238,1.0 239,1.0 240,1.0 241,1.0 242,1.0 243,1.0 
85,1.0 107,4.0 
61,1.0 85,1.0 108,2.0 109,2.0 110,2.0 125,1.0 145,1.0 150,6.0 193,2.0 194,1.0 293,1.0 294,1.0 
69,5.0 81,3.0 106,2.0 109,2.0 113,2.0 120,2.0 138,2.0 144,2.0 157,2.0 159,1.0 193,1.0 195,1.0 197,1.0 206,1.0 224,2.0 225,2.0 226,2.0 
106,2.0 108,2.0 
106,1.0 111,2.0 159,1.0 191,1.0 207,1.0 267,1.0 278,1.0 
104,1.0 112,2.0 154,2.0 
88,2.0 
32,4.0 59,2.0 69,2.0 91,5.0 108,2.0 120,2.0 172,5.0 200,2.0 202,5.0 224,2.0 225,2.0 226,2.0 234,2.0 271,1.0 301,1.0 
60,2.0 95,1.0 115,2.0 127,1.0 168,1.0 172,1.0 178,2.0 222,1.0 299,1.0 
60,2.0 91,2.0 116,2.0 
33,1.0 91,2.0 105,2.0 117,2.0 118,2.0 
33,1.0 83,6.0 98,2.0 105,10.0 107,2.0 118,3.0 119,2.0 193,1.0 208,1.0 302,1.0 
4,1.0 41,1.0 69,3.0 72,1.0 84,4.0 85,3.0 99,4.0 105,7.0 108,3.0 117,3.0 118,1.0 119,2.0 156,1.0 159,2.0 169,1.0 193,4.0 199,1.0 208,1.0 214,2.0 235,2.0 236,1.0 
103,2.0 120,4.0 128,2.0 129,2.0 
33,2.0 61,2.0 83,1.0 86,1.0 93,3.0 102,3.0 103,2.0 120,1.0 121,4.0 128,3.0 129,3.0 157,2.0 193,1.0 224,2.0 225,2.0 226,2.0 227,2.0 231,2.0 232,2.0 237,1.0 
75,1.0 104,1.0 122,2.0 123,4.0 132,1.0 240,1.0 241,1.0 242,1.0 243,1.0 252,1.0 253,1.0 254,1.0 
101,2.0 123,2.0 124,2.0 125,2.0 151,2.0 
122,2.0 124,4.0 125,4.0 
63,4.0 69,4.0 125,4.0 126,4.0 127,4.0 130,2.0 240,1.0 
32,2.0 43,2.0 63,4.0 69,4.0 124,4.0 126,4.0 127,4.0 130,2.0 138,2.0 139,2.0 148,1.0 150,1.0 151,1.0 
63,4.0 69,4.0 119,2.0 127,4.0 128,2.0 130,2.0 131,2.0 
33,2.0 63,4.0 69,4.0 78,6.0 95,6.0 98,1.0 119,2.0 126,4.0 128,2.0 130,2.0 131,2.0 132,2.0 189,1.0 
83,1.0 86,1.0 93,3.0 102,3.0 119,2.0 120,5.0 128,1.0 129,3.0 184,2.0 187,2.0 193,1.0 231,2.0 232,2.0 
93,2.0 102,2.0 120,4.0 121,2.0 128,2.0 231,1.0 232,1.0 
33,2.0 43,1.0 63,2.0 69,2.0 83,2.0 101,2.0 107,6.0 122,2.0 126,2.0 127,2.0 131,2.0 140,1.0 148,1.0 150,1.0 151,2.0 152,2.0 163,1.0 230,1.0 269,1.0 279,1.0 281,2.0 284,1.0 292,1.0 
43,1.0 85,1.0 105,2.0 132,2.0 142,2.0 143,2.0 269,1.0 277,1.0 
130,1.0 133,4.0 289,1.0 
33,2.0 80,1.0 127,2.0 134,2.0 269,1.0 280,2.0 288,1.0 
135,2.0 
136,2.0 
137,2.0 
125,2.0 138,2.0 
36,1.0 63,6.0 86,1.0 91,5.0 93,1.0 97,3.0 113,5.0 125,2.0 139,2.0 144,14.0 157,5.0 182,2.0 183,2.0 203,6.0 204,6.0 
38,2.0 140,2.0 147,4.0 148,4.0 
38,2.0 63,2.0 107,1.0 130,1.0 141,2.0 216,3.0 
63,2.0 105,2.0 131,2.0 142,2.0 
105,2.0 131,2.0 143,2.0 257,1.0 258,1.0 
38,4.0 
3,1.0 63,6.0 91,5.0 97,3.0 113,5.0 138,14.0 139,4.0 145,4.0 146,4.0 157,5.0 203,6.0 204,6.0 
71,2.0 86,1.0 139,4.0 144,4.0 146,4.0 158,2.0 159,2.0 160,2.0 
139,4.0 144,4.0 145,4.0 
71,4.0 148,4.0 149,4.0 150,2.0 
32,3.0 33,1.0 35,2.0 43,8.0 71,4.0 110,1.0 130,6.0 133,1.0 140,1.0 147,4.0 149,4.0 150,2.0 163,4.0 164,3.0 165,2.0 207,1.0 229,1.0 278,1.0 291,2.0 
71,4.0 83,2.0 143,2.0 150,2.0 
32,2.0 43,6.0 61,1.0 71,2.0 83,2.0 85,1.0 86,2.0 104,2.0 125,1.0 130,2.0 148,6.0 149,2.0 151,1.0 163,1.0 164,1.0 194,1.0 248,1.0 249,1.0 250,1.0 251,1.0 281,2.0 291,1.0 293,1.0 294,1.0 
32,1.0 43,1.0 55,1.0 75,1.0 86,1.0 104,2.0 111,1.0 121,1.0 125,1.0 130,4.0 150,1.0 163,1.0 164,1.0 250,1.0 251,1.0 252,1.0 253,1.0 254,1.0 261,1.0 275,2.0 284,1.0 286,2.0 
153,2.0 195,1.0 207,1.0 259,1.0 260,1.0 270,1.0 
111,2.0 
43,2.0 69,2.0 
156,2.0 157,2.0 
4,1.0 71,2.0 83,1.0 116,1.0 145,2.0 157,2.0 169,1.0 199,1.0 236,1.0 
33,3.0 44,2.0 61,2.0 69,3.0 71,2.0 85,2.0 91,5.0 104,2.0 108,2.0 113,7.0 138,5.0 144,5.0 145,2.0 156,2.0 200,1.0 201,1.0 205,2.0 207,1.0 221,3.0 227,2.0 
72,1.0 85,1.0 159,2.0 160,2.0 161,2.0 
4,1.0 83,1.0 84,1.0 85,1.0 95,2.0 105,2.0 110,1.0 118,1.0 127,2.0 138,3.0 140,3.0 142,1.0 144,3.0 156,1.0 158,2.0 160,2.0 161,2.0 167,1.0 169,1.0 172,1.0 191,1.0 193,4.0 195,3.0 196,1.0 197,9.0 199,1.0 202,1.0 205,7.0 206,4.0 213,3.0 214,4.0 215,3.0 217,2.0 233,1.0 235,1.0 236,1.0 256,1.0 257,1.0 
158,2.0 159,2.0 161,2.0 
3,2.0 58,1.0 303,1.0 304,1.0 
148,2.0 163,2.0 164,2.0 184,2.0 185,2.0 
35,2.0 43,2.0 55,1.0 92,1.0 130,1.0 148,4.0 164,3.0 165,2.0 191,1.0 229,1.0 275,1.0 283,1.0 
33,1.0 35,4.0 43,1.0 55,1.0 86,2.0 130,1.0 148,3.0 163,3.0 165,2.0 167,1.0 181,2.0 268,1.0 273,1.0 275,1.0 283,1.0 
35,2.0 166,2.0 170,2.0 175,2.0 176,2.0 
4,2.0 
33,1.0 107,1.0 130,1.0 159,1.0 168,2.0 169,2.0 256,1.0 268,1.0 
95,1.0 114,1.0 127,1.0 167,2.0 169,2.0 172,1.0 222,1.0 
4,1.0 83,1.0 156,1.0 165,2.0 199,1.0 236,1.0 
171,2.0 
172,2.0 
63,6.0 95,1.0 114,1.0 127,1.0 138,6.0 144,6.0 168,1.0 173,2.0 174,2.0 202,6.0 203,6.0 222,1.0 
165,2.0 174,2.0 175,2.0 
165,2.0 173,2.0 175,2.0 
128,2.0 165,2.0 176,2.0 
177,2.0 
114,2.0 299,1.0 
179,2.0 180,1.0 
35,2.0 164,2.0 180,1.0 
35,1.0 164,1.0 179,1.0 
138,2.0 182,2.0 
138,2.0 183,2.0 
3,2.0 
185,2.0 186,2.0 187,2.0 188,2.0 
184,2.0 186,2.0 274,1.0 
175,2.0 
184,2.0 188,2.0 
98,2.0 127,1.0 
74,1.0 191,1.0 300,1.0 
5,2.0 6,2.0 7,2.0 
18,1.0 32,1.0 73,1.0 84,1.0 85,2.0 92,1.0 98,2.0 110,1.0 163,1.0 192,1.0 267,1.0 
193,1.0 
17,1.0 64,1.0 81,1.0 83,1.0 84,2.0 86,1.0 138,3.0 144,3.0 159,5.0 172,1.0 194,1.0 195,1.0 196,1.0 197,4.0 202,1.0 206,22.0 228,2.0 
17,1.0 32,1.0 43,1.0 86,1.0 148,1.0 150,1.0 195,1.0 257,1.0 280,1.0 
34,1.0 86,2.0 95,5.0 127,5.0 152,1.0 159,3.0 172,1.0 193,1.0 196,6.0 197,6.0 202,1.0 206,4.0 208,3.0 217,5.0 259,1.0 260,1.0 261,1.0 262,1.0 
84,1.0 86,3.0 144,1.0 159,4.0 233,1.0 
36,1.0 72,3.0 95,5.0 127,5.0 138,4.0 144,3.0 159,6.0 172,1.0 193,4.0 195,6.0 202,1.0 206,7.0 217,5.0 
11,1.0 63,1.0 
4,1.0 69,1.0 83,1.0 156,1.0 157,1.0 169,1.0 236,1.0 
41,1.0 72,1.0 76,1.0 84,1.0 99,1.0 118,1.0 138,1.0 144,1.0 157,1.0 201,1.0 234,2.0 
138,1.0 144,1.0 157,1.0 200,1.0 
63,6.0 138,6.0 144,6.0 172,6.0 203,6.0 
63,6.0 138,6.0 144,6.0 204,6.0 
72,6.0 83,6.0 
72,1.0 85,2.0 98,2.0 104,2.0 105,2.0 117,17.0 118,1.0 
12,1.0 58,1.0 71,1.0 85,3.0 95,3.0 120,1.0 127,3.0 138,3.0 144,3.0 157,3.0 159,4.0 161,1.0 172,1.0 193,4.0 195,7.0 197,7.0 202,1.0 205,4.0 207,3.0 217,3.0 218,4.0 219,4.0 220,4.0 250,1.0 303,1.0 304,1.0 
55,1.0 82,1.0 110,1.0 113,1.0 148,1.0 167,1.0 195,4.0 257,1.0 264,1.0 269,1.0 278,1.0 
138,1.0 209,3.0 
159,3.0 193,3.0 197,3.0 206,3.0 
72,3.0 99,3.0 211,3.0 
83,3.0 99,3.0 
84,3.0 99,3.0 105,3.0 118,3.0 
159,3.0 214,3.0 215,3.0 
4,1.0 105,1.0 118,1.0 156,1.0 159,1.0 169,1.0 199,1.0 205,3.0 215,3.0 235,1.0 236,1.0 
205,3.0 214,3.0 
195,3.0 197,3.0 206,3.0 217,3.0 
95,5.0 127,5.0 159,2.0 195,5.0 197,5.0 206,3.0 
206,4.0 219,4.0 220,4.0 
30,1.0 69,1.0 72,1.0 83,1.0 85,1.0 105,1.0 121,1.0 195,3.0 220,4.0 240,1.0 241,1.0 242,1.0 243,1.0 
72,1.0 195,3.0 219,4.0 
114,1.0 159,2.0 168,1.0 172,1.0 195,2.0 197,2.0 217,2.0 222,1.0 
95,1.0 114,1.0 127,1.0 168,1.0 172,1.0 
104,2.0 189,1.0 
33,2.0 61,2.0 120,2.0 157,2.0 225,2.0 226,2.0 227,2.0 
33,2.0 61,2.0 120,2.0 157,2.0 224,2.0 226,2.0 227,2.0 
33,2.0 61,2.0 120,2.0 157,2.0 224,2.0 225,2.0 227,2.0 
33,2.0 61,2.0 85,2.0 104,2.0 157,2.0 205,2.0 
223,2.0 
150,1.0 230,2.0 
44,1.0 93,1.0 102,1.0 120,1.0 128,1.0 129,1.0 130,1.0 157,1.0 269,1.0 292,1.0 
83,1.0 86,1.0 93,1.0 102,1.0 120,1.0 128,1.0 193,1.0 232,1.0 
83,1.0 86,1.0 93,1.0 102,1.0 120,1.0 128,1.0 193,1.0 231,1.0 
33,1.0 157,1.0 
41,1.0 72,1.0 76,1.0 84,1.0 99,1.0 118,1.0 200,2.0 
4,1.0 105,1.0 118,1.0 156,1.0 159,1.0 169,1.0 199,1.0 214,1.0 236,1.0 
4,1.0 83,1.0 156,1.0 169,1.0 199,1.0 
113,1.0 156,1.0 
30,1.0 72,1.0 83,2.0 85,1.0 105,2.0 219,1.0 239,1.0 
30,1.0 72,1.0 83,2.0 85,1.0 105,2.0 219,1.0 238,1.0 
104,1.0 121,1.0 241,1.0 242,1.0 243,1.0 246,1.0 
86,1.0 104,1.0 121,1.0 164,1.0 240,1.0 242,1.0 243,1.0 
104,1.0 121,1.0 240,1.0 241,1.0 243,1.0 
104,1.0 121,1.0 240,1.0 241,1.0 242,1.0 
245,1.0 
124,1.0 
247,1.0 
86,1.0 150,1.0 248,1.0 249,1.0 
86,2.0 104,1.0 117,1.0 150,1.0 151,1.0 249,1.0 250,1.0 251,1.0 
86,2.0 104,1.0 150,1.0 151,1.0 248,1.0 250,1.0 251,1.0 
58,1.0 71,1.0 75,1.0 86,1.0 104,1.0 121,1.0 151,1.0 161,1.0 206,1.0 251,1.0 252,1.0 253,1.0 254,1.0 303,1.0 304,1.0 
75,1.0 86,1.0 104,1.0 121,1.0 151,1.0 250,1.0 252,1.0 253,1.0 254,1.0 
75,1.0 121,1.0 132,1.0 253,1.0 254,1.0 
75,1.0 121,1.0 132,1.0 252,1.0 254,1.0 
75,1.0 121,1.0 132,1.0 252,1.0 253,1.0 
105,1.0 
193,1.0 
82,1.0 104,1.0 142,1.0 151,1.0 258,1.0 
158,1.0 
205,1.0 260,1.0 
205,1.0 259,1.0 
195,1.0 262,1.0 275,1.0 287,1.0 
69,1.0 83,1.0 
264,1.0 265,1.0 
86,1.0 164,1.0 265,1.0 266,1.0 295,1.0 296,1.0 297,1.0 
138,1.0 144,1.0 157,1.0 264,1.0 266,1.0 
86,1.0 
110,1.0 207,1.0 
107,1.0 167,1.0 
80,1.0 82,1.0 130,1.0 131,1.0 132,1.0 207,1.0 230,1.0 257,1.0 277,1.0 292,1.0 
152,1.0 207,1.0 
272,1.0 
241,1.0 
104,1.0 
43,1.0 83,1.0 281,1.0 282,1.0 284,1.0 285,1.0 
55,1.0 86,1.0 163,1.0 164,1.0 261,1.0 276,1.0 283,1.0 287,1.0 
107,1.0 
150,1.0 
106,1.0 110,1.0 
194,1.0 280,1.0 
151,2.0 194,1.0 257,1.0 286,2.0 
43,1.0 130,2.0 148,1.0 163,1.0 230,1.0 269,1.0 274,1.0 282,1.0 292,1.0 
283,1.0 
32,1.0 43,1.0 104,1.0 130,1.0 133,1.0 148,1.0 288,1.0 290,1.0 291,1.0 
32,1.0 43,2.0 125,1.0 151,1.0 274,1.0 285,1.0 
43,1.0 133,1.0 
55,1.0 151,2.0 163,1.0 164,1.0 261,1.0 275,2.0 
283,1.0 
80,1.0 133,1.0 269,1.0 
283,1.0 290,1.0 
32,1.0 43,1.0 148,1.0 283,1.0 291,1.0 
32,1.0 43,2.0 130,1.0 133,1.0 140,1.0 148,2.0 
130,1.0 230,1.0 269,1.0 
43,1.0 148,1.0 150,1.0 164,1.0 
43,1.0 148,1.0 150,1.0 291,1.0 
233,1.0 296,1.0 297,1.0 
233,1.0 295,1.0 297,1.0 
233,1.0 295,1.0 296,1.0 
265,1.0 
114,1.0 178,1.0 
1,1.0 
219,1.0 
71,1.0 206,1.0 250,1.0 
58,1.0 161,1.0 304,1.0 
58,1.0 161,1.0 303,1.0 
