1,1.0 9,4.0 28,2.0 30,2.0 57,2.0 63,2.0 85,2.0 229,4.0 
2,8.0 3,20.0 4,20.0 29,4.0 39,6.0 64,1.0 199,1.0 
3,41.0 9,10.0 10,6.0 23,10.0 24,6.0 25,4.0 28,2.0 30,2.0 33,2.0 34,4.0 44,2.0 66,1.0 78,2.0 80,1.0 85,2.0 87,2.0 88,2.0 89,2.0 90,2.0 105,2.0 130,1.0 210,1.0 211,1.0 212,1.0 221,1.0 222,1.0 223,4.0 224,4.0 
1,28.0 2,35.0 9,4.0 22,4.0 39,11.0 83,21.0 86,2.0 
1,8.0 2,1.0 3,2.0 5,36.0 6,2.0 9,9.0 20,4.0 23,6.0 25,2.0 28,2.0 29,2.0 30,3.0 31,2.0 38,4.0 39,6.0 44,1.0 46,2.0 52,1.0 57,2.0 77,2.0 78,2.0 84,2.0 85,2.0 
1,2.0 4,12.0 6,28.0 9,8.0 10,6.0 25,2.0 27,6.0 38,8.0 39,7.0 47,2.0 48,1.0 52,2.0 68,8.0 136,1.0 137,1.0 
4,13.0 5,16.0 7,20.0 9,4.0 18,4.0 39,1.0 48,4.0 136,1.0 137,1.0 
6,12.0 8,14.0 25,6.0 26,6.0 172,1.0 173,1.0 197,1.0 198,1.0 
4,4.0 7,12.0 8,2.0 9,6.0 10,6.0 11,35.0 21,2.0 44,2.0 45,2.0 48,2.0 68,5.0 134,5.0 135,5.0 138,1.0 139,1.0 172,2.0 173,2.0 206,3.0 
1,6.0 3,6.0 4,6.0 5,10.0 10,18.0 11,6.0 12,6.0 14,2.0 18,4.0 20,10.0 21,8.0 22,10.0 25,10.0 27,5.0 28,8.0 29,2.0 30,15.0 31,10.0 34,2.0 35,4.0 39,6.0 44,6.0 48,2.0 51,2.0 52,20.0 57,2.0 58,2.0 63,6.0 67,2.0 68,2.0 78,2.0 85,4.0 110,2.0 119,7.0 120,2.0 121,2.0 124,2.0 127,2.0 132,4.0 133,3.0 159,2.0 166,3.0 171,1.0 177,2.0 213,1.0 214,1.0 225,1.0 226,1.0 227,2.0 230,2.0 231,1.0 232,1.0 233,1.0 237,2.0 238,1.0 
3,4.0 4,6.0 9,18.0 11,6.0 21,2.0 30,2.0 34,2.0 69,2.0 83,2.0 
8,10.0 9,6.0 12,22.0 13,6.0 14,4.0 21,29.0 22,6.0 48,10.0 66,2.0 74,2.0 134,3.0 135,3.0 
8,6.0 11,20.0 13,8.0 16,1.0 21,8.0 29,2.0 48,2.0 76,2.0 87,1.0 122,6.0 123,6.0 204,1.0 205,1.0 
8,1.0 9,12.0 10,2.0 11,5.0 12,2.0 13,4.0 14,30.0 15,8.0 19,6.0 20,6.0 21,10.0 25,6.0 28,2.0 30,2.0 31,2.0 41,6.0 42,2.0 44,1.0 48,2.0 51,2.0 52,2.0 53,2.0 58,4.0 60,1.0 64,2.0 65,2.0 66,2.0 67,8.0 69,2.0 77,4.0 108,2.0 120,1.0 239,1.0 
8,2.0 11,10.0 13,2.0 15,22.0 19,12.0 21,12.0 41,12.0 42,3.0 43,2.0 46,4.0 57,2.0 58,2.0 59,2.0 106,2.0 107,2.0 109,2.0 189,1.0 190,1.0 
11,4.0 13,15.0 14,6.0 16,12.0 17,6.0 18,6.0 19,2.0 21,20.0 41,4.0 42,4.0 64,2.0 65,2.0 70,4.0 87,2.0 118,2.0 156,1.0 157,1.0 163,2.0 164,2.0 
15,6.0 17,12.0 18,6.0 27,3.0 29,5.0 31,1.0 44,2.0 52,2.0 60,2.0 87,3.0 103,1.0 124,1.0 125,1.0 136,3.0 138,2.0 160,3.0 161,3.0 163,4.0 172,3.0 189,2.0 213,1.0 214,3.0 225,1.0 226,4.0 227,1.0 
14,1.0 15,6.0 16,12.0 17,6.0 19,1.0 117,2.0 
5,4.0 9,4.0 14,6.0 
12,4.0 13,12.0 14,6.0 15,2.0 21,1.0 53,1.0 67,1.0 72,2.0 133,2.0 
9,10.0 21,6.0 39,4.0 
7,2.0 8,21.0 12,16.0 13,33.0 14,4.0 16,2.0 19,4.0 25,4.0 41,2.0 46,4.0 47,4.0 48,11.0 72,2.0 74,2.0 75,2.0 87,2.0 122,11.0 123,11.0 153,1.0 154,1.0 
1,4.0 9,10.0 12,6.0 
2,14.0 25,4.0 26,2.0 32,8.0 44,2.0 83,2.0 91,2.0 
3,7.0 29,1.0 30,1.0 37,2.0 74,1.0 132,1.0 163,1.0 188,1.0 
2,2.0 5,6.0 6,4.0 8,4.0 9,10.0 11,4.0 13,4.0 14,2.0 26,8.0 28,6.0 32,2.0 44,2.0 47,6.0 49,2.0 58,11.0 67,6.0 77,4.0 85,2.0 91,2.0 94,2.0 110,2.0 151,1.0 170,1.0 182,1.0 
2,2.0 6,2.0 8,4.0 25,8.0 52,1.0 96,2.0 124,1.0 140,2.0 144,2.0 174,2.0 
2,2.0 6,7.0 14,2.0 15,1.0 21,1.0 24,1.0 27,1.0 29,7.0 32,2.0 65,3.0 66,1.0 110,2.0 125,1.0 136,2.0 138,1.0 160,1.0 163,3.0 172,2.0 188,1.0 206,1.0 215,1.0 223,2.0 225,1.0 226,1.0 
5,4.0 9,8.0 14,2.0 25,6.0 29,2.0 57,2.0 77,1.0 85,2.0 121,1.0 
2,2.0 3,5.0 5,5.0 11,2.0 14,3.0 24,2.0 27,4.0 65,1.0 110,1.0 132,1.0 136,1.0 163,4.0 172,1.0 188,1.0 223,1.0 
1,2.0 9,15.0 10,2.0 21,2.0 27,2.0 31,8.0 35,4.0 44,3.0 52,3.0 54,1.0 58,1.0 63,5.0 74,1.0 77,2.0 83,2.0 106,1.0 127,2.0 132,1.0 159,2.0 177,2.0 179,1.0 227,2.0 230,2.0 231,1.0 232,1.0 233,1.0 237,2.0 238,1.0 
1,2.0 9,10.0 21,2.0 30,8.0 35,4.0 40,2.0 49,5.0 54,5.0 64,5.0 67,2.0 75,2.0 77,1.0 95,2.0 101,2.0 102,2.0 124,10.0 125,6.0 126,5.0 166,2.0 170,1.0 215,1.0 216,1.0 217,1.0 
23,10.0 33,8.0 92,2.0 93,4.0 
9,2.0 10,2.0 27,2.0 32,6.0 34,6.0 47,2.0 58,2.0 83,1.0 92,4.0 94,2.0 101,2.0 
9,5.0 25,2.0 30,5.0 31,4.0 33,12.0 37,2.0 40,2.0 44,1.0 52,1.0 58,2.0 67,2.0 
34,8.0 36,4.0 94,2.0 97,4.0 
24,2.0 37,9.0 
0,2.0 35,8.0 94,3.0 229,2.0 
4,8.0 5,4.0 200,1.0 201,1.0 
1,10.0 2,9.0 4,17.0 64,2.0 79,2.0 80,2.0 81,2.0 82,2.0 199,2.0 
36,4.0 98,2.0 99,4.0 
12,5.0 13,5.0 15,4.0 21,12.0 42,16.0 43,2.0 44,2.0 45,2.0 46,4.0 51,2.0 52,2.0 63,2.0 87,2.0 163,6.0 164,6.0 165,1.0 168,1.0 
13,4.0 14,6.0 15,18.0 19,2.0 41,4.0 43,19.0 46,4.0 47,4.0 49,2.0 50,2.0 57,2.0 71,4.0 150,2.0 152,2.0 
8,2.0 14,6.0 41,5.0 44,2.0 45,2.0 49,4.0 53,4.0 54,2.0 55,2.0 56,11.0 63,2.0 116,2.0 
3,2.0 9,6.0 14,1.0 25,2.0 30,2.0 32,2.0 42,4.0 45,6.0 46,1.0 48,2.0 52,7.0 54,2.0 58,1.0 60,3.0 74,1.0 78,2.0 91,2.0 101,1.0 106,3.0 111,1.0 120,1.0 127,2.0 149,1.0 150,1.0 159,2.0 177,3.0 185,1.0 206,1.0 207,1.0 208,1.0 213,1.0 214,1.0 225,1.0 226,1.0 232,1.0 237,3.0 238,1.0 239,1.0 
42,4.0 44,6.0 48,2.0 
3,2.0 21,4.0 24,1.0 25,4.0 29,1.0 42,4.0 47,8.0 57,2.0 71,4.0 84,2.0 85,2.0 132,1.0 163,1.0 208,1.0 
6,2.0 13,4.0 25,6.0 32,2.0 41,2.0 43,2.0 58,2.0 71,4.0 101,2.0 
5,4.0 6,6.0 8,19.0 11,2.0 38,1.0 68,3.0 73,2.0 126,1.0 138,5.0 139,6.0 166,3.0 197,1.0 198,1.0 
25,2.0 31,5.0 42,4.0 43,2.0 50,2.0 53,4.0 54,5.0 56,2.0 58,2.0 64,4.0 120,2.0 124,5.0 125,4.0 126,4.0 151,1.0 162,1.0 165,5.0 166,2.0 167,2.0 169,1.0 182,1.0 191,1.0 215,1.0 216,1.0 217,1.0 
43,2.0 49,2.0 
9,2.0 13,2.0 52,4.0 53,2.0 63,2.0 119,2.0 120,2.0 121,2.0 
9,22.0 14,3.0 15,1.0 26,1.0 27,4.0 30,3.0 41,2.0 44,7.0 46,1.0 48,2.0 51,4.0 52,2.0 53,2.0 54,11.0 60,2.0 63,6.0 68,2.0 77,6.0 95,12.0 96,1.0 106,1.0 119,8.0 120,4.0 121,7.0 124,1.0 127,2.0 132,4.0 133,3.0 140,3.0 143,3.0 144,1.0 146,1.0 159,2.0 166,7.0 170,1.0 174,1.0 177,2.0 206,1.0 208,1.0 213,1.0 214,1.0 225,1.0 226,1.0 232,1.0 237,2.0 238,1.0 
14,3.0 42,4.0 49,4.0 52,2.0 
15,1.0 31,5.0 44,2.0 46,1.0 49,5.0 52,11.0 55,2.0 56,2.0 58,3.0 64,4.0 74,1.0 95,13.0 106,2.0 121,3.0 124,5.0 125,4.0 126,4.0 143,2.0 158,1.0 166,4.0 167,2.0 207,1.0 208,1.0 215,1.0 216,1.0 217,1.0 
54,2.0 56,2.0 
17,1.0 41,1.0 42,8.0 49,2.0 60,2.0 61,2.0 62,9.0 115,2.0 152,2.0 168,2.0 
3,2.0 9,2.0 14,2.0 28,2.0 29,2.0 46,2.0 58,2.0 59,2.0 84,2.0 85,4.0 
9,2.0 11,4.0 15,2.0 25,11.0 32,2.0 44,1.0 47,2.0 49,2.0 54,3.0 59,2.0 67,6.0 74,1.0 77,4.0 94,2.0 95,2.0 101,2.0 106,1.0 110,2.0 151,1.0 167,2.0 170,1.0 182,1.0 207,1.0 
15,2.0 58,2.0 
14,1.0 44,3.0 52,2.0 61,4.0 62,2.0 95,6.0 109,8.0 111,2.0 120,2.0 149,2.0 177,1.0 185,2.0 206,1.0 237,1.0 239,2.0 240,1.0 
60,4.0 62,2.0 109,2.0 
42,2.0 43,2.0 56,4.0 108,9.0 110,2.0 114,2.0 118,1.0 152,6.0 
9,8.0 27,1.0 30,5.0 41,2.0 44,2.0 45,2.0 51,4.0 52,6.0 63,2.0 77,1.0 119,4.0 120,4.0 121,2.0 179,1.0 227,2.0 230,2.0 231,1.0 233,1.0 
13,2.0 15,2.0 30,1.0 31,1.0 49,1.0 52,1.0 54,2.0 63,1.0 70,5.0 77,1.0 95,1.0 124,1.0 125,8.0 126,5.0 127,5.0 128,5.0 147,3.0 148,3.0 199,3.0 
11,2.0 15,2.0 27,3.0 29,2.0 65,1.0 66,1.0 110,2.0 133,2.0 136,2.0 138,1.0 158,2.0 160,1.0 172,2.0 206,1.0 223,2.0 
9,1.0 13,2.0 25,1.0 27,2.0 29,1.0 58,1.0 65,2.0 67,2.0 110,1.0 125,7.0 126,5.0 127,5.0 128,5.0 132,5.0 136,1.0 138,1.0 147,2.0 149,2.0 160,1.0 172,1.0 206,1.0 222,1.0 223,1.0 
5,2.0 9,2.0 11,4.0 14,1.0 25,6.0 31,2.0 39,2.0 58,6.0 77,4.0 94,2.0 101,2.0 102,2.0 
1,1.0 5,2.0 9,2.0 39,1.0 48,8.0 52,2.0 136,5.0 137,5.0 
10,2.0 21,2.0 
13,4.0 15,2.0 125,5.0 127,6.0 128,6.0 129,5.0 130,5.0 132,3.0 163,3.0 206,1.0 215,1.0 218,1.0 219,1.0 
41,2.0 43,2.0 47,4.0 66,5.0 125,5.0 126,5.0 128,6.0 131,6.0 158,1.0 162,1.0 215,1.0 216,1.0 220,1.0 
19,2.0 53,1.0 67,1.0 
48,2.0 
21,2.0 30,1.0 44,2.0 52,1.0 54,2.0 58,1.0 75,2.0 106,2.0 207,1.0 
13,2.0 31,2.0 40,2.0 95,2.0 
11,2.0 
11,4.0 25,4.0 28,1.0 30,2.0 31,1.0 39,2.0 52,6.0 58,4.0 63,1.0 67,4.0 78,2.0 121,2.0 124,1.0 132,1.0 140,2.0 141,1.0 143,1.0 146,1.0 170,2.0 179,1.0 202,1.0 
3,2.0 9,2.0 39,2.0 44,2.0 77,2.0 
3,2.0 80,2.0 81,2.0 82,2.0 
1,1.0 3,3.0 79,2.0 81,2.0 82,2.0 209,1.0 210,2.0 211,2.0 212,1.0 
3,2.0 79,2.0 80,2.0 82,2.0 
3,2.0 79,2.0 80,2.0 81,2.0 
2,9.0 3,16.0 23,2.0 33,2.0 80,1.0 209,1.0 210,1.0 211,1.0 
3,2.0 46,2.0 57,2.0 85,2.0 
3,2.0 5,2.0 9,4.0 25,2.0 28,2.0 29,2.0 46,2.0 57,4.0 84,2.0 
2,2.0 
1,2.0 16,3.0 31,1.0 41,2.0 44,2.0 52,4.0 60,2.0 88,2.0 89,2.0 90,2.0 124,1.0 
1,2.0 87,2.0 89,2.0 90,2.0 
1,2.0 87,2.0 88,2.0 90,2.0 
1,2.0 87,2.0 88,2.0 89,2.0 
25,2.0 32,2.0 35,2.0 44,2.0 95,2.0 96,2.0 
32,2.0 83,4.0 
32,2.0 94,4.0 
0,2.0 34,3.0 35,2.0 36,2.0 91,2.0 93,2.0 95,2.0 96,2.0 229,2.0 
15,1.0 31,2.0 35,2.0 40,2.0 41,2.0 52,12.0 54,13.0 58,2.0 60,6.0 75,2.0 91,2.0 96,2.0 109,6.0 121,3.0 143,2.0 158,1.0 166,4.0 167,2.0 
26,2.0 35,2.0 52,1.0 91,2.0 95,2.0 124,1.0 140,2.0 144,2.0 174,2.0 
35,2.0 98,4.0 
31,2.0 36,1.0 40,2.0 75,2.0 95,2.0 97,2.0 
40,2.0 100,4.0 
31,2.0 67,2.0 99,2.0 101,2.0 
31,2.0 32,2.0 44,1.0 47,2.0 58,2.0 67,2.0 102,2.0 106,1.0 150,1.0 
103,2.0 
98,1.0 104,2.0 
40,2.0 
2,2.0 
15,2.0 44,3.0 46,1.0 52,1.0 54,2.0 58,1.0 74,1.0 101,1.0 107,2.0 150,1.0 207,1.0 208,1.0 
15,2.0 106,2.0 
52,2.0 56,1.0 60,9.0 61,2.0 62,6.0 63,2.0 95,6.0 111,4.0 113,2.0 120,1.0 239,1.0 240,1.0 
13,2.0 108,6.0 111,4.0 112,2.0 
5,1.0 14,1.0 27,1.0 29,1.0 56,2.0 65,1.0 136,1.0 172,1.0 223,1.0 
14,1.0 27,1.0 62,4.0 65,1.0 66,1.0 108,4.0 111,6.0 127,6.0 128,6.0 131,6.0 138,1.0 149,8.0 151,6.0 159,6.0 160,1.0 177,13.0 185,8.0 206,1.0 237,13.0 241,6.0 
108,2.0 
62,2.0 
56,2.0 
43,2.0 151,1.0 
17,2.0 
15,2.0 
14,2.0 133,1.0 194,1.0 
9,7.0 51,2.0 52,6.0 63,2.0 120,2.0 121,2.0 132,4.0 171,1.0 
9,2.0 44,1.0 49,2.0 51,2.0 52,2.0 60,2.0 63,2.0 111,2.0 119,2.0 121,2.0 149,2.0 165,2.0 166,1.0 169,1.0 177,1.0 185,2.0 237,1.0 239,2.0 240,1.0 
42,6.0 66,2.0 125,2.0 126,1.0 127,1.0 142,1.0 147,2.0 149,1.0 155,1.0 
9,2.0 31,6.0 49,4.0 52,11.0 54,13.0 70,2.0 95,11.0 123,17.0 124,6.0 132,2.0 160,3.0 163,2.0 189,3.0 215,2.0 225,1.0 228,1.0 232,2.0 
9,2.0 31,6.0 49,4.0 52,11.0 54,13.0 95,11.0 122,17.0 124,6.0 
9,2.0 26,1.0 31,10.0 49,5.0 52,1.0 54,5.0 64,5.0 77,1.0 96,1.0 125,6.0 126,5.0 140,1.0 144,1.0 166,2.0 170,1.0 174,1.0 215,1.0 216,1.0 217,1.0 
64,8.0 65,2.0 66,7.0 70,5.0 71,5.0 126,10.0 127,10.0 128,15.0 129,5.0 130,7.0 131,5.0 132,5.0 147,6.0 148,3.0 149,2.0 158,3.0 181,1.0 215,1.0 
52,1.0 64,5.0 66,5.0 70,5.0 77,1.0 125,10.0 127,10.0 128,11.0 132,5.0 139,1.0 149,1.0 180,1.0 192,1.0 
5,1.0 27,1.0 33,1.0 65,1.0 66,1.0 70,6.0 111,5.0 121,1.0 125,5.0 126,1.0 128,14.0 129,9.0 130,5.0 131,2.0 132,8.0 133,6.0 138,1.0 140,4.0 142,1.0 149,4.0 151,2.0 156,2.0 159,5.0 160,1.0 163,2.0 174,2.0 175,2.0 176,2.0 177,9.0 178,2.0 179,2.0 185,3.0 206,1.0 215,1.0 218,1.0 219,1.0 232,1.0 237,7.0 238,1.0 241,2.0 
66,5.0 70,6.0 71,6.0 111,6.0 125,10.0 126,5.0 127,15.0 129,5.0 130,5.0 131,9.0 132,6.0 133,6.0 149,3.0 151,3.0 158,1.0 159,3.0 177,6.0 180,1.0 181,1.0 185,3.0 192,1.0 215,2.0 216,1.0 218,1.0 219,1.0 220,1.0 237,6.0 241,3.0 
71,5.0 125,5.0 127,4.0 128,5.0 130,9.0 131,5.0 132,2.0 140,2.0 142,4.0 144,2.0 145,2.0 156,2.0 175,2.0 176,2.0 179,2.0 
9,1.0 16,1.0 52,1.0 71,5.0 125,6.0 128,5.0 129,9.0 131,5.0 142,4.0 147,1.0 158,1.0 163,1.0 181,1.0 221,1.0 
66,5.0 71,6.0 111,6.0 125,5.0 126,5.0 127,3.0 128,9.0 149,3.0 151,3.0 159,3.0 177,6.0 185,3.0 215,1.0 216,1.0 220,1.0 237,6.0 241,3.0 
3,1.0 15,8.0 21,2.0 24,1.0 29,1.0 48,1.0 70,3.0 127,6.0 128,6.0 133,6.0 163,4.0 206,1.0 
21,6.0 41,5.0 62,1.0 68,1.0 125,1.0 166,1.0 194,1.0 195,1.0 
9,5.0 25,3.0 49,2.0 52,5.0 58,3.0 135,8.0 
9,5.0 25,3.0 49,2.0 52,5.0 58,3.0 134,8.0 
9,5.0 16,3.0 27,1.0 28,1.0 29,1.0 30,1.0 52,4.0 65,1.0 77,2.0 110,1.0 119,5.0 137,7.0 158,1.0 172,4.0 177,1.0 187,1.0 214,2.0 223,1.0 226,3.0 227,1.0 
9,5.0 28,1.0 30,1.0 52,4.0 77,2.0 119,5.0 136,7.0 
9,1.0 16,2.0 25,1.0 27,2.0 29,1.0 52,5.0 58,1.0 65,2.0 66,1.0 70,1.0 77,5.0 110,1.0 132,1.0 136,1.0 139,6.0 160,1.0 163,1.0 172,1.0 189,2.0 206,1.0 213,1.0 214,1.0 223,1.0 225,1.0 226,1.0 
9,1.0 25,1.0 52,6.0 58,1.0 77,6.0 126,1.0 138,6.0 
127,6.0 129,4.0 141,4.0 142,2.0 143,2.0 144,4.0 145,1.0 156,2.0 163,2.0 174,4.0 175,3.0 176,2.0 177,2.0 178,3.0 179,2.0 203,2.0 
129,4.0 130,4.0 140,2.0 144,2.0 175,1.0 203,1.0 
121,1.0 126,1.0 127,1.0 132,2.0 133,1.0 140,2.0 143,1.0 149,1.0 
19,1.0 42,2.0 129,2.0 140,1.0 144,2.0 178,1.0 203,1.0 
127,2.0 129,4.0 140,4.0 142,2.0 145,2.0 156,2.0 174,2.0 175,1.0 203,1.0 
140,2.0 141,1.0 
64,3.0 125,3.0 147,3.0 
64,3.0 66,2.0 125,6.0 130,1.0 148,3.0 149,2.0 181,1.0 
121,1.0 150,2.0 
14,1.0 27,1.0 65,1.0 66,1.0 111,8.0 126,1.0 127,3.0 128,4.0 131,3.0 138,1.0 146,1.0 151,3.0 159,3.0 160,1.0 177,7.0 180,2.0 185,5.0 192,1.0 206,1.0 237,7.0 241,3.0 
41,4.0 108,1.0 133,1.0 158,1.0 
111,6.0 127,3.0 128,3.0 131,3.0 149,3.0 152,1.0 159,3.0 166,1.0 177,6.0 184,1.0 185,3.0 237,6.0 241,3.0 
41,7.0 42,2.0 56,2.0 168,2.0 
52,1.0 154,1.0 
52,1.0 153,1.0 
42,1.0 
54,1.0 95,1.0 127,2.0 129,2.0 140,2.0 157,1.0 175,2.0 176,2.0 
54,1.0 95,1.0 156,1.0 
16,1.0 62,1.0 65,2.0 130,1.0 133,2.0 136,1.0 151,1.0 159,4.0 160,2.0 161,2.0 163,1.0 177,3.0 180,1.0 181,2.0 183,1.0 185,1.0 187,1.0 193,1.0 
5,1.0 27,1.0 33,1.0 65,1.0 66,1.0 71,1.0 111,5.0 127,5.0 128,2.0 131,2.0 138,1.0 149,3.0 150,2.0 151,2.0 158,1.0 160,3.0 161,1.0 162,1.0 177,7.0 180,1.0 181,1.0 185,3.0 193,1.0 206,1.0 232,1.0 237,7.0 238,1.0 241,2.0 
16,3.0 27,2.0 29,3.0 65,2.0 66,1.0 103,1.0 110,1.0 122,3.0 136,1.0 138,1.0 150,2.0 159,2.0 161,3.0 172,1.0 189,3.0 206,1.0 215,2.0 223,1.0 225,1.0 228,1.0 232,2.0 
16,3.0 29,2.0 71,1.0 103,1.0 158,1.0 159,1.0 160,3.0 162,1.0 177,1.0 185,1.0 
49,1.0 71,1.0 158,1.0 191,1.0 
3,1.0 14,2.0 15,2.0 16,1.0 24,2.0 27,3.0 29,4.0 49,5.0 54,2.0 58,2.0 70,3.0 95,2.0 120,2.0 121,1.0 125,1.0 127,3.0 132,4.0 140,2.0 142,1.0 164,8.0 165,6.0 174,2.0 177,2.0 178,2.0 188,1.0 206,1.0 
49,5.0 54,2.0 58,2.0 95,2.0 120,2.0 121,1.0 127,1.0 142,1.0 163,8.0 165,6.0 
49,5.0 56,2.0 120,2.0 121,1.0 127,1.0 142,1.0 163,1.0 164,1.0 166,2.0 169,1.0 
42,9.0 48,2.0 62,2.0 122,2.0 138,1.0 
62,4.0 
49,3.0 56,2.0 162,1.0 
41,1.0 
17,1.0 19,1.0 43,1.0 
14,1.0 
9,2.0 16,3.0 26,1.0 27,1.0 29,1.0 44,1.0 52,2.0 65,1.0 96,1.0 110,1.0 136,4.0 173,3.0 214,2.0 223,1.0 226,3.0 227,1.0 
9,2.0 26,1.0 44,1.0 52,2.0 96,1.0 172,3.0 
127,4.0 129,4.0 140,4.0 144,2.0 156,2.0 178,2.0 179,2.0 
127,2.0 140,3.0 142,1.0 144,1.0 163,2.0 176,2.0 177,2.0 
127,2.0 140,2.0 163,2.0 175,2.0 177,2.0 
5,1.0 14,1.0 27,1.0 33,1.0 65,1.0 66,1.0 111,12.0 127,10.0 128,5.0 131,5.0 136,1.0 138,1.0 140,2.0 149,7.0 151,6.0 158,3.0 159,8.0 160,1.0 161,1.0 163,2.0 174,2.0 177,5.0 178,2.0 183,1.0 185,8.0 187,1.0 206,1.0 232,1.0 237,14.0 238,1.0 241,5.0 
127,2.0 129,2.0 140,3.0 145,1.0 174,2.0 179,2.0 203,1.0 
12,1.0 127,2.0 129,2.0 132,2.0 
125,1.0 128,1.0 130,1.0 147,1.0 158,2.0 159,1.0 181,2.0 192,1.0 193,1.0 
62,1.0 146,1.0 158,2.0 159,1.0 180,1.0 193,1.0 
158,1.0 177,1.0 183,1.0 
151,1.0 158,1.0 177,1.0 
158,1.0 161,1.0 177,1.0 
14,1.0 27,1.0 65,1.0 66,1.0 111,8.0 127,3.0 128,3.0 131,3.0 138,1.0 149,5.0 151,3.0 159,3.0 160,1.0 177,7.0 186,1.0 206,1.0 237,7.0 241,3.0 
136,1.0 158,1.0 177,1.0 
188,1.0 
24,1.0 30,1.0 56,1.0 74,1.0 
16,2.0 44,1.0 101,1.0 106,1.0 122,3.0 138,2.0 160,3.0 190,1.0 213,1.0 214,1.0 215,2.0 225,2.0 226,1.0 228,1.0 232,2.0 
44,1.0 101,1.0 106,1.0 189,1.0 
62,1.0 
128,1.0 158,1.0 180,1.0 181,1.0 
158,1.0 159,1.0 180,1.0 181,1.0 
133,1.0 195,1.0 
196,1.0 
115,1.0 
26,1.0 31,1.0 52,1.0 77,1.0 96,1.0 124,2.0 198,2.0 
26,1.0 31,1.0 52,1.0 77,1.0 96,1.0 124,2.0 197,2.0 
30,1.0 31,1.0 49,1.0 52,1.0 54,2.0 63,1.0 64,3.0 77,1.0 95,1.0 124,1.0 
77,1.0 201,1.0 202,1.0 
77,1.0 200,1.0 202,1.0 
77,1.0 141,1.0 
140,2.0 142,1.0 144,1.0 145,1.0 178,1.0 
31,1.0 124,1.0 205,1.0 
31,1.0 124,1.0 204,1.0 
16,3.0 27,2.0 29,1.0 43,2.0 65,2.0 66,1.0 110,1.0 136,1.0 138,1.0 160,1.0 172,1.0 223,1.0 
44,1.0 52,1.0 54,1.0 74,1.0 106,1.0 
24,1.0 29,1.0 46,1.0 132,1.0 163,1.0 
3,1.0 80,1.0 210,1.0 211,1.0 
1,1.0 3,1.0 80,2.0 209,1.0 211,2.0 212,1.0 
1,1.0 3,1.0 80,2.0 209,1.0 210,2.0 212,1.0 
1,1.0 80,1.0 210,1.0 211,1.0 
214,2.0 
27,2.0 225,2.0 226,4.0 227,4.0 
16,1.0 70,1.0 71,1.0 127,2.0 128,3.0 131,1.0 132,1.0 138,1.0 189,1.0 216,2.0 217,1.0 218,1.0 219,1.0 220,1.0 225,1.0 226,1.0 228,3.0 232,2.0 
70,1.0 127,2.0 128,2.0 132,1.0 215,2.0 217,1.0 220,1.0 
70,1.0 127,1.0 128,1.0 215,1.0 216,1.0 
71,1.0 128,1.0 131,1.0 215,1.0 219,1.0 
71,1.0 128,1.0 131,1.0 215,1.0 218,1.0 
127,1.0 128,1.0 132,1.0 215,1.0 216,1.0 
9,1.0 52,1.0 130,1.0 
9,1.0 25,1.0 58,1.0 66,1.0 
9,4.0 27,1.0 29,1.0 30,3.0 44,1.0 52,2.0 63,2.0 65,1.0 110,1.0 136,1.0 172,1.0 224,4.0 
9,4.0 30,3.0 44,1.0 52,2.0 63,2.0 223,4.0 
214,2.0 215,1.0 226,3.0 227,2.0 228,2.0 235,1.0 
214,4.0 215,1.0 225,3.0 227,5.0 228,1.0 236,1.0 
16,2.0 27,2.0 160,2.0 161,2.0 226,1.0 230,2.0 231,2.0 236,1.0 
16,3.0 136,2.0 138,1.0 172,2.0 189,1.0 225,1.0 235,1.0 
0,4.0 9,4.0 28,2.0 30,2.0 57,2.0 63,2.0 85,2.0 
227,2.0 231,2.0 
122,2.0 160,2.0 189,2.0 233,1.0 234,1.0 
33,1.0 127,1.0 159,1.0 177,1.0 215,2.0 228,2.0 237,1.0 
231,1.0 234,1.0 
122,1.0 160,1.0 189,1.0 
16,1.0 136,1.0 172,1.0 
16,1.0 160,1.0 161,1.0 
5,1.0 14,1.0 27,1.0 33,1.0 65,1.0 66,1.0 111,12.0 127,8.0 128,5.0 131,5.0 138,1.0 149,7.0 151,5.0 159,8.0 160,1.0 177,14.0 185,7.0 206,1.0 232,1.0 237,5.0 238,1.0 241,5.0 
5,1.0 127,1.0 159,1.0 177,1.0 237,1.0 
44,1.0 60,2.0 111,2.0 120,2.0 149,2.0 177,1.0 185,2.0 237,1.0 240,1.0 
60,1.0 111,1.0 120,1.0 149,1.0 185,1.0 239,1.0 
111,6.0 127,3.0 128,3.0 131,3.0 149,3.0 151,3.0 159,3.0 177,6.0 185,3.0 237,6.0 
