1,57.0 3,12.0 4,4.0 5,7.0 6,8.0 7,10.0 8,8.0 9,45.0 10,73.0 11,16.0 14,10.0 15,4.0 19,8.0 20,4.0 21,4.0 22,1.0 24,4.0 25,1.0 26,4.0 30,3.0 33,3.0 38,1.0 39,1.0 40,1.0 41,7.0 44,8.0 47,2.0 61,1.0 65,2.0 79,7.0 84,2.0 87,10.0 88,1.0 98,1.0 107,1.0 114,2.0 116,1.0 117,2.0 121,1.0 125,1.0 126,1.0 127,1.0 129,1.0 130,1.0 138,1.0 140,1.0 147,2.0 158,2.0 160,2.0 161,2.0 168,4.0 170,1.0 171,2.0 174,1.0 175,1.0 181,1.0 182,2.0 183,1.0 209,1.0 
0,54.0 2,28.0 3,7.0 6,8.0 9,14.0 10,5.0 14,14.0 15,22.0 16,5.0 17,3.0 19,1.0 20,5.0 22,3.0 30,6.0 33,18.0 34,2.0 35,2.0 36,2.0 40,1.0 42,1.0 57,7.0 58,3.0 59,2.0 60,3.0 61,4.0 65,2.0 69,1.0 76,4.0 79,13.0 80,4.0 81,4.0 86,3.0 87,1.0 89,2.0 92,3.0 138,1.0 184,1.0 191,1.0 194,1.0 206,2.0 
0,2.0 1,28.0 9,49.0 56,1.0 61,3.0 65,9.0 69,11.0 70,2.0 72,19.0 73,3.0 74,3.0 77,7.0 81,4.0 82,2.0 84,1.0 96,2.0 97,1.0 98,2.0 99,2.0 100,1.0 112,2.0 114,2.0 137,1.0 199,1.0 
0,12.0 1,3.0 4,4.0 5,4.0 10,3.0 39,1.0 40,2.0 42,1.0 57,3.0 58,3.0 114,2.0 117,1.0 174,1.0 175,1.0 
0,5.0 1,3.0 5,6.0 10,4.0 15,7.0 37,3.0 38,2.0 84,4.0 86,4.0 
0,6.0 4,6.0 10,3.0 15,2.0 26,2.0 140,1.0 141,1.0 168,2.0 
0,8.0 7,8.0 8,8.0 14,1.0 29,1.0 
0,9.0 8,10.0 14,1.0 114,1.0 133,1.0 134,1.0 141,2.0 171,1.0 
0,10.0 7,10.0 14,1.0 28,4.0 29,2.0 65,1.0 68,1.0 71,1.0 87,1.0 114,1.0 
0,34.0 1,13.0 2,48.0 3,8.0 9,4.0 10,2.0 15,30.0 17,5.0 18,1.0 19,4.0 30,1.0 31,2.0 32,2.0 33,1.0 42,3.0 43,3.0 56,6.0 59,9.0 60,3.0 61,8.0 64,4.0 67,3.0 68,2.0 69,2.0 74,4.0 75,3.0 76,6.0 77,7.0 79,7.0 82,5.0 91,2.0 92,2.0 100,2.0 102,2.0 110,2.0 111,2.0 113,2.0 115,2.0 116,2.0 118,1.0 127,1.0 137,1.0 176,1.0 180,1.0 
0,78.0 4,6.0 5,4.0 7,2.0 8,5.0 10,1.0 11,21.0 12,2.0 13,2.0 15,20.0 18,1.0 19,2.0 20,2.0 21,4.0 25,1.0 28,3.0 35,4.0 39,1.0 41,8.0 42,1.0 43,1.0 47,18.0 48,5.0 54,2.0 55,2.0 84,6.0 95,2.0 96,1.0 105,1.0 106,1.0 107,1.0 108,1.0 109,1.0 119,1.0 134,7.0 135,1.0 138,1.0 139,3.0 143,2.0 149,2.0 156,4.0 164,2.0 171,2.0 172,1.0 195,1.0 196,1.0 201,2.0 202,3.0 203,6.0 204,2.0 205,2.0 
0,2.0 4,6.0 5,6.0 10,19.0 12,2.0 13,2.0 18,1.0 26,2.0 39,1.0 54,2.0 55,2.0 76,1.0 84,4.0 95,2.0 114,1.0 168,2.0 172,1.0 200,1.0 201,2.0 
13,2.0 14,2.0 
12,2.0 14,2.0 
0,12.0 1,19.0 4,4.0 14,4.0 15,38.0 16,5.0 17,4.0 18,2.0 19,11.0 20,13.0 21,10.0 24,4.0 25,4.0 26,2.0 27,2.0 30,2.0 34,4.0 37,3.0 38,1.0 42,2.0 44,8.0 45,2.0 47,6.0 51,2.0 52,2.0 53,2.0 79,2.0 95,1.0 104,2.0 124,2.0 138,2.0 139,2.0 143,1.0 149,1.0 155,1.0 159,2.0 161,2.0 162,2.0 171,1.0 172,1.0 187,3.0 188,1.0 206,2.0 
0,6.0 1,21.0 4,5.0 8,1.0 9,24.0 10,19.0 11,4.0 14,38.0 15,4.0 16,4.0 19,11.0 20,19.0 21,7.0 22,2.0 23,2.0 27,2.0 30,4.0 33,1.0 34,1.0 38,1.0 40,6.0 42,1.0 43,2.0 44,13.0 51,2.0 52,1.0 53,1.0 59,1.0 61,8.0 62,4.0 63,4.0 64,9.0 65,12.0 66,1.0 67,3.0 68,1.0 72,2.0 76,1.0 79,14.0 82,1.0 83,4.0 85,4.0 86,4.0 92,1.0 94,2.0 95,2.0 103,2.0 108,3.0 109,1.0 124,2.0 138,1.0 141,2.0 149,1.0 163,1.0 169,1.0 173,1.0 186,3.0 187,1.0 189,1.0 190,1.0 193,1.0 194,1.0 211,2.0 
4,3.0 10,2.0 14,5.0 15,2.0 17,2.0 18,2.0 37,3.0 
1,3.0 9,2.0 10,2.0 14,2.0 18,2.0 59,3.0 75,3.0 76,5.0 80,3.0 
14,2.0 17,2.0 47,1.0 59,1.0 141,2.0 203,1.0 
0,4.0 1,2.0 9,5.0 10,2.0 14,9.0 15,12.0 38,1.0 42,1.0 43,2.0 84,1.0 149,1.0 
0,2.0 1,9.0 4,2.0 10,2.0 14,11.0 15,9.0 22,3.0 38,2.0 44,2.0 57,1.0 92,4.0 163,1.0 166,1.0 173,1.0 206,2.0 
0,4.0 5,1.0 7,2.0 14,6.0 15,8.0 17,2.0 22,2.0 23,2.0 42,2.0 47,1.0 104,2.0 
10,5.0 23,2.0 24,2.0 92,3.0 119,1.0 
0,1.0 22,2.0 24,2.0 
0,4.0 14,10.0 25,4.0 28,2.0 45,2.0 46,2.0 114,1.0 124,6.0 125,2.0 126,1.0 159,2.0 165,2.0 
0,1.0 5,1.0 14,4.0 26,2.0 27,2.0 140,1.0 206,2.0 
5,2.0 9,2.0 10,2.0 15,2.0 27,2.0 168,4.0 
1,2.0 10,2.0 26,2.0 211,2.0 
8,4.0 14,1.0 29,2.0 46,2.0 47,2.0 87,1.0 
6,1.0 9,2.0 14,4.0 21,2.0 30,1.0 62,1.0 79,1.0 
0,2.0 1,2.0 2,1.0 9,1.0 15,4.0 33,14.0 44,4.0 59,3.0 85,4.0 120,1.0 129,1.0 131,1.0 132,1.0 167,1.0 168,1.0 177,1.0 
6,1.0 29,2.0 32,2.0 
6,1.0 29,2.0 31,2.0 
0,1.0 1,20.0 14,1.0 22,1.0 29,1.0 30,11.0 33,2.0 44,7.0 53,1.0 59,15.0 61,9.0 74,5.0 78,4.0 79,8.0 92,1.0 101,4.0 116,2.0 118,2.0 119,1.0 120,1.0 122,1.0 123,2.0 128,1.0 129,1.0 130,1.0 131,1.0 132,1.0 141,2.0 167,1.0 168,1.0 176,1.0 
1,2.0 14,4.0 15,1.0 33,2.0 124,2.0 186,1.0 
10,4.0 36,2.0 37,2.0 38,2.0 202,1.0 207,3.0 208,1.0 
35,2.0 37,2.0 38,2.0 
0,2.0 1,3.0 4,3.0 38,2.0 
0,2.0 4,2.0 9,1.0 15,2.0 24,2.0 37,2.0 
10,2.0 40,1.0 47,1.0 180,1.0 
1,1.0 10,1.0 15,4.0 39,1.0 57,1.0 58,1.0 62,3.0 63,3.0 65,1.0 76,1.0 94,2.0 197,1.0 
0,1.0 7,2.0 8,4.0 10,8.0 28,2.0 42,1.0 43,1.0 68,2.0 71,2.0 84,1.0 114,1.0 156,1.0 171,1.0 195,1.0 196,1.0 
1,1.0 10,2.0 14,1.0 24,1.0 33,1.0 43,2.0 57,1.0 58,1.0 65,2.0 68,1.0 104,2.0 
14,2.0 24,1.0 42,2.0 65,1.0 96,2.0 
0,4.0 14,6.0 15,12.0 20,2.0 30,8.0 33,11.0 57,1.0 59,3.0 61,2.0 79,1.0 92,1.0 103,2.0 117,2.0 134,2.0 148,1.0 154,1.0 157,2.0 160,1.0 166,1.0 172,1.0 176,2.0 177,1.0 186,1.0 188,1.0 207,1.0 
24,2.0 28,2.0 46,2.0 
24,1.0 28,2.0 47,2.0 
5,1.0 7,1.0 10,21.0 14,8.0 18,1.0 21,1.0 24,2.0 39,1.0 48,5.0 49,2.0 50,2.0 87,8.0 119,1.0 124,2.0 133,1.0 139,5.0 141,13.0 142,5.0 146,4.0 147,1.0 148,2.0 150,2.0 156,1.0 159,2.0 184,1.0 185,1.0 
7,1.0 47,5.0 49,2.0 50,2.0 124,2.0 133,1.0 
14,2.0 50,2.0 
14,2.0 49,2.0 
14,2.0 52,2.0 53,2.0 
0,1.0 14,1.0 15,1.0 47,3.0 53,3.0 
14,1.0 15,1.0 47,3.0 52,3.0 134,1.0 
14,2.0 55,2.0 
14,2.0 54,2.0 107,1.0 212,1.0 213,1.0 214,1.0 215,1.0 
9,9.0 39,1.0 65,2.0 69,3.0 82,3.0 118,1.0 179,1.0 
1,2.0 2,2.0 40,1.0 42,1.0 44,1.0 47,1.0 56,2.0 58,3.0 76,4.0 90,1.0 92,1.0 
1,2.0 40,1.0 42,1.0 57,3.0 90,1.0 
0,3.0 1,3.0 9,11.0 15,2.0 30,3.0 33,10.0 44,3.0 59,1.0 61,9.0 65,6.0 74,5.0 82,1.0 86,2.0 92,2.0 93,2.0 101,4.0 109,1.0 118,2.0 119,2.0 176,2.0 192,1.0 
9,3.0 59,1.0 91,2.0 
0,1.0 1,3.0 2,1.0 9,4.0 15,7.0 33,6.0 40,2.0 44,2.0 52,1.0 59,4.0 62,3.0 63,1.0 65,2.0 68,2.0 78,2.0 86,2.0 92,4.0 100,1.0 109,1.0 117,1.0 
15,3.0 40,3.0 63,2.0 87,1.0 92,1.0 197,1.0 
15,4.0 40,3.0 62,2.0 66,1.0 94,1.0 
14,2.0 15,9.0 40,4.0 62,1.0 63,3.0 66,1.0 76,1.0 94,2.0 95,2.0 141,2.0 
0,2.0 1,2.0 2,12.0 8,1.0 14,1.0 15,10.0 19,1.0 52,2.0 53,1.0 56,2.0 59,6.0 61,1.0 64,3.0 65,2.0 68,1.0 70,4.0 71,1.0 73,3.0 76,1.0 79,2.0 84,3.0 96,1.0 97,2.0 171,2.0 199,1.0 200,1.0 
15,1.0 63,1.0 
15,3.0 42,1.0 43,2.0 68,1.0 
8,1.0 9,2.0 41,2.0 42,1.0 65,2.0 71,3.0 114,1.0 156,1.0 
2,11.0 9,3.0 56,2.0 72,1.0 84,1.0 97,1.0 113,1.0 178,1.0 179,1.0 
8,1.0 65,5.0 68,1.0 71,1.0 84,2.0 
7,2.0 8,1.0 41,2.0 65,1.0 68,3.0 114,1.0 134,2.0 156,1.0 
2,19.0 15,2.0 56,1.0 118,1.0 
2,3.0 72,3.0 
1,1.0 9,6.0 17,1.0 33,4.0 59,6.0 75,1.0 76,1.0 
9,2.0 17,3.0 59,1.0 76,3.0 
2,2.0 9,3.0 11,1.0 17,5.0 40,1.0 56,2.0 57,4.0 59,3.0 65,1.0 75,3.0 114,1.0 198,1.0 200,2.0 
9,7.0 17,4.0 75,2.0 76,5.0 100,2.0 
33,4.0 
0,4.0 1,9.0 4,4.0 9,3.0 15,13.0 17,3.0 22,1.0 29,1.0 33,3.0 44,1.0 52,1.0 53,1.0 62,1.0 65,2.0 80,4.0 83,2.0 86,7.0 103,2.0 119,1.0 122,1.0 123,2.0 128,1.0 130,1.0 160,1.0 
1,4.0 17,3.0 
1,4.0 57,4.0 76,4.0 
2,2.0 9,5.0 15,1.0 18,1.0 59,1.0 102,2.0 
14,2.0 15,2.0 21,2.0 
0,2.0 2,2.0 4,4.0 10,5.0 15,4.0 41,1.0 65,4.0 98,1.0 171,2.0 
1,4.0 
4,4.0 10,3.0 15,4.0 33,2.0 
0,10.0 1,1.0 8,1.0 23,1.0 28,1.0 47,6.0 57,1.0 88,1.0 112,1.0 139,3.0 143,1.0 145,1.0 147,1.0 156,1.0 164,1.0 181,1.0 182,1.0 209,1.0 210,1.0 
8,1.0 28,1.0 87,1.0 
9,2.0 
1,1.0 
59,2.0 
1,1.0 9,2.0 10,3.0 15,1.0 22,3.0 33,2.0 47,1.0 57,1.0 62,1.0 
9,2.0 
15,2.0 40,2.0 63,1.0 
10,2.0 15,2.0 47,1.0 
0,1.0 2,1.0 65,2.0 69,1.0 97,5.0 202,1.0 
2,3.0 69,2.0 84,1.0 96,4.0 
10,1.0 19,1.0 65,2.0 70,2.0 
2,2.0 
9,2.0 15,1.0 
33,2.0 59,2.0 78,2.0 92,2.0 
59,2.0 
29,2.0 33,2.0 148,1.0 
10,2.0 42,2.0 
0,1.0 106,1.0 
0,1.0 105,1.0 
10,1.0 55,1.0 108,1.0 109,1.0 212,1.0 213,1.0 214,1.0 215,1.0 
0,1.0 1,2.0 44,1.0 109,2.0 190,1.0 193,1.0 
0,1.0 1,1.0 108,2.0 128,1.0 
2,2.0 111,2.0 
2,2.0 110,2.0 
9,2.0 47,1.0 
0,3.0 3,2.0 
0,2.0 9,2.0 69,1.0 117,6.0 184,2.0 
2,2.0 
0,2.0 3,1.0 24,1.0 44,2.0 61,1.0 126,1.0 
11,1.0 15,2.0 41,1.0 44,2.0 64,2.0 68,1.0 71,1.0 76,1.0 114,4.0 134,3.0 141,2.0 200,1.0 
9,1.0 39,1.0 56,1.0 59,2.0 119,2.0 180,1.0 
10,3.0 22,1.0 33,2.0 
0,1.0 
33,1.0 79,1.0 
0,1.0 123,1.0 
0,1.0 59,1.0 122,1.0 128,1.0 
0,4.0 14,4.0 24,7.0 34,2.0 46,1.0 52,1.0 141,2.0 152,2.0 165,2.0 
0,2.0 126,1.0 
0,1.0 24,1.0 30,1.0 33,1.0 114,1.0 
9,1.0 115,1.0 
0,2.0 30,1.0 33,1.0 59,1.0 123,1.0 129,2.0 
128,4.0 
33,1.0 79,1.0 123,1.0 128,1.0 
59,1.0 132,1.0 
59,1.0 131,1.0 
7,1.0 134,1.0 
7,2.0 10,7.0 14,2.0 34,2.0 38,2.0 71,2.0 117,3.0 124,2.0 135,1.0 136,1.0 143,2.0 205,2.0 
134,1.0 136,1.0 
10,1.0 
2,1.0 56,1.0 
0,1.0 14,1.0 15,2.0 22,1.0 95,1.0 
0,1.0 10,3.0 14,2.0 15,3.0 23,1.0 87,3.0 156,3.0 
5,1.0 141,1.0 
14,2.0 15,2.0 18,2.0 44,2.0 47,16.0 53,1.0 64,2.0 124,2.0 141,2.0 142,7.0 143,6.0 147,2.0 151,2.0 152,2.0 153,1.0 
10,3.0 47,5.0 143,2.0 144,1.0 148,2.0 154,1.0 
10,2.0 14,1.0 71,2.0 87,1.0 134,2.0 141,4.0 142,2.0 144,1.0 146,1.0 154,1.0 156,1.0 
87,1.0 
143,1.0 
10,2.0 124,2.0 139,2.0 141,1.0 147,1.0 
10,2.0 47,1.0 87,1.0 139,1.0 141,4.0 
33,1.0 84,2.0 103,1.0 
14,1.0 47,2.0 171,2.0 
141,2.0 
141,2.0 
53,1.0 141,2.0 153,1.0 
134,1.0 
14,1.0 33,1.0 157,1.0 
143,1.0 
0,2.0 1,1.0 47,3.0 55,1.0 107,1.0 141,1.0 147,1.0 212,1.0 213,1.0 214,1.0 215,1.0 
33,2.0 154,1.0 
15,2.0 169,1.0 
14,4.0 24,2.0 
0,1.0 15,2.0 170,1.0 
14,2.0 162,2.0 
10,2.0 
0,1.0 
47,3.0 
0,1.0 46,1.0 124,2.0 
44,1.0 
15,1.0 168,1.0 
5,2.0 9,2.0 15,3.0 26,4.0 167,1.0 
15,1.0 124,1.0 
15,1.0 160,1.0 
0,2.0 10,1.0 14,2.0 15,1.0 19,1.0 41,1.0 65,1.0 84,4.0 149,1.0 182,1.0 
15,1.0 20,1.0 35,1.0 87,1.0 
0,1.0 
0,1.0 175,1.0 
0,1.0 174,1.0 
9,1.0 33,2.0 44,1.0 59,2.0 
56,1.0 
69,1.0 
69,1.0 72,1.0 
9,2.0 74,1.0 118,1.0 
0,1.0 9,1.0 
0,1.0 57,1.0 84,1.0 87,1.0 
87,1.0 
41,1.0 47,1.0 68,1.0 71,1.0 87,1.0 114,1.0 
186,1.0 
14,3.0 15,1.0 187,4.0 
15,3.0 34,1.0 44,2.0 186,3.0 
15,2.0 
14,1.0 
1,1.0 108,1.0 
59,1.0 
1,1.0 
44,1.0 108,1.0 
8,1.0 15,1.0 
24,1.0 196,1.0 
24,1.0 195,1.0 
15,1.0 
59,1.0 
65,1.0 76,1.0 200,1.0 
9,1.0 11,1.0 76,2.0 114,1.0 
134,2.0 202,1.0 207,1.0 
10,1.0 35,3.0 44,2.0 96,1.0 207,3.0 
10,6.0 201,2.0 204,2.0 
10,2.0 203,2.0 
38,2.0 134,2.0 
15,3.0 33,1.0 
10,3.0 35,1.0 202,4.0 
10,1.0 11,1.0 
87,1.0 210,1.0 
203,1.0 
1,2.0 27,2.0 
55,1.0 107,1.0 213,1.0 214,1.0 215,1.0 
55,1.0 107,1.0 212,1.0 214,1.0 215,1.0 
55,1.0 107,1.0 212,1.0 213,1.0 215,1.0 
55,1.0 107,1.0 212,1.0 213,1.0 214,1.0 
