1,8.0 12,3.0 13,12.0 24,3.0 26,3.0 27,6.0 29,3.0 50,3.0 51,3.0 53,3.0 54,3.0 55,1.0 
2,8.0 
3,20.0 8,4.0 9,1.0 12,3.0 13,7.0 14,10.0 26,9.0 43,9.0 
0,4.0 2,4.0 4,8.0 6,4.0 8,4.0 9,1.0 
5,8.0 13,12.0 15,12.0 
2,8.0 
2,7.0 6,2.0 7,4.0 12,7.0 13,7.0 18,9.0 23,3.0 34,2.0 39,7.0 40,3.0 41,3.0 44,3.0 45,3.0 47,2.0 61,2.0 62,3.0 
2,4.0 3,4.0 
0,3.0 9,4.0 10,8.0 11,1.0 15,7.0 26,3.0 31,2.0 36,2.0 78,2.0 
8,1.0 10,4.0 11,4.0 78,2.0 87,2.0 
11,7.0 12,4.0 15,10.0 16,4.0 17,4.0 18,4.0 19,2.0 33,3.0 34,3.0 47,3.0 62,3.0 64,6.0 66,3.0 68,3.0 
10,7.0 12,4.0 15,3.0 18,3.0 33,3.0 34,6.0 36,3.0 
0,1.0 6,20.0 12,2.0 13,3.0 15,2.0 18,13.0 23,2.0 34,3.0 39,8.0 40,2.0 41,2.0 46,2.0 47,7.0 59,3.0 61,3.0 68,2.0 69,2.0 78,1.0 
2,31.0 14,7.0 46,3.0 59,3.0 60,2.0 
8,10.0 15,3.0 60,3.0 64,2.0 68,2.0 71,2.0 
6,2.0 8,2.0 10,16.0 11,3.0 12,3.0 14,2.0 16,7.0 17,7.0 18,13.0 19,6.0 27,12.0 28,3.0 31,2.0 34,5.0 36,3.0 38,3.0 39,3.0 43,2.0 47,5.0 60,16.0 65,2.0 68,3.0 71,3.0 78,2.0 80,6.0 82,2.0 92,2.0 
12,2.0 16,6.0 17,18.0 18,28.0 19,18.0 20,3.0 21,2.0 22,1.0 46,2.0 47,2.0 73,8.0 74,8.0 75,2.0 76,2.0 
12,2.0 16,18.0 17,4.0 18,20.0 19,18.0 20,1.0 21,2.0 22,1.0 33,2.0 46,2.0 47,2.0 64,4.0 69,6.0 89,2.0 92,4.0 
6,13.0 12,13.0 16,25.0 17,18.0 18,12.0 19,18.0 20,4.0 21,3.0 22,1.0 23,2.0 34,8.0 36,2.0 37,3.0 39,8.0 40,2.0 41,2.0 46,5.0 47,10.0 61,5.0 62,2.0 73,7.0 74,7.0 75,3.0 76,3.0 78,2.0 
12,2.0 16,15.0 17,17.0 18,18.0 19,4.0 20,2.0 21,4.0 22,2.0 46,3.0 47,3.0 64,2.0 69,2.0 92,4.0 
21,4.0 22,2.0 23,2.0 75,3.0 76,3.0 77,1.0 
10,3.0 20,3.0 22,2.0 23,4.0 24,1.0 41,3.0 63,3.0 75,1.0 76,1.0 
20,2.0 21,2.0 23,2.0 56,3.0 57,3.0 58,3.0 97,2.0 98,2.0 
0,2.0 24,2.0 40,3.0 41,3.0 42,3.0 
25,6.0 27,2.0 79,8.0 
26,6.0 
0,27.0 12,3.0 36,8.0 49,27.0 70,3.0 78,10.0 
22,2.0 28,9.0 31,3.0 36,8.0 49,14.0 59,8.0 78,2.0 97,2.0 
6,2.0 12,3.0 15,3.0 18,3.0 26,6.0 27,3.0 31,3.0 38,3.0 39,3.0 
30,3.0 46,2.0 64,4.0 74,2.0 
27,3.0 28,3.0 87,2.0 
8,2.0 32,3.0 36,2.0 78,2.0 
10,3.0 11,3.0 
34,3.0 35,3.0 64,2.0 69,2.0 79,2.0 92,2.0 
6,3.0 15,2.0 18,6.0 19,2.0 33,3.0 35,3.0 37,3.0 47,3.0 61,3.0 62,2.0 92,2.0 
11,3.0 15,3.0 36,3.0 78,2.0 87,2.0 
4,12.0 9,2.0 11,3.0 15,5.0 18,5.0 24,8.0 34,3.0 35,2.0 49,1.0 78,9.0 80,2.0 84,2.0 85,2.0 86,2.0 
15,3.0 28,3.0 38,3.0 
6,2.0 12,3.0 15,3.0 18,3.0 28,3.0 39,3.0 68,4.0 89,8.0 90,2.0 92,2.0 
6,8.0 12,8.0 18,8.0 23,2.0 39,2.0 40,2.0 41,2.0 
23,3.0 41,3.0 42,3.0 
10,3.0 21,3.0 23,3.0 40,3.0 42,3.0 63,3.0 
43,3.0 
4,12.0 15,2.0 24,2.0 36,4.0 54,4.0 79,16.0 80,2.0 89,4.0 
45,3.0 46,3.0 47,3.0 
44,3.0 46,3.0 47,6.0 49,3.0 50,3.0 51,3.0 
6,2.0 12,5.0 14,3.0 18,5.0 34,2.0 47,8.0 48,3.0 61,2.0 64,4.0 69,2.0 
6,5.0 12,6.0 14,2.0 15,2.0 18,8.0 34,5.0 46,6.0 47,2.0 48,3.0 51,3.0 52,3.0 61,5.0 62,2.0 
45,3.0 49,3.0 50,3.0 
16,3.0 18,2.0 26,3.0 43,8.0 45,3.0 46,2.0 47,3.0 50,3.0 51,3.0 64,2.0 65,31.0 70,3.0 72,3.0 73,3.0 74,3.0 
0,3.0 45,3.0 47,3.0 49,3.0 51,6.0 53,3.0 54,3.0 55,1.0 
22,1.0 47,3.0 51,1.0 52,3.0 54,7.0 55,7.0 56,1.0 57,1.0 89,2.0 93,2.0 
0,3.0 50,3.0 53,3.0 
0,3.0 50,3.0 51,3.0 54,3.0 55,1.0 
22,1.0 51,7.0 54,1.0 55,7.0 56,1.0 57,1.0 85,4.0 89,4.0 
22,3.0 51,5.0 54,5.0 55,1.0 56,3.0 57,3.0 
22,3.0 57,3.0 58,3.0 
22,3.0 56,3.0 58,3.0 
26,3.0 
13,5.0 46,3.0 64,2.0 81,6.0 
15,6.0 16,3.0 17,3.0 18,3.0 19,2.0 36,2.0 43,16.0 71,3.0 
6,3.0 18,3.0 34,3.0 47,3.0 62,2.0 
10,3.0 21,3.0 41,3.0 63,3.0 
10,3.0 21,3.0 41,3.0 
9,2.0 12,2.0 14,2.0 17,2.0 26,34.0 29,4.0 30,2.0 33,4.0 35,2.0 46,4.0 64,2.0 65,6.0 66,2.0 69,8.0 70,4.0 71,2.0 74,2.0 78,4.0 79,4.0 83,2.0 84,2.0 87,6.0 88,2.0 92,6.0 94,2.0 95,2.0 
15,6.0 64,34.0 
15,3.0 60,3.0 64,2.0 67,3.0 70,2.0 
10,3.0 15,3.0 
0,1.0 12,2.0 38,2.0 49,3.0 69,5.0 72,3.0 78,1.0 89,2.0 92,4.0 96,2.0 
0,1.0 12,2.0 17,2.0 26,3.0 33,4.0 43,2.0 49,3.0 64,6.0 68,2.0 69,2.0 78,3.0 79,2.0 92,6.0 
29,4.0 64,4.0 66,3.0 
64,2.0 66,2.0 68,3.0 
16,3.0 18,2.0 49,3.0 73,3.0 74,3.0 
16,8.0 18,8.0 20,2.0 73,2.0 74,8.0 75,2.0 76,2.0 
14,2.0 16,8.0 18,8.0 20,2.0 64,2.0 73,8.0 74,2.0 75,2.0 76,2.0 
20,3.0 21,2.0 76,3.0 77,1.0 
20,3.0 21,2.0 75,3.0 77,1.0 
65,1.0 
8,2.0 18,2.0 22,2.0 27,10.0 31,2.0 36,20.0 64,8.0 70,2.0 94,2.0 97,2.0 
15,18.0 26,8.0 36,2.0 
27,8.0 64,2.0 81,2.0 
59,2.0 60,6.0 80,2.0 
81,2.0 
15,2.0 
78,2.0 87,2.0 
38,4.0 68,2.0 78,2.0 
87,2.0 
64,16.0 
38,2.0 
17,2.0 38,4.0 51,2.0 54,4.0 68,2.0 69,2.0 85,4.0 90,2.0 91,2.0 92,2.0 93,2.0 
89,2.0 91,2.0 
43,2.0 
15,2.0 17,4.0 19,2.0 33,4.0 34,2.0 51,2.0 64,8.0 69,8.0 79,2.0 89,2.0 92,4.0 
17,2.0 89,2.0 
64,2.0 95,2.0 
49,2.0 
27,2.0 78,2.0 
22,2.0 98,2.0 
12,2.0 68,2.0 69,2.0 
