1,6.0 2,8.0 4,9.0 16,6.0 17,9.0 18,3.0 20,1.0 21,2.0 26,2.0 28,1.0 30,1.0 31,2.0 34,2.0 38,1.0 42,5.0 56,4.0 58,1.0 62,7.0 68,4.0 71,1.0 76,1.0 79,1.0 88,1.0 96,1.0 111,3.0 112,4.0 150,1.0 151,7.0 152,1.0 167,1.0 170,1.0 187,1.0 202,2.0 217,2.0 231,4.0 340,1.0 397,1.0 447,1.0 479,1.0 480,1.0 481,1.0 
0,5.0 2,4.0 4,12.0 5,3.0 16,2.0 17,17.0 18,9.0 31,3.0 42,2.0 46,3.0 49,6.0 56,2.0 58,1.0 167,3.0 168,3.0 217,1.0 
0,6.0 1,2.0 2,4.0 3,10.0 4,31.0 5,9.0 6,1.0 7,5.0 10,1.0 11,2.0 16,18.0 17,19.0 18,5.0 19,2.0 20,6.0 21,2.0 23,1.0 26,3.0 30,21.0 31,12.0 32,2.0 33,3.0 34,2.0 37,2.0 38,6.0 41,1.0 43,1.0 44,2.0 50,1.0 53,2.0 56,4.0 57,5.0 58,8.0 62,12.0 64,1.0 65,1.0 66,1.0 67,1.0 68,12.0 69,3.0 71,2.0 75,1.0 80,1.0 81,1.0 83,3.0 84,2.0 87,3.0 89,4.0 90,4.0 91,2.0 94,1.0 95,2.0 96,2.0 98,1.0 99,1.0 100,1.0 105,1.0 106,1.0 107,2.0 110,1.0 111,1.0 112,24.0 113,2.0 119,12.0 127,22.0 131,3.0 140,10.0 145,8.0 146,2.0 148,1.0 150,1.0 151,3.0 154,3.0 166,2.0 167,2.0 168,9.0 172,1.0 179,2.0 189,1.0 202,5.0 205,4.0 217,1.0 221,3.0 227,2.0 229,1.0 231,5.0 233,4.0 242,1.0 260,1.0 265,1.0 268,1.0 276,4.0 312,1.0 359,3.0 361,1.0 420,1.0 422,1.0 433,1.0 446,1.0 448,1.0 454,2.0 472,1.0 473,1.0 474,1.0 475,1.0 476,1.0 477,1.0 478,1.0 479,1.0 480,1.0 481,1.0 
2,6.0 3,46.0 4,60.0 5,55.0 6,8.0 7,3.0 8,3.0 9,7.0 10,7.0 11,9.0 12,4.0 13,4.0 14,4.0 15,4.0 16,8.0 18,3.0 19,6.0 21,1.0 22,1.0 29,1.0 30,42.0 31,24.0 32,2.0 33,4.0 34,2.0 35,4.0 36,4.0 37,4.0 38,1.0 39,4.0 40,4.0 42,1.0 43,2.0 46,30.0 50,3.0 51,4.0 53,2.0 54,4.0 55,6.0 58,1.0 62,3.0 66,1.0 67,1.0 77,2.0 80,1.0 83,3.0 84,1.0 88,2.0 89,1.0 90,1.0 91,1.0 95,1.0 99,3.0 106,3.0 114,1.0 116,2.0 118,2.0 132,6.0 140,4.0 145,4.0 146,3.0 150,2.0 153,1.0 154,1.0 159,1.0 166,1.0 168,1.0 174,2.0 181,2.0 187,1.0 206,2.0 229,1.0 258,1.0 263,1.0 268,1.0 272,2.0 274,2.0 276,1.0 286,2.0 288,1.0 301,5.0 303,9.0 312,1.0 325,1.0 327,1.0 329,2.0 331,1.0 340,1.0 343,1.0 344,4.0 345,1.0 346,1.0 347,1.0 349,5.0 350,1.0 351,1.0 352,1.0 361,1.0 405,2.0 422,1.0 
0,8.0 1,9.0 2,29.0 3,63.0 4,65.0 5,44.0 6,3.0 7,6.0 8,4.0 9,8.0 10,3.0 11,4.0 12,2.0 13,2.0 14,2.0 15,2.0 16,12.0 17,84.0 18,63.0 19,12.0 20,6.0 21,10.0 22,9.0 23,4.0 24,6.0 25,6.0 26,16.0 27,4.0 28,4.0 29,2.0 30,30.0 31,1.0 33,1.0 34,2.0 35,2.0 36,2.0 37,7.0 38,6.0 39,8.0 40,8.0 41,7.0 43,2.0 44,3.0 45,1.0 46,22.0 49,4.0 50,1.0 51,6.0 52,2.0 53,1.0 56,16.0 62,8.0 63,1.0 64,1.0 66,1.0 68,4.0 69,5.0 70,3.0 71,2.0 77,4.0 80,4.0 82,2.0 83,6.0 84,1.0 87,1.0 89,1.0 90,3.0 91,5.0 94,1.0 96,1.0 98,1.0 101,1.0 105,3.0 106,3.0 107,4.0 108,1.0 111,2.0 112,5.0 113,3.0 116,1.0 124,2.0 135,3.0 139,4.0 146,7.0 150,2.0 151,2.0 153,1.0 154,3.0 155,2.0 159,1.0 160,2.0 162,1.0 166,13.0 167,5.0 168,6.0 179,2.0 181,3.0 182,1.0 183,1.0 202,2.0 204,1.0 207,2.0 217,4.0 221,2.0 226,3.0 227,4.0 229,1.0 231,4.0 258,1.0 263,4.0 268,2.0 274,2.0 276,2.0 329,1.0 330,1.0 331,1.0 332,1.0 333,1.0 334,1.0 349,4.0 386,1.0 402,3.0 422,1.0 424,1.0 447,1.0 450,1.0 456,1.0 
0,1.0 1,4.0 2,6.0 3,55.0 4,45.0 5,34.0 6,5.0 7,4.0 8,6.0 9,6.0 10,9.0 11,8.0 12,4.0 13,4.0 14,4.0 15,4.0 16,3.0 17,19.0 18,1.0 20,2.0 21,1.0 22,1.0 30,30.0 31,1.0 35,2.0 36,2.0 38,4.0 42,3.0 43,1.0 44,1.0 45,2.0 46,25.0 47,4.0 48,4.0 49,4.0 50,1.0 55,1.0 58,1.0 62,5.0 66,1.0 69,6.0 75,1.0 77,2.0 80,1.0 81,2.0 83,2.0 84,1.0 85,1.0 90,1.0 91,4.0 105,1.0 106,2.0 107,1.0 108,1.0 112,1.0 118,2.0 119,3.0 125,2.0 146,6.0 150,2.0 154,2.0 155,2.0 160,2.0 166,2.0 168,1.0 179,2.0 182,3.0 192,2.0 217,1.0 227,2.0 229,1.0 231,2.0 276,1.0 312,1.0 349,4.0 361,1.0 386,1.0 389,2.0 435,1.0 448,1.0 456,1.0 
3,10.0 4,3.0 5,8.0 7,4.0 18,1.0 30,6.0 31,6.0 38,1.0 42,2.0 45,2.0 54,2.0 55,1.0 84,1.0 99,1.0 183,1.0 
2,3.0 3,5.0 4,5.0 5,7.0 6,6.0 9,2.0 11,2.0 16,1.0 20,1.0 30,8.0 31,5.0 32,4.0 37,2.0 42,3.0 45,1.0 62,3.0 68,1.0 69,2.0 75,2.0 80,2.0 83,1.0 85,1.0 95,1.0 99,1.0 112,4.0 147,1.0 153,1.0 154,5.0 224,2.0 231,1.0 272,1.0 388,1.0 
0,1.0 3,4.0 4,4.0 5,10.0 9,2.0 10,1.0 30,4.0 62,1.0 105,2.0 111,1.0 112,1.0 151,1.0 
3,5.0 4,7.0 5,6.0 7,2.0 8,4.0 16,2.0 17,1.0 18,1.0 20,1.0 30,5.0 31,1.0 32,1.0 37,2.0 43,1.0 83,1.0 85,1.0 153,1.0 388,1.0 
0,1.0 2,4.0 3,4.0 4,5.0 5,8.0 8,1.0 11,5.0 18,2.0 21,1.0 22,1.0 30,6.0 38,1.0 43,1.0 44,2.0 46,2.0 58,1.0 62,1.0 111,1.0 112,1.0 150,2.0 151,1.0 
2,2.0 3,6.0 4,7.0 5,7.0 10,8.0 18,3.0 21,1.0 22,1.0 30,9.0 31,5.0 32,2.0 38,1.0 42,2.0 43,1.0 44,2.0 46,1.0 58,1.0 71,1.0 80,2.0 91,1.0 146,1.0 
3,4.0 4,2.0 5,4.0 13,2.0 
3,4.0 4,2.0 5,4.0 12,2.0 
3,2.0 4,2.0 5,2.0 15,2.0 16,2.0 18,2.0 
2,4.0 3,2.0 4,1.0 5,2.0 14,2.0 16,8.0 18,1.0 38,2.0 42,2.0 56,1.0 71,1.0 89,1.0 111,2.0 117,1.0 146,1.0 166,1.0 227,1.0 231,2.0 293,1.0 294,1.0 303,2.0 344,2.0 363,1.0 364,1.0 
0,4.0 1,4.0 2,18.0 3,2.0 4,14.0 16,8.0 17,29.0 18,13.0 19,4.0 20,3.0 21,3.0 23,2.0 24,2.0 25,2.0 26,3.0 31,2.0 32,1.0 38,7.0 41,1.0 42,12.0 43,3.0 44,3.0 51,2.0 55,4.0 56,1.0 57,2.0 58,8.0 62,1.0 70,1.0 71,1.0 74,1.0 80,1.0 89,3.0 92,1.0 93,1.0 94,1.0 95,1.0 98,1.0 99,1.0 100,2.0 108,3.0 109,1.0 111,2.0 112,8.0 127,11.0 131,1.0 132,3.0 135,8.0 140,33.0 146,2.0 167,2.0 168,2.0 187,1.0 189,1.0 201,10.0 202,1.0 204,1.0 205,1.0 209,1.0 228,2.0 229,1.0 234,1.0 236,2.0 242,4.0 260,1.0 265,1.0 268,1.0 278,1.0 279,1.0 299,1.0 301,1.0 325,1.0 326,1.0 327,1.0 328,1.0 330,1.0 335,1.0 336,1.0 337,1.0 338,1.0 339,1.0 340,2.0 420,1.0 429,1.0 446,1.0 482,1.0 486,1.0 
0,9.0 1,15.0 2,20.0 4,84.0 5,20.0 16,24.0 17,50.0 18,73.0 19,9.0 20,8.0 21,12.0 22,11.0 23,4.0 24,4.0 25,4.0 26,4.0 27,2.0 28,2.0 29,1.0 30,4.0 31,14.0 33,4.0 34,6.0 38,6.0 39,4.0 40,4.0 41,1.0 42,4.0 43,1.0 44,2.0 46,18.0 47,4.0 48,4.0 49,8.0 50,4.0 51,1.0 52,1.0 55,2.0 56,2.0 62,2.0 64,1.0 65,1.0 68,4.0 71,3.0 75,1.0 77,3.0 81,1.0 84,1.0 85,1.0 86,1.0 87,1.0 89,1.0 90,1.0 96,1.0 97,1.0 98,1.0 100,2.0 101,2.0 102,1.0 105,2.0 106,1.0 107,4.0 108,2.0 112,2.0 135,22.0 139,4.0 140,7.0 142,1.0 143,1.0 144,2.0 145,2.0 146,1.0 150,1.0 151,2.0 155,2.0 160,2.0 166,4.0 167,4.0 168,4.0 183,1.0 187,2.0 189,2.0 201,3.0 202,2.0 204,2.0 207,2.0 209,1.0 217,1.0 226,1.0 231,2.0 233,2.0 249,1.0 260,1.0 263,1.0 265,1.0 268,1.0 274,1.0 276,1.0 299,1.0 325,2.0 326,2.0 327,1.0 328,1.0 349,2.0 403,1.0 420,1.0 
0,5.0 1,7.0 2,10.0 3,1.0 4,66.0 5,1.0 6,1.0 10,3.0 11,3.0 16,10.0 17,74.0 18,38.0 19,4.0 20,6.0 21,8.0 22,9.0 23,2.0 24,4.0 25,4.0 26,5.0 30,18.0 31,28.0 32,2.0 33,8.0 34,6.0 35,4.0 36,4.0 37,1.0 38,6.0 39,4.0 40,5.0 44,11.0 46,1.0 49,4.0 50,2.0 51,2.0 52,1.0 53,4.0 55,8.0 56,5.0 57,14.0 58,6.0 62,4.0 70,1.0 71,1.0 72,1.0 74,1.0 80,1.0 82,1.0 83,1.0 86,1.0 88,1.0 89,2.0 92,1.0 95,2.0 96,2.0 98,1.0 99,4.0 100,1.0 101,2.0 105,2.0 106,1.0 108,1.0 109,1.0 111,3.0 112,3.0 113,3.0 126,1.0 127,2.0 129,2.0 131,1.0 133,1.0 135,1.0 139,4.0 142,1.0 143,1.0 151,2.0 154,2.0 155,2.0 160,2.0 166,5.0 167,11.0 168,3.0 172,1.0 182,1.0 183,2.0 187,2.0 200,2.0 202,2.0 204,2.0 215,2.0 231,2.0 263,2.0 265,1.0 268,2.0 276,3.0 288,1.0 299,1.0 301,2.0 318,1.0 326,1.0 330,1.0 335,1.0 336,1.0 337,1.0 338,1.0 339,1.0 340,2.0 341,1.0 349,4.0 359,4.0 370,1.0 371,1.0 372,1.0 373,1.0 384,1.0 387,1.0 407,1.0 408,1.0 409,1.0 443,1.0 453,1.0 
2,1.0 3,2.0 4,13.0 16,5.0 17,8.0 18,6.0 20,4.0 43,1.0 46,2.0 51,4.0 56,3.0 86,2.0 106,2.0 116,2.0 206,2.0 
0,1.0 1,1.0 2,4.0 3,1.0 4,8.0 5,1.0 7,1.0 9,2.0 16,4.0 17,8.0 18,4.0 19,5.0 21,2.0 30,1.0 32,1.0 38,2.0 43,1.0 56,1.0 58,3.0 62,3.0 69,1.0 90,2.0 91,4.0 98,1.0 112,4.0 146,2.0 153,1.0 167,2.0 168,2.0 217,1.0 229,2.0 274,1.0 447,1.0 479,1.0 480,1.0 481,1.0 
0,1.0 2,2.0 4,6.0 16,2.0 17,13.0 18,6.0 20,1.0 22,7.0 23,2.0 31,3.0 38,4.0 44,1.0 52,2.0 55,1.0 56,2.0 58,1.0 59,1.0 60,1.0 61,1.0 62,1.0 63,1.0 166,1.0 167,1.0 183,1.0 383,1.0 447,1.0 479,1.0 480,1.0 481,1.0 
4,6.0 17,10.0 18,8.0 21,7.0 23,2.0 31,2.0 38,1.0 44,1.0 52,2.0 56,1.0 58,1.0 59,1.0 60,1.0 61,1.0 62,1.0 63,1.0 139,1.0 
4,2.0 16,2.0 17,3.0 18,2.0 31,1.0 50,1.0 72,1.0 89,1.0 94,4.0 95,1.0 96,1.0 97,1.0 98,1.0 127,1.0 132,1.0 135,3.0 146,1.0 155,1.0 167,1.0 189,1.0 205,1.0 237,1.0 276,1.0 450,1.0 486,1.0 
4,5.0 16,1.0 17,3.0 18,3.0 25,3.0 26,1.0 30,1.0 41,1.0 44,1.0 
4,5.0 16,1.0 17,3.0 18,3.0 24,3.0 26,1.0 30,1.0 41,1.0 44,1.0 
2,3.0 4,15.0 7,2.0 16,3.0 17,3.0 18,4.0 21,1.0 26,1.0 27,2.0 28,2.0 29,1.0 32,1.0 37,2.0 38,3.0 41,3.0 46,6.0 56,5.0 58,2.0 62,2.0 63,1.0 64,1.0 68,4.0 71,1.0 72,1.0 73,1.0 84,1.0 87,1.0 90,1.0 99,1.0 108,1.0 111,5.0 112,4.0 120,1.0 154,2.0 166,2.0 167,2.0 168,1.0 183,1.0 202,3.0 217,2.0 226,2.0 227,2.0 258,1.0 298,1.0 299,1.0 329,1.0 330,2.0 331,1.0 332,1.0 333,1.0 334,1.0 335,1.0 336,1.0 337,1.0 338,1.0 339,1.0 344,1.0 355,1.0 359,1.0 360,1.0 418,1.0 420,1.0 
3,1.0 4,2.0 17,1.0 26,1.0 28,2.0 29,2.0 30,2.0 41,1.0 42,2.0 132,1.0 151,1.0 185,1.0 187,1.0 196,1.0 226,1.0 
3,1.0 4,3.0 5,1.0 17,1.0 26,1.0 27,2.0 29,2.0 31,1.0 41,1.0 46,1.0 
3,2.0 11,2.0 30,2.0 31,2.0 32,2.0 42,2.0 72,1.0 90,1.0 109,2.0 114,1.0 132,1.0 188,2.0 189,2.0 441,1.0 
0,2.0 2,23.0 3,41.0 4,29.0 5,28.0 6,7.0 7,7.0 8,3.0 9,7.0 10,5.0 11,6.0 16,2.0 17,2.0 18,16.0 20,1.0 21,1.0 30,27.0 31,30.0 32,2.0 33,6.0 34,4.0 35,6.0 36,6.0 37,4.0 38,3.0 42,13.0 43,1.0 44,5.0 45,2.0 46,1.0 53,2.0 55,1.0 62,8.0 66,1.0 69,3.0 70,1.0 71,2.0 72,1.0 76,1.0 77,1.0 78,1.0 80,1.0 83,1.0 84,2.0 87,1.0 88,1.0 90,3.0 91,1.0 105,2.0 106,1.0 108,1.0 110,1.0 111,1.0 112,11.0 118,2.0 119,12.0 127,10.0 132,5.0 135,2.0 145,18.0 146,1.0 151,1.0 156,2.0 158,2.0 167,1.0 168,3.0 179,2.0 182,1.0 201,4.0 217,1.0 227,2.0 231,2.0 232,1.0 246,1.0 259,2.0 272,2.0 274,2.0 276,2.0 286,2.0 314,1.0 420,1.0 422,2.0 426,1.0 433,1.0 446,1.0 454,2.0 477,1.0 478,1.0 479,1.0 480,1.0 481,1.0 482,2.0 
1,2.0 2,14.0 3,25.0 4,1.0 5,2.0 6,8.0 7,5.0 11,2.0 15,1.0 16,2.0 17,14.0 18,31.0 20,3.0 21,2.0 22,2.0 30,30.0 31,22.0 32,4.0 33,10.0 34,6.0 35,2.0 36,2.0 38,3.0 42,10.0 44,6.0 46,8.0 49,2.0 50,1.0 53,4.0 54,4.0 56,4.0 57,4.0 58,4.0 62,4.0 68,3.0 69,3.0 71,1.0 80,1.0 82,2.0 83,1.0 84,1.0 87,2.0 88,2.0 89,2.0 91,4.0 92,1.0 95,3.0 96,1.0 98,1.0 99,2.0 100,1.0 101,2.0 105,2.0 107,3.0 108,1.0 111,1.0 112,3.0 113,3.0 117,2.0 127,3.0 135,2.0 154,1.0 167,4.0 168,2.0 173,2.0 175,1.0 187,8.0 193,1.0 202,2.0 204,1.0 217,2.0 229,1.0 230,1.0 231,1.0 268,1.0 276,2.0 288,1.0 301,1.0 316,1.0 340,1.0 344,2.0 347,1.0 349,3.0 359,2.0 410,1.0 426,1.0 429,1.0 472,1.0 473,1.0 474,1.0 475,1.0 476,1.0 
2,4.0 3,2.0 4,2.0 5,2.0 7,4.0 9,2.0 11,2.0 16,5.0 20,1.0 30,7.0 31,5.0 37,2.0 38,1.0 42,7.0 46,1.0 57,1.0 62,2.0 69,1.0 72,1.0 80,2.0 83,1.0 84,1.0 85,1.0 88,1.0 89,1.0 91,2.0 95,1.0 99,1.0 111,5.0 112,6.0 119,1.0 146,1.0 154,1.0 183,1.0 224,2.0 226,1.0 229,2.0 231,1.0 268,1.0 299,1.0 301,3.0 303,3.0 318,1.0 341,1.0 388,1.0 
2,4.0 3,5.0 4,2.0 5,1.0 17,2.0 18,4.0 30,3.0 31,8.0 34,4.0 42,1.0 50,2.0 53,4.0 57,1.0 180,2.0 221,2.0 406,2.0 
0,2.0 2,4.0 3,1.0 4,1.0 5,1.0 16,1.0 17,3.0 18,2.0 28,1.0 30,2.0 31,7.0 33,4.0 42,1.0 50,2.0 56,2.0 62,2.0 68,2.0 71,1.0 87,2.0 96,1.0 151,3.0 228,1.0 231,2.0 239,1.0 
3,4.0 4,3.0 5,1.0 18,4.0 30,6.0 31,2.0 36,4.0 57,2.0 
3,4.0 4,3.0 5,1.0 18,4.0 30,6.0 31,2.0 35,4.0 57,2.0 
2,8.0 3,2.0 4,6.0 5,3.0 7,2.0 9,2.0 16,7.0 17,2.0 30,4.0 32,2.0 43,1.0 46,1.0 62,4.0 68,3.0 69,3.0 71,1.0 75,1.0 80,1.0 85,2.0 87,1.0 89,3.0 90,2.0 91,1.0 109,1.0 112,8.0 119,4.0 135,1.0 146,1.0 154,6.0 155,1.0 157,1.0 158,1.0 162,1.0 166,1.0 181,1.0 222,2.0 229,1.0 235,2.0 241,2.0 249,2.0 250,2.0 389,1.0 400,1.0 
0,1.0 2,11.0 4,4.0 6,1.0 15,2.0 16,7.0 17,9.0 18,8.0 20,2.0 21,4.0 22,1.0 26,2.0 30,1.0 31,2.0 32,1.0 34,1.0 40,1.0 42,2.0 55,2.0 56,2.0 57,2.0 58,6.0 59,1.0 60,1.0 61,1.0 62,11.0 63,3.0 71,2.0 74,1.0 77,1.0 80,2.0 83,3.0 84,1.0 85,1.0 87,1.0 88,1.0 89,6.0 95,1.0 98,1.0 100,1.0 111,3.0 112,5.0 119,2.0 131,1.0 135,3.0 140,2.0 147,1.0 155,2.0 166,1.0 170,1.0 179,2.0 182,1.0 183,7.0 202,2.0 205,1.0 217,1.0 218,1.0 227,5.0 228,1.0 230,3.0 231,3.0 240,2.0 251,2.0 260,1.0 276,2.0 293,1.0 294,1.0 299,1.0 318,1.0 330,1.0 335,1.0 336,1.0 337,1.0 340,1.0 341,1.0 370,1.0 371,1.0 372,1.0 383,1.0 398,1.0 
3,4.0 4,7.0 17,3.0 18,4.0 30,1.0 40,4.0 44,1.0 46,4.0 
3,4.0 4,7.0 17,3.0 18,5.0 30,1.0 38,1.0 39,4.0 44,1.0 46,4.0 55,1.0 183,1.0 370,1.0 
2,1.0 3,1.0 4,6.0 17,1.0 26,3.0 27,2.0 28,2.0 29,1.0 41,1.0 43,1.0 63,1.0 64,1.0 65,1.0 98,1.0 111,2.0 112,2.0 168,1.0 226,1.0 227,2.0 329,1.0 330,1.0 331,1.0 332,1.0 333,1.0 334,1.0 418,1.0 420,1.0 431,1.0 433,1.0 458,1.0 
1,2.0 2,1.0 4,1.0 6,2.0 7,2.0 11,1.0 16,12.0 17,4.0 18,2.0 29,1.0 30,13.0 31,11.0 32,1.0 33,3.0 34,2.0 42,4.0 44,1.0 49,2.0 57,2.0 68,2.0 71,1.0 92,1.0 93,1.0 112,1.0 119,2.0 135,2.0 140,10.0 145,4.0 146,1.0 168,1.0 187,1.0 201,20.0 221,1.0 228,2.0 233,2.0 236,2.0 276,1.0 326,1.0 441,1.0 450,1.0 454,1.0 456,1.0 457,1.0 
2,1.0 4,3.0 16,3.0 17,3.0 18,2.0 21,1.0 38,1.0 41,1.0 78,1.0 107,1.0 263,1.0 267,1.0 270,1.0 273,1.0 278,1.0 279,1.0 304,1.0 308,1.0 324,1.0 420,1.0 
2,4.0 4,1.0 10,3.0 11,3.0 16,3.0 18,10.0 30,5.0 31,6.0 42,1.0 44,3.0 46,6.0 50,1.0 52,1.0 57,3.0 80,1.0 83,1.0 89,2.0 92,1.0 93,1.0 99,1.0 101,2.0 113,2.0 126,1.0 129,2.0 140,2.0 146,1.0 154,2.0 173,2.0 242,2.0 265,1.0 276,1.0 349,2.0 418,1.0 420,1.0 
5,2.0 17,2.0 46,2.0 55,1.0 88,1.0 90,1.0 127,1.0 168,1.0 189,3.0 203,4.0 204,2.0 215,1.0 242,1.0 387,1.0 449,1.0 464,1.0 
1,4.0 3,30.0 4,22.0 5,24.0 16,2.0 17,18.0 18,2.0 19,4.0 20,2.0 26,4.0 29,2.0 30,2.0 31,9.0 32,1.0 37,1.0 39,4.0 40,4.0 42,2.0 44,6.0 46,20.0 47,4.0 48,4.0 49,4.0 51,4.0 55,7.0 71,2.0 75,1.0 76,1.0 77,1.0 78,1.0 80,2.0 81,1.0 82,1.0 83,3.0 84,2.0 85,1.0 87,1.0 91,8.0 95,1.0 97,1.0 101,2.0 105,2.0 107,1.0 108,1.0 112,1.0 113,1.0 114,2.0 119,4.0 120,2.0 121,1.0 125,1.0 132,1.0 134,1.0 146,4.0 166,2.0 167,2.0 171,1.0 173,4.0 174,3.0 175,1.0 178,1.0 179,1.0 186,2.0 187,5.0 188,2.0 191,2.0 196,2.0 197,2.0 198,2.0 228,2.0 258,2.0 286,1.0 298,1.0 299,1.0 301,4.0 303,6.0 318,1.0 329,2.0 343,1.0 344,1.0 349,8.0 350,1.0 351,1.0 352,1.0 355,1.0 359,1.0 386,1.0 389,2.0 405,2.0 439,1.0 441,1.0 
5,4.0 17,4.0 46,4.0 48,2.0 
5,4.0 17,4.0 46,4.0 47,2.0 
1,6.0 4,4.0 5,2.0 17,8.0 18,6.0 31,3.0 42,2.0 46,2.0 56,3.0 173,1.0 
2,1.0 3,5.0 4,2.0 5,1.0 17,2.0 23,1.0 44,1.0 46,2.0 55,1.0 66,1.0 67,1.0 89,1.0 105,1.0 106,2.0 135,3.0 144,2.0 146,1.0 167,1.0 168,1.0 232,1.0 243,1.0 322,2.0 420,1.0 450,1.0 454,1.0 456,1.0 459,1.0 482,1.0 
3,2.0 4,6.0 16,2.0 17,2.0 18,3.0 19,4.0 46,2.0 55,1.0 56,2.0 83,1.0 85,1.0 172,1.0 
18,2.0 30,1.0 31,1.0 44,1.0 57,1.0 72,1.0 148,1.0 152,1.0 168,1.0 242,2.0 417,1.0 455,1.0 
2,2.0 3,4.0 4,1.0 18,2.0 30,1.0 31,5.0 33,4.0 57,1.0 
3,4.0 5,2.0 6,2.0 31,2.0 
3,6.0 4,1.0 5,1.0 6,1.0 16,4.0 17,3.0 18,8.0 32,1.0 37,1.0 38,2.0 40,1.0 42,1.0 45,1.0 46,8.0 55,2.0 58,1.0 70,1.0 74,1.0 75,2.0 80,1.0 81,1.0 83,2.0 84,3.0 89,1.0 91,2.0 99,1.0 100,1.0 105,1.0 108,1.0 109,1.0 112,1.0 114,3.0 135,2.0 146,2.0 174,2.0 182,1.0 183,2.0 189,2.0 299,1.0 301,1.0 318,1.0 325,1.0 340,3.0 349,2.0 370,1.0 371,1.0 372,1.0 373,1.0 384,1.0 405,2.0 422,1.0 
1,2.0 2,5.0 4,16.0 5,1.0 7,3.0 15,1.0 17,2.0 18,4.0 19,1.0 20,3.0 21,2.0 22,2.0 23,2.0 26,5.0 31,5.0 32,1.0 37,2.0 38,2.0 44,1.0 49,2.0 51,1.0 52,1.0 56,4.0 62,3.0 64,1.0 68,6.0 70,1.0 71,3.0 86,1.0 88,1.0 94,2.0 96,1.0 98,1.0 100,3.0 101,1.0 102,1.0 105,1.0 106,2.0 107,2.0 112,2.0 131,2.0 132,2.0 133,1.0 146,1.0 148,1.0 154,3.0 155,2.0 166,1.0 167,2.0 168,4.0 182,1.0 187,2.0 194,2.0 202,3.0 217,2.0 231,1.0 260,1.0 274,2.0 293,1.0 294,1.0 447,1.0 461,1.0 472,1.0 473,1.0 474,1.0 475,1.0 476,1.0 
2,6.0 4,2.0 16,2.0 18,14.0 20,2.0 31,3.0 33,2.0 35,2.0 36,2.0 38,2.0 42,2.0 44,2.0 53,2.0 57,4.0 58,2.0 62,2.0 71,2.0 77,1.0 80,1.0 89,2.0 92,1.0 95,1.0 98,2.0 99,1.0 108,1.0 112,2.0 113,1.0 140,2.0 167,1.0 172,1.0 201,2.0 236,4.0 276,2.0 446,1.0 454,1.0 
2,3.0 4,2.0 5,1.0 16,2.0 17,2.0 18,6.0 20,2.0 21,1.0 22,1.0 26,2.0 31,2.0 38,9.0 42,1.0 46,1.0 55,1.0 59,1.0 60,1.0 61,1.0 62,8.0 63,1.0 69,1.0 71,4.0 72,1.0 73,1.0 80,1.0 83,1.0 84,1.0 90,1.0 95,1.0 108,1.0 111,3.0 112,10.0 113,2.0 127,6.0 140,6.0 148,1.0 151,3.0 153,1.0 167,2.0 168,2.0 169,1.0 173,1.0 187,1.0 202,1.0 204,1.0 252,1.0 330,1.0 335,1.0 336,1.0 337,1.0 349,2.0 410,1.0 
2,1.0 4,1.0 17,1.0 26,1.0 41,1.0 60,3.0 61,4.0 62,4.0 63,4.0 105,2.0 184,3.0 
2,1.0 4,1.0 17,1.0 26,1.0 41,1.0 59,3.0 61,3.0 62,3.0 63,3.0 105,1.0 184,2.0 
2,1.0 4,1.0 17,1.0 26,1.0 41,1.0 59,4.0 60,3.0 62,4.0 63,4.0 105,2.0 184,3.0 
0,6.0 2,15.0 3,4.0 4,9.0 5,5.0 7,3.0 16,2.0 17,5.0 18,4.0 20,3.0 26,3.0 30,10.0 31,5.0 32,2.0 34,2.0 37,4.0 38,9.0 41,1.0 56,4.0 57,2.0 58,7.0 59,4.0 60,3.0 61,4.0 63,4.0 68,4.0 69,3.0 71,1.0 80,3.0 81,1.0 83,1.0 84,3.0 85,2.0 87,4.0 88,2.0 89,6.0 90,7.0 95,2.0 96,1.0 98,1.0 99,1.0 105,4.0 106,1.0 108,1.0 110,1.0 111,6.0 112,15.0 113,1.0 118,2.0 119,2.0 145,1.0 148,1.0 151,14.0 154,9.0 156,2.0 159,1.0 167,2.0 168,2.0 169,1.0 173,2.0 179,2.0 184,3.0 202,3.0 217,3.0 227,6.0 228,2.0 229,3.0 231,13.0 248,2.0 276,2.0 422,1.0 446,1.0 454,1.0 477,1.0 478,1.0 
2,2.0 3,2.0 4,2.0 16,1.0 17,2.0 18,1.0 26,2.0 30,3.0 41,1.0 59,4.0 60,3.0 61,4.0 62,4.0 105,2.0 184,3.0 240,2.0 
2,1.0 3,1.0 4,1.0 5,1.0 50,1.0 65,1.0 68,1.0 69,1.0 
2,1.0 3,1.0 50,1.0 64,1.0 
4,1.0 26,1.0 30,1.0 56,1.0 67,1.0 70,1.0 71,1.0 72,1.0 251,1.0 325,1.0 456,2.0 483,2.0 
4,1.0 26,1.0 56,1.0 66,1.0 
2,12.0 4,4.0 5,1.0 7,3.0 17,4.0 26,3.0 31,3.0 32,1.0 37,2.0 42,2.0 56,4.0 62,3.0 64,1.0 69,1.0 70,3.0 71,2.0 73,1.0 74,2.0 75,1.0 77,1.0 81,1.0 87,1.0 89,1.0 90,3.0 96,1.0 97,1.0 112,6.0 119,4.0 127,4.0 132,1.0 135,3.0 150,1.0 154,3.0 166,1.0 168,5.0 187,1.0 189,1.0 201,2.0 231,1.0 233,8.0 242,1.0 276,1.0 422,1.0 472,1.0 473,1.0 474,1.0 475,1.0 476,1.0 
0,1.0 2,3.0 3,2.0 4,4.0 5,4.0 30,4.0 31,1.0 37,1.0 38,3.0 55,2.0 62,3.0 66,1.0 71,1.0 75,1.0 84,2.0 88,1.0 89,1.0 91,2.0 95,1.0 100,1.0 108,1.0 112,1.0 116,1.0 122,2.0 146,2.0 150,2.0 155,1.0 167,1.0 168,1.0 179,2.0 187,1.0 217,1.0 218,2.0 227,2.0 231,2.0 312,1.0 340,1.0 361,1.0 439,1.0 461,1.0 
2,2.0 4,2.0 16,2.0 18,1.0 26,2.0 41,1.0 42,1.0 45,1.0 46,1.0 52,1.0 56,3.0 68,1.0 71,6.0 72,1.0 73,1.0 86,1.0 88,2.0 91,2.0 105,2.0 131,1.0 166,1.0 167,3.0 168,8.0 175,5.0 187,1.0 189,3.0 216,2.0 217,2.0 226,1.0 242,1.0 359,1.0 
2,1.0 4,8.0 5,1.0 7,1.0 11,1.0 15,1.0 17,4.0 18,1.0 23,1.0 26,3.0 30,1.0 31,1.0 32,1.0 37,1.0 38,2.0 46,3.0 56,4.0 58,2.0 62,1.0 68,3.0 69,1.0 70,6.0 72,2.0 73,2.0 74,1.0 75,6.0 77,1.0 80,3.0 83,1.0 88,1.0 91,1.0 96,1.0 98,1.0 105,2.0 108,1.0 112,1.0 113,1.0 119,1.0 127,1.0 130,1.0 131,2.0 134,1.0 138,1.0 140,1.0 146,2.0 153,1.0 154,1.0 155,3.0 166,2.0 167,1.0 168,4.0 173,1.0 175,5.0 185,2.0 187,1.0 207,2.0 220,2.0 226,1.0 231,1.0 252,1.0 258,1.0 260,1.0 261,1.0 262,1.0 263,1.0 264,1.0 265,1.0 292,1.0 293,1.0 294,1.0 440,1.0 456,1.0 
32,1.0 58,1.0 68,4.0 70,1.0 71,2.0 73,2.0 82,2.0 89,2.0 90,1.0 91,1.0 111,1.0 132,1.0 135,1.0 153,1.0 168,1.0 226,1.0 242,1.0 276,1.0 
26,1.0 58,1.0 68,1.0 71,2.0 72,1.0 74,1.0 75,1.0 79,1.0 80,1.0 153,1.0 359,1.0 360,1.0 
16,1.0 18,1.0 29,1.0 30,1.0 38,1.0 46,1.0 55,1.0 71,1.0 75,1.0 80,1.0 85,1.0 88,1.0 89,1.0 90,1.0 108,1.0 119,1.0 132,1.0 156,1.0 182,1.0 183,1.0 202,1.0 264,1.0 301,1.0 303,1.0 342,1.0 
4,3.0 7,2.0 17,1.0 30,2.0 37,1.0 46,2.0 69,1.0 71,6.0 74,1.0 85,2.0 91,2.0 119,1.0 146,3.0 147,1.0 155,1.0 168,3.0 258,1.0 261,1.0 262,1.0 263,1.0 264,1.0 265,1.0 272,1.0 292,1.0 312,1.0 361,1.0 
73,1.0 77,1.0 78,1.0 79,1.0 80,2.0 113,1.0 116,2.0 
3,1.0 4,1.0 5,1.0 17,1.0 18,3.0 56,1.0 71,1.0 72,2.0 73,1.0 76,1.0 78,1.0 79,1.0 86,2.0 89,4.0 90,1.0 92,1.0 98,1.0 106,3.0 109,2.0 213,2.0 214,2.0 236,1.0 259,2.0 261,1.0 300,1.0 305,1.0 349,1.0 359,1.0 
73,1.0 76,1.0 77,1.0 79,1.0 85,2.0 87,2.0 107,1.0 109,1.0 190,2.0 261,1.0 298,1.0 299,1.0 
0,1.0 73,1.0 80,1.0 340,1.0 
0,1.0 2,1.0 3,2.0 4,7.0 5,5.0 11,2.0 16,1.0 17,3.0 18,2.0 31,1.0 32,1.0 38,1.0 55,1.0 58,2.0 62,3.0 71,2.0 74,1.0 76,2.0 79,1.0 81,1.0 82,1.0 83,1.0 84,6.0 85,6.0 86,2.0 87,3.0 88,2.0 89,1.0 91,1.0 96,1.0 100,1.0 104,1.0 105,2.0 106,2.0 107,4.0 109,1.0 110,1.0 111,1.0 112,1.0 113,1.0 116,2.0 131,1.0 146,1.0 147,2.0 149,1.0 150,1.0 152,1.0 154,2.0 156,1.0 160,1.0 166,1.0 168,1.0 170,2.0 171,1.0 175,1.0 180,3.0 224,2.0 225,2.0 231,1.0 340,7.0 349,1.0 389,2.0 393,1.0 447,1.0 
2,1.0 4,1.0 46,1.0 62,2.0 69,1.0 82,1.0 83,1.0 105,12.0 119,1.0 152,1.0 154,2.0 172,1.0 174,2.0 180,1.0 231,1.0 
3,2.0 5,1.0 17,1.0 46,3.0 75,2.0 80,1.0 83,2.0 89,2.0 91,2.0 106,1.0 146,2.0 389,3.0 
2,1.0 3,7.0 4,3.0 5,3.0 7,2.0 9,1.0 17,1.0 30,1.0 31,3.0 32,1.0 38,1.0 44,3.0 46,8.0 55,3.0 62,1.0 75,1.0 77,2.0 80,1.0 81,2.0 82,1.0 84,1.0 85,5.0 101,3.0 102,1.0 106,11.0 113,1.0 114,3.0 119,1.0 125,1.0 147,7.0 149,1.0 150,2.0 152,1.0 192,1.0 202,1.0 206,2.0 208,2.0 218,1.0 221,2.0 223,2.0 227,1.0 228,2.0 313,1.0 349,2.0 388,1.0 398,1.0 405,1.0 
2,3.0 3,1.0 4,5.0 18,1.0 30,1.0 32,1.0 37,1.0 46,1.0 55,1.0 62,3.0 69,2.0 80,1.0 85,2.0 86,1.0 87,3.0 89,1.0 95,1.0 100,1.0 107,8.0 110,1.0 111,2.0 114,2.0 131,1.0 151,1.0 154,2.0 162,1.0 180,1.0 181,1.0 231,2.0 340,2.0 341,2.0 359,1.0 399,1.0 420,1.0 433,1.0 447,1.0 454,1.0 477,1.0 478,1.0 
2,1.0 3,2.0 4,1.0 5,1.0 19,2.0 30,1.0 44,1.0 50,2.0 51,1.0 55,1.0 57,1.0 75,2.0 78,2.0 80,4.0 81,1.0 83,7.0 86,1.0 87,3.0 89,2.0 106,3.0 109,1.0 113,4.0 114,2.0 119,1.0 149,2.0 150,1.0 152,1.0 159,1.0 166,1.0 168,1.0 189,1.0 190,2.0 222,2.0 223,2.0 225,2.0 265,1.0 276,1.0 340,1.0 349,1.0 399,1.0 447,1.0 
4,2.0 5,1.0 17,2.0 46,2.0 71,2.0 76,2.0 80,2.0 85,1.0 87,1.0 89,1.0 105,1.0 106,3.0 124,1.0 126,1.0 128,1.0 129,1.0 131,1.0 132,1.0 133,1.0 135,1.0 136,1.0 137,2.0 138,1.0 142,1.0 143,1.0 147,2.0 175,2.0 207,2.0 
0,1.0 2,2.0 5,2.0 16,2.0 17,1.0 18,1.0 20,1.0 21,1.0 26,1.0 29,2.0 30,1.0 31,4.0 34,2.0 37,1.0 46,5.0 55,3.0 71,1.0 78,2.0 80,3.0 84,2.0 85,4.0 88,5.0 90,1.0 96,1.0 100,1.0 105,1.0 107,1.0 108,1.0 109,2.0 116,1.0 119,1.0 146,1.0 161,1.0 190,2.0 202,1.0 217,1.0 228,1.0 229,1.0 298,1.0 342,1.0 349,2.0 389,1.0 400,1.0 422,1.0 446,1.0 447,1.0 454,1.0 479,1.0 480,1.0 481,1.0 
2,1.0 5,1.0 17,1.0 31,1.0 32,1.0 37,1.0 56,1.0 57,1.0 62,1.0 70,2.0 74,1.0 80,2.0 84,3.0 87,4.0 89,5.0 91,4.0 105,2.0 106,1.0 107,1.0 108,1.0 112,1.0 114,1.0 119,1.0 127,3.0 135,1.0 145,1.0 155,1.0 160,1.0 166,1.0 182,1.0 185,1.0 189,2.0 190,1.0 191,1.0 202,3.0 260,1.0 276,1.0 342,1.0 349,1.0 464,1.0 
2,6.0 3,1.0 4,2.0 5,4.0 16,1.0 18,4.0 26,1.0 30,2.0 31,1.0 32,1.0 37,1.0 38,3.0 44,1.0 55,1.0 57,2.0 58,2.0 62,4.0 69,1.0 72,2.0 75,2.0 77,4.0 80,1.0 82,2.0 87,2.0 88,3.0 90,6.0 91,2.0 92,1.0 99,1.0 106,1.0 107,3.0 109,2.0 112,3.0 119,1.0 127,6.0 131,2.0 132,1.0 135,3.0 144,1.0 145,2.0 146,2.0 150,2.0 154,1.0 165,1.0 166,3.0 167,1.0 168,1.0 192,1.0 200,1.0 202,3.0 229,2.0 236,1.0 263,1.0 265,1.0 276,6.0 301,1.0 340,1.0 342,1.0 349,1.0 359,2.0 390,1.0 465,1.0 466,1.0 
2,7.0 3,1.0 4,3.0 5,2.0 17,1.0 26,1.0 29,1.0 30,5.0 37,2.0 38,2.0 62,5.0 68,3.0 72,1.0 74,1.0 88,1.0 89,3.0 91,4.0 112,2.0 119,1.0 127,2.0 132,2.0 140,1.0 145,2.0 154,2.0 167,1.0 168,7.0 182,2.0 204,1.0 217,1.0 227,2.0 228,1.0 231,1.0 276,4.0 411,1.0 412,1.0 413,1.0 414,1.0 447,1.0 
2,1.0 3,2.0 4,6.0 7,2.0 11,1.0 19,1.0 20,6.0 23,1.0 30,3.0 31,1.0 45,2.0 50,2.0 55,2.0 69,2.0 70,2.0 71,2.0 75,2.0 82,2.0 83,1.0 88,3.0 90,2.0 95,2.0 106,1.0 107,1.0 112,1.0 145,1.0 146,17.0 153,1.0 158,1.0 166,5.0 168,3.0 175,1.0 179,1.0 187,5.0 189,2.0 196,2.0 203,2.0 217,1.0 226,1.0 228,1.0 232,1.0 246,1.0 262,1.0 350,1.0 365,1.0 452,1.0 482,2.0 
2,1.0 4,2.0 16,1.0 18,1.0 57,1.0 71,1.0 93,1.0 140,1.0 236,1.0 387,1.0 405,1.0 
2,1.0 4,1.0 16,1.0 92,1.0 
18,1.0 23,4.0 31,1.0 95,1.0 135,2.0 155,1.0 443,1.0 448,1.0 
2,2.0 4,1.0 16,1.0 18,2.0 20,2.0 30,1.0 31,5.0 32,1.0 38,1.0 45,2.0 46,1.0 57,2.0 58,1.0 62,2.0 88,2.0 91,2.0 92,1.0 96,2.0 99,1.0 112,2.0 155,1.0 167,2.0 203,2.0 204,2.0 229,1.0 231,1.0 268,1.0 286,1.0 340,2.0 402,1.0 436,1.0 438,1.0 
2,1.0 5,1.0 17,1.0 18,2.0 31,1.0 46,1.0 56,1.0 57,1.0 68,2.0 81,2.0 87,1.0 95,2.0 97,1.0 98,1.0 99,1.0 113,2.0 155,1.0 166,1.0 168,1.0 200,2.0 219,1.0 268,1.0 390,1.0 472,1.0 473,1.0 474,1.0 475,1.0 476,1.0 
23,1.0 38,2.0 57,1.0 85,1.0 96,1.0 98,1.0 99,1.0 112,2.0 135,1.0 172,2.0 175,1.0 259,1.0 276,1.0 301,1.0 304,1.0 404,1.0 
2,1.0 4,1.0 17,3.0 18,2.0 20,2.0 31,1.0 38,1.0 56,2.0 57,2.0 58,1.0 62,1.0 71,1.0 77,1.0 96,1.0 97,1.0 99,1.0 106,1.0 112,1.0 146,2.0 167,3.0 168,2.0 187,2.0 226,1.0 274,1.0 293,1.0 340,1.0 402,1.0 
2,1.0 3,3.0 15,1.0 16,1.0 18,4.0 20,1.0 26,1.0 31,2.0 32,2.0 38,1.0 44,1.0 55,1.0 57,1.0 62,1.0 71,1.0 72,1.0 77,1.0 80,1.0 95,1.0 98,1.0 103,1.0 108,1.0 111,2.0 112,1.0 114,1.0 167,2.0 172,1.0 202,1.0 204,2.0 229,1.0 265,1.0 303,3.0 326,1.0 327,1.0 331,1.0 344,2.0 345,1.0 346,1.0 448,1.0 
16,2.0 18,1.0 38,1.0 43,1.0 55,1.0 71,2.0 84,1.0 87,1.0 99,1.0 101,1.0 102,1.0 103,1.0 107,1.0 108,3.0 109,1.0 119,1.0 140,2.0 182,1.0 183,1.0 220,2.0 258,1.0 279,1.0 301,1.0 302,1.0 340,1.0 341,1.0 
18,3.0 31,1.0 44,4.0 46,1.0 69,2.0 99,2.0 100,1.0 102,1.0 103,1.0 106,2.0 154,2.0 158,1.0 208,2.0 218,2.0 263,1.0 274,1.0 296,1.0 304,1.0 349,1.0 
46,1.0 99,1.0 100,1.0 101,1.0 103,1.0 106,1.0 171,1.0 178,1.0 179,1.0 
4,1.0 80,1.0 89,1.0 99,1.0 106,1.0 107,1.0 150,6.0 302,1.0 387,6.0 402,1.0 
52,1.0 56,1.0 58,1.0 62,1.0 70,1.0 97,1.0 103,6.0 106,1.0 148,2.0 151,1.0 152,1.0 387,6.0 
0,1.0 2,2.0 3,3.0 4,3.0 5,3.0 8,2.0 17,1.0 18,1.0 30,1.0 31,1.0 44,1.0 46,3.0 50,1.0 51,1.0 55,2.0 56,4.0 59,2.0 60,2.0 61,2.0 62,2.0 63,2.0 70,1.0 80,2.0 83,8.0 86,3.0 88,1.0 104,1.0 106,3.0 107,3.0 108,1.0 127,2.0 131,2.0 147,2.0 150,5.0 170,1.0 172,7.0 180,1.0 182,1.0 184,2.0 263,2.0 359,1.0 397,1.0 447,1.0 
4,4.0 17,2.0 18,9.0 19,2.0 30,1.0 38,1.0 43,1.0 44,2.0 46,1.0 51,1.0 55,1.0 62,2.0 70,5.0 71,5.0 77,1.0 80,4.0 81,1.0 85,9.0 86,2.0 89,1.0 91,1.0 95,1.0 98,1.0 99,1.0 101,2.0 102,1.0 104,1.0 105,2.0 107,2.0 108,2.0 113,1.0 139,1.0 150,2.0 154,2.0 171,1.0 172,1.0 175,4.0 178,1.0 179,1.0 189,1.0 202,1.0 208,2.0 227,2.0 228,1.0 341,1.0 359,2.0 390,1.0 465,1.0 466,1.0 
2,2.0 3,1.0 4,5.0 5,1.0 17,4.0 31,1.0 38,2.0 56,2.0 58,1.0 74,1.0 77,2.0 78,1.0 80,5.0 84,2.0 85,1.0 87,2.0 89,4.0 96,1.0 100,1.0 105,2.0 106,3.0 108,3.0 109,3.0 112,1.0 113,2.0 119,1.0 131,1.0 146,1.0 150,1.0 167,1.0 168,1.0 175,1.0 183,2.0 189,2.0 341,3.0 359,1.0 390,1.0 465,1.0 466,1.0 
16,3.0 17,1.0 18,3.0 30,1.0 31,1.0 44,1.0 56,1.0 70,1.0 74,1.0 80,2.0 85,1.0 87,1.0 88,1.0 89,1.0 95,1.0 100,3.0 106,2.0 107,2.0 109,1.0 113,1.0 131,1.0 140,2.0 145,1.0 167,1.0 168,2.0 175,1.0 182,1.0 187,1.0 190,1.0 201,1.0 202,3.0 204,1.0 209,1.0 231,1.0 260,1.0 299,1.0 325,1.0 326,1.0 327,1.0 328,1.0 340,1.0 341,2.0 394,1.0 401,1.0 453,1.0 
16,1.0 18,1.0 26,1.0 34,2.0 55,1.0 71,1.0 72,2.0 74,1.0 77,2.0 80,2.0 87,2.0 89,2.0 108,2.0 149,1.0 401,1.0 
0,1.0 2,1.0 30,1.0 62,1.0 87,1.0 111,2.0 112,1.0 151,1.0 422,1.0 446,1.0 454,1.0 477,1.0 478,1.0 
0,3.0 2,6.0 4,4.0 15,2.0 16,2.0 18,2.0 20,1.0 26,6.0 30,4.0 32,5.0 38,3.0 41,2.0 56,2.0 58,3.0 62,9.0 68,2.0 72,1.0 76,1.0 84,1.0 87,1.0 89,1.0 90,2.0 91,1.0 110,1.0 112,7.0 117,1.0 151,6.0 168,2.0 173,1.0 226,1.0 227,2.0 248,2.0 301,4.0 303,4.0 330,1.0 331,1.0 332,1.0 333,1.0 334,1.0 335,1.0 336,1.0 337,1.0 341,1.0 363,1.0 364,1.0 422,1.0 446,1.0 454,1.0 477,1.0 478,1.0 
0,9.0 2,8.0 4,10.0 5,4.0 7,4.0 15,2.0 17,2.0 18,3.0 20,3.0 26,4.0 27,2.0 30,5.0 32,6.0 37,14.0 38,8.0 41,2.0 46,1.0 56,3.0 58,10.0 62,15.0 63,1.0 68,2.0 69,3.0 71,3.0 76,1.0 80,2.0 83,2.0 84,1.0 85,2.0 88,1.0 89,3.0 90,5.0 91,1.0 111,10.0 119,16.0 120,1.0 127,18.0 135,2.0 140,7.0 145,8.0 146,1.0 151,3.0 154,5.0 157,1.0 158,3.0 160,1.0 167,2.0 168,2.0 201,1.0 217,3.0 222,2.0 224,2.0 227,2.0 229,4.0 233,4.0 234,1.0 237,2.0 238,1.0 252,1.0 283,1.0 301,1.0 303,1.0 331,1.0 332,1.0 333,1.0 334,1.0 
2,1.0 5,1.0 17,1.0 29,1.0 31,6.0 44,3.0 46,2.0 57,1.0 62,3.0 69,1.0 80,8.0 82,2.0 83,3.0 84,1.0 96,2.0 108,1.0 114,7.0 115,1.0 117,1.0 151,2.0 173,2.0 177,1.0 191,1.0 201,2.0 231,2.0 276,1.0 316,1.0 340,2.0 410,1.0 
3,2.0 7,2.0 16,1.0 18,1.0 30,1.0 32,2.0 38,1.0 46,2.0 55,4.0 80,4.0 85,3.0 87,1.0 106,1.0 112,2.0 113,4.0 116,1.0 131,1.0 146,2.0 149,2.0 168,1.0 170,1.0 174,1.0 189,1.0 192,2.0 340,1.0 
116,1.0 
3,1.0 4,2.0 18,1.0 19,2.0 31,1.0 44,1.0 46,1.0 71,1.0 80,3.0 86,2.0 87,1.0 96,1.0 118,1.0 119,1.0 120,1.0 122,1.0 123,1.0 124,1.0 125,1.0 127,1.0 128,1.0 129,2.0 130,1.0 150,1.0 155,1.0 180,2.0 206,2.0 207,1.0 209,2.0 210,2.0 212,1.0 219,1.0 300,1.0 
113,1.0 116,1.0 118,2.0 293,1.0 316,1.0 340,1.0 439,1.0 440,1.0 
46,1.0 77,2.0 116,1.0 119,1.0 120,1.0 123,1.0 213,2.0 214,2.0 440,1.0 441,1.0 
5,3.0 18,1.0 30,2.0 32,4.0 37,10.0 38,2.0 46,4.0 62,2.0 71,1.0 74,1.0 75,1.0 81,2.0 84,1.0 85,2.0 87,1.0 88,1.0 89,1.0 90,1.0 99,1.0 100,1.0 105,2.0 107,1.0 111,3.0 112,16.0 120,1.0 121,1.0 127,12.0 145,10.0 150,1.0 154,5.0 157,1.0 158,1.0 182,2.0 183,2.0 201,2.0 202,1.0 222,2.0 233,4.0 235,1.0 237,2.0 238,1.0 258,1.0 259,2.0 341,1.0 349,4.0 
26,1.0 46,2.0 112,1.0 119,1.0 121,1.0 160,1.0 229,1.0 258,1.0 283,1.0 
116,1.0 122,1.0 123,1.0 
116,1.0 123,1.0 124,1.0 145,1.0 160,1.0 167,1.0 193,2.0 255,1.0 261,3.0 262,1.0 271,1.0 276,1.0 277,2.0 282,2.0 287,2.0 306,1.0 307,1.0 
116,1.0 122,1.0 124,1.0 125,1.0 441,1.0 442,1.0 
5,1.0 46,1.0 86,1.0 116,1.0 125,1.0 180,2.0 211,2.0 212,2.0 
18,1.0 44,1.0 83,1.0 85,1.0 86,1.0 116,1.0 126,2.0 192,1.0 442,1.0 443,1.0 
71,1.0 86,1.0 116,1.0 127,1.0 128,1.0 129,1.0 131,1.0 418,1.0 443,1.0 
15,1.0 21,1.0 37,6.0 38,3.0 58,6.0 71,3.0 88,2.0 89,1.0 91,3.0 105,2.0 111,3.0 112,22.0 116,1.0 119,12.0 127,1.0 128,1.0 129,1.0 132,1.0 135,2.0 140,10.0 144,1.0 145,8.0 146,4.0 153,2.0 155,1.0 156,2.0 159,1.0 166,1.0 167,6.0 168,1.0 185,1.0 200,2.0 202,1.0 233,4.0 237,2.0 238,1.0 248,1.0 252,1.0 253,1.0 256,1.0 263,4.0 265,1.0 274,1.0 276,1.0 277,1.0 350,2.0 372,1.0 426,1.0 439,1.0 452,1.0 464,1.0 483,1.0 
18,1.0 56,1.0 86,1.0 116,1.0 127,1.0 129,1.0 133,1.0 139,1.0 
86,2.0 116,3.0 124,1.0 128,1.0 130,1.0 132,1.0 133,1.0 209,2.0 210,2.0 418,1.0 420,1.0 
86,1.0 116,1.0 129,2.0 132,1.0 
2,3.0 16,1.0 18,1.0 38,1.0 56,2.0 70,1.0 71,2.0 80,1.0 89,1.0 106,2.0 107,1.0 113,1.0 130,1.0 138,1.0 167,1.0 168,1.0 170,1.0 202,2.0 340,1.0 359,3.0 
23,2.0 29,1.0 30,1.0 37,2.0 46,1.0 56,2.0 68,1.0 72,1.0 86,1.0 89,1.0 90,1.0 94,2.0 97,1.0 127,2.0 128,1.0 129,1.0 135,1.0 140,2.0 145,5.0 146,2.0 151,1.0 167,1.0 183,2.0 187,1.0 200,1.0 202,1.0 231,2.0 236,1.0 276,1.0 
46,1.0 71,1.0 86,1.0 134,1.0 138,1.0 139,1.0 420,1.0 422,1.0 
71,1.0 86,1.0 131,1.0 135,1.0 136,1.0 139,1.0 
3,1.0 16,1.0 18,1.0 23,1.0 27,1.0 32,2.0 37,2.0 38,7.0 63,1.0 68,1.0 70,2.0 72,1.0 77,1.0 86,1.0 88,2.0 89,2.0 91,2.0 107,1.0 111,4.0 112,3.0 127,1.0 136,1.0 137,1.0 140,8.0 144,4.0 145,2.0 146,1.0 155,1.0 156,2.0 159,4.0 166,6.0 167,3.0 168,1.0 182,1.0 183,2.0 187,3.0 189,6.0 194,1.0 200,1.0 201,2.0 205,1.0 229,1.0 230,2.0 231,2.0 233,2.0 251,2.0 257,2.0 260,1.0 266,2.0 269,2.0 271,2.0 276,1.0 312,2.0 
86,1.0 135,1.0 137,1.0 139,1.0 141,1.0 
86,1.0 128,1.0 136,1.0 138,1.0 139,2.0 140,1.0 141,1.0 424,1.0 426,1.0 
86,1.0 137,3.0 139,1.0 140,1.0 422,1.0 424,1.0 
4,2.0 17,3.0 18,4.0 56,1.0 71,1.0 128,1.0 131,1.0 134,1.0 136,1.0 137,1.0 140,1.0 141,1.0 263,1.0 349,2.0 
32,2.0 38,5.0 58,6.0 63,1.0 71,3.0 89,2.0 91,1.0 111,2.0 112,13.0 127,10.0 132,2.0 135,8.0 136,1.0 137,1.0 139,1.0 155,1.0 156,1.0 166,1.0 167,2.0 168,2.0 189,1.0 201,11.0 228,8.0 230,2.0 231,8.0 236,4.0 242,2.0 251,2.0 252,1.0 260,1.0 263,1.0 264,1.0 287,1.0 316,1.0 
17,1.0 18,1.0 139,1.0 417,1.0 426,1.0 444,1.0 
86,1.0 89,1.0 143,1.0 152,1.0 429,1.0 445,1.0 446,1.0 
86,1.0 89,1.0 142,1.0 
88,1.0 91,2.0 135,3.0 145,1.0 153,5.0 156,2.0 168,3.0 179,1.0 183,2.0 190,4.0 193,1.0 202,1.0 256,1.0 262,1.0 263,1.0 264,1.0 279,2.0 287,4.0 310,2.0 
2,1.0 32,2.0 37,10.0 62,1.0 87,1.0 91,3.0 108,1.0 112,8.0 119,12.0 122,1.0 127,8.0 132,4.0 135,2.0 144,1.0 146,2.0 153,3.0 156,2.0 164,1.0 167,1.0 183,2.0 201,4.0 237,2.0 242,1.0 261,1.0 262,2.0 266,1.0 267,1.0 277,1.0 287,2.0 340,1.0 
1,1.0 3,2.0 4,6.0 7,2.0 11,1.0 15,1.0 17,3.0 19,1.0 20,4.0 50,1.0 55,2.0 56,1.0 69,1.0 70,1.0 71,2.0 75,2.0 80,1.0 82,2.0 85,2.0 89,3.0 90,1.0 91,13.0 98,2.0 107,3.0 108,1.0 112,1.0 113,1.0 127,2.0 132,1.0 135,1.0 140,2.0 144,1.0 146,1.0 155,1.0 156,1.0 158,7.0 161,1.0 166,23.0 167,3.0 168,5.0 187,2.0 189,2.0 192,1.0 196,2.0 200,1.0 204,1.0 227,1.0 228,1.0 232,1.0 233,1.0 253,3.0 256,1.0 257,1.0 258,8.0 259,1.0 264,1.0 269,1.0 270,1.0 277,1.0 278,1.0 438,1.0 441,1.0 482,1.0 
2,2.0 4,2.0 76,2.0 80,2.0 86,2.0 105,6.0 106,3.0 148,1.0 150,2.0 
58,1.0 62,2.0 111,1.0 149,1.0 151,2.0 173,6.0 174,1.0 
37,2.0 62,1.0 83,1.0 99,1.0 112,2.0 113,4.0 114,1.0 119,2.0 150,1.0 151,1.0 154,2.0 231,1.0 
0,1.0 2,1.0 3,1.0 4,1.0 5,1.0 7,1.0 9,1.0 10,2.0 17,1.0 31,1.0 32,1.0 46,2.0 58,1.0 62,2.0 68,1.0 71,2.0 80,1.0 81,6.0 83,2.0 87,1.0 89,1.0 106,6.0 107,1.0 116,1.0 119,1.0 147,1.0 148,1.0 149,2.0 151,1.0 152,1.0 154,1.0 155,1.0 170,2.0 171,1.0 175,4.0 176,1.0 206,2.0 207,2.0 349,1.0 388,1.0 390,1.0 397,1.0 465,1.0 466,1.0 
0,5.0 2,5.0 4,3.0 5,1.0 26,2.0 30,1.0 31,3.0 34,2.0 46,2.0 56,4.0 58,3.0 62,14.0 68,4.0 71,1.0 80,2.0 83,1.0 87,1.0 88,2.0 90,2.0 96,1.0 110,1.0 111,6.0 112,3.0 113,1.0 132,1.0 148,1.0 168,2.0 173,2.0 187,1.0 202,1.0 231,6.0 422,1.0 446,1.0 454,1.0 477,1.0 478,1.0 
52,1.0 55,1.0 80,1.0 104,1.0 148,1.0 150,1.0 153,1.0 173,1.0 175,1.0 182,1.0 445,1.0 446,1.0 
71,1.0 75,1.0 119,1.0 127,2.0 135,5.0 140,1.0 144,3.0 146,4.0 153,1.0 154,1.0 155,2.0 156,7.0 158,4.0 159,2.0 166,5.0 189,4.0 192,2.0 193,1.0 262,2.0 263,8.0 268,2.0 271,2.0 287,2.0 295,1.0 296,1.0 297,3.0 316,2.0 
2,3.0 3,1.0 4,4.0 5,4.0 7,3.0 16,1.0 18,3.0 30,2.0 31,2.0 32,1.0 37,6.0 44,2.0 46,1.0 62,9.0 69,3.0 81,1.0 83,1.0 84,1.0 85,2.0 87,2.0 89,2.0 90,2.0 95,1.0 99,1.0 105,2.0 112,5.0 119,5.0 125,1.0 129,2.0 150,1.0 153,1.0 158,1.0 192,1.0 222,2.0 231,4.0 263,1.0 285,1.0 
2,2.0 4,1.0 5,2.0 16,1.0 17,1.0 38,1.0 56,2.0 71,2.0 75,1.0 80,1.0 88,2.0 116,1.0 135,1.0 139,1.0 140,1.0 144,2.0 145,2.0 155,2.0 160,1.0 166,1.0 205,1.0 212,1.0 242,1.0 258,2.0 260,9.0 261,4.0 263,4.0 276,1.0 287,9.0 300,1.0 318,2.0 
7,1.0 9,1.0 20,1.0 37,1.0 71,1.0 74,1.0 75,1.0 101,1.0 112,1.0 119,1.0 127,1.0 144,2.0 146,6.0 153,8.0 155,1.0 157,1.0 158,7.0 166,6.0 256,1.0 263,4.0 264,2.0 265,6.0 269,2.0 274,2.0 285,1.0 314,2.0 
37,1.0 112,1.0 119,1.0 158,1.0 
46,1.0 87,1.0 95,1.0 101,1.0 146,7.0 159,3.0 160,2.0 162,1.0 163,1.0 166,7.0 193,1.0 252,1.0 254,1.0 256,1.0 258,7.0 260,3.0 285,1.0 286,1.0 296,1.0 304,1.0 
30,2.0 32,1.0 112,1.0 119,3.0 135,2.0 146,1.0 155,2.0 158,2.0 159,2.0 160,1.0 164,2.0 166,1.0 187,1.0 189,2.0 242,1.0 256,1.0 257,4.0 259,4.0 285,1.0 
4,2.0 17,2.0 18,2.0 87,1.0 122,1.0 146,2.0 155,2.0 160,1.0 161,3.0 166,1.0 204,1.0 253,5.0 255,4.0 256,2.0 257,4.0 258,1.0 259,2.0 260,1.0 276,1.0 277,2.0 
91,1.0 146,1.0 164,2.0 166,1.0 253,2.0 256,2.0 280,1.0 282,2.0 
4,1.0 37,1.0 80,1.0 147,2.0 163,1.0 164,1.0 181,1.0 218,2.0 219,2.0 220,2.0 
162,1.0 164,1.0 
144,2.0 145,1.0 146,1.0 190,2.0 192,2.0 242,1.0 277,1.0 278,2.0 279,2.0 309,2.0 
166,1.0 
0,4.0 1,2.0 2,1.0 3,1.0 7,2.0 16,2.0 17,1.0 18,1.0 20,4.0 26,2.0 37,1.0 38,3.0 41,1.0 43,1.0 56,1.0 68,1.0 70,1.0 71,2.0 80,1.0 85,1.0 88,1.0 89,4.0 90,2.0 91,2.0 96,1.0 109,1.0 127,1.0 132,1.0 135,7.0 140,1.0 146,17.0 155,3.0 156,1.0 158,7.0 161,1.0 166,1.0 167,6.0 168,10.0 182,1.0 185,2.0 204,1.0 205,1.0 226,2.0 227,1.0 229,1.0 234,1.0 253,2.0 256,1.0 257,1.0 258,8.0 259,2.0 260,2.0 264,1.0 269,1.0 270,1.0 276,2.0 441,1.0 442,1.0 447,1.0 482,1.0 
0,3.0 2,5.0 3,1.0 4,1.0 16,3.0 17,3.0 20,4.0 21,2.0 31,2.0 34,2.0 46,2.0 58,2.0 59,1.0 61,1.0 62,1.0 63,1.0 69,3.0 70,2.0 71,1.0 75,1.0 88,1.0 89,4.0 91,5.0 95,4.0 98,1.0 108,2.0 122,1.0 127,1.0 135,1.0 140,1.0 156,1.0 166,11.0 168,9.0 179,2.0 184,1.0 186,2.0 187,12.0 189,1.0 194,1.0 200,1.0 204,7.0 205,2.0 217,2.0 236,1.0 264,1.0 276,1.0 350,1.0 454,1.0 
1,3.0 2,7.0 4,6.0 16,2.0 17,6.0 18,1.0 20,2.0 21,1.0 23,1.0 26,1.0 34,2.0 37,2.0 41,1.0 42,1.0 45,1.0 52,1.0 58,3.0 62,7.0 68,6.0 69,1.0 70,8.0 71,6.0 72,1.0 75,1.0 88,1.0 89,3.0 90,7.0 96,1.0 98,2.0 105,1.0 107,1.0 108,2.0 111,2.0 112,4.0 114,1.0 119,1.0 127,2.0 131,1.0 135,1.0 140,1.0 145,1.0 146,3.0 151,2.0 154,2.0 166,4.0 167,14.0 168,1.0 169,1.0 185,2.0 187,5.0 189,2.0 190,2.0 204,5.0 217,4.0 226,3.0 233,1.0 242,2.0 341,1.0 372,1.0 387,1.0 
58,1.0 62,1.0 108,1.0 
0,1.0 38,1.0 80,2.0 105,1.0 131,1.0 150,1.0 152,1.0 171,1.0 340,1.0 397,1.0 
46,1.0 80,1.0 85,1.0 105,1.0 170,1.0 178,1.0 179,1.0 
8,2.0 38,3.0 51,1.0 81,4.0 83,3.0 88,1.0 97,2.0 98,1.0 104,1.0 105,2.0 106,2.0 112,2.0 113,1.0 177,1.0 218,1.0 398,1.0 
2,1.0 17,1.0 31,2.0 44,1.0 46,1.0 49,1.0 56,1.0 68,1.0 96,1.0 104,2.0 106,1.0 116,1.0 150,3.0 174,4.0 191,1.0 349,1.0 390,1.0 447,1.0 
3,1.0 46,1.0 49,1.0 55,2.0 88,1.0 150,3.0 152,1.0 162,2.0 173,1.0 218,2.0 219,2.0 220,2.0 349,1.0 
10,2.0 18,1.0 57,1.0 81,1.0 83,1.0 91,1.0 97,3.0 99,1.0 104,6.0 106,1.0 150,2.0 152,1.0 172,2.0 176,1.0 404,1.0 
99,1.0 175,1.0 
83,1.0 113,1.0 
46,1.0 85,1.0 171,1.0 179,1.0 
2,2.0 14,1.0 18,2.0 31,2.0 38,2.0 46,1.0 57,2.0 62,2.0 85,1.0 91,1.0 95,1.0 98,1.0 146,1.0 171,1.0 178,1.0 227,3.0 228,1.0 231,2.0 
3,2.0 4,1.0 5,2.0 30,2.0 31,2.0 37,1.0 56,1.0 62,2.0 84,1.0 105,1.0 107,2.0 131,1.0 162,1.0 181,1.0 211,2.0 212,2.0 260,1.0 293,1.0 303,1.0 406,2.0 
3,2.0 4,1.0 19,2.0 37,1.0 80,1.0 116,2.0 162,1.0 206,2.0 
0,2.0 3,3.0 16,1.0 18,1.0 45,1.0 55,1.0 62,1.0 74,1.0 85,1.0 87,1.0 88,2.0 89,2.0 90,1.0 108,2.0 135,1.0 144,3.0 151,1.0 174,1.0 190,1.0 191,1.0 192,1.0 202,3.0 231,1.0 435,1.0 
6,1.0 17,1.0 18,1.0 21,1.0 32,1.0 37,2.0 38,7.0 55,1.0 74,1.0 77,1.0 84,1.0 87,1.0 89,1.0 100,1.0 119,2.0 182,1.0 202,1.0 234,2.0 245,2.0 299,1.0 318,1.0 341,1.0 371,1.0 372,1.0 383,1.0 
4,1.0 26,1.0 59,3.0 60,2.0 61,3.0 62,3.0 63,3.0 105,2.0 
26,2.0 71,2.0 166,2.0 226,1.0 342,1.0 368,1.0 
46,2.0 187,2.0 
3,1.0 7,2.0 16,1.0 27,1.0 29,2.0 30,2.0 34,2.0 38,2.0 42,2.0 46,3.0 52,1.0 58,1.0 68,1.0 69,1.0 70,1.0 71,1.0 89,1.0 90,3.0 91,3.0 98,2.0 108,1.0 132,4.0 135,2.0 146,3.0 151,1.0 159,1.0 167,5.0 168,4.0 179,2.0 188,2.0 201,1.0 202,4.0 236,1.0 242,3.0 254,1.0 258,1.0 259,1.0 260,1.0 265,1.0 266,1.0 276,1.0 283,1.0 316,1.0 342,1.0 434,1.0 439,1.0 
29,2.0 189,2.0 
2,1.0 16,1.0 17,1.0 32,2.0 45,1.0 56,2.0 68,1.0 70,1.0 88,1.0 91,1.0 106,1.0 114,1.0 132,2.0 135,6.0 140,1.0 156,2.0 159,4.0 167,2.0 168,2.0 187,1.0 193,1.0 194,1.0 202,2.0 236,1.0 242,1.0 249,1.0 257,2.0 263,1.0 269,2.0 271,2.0 287,1.0 341,2.0 387,1.0 441,1.0 461,1.0 
46,2.0 108,1.0 113,2.0 144,2.0 146,1.0 182,1.0 204,2.0 279,2.0 310,2.0 443,1.0 461,1.0 
27,1.0 87,1.0 88,1.0 106,1.0 127,1.0 173,1.0 187,1.0 192,2.0 195,1.0 250,1.0 268,1.0 269,1.0 415,1.0 485,1.0 
37,1.0 69,2.0 78,2.0 83,1.0 85,3.0 87,2.0 90,1.0 125,1.0 153,2.0 164,2.0 166,1.0 182,1.0 189,1.0 252,2.0 253,2.0 258,2.0 260,2.0 262,2.0 280,2.0 309,2.0 435,1.0 
56,2.0 135,1.0 144,1.0 158,1.0 167,1.0 187,1.0 204,1.0 252,1.0 254,1.0 263,1.0 264,1.0 429,1.0 
167,1.0 195,2.0 236,2.0 
46,2.0 191,1.0 196,2.0 197,2.0 268,1.0 269,1.0 417,1.0 418,1.0 419,1.0 
6,1.0 27,1.0 46,2.0 119,1.0 185,1.0 197,2.0 198,2.0 226,1.0 
46,2.0 196,2.0 198,2.0 
199,2.0 
18,2.0 96,2.0 207,1.0 218,1.0 252,4.0 253,4.0 280,4.0 416,1.0 
114,2.0 127,1.0 135,1.0 167,1.0 199,1.0 
0,1.0 27,1.0 32,4.0 100,2.0 108,2.0 112,6.0 119,4.0 135,2.0 140,10.0 145,4.0 167,1.0 187,2.0 191,1.0 202,1.0 228,10.0 233,8.0 236,2.0 259,2.0 265,1.0 266,1.0 278,6.0 279,6.0 286,2.0 420,1.0 
0,2.0 2,4.0 16,1.0 17,1.0 18,2.0 26,1.0 31,5.0 32,1.0 38,1.0 42,1.0 44,1.0 46,1.0 50,1.0 56,1.0 62,3.0 68,1.0 72,1.0 74,1.0 85,1.0 87,3.0 88,2.0 89,6.0 90,1.0 98,2.0 99,1.0 111,1.0 112,1.0 113,1.0 119,1.0 127,1.0 131,1.0 135,1.0 146,2.0 151,2.0 167,1.0 182,4.0 183,1.0 187,4.0 191,1.0 201,1.0 229,1.0 230,1.0 231,2.0 242,1.0 258,1.0 260,1.0 276,1.0 359,1.0 395,1.0 420,1.0 
45,4.0 189,1.0 204,2.0 242,1.0 418,1.0 449,1.0 
16,1.0 31,2.0 34,2.0 55,1.0 58,1.0 62,2.0 90,2.0 95,2.0 111,2.0 112,1.0 144,2.0 146,1.0 151,2.0 160,1.0 167,10.0 168,3.0 193,1.0 202,1.0 233,1.0 253,1.0 276,1.0 277,1.0 341,1.0 411,1.0 412,1.0 413,1.0 414,1.0 429,1.0 
2,4.0 4,1.0 16,1.0 23,1.0 26,1.0 89,1.0 127,1.0 132,1.0 146,3.0 260,1.0 448,2.0 486,1.0 
19,2.0 86,2.0 116,2.0 149,2.0 150,2.0 
4,2.0 17,2.0 71,2.0 77,2.0 105,2.0 195,1.0 207,1.0 218,1.0 219,1.0 416,1.0 468,2.0 
18,2.0 44,2.0 101,2.0 106,2.0 154,2.0 
4,2.0 16,1.0 17,1.0 108,1.0 116,2.0 210,2.0 260,1.0 299,1.0 325,1.0 326,1.0 327,1.0 328,1.0 362,1.0 
4,2.0 116,2.0 209,2.0 
3,2.0 5,2.0 30,2.0 62,2.0 180,2.0 212,2.0 
3,2.0 5,2.0 30,2.0 62,2.0 180,2.0 211,2.0 266,1.0 300,1.0 
18,2.0 77,2.0 214,2.0 357,1.0 
4,1.0 18,2.0 26,1.0 77,2.0 213,2.0 293,1.0 
45,1.0 70,2.0 88,1.0 127,1.0 216,2.0 464,1.0 
4,2.0 26,2.0 56,2.0 70,2.0 217,2.0 298,1.0 
0,1.0 2,1.0 4,3.0 17,2.0 26,2.0 31,3.0 38,1.0 55,1.0 56,3.0 62,3.0 90,1.0 95,1.0 101,1.0 112,3.0 113,1.0 117,1.0 127,1.0 167,3.0 202,2.0 204,1.0 263,1.0 274,1.0 276,1.0 316,1.0 426,1.0 
38,1.0 69,2.0 83,1.0 147,3.0 150,2.0 162,2.0 195,1.0 207,1.0 219,2.0 220,2.0 398,1.0 416,1.0 
81,1.0 96,1.0 147,2.0 162,2.0 218,2.0 220,2.0 292,1.0 469,1.0 470,1.0 471,1.0 
71,2.0 83,1.0 147,2.0 162,2.0 173,1.0 218,2.0 219,2.0 
33,2.0 83,2.0 150,2.0 180,2.0 206,2.0 406,2.0 
83,2.0 85,2.0 223,2.0 
83,2.0 114,2.0 
80,2.0 85,2.0 225,2.0 
3,2.0 50,2.0 85,2.0 
0,2.0 4,1.0 17,1.0 41,1.0 70,1.0 71,1.0 91,1.0 92,1.0 98,1.0 166,2.0 168,3.0 185,1.0 365,1.0 368,1.0 434,1.0 441,1.0 
2,2.0 4,3.0 18,3.0 26,2.0 31,2.0 38,5.0 41,2.0 56,1.0 57,2.0 62,6.0 85,2.0 89,2.0 95,1.0 98,1.0 106,1.0 111,2.0 112,2.0 146,1.0 166,1.0 179,2.0 228,2.0 231,3.0 276,2.0 331,1.0 332,1.0 333,1.0 334,1.0 
5,1.0 11,1.0 15,4.0 32,4.0 38,2.0 46,3.0 62,2.0 63,1.0 71,1.0 85,1.0 89,1.0 91,1.0 106,1.0 114,1.0 140,2.0 146,1.0 174,1.0 201,2.0 227,2.0 276,1.0 349,2.0 
2,1.0 3,1.0 4,3.0 5,2.0 17,1.0 18,2.0 20,1.0 30,1.0 31,1.0 32,1.0 62,3.0 69,1.0 89,1.0 90,2.0 112,4.0 120,1.0 135,1.0 160,1.0 166,1.0 182,1.0 192,1.0 258,1.0 283,1.0 435,1.0 
3,2.0 16,1.0 17,1.0 30,2.0 31,1.0 160,1.0 193,1.0 204,1.0 251,2.0 429,1.0 
0,3.0 2,5.0 7,2.0 15,2.0 16,1.0 18,2.0 31,5.0 32,1.0 34,2.0 38,5.0 56,2.0 57,2.0 62,13.0 68,2.0 71,1.0 80,2.0 84,1.0 87,2.0 88,3.0 89,1.0 95,3.0 96,1.0 98,1.0 99,1.0 105,1.0 113,1.0 151,6.0 154,4.0 179,2.0 202,1.0 227,3.0 232,1.0 243,2.0 244,2.0 246,2.0 247,2.0 276,1.0 303,2.0 344,2.0 
30,1.0 42,1.0 50,1.0 68,1.0 90,1.0 114,1.0 168,1.0 482,2.0 
111,5.0 112,6.0 119,4.0 127,4.0 135,2.0 146,1.0 167,1.0 201,8.0 226,1.0 238,1.0 278,6.0 279,6.0 439,1.0 448,1.0 451,1.0 
16,3.0 30,1.0 42,1.0 57,2.0 245,2.0 420,1.0 482,1.0 
16,2.0 42,1.0 44,2.0 57,1.0 241,2.0 
45,1.0 50,1.0 92,1.0 140,5.0 167,1.0 189,1.0 193,1.0 201,2.0 204,1.0 228,2.0 231,2.0 243,1.0 263,1.0 287,1.0 324,1.0 387,1.0 405,1.0 
2,1.0 16,1.0 17,1.0 23,1.0 68,1.0 450,1.0 
2,1.0 30,1.0 
5,1.0 46,1.0 
3,2.0 30,2.0 63,2.0 
16,2.0 44,2.0 235,2.0 
45,1.0 52,1.0 68,1.0 72,1.0 74,1.0 88,1.0 90,1.0 140,2.0 145,1.0 155,1.0 159,1.0 164,1.0 168,1.0 187,3.0 189,1.0 203,1.0 204,1.0 231,2.0 236,2.0 254,1.0 259,1.0 276,1.0 277,2.0 278,1.0 279,1.0 283,1.0 287,1.0 442,2.0 461,1.0 462,1.0 463,1.0 
4,1.0 17,2.0 26,1.0 41,1.0 50,3.0 135,1.0 244,2.0 329,1.0 330,1.0 
17,2.0 50,2.0 243,2.0 
16,2.0 57,2.0 234,2.0 
17,2.0 30,1.0 68,2.0 182,1.0 247,2.0 252,1.0 482,1.0 
17,2.0 68,2.0 246,2.0 
17,2.0 30,2.0 62,2.0 447,3.0 461,1.0 483,4.0 
16,2.0 17,3.0 201,1.0 202,1.0 250,2.0 420,1.0 
16,3.0 17,2.0 23,1.0 205,1.0 249,2.0 483,2.0 484,2.0 486,1.0 
3,2.0 30,2.0 66,1.0 230,2.0 325,1.0 
146,1.0 161,3.0 166,1.0 201,6.0 233,6.0 253,6.0 279,6.0 
146,1.0 158,1.0 160,4.0 187,1.0 193,1.0 201,6.0 204,1.0 233,6.0 242,2.0 252,6.0 254,5.0 259,2.0 277,4.0 278,2.0 279,6.0 
112,1.0 120,1.0 122,1.0 158,1.0 160,2.0 187,1.0 193,1.0 229,1.0 242,1.0 252,1.0 283,2.0 
158,1.0 159,4.0 256,1.0 259,2.0 284,3.0 288,1.0 
127,1.0 146,1.0 158,1.0 159,1.0 160,1.0 161,2.0 164,2.0 191,1.0 233,1.0 265,1.0 274,1.0 
146,1.0 159,2.0 164,2.0 166,1.0 253,1.0 255,3.0 258,1.0 
37,1.0 69,1.0 71,1.0 75,1.0 100,1.0 146,2.0 155,8.0 156,1.0 166,2.0 253,1.0 257,1.0 261,2.0 263,2.0 275,3.0 301,1.0 302,1.0 
2,1.0 3,2.0 4,2.0 16,1.0 17,3.0 18,2.0 30,2.0 38,1.0 56,1.0 71,1.0 77,2.0 97,1.0 146,1.0 154,1.0 155,1.0 158,1.0 159,1.0 160,6.0 166,3.0 192,2.0 201,2.0 204,1.0 253,2.0 255,1.0 259,1.0 260,4.0 261,1.0 276,1.0 285,2.0 286,2.0 300,1.0 301,1.0 304,1.0 305,1.0 
2,1.0 3,1.0 4,1.0 16,2.0 17,2.0 46,1.0 71,1.0 75,1.0 88,1.0 108,1.0 119,1.0 127,1.0 155,3.0 160,2.0 180,1.0 187,1.0 192,2.0 202,1.0 209,1.0 229,1.0 258,5.0 259,7.0 260,1.0 263,1.0 276,1.0 286,1.0 293,1.0 299,1.0 303,1.0 325,1.0 326,1.0 327,1.0 328,1.0 
30,2.0 58,1.0 71,2.0 72,1.0 73,1.0 75,1.0 78,1.0 91,1.0 95,1.0 96,1.0 112,2.0 122,1.0 144,1.0 145,2.0 153,1.0 155,2.0 158,1.0 262,5.0 263,4.0 275,2.0 298,1.0 299,1.0 358,1.0 
3,1.0 4,1.0 91,1.0 144,1.0 145,1.0 153,6.0 154,1.0 
3,2.0 4,2.0 15,1.0 17,1.0 18,1.0 23,1.0 30,2.0 38,1.0 44,1.0 56,2.0 71,2.0 75,1.0 77,2.0 89,2.0 94,1.0 97,1.0 99,1.0 101,1.0 127,2.0 135,1.0 140,2.0 144,1.0 146,3.0 153,7.0 155,6.0 156,3.0 158,2.0 166,4.0 167,1.0 192,2.0 193,1.0 217,1.0 259,3.0 261,1.0 263,2.0 264,4.0 265,6.0 272,1.0 274,3.0 316,2.0 
74,1.0 140,1.0 146,1.0 156,6.0 166,1.0 167,1.0 
4,3.0 8,1.0 10,1.0 17,1.0 18,2.0 20,1.0 32,1.0 43,2.0 56,1.0 71,1.0 75,1.0 98,1.0 145,1.0 155,1.0 156,6.0 180,1.0 187,1.0 201,1.0 217,1.0 260,1.0 263,5.0 266,3.0 267,1.0 268,1.0 292,1.0 308,1.0 323,1.0 361,1.0 
100,1.0 135,2.0 145,1.0 156,1.0 191,1.0 195,1.0 258,1.0 260,1.0 267,4.0 268,2.0 270,2.0 312,2.0 
3,3.0 30,2.0 31,1.0 127,1.0 166,1.0 191,1.0 195,1.0 266,1.0 268,4.0 270,2.0 273,1.0 274,1.0 311,2.0 
5,2.0 43,1.0 116,1.0 127,1.0 135,2.0 146,1.0 155,1.0 166,2.0 191,1.0 195,1.0 263,1.0 265,6.0 266,5.0 267,1.0 269,3.0 
144,2.0 146,1.0 153,2.0 156,2.0 166,1.0 270,3.0 
3,1.0 30,2.0 31,1.0 62,2.0 78,1.0 95,1.0 96,1.0 122,1.0 261,1.0 267,1.0 268,2.0 271,2.0 273,1.0 306,1.0 307,1.0 
7,1.0 75,1.0 135,2.0 153,1.0 156,2.0 189,2.0 269,2.0 270,2.0 272,2.0 295,1.0 
265,1.0 267,1.0 268,3.0 271,2.0 
3,1.0 31,1.0 267,1.0 270,1.0 
18,1.0 44,1.0 99,1.0 101,1.0 122,2.0 127,1.0 187,1.0 201,1.0 256,1.0 261,1.0 263,2.0 265,2.0 267,3.0 275,1.0 287,2.0 311,2.0 
95,1.0 96,1.0 155,3.0 242,1.0 261,3.0 276,1.0 286,1.0 385,1.0 
2,2.0 18,1.0 23,1.0 31,1.0 38,4.0 44,1.0 57,2.0 62,3.0 68,1.0 72,1.0 80,1.0 85,1.0 88,1.0 89,6.0 90,2.0 91,1.0 97,1.0 108,1.0 122,1.0 127,2.0 135,3.0 155,1.0 160,1.0 167,1.0 182,1.0 202,4.0 204,1.0 227,2.0 228,1.0 231,1.0 236,1.0 242,1.0 253,1.0 259,1.0 287,1.0 340,1.0 341,1.0 426,1.0 
122,2.0 127,2.0 146,1.0 160,2.0 242,1.0 246,1.0 253,3.0 277,1.0 278,2.0 279,2.0 282,2.0 289,1.0 290,1.0 291,1.0 
43,1.0 242,1.0 253,2.0 277,3.0 279,1.0 280,2.0 281,6.0 320,2.0 324,1.0 
16,1.0 43,1.0 144,2.0 161,1.0 190,2.0 201,6.0 233,6.0 277,1.0 278,9.0 310,2.0 
122,2.0 192,2.0 199,4.0 252,6.0 253,6.0 277,2.0 281,3.0 
122,2.0 145,1.0 164,1.0 192,2.0 199,2.0 242,1.0 277,2.0 280,6.0 
253,2.0 277,1.0 283,2.0 
112,1.0 120,1.0 160,1.0 229,1.0 230,1.0 255,2.0 282,1.0 
3,1.0 4,1.0 62,1.0 159,2.0 187,1.0 242,1.0 259,1.0 
158,4.0 160,1.0 
140,1.0 187,1.0 189,1.0 201,2.0 202,1.0 236,1.0 259,3.0 260,2.0 275,2.0 287,1.0 
122,3.0 140,1.0 144,2.0 145,3.0 153,6.0 156,4.0 189,1.0 236,1.0 261,6.0 263,1.0 266,1.0 
3,1.0 18,1.0 31,1.0 283,1.0 301,1.0 
160,1.0 290,1.0 291,1.0 
160,1.0 289,1.0 291,1.0 
160,1.0 289,1.0 290,1.0 
0,1.0 62,1.0 111,1.0 112,1.0 151,1.0 266,1.0 469,1.0 470,1.0 471,1.0 
4,1.0 31,1.0 98,1.0 99,1.0 156,1.0 271,1.0 294,1.0 303,1.0 357,1.0 402,1.0 
271,1.0 293,1.0 
153,1.0 296,1.0 297,1.0 
15,1.0 16,1.0 17,1.0 108,1.0 111,1.0 209,1.0 214,1.0 260,1.0 263,1.0 270,1.0 297,1.0 298,3.0 299,1.0 304,1.0 325,1.0 326,1.0 363,1.0 364,1.0 
26,1.0 46,1.0 270,1.0 296,1.0 299,1.0 317,2.0 
268,1.0 296,5.0 299,1.0 
16,1.0 17,1.0 26,1.0 32,1.0 38,1.0 46,1.0 84,1.0 108,1.0 183,1.0 209,1.0 260,1.0 268,1.0 275,1.0 298,1.0 318,4.0 325,1.0 326,1.0 327,1.0 328,1.0 
187,1.0 212,1.0 216,1.0 263,1.0 266,1.0 305,1.0 
3,6.0 32,3.0 46,6.0 74,1.0 111,4.0 112,1.0 166,1.0 263,1.0 265,1.0 296,1.0 302,1.0 303,36.0 304,1.0 329,2.0 350,1.0 351,1.0 356,1.0 
4,1.0 26,1.0 46,1.0 103,1.0 120,1.0 265,1.0 301,1.0 402,1.0 
3,12.0 15,2.0 18,1.0 26,1.0 31,3.0 32,3.0 46,7.0 74,1.0 99,3.0 111,4.0 112,1.0 156,1.0 168,1.0 231,2.0 288,1.0 293,1.0 301,34.0 327,2.0 329,2.0 331,1.0 343,1.0 344,32.0 345,1.0 346,1.0 347,1.0 348,1.0 349,1.0 350,1.0 351,1.0 352,1.0 355,1.0 
263,2.0 296,1.0 301,2.0 303,1.0 366,1.0 367,1.0 
263,1.0 300,1.0 303,1.0 417,1.0 
122,1.0 271,1.0 307,1.0 
122,1.0 271,1.0 306,1.0 
43,1.0 263,1.0 
164,2.0 192,2.0 199,2.0 280,2.0 
309,2.0 
3,2.0 30,2.0 267,2.0 
2,1.0 3,1.0 5,1.0 69,1.0 75,1.0 156,1.0 313,2.0 361,19.0 
265,2.0 391,1.0 
98,1.0 293,1.0 315,2.0 362,1.0 
4,2.0 18,2.0 
113,1.0 117,1.0 144,1.0 153,2.0 297,2.0 340,1.0 419,1.0 422,1.0 
261,2.0 
18,1.0 32,2.0 37,1.0 38,1.0 46,1.0 55,1.0 112,1.0 183,1.0 299,4.0 319,2.0 
18,2.0 30,2.0 31,2.0 
321,2.0 
50,2.0 
279,2.0 322,1.0 
260,1.0 
43,1.0 300,1.0 304,1.0 
4,1.0 16,1.0 17,2.0 55,1.0 57,1.0 108,1.0 209,1.0 260,1.0 299,1.0 326,2.0 327,1.0 328,1.0 422,2.0 424,1.0 446,1.0 
5,1.0 16,1.0 17,2.0 50,1.0 99,1.0 108,1.0 205,1.0 209,1.0 260,1.0 299,1.0 325,2.0 327,1.0 328,1.0 415,1.0 418,1.0 440,1.0 443,1.0 448,1.0 449,1.0 456,1.0 459,1.0 
3,2.0 18,1.0 31,1.0 99,1.0 243,1.0 288,1.0 303,2.0 328,1.0 344,1.0 
243,1.0 327,1.0 
3,2.0 4,1.0 26,1.0 41,1.0 46,2.0 111,1.0 112,1.0 227,1.0 301,1.0 303,2.0 330,1.0 343,1.0 
4,1.0 16,1.0 18,1.0 26,2.0 41,1.0 111,1.0 112,1.0 227,1.0 329,1.0 337,1.0 338,1.0 339,1.0 
3,1.0 4,1.0 26,1.0 41,1.0 99,1.0 111,1.0 112,1.0 227,1.0 303,1.0 332,1.0 346,1.0 
4,1.0 26,1.0 41,1.0 111,1.0 112,1.0 227,1.0 331,1.0 
4,1.0 26,1.0 41,1.0 63,1.0 334,1.0 
4,1.0 26,1.0 41,1.0 63,1.0 333,1.0 
16,1.0 18,1.0 26,1.0 38,1.0 58,1.0 111,1.0 336,1.0 
16,1.0 18,1.0 26,1.0 38,1.0 58,1.0 111,1.0 335,1.0 
16,1.0 18,1.0 26,1.0 330,1.0 338,1.0 339,1.0 
232,1.0 339,1.0 
232,1.0 338,1.0 
4,1.0 11,2.0 18,2.0 30,1.0 55,1.0 80,2.0 84,3.0 85,1.0 87,1.0 91,1.0 95,2.0 100,1.0 106,1.0 108,1.0 113,3.0 145,1.0 172,1.0 175,1.0 276,1.0 299,1.0 341,1.0 387,1.0 402,1.0 
16,2.0 18,1.0 26,1.0 37,1.0 38,1.0 46,1.0 55,1.0 84,1.0 87,3.0 100,1.0 108,2.0 119,1.0 146,3.0 172,1.0 183,1.0 387,1.0 389,1.0 400,1.0 
38,1.0 57,1.0 74,1.0 87,1.0 119,1.0 182,1.0 183,1.0 202,1.0 233,1.0 
344,1.0 
3,3.0 15,2.0 99,3.0 231,2.0 301,1.0 303,36.0 327,2.0 331,1.0 345,1.0 348,1.0 
3,1.0 99,1.0 303,1.0 344,1.0 
344,1.0 
3,1.0 31,1.0 344,1.0 
3,1.0 31,1.0 303,1.0 349,1.0 
3,1.0 4,1.0 5,2.0 17,1.0 18,3.0 22,1.0 31,1.0 46,4.0 58,2.0 81,1.0 83,2.0 84,1.0 105,1.0 107,1.0 113,1.0 114,1.0 119,4.0 147,3.0 172,1.0 173,1.0 174,1.0 202,1.0 228,2.0 344,1.0 
3,1.0 46,1.0 91,1.0 166,2.0 167,1.0 301,1.0 303,1.0 
3,1.0 46,1.0 303,1.0 352,1.0 
353,1.0 354,1.0 
304,1.0 354,1.0 
304,1.0 353,1.0 
26,1.0 46,1.0 344,1.0 
89,1.0 300,1.0 
87,1.0 302,1.0 
26,1.0 73,1.0 358,3.0 359,1.0 
2,3.0 18,4.0 26,1.0 46,1.0 73,1.0 89,1.0 97,1.0 107,1.0 113,3.0 131,3.0 175,1.0 202,2.0 207,1.0 360,1.0 407,1.0 408,1.0 409,1.0 467,1.0 
361,1.0 
2,1.0 3,1.0 5,1.0 69,1.0 75,1.0 312,20.0 314,1.0 
113,1.0 297,1.0 
15,1.0 111,1.0 117,1.0 364,1.0 
15,1.0 111,1.0 117,1.0 363,1.0 
304,1.0 366,1.0 369,1.0 
304,1.0 367,1.0 
27,1.0 196,1.0 375,1.0 
369,1.0 
38,1.0 367,1.0 
18,1.0 38,1.0 40,1.0 55,1.0 183,1.0 
18,1.0 55,1.0 372,1.0 373,1.0 
18,1.0 55,1.0 168,1.0 187,1.0 371,1.0 373,1.0 
374,1.0 
365,1.0 
376,1.0 377,1.0 
377,1.0 378,1.0 
376,1.0 378,1.0 
379,1.0 
380,1.0 
381,1.0 
382,1.0 
214,1.0 
18,1.0 55,1.0 384,3.0 
6,1.0 18,1.0 38,1.0 55,1.0 183,1.0 383,2.0 
18,1.0 46,1.0 55,1.0 318,1.0 
87,1.0 
18,1.0 45,1.0 68,1.0 89,1.0 103,6.0 106,1.0 107,1.0 114,1.0 150,6.0 168,1.0 189,1.0 203,1.0 242,1.0 341,1.0 405,1.0 
7,1.0 9,1.0 32,1.0 83,1.0 85,1.0 
5,2.0 37,1.0 46,2.0 87,1.0 105,2.0 106,2.0 109,1.0 400,1.0 
81,1.0 96,1.0 359,1.0 465,1.0 466,1.0 467,1.0 
392,1.0 
105,1.0 
209,1.0 
213,1.0 
396,1.0 
356,1.0 
0,1.0 150,1.0 152,1.0 170,1.0 
38,1.0 83,1.0 147,1.0 218,1.0 
85,1.0 149,1.0 
37,1.0 87,1.0 109,1.0 389,1.0 
16,1.0 108,1.0 
4,3.0 50,1.0 71,1.0 80,1.0 105,1.0 116,1.0 
103,1.0 302,1.0 
405,1.0 
3,1.0 45,1.0 46,1.0 55,2.0 58,1.0 203,1.0 242,1.0 349,1.0 387,1.0 
31,2.0 180,2.0 
31,1.0 58,1.0 408,1.0 
31,1.0 58,1.0 407,1.0 
31,1.0 58,1.0 
113,1.0 173,1.0 191,1.0 
167,1.0 204,1.0 412,1.0 413,1.0 414,1.0 
167,1.0 204,1.0 411,1.0 413,1.0 414,1.0 
167,1.0 204,1.0 411,1.0 412,1.0 414,1.0 
167,1.0 204,1.0 411,1.0 412,1.0 413,1.0 
200,1.0 326,1.0 440,1.0 
195,1.0 207,1.0 218,1.0 
142,1.0 303,1.0 305,1.0 418,1.0 419,1.0 420,1.0 421,1.0 426,9.0 428,1.0 429,2.0 430,1.0 444,1.0 
3,1.0 23,1.0 26,1.0 129,1.0 133,1.0 237,1.0 326,3.0 415,1.0 417,1.0 419,1.0 420,4.0 421,1.0 422,2.0 427,4.0 442,4.0 447,4.0 448,1.0 
417,1.0 418,5.0 420,1.0 421,1.0 422,4.0 427,4.0 
2,1.0 29,1.0 30,1.0 42,2.0 44,1.0 62,1.0 84,1.0 110,1.0 111,1.0 133,1.0 138,1.0 151,1.0 187,1.0 201,1.0 202,1.0 418,3.0 419,3.0 421,1.0 422,6.0 423,1.0 427,4.0 433,1.0 442,1.0 443,1.0 449,1.0 454,1.0 456,1.0 457,1.0 477,1.0 478,1.0 
420,1.0 422,1.0 423,1.0 
0,1.0 2,2.0 3,1.0 4,1.0 20,1.0 21,1.0 30,2.0 87,1.0 94,1.0 137,1.0 138,1.0 205,1.0 325,2.0 418,4.0 419,4.0 423,1.0 424,2.0 425,1.0 426,1.0 427,4.0 442,1.0 446,1.0 448,1.0 449,1.0 454,1.0 456,1.0 457,1.0 479,1.0 480,1.0 481,1.0 
422,1.0 424,1.0 425,1.0 
4,1.0 42,1.0 137,1.0 141,1.0 425,1.0 426,2.0 427,1.0 450,2.0 
424,1.0 426,1.0 427,1.0 
16,1.0 50,1.0 127,1.0 141,1.0 202,1.0 276,1.0 305,1.0 417,11.0 427,1.0 428,1.0 429,1.0 444,1.0 
417,1.0 418,4.0 419,3.0 420,4.0 422,4.0 426,1.0 428,1.0 442,5.0 447,4.0 
417,1.0 429,1.0 430,1.0 
16,1.0 142,1.0 152,1.0 167,1.0 193,1.0 204,1.0 430,1.0 431,1.0 432,1.0 445,1.0 446,2.0 
429,1.0 431,1.0 432,1.0 
41,1.0 432,1.0 433,2.0 434,1.0 
248,3.0 431,1.0 433,1.0 434,1.0 483,3.0 
2,1.0 30,1.0 42,1.0 62,1.0 84,1.0 110,1.0 111,1.0 151,1.0 420,1.0 434,1.0 435,1.0 436,1.0 450,1.0 454,1.0 477,1.0 478,1.0 
189,1.0 226,1.0 420,4.0 427,4.0 433,1.0 435,1.0 436,1.0 441,6.0 
90,1.0 182,1.0 192,1.0 436,1.0 437,1.0 438,1.0 
69,1.0 434,4.0 435,1.0 437,1.0 438,1.0 439,5.0 441,4.0 
117,1.0 438,1.0 439,1.0 
95,1.0 117,1.0 226,1.0 434,1.0 436,1.0 437,1.0 439,1.0 
46,1.0 69,1.0 117,1.0 118,1.0 127,1.0 187,1.0 242,1.0 248,1.0 434,5.0 436,4.0 440,1.0 441,5.0 456,1.0 461,4.0 462,4.0 483,1.0 484,3.0 
71,1.0 118,1.0 123,1.0 190,1.0 441,1.0 442,1.0 456,1.0 461,1.0 
18,1.0 123,1.0 125,1.0 146,1.0 187,1.0 189,1.0 242,1.0 420,4.0 427,4.0 434,4.0 438,1.0 439,1.0 442,1.0 443,1.0 456,1.0 460,1.0 461,2.0 463,1.0 
4,1.0 41,1.0 43,1.0 94,1.0 125,1.0 126,1.0 146,1.0 166,1.0 326,1.0 422,1.0 436,4.0 439,4.0 441,1.0 443,1.0 447,4.0 448,1.0 456,1.0 
18,1.0 66,2.0 126,1.0 129,1.0 233,1.0 251,1.0 326,2.0 418,1.0 448,1.0 483,1.0 
142,1.0 417,1.0 429,1.0 
152,1.0 182,1.0 446,1.0 
0,1.0 2,1.0 20,1.0 21,1.0 30,1.0 50,1.0 57,1.0 87,1.0 152,1.0 182,1.0 422,1.0 445,1.0 450,1.0 454,2.0 479,1.0 480,1.0 481,1.0 
56,1.0 83,1.0 91,1.0 107,2.0 113,1.0 148,1.0 150,1.0 166,1.0 202,1.0 432,3.0 436,4.0 439,7.0 441,1.0 442,4.0 461,1.0 462,1.0 
26,1.0 41,1.0 46,1.0 55,1.0 66,1.0 94,1.0 233,1.0 325,1.0 418,1.0 439,2.0 442,1.0 443,1.0 456,2.0 458,1.0 483,1.0 
4,1.0 52,1.0 203,1.0 420,1.0 422,1.0 424,1.0 455,1.0 
42,1.0 44,1.0 50,1.0 420,1.0 424,1.0 426,1.0 454,2.0 
301,1.0 
91,1.0 187,1.0 
18,1.0 276,1.0 
0,1.0 2,2.0 20,1.0 21,1.0 30,3.0 41,1.0 45,1.0 62,1.0 68,1.0 84,1.0 87,1.0 110,1.0 111,1.0 151,1.0 215,1.0 420,1.0 422,2.0 431,1.0 433,1.0 446,1.0 477,1.0 478,1.0 479,1.0 480,1.0 481,1.0 
52,1.0 417,1.0 
5,1.0 45,1.0 95,1.0 127,1.0 166,1.0 203,1.0 418,2.0 438,1.0 439,1.0 440,1.0 442,1.0 448,4.0 449,1.0 459,1.0 460,1.0 483,1.0 
42,1.0 420,1.0 456,1.0 
41,1.0 418,1.0 
50,1.0 439,1.0 456,1.0 483,1.0 
418,1.0 456,1.0 
56,1.0 99,1.0 166,1.0 190,1.0 242,1.0 326,1.0 439,3.0 442,1.0 443,1.0 447,5.0 463,1.0 
71,1.0 242,1.0 439,3.0 440,1.0 442,1.0 
242,1.0 442,1.0 461,1.0 
88,1.0 91,1.0 127,1.0 
359,1.0 390,1.0 466,1.0 467,1.0 
359,1.0 390,1.0 465,1.0 467,1.0 
207,1.0 359,1.0 
207,1.0 219,1.0 
0,1.0 62,1.0 111,1.0 112,1.0 151,1.0 292,1.0 470,1.0 471,1.0 
0,1.0 62,1.0 111,1.0 112,1.0 151,1.0 292,1.0 469,1.0 471,1.0 
0,1.0 62,1.0 111,1.0 112,1.0 151,1.0 292,1.0 469,1.0 470,1.0 
2,1.0 30,1.0 84,1.0 420,1.0 433,1.0 454,1.0 473,1.0 474,1.0 475,1.0 476,1.0 
2,1.0 30,1.0 84,1.0 420,1.0 433,1.0 454,1.0 472,1.0 474,1.0 475,1.0 476,1.0 
2,1.0 30,1.0 84,1.0 420,1.0 433,1.0 454,1.0 472,1.0 473,1.0 475,1.0 476,1.0 
2,1.0 30,1.0 84,1.0 420,1.0 433,1.0 454,1.0 472,1.0 473,1.0 474,1.0 476,1.0 
2,1.0 30,1.0 84,1.0 420,1.0 433,1.0 454,1.0 472,1.0 473,1.0 474,1.0 475,1.0 
2,1.0 30,1.0 62,1.0 87,1.0 110,1.0 111,1.0 151,1.0 422,1.0 446,1.0 454,1.0 478,1.0 
2,1.0 30,1.0 62,1.0 87,1.0 110,1.0 111,1.0 151,1.0 422,1.0 446,1.0 454,1.0 477,1.0 
0,1.0 20,1.0 21,1.0 447,1.0 480,1.0 481,1.0 
0,1.0 20,1.0 21,1.0 447,1.0 479,1.0 481,1.0 
0,1.0 20,1.0 21,1.0 447,1.0 479,1.0 480,1.0 
16,1.0 30,2.0 50,1.0 90,1.0 168,1.0 182,1.0 232,2.0 234,1.0 246,1.0 420,1.0 
66,2.0 248,4.0 250,2.0 439,1.0 447,3.0 456,2.0 459,1.0 461,1.0 484,2.0 
191,1.0 461,2.0 485,3.0 
191,1.0 250,3.0 483,2.0 
16,1.0 23,1.0 89,1.0 127,1.0 132,1.0 146,1.0 205,1.0 
