1,20.0 2,17.0 3,16.0 4,16.0 26,2.0 43,9.0 44,10.0 45,11.0 46,9.0 61,1.0 83,2.0 183,4.0 185,2.0 195,4.0 
2,17.0 3,18.0 4,18.0 5,20.0 6,2.0 7,2.0 8,2.0 9,2.0 10,2.0 11,2.0 12,2.0 83,2.0 183,4.0 
0,1.0 1,17.0 3,15.0 4,15.0 5,17.0 6,2.0 7,2.0 8,2.0 9,2.0 10,2.0 11,2.0 12,2.0 26,2.0 37,2.0 183,2.0 185,2.0 195,2.0 
1,18.0 2,15.0 4,18.0 5,16.0 6,2.0 7,2.0 8,2.0 9,2.0 10,2.0 11,2.0 12,2.0 83,2.0 
1,18.0 2,15.0 3,18.0 5,16.0 6,2.0 7,2.0 8,2.0 9,2.0 10,2.0 11,2.0 12,2.0 83,2.0 
0,6.0 6,11.0 7,11.0 8,15.0 9,11.0 10,16.0 11,13.0 12,13.0 26,4.0 27,4.0 30,1.0 31,1.0 33,1.0 35,2.0 36,13.0 37,10.0 38,16.0 39,4.0 40,4.0 41,4.0 47,9.0 48,9.0 49,8.0 50,11.0 51,9.0 62,1.0 63,3.0 64,9.0 67,2.0 78,1.0 79,1.0 80,1.0 82,2.0 83,2.0 84,7.0 85,3.0 86,3.0 89,3.0 115,1.0 142,2.0 151,3.0 172,3.0 174,2.0 175,2.0 177,2.0 179,2.0 180,2.0 181,2.0 197,2.0 198,1.0 243,1.0 
5,3.0 7,13.0 8,14.0 9,13.0 10,13.0 11,13.0 12,13.0 13,11.0 14,13.0 151,5.0 177,2.0 178,2.0 
6,13.0 8,13.0 9,13.0 10,13.0 11,13.0 12,13.0 13,11.0 14,13.0 62,2.0 64,1.0 84,1.0 86,1.0 94,1.0 97,2.0 108,1.0 109,1.0 111,1.0 112,1.0 119,1.0 126,1.0 135,1.0 136,2.0 144,2.0 148,1.0 149,1.0 206,1.0 207,1.0 
5,1.0 6,14.0 7,13.0 9,13.0 10,15.0 11,13.0 12,17.0 13,15.0 14,13.0 64,4.0 84,4.0 151,1.0 177,2.0 
6,13.0 7,13.0 8,13.0 10,13.0 11,13.0 12,13.0 13,11.0 14,13.0 
6,13.0 7,13.0 8,15.0 9,13.0 11,16.0 12,17.0 13,16.0 14,16.0 26,2.0 27,3.0 29,1.0 63,3.0 64,5.0 67,5.0 68,2.0 82,2.0 84,3.0 85,1.0 86,1.0 87,1.0 92,1.0 99,1.0 101,2.0 102,3.0 103,1.0 104,1.0 107,1.0 128,6.0 132,1.0 137,2.0 164,1.0 177,2.0 233,1.0 
6,13.0 7,13.0 8,13.0 9,13.0 10,18.0 12,15.0 13,13.0 14,16.0 26,2.0 27,2.0 29,1.0 50,1.0 63,1.0 65,1.0 67,2.0 82,2.0 100,2.0 101,2.0 102,2.0 104,1.0 136,1.0 156,1.0 236,1.0 
0,2.0 6,13.0 7,13.0 8,13.0 9,13.0 10,15.0 11,15.0 13,19.0 14,15.0 26,2.0 27,2.0 62,2.0 63,2.0 80,2.0 82,2.0 85,2.0 92,2.0 98,2.0 99,2.0 158,2.0 190,2.0 198,2.0 
0,9.0 2,1.0 12,6.0 14,13.0 15,8.0 16,4.0 17,4.0 20,4.0 21,4.0 23,5.0 24,4.0 25,4.0 50,2.0 51,1.0 52,10.0 53,2.0 62,1.0 63,6.0 64,1.0 65,1.0 66,1.0 67,1.0 68,1.0 69,1.0 70,1.0 87,3.0 88,2.0 89,2.0 90,2.0 130,2.0 134,1.0 136,1.0 144,2.0 150,1.0 158,2.0 190,4.0 198,2.0 
0,3.0 2,1.0 11,1.0 13,13.0 15,8.0 16,4.0 17,4.0 20,4.0 21,4.0 23,1.0 24,1.0 25,1.0 29,1.0 68,2.0 173,2.0 
16,4.0 17,4.0 18,4.0 19,8.0 20,4.0 21,4.0 22,4.0 
15,4.0 17,4.0 18,4.0 19,4.0 
15,4.0 16,4.0 18,4.0 19,4.0 126,2.0 132,2.0 224,1.0 225,1.0 
0,4.0 19,4.0 
0,15.0 18,4.0 22,4.0 42,4.0 63,1.0 64,1.0 81,3.0 147,2.0 166,1.0 
15,4.0 19,4.0 21,4.0 22,4.0 
15,4.0 19,4.0 20,4.0 22,4.0 
0,4.0 19,4.0 
24,6.0 25,4.0 26,4.0 27,4.0 30,2.0 33,2.0 69,1.0 70,2.0 71,1.0 72,1.0 77,1.0 117,1.0 118,1.0 188,2.0 199,2.0 
23,4.0 25,5.0 26,4.0 27,6.0 30,2.0 33,3.0 36,2.0 168,1.0 200,2.0 
23,4.0 24,5.0 26,4.0 27,4.0 33,1.0 168,1.0 
2,2.0 5,7.0 10,2.0 11,2.0 12,2.0 13,4.0 14,2.0 27,7.0 28,4.0 29,4.0 36,4.0 37,10.0 50,2.0 56,1.0 67,2.0 78,1.0 82,6.0 119,2.0 123,1.0 144,2.0 185,4.0 186,2.0 190,1.0 195,2.0 197,1.0 201,1.0 202,1.0 246,1.0 247,1.0 248,1.0 
5,1.0 10,3.0 11,2.0 12,2.0 13,2.0 14,2.0 26,9.0 28,4.0 29,6.0 36,2.0 37,2.0 50,1.0 54,2.0 55,2.0 67,1.0 68,1.0 78,1.0 82,2.0 89,2.0 102,1.0 103,1.0 107,1.0 115,2.0 119,2.0 160,1.0 172,2.0 179,2.0 191,2.0 192,2.0 196,2.0 200,2.0 
29,4.0 30,4.0 31,4.0 32,4.0 
11,1.0 14,1.0 23,2.0 26,2.0 28,4.0 30,6.0 31,6.0 32,5.0 36,2.0 73,1.0 74,1.0 75,1.0 76,1.0 114,1.0 115,2.0 160,2.0 163,1.0 188,4.0 199,3.0 244,1.0 245,1.0 
24,2.0 27,2.0 31,7.0 32,4.0 33,9.0 34,4.0 36,2.0 169,1.0 188,2.0 189,2.0 200,2.0 
30,7.0 32,4.0 33,7.0 34,4.0 169,1.0 188,2.0 189,2.0 
7,2.0 30,4.0 31,4.0 33,5.0 34,4.0 36,1.0 47,2.0 72,1.0 141,1.0 189,1.0 199,1.0 200,1.0 206,1.0 207,1.0 217,1.0 218,1.0 219,2.0 222,1.0 223,1.0 245,1.0 
5,1.0 6,1.0 8,1.0 24,2.0 27,2.0 30,2.0 34,4.0 35,5.0 36,9.0 37,7.0 115,1.0 168,1.0 169,1.0 189,3.0 198,1.0 200,3.0 243,1.0 
26,1.0 27,1.0 33,4.0 35,4.0 36,4.0 37,4.0 77,1.0 
5,5.0 36,8.0 37,8.0 38,9.0 49,2.0 50,2.0 51,2.0 52,2.0 200,1.0 
5,8.0 13,11.0 26,6.0 27,2.0 35,8.0 37,17.0 38,20.0 47,10.0 48,9.0 49,10.0 50,13.0 51,11.0 52,11.0 62,1.0 67,2.0 119,3.0 128,1.0 144,2.0 200,3.0 
0,4.0 5,12.0 13,2.0 26,4.0 35,8.0 36,13.0 38,11.0 49,2.0 50,4.0 51,2.0 52,2.0 56,1.0 64,2.0 67,2.0 119,3.0 123,1.0 144,2.0 190,1.0 197,3.0 201,1.0 202,1.0 246,1.0 247,1.0 248,1.0 
1,2.0 2,2.0 3,2.0 4,2.0 5,7.0 13,9.0 27,2.0 33,1.0 35,2.0 36,11.0 37,2.0 39,4.0 40,4.0 41,4.0 47,9.0 48,9.0 49,10.0 50,11.0 51,11.0 52,11.0 62,1.0 89,2.0 119,1.0 170,1.0 171,1.0 172,2.0 
19,4.0 40,4.0 41,4.0 42,4.0 128,2.0 132,2.0 227,1.0 228,1.0 
19,4.0 39,4.0 41,4.0 42,4.0 
19,4.0 39,4.0 40,4.0 42,4.0 
0,4.0 19,4.0 
5,9.0 35,2.0 36,2.0 37,2.0 38,2.0 44,10.0 45,11.0 46,11.0 49,2.0 50,2.0 51,2.0 61,1.0 
5,10.0 35,2.0 36,2.0 37,2.0 38,2.0 43,10.0 45,12.0 46,10.0 49,2.0 50,2.0 51,2.0 195,2.0 
5,11.0 35,2.0 36,2.0 37,2.0 38,2.0 43,11.0 44,12.0 46,11.0 49,2.0 50,2.0 51,2.0 61,1.0 195,2.0 
5,9.0 35,2.0 36,2.0 37,2.0 38,2.0 43,11.0 44,10.0 45,11.0 49,2.0 50,2.0 51,2.0 61,1.0 
13,9.0 36,10.0 38,9.0 48,9.0 49,8.0 50,9.0 51,9.0 52,9.0 62,1.0 128,2.0 132,1.0 141,2.0 200,1.0 217,2.0 
13,9.0 36,9.0 38,9.0 47,9.0 49,8.0 50,9.0 51,9.0 52,9.0 62,1.0 
0,1.0 7,1.0 13,8.0 35,2.0 36,10.0 37,2.0 38,10.0 47,8.0 48,8.0 50,14.0 51,10.0 52,10.0 58,2.0 59,4.0 60,4.0 93,2.0 94,2.0 95,2.0 96,2.0 97,3.0 102,1.0 148,1.0 149,1.0 166,1.0 
0,1.0 7,1.0 13,13.0 26,2.0 27,1.0 29,1.0 35,2.0 36,13.0 37,4.0 38,11.0 47,9.0 48,9.0 49,14.0 51,14.0 52,12.0 58,2.0 59,4.0 60,4.0 62,2.0 63,1.0 64,1.0 65,1.0 67,2.0 93,2.0 94,2.0 95,2.0 96,2.0 97,3.0 102,3.0 103,1.0 104,1.0 136,2.0 137,1.0 144,4.0 148,1.0 149,1.0 152,1.0 156,1.0 160,1.0 161,2.0 162,2.0 163,1.0 
12,2.0 13,10.0 24,1.0 25,1.0 27,1.0 35,2.0 36,11.0 37,2.0 38,11.0 47,9.0 48,9.0 49,10.0 50,14.0 52,12.0 62,2.0 65,1.0 102,2.0 103,1.0 136,1.0 144,3.0 156,1.0 161,2.0 162,2.0 167,1.0 
0,4.0 13,10.0 50,2.0 51,1.0 53,2.0 62,1.0 63,1.0 64,1.0 88,2.0 89,2.0 90,2.0 173,2.0 
54,2.0 55,2.0 
55,4.0 56,2.0 57,2.0 88,2.0 89,2.0 
54,4.0 56,2.0 57,2.0 88,2.0 89,2.0 
49,2.0 50,2.0 57,2.0 58,2.0 59,2.0 60,2.0 123,1.0 197,1.0 246,1.0 247,1.0 248,1.0 
49,2.0 50,2.0 56,2.0 58,2.0 59,2.0 60,2.0 
0,1.0 7,1.0 49,2.0 50,2.0 59,2.0 60,2.0 97,1.0 148,1.0 149,1.0 
0,1.0 7,1.0 49,4.0 50,4.0 58,2.0 60,4.0 93,2.0 94,2.0 95,2.0 96,2.0 97,3.0 148,1.0 149,1.0 
0,1.0 7,1.0 49,4.0 50,4.0 58,2.0 59,4.0 93,2.0 94,2.0 95,2.0 96,2.0 97,3.0 148,1.0 149,1.0 
5,1.0 43,1.0 45,1.0 46,1.0 
7,1.0 12,2.0 13,3.0 36,1.0 38,1.0 47,1.0 48,1.0 50,2.0 51,2.0 52,2.0 63,3.0 64,2.0 85,2.0 92,2.0 98,2.0 99,2.0 111,1.0 112,1.0 126,1.0 135,3.0 136,1.0 155,1.0 
10,3.0 11,1.0 12,2.0 13,9.0 50,1.0 62,3.0 64,7.0 65,2.0 66,1.0 67,3.0 68,1.0 83,2.0 84,3.0 85,5.0 86,3.0 87,4.0 92,2.0 98,2.0 99,2.0 126,1.0 128,2.0 135,1.0 136,1.0 144,6.0 146,4.0 156,1.0 236,1.0 
8,4.0 10,3.0 12,6.0 13,11.0 50,1.0 62,1.0 63,5.0 65,1.0 83,2.0 84,9.0 85,3.0 86,5.0 87,8.0 88,2.0 128,2.0 135,1.0 136,1.0 156,1.0 158,2.0 177,2.0 187,2.0 197,2.0 
13,1.0 63,1.0 66,1.0 67,1.0 68,2.0 111,3.0 125,2.0 134,1.0 136,1.0 166,1.0 200,1.0 237,1.0 
13,1.0 63,1.0 67,1.0 68,1.0 
10,5.0 13,3.0 26,2.0 27,1.0 36,2.0 37,2.0 50,2.0 63,3.0 64,2.0 66,1.0 68,2.0 92,1.0 99,1.0 101,2.0 102,3.0 103,1.0 104,1.0 107,1.0 128,2.0 144,2.0 164,1.0 233,1.0 
7,1.0 13,2.0 23,1.0 32,1.0 69,1.0 70,1.0 94,1.0 97,1.0 107,1.0 111,1.0 114,2.0 127,3.0 131,3.0 132,4.0 141,2.0 142,2.0 218,1.0 219,1.0 
23,1.0 70,1.0 71,1.0 72,2.0 206,1.0 207,1.0 223,1.0 229,1.0 
23,2.0 69,1.0 71,1.0 72,1.0 77,1.0 117,1.0 118,1.0 
29,1.0 72,1.0 73,1.0 
29,1.0 71,1.0 73,1.0 124,1.0 136,2.0 206,3.0 207,3.0 
29,1.0 74,1.0 75,1.0 76,1.0 
7,1.0 34,1.0 75,1.0 76,1.0 77,1.0 206,1.0 207,1.0 220,1.0 221,1.0 
34,1.0 74,1.0 76,1.0 77,1.0 
27,2.0 34,1.0 74,1.0 75,1.0 77,1.0 91,2.0 92,2.0 
7,1.0 26,1.0 27,1.0 34,1.0 84,1.0 118,1.0 
5,1.0 79,1.0 80,1.0 
19,2.0 80,1.0 81,1.0 102,1.0 166,1.0 
19,3.0 79,1.0 81,3.0 147,2.0 
0,3.0 19,3.0 147,2.0 
10,2.0 11,2.0 12,2.0 13,2.0 14,2.0 26,2.0 27,2.0 64,2.0 183,2.0 184,2.0 
1,2.0 3,2.0 4,2.0 5,2.0 13,2.0 63,2.0 64,2.0 84,2.0 85,2.0 86,2.0 87,2.0 
7,1.0 8,4.0 10,3.0 12,4.0 13,7.0 63,3.0 64,9.0 83,2.0 85,3.0 86,6.0 87,5.0 119,1.0 177,2.0 
10,1.0 12,2.0 13,3.0 62,2.0 63,5.0 64,3.0 83,2.0 84,3.0 85,1.0 86,3.0 87,3.0 92,2.0 98,2.0 99,2.0 100,2.0 114,2.0 115,1.0 116,1.0 
10,1.0 13,3.0 63,3.0 64,5.0 83,2.0 84,5.0 85,3.0 87,5.0 119,1.0 120,1.0 121,1.0 
13,3.0 23,3.0 24,3.0 25,3.0 26,2.0 49,1.0 50,1.0 89,2.0 102,1.0 172,2.0 185,2.0 186,2.0 187,2.0 
49,2.0 50,2.0 59,2.0 60,2.0 76,2.0 89,4.0 90,3.0 91,2.0 92,2.0 93,2.0 131,1.0 132,1.0 158,2.0 159,2.0 160,2.0 
5,1.0 27,2.0 29,4.0 35,1.0 36,1.0 37,1.0 49,2.0 50,2.0 59,2.0 60,2.0 76,2.0 88,4.0 90,2.0 91,2.0 92,2.0 93,2.0 115,2.0 172,5.0 
76,2.0 88,3.0 89,2.0 91,2.0 92,2.0 131,1.0 132,1.0 
27,2.0 76,2.0 92,4.0 132,2.0 153,2.0 157,2.0 
11,2.0 27,2.0 76,2.0 91,4.0 99,2.0 100,2.0 103,1.0 104,1.0 105,1.0 106,1.0 132,2.0 153,2.0 157,2.0 
49,2.0 50,2.0 59,2.0 60,2.0 94,2.0 95,2.0 96,2.0 97,2.0 
7,1.0 12,2.0 62,2.0 63,2.0 85,2.0 95,2.0 96,2.0 97,3.0 98,2.0 108,1.0 109,1.0 
12,2.0 62,2.0 63,2.0 85,2.0 94,2.0 96,2.0 97,2.0 98,2.0 
12,2.0 62,2.0 63,2.0 85,2.0 94,2.0 95,2.0 97,2.0 98,2.0 
7,2.0 12,2.0 62,3.0 63,2.0 64,1.0 85,2.0 94,3.0 95,2.0 96,2.0 98,2.0 108,1.0 109,1.0 135,1.0 148,1.0 149,1.0 
12,2.0 62,2.0 63,2.0 85,2.0 92,2.0 99,2.0 136,10.0 137,3.0 139,1.0 232,1.0 
11,2.0 92,2.0 100,2.0 164,1.0 233,1.0 234,1.0 235,1.0 
10,2.0 11,2.0 67,2.0 85,1.0 101,2.0 102,2.0 114,1.0 115,1.0 116,1.0 
10,2.0 67,2.0 92,1.0 99,1.0 102,2.0 103,1.0 104,1.0 164,1.0 233,1.0 
10,3.0 19,1.0 27,2.0 49,1.0 50,2.0 51,3.0 67,3.0 68,1.0 79,1.0 92,1.0 99,1.0 101,2.0 103,2.0 104,1.0 107,1.0 126,3.0 140,1.0 144,2.0 145,1.0 152,1.0 156,1.0 161,2.0 162,2.0 164,1.0 166,2.0 167,1.0 200,1.0 233,1.0 
27,1.0 50,1.0 92,1.0 104,1.0 105,1.0 106,1.0 160,1.0 
50,1.0 92,1.0 102,1.0 103,1.0 105,1.0 106,1.0 152,1.0 
10,1.0 27,1.0 67,1.0 102,1.0 106,1.0 
10,1.0 27,1.0 67,1.0 102,1.0 105,1.0 
7,1.0 68,1.0 94,1.0 97,1.0 
109,1.0 110,1.0 
108,1.0 110,1.0 
7,1.0 62,1.0 
112,1.0 113,3.0 114,2.0 125,8.0 134,2.0 
111,1.0 113,1.0 
68,2.0 85,1.0 125,3.0 
29,1.0 85,1.0 100,1.0 115,1.0 116,1.0 126,5.0 132,2.0 136,2.0 144,10.0 164,1.0 242,1.0 243,1.0 244,1.0 
5,1.0 23,1.0 26,2.0 29,2.0 35,1.0 36,3.0 37,1.0 70,1.0 116,1.0 117,1.0 198,1.0 243,1.0 
23,1.0 70,1.0 115,1.0 117,1.0 
23,1.0 70,1.0 77,1.0 118,1.0 
7,1.0 77,1.0 84,1.0 
26,2.0 37,2.0 38,1.0 56,1.0 86,1.0 120,1.0 121,1.0 123,1.0 170,1.0 171,1.0 190,1.0 197,1.0 201,1.0 202,1.0 246,1.0 247,1.0 248,1.0 
121,1.0 122,1.0 123,1.0 
120,1.0 122,1.0 123,1.0 
123,1.0 124,1.0 
56,1.0 122,1.0 124,1.0 197,1.0 246,1.0 247,1.0 248,1.0 
68,1.0 124,1.0 125,11.0 127,7.0 130,1.0 133,1.0 134,2.0 
17,4.0 32,1.0 50,2.0 65,2.0 69,1.0 74,1.0 98,8.0 102,3.0 114,5.0 126,4.0 132,2.0 136,4.0 137,6.0 208,2.0 209,2.0 210,2.0 211,1.0 212,1.0 213,1.0 219,1.0 220,1.0 221,1.0 223,1.0 224,1.0 225,1.0 229,1.0 
65,3.0 111,2.0 124,10.0 135,1.0 136,1.0 140,2.0 144,1.0 152,1.0 153,1.0 226,1.0 
32,1.0 98,1.0 128,4.0 129,1.0 135,3.0 136,5.0 214,1.0 215,1.0 216,1.0 222,1.0 223,1.0 
51,1.0 64,2.0 88,2.0 111,1.0 124,8.0 126,1.0 135,3.0 136,2.0 158,2.0 
128,1.0 
68,1.0 146,2.0 
88,1.0 90,1.0 132,4.0 
10,2.0 32,2.0 51,1.0 62,2.0 63,3.0 65,4.0 67,2.0 98,2.0 111,6.0 114,10.0 124,2.0 125,4.0 126,1.0 135,3.0 138,2.0 140,8.0 143,2.0 154,1.0 155,1.0 157,2.0 230,1.0 231,1.0 
125,3.0 
125,3.0 127,3.0 150,1.0 151,1.0 200,1.0 237,1.0 238,1.0 239,1.0 
13,1.0 62,3.0 63,1.0 64,2.0 125,6.0 126,1.0 128,1.0 132,7.0 136,1.0 152,1.0 153,1.0 154,1.0 155,1.0 
10,4.0 14,2.0 39,2.0 51,1.0 64,1.0 65,3.0 68,4.0 111,1.0 124,1.0 125,4.0 126,1.0 127,2.0 132,2.0 134,1.0 135,2.0 137,2.0 138,2.0 139,1.0 140,2.0 143,2.0 156,1.0 166,1.0 200,1.0 237,1.0 
10,4.0 39,2.0 98,2.0 132,10.0 227,1.0 228,1.0 232,1.0 
87,1.0 127,1.0 135,2.0 230,1.0 231,1.0 
135,1.0 136,1.0 
68,6.0 113,2.0 133,2.0 134,2.0 145,1.0 241,1.0 
47,2.0 128,1.0 132,3.0 217,2.0 
7,2.0 174,2.0 175,2.0 176,2.0 
51,1.0 126,1.0 132,2.0 
13,4.0 27,1.0 50,2.0 51,4.0 63,4.0 102,2.0 103,1.0 136,2.0 137,4.0 145,6.0 156,1.0 161,2.0 162,2.0 190,2.0 
91,2.0 92,2.0 132,6.0 140,1.0 153,2.0 241,1.0 
63,6.0 
0,2.0 19,2.0 81,2.0 
7,1.0 62,1.0 64,1.0 97,1.0 135,1.0 149,1.0 
7,1.0 62,1.0 64,1.0 97,1.0 135,1.0 148,1.0 
134,1.0 151,1.0 
0,2.0 5,3.0 6,2.0 30,1.0 31,1.0 88,1.0 90,1.0 131,1.0 177,2.0 178,2.0 
51,1.0 102,1.0 132,1.0 135,1.0 153,1.0 154,1.0 167,1.0 
91,2.0 92,2.0 132,3.0 135,1.0 152,1.0 154,1.0 157,2.0 
62,1.0 132,1.0 135,1.0 155,1.0 
62,1.0 64,1.0 135,1.0 136,1.0 
11,1.0 63,1.0 65,1.0 136,1.0 145,2.0 236,1.0 
10,2.0 63,2.0 67,2.0 132,2.0 
29,2.0 88,2.0 159,2.0 160,4.0 198,2.0 
50,2.0 51,2.0 102,2.0 144,2.0 160,2.0 161,2.0 162,2.0 
23,2.0 29,3.0 50,3.0 51,2.0 102,2.0 144,2.0 159,2.0 161,2.0 162,2.0 163,1.0 188,2.0 199,2.0 
27,1.0 50,2.0 51,2.0 102,2.0 103,1.0 144,2.0 156,1.0 162,2.0 
27,1.0 50,2.0 51,2.0 102,2.0 103,1.0 144,2.0 156,1.0 161,2.0 
29,1.0 114,1.0 
99,1.0 165,1.0 233,1.0 234,1.0 235,1.0 
79,1.0 102,1.0 
10,1.0 11,1.0 19,1.0 63,1.0 64,1.0 113,1.0 125,1.0 
24,1.0 25,1.0 51,1.0 
6,1.0 8,1.0 33,1.0 
33,1.0 36,1.0 37,1.0 
5,1.0 89,1.0 171,1.0 172,1.0 
5,1.0 89,1.0 170,1.0 172,1.0 
5,1.0 27,2.0 29,4.0 35,1.0 36,1.0 37,1.0 89,5.0 115,2.0 
5,4.0 
142,2.0 175,2.0 176,2.0 
142,2.0 174,2.0 176,2.0 
6,2.0 151,2.0 177,2.0 
6,2.0 8,2.0 10,2.0 12,2.0 13,2.0 64,2.0 84,2.0 151,2.0 178,2.0 
43,2.0 44,2.0 45,2.0 46,2.0 
180,2.0 181,4.0 182,2.0 193,2.0 196,2.0 
179,2.0 181,2.0 182,2.0 
26,2.0 179,2.0 180,2.0 182,2.0 193,2.0 
26,2.0 
1,4.0 2,2.0 5,4.0 64,2.0 84,2.0 86,2.0 184,2.0 
64,2.0 84,2.0 86,2.0 183,2.0 
2,2.0 5,2.0 26,4.0 37,2.0 82,2.0 186,2.0 195,2.0 
26,2.0 82,2.0 185,2.0 
87,2.0 89,2.0 172,2.0 
23,2.0 24,2.0 30,4.0 31,2.0 33,4.0 189,2.0 199,2.0 
33,3.0 35,1.0 36,2.0 37,2.0 200,1.0 
27,4.0 201,1.0 202,1.0 203,1.0 204,1.0 205,1.0 
192,2.0 193,2.0 194,2.0 
191,2.0 193,2.0 194,2.0 
6,2.0 26,2.0 181,2.0 194,2.0 
6,2.0 193,2.0 
2,2.0 5,4.0 26,2.0 37,2.0 44,2.0 45,2.0 185,2.0 
179,2.0 181,2.0 193,2.0 
12,2.0 13,2.0 56,1.0 64,2.0 123,1.0 246,1.0 247,1.0 248,1.0 
5,1.0 29,2.0 35,1.0 36,1.0 37,1.0 115,1.0 158,2.0 160,2.0 243,1.0 
23,2.0 24,2.0 30,2.0 32,1.0 33,3.0 188,2.0 189,1.0 245,1.0 
5,1.0 26,2.0 27,2.0 35,1.0 36,3.0 37,2.0 38,1.0 47,1.0 102,1.0 119,2.0 128,1.0 134,1.0 140,1.0 145,1.0 237,1.0 238,1.0 239,1.0 
190,1.0 202,1.0 203,1.0 204,1.0 205,1.0 
190,1.0 201,1.0 203,1.0 204,1.0 205,1.0 
72,1.0 204,1.0 205,1.0 206,1.0 207,1.0 
72,1.0 203,1.0 205,1.0 206,1.0 207,1.0 
72,1.0 203,1.0 204,1.0 206,1.0 207,1.0 
7,1.0 72,3.0 124,1.0 126,1.0 136,2.0 207,4.0 
7,1.0 72,3.0 124,1.0 126,1.0 136,2.0 206,4.0 
126,2.0 209,2.0 210,2.0 
126,2.0 208,2.0 210,2.0 
126,2.0 208,2.0 209,2.0 
136,1.0 212,1.0 213,1.0 
136,1.0 211,1.0 213,1.0 
136,1.0 211,1.0 212,1.0 
47,1.0 141,1.0 215,1.0 216,1.0 217,1.0 
47,1.0 141,1.0 214,1.0 216,1.0 217,1.0 
47,1.0 141,1.0 214,1.0 215,1.0 217,1.0 
47,2.0 128,1.0 132,1.0 141,2.0 
32,1.0 47,1.0 141,1.0 217,1.0 219,1.0 
32,2.0 47,1.0 72,1.0 141,1.0 206,1.0 207,1.0 217,1.0 218,1.0 
7,1.0 74,1.0 206,1.0 207,1.0 221,1.0 
7,1.0 74,1.0 206,1.0 207,1.0 220,1.0 
32,1.0 36,1.0 47,1.0 200,1.0 223,1.0 
32,1.0 36,1.0 47,1.0 69,1.0 72,1.0 200,1.0 206,1.0 207,1.0 222,1.0 229,1.0 
17,1.0 126,1.0 225,1.0 
17,1.0 126,1.0 224,1.0 
125,1.0 
39,1.0 132,1.0 228,1.0 
39,1.0 132,1.0 227,1.0 
69,1.0 72,1.0 206,1.0 207,1.0 223,1.0 
135,1.0 138,1.0 231,1.0 
135,1.0 138,1.0 230,1.0 
98,1.0 136,1.0 
99,1.0 164,1.0 234,1.0 235,1.0 
11,1.0 63,1.0 156,1.0 235,1.0 236,1.0 
11,1.0 63,1.0 156,1.0 234,1.0 236,1.0 
11,1.0 63,1.0 65,1.0 136,1.0 156,1.0 
134,1.0 200,1.0 238,1.0 239,1.0 
239,1.0 240,1.0 
238,1.0 240,1.0 
102,1.0 200,1.0 
242,1.0 
29,1.0 114,2.0 242,1.0 243,2.0 244,1.0 
5,1.0 29,1.0 35,1.0 36,1.0 37,1.0 114,1.0 115,1.0 198,1.0 242,1.0 244,1.0 
29,1.0 32,1.0 199,1.0 245,1.0 
32,1.0 33,1.0 189,1.0 199,1.0 
56,1.0 123,1.0 197,1.0 247,1.0 248,1.0 
56,1.0 123,1.0 197,1.0 246,1.0 248,1.0 
56,1.0 123,1.0 197,1.0 246,1.0 247,1.0 
