0,1.0 1,14.0 2,12.0 3,6.0 7,2.0 23,4.0 30,4.0 31,2.0 32,2.0 43,2.0 44,2.0 45,2.0 50,1.0 53,1.0 
0,14.0 2,12.0 3,1.0 30,2.0 
0,2.0 1,2.0 3,16.0 8,4.0 11,8.0 16,8.0 17,8.0 23,4.0 26,2.0 35,2.0 36,2.0 37,2.0 38,2.0 39,2.0 43,2.0 45,2.0 47,1.0 48,1.0 49,1.0 50,2.0 51,2.0 
0,8.0 1,3.0 3,1.0 4,10.0 5,1.0 9,8.0 10,12.0 14,1.0 16,2.0 19,4.0 22,4.0 23,4.0 26,4.0 30,4.0 50,3.0 52,2.0 53,3.0 
2,2.0 5,6.0 6,6.0 9,2.0 18,4.0 23,2.0 25,2.0 26,2.0 32,4.0 37,2.0 
4,1.0 6,8.0 7,7.0 8,7.0 
5,7.0 7,8.0 8,8.0 
3,8.0 4,2.0 8,8.0 9,2.0 21,4.0 31,2.0 32,2.0 33,2.0 34,2.0 
2,4.0 3,12.0 7,8.0 
2,12.0 7,2.0 10,8.0 25,2.0 26,2.0 33,2.0 34,2.0 35,2.0 36,2.0 39,2.0 
2,8.0 3,1.0 9,8.0 14,8.0 16,4.0 23,4.0 27,4.0 
12,8.0 
13,8.0 
14,8.0 15,8.0 
2,8.0 3,8.0 10,2.0 15,8.0 16,12.0 17,3.0 23,1.0 25,4.0 27,3.0 32,2.0 38,2.0 39,4.0 40,2.0 41,2.0 
2,8.0 14,8.0 16,8.0 
2,8.0 5,2.0 6,2.0 14,3.0 17,12.0 
0,8.0 1,8.0 3,2.0 28,2.0 29,2.0 52,2.0 
2,4.0 8,4.0 
20,4.0 
7,4.0 
3,4.0 
23,4.0 24,4.0 
0,2.0 2,2.0 3,1.0 4,2.0 10,4.0 14,12.0 24,4.0 25,4.0 32,4.0 37,2.0 38,2.0 39,4.0 41,2.0 44,2.0 45,2.0 
14,4.0 23,4.0 25,4.0 
3,4.0 7,2.0 9,2.0 14,4.0 26,2.0 33,2.0 
4,2.0 7,2.0 9,2.0 10,4.0 14,3.0 23,2.0 25,2.0 27,6.0 32,2.0 33,2.0 36,2.0 38,2.0 40,2.0 
10,4.0 14,6.0 16,4.0 26,2.0 36,2.0 38,2.0 40,2.0 41,2.0 42,2.0 
0,2.0 3,2.0 9,2.0 29,2.0 36,2.0 
0,2.0 3,2.0 28,2.0 
0,4.0 3,4.0 50,2.0 53,2.0 
4,2.0 7,2.0 32,2.0 
0,2.0 2,2.0 4,4.0 9,2.0 23,4.0 25,2.0 26,4.0 27,2.0 37,2.0 38,2.0 44,2.0 45,2.0 
7,2.0 9,2.0 34,2.0 
2,2.0 9,2.0 35,2.0 
2,2.0 26,2.0 36,2.0 
0,2.0 2,2.0 4,2.0 9,2.0 23,2.0 26,2.0 32,2.0 39,2.0 42,2.0 43,2.0 
2,2.0 23,2.0 38,2.0 
14,4.0 23,2.0 26,2.0 27,2.0 28,2.0 39,2.0 40,2.0 
2,2.0 14,4.0 23,2.0 32,2.0 38,2.0 
14,2.0 27,2.0 41,2.0 
27,2.0 36,2.0 42,2.0 46,2.0 47,1.0 
0,2.0 36,2.0 43,2.0 
0,2.0 2,2.0 23,2.0 32,2.0 44,2.0 47,1.0 48,1.0 49,1.0 
0,2.0 23,2.0 32,2.0 45,2.0 
0,4.0 1,2.0 2,2.0 23,2.0 50,2.0 51,2.0 
2,2.0 43,2.0 47,1.0 
2,1.0 43,1.0 46,1.0 48,1.0 49,1.0 
2,2.0 45,2.0 49,2.0 50,2.0 51,2.0 
2,2.0 45,2.0 48,2.0 50,2.0 51,2.0 
0,4.0 1,2.0 2,2.0 3,1.0 30,1.0 45,2.0 51,2.0 53,2.0 
0,2.0 1,2.0 2,2.0 45,2.0 50,2.0 
0,2.0 3,3.0 30,1.0 50,1.0 53,1.0 
0,2.0 3,1.0 30,1.0 50,2.0 
