1,3.0 16,2.0 19,2.0 21,6.0 22,2.0 33,2.0 34,2.0 
2,12.0 32,2.0 
3,9.0 5,1.0 7,3.0 8,2.0 20,2.0 21,2.0 23,2.0 30,2.0 38,1.0 
4,7.0 7,2.0 20,2.0 23,2.0 37,2.0 40,2.0 47,2.0 
3,2.0 5,10.0 6,10.0 9,2.0 10,2.0 46,2.0 51,2.0 
4,1.0 6,10.0 7,4.0 8,5.0 9,2.0 10,2.0 15,2.0 16,4.0 19,1.0 51,2.0 
5,10.0 7,4.0 8,7.0 10,2.0 11,2.0 19,1.0 26,2.0 32,2.0 36,2.0 41,2.0 42,2.0 43,2.0 44,2.0 45,2.0 52,1.0 55,2.0 57,1.0 58,1.0 59,1.0 
1,2.0 4,3.0 6,2.0 9,2.0 14,2.0 20,6.0 26,1.0 27,1.0 28,1.0 29,1.0 47,2.0 
1,3.0 9,2.0 12,2.0 25,2.0 50,2.0 55,2.0 
5,2.0 6,2.0 10,4.0 16,2.0 51,2.0 54,2.0 
5,2.0 6,2.0 9,2.0 11,2.0 15,2.0 16,4.0 51,4.0 52,2.0 
1,2.0 14,2.0 16,2.0 26,2.0 48,2.0 49,2.0 
13,2.0 
7,2.0 11,2.0 14,2.0 
5,2.0 11,2.0 15,2.0 16,2.0 21,2.0 24,2.0 31,2.0 
5,2.0 10,2.0 16,4.0 51,2.0 52,2.0 
1,2.0 6,2.0 14,2.0 17,4.0 23,2.0 53,2.0 
18,4.0 19,2.0 
7,4.0 16,2.0 19,2.0 
1,1.0 2,2.0 6,2.0 20,4.0 21,2.0 25,4.0 
0,8.0 3,2.0 4,2.0 7,2.0 21,6.0 33,2.0 46,2.0 
0,6.0 5,2.0 6,2.0 8,2.0 10,2.0 15,2.0 16,2.0 19,4.0 22,2.0 24,4.0 31,2.0 51,2.0 52,2.0 
13,2.0 17,2.0 
3,2.0 21,2.0 24,2.0 30,2.0 37,2.0 38,2.0 40,2.0 
8,2.0 19,2.0 21,4.0 31,2.0 
7,1.0 16,2.0 18,4.0 26,1.0 27,1.0 28,1.0 29,1.0 56,1.0 
0,2.0 19,2.0 27,2.0 28,2.0 29,2.0 30,2.0 41,2.0 42,2.0 43,2.0 44,2.0 48,2.0 49,2.0 56,1.0 
26,2.0 28,2.0 29,2.0 30,2.0 56,1.0 
26,2.0 27,2.0 29,2.0 30,2.0 56,1.0 
26,2.0 27,2.0 28,2.0 30,2.0 56,1.0 
23,2.0 25,2.0 38,2.0 
8,2.0 21,2.0 24,2.0 
7,2.0 19,2.0 
0,2.0 34,2.0 
35,2.0 39,2.0 
34,2.0 36,2.0 
22,2.0 37,2.0 
2,2.0 6,2.0 
4,1.0 35,2.0 
3,2.0 23,2.0 40,2.0 
3,2.0 23,2.0 37,2.0 
19,2.0 26,2.0 42,2.0 43,2.0 44,2.0 
19,2.0 26,2.0 41,2.0 43,2.0 44,2.0 
19,2.0 26,2.0 41,2.0 42,2.0 44,2.0 
19,2.0 26,2.0 41,2.0 42,2.0 43,2.0 
2,2.0 19,2.0 
3,2.0 4,2.0 
2,2.0 11,2.0 
0,2.0 26,2.0 49,2.0 
0,2.0 26,2.0 48,2.0 
7,2.0 
5,2.0 9,2.0 10,4.0 15,2.0 16,4.0 52,2.0 
1,1.0 10,2.0 15,2.0 16,2.0 51,2.0 
45,2.0 
6,2.0 
1,2.0 8,2.0 
26,1.0 27,1.0 28,1.0 29,1.0 30,1.0 
58,1.0 59,1.0 
57,1.0 59,1.0 
57,1.0 58,1.0 
