1,8.0 2,7.0 21,1.0 43,1.0 53,2.0 78,2.0 
2,8.0 3,5.0 4,5.0 8,4.0 9,4.0 13,4.0 27,4.0 28,4.0 29,4.0 30,4.0 78,2.0 79,2.0 
1,7.0 3,6.0 4,6.0 78,2.0 79,2.0 
4,6.0 5,6.0 6,2.0 7,6.0 8,14.0 9,4.0 13,2.0 17,8.0 18,4.0 25,4.0 26,4.0 27,4.0 29,2.0 30,2.0 33,2.0 34,4.0 35,4.0 38,4.0 39,4.0 40,6.0 41,4.0 42,2.0 50,2.0 51,2.0 83,2.0 
3,6.0 5,2.0 6,2.0 7,2.0 8,2.0 38,4.0 39,4.0 40,4.0 41,4.0 
1,4.0 6,8.0 7,12.0 8,20.0 9,8.0 10,4.0 13,4.0 20,4.0 26,8.0 27,4.0 29,4.0 36,4.0 37,4.0 
5,4.0 6,4.0 7,4.0 8,16.0 9,12.0 10,12.0 11,8.0 12,8.0 13,8.0 14,8.0 
1,4.0 5,12.0 6,8.0 8,20.0 9,8.0 10,4.0 13,4.0 20,4.0 26,8.0 27,4.0 29,4.0 36,4.0 37,4.0 
1,8.0 5,16.0 6,16.0 7,16.0 8,16.0 9,24.0 10,12.0 11,8.0 12,8.0 13,22.0 14,8.0 18,4.0 19,10.0 20,10.0 21,6.0 22,6.0 26,12.0 27,12.0 28,4.0 29,8.0 30,4.0 34,4.0 35,4.0 36,8.0 37,4.0 
1,4.0 5,4.0 6,8.0 7,4.0 8,20.0 10,8.0 11,8.0 12,8.0 13,12.0 14,8.0 26,4.0 27,8.0 28,4.0 29,4.0 30,4.0 34,4.0 35,4.0 36,4.0 
6,8.0 8,8.0 9,8.0 11,8.0 12,8.0 13,8.0 14,8.0 
12,8.0 13,8.0 14,8.0 15,6.0 16,6.0 37,2.0 46,4.0 47,2.0 48,2.0 81,2.0 85,2.0 
11,8.0 13,8.0 14,10.0 15,8.0 16,6.0 20,2.0 29,5.0 48,1.0 51,2.0 63,2.0 64,6.0 65,2.0 66,2.0 67,2.0 68,2.0 69,4.0 73,2.0 75,2.0 77,2.0 81,2.0 84,2.0 86,2.0 
0,4.0 11,8.0 12,8.0 13,2.0 14,8.0 15,6.0 16,6.0 20,10.0 21,6.0 22,6.0 23,6.0 24,4.0 28,4.0 29,10.0 30,4.0 31,2.0 32,2.0 37,4.0 43,2.0 45,2.0 58,2.0 71,2.0 72,2.0 73,2.0 80,2.0 81,2.0 83,2.0 84,2.0 
11,8.0 12,10.0 13,8.0 15,6.0 16,6.0 22,2.0 28,2.0 29,1.0 48,2.0 63,2.0 75,2.0 77,2.0 81,2.0 
3,6.0 12,2.0 16,6.0 17,8.0 21,2.0 31,2.0 37,2.0 48,3.0 69,2.0 73,4.0 77,2.0 
3,8.0 15,6.0 17,8.0 82,2.0 
3,8.0 8,4.0 13,2.0 18,4.0 28,2.0 29,2.0 40,2.0 42,2.0 49,2.0 83,2.0 
8,8.0 19,4.0 
8,6.0 13,6.0 20,6.0 21,6.0 22,6.0 
0,4.0 12,4.0 13,12.0 14,4.0 15,4.0 21,6.0 22,8.0 23,4.0 24,4.0 28,2.0 29,6.0 31,2.0 37,4.0 48,4.0 51,2.0 63,2.0 73,4.0 74,2.0 76,1.0 
13,8.0 20,8.0 22,6.0 23,4.0 24,5.0 28,1.0 49,1.0 63,1.0 90,1.0 
13,8.0 14,2.0 20,6.0 21,6.0 23,4.0 24,4.0 28,4.0 48,2.0 49,2.0 50,2.0 51,2.0 77,2.0 
3,8.0 12,2.0 20,2.0 24,4.0 25,6.0 30,2.0 31,4.0 32,4.0 33,2.0 37,2.0 44,2.0 45,2.0 51,2.0 73,2.0 74,2.0 
3,4.0 21,1.0 23,4.0 25,4.0 90,1.0 
3,4.0 5,4.0 7,4.0 8,4.0 11,2.0 26,4.0 45,2.0 46,2.0 
1,4.0 5,8.0 7,8.0 8,12.0 9,4.0 13,4.0 20,4.0 27,4.0 29,4.0 36,4.0 37,4.0 
1,4.0 5,4.0 7,4.0 8,12.0 9,8.0 13,4.0 26,4.0 28,4.0 29,4.0 30,4.0 34,4.0 35,4.0 36,4.0 
3,2.0 13,4.0 14,2.0 22,4.0 23,4.0 29,4.0 30,4.0 31,2.0 32,2.0 48,2.0 49,6.0 50,2.0 51,4.0 63,2.0 77,2.0 80,2.0 
0,4.0 12,4.0 13,10.0 14,1.0 15,1.0 20,5.0 23,2.0 28,4.0 30,4.0 31,2.0 32,2.0 37,4.0 45,2.0 48,1.0 63,1.0 64,2.0 65,2.0 66,2.0 73,1.0 75,1.0 80,2.0 83,2.0 84,6.0 86,2.0 
3,2.0 8,2.0 9,2.0 13,4.0 23,2.0 27,2.0 28,4.0 29,4.0 31,2.0 32,2.0 34,2.0 35,2.0 80,2.0 
3,4.0 15,2.0 21,2.0 23,4.0 30,2.0 32,4.0 33,2.0 73,2.0 
3,4.0 23,4.0 30,2.0 31,4.0 33,2.0 
3,2.0 8,2.0 9,2.0 27,2.0 34,2.0 35,2.0 
5,4.0 7,4.0 8,8.0 9,4.0 26,4.0 27,4.0 35,4.0 36,4.0 
5,4.0 7,4.0 8,8.0 9,4.0 26,4.0 27,4.0 34,4.0 36,4.0 
5,4.0 7,4.0 8,4.0 13,4.0 20,4.0 26,4.0 29,4.0 37,4.0 
0,4.0 11,2.0 13,4.0 15,2.0 17,2.0 20,6.0 22,2.0 23,2.0 28,2.0 29,4.0 46,2.0 48,6.0 49,2.0 50,2.0 73,2.0 74,2.0 85,2.0 
6,4.0 8,4.0 9,4.0 10,4.0 39,4.0 40,4.0 41,4.0 
6,4.0 8,4.0 9,4.0 10,4.0 38,4.0 40,4.0 41,4.0 
6,4.0 8,6.0 9,4.0 10,4.0 19,2.0 38,4.0 39,4.0 41,4.0 42,2.0 48,2.0 77,2.0 
6,4.0 8,4.0 9,4.0 10,4.0 38,4.0 39,4.0 40,4.0 
8,2.0 19,2.0 40,2.0 
0,1.0 21,1.0 23,2.0 44,2.0 
23,2.0 25,2.0 45,2.0 
11,4.0 13,2.0 25,2.0 37,2.0 46,4.0 71,2.0 72,2.0 84,2.0 
11,4.0 37,2.0 47,2.0 48,2.0 85,2.0 
37,2.0 48,2.0 
12,2.0 14,2.0 15,6.0 17,2.0 20,1.0 22,4.0 28,4.0 29,1.0 37,6.0 40,2.0 48,2.0 49,2.0 50,2.0 69,1.0 73,4.0 77,5.0 85,2.0 
3,2.0 22,2.0 23,2.0 28,6.0 50,2.0 51,4.0 63,2.0 
12,4.0 22,2.0 28,2.0 49,2.0 51,8.0 64,4.0 68,2.0 70,2.0 
12,6.0 14,2.0 20,2.0 22,2.0 23,2.0 28,2.0 48,2.0 50,6.0 52,2.0 64,4.0 68,2.0 70,2.0 
0,2.0 
54,2.0 
55,2.0 56,2.0 
56,2.0 57,2.0 58,2.0 
55,2.0 57,2.0 58,2.0 
58,2.0 59,2.0 60,2.0 61,2.0 62,2.0 
23,2.0 37,2.0 57,2.0 59,2.0 60,2.0 61,2.0 62,2.0 73,4.0 
0,1.0 28,1.0 49,1.0 60,2.0 61,2.0 62,2.0 63,1.0 
0,1.0 28,1.0 49,1.0 59,2.0 61,2.0 62,2.0 63,1.0 
0,1.0 28,1.0 49,1.0 59,2.0 60,2.0 62,2.0 63,1.0 
0,1.0 28,1.0 49,1.0 59,2.0 60,2.0 61,2.0 63,1.0 
3,2.0 12,2.0 14,2.0 28,2.0 29,1.0 49,2.0 75,2.0 
12,6.0 29,2.0 65,2.0 66,2.0 67,2.0 68,2.0 69,2.0 
12,2.0 29,2.0 64,2.0 66,2.0 
12,2.0 64,2.0 67,2.0 
50,2.0 51,2.0 
12,2.0 64,2.0 69,2.0 
48,2.0 50,2.0 51,2.0 77,2.0 
45,2.0 
13,2.0 58,2.0 72,2.0 73,2.0 88,2.0 89,2.0 
13,2.0 58,2.0 71,2.0 73,2.0 
12,4.0 15,4.0 20,2.0 21,2.0 23,4.0 31,2.0 37,4.0 48,1.0 58,2.0 69,2.0 73,2.0 74,2.0 77,2.0 
15,2.0 20,2.0 31,2.0 73,2.0 
20,2.0 29,1.0 48,1.0 76,1.0 
12,1.0 15,1.0 20,1.0 48,1.0 73,1.0 
0,2.0 40,2.0 48,4.0 69,2.0 
1,2.0 2,2.0 79,2.0 
5,2.0 6,2.0 7,2.0 8,2.0 
23,2.0 31,2.0 32,2.0 
16,2.0 82,2.0 
3,2.0 16,2.0 17,2.0 
13,2.0 29,2.0 45,2.0 84,2.0 
11,2.0 29,2.0 37,2.0 45,2.0 46,2.0 84,2.0 86,2.0 87,2.0 
15,2.0 37,2.0 48,4.0 
29,2.0 84,4.0 
71,2.0 88,2.0 
71,2.0 89,2.0 
0,1.0 21,1.0 24,1.0 43,1.0 90,1.0 
21,1.0 24,1.0 
