1,3.0 2,2.0 6,4.0 7,4.0 10,4.0 13,4.0 20,3.0 29,2.0 
0,1.0 2,4.0 3,4.0 20,2.0 42,1.0 
1,4.0 3,4.0 60,2.0 
4,4.0 7,4.0 8,8.0 9,4.0 10,4.0 12,4.0 14,4.0 18,4.0 19,7.0 26,3.0 27,3.0 28,4.0 32,2.0 38,2.0 40,2.0 
5,4.0 8,4.0 9,4.0 10,4.0 14,2.0 22,4.0 23,4.0 28,2.0 34,2.0 35,2.0 38,2.0 44,2.0 
0,4.0 6,4.0 
0,4.0 7,4.0 
4,4.0 8,4.0 9,4.0 10,2.0 15,4.0 20,2.0 34,2.0 35,2.0 36,4.0 43,2.0 
0,4.0 3,4.0 4,4.0 7,6.0 9,8.0 10,4.0 13,4.0 20,2.0 35,2.0 
3,6.0 4,4.0 7,6.0 8,8.0 10,4.0 20,2.0 31,2.0 32,2.0 33,2.0 
3,8.0 8,10.0 9,4.0 11,4.0 12,4.0 14,4.0 34,2.0 
12,4.0 13,4.0 14,4.0 20,4.0 21,4.0 
0,1.0 1,2.0 11,4.0 13,8.0 19,4.0 41,2.0 
0,4.0 3,4.0 10,8.0 11,4.0 14,8.0 20,4.0 
3,8.0 4,2.0 8,4.0 10,4.0 11,4.0 18,4.0 20,4.0 21,8.0 24,4.0 25,4.0 34,2.0 44,2.0 
16,4.0 17,6.0 20,2.0 30,2.0 49,2.0 
14,4.0 17,4.0 47,4.0 
14,4.0 16,4.0 32,2.0 39,2.0 45,2.0 51,2.0 52,2.0 53,2.0 54,2.0 
3,4.0 12,4.0 19,4.0 
3,3.0 12,4.0 13,4.0 26,3.0 27,3.0 
0,2.0 3,2.0 7,4.0 9,4.0 11,4.0 14,4.0 21,4.0 29,4.0 31,2.0 33,2.0 35,4.0 36,2.0 38,2.0 40,2.0 42,1.0 
4,4.0 14,4.0 22,4.0 24,4.0 25,4.0 
4,4.0 23,4.0 
14,4.0 21,4.0 24,4.0 
14,4.0 21,4.0 25,4.0 
3,3.0 19,3.0 26,3.0 49,1.0 51,1.0 65,1.0 66,1.0 
3,3.0 19,3.0 27,3.0 
15,2.0 28,3.0 30,2.0 
4,2.0 7,2.0 9,2.0 20,2.0 29,3.0 33,2.0 35,2.0 37,2.0 38,4.0 43,2.0 
0,1.0 4,2.0 14,2.0 27,2.0 34,2.0 39,2.0 
15,2.0 20,2.0 40,2.0 45,2.0 
3,2.0 9,2.0 32,2.0 
3,2.0 15,2.0 28,2.0 49,2.0 
7,2.0 9,2.0 20,2.0 
4,2.0 8,2.0 10,2.0 14,2.0 44,2.0 
4,2.0 7,2.0 20,4.0 28,2.0 29,2.0 36,2.0 38,2.0 
4,2.0 28,4.0 35,2.0 37,2.0 
28,2.0 38,2.0 
0,2.0 3,2.0 20,4.0 28,2.0 35,2.0 40,2.0 
30,2.0 45,2.0 49,2.0 50,2.0 52,2.0 53,2.0 56,2.0 61,2.0 62,2.0 
3,2.0 12,2.0 28,2.0 38,2.0 41,2.0 
0,1.0 1,2.0 12,2.0 
3,1.0 20,1.0 38,1.0 40,1.0 
7,2.0 36,2.0 
45,2.0 
46,4.0 52,2.0 53,2.0 55,2.0 59,2.0 
16,4.0 39,2.0 52,2.0 53,2.0 
48,4.0 
17,2.0 39,2.0 49,2.0 54,2.0 
15,2.0 17,2.0 39,2.0 50,2.0 51,1.0 65,1.0 66,1.0 
1,2.0 2,2.0 17,2.0 51,2.0 63,2.0 64,2.0 
17,2.0 45,2.0 49,1.0 65,1.0 66,1.0 
16,2.0 39,2.0 45,2.0 46,2.0 53,4.0 
16,2.0 39,2.0 45,2.0 46,2.0 52,4.0 
17,2.0 32,2.0 
46,2.0 
57,2.0 
58,2.0 
30,2.0 
2,2.0 
39,2.0 
50,2.0 62,2.0 63,2.0 64,2.0 
50,2.0 61,2.0 63,2.0 64,2.0 
1,2.0 2,2.0 50,2.0 64,2.0 
1,2.0 2,2.0 50,2.0 63,2.0 
49,1.0 51,1.0 66,1.0 
49,1.0 51,1.0 65,1.0 
