0,4.0 1,35.0 2,6.0 3,6.0 4,3.0 5,9.0 6,4.0 7,2.0 9,9.0 10,3.0 19,1.0 24,6.0 27,3.0 28,3.0 29,3.0 30,3.0 34,3.0 40,3.0 46,3.0 47,3.0 54,1.0 55,1.0 57,8.0 58,4.0 65,2.0 75,2.0 76,2.0 78,2.0 80,2.0 81,2.0 
0,32.0 1,22.0 2,6.0 3,6.0 4,3.0 5,12.0 6,18.0 7,10.0 8,5.0 9,20.0 10,10.0 12,11.0 13,3.0 19,1.0 24,3.0 27,3.0 29,4.0 31,3.0 32,11.0 33,7.0 34,3.0 40,3.0 44,1.0 45,1.0 46,3.0 47,3.0 48,3.0 49,3.0 50,3.0 51,3.0 52,3.0 53,3.0 54,1.0 55,1.0 56,4.0 57,8.0 58,20.0 59,8.0 60,2.0 61,2.0 62,4.0 74,2.0 75,4.0 76,2.0 80,2.0 81,2.0 82,2.0 83,2.0 84,2.0 85,2.0 
0,8.0 1,8.0 3,4.0 4,1.0 5,2.0 19,1.0 
0,5.0 1,7.0 4,2.0 5,2.0 6,2.0 7,2.0 
0,2.0 1,4.0 3,2.0 5,2.0 6,2.0 7,2.0 20,3.0 21,3.0 22,3.0 23,3.0 
0,9.0 1,14.0 3,2.0 4,2.0 6,2.0 7,2.0 10,2.0 11,12.0 12,11.0 15,3.0 34,5.0 35,3.0 44,4.0 45,4.0 48,2.0 50,2.0 53,3.0 54,1.0 55,1.0 56,2.0 57,2.0 63,2.0 77,2.0 79,2.0 80,2.0 81,2.0 86,2.0 
0,2.0 1,16.0 4,3.0 6,7.0 7,5.0 8,7.0 9,8.0 10,3.0 11,2.0 12,2.0 13,2.0 14,2.0 15,2.0 18,2.0 29,2.0 33,1.0 34,2.0 35,2.0 37,2.0 38,2.0 41,2.0 60,2.0 63,10.0 64,2.0 65,4.0 66,4.0 68,2.0 77,2.0 78,4.0 84,2.0 
1,10.0 6,7.0 8,2.0 27,3.0 29,2.0 33,4.0 50,3.0 84,2.0 
1,6.0 6,8.0 9,3.0 11,2.0 14,2.0 35,2.0 
0,5.0 1,14.0 6,5.0 10,3.0 46,3.0 47,3.0 58,8.0 59,4.0 65,2.0 78,2.0 
0,2.0 1,2.0 5,2.0 6,2.0 8,2.0 11,5.0 12,3.0 13,3.0 24,6.0 34,6.0 40,3.0 56,4.0 
5,9.0 6,2.0 8,2.0 11,3.0 12,21.0 13,3.0 14,5.0 15,3.0 16,3.0 18,3.0 19,3.0 25,3.0 26,3.0 32,3.0 34,3.0 35,5.0 42,3.0 43,3.0 44,3.0 45,3.0 
0,3.0 1,17.0 5,8.0 6,2.0 9,3.0 11,24.0 12,9.0 13,8.0 14,3.0 15,5.0 16,5.0 18,5.0 19,3.0 24,7.0 27,2.0 28,5.0 32,17.0 34,10.0 36,10.0 37,5.0 38,2.0 42,3.0 43,3.0 44,3.0 45,3.0 48,5.0 49,3.0 50,2.0 51,5.0 52,3.0 75,2.0 77,2.0 85,2.0 86,2.0 
1,3.0 6,2.0 11,3.0 12,8.0 14,3.0 15,2.0 29,2.0 37,2.0 45,2.0 48,3.0 49,3.0 58,2.0 77,2.0 
1,2.0 5,3.0 6,2.0 7,2.0 11,3.0 12,3.0 15,3.0 35,2.0 
1,2.0 5,3.0 11,6.0 12,8.0 24,3.0 25,3.0 32,2.0 34,3.0 37,2.0 
12,2.0 17,3.0 34,2.0 36,2.0 51,2.0 
11,3.0 12,3.0 
5,2.0 6,7.0 12,2.0 19,3.0 34,2.0 50,2.0 63,4.0 66,2.0 
0,1.0 1,1.0 3,1.0 4,1.0 5,1.0 6,3.0 18,3.0 26,3.0 29,3.0 34,3.0 41,3.0 76,1.0 89,1.0 90,1.0 91,1.0 
0,3.0 1,2.0 21,3.0 22,3.0 23,3.0 71,2.0 72,2.0 73,2.0 
0,3.0 20,3.0 22,3.0 23,3.0 
0,3.0 20,3.0 21,3.0 23,3.0 
0,3.0 20,3.0 21,3.0 22,3.0 
1,3.0 10,3.0 11,3.0 12,8.0 15,3.0 16,2.0 19,3.0 24,3.0 25,6.0 27,2.0 28,5.0 29,3.0 32,3.0 33,2.0 34,12.0 38,2.0 40,3.0 51,2.0 
11,3.0 19,3.0 24,3.0 26,3.0 29,3.0 34,3.0 
0,3.0 12,3.0 27,3.0 28,3.0 34,6.0 36,3.0 41,3.0 
0,3.0 1,3.0 7,3.0 24,2.0 28,3.0 29,3.0 30,3.0 33,5.0 34,3.0 38,5.0 39,3.0 50,3.0 
0,5.0 1,5.0 5,2.0 12,8.0 16,2.0 24,5.0 27,3.0 29,3.0 30,3.0 32,3.0 51,2.0 77,2.0 
0,2.0 1,3.0 6,6.0 9,2.0 19,3.0 26,3.0 30,3.0 31,3.0 32,3.0 34,3.0 41,3.0 45,2.0 63,2.0 64,2.0 66,2.0 77,2.0 84,2.0 
1,3.0 29,3.0 31,3.0 32,3.0 
1,3.0 32,3.0 33,3.0 
0,3.0 1,14.0 9,3.0 11,3.0 12,11.0 31,3.0 33,3.0 42,3.0 43,3.0 51,3.0 52,3.0 75,2.0 85,2.0 
1,4.0 5,3.0 6,1.0 8,1.0 11,3.0 12,3.0 19,1.0 32,3.0 34,3.0 41,1.0 50,3.0 76,1.0 89,1.0 90,1.0 91,1.0 
0,2.0 1,2.0 5,5.0 10,3.0 11,6.0 12,16.0 15,3.0 19,3.0 24,14.0 25,3.0 26,3.0 27,5.0 29,3.0 32,3.0 34,6.0 35,3.0 36,11.0 37,3.0 38,5.0 39,3.0 40,3.0 41,3.0 48,2.0 57,2.0 86,2.0 
0,1.0 1,3.0 2,1.0 6,2.0 7,2.0 12,3.0 14,2.0 34,3.0 36,3.0 87,1.0 88,1.0 
11,3.0 12,13.0 18,2.0 24,2.0 27,2.0 32,3.0 34,8.0 37,3.0 38,2.0 50,2.0 77,2.0 
1,2.0 12,2.0 15,2.0 27,3.0 32,2.0 34,3.0 38,3.0 
6,2.0 24,2.0 27,5.0 33,2.0 34,5.0 39,3.0 
0,3.0 1,3.0 2,3.0 
10,3.0 24,6.0 34,6.0 
12,3.0 26,3.0 34,6.0 35,1.0 36,3.0 67,2.0 87,1.0 88,1.0 
5,3.0 11,3.0 12,3.0 43,3.0 
5,3.0 11,3.0 12,3.0 42,3.0 
0,1.0 1,1.0 2,1.0 12,3.0 24,3.0 28,3.0 45,4.0 
0,1.0 1,1.0 2,1.0 6,2.0 12,3.0 24,3.0 28,3.0 29,2.0 44,4.0 66,2.0 77,2.0 
1,3.0 12,3.0 13,3.0 47,3.0 
1,3.0 12,3.0 13,3.0 46,3.0 
1,3.0 7,3.0 12,2.0 24,2.0 27,3.0 28,2.0 49,3.0 86,2.0 
1,3.0 7,3.0 27,3.0 48,3.0 
1,3.0 5,2.0 12,5.0 18,2.0 28,2.0 32,3.0 33,3.0 34,2.0 77,2.0 79,2.0 
1,3.0 5,3.0 12,2.0 16,2.0 34,2.0 36,2.0 52,3.0 53,3.0 
1,3.0 5,3.0 51,3.0 53,3.0 
1,3.0 5,3.0 10,2.0 44,1.0 45,1.0 56,2.0 
1,1.0 6,1.0 7,1.0 55,1.0 
1,1.0 6,1.0 7,1.0 54,1.0 
0,2.0 1,2.0 5,2.0 6,2.0 8,2.0 10,4.0 11,2.0 
0,6.0 1,10.0 9,4.0 58,4.0 75,2.0 76,2.0 
1,16.0 9,4.0 10,2.0 13,2.0 29,4.0 45,2.0 56,2.0 58,4.0 59,8.0 60,2.0 61,2.0 62,4.0 77,2.0 82,2.0 83,2.0 
1,4.0 58,4.0 60,2.0 61,2.0 82,2.0 83,2.0 
1,2.0 58,2.0 61,2.0 62,2.0 68,2.0 69,2.0 
1,2.0 58,2.0 60,2.0 62,2.0 
1,4.0 10,2.0 29,2.0 56,2.0 58,4.0 
5,2.0 6,10.0 18,2.0 41,2.0 50,2.0 60,2.0 63,2.0 64,2.0 65,2.0 66,2.0 68,2.0 77,2.0 79,2.0 
6,2.0 63,2.0 65,2.0 
6,4.0 12,2.0 13,2.0 18,2.0 63,2.0 66,2.0 78,2.0 
6,6.0 18,2.0 63,4.0 77,2.0 78,2.0 
6,2.0 63,2.0 
60,2.0 69,2.0 
70,2.0 
20,2.0 71,2.0 72,2.0 73,2.0 
1,2.0 20,2.0 72,2.0 73,2.0 
1,2.0 20,2.0 71,2.0 73,2.0 
1,2.0 20,2.0 71,2.0 72,2.0 
6,2.0 38,2.0 
12,2.0 13,2.0 36,2.0 58,2.0 76,2.0 77,4.0 85,2.0 
13,2.0 19,1.0 58,2.0 75,2.0 77,2.0 89,1.0 90,1.0 91,1.0 
0,2.0 1,2.0 5,4.0 6,2.0 12,2.0 13,2.0 18,2.0 28,2.0 29,2.0 36,2.0 45,2.0 50,4.0 58,2.0 63,2.0 66,2.0 78,2.0 79,2.0 
5,2.0 6,2.0 12,2.0 13,2.0 63,2.0 65,2.0 77,2.0 
28,2.0 50,2.0 77,2.0 
0,2.0 1,2.0 57,2.0 81,2.0 
0,2.0 1,2.0 57,2.0 80,2.0 
1,2.0 58,2.0 62,2.0 83,2.0 
1,2.0 58,2.0 62,2.0 82,2.0 
0,2.0 6,2.0 9,2.0 29,2.0 
12,2.0 36,2.0 75,2.0 77,2.0 
12,2.0 24,2.0 28,2.0 48,2.0 
0,1.0 1,1.0 2,1.0 35,1.0 88,1.0 
0,1.0 1,1.0 2,1.0 35,1.0 87,1.0 
19,1.0 76,1.0 90,1.0 91,1.0 
19,1.0 76,1.0 89,1.0 91,1.0 
19,1.0 76,1.0 89,1.0 90,1.0 
