1,38.0 2,22.0 3,2.0 4,3.0 5,11.0 6,1.0 7,8.0 9,4.0 10,5.0 23,1.0 30,2.0 59,6.0 68,2.0 71,15.0 73,5.0 78,2.0 79,2.0 83,2.0 107,2.0 117,2.0 122,1.0 126,2.0 134,1.0 143,4.0 144,4.0 145,4.0 179,2.0 300,2.0 301,2.0 322,1.0 323,1.0 346,1.0 
0,48.0 1,8.0 2,23.0 3,10.0 4,6.0 5,14.0 6,12.0 7,21.0 8,15.0 9,25.0 10,6.0 11,2.0 12,1.0 20,3.0 21,3.0 22,2.0 23,3.0 27,2.0 30,4.0 31,1.0 33,3.0 43,2.0 46,3.0 52,4.0 53,2.0 57,2.0 58,2.0 60,4.0 64,4.0 68,1.0 70,2.0 71,8.0 73,3.0 74,2.0 107,2.0 113,2.0 114,2.0 116,2.0 127,2.0 128,1.0 148,1.0 152,1.0 160,4.0 181,1.0 182,1.0 198,1.0 225,2.0 256,1.0 260,1.0 322,1.0 323,1.0 325,1.0 336,1.0 
0,1.0 3,21.0 4,19.0 5,2.0 6,4.0 7,5.0 8,3.0 10,11.0 12,11.0 26,3.0 30,3.0 54,1.0 59,3.0 73,2.0 80,3.0 87,3.0 90,1.0 105,2.0 107,2.0 116,3.0 117,4.0 121,3.0 122,1.0 126,2.0 132,1.0 133,2.0 138,2.0 219,2.0 223,2.0 284,1.0 292,1.0 294,1.0 311,2.0 312,1.0 
0,6.0 1,4.0 2,2.0 4,29.0 5,22.0 6,5.0 7,9.0 8,2.0 9,5.0 10,8.0 11,2.0 12,2.0 22,8.0 23,7.0 26,3.0 28,3.0 29,3.0 30,7.0 31,7.0 42,2.0 46,2.0 48,3.0 55,2.0 59,4.0 64,5.0 65,2.0 71,2.0 73,2.0 74,6.0 84,1.0 86,5.0 90,1.0 93,2.0 99,1.0 104,2.0 106,2.0 107,4.0 110,2.0 113,1.0 116,4.0 125,2.0 127,2.0 128,2.0 129,2.0 130,1.0 131,1.0 132,1.0 138,1.0 146,2.0 150,4.0 155,1.0 159,4.0 161,4.0 251,1.0 294,1.0 313,1.0 322,1.0 332,1.0 336,1.0 
0,1.0 2,5.0 3,29.0 5,30.0 6,1.0 8,3.0 9,3.0 10,1.0 12,10.0 21,1.0 22,9.0 23,13.0 30,5.0 31,4.0 46,2.0 48,4.0 73,1.0 84,3.0 85,3.0 86,6.0 87,3.0 88,3.0 92,1.0 104,2.0 106,2.0 116,5.0 117,3.0 127,4.0 131,1.0 139,4.0 147,4.0 154,1.0 251,1.0 285,1.0 313,1.0 323,1.0 325,1.0 
0,10.0 1,4.0 2,5.0 3,7.0 4,5.0 6,19.0 7,23.0 9,4.0 10,11.0 12,2.0 14,8.0 15,8.0 16,8.0 22,1.0 29,3.0 30,1.0 46,1.0 59,5.0 71,2.0 73,6.0 82,1.0 84,2.0 86,2.0 88,3.0 89,1.0 104,2.0 105,4.0 107,3.0 111,2.0 116,5.0 117,2.0 126,2.0 193,1.0 260,1.0 284,1.0 286,1.0 296,1.0 310,1.0 313,2.0 316,1.0 317,1.0 
0,10.0 1,36.0 4,4.0 5,9.0 7,40.0 8,1.0 9,1.0 10,10.0 11,3.0 12,4.0 23,1.0 27,2.0 28,4.0 30,3.0 31,8.0 46,5.0 49,3.0 70,2.0 71,3.0 73,1.0 86,2.0 90,1.0 106,2.0 107,3.0 111,2.0 116,4.0 118,3.0 141,4.0 142,4.0 154,1.0 198,1.0 215,2.0 221,2.0 223,2.0 225,2.0 231,2.0 232,2.0 328,1.0 336,1.0 
0,9.0 1,50.0 2,3.0 3,2.0 4,7.0 5,15.0 6,41.0 8,12.0 9,21.0 10,22.0 11,15.0 12,2.0 13,12.0 20,3.0 22,2.0 24,3.0 26,3.0 27,2.0 30,2.0 31,1.0 46,9.0 60,2.0 65,4.0 71,8.0 73,4.0 79,2.0 86,2.0 89,1.0 90,4.0 106,2.0 107,3.0 111,2.0 113,1.0 115,1.0 116,1.0 124,2.0 127,2.0 128,1.0 138,2.0 146,2.0 151,4.0 152,4.0 157,2.0 175,1.0 176,1.0 178,1.0 198,1.0 215,2.0 219,2.0 221,2.0 223,4.0 225,2.0 231,2.0 232,2.0 251,1.0 296,1.0 297,1.0 298,1.0 323,1.0 325,1.0 327,1.0 331,1.0 
1,4.0 2,3.0 4,4.0 5,4.0 6,1.0 7,30.0 9,40.0 10,1.0 12,3.0 13,9.0 22,5.0 23,7.0 48,6.0 49,2.0 59,3.0 69,2.0 70,4.0 71,2.0 73,1.0 74,2.0 80,2.0 85,1.0 113,1.0 115,3.0 116,4.0 123,3.0 131,1.0 138,3.0 141,3.0 154,1.0 173,2.0 174,2.0 178,1.0 251,1.0 260,1.0 313,1.0 316,1.0 317,1.0 323,1.0 326,1.0 332,1.0 
0,4.0 1,4.0 2,19.0 3,2.0 4,3.0 5,3.0 6,2.0 7,35.0 8,40.0 10,3.0 11,3.0 12,3.0 13,12.0 22,18.0 23,5.0 26,6.0 49,2.0 50,2.0 58,1.0 59,2.0 60,2.0 63,2.0 69,2.0 71,4.0 73,1.0 74,2.0 84,3.0 86,1.0 90,3.0 113,1.0 115,3.0 116,4.0 117,4.0 122,2.0 126,1.0 127,2.0 133,1.0 143,4.0 144,4.0 145,4.0 149,2.0 154,1.0 177,1.0 178,1.0 251,2.0 260,1.0 282,2.0 305,1.0 306,1.0 313,1.0 316,1.0 317,1.0 322,2.0 325,2.0 328,1.0 
0,6.0 1,16.0 3,4.0 4,5.0 6,10.0 7,5.0 8,6.0 9,2.0 11,19.0 12,21.0 13,2.0 18,2.0 26,2.0 30,15.0 31,7.0 37,3.0 38,3.0 46,1.0 52,2.0 59,7.0 65,4.0 71,2.0 72,2.0 73,8.0 74,4.0 80,5.0 82,2.0 85,2.0 89,4.0 90,4.0 104,1.0 114,2.0 116,1.0 146,4.0 147,4.0 151,4.0 152,4.0 154,1.0 226,1.0 256,1.0 264,1.0 323,1.0 324,1.0 328,1.0 329,1.0 
1,2.0 6,4.0 8,1.0 9,1.0 10,21.0 12,18.0 26,2.0 46,6.0 73,3.0 84,3.0 90,4.0 114,2.0 264,1.0 322,1.0 325,2.0 327,1.0 328,1.0 
0,2.0 1,2.0 3,7.0 4,3.0 6,1.0 7,17.0 8,18.0 9,18.0 10,5.0 18,2.0 23,3.0 30,3.0 46,2.0 48,13.0 49,2.0 59,2.0 68,2.0 71,7.0 73,15.0 77,2.0 78,2.0 81,2.0 85,1.0 106,3.0 116,3.0 117,2.0 121,3.0 127,2.0 133,2.0 146,2.0 154,1.0 158,6.0 159,4.0 280,2.0 319,1.0 323,1.0 326,2.0 328,1.0 333,1.0 
1,12.0 6,9.0 7,12.0 12,2.0 72,2.0 73,2.0 
15,10.0 16,10.0 17,10.0 18,10.0 19,8.0 86,2.0 
14,10.0 16,10.0 17,10.0 18,10.0 19,11.0 44,3.0 45,3.0 46,2.0 86,2.0 
14,10.0 15,10.0 17,10.0 18,10.0 19,8.0 86,2.0 
0,10.0 1,10.0 4,1.0 8,1.0 18,10.0 19,8.0 23,1.0 50,1.0 86,2.0 111,1.0 133,1.0 137,1.0 
0,10.0 1,10.0 4,2.0 8,2.0 10,2.0 17,10.0 19,8.0 54,2.0 86,2.0 
0,9.0 1,9.0 15,2.0 17,8.0 18,8.0 44,2.0 45,2.0 46,2.0 
1,3.0 21,3.0 
1,3.0 5,5.0 25,2.0 27,2.0 65,4.0 74,4.0 92,1.0 93,4.0 97,1.0 119,1.0 129,6.0 131,1.0 165,2.0 192,6.0 193,6.0 198,2.0 222,2.0 230,2.0 259,2.0 285,1.0 310,1.0 
0,8.0 1,3.0 3,2.0 6,1.0 9,2.0 10,3.0 12,5.0 21,1.0 23,3.0 27,3.0 59,2.0 68,4.0 71,2.0 73,7.0 74,2.0 89,3.0 93,2.0 99,1.0 104,1.0 109,2.0 115,3.0 117,3.0 118,1.0 128,2.0 129,2.0 130,1.0 139,4.0 179,2.0 282,2.0 288,1.0 328,1.0 
2,2.0 3,21.0 4,13.0 5,18.0 7,1.0 8,7.0 9,5.0 12,3.0 21,1.0 22,6.0 25,3.0 26,3.0 32,3.0 35,3.0 48,3.0 64,4.0 74,2.0 78,3.0 85,2.0 88,3.0 92,1.0 116,2.0 131,1.0 143,4.0 148,4.0 150,4.0 285,1.0 322,2.0 330,1.0 
23,3.0 25,3.0 
3,3.0 23,3.0 26,3.0 44,2.0 104,2.0 186,2.0 221,2.0 260,2.0 
2,3.0 3,3.0 4,2.0 8,3.0 9,3.0 10,2.0 12,3.0 23,3.0 59,3.0 90,3.0 
3,3.0 21,4.0 28,9.0 56,1.0 58,1.0 97,16.0 129,2.0 138,2.0 215,2.0 221,2.0 223,2.0 225,4.0 230,2.0 232,2.0 261,2.0 262,2.0 263,6.0 
1,1.0 3,3.0 5,3.0 29,3.0 30,1.0 60,4.0 68,1.0 82,2.0 96,6.0 116,2.0 131,2.0 142,4.0 143,4.0 160,6.0 177,4.0 186,4.0 187,4.0 191,6.0 201,4.0 202,4.0 251,2.0 
1,3.0 5,3.0 55,2.0 237,2.0 
0,3.0 1,4.0 2,3.0 3,5.0 4,2.0 6,4.0 7,6.0 8,6.0 9,10.0 23,3.0 31,2.0 48,1.0 60,1.0 70,2.0 86,3.0 90,1.0 106,2.0 133,2.0 138,1.0 152,1.0 285,2.0 297,1.0 298,1.0 311,2.0 
4,5.0 5,2.0 6,4.0 7,5.0 9,3.0 23,9.0 32,3.0 46,2.0 48,2.0 71,1.0 74,1.0 84,3.0 88,1.0 89,2.0 126,1.0 177,1.0 182,2.0 285,2.0 296,1.0 
0,1.0 3,3.0 23,3.0 
34,3.0 
23,3.0 
36,3.0 
10,3.0 37,3.0 
10,3.0 38,3.0 41,3.0 42,3.0 43,3.0 
39,3.0 40,3.0 
37,3.0 40,3.0 41,3.0 42,3.0 
37,3.0 39,3.0 41,3.0 42,3.0 
37,3.0 42,3.0 43,3.0 
1,2.0 37,3.0 41,3.0 43,3.0 52,2.0 
15,3.0 19,2.0 44,3.0 45,3.0 49,2.0 53,2.0 
15,3.0 19,3.0 45,3.0 46,2.0 58,4.0 93,4.0 97,8.0 99,4.0 130,4.0 186,2.0 194,2.0 215,2.0 229,2.0 
15,3.0 19,3.0 44,3.0 46,2.0 67,2.0 270,2.0 271,2.0 272,2.0 273,2.0 
0,3.0 1,4.0 3,3.0 4,3.0 6,2.0 7,4.0 8,3.0 9,1.0 12,2.0 14,2.0 15,2.0 16,2.0 17,1.0 23,4.0 31,2.0 47,2.0 48,5.0 59,1.0 73,2.0 85,3.0 86,1.0 92,2.0 106,1.0 107,2.0 111,1.0 124,2.0 125,2.0 126,1.0 290,1.0 291,1.0 
48,2.0 49,2.0 
0,2.0 3,1.0 4,3.0 6,5.0 7,7.0 9,5.0 11,3.0 30,1.0 31,2.0 46,4.0 47,2.0 49,2.0 59,2.0 84,3.0 107,1.0 110,2.0 116,3.0 117,2.0 122,2.0 124,2.0 138,1.0 172,2.0 291,1.0 
1,4.0 9,2.0 22,3.0 59,2.0 60,4.0 65,2.0 70,2.0 91,2.0 92,2.0 108,2.0 116,3.0 
4,1.0 8,1.0 17,1.0 23,1.0 51,2.0 133,1.0 137,1.0 
3,2.0 
1,4.0 10,2.0 13,2.0 43,2.0 53,2.0 57,2.0 58,2.0 72,2.0 178,1.0 288,1.0 340,1.0 
43,2.0 49,2.0 
3,2.0 55,1.0 63,1.0 152,1.0 153,1.0 
29,2.0 44,4.0 54,1.0 56,4.0 93,4.0 99,4.0 106,2.0 156,4.0 168,2.0 237,2.0 
1,2.0 52,2.0 86,2.0 96,6.0 99,2.0 131,2.0 170,2.0 206,4.0 225,2.0 233,2.0 234,2.0 
49,2.0 58,2.0 
0,1.0 1,1.0 44,4.0 49,2.0 57,2.0 86,1.0 93,6.0 95,2.0 129,4.0 130,4.0 156,4.0 166,2.0 167,2.0 184,4.0 201,2.0 233,4.0 234,2.0 
0,5.0 1,3.0 2,1.0 3,3.0 8,3.0 10,8.0 48,3.0 60,2.0 61,2.0 62,2.0 64,4.0 71,8.0 84,4.0 85,1.0 99,1.0 106,1.0 110,2.0 126,2.0 131,3.0 133,2.0 145,1.0 146,4.0 147,4.0 156,2.0 192,1.0 240,1.0 256,1.0 280,2.0 281,1.0 282,2.0 287,1.0 323,1.0 
1,1.0 5,1.0 7,2.0 9,2.0 59,2.0 61,2.0 62,2.0 63,3.0 71,2.0 74,4.0 108,4.0 116,1.0 124,1.0 127,4.0 141,4.0 143,4.0 152,1.0 195,4.0 205,4.0 260,2.0 285,1.0 
49,2.0 62,2.0 
49,2.0 61,2.0 86,1.0 89,1.0 114,2.0 233,2.0 
64,2.0 66,1.0 123,1.0 145,1.0 152,1.0 153,1.0 188,1.0 260,1.0 320,1.0 
1,4.0 3,1.0 7,4.0 10,4.0 49,2.0 59,4.0 65,2.0 99,1.0 131,3.0 151,4.0 152,4.0 156,2.0 160,4.0 
3,3.0 59,4.0 64,6.0 66,2.0 113,1.0 146,2.0 149,4.0 155,1.0 
67,2.0 314,1.0 
68,2.0 145,2.0 179,2.0 271,2.0 272,2.0 273,2.0 274,2.0 
1,7.0 9,1.0 12,2.0 28,1.0 30,1.0 49,2.0 69,2.0 109,4.0 299,2.0 305,1.0 
28,2.0 49,2.0 59,2.0 71,2.0 84,2.0 89,1.0 104,4.0 129,4.0 204,5.0 275,2.0 276,2.0 277,2.0 278,2.0 279,2.0 
6,2.0 11,2.0 23,1.0 31,2.0 71,2.0 73,2.0 75,2.0 89,2.0 251,1.0 
1,5.0 3,4.0 4,8.0 5,1.0 6,6.0 7,7.0 8,2.0 9,5.0 10,5.0 22,2.0 23,12.0 52,2.0 59,5.0 60,2.0 69,2.0 78,3.0 84,2.0 97,2.0 106,5.0 112,2.0 117,3.0 118,3.0 126,1.0 127,2.0 128,1.0 135,1.0 145,1.0 192,1.0 203,1.0 234,1.0 239,1.0 282,3.0 
12,2.0 13,2.0 73,2.0 131,4.0 199,4.0 
0,4.0 1,1.0 3,10.0 4,1.0 6,2.0 7,1.0 8,3.0 9,3.0 10,14.0 11,3.0 12,9.0 26,2.0 30,5.0 71,8.0 74,2.0 86,2.0 106,3.0 116,1.0 118,2.0 125,2.0 138,4.0 139,4.0 154,1.0 251,1.0 323,1.0 331,1.0 
0,2.0 1,4.0 3,4.0 5,1.0 7,4.0 10,2.0 22,2.0 31,1.0 126,1.0 139,4.0 182,1.0 198,2.0 222,4.0 
76,2.0 
10,2.0 18,2.0 
78,2.0 
0,2.0 5,3.0 7,2.0 23,3.0 79,4.0 83,2.0 
7,2.0 10,4.0 83,2.0 97,4.0 185,4.0 
8,2.0 10,3.0 30,3.0 70,2.0 
10,2.0 82,2.0 
3,2.0 10,2.0 45,2.0 74,2.0 98,1.0 131,1.0 188,4.0 189,4.0 190,4.0 194,4.0 270,2.0 318,1.0 
10,2.0 79,2.0 
2,6.0 3,2.0 4,3.0 9,3.0 11,3.0 26,3.0 46,3.0 59,4.0 71,2.0 87,3.0 89,1.0 110,2.0 322,1.0 
3,2.0 4,3.0 7,1.0 8,1.0 9,4.0 23,2.0 86,3.0 133,1.0 251,1.0 323,2.0 324,1.0 326,1.0 
0,6.0 1,6.0 5,2.0 6,2.0 7,3.0 11,3.0 17,2.0 18,2.0 30,3.0 46,1.0 48,1.0 58,1.0 59,2.0 84,5.0 98,2.0 125,2.0 126,1.0 170,2.0 
2,3.0 6,3.0 10,3.0 60,1.0 285,1.0 345,1.0 
0,3.0 5,3.0 59,3.0 71,1.0 
0,2.0 1,5.0 5,1.0 6,1.0 7,2.0 8,1.0 10,3.0 23,1.0 30,2.0 31,1.0 62,1.0 68,1.0 73,1.0 85,1.0 86,1.0 90,1.0 115,2.0 157,2.0 163,2.0 181,1.0 296,1.0 299,1.0 300,2.0 
2,1.0 3,2.0 4,1.0 8,2.0 9,2.0 12,3.0 23,5.0 26,3.0 30,1.0 85,2.0 89,2.0 299,1.0 
55,2.0 58,2.0 79,4.0 92,2.0 93,2.0 95,4.0 99,2.0 111,2.0 171,2.0 184,2.0 185,4.0 216,2.0 
2,1.0 21,13.0 27,2.0 82,1.0 91,6.0 93,3.0 95,1.0 97,1.0 113,4.0 129,2.0 130,2.0 131,1.0 155,4.0 203,6.0 239,2.0 240,2.0 243,2.0 258,2.0 259,2.0 285,1.0 
2,1.0 21,4.0 46,2.0 58,2.0 65,4.0 91,2.0 92,1.0 94,2.0 95,4.0 98,9.0 99,2.0 125,2.0 128,1.0 129,12.0 130,2.0 153,4.0 156,4.0 184,2.0 225,2.0 238,2.0 
62,2.0 95,2.0 96,2.0 114,2.0 
55,2.0 56,2.0 69,2.0 82,1.0 92,5.0 93,2.0 94,2.0 96,2.0 99,2.0 104,2.0 203,2.0 209,4.0 216,2.0 248,2.0 249,2.0 250,2.0 
97,4.0 98,4.0 130,2.0 207,4.0 208,4.0 209,2.0 213,4.0 222,6.0 225,2.0 226,2.0 234,2.0 265,2.0 
2,2.0 7,2.0 25,2.0 27,16.0 28,10.0 69,4.0 93,6.0 96,2.0 98,4.0 99,2.0 105,4.0 123,2.0 131,1.0 135,2.0 138,5.0 153,2.0 200,4.0 204,4.0 213,2.0 221,2.0 223,2.0 250,2.0 254,2.0 255,2.0 257,2.0 261,2.0 262,2.0 263,6.0 266,2.0 267,2.0 
27,12.0 58,8.0 92,8.0 93,4.0 94,2.0 97,14.0 99,2.0 131,7.0 172,1.0 201,2.0 203,6.0 209,6.0 214,2.0 216,2.0 238,4.0 244,4.0 
9,1.0 44,4.0 56,2.0 93,1.0 98,4.0 100,2.0 101,2.0 102,2.0 107,2.0 129,3.0 130,6.0 131,2.0 169,2.0 177,1.0 241,2.0 
101,2.0 102,2.0 103,2.0 
100,2.0 102,2.0 103,2.0 
100,2.0 101,2.0 103,2.0 
0,2.0 1,2.0 134,3.0 135,2.0 136,2.0 341,1.0 342,1.0 343,1.0 344,1.0 
5,2.0 6,2.0 7,2.0 9,1.0 28,2.0 48,1.0 69,5.0 92,2.0 204,1.0 260,2.0 275,2.0 276,2.0 277,2.0 278,2.0 279,2.0 
12,2.0 28,4.0 73,2.0 106,2.0 177,4.0 200,4.0 
3,2.0 4,2.0 6,5.0 7,5.0 30,2.0 46,3.0 62,1.0 71,5.0 89,1.0 91,2.0 107,1.0 111,1.0 168,2.0 182,1.0 
2,2.0 3,5.0 4,5.0 5,3.0 17,1.0 46,2.0 106,1.0 111,1.0 131,2.0 161,4.0 162,4.0 164,2.0 169,2.0 
68,2.0 109,2.0 153,4.0 205,4.0 
1,4.0 68,4.0 
3,2.0 6,2.0 7,2.0 48,2.0 172,2.0 
3,2.0 4,2.0 5,2.0 22,1.0 28,2.0 46,2.0 106,1.0 107,1.0 171,2.0 289,1.0 290,1.0 
8,2.0 9,2.0 124,2.0 196,2.0 268,2.0 
7,2.0 10,3.0 11,3.0 82,4.0 140,1.0 146,1.0 155,6.0 157,1.0 321,1.0 
1,2.0 8,2.0 9,2.0 62,2.0 233,2.0 
12,3.0 22,3.0 73,3.0 106,1.0 126,1.0 129,2.0 146,2.0 163,4.0 
1,2.0 2,3.0 3,1.0 5,6.0 7,7.0 8,1.0 9,1.0 10,1.0 11,2.0 12,3.0 22,3.0 48,3.0 49,3.0 60,1.0 71,2.0 73,1.0 85,1.0 93,2.0 95,2.0 117,2.0 251,2.0 260,1.0 322,1.0 323,2.0 327,1.0 332,1.0 
0,6.0 2,4.0 4,3.0 5,2.0 9,2.0 10,5.0 22,3.0 23,3.0 48,2.0 71,3.0 80,3.0 93,2.0 116,2.0 122,3.0 
6,3.0 49,3.0 116,3.0 295,1.0 299,2.0 
5,2.0 8,3.0 117,2.0 120,1.0 141,3.0 
71,1.0 117,1.0 
12,3.0 48,3.0 116,3.0 
0,1.0 2,2.0 5,1.0 9,2.0 
113,1.0 119,2.0 138,4.0 139,4.0 145,1.0 173,2.0 174,2.0 188,1.0 320,1.0 
7,2.0 32,1.0 46,2.0 153,2.0 196,6.0 197,4.0 198,4.0 269,2.0 
6,2.0 7,2.0 46,2.0 86,2.0 92,2.0 
0,2.0 1,3.0 2,1.0 3,1.0 5,2.0 9,2.0 22,1.0 23,2.0 46,1.0 48,1.0 59,1.0 86,1.0 193,1.0 283,1.0 293,1.0 305,1.0 309,1.0 312,1.0 
1,2.0 3,4.0 4,4.0 7,2.0 22,2.0 60,4.0 65,2.0 71,2.0 74,4.0 128,1.0 139,4.0 143,2.0 153,2.0 
3,1.0 22,1.0 93,2.0 99,2.0 129,2.0 130,2.0 
5,2.0 21,6.0 29,2.0 55,6.0 58,2.0 65,4.0 92,2.0 93,6.0 95,6.0 98,5.0 99,2.0 128,1.0 130,2.0 131,4.0 184,4.0 203,4.0 222,4.0 225,2.0 238,2.0 241,2.0 242,2.0 243,2.0 245,2.0 310,1.0 
72,4.0 91,4.0 93,1.0 95,2.0 98,4.0 99,2.0 129,1.0 153,4.0 156,4.0 199,4.0 212,2.0 213,2.0 214,2.0 215,2.0 216,2.0 220,2.0 225,2.0 
27,4.0 48,2.0 56,2.0 97,15.0 98,1.0 110,2.0 116,2.0 117,2.0 123,1.0 127,2.0 129,2.0 132,2.0 133,2.0 138,2.0 153,3.0 154,1.0 156,2.0 172,1.0 203,4.0 244,2.0 250,2.0 252,2.0 253,2.0 
90,1.0 103,2.0 133,2.0 134,2.0 294,1.0 
2,2.0 4,1.0 8,1.0 9,1.0 11,1.0 17,1.0 23,1.0 50,1.0 59,2.0 103,2.0 126,2.0 132,2.0 134,2.0 137,1.0 240,1.0 280,2.0 281,1.0 287,1.0 311,2.0 312,1.0 325,1.0 
103,3.0 135,2.0 136,2.0 341,1.0 342,1.0 343,1.0 344,1.0 346,1.0 347,1.0 348,1.0 349,1.0 350,1.0 351,1.0 352,1.0 
17,1.0 50,1.0 71,1.0 97,2.0 133,1.0 136,2.0 137,1.0 180,1.0 181,1.0 182,1.0 183,1.0 266,2.0 267,2.0 282,1.0 
17,1.0 50,1.0 133,1.0 135,2.0 137,1.0 180,1.0 181,1.0 182,1.0 183,1.0 
4,1.0 8,1.0 17,1.0 23,1.0 50,1.0 133,1.0 
2,2.0 7,2.0 28,1.0 60,4.0 68,1.0 92,1.0 95,1.0 99,2.0 123,4.0 127,4.0 139,4.0 173,2.0 174,2.0 177,2.0 219,4.0 223,2.0 256,2.0 
0,4.0 9,4.0 23,4.0 73,4.0 113,1.0 138,4.0 140,3.0 143,4.0 144,4.0 145,4.0 155,1.0 
6,4.0 141,4.0 
4,4.0 6,4.0 8,3.0 28,4.0 123,3.0 127,4.0 138,3.0 142,4.0 173,2.0 174,2.0 
28,4.0 60,4.0 143,4.0 
9,2.0 10,4.0 23,4.0 59,4.0 60,4.0 141,4.0 146,4.0 148,4.0 149,2.0 
0,4.0 9,4.0 143,4.0 145,4.0 
0,4.0 5,1.0 7,1.0 9,4.0 52,1.0 69,2.0 87,1.0 104,2.0 113,1.0 123,1.0 143,4.0 144,4.0 179,2.0 188,1.0 274,2.0 320,1.0 339,1.0 340,1.0 345,1.0 
7,2.0 10,4.0 12,6.0 59,4.0 113,1.0 147,4.0 155,1.0 157,2.0 158,2.0 159,4.0 175,1.0 176,1.0 
4,8.0 22,4.0 147,4.0 
21,4.0 93,4.0 126,1.0 129,4.0 
3,8.0 9,2.0 23,4.0 127,2.0 150,4.0 159,4.0 
3,4.0 23,4.0 64,4.0 
7,4.0 10,4.0 65,4.0 152,4.0 
7,4.0 10,4.0 60,1.0 63,2.0 65,4.0 66,1.0 151,4.0 153,1.0 260,1.0 
44,4.0 56,4.0 58,6.0 63,1.0 66,1.0 93,2.0 95,2.0 96,2.0 119,1.0 127,2.0 130,2.0 143,2.0 152,1.0 154,1.0 206,4.0 269,2.0 
0,1.0 4,1.0 6,1.0 10,1.0 73,1.0 119,3.0 153,1.0 
7,1.0 82,4.0 113,6.0 140,1.0 146,1.0 157,1.0 
91,4.0 93,4.0 127,2.0 129,4.0 130,4.0 131,2.0 153,2.0 
7,2.0 89,2.0 115,2.0 146,2.0 163,2.0 175,1.0 176,1.0 
1,4.0 12,2.0 64,4.0 146,2.0 
3,4.0 12,4.0 107,4.0 158,4.0 161,4.0 
98,6.0 149,4.0 191,6.0 
107,4.0 162,4.0 164,2.0 
89,2.0 157,2.0 164,2.0 165,2.0 
115,4.0 129,2.0 146,2.0 
162,2.0 165,2.0 
92,2.0 97,2.0 115,2.0 163,2.0 222,4.0 
95,2.0 167,2.0 
95,2.0 166,2.0 
31,1.0 74,1.0 91,2.0 106,2.0 182,1.0 
107,2.0 131,2.0 
86,2.0 98,2.0 
28,2.0 111,2.0 
154,2.0 308,1.0 311,1.0 
123,2.0 138,2.0 139,2.0 174,2.0 
123,2.0 138,2.0 139,2.0 173,2.0 
12,1.0 146,1.0 158,1.0 176,1.0 
12,1.0 146,1.0 158,1.0 175,1.0 
9,1.0 28,4.0 58,1.0 71,1.0 86,1.0 131,2.0 135,1.0 201,4.0 202,4.0 256,2.0 
1,1.0 6,1.0 7,1.0 103,1.0 134,1.0 288,1.0 
0,2.0 69,2.0 71,2.0 104,2.0 117,2.0 145,2.0 274,2.0 
58,1.0 181,1.0 182,1.0 183,1.0 
1,1.0 58,1.0 68,1.0 180,1.0 182,1.0 183,1.0 
5,1.0 31,2.0 58,1.0 71,1.0 74,1.0 115,1.0 126,1.0 180,1.0 181,1.0 183,1.0 
58,1.0 180,1.0 181,1.0 182,1.0 
91,2.0 95,2.0 98,4.0 129,4.0 
79,4.0 97,4.0 
44,2.0 82,4.0 187,4.0 188,4.0 194,2.0 
82,4.0 186,4.0 188,4.0 
82,4.0 113,1.0 123,1.0 145,1.0 189,4.0 190,4.0 320,1.0 
98,4.0 190,4.0 
98,4.0 189,4.0 
98,6.0 160,6.0 
5,1.0 7,1.0 193,6.0 194,6.0 
104,1.0 192,6.0 194,6.0 
60,4.0 165,2.0 195,10.0 222,2.0 
60,4.0 108,4.0 112,2.0 124,4.0 196,4.0 205,4.0 268,2.0 
124,6.0 153,2.0 197,4.0 198,4.0 224,2.0 269,2.0 
55,4.0 198,4.0 
1,1.0 12,1.0 55,4.0 73,1.0 74,2.0 197,4.0 222,2.0 
72,4.0 131,4.0 
28,4.0 105,4.0 177,4.0 
58,2.0 129,4.0 202,4.0 233,2.0 
129,4.0 201,4.0 
21,6.0 44,4.0 92,7.0 93,1.0 97,6.0 131,4.0 209,2.0 214,8.0 234,1.0 243,2.0 258,2.0 264,2.0 
69,5.0 89,1.0 129,4.0 
108,4.0 153,4.0 
56,4.0 96,4.0 
98,4.0 208,4.0 
98,4.0 207,4.0 
28,2.0 96,2.0 97,2.0 130,2.0 153,2.0 203,2.0 210,4.0 211,4.0 217,2.0 218,2.0 226,2.0 250,2.0 
97,2.0 130,2.0 135,2.0 211,4.0 
97,4.0 130,2.0 135,2.0 210,4.0 220,2.0 
130,2.0 213,2.0 
96,4.0 97,2.0 130,2.0 212,2.0 222,2.0 
21,2.0 44,8.0 92,6.0 96,2.0 203,10.0 213,2.0 215,6.0 244,2.0 264,2.0 
27,2.0 44,6.0 56,1.0 58,1.0 92,2.0 214,6.0 221,2.0 223,2.0 225,2.0 229,2.0 232,2.0 
95,2.0 98,2.0 209,2.0 248,2.0 249,2.0 
138,2.0 218,2.0 
138,2.0 217,2.0 
196,2.0 211,2.0 220,2.0 
91,2.0 97,2.0 211,2.0 225,2.0 226,2.0 
25,2.0 27,2.0 44,2.0 56,1.0 58,1.0 186,2.0 215,2.0 223,2.0 225,2.0 232,2.0 
6,2.0 7,2.0 92,2.0 97,2.0 165,4.0 203,6.0 214,12.0 215,4.0 230,2.0 231,2.0 244,2.0 245,2.0 246,2.0 247,2.0 
2,2.0 7,2.0 27,2.0 56,1.0 58,1.0 138,2.0 215,2.0 219,2.0 221,2.0 225,2.0 232,2.0 
220,2.0 225,2.0 
21,2.0 27,4.0 56,1.0 58,1.0 91,2.0 129,4.0 130,2.0 215,2.0 220,4.0 221,2.0 223,2.0 226,2.0 232,2.0 233,2.0 242,2.0 243,2.0 
96,2.0 209,2.0 227,2.0 228,2.0 334,1.0 
44,2.0 215,2.0 228,2.0 
44,2.0 215,2.0 227,2.0 
222,2.0 230,2.0 
6,2.0 7,2.0 131,2.0 222,2.0 231,2.0 
6,2.0 7,2.0 27,2.0 215,2.0 221,2.0 223,2.0 225,2.0 232,2.0 
27,2.0 56,1.0 58,1.0 215,2.0 221,2.0 223,2.0 225,2.0 
91,2.0 98,4.0 225,2.0 234,2.0 235,2.0 236,2.0 238,2.0 244,2.0 
92,1.0 93,1.0 96,2.0 203,1.0 233,2.0 235,2.0 236,2.0 265,2.0 
129,2.0 236,2.0 
129,2.0 235,2.0 
129,2.0 238,2.0 
92,2.0 98,4.0 129,2.0 131,4.0 
5,1.0 99,2.0 240,2.0 286,1.0 
9,1.0 22,1.0 99,2.0 239,2.0 281,1.0 
95,2.0 129,2.0 
98,2.0 243,2.0 
21,2.0 98,2.0 242,2.0 258,2.0 
92,2.0 94,2.0 98,2.0 131,2.0 214,2.0 252,2.0 253,2.0 
222,2.0 246,2.0 247,2.0 
214,2.0 247,2.0 
214,2.0 246,2.0 
209,2.0 249,2.0 
209,2.0 248,2.0 
28,2.0 97,2.0 209,2.0 257,2.0 
3,1.0 6,2.0 7,1.0 9,2.0 10,1.0 23,1.0 70,1.0 73,1.0 95,2.0 116,2.0 
97,2.0 253,2.0 
97,2.0 252,2.0 
131,2.0 255,2.0 
131,2.0 254,2.0 
1,1.0 8,1.0 9,1.0 131,2.0 177,2.0 
214,2.0 
21,2.0 243,2.0 
21,2.0 25,2.0 
1,1.0 5,2.0 60,1.0 63,1.0 82,1.0 92,2.0 104,2.0 116,1.0 123,1.0 145,1.0 188,1.0 313,1.0 316,1.0 317,1.0 320,1.0 
138,2.0 262,2.0 
138,2.0 261,2.0 
28,6.0 
8,1.0 9,1.0 92,2.0 
130,2.0 
98,2.0 267,2.0 
98,2.0 266,2.0 
112,2.0 124,2.0 196,2.0 
93,2.0 153,2.0 
45,2.0 67,2.0 271,2.0 272,2.0 273,2.0 
67,2.0 145,2.0 179,2.0 272,2.0 273,2.0 274,2.0 
67,2.0 145,2.0 179,2.0 271,2.0 273,2.0 274,2.0 
67,2.0 145,3.0 179,2.0 271,2.0 272,2.0 274,2.0 
69,2.0 104,2.0 145,2.0 179,2.0 
56,1.0 89,1.0 276,2.0 277,2.0 278,2.0 279,2.0 
56,1.0 89,1.0 275,2.0 277,2.0 278,2.0 279,2.0 
56,1.0 89,1.0 275,2.0 276,2.0 278,2.0 279,2.0 
56,1.0 89,1.0 275,2.0 276,2.0 277,2.0 279,2.0 
56,1.0 89,1.0 275,2.0 276,2.0 277,2.0 278,2.0 
59,2.0 133,2.0 240,1.0 281,1.0 287,1.0 
9,1.0 22,1.0 240,1.0 
5,1.0 59,2.0 71,2.0 145,1.0 192,1.0 
2,1.0 
30,1.0 168,1.0 
21,1.0 31,2.0 60,1.0 88,1.0 92,1.0 97,1.0 124,1.0 131,1.0 177,1.0 
5,1.0 284,1.0 
9,1.0 22,1.0 
103,1.0 111,1.0 134,1.0 178,1.0 289,1.0 
46,1.0 111,1.0 290,1.0 
46,1.0 86,1.0 126,1.0 
126,1.0 
126,1.0 293,1.0 
2,1.0 3,1.0 126,1.0 
90,1.0 132,1.0 
7,1.0 31,1.0 
5,1.0 7,1.0 30,1.0 89,1.0 
89,1.0 298,1.0 
89,1.0 297,1.0 
0,2.0 1,1.0 89,2.0 181,1.0 301,2.0 302,2.0 
0,2.0 68,2.0 
0,2.0 73,2.0 
303,1.0 304,1.0 
304,1.0 
299,1.0 307,1.0 308,1.0 
9,1.0 46,1.0 306,1.0 309,1.0 
68,1.0 
89,1.0 308,1.0 
89,1.0 307,1.0 311,1.0 337,1.0 338,1.0 
46,1.0 305,1.0 
2,1.0 5,1.0 
2,2.0 126,2.0 133,2.0 308,1.0 312,1.0 337,1.0 338,1.0 
0,1.0 1,1.0 126,1.0 
0,1.0 1,1.0 5,2.0 82,1.0 260,1.0 316,1.0 317,1.0 
315,1.0 
10,1.0 11,1.0 
5,1.0 82,1.0 260,1.0 313,1.0 317,1.0 
5,1.0 82,1.0 260,1.0 313,1.0 316,1.0 
12,1.0 319,1.0 
3,1.0 12,1.0 30,1.0 48,1.0 
113,1.0 123,1.0 145,1.0 188,1.0 
1,1.0 60,1.0 116,1.0 260,1.0 
0,1.0 7,1.0 10,3.0 11,1.0 12,1.0 84,1.0 89,1.0 116,1.0 325,1.0 330,1.0 
3,1.0 4,1.0 7,1.0 8,1.0 9,3.0 23,1.0 73,1.0 85,2.0 251,2.0 
9,1.0 85,1.0 133,1.0 
4,1.0 10,1.0 11,2.0 12,2.0 22,1.0 322,1.0 
7,1.0 8,1.0 9,1.0 85,1.0 251,1.0 
11,1.0 12,1.0 
1,1.0 6,1.0 11,1.0 12,1.0 59,1.0 70,1.0 116,1.0 251,1.0 329,1.0 333,1.0 
70,1.0 251,1.0 328,1.0 
10,1.0 116,1.0 322,1.0 
3,1.0 73,1.0 251,1.0 
7,1.0 8,1.0 
59,1.0 328,1.0 
335,1.0 
9,1.0 116,1.0 
1,1.0 6,1.0 
145,1.0 338,1.0 339,1.0 
145,1.0 337,1.0 339,1.0 
52,1.0 145,1.0 340,1.0 
52,1.0 178,1.0 288,1.0 
273,1.0 342,1.0 343,1.0 344,1.0 
273,1.0 341,1.0 343,1.0 344,1.0 
273,1.0 341,1.0 342,1.0 344,1.0 
273,1.0 341,1.0 342,1.0 343,1.0 
60,1.0 87,1.0 285,1.0 
134,1.0 347,1.0 348,1.0 349,1.0 350,1.0 351,1.0 352,1.0 
348,1.0 349,1.0 350,1.0 351,1.0 352,1.0 
347,1.0 349,1.0 350,1.0 351,1.0 352,1.0 
347,1.0 348,1.0 350,1.0 351,1.0 352,1.0 
347,1.0 348,1.0 349,1.0 351,1.0 352,1.0 
347,1.0 348,1.0 349,1.0 350,1.0 352,1.0 
347,1.0 348,1.0 349,1.0 350,1.0 351,1.0 
