0,55.0 1,81.0 2,89.0 3,3.0 4,4.0 5,10.0 6,8.0 7,4.0 8,4.0 9,2.0 10,5.0 11,9.0 12,4.0 13,5.0 14,62.0 15,54.0 16,2.0 17,2.0 19,2.0 20,2.0 21,2.0 22,3.0 23,26.0 24,1.0 25,4.0 26,2.0 27,1.0 29,3.0 30,2.0 32,1.0 36,6.0 37,2.0 38,7.0 39,14.0 40,9.0 54,4.0 55,4.0 58,2.0 61,8.0 63,2.0 74,1.0 75,1.0 76,1.0 77,1.0 78,1.0 79,1.0 80,2.0 82,1.0 83,1.0 87,2.0 92,1.0 96,2.0 97,1.0 99,4.0 100,2.0 103,1.0 109,1.0 134,2.0 135,2.0 144,1.0 148,1.0 151,3.0 152,2.0 155,2.0 156,1.0 160,2.0 161,1.0 165,1.0 167,1.0 168,1.0 170,1.0 189,1.0 218,4.0 220,1.0 221,1.0 226,9.0 227,4.0 228,1.0 229,1.0 237,2.0 238,1.0 240,1.0 242,1.0 243,2.0 249,1.0 
0,88.0 1,37.0 2,96.0 3,3.0 4,3.0 5,6.0 6,2.0 7,3.0 8,4.0 9,2.0 10,2.0 11,6.0 12,3.0 13,2.0 14,3.0 15,3.0 23,1.0 25,2.0 27,1.0 29,22.0 36,9.0 38,2.0 39,5.0 40,9.0 47,2.0 48,4.0 49,2.0 58,2.0 74,1.0 75,1.0 85,2.0 95,2.0 134,2.0 157,1.0 164,1.0 166,1.0 168,1.0 189,1.0 218,2.0 220,1.0 221,1.0 238,1.0 240,1.0 258,1.0 286,2.0 
0,92.0 1,101.0 2,73.0 3,2.0 4,2.0 5,9.0 6,3.0 7,4.0 8,4.0 9,2.0 10,2.0 11,10.0 12,4.0 13,4.0 14,13.0 15,3.0 25,2.0 26,2.0 27,1.0 28,3.0 29,47.0 30,7.0 31,3.0 32,13.0 33,24.0 34,2.0 35,4.0 36,14.0 37,3.0 38,8.0 39,4.0 40,15.0 41,3.0 42,2.0 44,2.0 45,1.0 46,2.0 47,4.0 48,4.0 49,2.0 53,4.0 54,2.0 56,2.0 57,2.0 58,3.0 82,1.0 83,1.0 104,2.0 114,2.0 115,2.0 117,2.0 120,2.0 121,1.0 131,2.0 135,2.0 136,4.0 137,2.0 144,4.0 160,1.0 164,1.0 166,1.0 168,1.0 170,1.0 180,1.0 181,1.0 182,1.0 218,2.0 221,1.0 224,1.0 226,10.0 227,3.0 228,1.0 229,6.0 232,3.0 237,2.0 238,1.0 239,1.0 253,2.0 254,1.0 255,2.0 256,1.0 257,1.0 258,1.0 260,1.0 262,1.0 263,2.0 264,1.0 265,1.0 286,2.0 
0,3.0 1,3.0 2,2.0 4,3.0 40,1.0 220,1.0 
0,5.0 1,4.0 2,3.0 5,3.0 14,1.0 15,1.0 21,3.0 23,1.0 40,1.0 82,1.0 165,1.0 166,1.0 168,1.0 
0,12.0 1,6.0 2,7.0 6,8.0 7,7.0 11,3.0 12,1.0 14,8.0 15,6.0 23,5.0 29,6.0 30,1.0 33,2.0 36,1.0 38,1.0 39,2.0 40,2.0 117,4.0 118,2.0 131,1.0 136,1.0 221,1.0 287,1.0 
0,8.0 1,2.0 2,4.0 5,8.0 7,3.0 11,1.0 12,1.0 14,9.0 15,6.0 22,6.0 23,4.0 28,1.0 29,8.0 37,2.0 39,2.0 53,1.0 72,2.0 96,1.0 98,2.0 103,1.0 114,2.0 118,3.0 125,10.0 131,1.0 136,3.0 137,2.0 232,12.0 288,1.0 
0,7.0 1,4.0 2,8.0 5,2.0 6,3.0 11,2.0 13,1.0 14,5.0 15,2.0 23,4.0 29,2.0 36,1.0 82,1.0 121,8.0 131,1.0 207,8.0 231,1.0 
0,4.0 1,4.0 2,4.0 
0,2.0 1,2.0 2,2.0 10,2.0 
0,6.0 1,3.0 2,3.0 11,2.0 13,1.0 14,4.0 15,4.0 23,1.0 33,1.0 98,1.0 163,2.0 164,1.0 165,5.0 166,1.0 187,1.0 192,1.0 205,1.0 207,1.0 
0,9.0 1,6.0 2,11.0 5,1.0 6,2.0 7,2.0 12,4.0 13,5.0 14,3.0 15,1.0 23,4.0 25,3.0 28,1.0 29,8.0 30,1.0 33,1.0 36,1.0 40,2.0 57,2.0 116,1.0 127,1.0 130,1.0 131,1.0 136,4.0 137,1.0 189,1.0 212,8.0 221,1.0 226,2.0 233,2.0 
0,4.0 1,3.0 2,4.0 11,5.0 13,1.0 28,1.0 29,3.0 33,2.0 40,1.0 118,1.0 137,1.0 205,1.0 207,1.0 226,1.0 
0,6.0 1,2.0 2,3.0 7,1.0 11,2.0 12,1.0 14,5.0 15,3.0 23,4.0 25,4.0 28,6.0 29,2.0 33,2.0 39,1.0 67,1.0 118,1.0 131,1.0 137,1.0 205,2.0 207,2.0 218,2.0 226,1.0 
0,62.0 1,2.0 2,16.0 5,6.0 6,9.0 7,4.0 10,3.0 11,3.0 13,3.0 14,21.0 15,51.0 16,2.0 17,2.0 19,3.0 20,2.0 21,2.0 22,4.0 23,43.0 24,1.0 25,2.0 26,2.0 29,21.0 36,2.0 39,2.0 47,2.0 48,2.0 51,2.0 52,2.0 53,4.0 55,2.0 60,2.0 61,2.0 62,3.0 68,2.0 72,2.0 82,1.0 92,2.0 93,2.0 125,1.0 145,1.0 151,2.0 152,2.0 160,2.0 161,1.0 165,2.0 167,1.0 168,1.0 169,1.0 225,1.0 227,1.0 237,2.0 287,1.0 288,1.0 
0,51.0 2,4.0 5,4.0 6,6.0 7,2.0 10,4.0 11,1.0 13,1.0 14,53.0 15,13.0 16,2.0 17,2.0 19,3.0 20,2.0 21,2.0 22,3.0 23,37.0 24,1.0 25,2.0 28,1.0 29,8.0 30,1.0 31,2.0 32,3.0 33,9.0 40,1.0 42,1.0 45,2.0 46,2.0 62,1.0 76,3.0 77,1.0 78,1.0 79,1.0 80,1.0 106,1.0 131,2.0 145,1.0 151,2.0 152,2.0 160,2.0 161,2.0 162,1.0 165,2.0 167,1.0 168,1.0 172,1.0 174,1.0 180,1.0 194,2.0 208,2.0 215,9.0 216,2.0 217,1.0 218,1.0 219,1.0 227,1.0 
17,2.0 
0,2.0 14,2.0 15,2.0 18,2.0 19,2.0 
0,2.0 14,2.0 15,2.0 17,2.0 
0,2.0 10,2.0 14,3.0 15,3.0 23,2.0 29,1.0 33,1.0 162,1.0 169,1.0 215,1.0 217,1.0 225,1.0 
0,2.0 14,2.0 15,2.0 21,2.0 
0,2.0 4,3.0 6,2.0 10,1.0 14,2.0 15,2.0 167,1.0 168,4.0 169,1.0 
0,3.0 6,7.0 11,1.0 13,1.0 14,4.0 15,3.0 23,2.0 29,1.0 
0,26.0 1,2.0 2,5.0 5,3.0 6,4.0 7,4.0 10,1.0 11,3.0 13,4.0 14,41.0 15,34.0 19,2.0 22,2.0 23,10.0 24,1.0 25,4.0 29,20.0 30,3.0 31,3.0 32,11.0 33,9.0 36,2.0 39,10.0 40,7.0 43,1.0 44,1.0 45,3.0 46,5.0 47,4.0 48,2.0 51,2.0 52,2.0 53,4.0 67,10.0 73,2.0 76,5.0 77,1.0 78,1.0 79,1.0 80,1.0 82,1.0 101,1.0 131,3.0 151,3.0 152,4.0 160,3.0 161,1.0 162,1.0 164,1.0 165,1.0 167,1.0 168,1.0 169,1.0 184,2.0 187,1.0 189,1.0 208,2.0 215,9.0 216,2.0 217,1.0 218,1.0 219,1.0 222,1.0 223,1.0 224,2.0 225,1.0 227,1.0 
0,1.0 5,1.0 14,1.0 15,1.0 23,1.0 
0,4.0 1,2.0 2,2.0 7,1.0 11,4.0 13,3.0 14,2.0 15,2.0 23,4.0 28,2.0 29,2.0 33,2.0 39,2.0 40,2.0 57,2.0 67,2.0 130,1.0 131,2.0 136,2.0 137,1.0 205,2.0 218,2.0 
0,2.0 1,1.0 2,2.0 14,1.0 
28,1.0 
2,5.0 5,1.0 7,2.0 11,4.0 12,1.0 25,2.0 29,4.0 33,3.0 36,2.0 37,2.0 57,2.0 98,2.0 136,2.0 137,1.0 139,8.0 197,1.0 205,2.0 218,2.0 233,10.0 
1,22.0 2,52.0 5,5.0 6,6.0 7,3.0 10,1.0 11,7.0 12,2.0 13,2.0 14,20.0 15,10.0 19,1.0 22,1.0 23,18.0 25,2.0 28,4.0 29,39.0 30,4.0 31,2.0 32,1.0 33,24.0 34,2.0 35,2.0 36,12.0 37,4.0 38,5.0 39,5.0 40,1.0 46,2.0 47,4.0 48,6.0 49,2.0 51,2.0 52,2.0 53,6.0 56,2.0 58,6.0 60,3.0 61,3.0 76,1.0 82,1.0 83,2.0 84,2.0 85,2.0 86,2.0 92,2.0 93,2.0 98,8.0 106,2.0 110,2.0 113,4.0 114,1.0 115,2.0 116,1.0 117,2.0 118,3.0 119,2.0 120,2.0 121,3.0 122,2.0 123,1.0 124,4.0 125,4.0 126,1.0 129,1.0 130,1.0 131,3.0 133,1.0 134,2.0 135,1.0 136,3.0 137,2.0 138,2.0 139,2.0 140,1.0 161,1.0 169,1.0 172,1.0 174,1.0 180,1.0 194,2.0 221,1.0 224,1.0 225,1.0 239,1.0 285,1.0 287,1.0 288,1.0 289,1.0 
0,2.0 2,6.0 5,1.0 6,1.0 7,1.0 11,1.0 12,1.0 13,1.0 15,1.0 23,3.0 29,3.0 31,2.0 33,2.0 38,1.0 39,2.0 46,3.0 54,1.0 55,1.0 58,1.0 67,2.0 76,1.0 83,1.0 131,2.0 135,2.0 215,1.0 218,1.0 226,2.0 229,1.0 230,1.0 254,1.0 258,1.0 
2,3.0 15,2.0 23,3.0 29,2.0 32,3.0 33,3.0 35,1.0 40,1.0 45,2.0 46,2.0 131,1.0 215,2.0 261,1.0 
0,1.0 1,2.0 2,13.0 15,1.0 23,9.0 29,2.0 31,1.0 32,12.0 33,2.0 40,30.0 41,4.0 42,12.0 43,2.0 44,1.0 45,1.0 46,1.0 47,2.0 55,3.0 73,2.0 76,3.0 77,1.0 78,1.0 79,1.0 80,1.0 101,2.0 151,1.0 152,2.0 160,1.0 
2,27.0 5,2.0 10,2.0 11,1.0 12,2.0 13,2.0 15,10.0 19,1.0 23,10.0 25,1.0 28,2.0 29,30.0 30,2.0 31,3.0 32,1.0 33,32.0 34,2.0 35,2.0 36,2.0 37,2.0 38,3.0 39,2.0 40,2.0 45,2.0 46,2.0 103,1.0 110,1.0 114,2.0 118,2.0 131,3.0 136,3.0 137,2.0 144,2.0 162,1.0 187,2.0 192,3.0 205,48.0 206,1.0 207,4.0 208,4.0 209,4.0 210,4.0 211,2.0 212,1.0 213,2.0 214,2.0 215,10.0 216,2.0 217,1.0 218,1.0 219,1.0 221,1.0 224,1.0 239,1.0 
2,2.0 29,2.0 33,2.0 35,1.0 
2,4.0 29,2.0 33,2.0 36,1.0 47,1.0 48,1.0 53,1.0 55,1.0 58,1.0 104,1.0 106,2.0 110,1.0 143,1.0 229,1.0 
0,4.0 1,7.0 2,10.0 5,1.0 7,1.0 11,1.0 29,8.0 33,2.0 36,4.0 37,5.0 38,1.0 39,2.0 49,2.0 53,1.0 54,1.0 57,1.0 58,1.0 59,1.0 67,1.0 79,1.0 96,4.0 97,2.0 98,1.0 99,3.0 100,2.0 103,1.0 106,1.0 107,2.0 108,1.0 117,1.0 144,1.0 146,1.0 163,1.0 207,1.0 212,1.0 229,2.0 234,1.0 240,1.0 242,2.0 243,1.0 245,1.0 
0,2.0 2,3.0 6,2.0 28,2.0 29,4.0 33,2.0 36,2.0 37,6.0 38,1.0 54,4.0 55,4.0 56,2.0 57,1.0 58,2.0 61,1.0 98,2.0 99,2.0 100,2.0 103,1.0 107,1.0 110,1.0 111,2.0 112,1.0 113,2.0 117,1.0 125,1.0 137,1.0 144,1.0 230,1.0 232,1.0 233,2.0 247,1.0 
0,6.0 1,2.0 2,5.0 13,1.0 29,4.0 30,1.0 32,1.0 33,2.0 36,1.0 38,2.0 39,13.0 40,1.0 57,2.0 58,2.0 59,1.0 82,2.0 87,2.0 98,1.0 124,2.0 125,2.0 135,1.0 140,1.0 146,1.0 162,1.0 218,1.0 226,2.0 268,1.0 269,2.0 270,1.0 
0,11.0 1,8.0 2,5.0 6,2.0 13,1.0 23,9.0 25,2.0 29,5.0 30,2.0 32,1.0 33,1.0 36,2.0 38,15.0 39,6.0 40,1.0 46,2.0 57,1.0 61,1.0 67,9.0 76,1.0 79,1.0 82,3.0 85,2.0 87,2.0 95,2.0 98,1.0 99,3.0 113,1.0 118,3.0 131,1.0 142,1.0 145,1.0 157,3.0 158,1.0 159,1.0 162,1.0 164,1.0 184,2.0 222,1.0 223,1.0 224,2.0 240,1.0 250,1.0 251,1.0 252,1.0 268,1.0 269,2.0 270,1.0 
0,10.0 1,12.0 2,14.0 3,1.0 4,1.0 5,2.0 11,2.0 12,1.0 23,9.0 25,2.0 29,3.0 31,1.0 32,30.0 40,14.0 41,4.0 42,12.0 43,2.0 44,1.0 45,1.0 46,1.0 47,2.0 101,2.0 134,2.0 151,1.0 152,2.0 160,2.0 182,1.0 189,1.0 218,2.0 219,1.0 220,1.0 221,1.0 
2,1.0 32,4.0 40,4.0 42,3.0 
23,2.0 32,12.0 40,12.0 41,1.0 42,4.0 43,1.0 101,1.0 111,1.0 
23,1.0 32,1.0 40,1.0 44,1.0 
2,2.0 23,1.0 32,1.0 40,1.0 45,2.0 265,1.0 
2,1.0 15,2.0 23,3.0 31,3.0 32,1.0 33,2.0 40,1.0 46,1.0 215,2.0 
1,1.0 2,3.0 15,2.0 23,5.0 29,3.0 30,2.0 31,3.0 32,1.0 33,2.0 39,2.0 40,2.0 47,1.0 54,1.0 67,2.0 215,2.0 219,1.0 224,2.0 
1,4.0 2,5.0 5,1.0 11,1.0 14,4.0 23,4.0 29,8.0 30,1.0 53,2.0 57,1.0 59,1.0 61,1.0 78,1.0 104,1.0 130,1.0 142,1.0 143,1.0 229,1.0 
1,4.0 2,4.0 14,1.0 19,1.0 23,1.0 29,5.0 35,1.0 36,2.0 60,1.0 99,1.0 101,1.0 102,1.0 106,1.0 225,1.0 
50,6.0 
49,4.0 51,2.0 
14,4.0 23,4.0 29,4.0 47,2.0 52,2.0 
14,2.0 23,2.0 29,2.0 51,2.0 
0,1.0 2,3.0 4,1.0 6,1.0 14,2.0 23,2.0 25,1.0 28,1.0 29,4.0 30,1.0 36,4.0 38,1.0 54,1.0 56,1.0 58,2.0 59,1.0 72,1.0 110,1.0 117,1.0 121,1.0 141,1.0 144,2.0 160,1.0 184,1.0 221,1.0 227,1.0 229,1.0 232,2.0 257,1.0 
0,2.0 2,3.0 31,1.0 36,1.0 37,4.0 46,1.0 55,5.0 58,4.0 59,2.0 63,2.0 108,1.0 145,1.0 204,1.0 266,1.0 294,1.0 
0,2.0 1,1.0 13,1.0 14,2.0 23,2.0 30,1.0 35,1.0 37,4.0 54,5.0 58,2.0 63,2.0 72,2.0 74,4.0 75,4.0 143,1.0 204,1.0 230,1.0 294,1.0 
0,1.0 2,2.0 6,1.0 11,1.0 29,1.0 57,2.0 58,2.0 59,1.0 61,1.0 110,1.0 113,2.0 120,2.0 136,1.0 147,1.0 183,1.0 232,2.0 250,1.0 
2,3.0 11,2.0 36,2.0 38,2.0 47,1.0 58,4.0 59,2.0 60,2.0 61,3.0 72,2.0 78,1.0 91,2.0 136,3.0 144,1.0 230,1.0 243,1.0 248,1.0 271,1.0 
0,4.0 1,3.0 2,4.0 5,2.0 6,1.0 11,1.0 13,1.0 29,3.0 30,1.0 35,1.0 36,1.0 38,1.0 39,1.0 53,1.0 54,4.0 55,2.0 56,2.0 57,4.0 59,4.0 60,3.0 72,2.0 79,1.0 91,2.0 98,2.0 99,1.0 100,2.0 106,1.0 108,5.0 109,2.0 110,3.0 113,5.0 117,2.0 119,1.0 136,1.0 138,1.0 145,1.0 160,1.0 162,1.0 183,1.0 204,1.0 229,1.0 230,1.0 246,1.0 250,1.0 266,1.0 294,1.0 
0,1.0 33,1.0 36,1.0 47,1.0 54,2.0 56,1.0 58,2.0 60,2.0 61,3.0 108,1.0 113,1.0 114,1.0 130,2.0 142,1.0 143,1.0 145,1.0 147,1.0 151,1.0 152,1.0 204,1.0 205,1.0 266,1.0 283,1.0 
14,4.0 29,3.0 38,1.0 39,1.0 48,1.0 57,2.0 58,3.0 61,4.0 62,2.0 72,2.0 78,1.0 91,2.0 92,2.0 93,2.0 94,1.0 99,2.0 101,1.0 102,1.0 103,1.0 104,1.0 105,1.0 106,1.0 107,1.0 113,1.0 119,1.0 120,1.0 121,1.0 
0,7.0 14,4.0 29,3.0 36,1.0 37,1.0 47,1.0 57,3.0 60,4.0 61,2.0 62,3.0 78,2.0 92,2.0 93,2.0 107,1.0 142,2.0 148,1.0 151,1.0 155,2.0 156,1.0 168,1.0 183,1.0 250,1.0 271,1.0 285,1.0 
2,2.0 14,3.0 15,1.0 39,2.0 54,1.0 58,1.0 
64,6.0 
63,4.0 65,2.0 
66,2.0 67,2.0 
65,2.0 
0,1.0 13,1.0 14,2.0 23,9.0 25,2.0 29,1.0 30,2.0 36,1.0 37,1.0 39,9.0 46,2.0 67,1.0 76,1.0 99,1.0 131,1.0 164,1.0 184,2.0 222,1.0 223,1.0 224,2.0 
69,6.0 
68,4.0 70,2.0 
14,2.0 55,2.0 71,2.0 72,2.0 
70,2.0 
14,4.0 23,2.0 29,2.0 39,2.0 53,1.0 55,2.0 60,2.0 61,2.0 91,2.0 117,1.0 130,1.0 136,1.0 141,1.0 142,1.0 232,2.0 
2,1.0 32,2.0 55,1.0 
0,2.0 1,2.0 15,3.0 23,3.0 32,1.0 55,1.0 75,5.0 76,1.0 
0,2.0 1,2.0 15,3.0 23,3.0 32,1.0 55,1.0 74,5.0 76,1.0 
0,1.0 14,1.0 15,1.0 23,2.0 29,2.0 32,3.0 55,2.0 77,1.0 78,1.0 79,1.0 80,1.0 106,1.0 114,1.0 188,1.0 
78,1.0 79,1.0 80,1.0 81,1.0 
36,1.0 57,1.0 60,1.0 61,2.0 77,1.0 79,1.0 80,1.0 81,1.0 105,1.0 106,1.0 107,1.0 142,1.0 
29,1.0 36,1.0 39,1.0 77,1.0 78,1.0 80,1.0 81,1.0 106,1.0 107,1.0 114,1.0 145,1.0 157,1.0 229,1.0 234,1.0 
0,1.0 77,1.0 78,1.0 79,1.0 81,1.0 144,1.0 229,1.0 243,1.0 
55,1.0 74,1.0 75,1.0 183,2.0 230,1.0 250,1.0 
0,2.0 1,1.0 2,3.0 33,4.0 58,1.0 103,1.0 110,1.0 226,1.0 241,1.0 
0,1.0 2,3.0 30,1.0 84,2.0 85,2.0 86,2.0 135,1.0 226,1.0 
2,2.0 83,2.0 85,2.0 86,2.0 
0,2.0 1,3.0 2,2.0 39,2.0 83,2.0 84,2.0 86,2.0 95,2.0 240,1.0 
2,2.0 83,2.0 84,2.0 85,2.0 
88,6.0 
87,4.0 89,2.0 
57,2.0 58,2.0 60,2.0 90,2.0 
89,2.0 
14,2.0 29,2.0 60,2.0 61,2.0 72,2.0 
0,1.0 36,1.0 93,2.0 94,3.0 107,1.0 227,1.0 243,1.0 244,1.0 249,1.0 
92,2.0 94,2.0 
1,2.0 36,1.0 39,2.0 60,1.0 85,2.0 92,1.0 95,2.0 99,1.0 103,1.0 104,1.0 107,1.0 244,1.0 
0,2.0 1,3.0 39,2.0 85,2.0 240,1.0 
6,1.0 36,2.0 39,2.0 97,1.0 121,1.0 125,1.0 136,1.0 236,1.0 242,1.0 
36,1.0 39,1.0 96,1.0 
5,1.0 6,2.0 10,1.0 11,1.0 23,1.0 28,2.0 29,7.0 36,1.0 37,1.0 58,2.0 61,1.0 67,1.0 79,1.0 99,1.0 113,2.0 117,1.0 121,1.0 124,2.0 125,2.0 126,1.0 136,1.0 137,1.0 139,2.0 140,1.0 187,1.0 197,1.0 281,1.0 
0,2.0 36,3.0 37,2.0 39,1.0 60,2.0 67,1.0 78,1.0 81,1.0 82,1.0 94,1.0 98,1.0 100,1.0 103,2.0 104,1.0 105,1.0 106,1.0 183,1.0 230,1.0 250,1.0 
0,1.0 37,2.0 38,1.0 48,1.0 58,2.0 60,1.0 99,1.0 101,1.0 102,1.0 106,1.0 107,2.0 108,2.0 109,2.0 111,1.0 140,1.0 245,1.0 247,1.0 
23,1.0 32,1.0 40,1.0 48,1.0 60,1.0 99,1.0 102,1.0 152,1.0 
48,1.0 60,1.0 99,1.0 101,1.0 
6,1.0 29,1.0 33,1.0 60,1.0 92,1.0 94,2.0 99,1.0 104,2.0 106,1.0 107,1.0 108,1.0 110,2.0 158,1.0 159,1.0 229,1.0 232,1.0 244,1.0 267,1.0 
2,1.0 5,1.0 11,1.0 30,1.0 47,1.0 60,1.0 94,1.0 99,1.0 103,2.0 108,1.0 159,1.0 229,2.0 
53,1.0 60,1.0 78,1.0 106,1.0 107,1.0 184,1.0 
15,1.0 23,1.0 29,2.0 35,1.0 53,1.0 58,1.0 60,1.0 78,1.0 100,1.0 103,1.0 105,1.0 107,3.0 110,2.0 114,3.0 144,1.0 145,1.0 146,1.0 158,1.0 188,1.0 189,1.0 245,1.0 267,1.0 282,1.0 
36,2.0 53,1.0 58,2.0 72,1.0 79,1.0 92,1.0 94,1.0 100,2.0 106,1.0 107,1.0 108,2.0 109,1.0 229,2.0 234,1.0 244,1.0 245,1.0 246,1.0 
37,2.0 56,2.0 58,3.0 59,1.0 100,2.0 108,2.0 109,1.0 110,1.0 111,2.0 112,1.0 113,2.0 147,1.0 229,1.0 246,1.0 247,1.0 250,1.0 
0,1.0 58,2.0 99,1.0 100,2.0 108,2.0 
6,1.0 11,1.0 29,2.0 33,1.0 35,1.0 37,2.0 53,1.0 56,1.0 58,3.0 103,2.0 106,2.0 111,1.0 112,1.0 136,1.0 158,1.0 160,1.0 162,1.0 267,1.0 
37,4.0 61,1.0 78,1.0 100,1.0 110,1.0 112,1.0 247,1.0 
37,2.0 110,1.0 111,1.0 
0,1.0 5,2.0 29,2.0 38,1.0 39,3.0 56,2.0 58,5.0 59,1.0 60,1.0 61,1.0 79,1.0 98,2.0 117,2.0 119,1.0 138,1.0 147,1.0 183,1.0 250,1.0 251,1.0 252,1.0 
2,1.0 6,2.0 29,2.0 33,2.0 59,1.0 72,2.0 106,3.0 137,1.0 144,1.0 145,1.0 146,1.0 151,1.0 152,1.0 188,1.0 189,1.0 205,2.0 209,1.0 210,1.0 211,1.0 232,2.0 
2,1.0 25,2.0 28,1.0 29,1.0 144,1.0 229,1.0 
29,1.0 37,1.0 
2,3.0 5,2.0 6,4.0 7,4.0 28,2.0 29,2.0 37,3.0 39,2.0 56,1.0 103,1.0 118,2.0 125,2.0 136,1.0 137,1.0 232,1.0 255,1.0 
6,2.0 12,1.0 13,1.0 29,4.0 33,2.0 39,2.0 60,1.0 118,1.0 120,1.0 205,2.0 207,2.0 
29,1.0 38,1.0 39,1.0 58,1.0 60,1.0 113,1.0 120,1.0 124,2.0 137,2.0 196,2.0 
2,2.0 29,2.0 53,2.0 60,1.0 121,3.0 227,1.0 232,1.0 257,1.0 
2,1.0 5,1.0 6,3.0 11,2.0 14,2.0 28,4.0 29,3.0 36,1.0 37,1.0 38,2.0 53,1.0 122,1.0 124,1.0 137,2.0 221,3.0 227,1.0 234,1.0 
29,1.0 123,1.0 
6,2.0 29,1.0 38,1.0 114,2.0 124,1.0 
0,2.0 6,3.0 7,4.0 11,1.0 28,3.0 29,5.0 38,2.0 96,1.0 98,5.0 117,2.0 125,2.0 126,1.0 136,3.0 189,1.0 196,2.0 198,1.0 199,1.0 
7,1.0 28,2.0 29,3.0 98,2.0 124,1.0 126,1.0 137,2.0 139,1.0 140,1.0 221,6.0 288,1.0 289,1.0 
11,1.0 29,1.0 98,1.0 124,1.0 
128,1.0 
29,1.0 129,1.0 
11,1.0 29,1.0 
25,1.0 29,1.0 33,1.0 47,1.0 59,2.0 72,1.0 117,1.0 131,1.0 136,1.0 142,2.0 143,1.0 204,1.0 205,1.0 
2,3.0 6,1.0 7,1.0 15,2.0 23,3.0 25,1.0 29,3.0 30,3.0 33,3.0 39,1.0 53,1.0 67,1.0 132,1.0 215,2.0 218,1.0 
29,1.0 133,1.0 
29,2.0 
0,1.0 1,1.0 3,1.0 29,1.0 40,1.0 135,1.0 220,1.0 
0,2.0 2,2.0 29,1.0 30,1.0 38,2.0 46,1.0 218,1.0 226,2.0 
2,5.0 6,2.0 11,3.0 12,1.0 22,1.0 28,4.0 29,3.0 33,3.0 37,1.0 57,2.0 72,1.0 82,1.0 96,1.0 98,1.0 117,1.0 121,7.0 130,1.0 136,1.0 137,3.0 142,1.0 157,1.0 189,1.0 197,1.0 205,2.0 212,2.0 235,1.0 236,1.0 
2,2.0 12,1.0 25,1.0 28,1.0 29,3.0 33,4.0 37,1.0 82,1.0 98,1.0 117,2.0 119,2.0 124,8.0 136,2.0 157,1.0 189,1.0 196,2.0 198,1.0 205,4.0 
5,1.0 29,1.0 58,1.0 113,1.0 117,1.0 
6,4.0 29,2.0 37,1.0 61,1.0 98,2.0 117,1.0 136,2.0 137,1.0 140,1.0 157,2.0 
29,1.0 37,1.0 38,1.0 59,1.0 61,1.0 98,1.0 139,1.0 
47,1.0 59,1.0 130,1.0 142,1.0 
47,1.0 59,1.0 61,1.0 62,1.0 72,1.0 117,1.0 130,2.0 136,1.0 143,1.0 190,1.0 250,1.0 
54,1.0 58,1.0 59,1.0 106,1.0 114,1.0 144,1.0 145,2.0 
0,1.0 2,2.0 25,2.0 28,2.0 33,2.0 53,1.0 57,1.0 80,1.0 106,1.0 114,1.0 115,1.0 145,1.0 146,1.0 185,1.0 205,2.0 209,1.0 210,1.0 214,1.0 229,3.0 230,1.0 243,1.0 248,1.0 
54,1.0 58,1.0 59,1.0 106,1.0 114,1.0 144,1.0 146,1.0 150,1.0 172,1.0 266,1.0 
35,2.0 55,1.0 58,1.0 106,1.0 110,1.0 
0,1.0 56,1.0 59,1.0 61,1.0 113,1.0 
149,1.0 
0,1.0 14,1.0 15,2.0 23,2.0 29,1.0 32,1.0 40,1.0 58,1.0 110,1.0 150,1.0 160,6.0 172,2.0 
0,1.0 1,1.0 2,2.0 40,1.0 61,1.0 149,2.0 151,1.0 153,1.0 280,1.0 
0,1.0 14,1.0 15,1.0 23,1.0 150,2.0 152,2.0 172,2.0 173,1.0 
0,1.0 14,1.0 15,1.0 23,2.0 32,1.0 40,1.0 59,1.0 114,1.0 150,1.0 151,3.0 153,1.0 173,2.0 
0,1.0 14,1.0 15,1.0 23,2.0 32,1.0 40,1.0 59,1.0 114,1.0 152,3.0 154,1.0 
0,1.0 61,1.0 152,1.0 
0,1.0 61,1.0 156,1.0 
39,1.0 157,1.0 
39,3.0 79,1.0 100,1.0 124,1.0 136,1.0 137,1.0 145,1.0 158,1.0 159,1.0 189,3.0 192,1.0 193,1.0 197,1.0 198,1.0 
39,1.0 103,1.0 106,1.0 110,1.0 157,1.0 267,1.0 
39,1.0 79,1.0 103,1.0 104,1.0 108,1.0 157,1.0 229,1.0 
0,3.0 1,1.0 2,2.0 4,1.0 14,2.0 15,1.0 23,2.0 29,1.0 32,1.0 40,1.0 47,1.0 53,1.0 58,1.0 110,1.0 149,2.0 151,1.0 161,1.0 162,4.0 163,1.0 171,1.0 
0,1.0 1,1.0 2,1.0 14,1.0 15,1.0 23,1.0 160,3.0 
0,1.0 10,1.0 14,1.0 15,3.0 23,2.0 29,1.0 33,1.0 131,1.0 160,1.0 161,2.0 163,5.0 215,1.0 
10,4.0 14,1.0 15,1.0 38,1.0 39,1.0 149,2.0 162,3.0 164,1.0 
23,1.0 25,1.0 39,1.0 67,1.0 163,3.0 
0,1.0 4,3.0 10,1.0 14,1.0 15,1.0 23,1.0 162,2.0 166,3.0 170,2.0 
2,1.0 21,1.0 40,1.0 165,4.0 167,1.0 182,1.0 
0,1.0 1,1.0 2,1.0 14,1.0 15,1.0 21,1.0 23,1.0 168,2.0 
0,1.0 14,1.0 15,1.0 21,1.0 23,1.0 29,1.0 61,1.0 167,1.0 169,2.0 187,2.0 272,1.0 285,1.0 
6,1.0 14,1.0 21,3.0 23,1.0 29,1.0 
0,1.0 2,1.0 10,1.0 11,1.0 15,1.0 29,1.0 226,1.0 
149,1.0 
0,1.0 14,1.0 15,1.0 23,1.0 38,1.0 39,1.0 149,2.0 150,1.0 151,1.0 160,1.0 
15,1.0 29,1.0 153,2.0 
175,1.0 
176,1.0 
177,1.0 
178,1.0 179,1.0 
15,1.0 29,1.0 179,1.0 
15,1.0 29,1.0 178,1.0 
2,1.0 181,1.0 
154,1.0 
2,1.0 29,1.0 40,1.0 
39,1.0 58,1.0 60,1.0 81,1.0 105,1.0 113,2.0 119,1.0 183,1.0 230,1.0 250,1.0 251,1.0 252,1.0 
23,1.0 39,1.0 53,1.0 67,1.0 144,1.0 222,1.0 223,1.0 
186,1.0 
10,1.0 98,1.0 
4,1.0 23,1.0 33,1.0 76,1.0 136,1.0 167,1.0 205,1.0 272,2.0 
106,1.0 114,1.0 189,1.0 
0,1.0 23,2.0 28,1.0 29,1.0 39,1.0 67,1.0 124,1.0 193,1.0 197,1.0 198,1.0 199,1.0 
191,1.0 
157,1.0 192,1.0 
10,1.0 13,1.0 33,2.0 157,1.0 189,1.0 193,1.0 205,2.0 207,2.0 273,1.0 274,1.0 276,1.0 
0,1.0 189,1.0 
195,2.0 
119,2.0 137,2.0 
0,2.0 124,2.0 
28,1.0 136,1.0 189,1.0 
124,1.0 189,1.0 199,1.0 
200,1.0 
201,1.0 202,1.0 
202,1.0 203,1.0 
201,1.0 203,1.0 
59,1.0 130,1.0 204,1.0 
33,1.0 54,1.0 55,1.0 58,1.0 59,1.0 130,1.0 205,1.0 294,1.0 
10,2.0 12,1.0 13,2.0 15,1.0 23,1.0 25,1.0 28,1.0 33,49.0 114,2.0 118,2.0 136,2.0 137,2.0 144,2.0 187,2.0 192,3.0 205,20.0 206,1.0 207,4.0 208,2.0 209,4.0 210,4.0 211,2.0 212,1.0 213,2.0 214,2.0 215,1.0 
33,1.0 192,1.0 205,1.0 
5,1.0 6,2.0 11,4.0 12,1.0 13,2.0 25,1.0 33,4.0 53,2.0 118,2.0 137,2.0 205,4.0 221,1.0 
15,1.0 19,1.0 23,1.0 33,3.0 205,2.0 215,1.0 216,1.0 217,1.0 
33,4.0 114,1.0 144,1.0 205,4.0 210,2.0 211,1.0 214,1.0 
33,4.0 114,1.0 144,1.0 205,4.0 209,2.0 211,1.0 214,1.0 
33,2.0 114,1.0 205,2.0 209,1.0 210,1.0 
5,1.0 7,2.0 13,5.0 33,1.0 36,1.0 72,1.0 130,1.0 136,2.0 142,1.0 205,1.0 231,1.0 
33,2.0 205,2.0 
33,2.0 144,1.0 205,2.0 209,1.0 210,1.0 
15,9.0 19,1.0 23,9.0 30,1.0 31,2.0 33,9.0 40,1.0 45,2.0 46,2.0 131,2.0 162,1.0 208,2.0 215,1.0 216,2.0 217,1.0 218,1.0 219,1.0 
15,1.0 19,1.0 23,1.0 33,1.0 208,1.0 215,1.0 217,1.0 
15,1.0 19,1.0 23,1.0 33,1.0 162,1.0 215,1.0 
0,4.0 1,2.0 2,2.0 11,1.0 13,1.0 15,1.0 22,2.0 23,1.0 25,1.0 30,3.0 33,1.0 38,1.0 40,2.0 55,1.0 58,1.0 83,1.0 131,1.0 215,1.0 226,2.0 229,1.0 230,1.0 
0,1.0 1,1.0 40,2.0 
0,1.0 1,1.0 3,1.0 4,1.0 40,1.0 
0,1.0 1,1.0 2,1.0 5,2.0 29,1.0 33,1.0 40,1.0 53,1.0 117,6.0 124,10.0 234,1.0 
23,1.0 39,1.0 67,1.0 164,1.0 223,1.0 
23,1.0 39,1.0 67,1.0 164,1.0 222,1.0 
2,1.0 23,2.0 29,1.0 30,1.0 31,1.0 33,1.0 39,2.0 46,1.0 67,2.0 
14,1.0 19,1.0 23,1.0 29,1.0 53,1.0 160,1.0 169,1.0 
0,9.0 2,9.0 11,2.0 12,1.0 13,2.0 30,2.0 38,2.0 83,1.0 135,2.0 170,1.0 218,2.0 226,1.0 227,2.0 228,1.0 
0,2.0 2,2.0 21,1.0 36,1.0 38,1.0 53,1.0 92,1.0 121,1.0 226,1.0 228,1.0 243,1.0 249,1.0 
0,1.0 2,1.0 170,1.0 226,1.0 
0,1.0 2,3.0 5,1.0 11,1.0 25,2.0 28,2.0 30,2.0 36,1.0 47,1.0 53,1.0 55,1.0 58,2.0 79,1.0 80,1.0 103,1.0 104,2.0 107,1.0 108,3.0 115,1.0 144,3.0 159,1.0 218,1.0 230,1.0 234,1.0 243,1.0 246,1.0 
0,1.0 13,1.0 30,1.0 55,1.0 57,1.0 58,1.0 81,1.0 92,1.0 144,1.0 183,2.0 227,1.0 248,1.0 249,1.0 250,1.0 
7,1.0 207,1.0 
2,3.0 28,4.0 30,1.0 39,2.0 53,1.0 56,2.0 72,2.0 120,2.0 136,1.0 221,5.0 257,1.0 
6,6.0 7,1.0 29,1.0 96,1.0 98,1.0 136,3.0 137,1.0 221,1.0 236,1.0 
36,1.0 79,1.0 107,1.0 124,1.0 221,1.0 229,1.0 
28,1.0 
96,1.0 121,1.0 136,1.0 
0,2.0 1,1.0 2,2.0 14,1.0 
28,1.0 
2,1.0 29,1.0 33,1.0 224,1.0 
0,3.0 36,1.0 39,1.0 
29,1.0 
36,1.0 39,1.0 96,1.0 
0,3.0 36,1.0 37,1.0 58,1.0 80,1.0 99,1.0 100,1.0 109,1.0 144,1.0 229,1.0 
36,1.0 92,1.0 94,1.0 107,1.0 
100,1.0 106,1.0 107,2.0 
58,1.0 108,2.0 229,1.0 
37,2.0 100,1.0 111,1.0 
230,1.0 
0,1.0 92,1.0 227,1.0 243,1.0 
56,1.0 58,1.0 61,1.0 62,1.0 81,1.0 113,1.0 142,1.0 183,3.0 230,1.0 
39,2.0 113,1.0 252,1.0 
39,2.0 113,1.0 251,1.0 
2,1.0 46,1.0 
2,1.0 36,1.0 
2,1.0 256,1.0 
2,1.0 56,1.0 232,1.0 
2,1.0 30,1.0 53,1.0 232,1.0 
259,1.0 277,1.0 
2,1.0 260,1.0 
2,1.0 30,1.0 
2,1.0 262,1.0 
2,2.0 
2,1.0 264,1.0 
2,1.0 44,1.0 
2,1.0 44,1.0 
103,1.0 106,1.0 110,1.0 158,1.0 
103,1.0 104,1.0 159,1.0 229,1.0 
10,1.0 
38,1.0 39,1.0 270,1.0 
57,1.0 61,1.0 
57,1.0 61,1.0 
14,1.0 15,1.0 62,1.0 187,2.0 192,1.0 273,1.0 
192,1.0 274,1.0 
275,1.0 
192,1.0 
272,1.0 
278,1.0 
279,1.0 
150,1.0 280,1.0 
1,1.0 2,1.0 150,1.0 
35,1.0 48,1.0 
225,1.0 
284,1.0 
61,1.0 168,1.0 
29,1.0 39,1.0 
123,2.0 
7,1.0 29,1.0 
29,1.0 125,1.0 289,1.0 
290,1.0 
291,1.0 292,1.0 
292,1.0 293,1.0 
291,1.0 293,1.0 
54,1.0 55,1.0 58,1.0 204,1.0 294,1.0 
54,1.0 55,1.0 58,1.0 204,1.0 
