1,4.0 2,4.0 3,8.0 5,6.0 9,4.0 11,2.0 13,2.0 15,5.0 16,4.0 17,5.0 18,2.0 19,2.0 20,2.0 26,1.0 
0,2.0 1,10.0 2,38.0 3,16.0 4,4.0 5,10.0 6,12.0 7,14.0 8,10.0 12,2.0 21,2.0 36,8.0 39,2.0 40,2.0 
0,2.0 1,38.0 2,12.0 3,21.0 4,4.0 5,14.0 6,14.0 7,14.0 8,8.0 10,6.0 11,6.0 12,8.0 13,2.0 21,6.0 23,2.0 24,2.0 32,2.0 33,2.0 36,8.0 39,2.0 40,2.0 41,4.0 
0,8.0 1,16.0 2,24.0 3,15.0 4,6.0 5,18.0 8,6.0 9,8.0 12,2.0 13,6.0 21,8.0 22,4.0 23,2.0 24,2.0 25,2.0 27,4.0 28,2.0 29,8.0 30,2.0 31,2.0 34,2.0 35,4.0 39,2.0 40,2.0 41,4.0 
1,4.0 2,2.0 3,2.0 5,2.0 
1,10.0 2,16.0 3,21.0 4,2.0 5,4.0 6,2.0 9,4.0 12,2.0 18,2.0 19,2.0 20,2.0 21,4.0 22,2.0 35,4.0 39,2.0 40,2.0 41,4.0 
1,12.0 2,12.0 3,1.0 5,2.0 6,5.0 7,8.0 8,2.0 11,4.0 13,8.0 14,4.0 21,4.0 25,3.0 
1,6.0 2,8.0 5,4.0 6,4.0 8,2.0 36,2.0 
0,2.0 1,2.0 2,2.0 3,6.0 9,4.0 11,2.0 21,2.0 
2,6.0 3,10.0 5,6.0 6,4.0 9,2.0 10,4.0 11,8.0 13,4.0 15,4.0 16,4.0 17,4.0 22,2.0 25,2.0 29,4.0 30,2.0 
2,6.0 11,8.0 12,8.0 
2,6.0 6,4.0 9,2.0 10,8.0 12,8.0 13,4.0 14,6.0 
1,4.0 2,6.0 3,2.0 6,2.0 9,2.0 10,2.0 11,2.0 21,2.0 22,2.0 25,2.0 37,2.0 39,2.0 40,2.0 
3,7.0 6,8.0 11,4.0 13,3.0 14,4.0 21,4.0 25,3.0 27,4.0 28,2.0 
0,4.0 1,2.0 3,2.0 
0,1.0 1,1.0 2,1.0 3,1.0 5,4.0 9,4.0 16,4.0 17,5.0 26,1.0 
5,4.0 9,4.0 15,4.0 17,4.0 
0,1.0 1,1.0 2,1.0 3,1.0 5,4.0 9,4.0 15,5.0 16,4.0 26,1.0 
3,2.0 5,2.0 19,2.0 20,2.0 21,2.0 22,2.0 
3,2.0 5,2.0 18,2.0 20,2.0 21,2.0 22,2.0 
3,2.0 5,2.0 18,2.0 19,2.0 21,2.0 22,2.0 
2,4.0 3,7.0 6,6.0 9,2.0 12,2.0 13,6.0 21,5.0 22,4.0 23,4.0 24,4.0 25,5.0 31,2.0 39,2.0 40,2.0 
2,4.0 3,6.0 5,2.0 9,2.0 21,4.0 23,2.0 24,2.0 25,2.0 
2,2.0 6,2.0 13,2.0 21,4.0 24,2.0 
2,2.0 6,2.0 13,2.0 21,4.0 23,2.0 
0,1.0 2,2.0 3,5.0 5,2.0 6,1.0 9,2.0 13,1.0 15,1.0 17,1.0 21,1.0 22,2.0 26,1.0 
0,1.0 1,1.0 2,1.0 3,1.0 15,1.0 17,1.0 
3,2.0 13,2.0 28,2.0 
1,2.0 
3,4.0 9,2.0 30,2.0 34,2.0 
3,2.0 
2,2.0 32,2.0 
2,2.0 33,2.0 
3,2.0 
3,2.0 
3,2.0 4,2.0 5,2.0 
1,4.0 2,4.0 5,2.0 7,4.0 
38,2.0 
10,2.0 11,2.0 
3,2.0 9,2.0 12,2.0 21,2.0 22,2.0 25,2.0 40,2.0 
3,2.0 9,2.0 12,2.0 21,2.0 22,2.0 25,2.0 39,2.0 
2,2.0 3,3.0 5,2.0 
