0,56.0 1,78.0 2,81.0 3,81.0 4,12.0 5,12.0 6,26.0 7,5.0 15,1.0 19,1.0 21,15.0 29,1.0 49,3.0 54,28.0 55,2.0 59,1.0 77,2.0 78,1.0 93,3.0 115,2.0 173,14.0 180,1.0 223,1.0 256,3.0 258,2.0 260,1.0 268,1.0 282,5.0 302,2.0 337,1.0 371,2.0 
0,80.0 1,78.0 2,188.0 3,88.0 4,27.0 5,5.0 6,27.0 11,66.0 15,21.0 16,7.0 17,4.0 18,3.0 19,27.0 20,9.0 21,3.0 22,3.0 26,2.0 29,1.0 30,6.0 31,1.0 32,1.0 37,12.0 38,5.0 41,1.0 42,2.0 46,4.0 47,5.0 48,2.0 50,4.0 51,18.0 54,1.0 58,4.0 59,4.0 65,2.0 67,2.0 69,1.0 73,2.0 74,6.0 75,10.0 76,6.0 77,3.0 78,22.0 79,2.0 81,8.0 82,6.0 83,14.0 84,15.0 85,4.0 88,8.0 91,12.0 93,4.0 94,2.0 99,2.0 105,4.0 111,4.0 119,2.0 124,1.0 133,1.0 162,10.0 164,1.0 166,51.0 171,4.0 173,3.0 174,1.0 176,4.0 178,12.0 180,20.0 198,1.0 206,2.0 207,1.0 223,1.0 228,1.0 266,2.0 267,2.0 273,2.0 282,6.0 299,2.0 302,2.0 325,1.0 
0,82.0 1,190.0 2,103.0 3,88.0 4,21.0 5,18.0 6,74.0 10,3.0 11,66.0 12,8.0 15,7.0 16,12.0 17,11.0 18,3.0 19,6.0 20,9.0 21,18.0 22,3.0 26,2.0 29,1.0 30,11.0 31,4.0 32,4.0 36,2.0 37,1.0 38,6.0 41,5.0 42,4.0 43,4.0 46,6.0 47,6.0 48,2.0 49,3.0 51,6.0 53,2.0 54,3.0 55,2.0 58,1.0 59,3.0 64,1.0 65,1.0 67,2.0 68,1.0 69,3.0 73,2.0 74,6.0 75,10.0 76,5.0 77,3.0 78,22.0 79,2.0 82,1.0 84,3.0 87,1.0 90,2.0 95,1.0 99,3.0 105,1.0 124,3.0 127,2.0 144,2.0 173,20.0 178,1.0 192,3.0 193,2.0 195,2.0 197,1.0 198,2.0 209,4.0 212,1.0 218,3.0 222,1.0 223,4.0 224,2.0 230,2.0 242,1.0 251,1.0 259,12.0 266,13.0 267,2.0 269,1.0 286,2.0 325,1.0 337,1.0 354,1.0 374,1.0 376,2.0 377,2.0 378,2.0 
0,78.0 1,88.0 2,90.0 3,93.0 4,3.0 5,8.0 6,5.0 7,84.0 8,6.0 9,6.0 10,3.0 11,3.0 12,6.0 13,6.0 14,3.0 15,5.0 16,3.0 17,3.0 18,6.0 19,9.0 20,12.0 21,6.0 22,3.0 24,2.0 30,1.0 41,1.0 42,1.0 43,1.0 50,3.0 51,3.0 52,3.0 53,3.0 54,23.0 59,2.0 61,2.0 64,2.0 65,5.0 68,1.0 69,2.0 71,9.0 84,2.0 100,1.0 105,1.0 131,1.0 178,1.0 192,1.0 193,1.0 207,3.0 218,2.0 223,3.0 232,4.0 253,14.0 254,2.0 255,1.0 256,1.0 270,2.0 
0,9.0 1,24.0 2,18.0 3,3.0 4,9.0 5,9.0 6,21.0 7,3.0 10,9.0 15,15.0 16,3.0 19,24.0 37,8.0 38,1.0 42,2.0 43,1.0 46,1.0 47,3.0 48,1.0 53,4.0 59,1.0 64,2.0 65,2.0 67,1.0 68,1.0 77,4.0 80,2.0 82,4.0 83,6.0 84,2.0 86,8.0 87,6.0 88,10.0 90,4.0 93,2.0 94,2.0 105,2.0 119,2.0 166,24.0 167,1.0 173,6.0 178,8.0 180,16.0 218,2.0 223,2.0 267,2.0 
0,9.0 1,6.0 2,17.0 3,11.0 4,9.0 5,94.0 6,21.0 7,3.0 12,74.0 13,6.0 14,3.0 15,8.0 16,4.0 17,11.0 18,4.0 19,86.0 20,84.0 21,84.0 29,1.0 30,7.0 31,1.0 32,4.0 38,1.0 42,2.0 46,2.0 47,1.0 48,1.0 50,1.0 51,7.0 58,1.0 65,115.0 66,6.0 67,4.0 68,4.0 69,1.0 77,2.0 87,1.0 90,4.0 99,1.0 124,1.0 127,2.0 144,2.0 164,1.0 166,1.0 173,3.0 192,2.0 193,2.0 195,2.0 197,1.0 198,1.0 206,2.0 207,3.0 212,2.0 213,1.0 216,2.0 218,1.0 219,3.0 222,2.0 230,2.0 232,1.0 251,1.0 259,25.0 260,1.0 266,1.0 268,1.0 279,1.0 286,2.0 354,3.0 375,2.0 376,2.0 377,2.0 378,2.0 
0,22.0 1,24.0 2,71.0 3,3.0 4,21.0 5,23.0 6,35.0 7,3.0 10,2.0 11,1.0 12,1.0 15,12.0 16,7.0 17,15.0 19,1.0 21,26.0 29,3.0 30,13.0 31,4.0 32,1.0 36,1.0 37,4.0 38,1.0 41,4.0 42,3.0 43,1.0 46,6.0 47,2.0 54,13.0 58,5.0 59,2.0 65,2.0 67,4.0 68,1.0 69,1.0 71,8.0 73,4.0 77,2.0 84,1.0 90,1.0 97,2.0 99,4.0 105,5.0 111,4.0 124,2.0 127,2.0 144,2.0 166,24.0 178,4.0 180,5.0 192,2.0 193,2.0 194,2.0 195,2.0 198,2.0 218,2.0 222,1.0 230,2.0 251,1.0 256,14.0 257,2.0 258,2.0 259,13.0 260,1.0 266,6.0 267,2.0 268,1.0 269,1.0 286,2.0 287,1.0 325,2.0 354,1.0 376,2.0 377,2.0 378,2.0 
0,3.0 3,84.0 5,3.0 7,36.0 8,6.0 9,6.0 10,3.0 11,3.0 12,6.0 13,6.0 14,3.0 15,3.0 16,3.0 17,3.0 18,6.0 19,3.0 20,3.0 21,3.0 22,6.0 36,3.0 178,4.0 282,3.0 299,2.0 302,5.0 
3,3.0 7,3.0 9,3.0 10,3.0 
3,3.0 7,3.0 8,3.0 10,3.0 
1,3.0 2,7.0 3,3.0 4,4.0 6,2.0 7,3.0 11,7.0 16,18.0 17,7.0 21,2.0 30,12.0 37,12.0 38,3.0 42,2.0 43,1.0 47,4.0 48,3.0 49,3.0 59,2.0 63,2.0 64,1.0 65,2.0 71,3.0 73,9.0 80,2.0 83,8.0 84,4.0 85,8.0 89,4.0 92,6.0 94,10.0 96,2.0 97,9.0 98,4.0 99,12.0 105,1.0 106,1.0 110,3.0 111,2.0 115,4.0 119,1.0 173,2.0 178,17.0 223,1.0 
1,66.0 2,66.0 3,6.0 5,4.0 6,2.0 7,6.0 10,4.0 11,25.0 12,11.0 15,3.0 16,12.0 17,4.0 21,4.0 22,3.0 26,1.0 30,1.0 31,1.0 38,1.0 46,3.0 47,3.0 51,1.0 57,1.0 59,2.0 61,6.0 63,6.0 64,3.0 65,4.0 67,3.0 69,36.0 71,39.0 72,3.0 73,3.0 74,3.0 75,5.0 76,3.0 77,6.0 78,2.0 88,1.0 94,3.0 99,1.0 111,3.0 178,2.0 206,1.0 215,1.0 220,1.0 256,1.0 266,1.0 403,1.0 430,1.0 
0,1.0 2,8.0 3,6.0 5,69.0 6,2.0 7,6.0 11,5.0 12,44.0 13,3.0 14,3.0 15,9.0 16,9.0 18,6.0 19,2.0 21,6.0 22,6.0 25,3.0 29,1.0 30,2.0 31,7.0 41,7.0 42,1.0 43,4.0 46,2.0 47,7.0 53,5.0 54,1.0 58,64.0 59,27.0 61,65.0 62,3.0 63,4.0 64,1.0 65,69.0 66,3.0 68,7.0 69,4.0 71,3.0 78,1.0 96,3.0 97,2.0 99,4.0 100,1.0 105,1.0 109,3.0 114,1.0 173,1.0 178,2.0 206,1.0 209,6.0 212,4.0 218,1.0 219,4.0 223,3.0 249,1.0 251,6.0 256,2.0 264,4.0 326,1.0 358,1.0 
3,6.0 5,3.0 7,6.0 12,3.0 65,3.0 
3,3.0 5,3.0 7,3.0 15,6.0 65,3.0 
0,1.0 1,25.0 2,9.0 3,4.0 4,15.0 5,5.0 6,10.0 7,3.0 11,4.0 12,5.0 15,1.0 16,39.0 17,16.0 19,14.0 21,20.0 27,9.0 29,8.0 31,1.0 34,6.0 38,14.0 42,14.0 43,1.0 46,5.0 47,1.0 53,1.0 54,2.0 58,1.0 59,3.0 61,2.0 65,5.0 68,2.0 99,8.0 100,12.0 101,1.0 112,1.0 166,18.0 173,1.0 176,1.0 178,2.0 180,23.0 217,1.0 250,1.0 251,1.0 256,3.0 259,3.0 266,1.0 286,1.0 327,1.0 358,2.0 387,1.0 
1,5.0 2,13.0 3,3.0 4,2.0 5,7.0 6,8.0 7,3.0 10,32.0 11,3.0 15,24.0 17,52.0 21,8.0 25,6.0 30,37.0 31,9.0 34,6.0 36,16.0 41,1.0 42,4.0 46,1.0 47,39.0 58,4.0 59,2.0 64,1.0 65,3.0 67,1.0 69,2.0 73,7.0 78,2.0 88,3.0 92,2.0 94,20.0 95,2.0 99,8.0 100,24.0 101,2.0 105,1.0 106,1.0 115,10.0 118,1.0 119,4.0 121,4.0 124,2.0 127,1.0 131,1.0 138,1.0 145,1.0 152,1.0 181,18.0 182,6.0 190,4.0 191,2.0 192,2.0 193,2.0 250,3.0 252,1.0 259,4.0 266,3.0 267,1.0 326,3.0 343,1.0 344,1.0 355,8.0 359,7.0 385,1.0 386,1.0 
1,2.0 2,16.0 3,6.0 5,15.0 6,20.0 7,6.0 10,2.0 11,3.0 12,3.0 15,16.0 16,46.0 18,3.0 21,3.0 29,1.0 30,18.0 31,5.0 38,1.0 42,18.0 47,19.0 58,1.0 59,4.0 63,1.0 65,3.0 67,3.0 68,3.0 69,1.0 88,4.0 94,2.0 95,2.0 96,2.0 97,6.0 99,3.0 105,2.0 108,2.0 110,2.0 111,2.0 112,2.0 113,2.0 114,4.0 115,3.0 116,2.0 124,2.0 166,2.0 181,19.0 182,14.0 192,2.0 230,1.0 251,1.0 259,12.0 266,5.0 327,3.0 361,1.0 383,1.0 384,1.0 404,1.0 
1,5.0 3,6.0 5,9.0 7,6.0 12,6.0 18,17.0 32,1.0 41,1.0 55,1.0 59,1.0 60,3.0 65,9.0 69,1.0 70,2.0 84,2.0 99,1.0 106,1.0 119,3.0 143,1.0 166,1.0 190,1.0 196,5.0 201,1.0 206,36.0 207,1.0 210,1.0 211,3.0 212,4.0 218,3.0 219,4.0 223,1.0 231,16.0 242,5.0 250,1.0 263,16.0 267,2.0 374,3.0 431,2.0 432,2.0 
1,31.0 2,10.0 3,9.0 4,24.0 5,84.0 6,1.0 12,2.0 15,15.0 16,2.0 19,51.0 20,85.0 21,97.0 32,1.0 33,2.0 37,8.0 43,1.0 46,3.0 47,2.0 48,1.0 51,6.0 59,1.0 65,1.0 67,2.0 68,1.0 69,1.0 71,6.0 78,2.0 90,1.0 94,2.0 99,1.0 112,1.0 166,24.0 178,8.0 180,16.0 206,3.0 207,3.0 218,1.0 256,1.0 266,1.0 268,14.0 372,2.0 
1,12.0 2,12.0 3,12.0 5,81.0 19,82.0 20,45.0 21,85.0 22,3.0 
0,13.0 1,3.0 2,18.0 3,6.0 5,86.0 6,26.0 10,2.0 11,3.0 12,3.0 15,19.0 16,11.0 17,2.0 19,98.0 20,84.0 21,113.0 22,42.0 23,6.0 24,6.0 25,6.0 26,6.0 27,60.0 28,3.0 29,4.0 30,5.0 31,4.0 32,6.0 33,8.0 34,48.0 35,6.0 36,9.0 37,16.0 38,16.0 41,3.0 42,1.0 46,1.0 47,1.0 54,14.0 58,1.0 59,3.0 65,15.0 67,2.0 69,1.0 73,2.0 77,2.0 78,2.0 82,1.0 99,2.0 112,1.0 173,7.0 176,3.0 180,1.0 207,1.0 212,2.0 223,1.0 230,1.0 234,1.0 256,14.0 260,1.0 266,1.0 267,1.0 268,15.0 270,1.0 286,1.0 372,2.0 373,1.0 
7,3.0 11,3.0 12,3.0 21,45.0 22,18.0 23,6.0 24,6.0 25,6.0 26,6.0 27,3.0 34,5.0 36,3.0 269,1.0 299,5.0 302,3.0 334,2.0 335,1.0 
11,3.0 21,3.0 22,3.0 24,3.0 43,1.0 47,1.0 128,1.0 230,2.0 
3,1.0 11,3.0 21,3.0 22,3.0 23,3.0 100,1.0 124,3.0 253,1.0 
11,1.0 12,1.0 17,1.0 21,7.0 22,6.0 25,13.0 31,6.0 32,1.0 42,1.0 47,1.0 69,1.0 78,2.0 79,1.0 96,1.0 99,1.0 100,1.0 109,27.0 110,27.0 114,26.0 115,4.0 133,1.0 180,1.0 216,1.0 261,2.0 262,2.0 264,1.0 327,1.0 
1,1.0 2,1.0 11,1.0 21,6.0 22,3.0 27,3.0 64,1.0 88,1.0 266,1.0 409,1.0 
15,9.0 16,9.0 21,60.0 27,15.0 28,3.0 29,3.0 30,3.0 31,3.0 32,6.0 33,6.0 34,3.0 36,3.0 37,9.0 38,9.0 173,3.0 178,3.0 
16,2.0 21,3.0 27,3.0 29,3.0 88,2.0 266,2.0 
0,2.0 1,2.0 2,1.0 5,2.0 6,4.0 16,2.0 21,5.0 27,3.0 30,8.0 54,2.0 69,1.0 71,3.0 77,2.0 97,1.0 113,7.0 121,1.0 173,1.0 259,3.0 287,1.0 
1,6.0 2,11.0 5,7.0 6,13.0 10,13.0 16,30.0 17,22.0 21,6.0 27,3.0 29,2.0 30,2.0 31,14.0 38,1.0 42,2.0 47,10.0 58,5.0 59,3.0 65,2.0 73,16.0 78,1.0 88,3.0 94,7.0 97,1.0 99,11.0 100,10.0 105,1.0 114,1.0 115,5.0 166,4.0 173,2.0 259,7.0 266,3.0 382,1.0 
1,1.0 2,5.0 6,4.0 12,17.0 16,8.0 17,5.0 21,7.0 27,6.0 30,1.0 32,4.0 36,16.0 41,9.0 53,1.0 58,1.0 59,1.0 61,12.0 65,2.0 67,1.0 68,6.0 69,1.0 71,2.0 91,2.0 95,1.0 99,1.0 100,10.0 106,3.0 120,2.0 129,1.0 173,3.0 178,2.0 192,1.0 197,2.0 224,1.0 249,1.0 250,2.0 251,4.0 266,3.0 326,2.0 345,1.0 355,8.0 358,1.0 359,7.0 360,1.0 364,2.0 365,1.0 380,1.0 
2,3.0 5,1.0 6,1.0 11,1.0 17,1.0 21,6.0 25,2.0 27,6.0 42,1.0 55,1.0 58,1.0 65,1.0 90,2.0 99,1.0 119,1.0 121,1.0 143,1.0 173,2.0 190,1.0 193,1.0 196,2.0 199,1.0 201,1.0 216,1.0 263,1.0 266,5.0 377,1.0 
19,1.0 21,8.0 27,3.0 34,3.0 65,1.0 256,1.0 258,1.0 268,1.0 
15,6.0 21,45.0 22,2.0 34,15.0 35,6.0 36,9.0 37,6.0 38,10.0 256,4.0 299,2.0 334,2.0 
21,3.0 34,3.0 36,3.0 
2,1.0 16,15.0 21,9.0 22,3.0 27,12.0 31,16.0 34,4.0 36,15.0 37,12.0 40,1.0 46,1.0 64,1.0 109,1.0 112,1.0 173,4.0 178,9.0 180,1.0 183,1.0 192,1.0 224,1.0 250,1.0 251,1.0 266,1.0 286,1.0 326,3.0 355,16.0 358,7.0 359,14.0 360,12.0 362,10.0 
1,12.0 2,1.0 4,9.0 6,5.0 11,13.0 19,8.0 21,16.0 27,9.0 34,6.0 36,6.0 38,15.0 39,3.0 40,2.0 47,3.0 65,1.0 69,1.0 166,12.0 178,16.0 180,8.0 256,1.0 259,1.0 266,1.0 299,1.0 
1,6.0 2,6.0 4,1.0 5,1.0 6,1.0 7,4.0 10,2.0 11,3.0 15,24.0 16,2.0 17,1.0 21,16.0 27,9.0 30,1.0 34,6.0 37,11.0 43,1.0 46,1.0 47,1.0 58,1.0 63,1.0 64,2.0 65,1.0 67,1.0 69,1.0 71,2.0 73,1.0 78,2.0 94,1.0 95,1.0 97,1.0 99,2.0 100,1.0 106,4.0 110,1.0 112,1.0 114,14.0 115,1.0 130,1.0 133,2.0 141,2.0 178,7.0 180,2.0 217,1.0 220,1.0 250,1.0 256,5.0 259,2.0 266,1.0 326,1.0 330,1.0 386,1.0 
36,3.0 40,3.0 
4,2.0 36,3.0 37,1.0 39,2.0 61,1.0 100,1.0 163,1.0 325,1.0 
2,4.0 3,1.0 5,2.0 6,3.0 12,1.0 21,2.0 25,1.0 30,1.0 31,7.0 42,9.0 43,1.0 47,1.0 53,1.0 54,1.0 64,1.0 65,2.0 68,1.0 69,1.0 71,2.0 95,2.0 99,7.0 113,1.0 129,1.0 144,1.0 152,1.0 173,1.0 224,1.0 228,1.0 251,1.0 266,2.0 
1,2.0 2,4.0 3,1.0 4,1.0 5,3.0 6,3.0 10,2.0 12,4.0 15,4.0 16,16.0 17,18.0 21,2.0 25,1.0 41,1.0 43,7.0 47,6.0 51,1.0 53,3.0 54,1.0 65,2.0 68,3.0 69,2.0 95,1.0 96,2.0 97,9.0 99,9.0 105,6.0 107,2.0 108,2.0 110,2.0 115,1.0 162,1.0 166,2.0 173,4.0 212,1.0 266,1.0 278,1.0 
2,5.0 3,2.0 4,2.0 5,2.0 6,1.0 10,1.0 11,1.0 12,4.0 19,3.0 25,1.0 36,1.0 38,2.0 42,3.0 44,3.0 45,3.0 46,15.0 51,2.0 53,2.0 54,2.0 69,1.0 88,1.0 94,1.0 99,6.0 105,2.0 110,1.0 113,1.0 114,2.0 136,2.0 139,2.0 173,2.0 218,1.0 250,2.0 326,2.0 
45,3.0 46,3.0 
44,3.0 46,3.0 
1,7.0 2,10.0 4,2.0 5,2.0 6,7.0 11,3.0 12,8.0 15,6.0 19,3.0 21,2.0 23,1.0 31,1.0 37,3.0 38,1.0 43,9.0 46,1.0 47,18.0 49,1.0 51,4.0 53,1.0 59,2.0 61,4.0 64,3.0 68,1.0 71,1.0 98,2.0 99,2.0 100,6.0 111,4.0 166,4.0 168,1.0 173,2.0 178,3.0 215,1.0 251,1.0 327,2.0 358,2.0 379,1.0 395,3.0 404,3.0 
1,3.0 2,7.0 3,1.0 4,2.0 5,4.0 6,3.0 10,25.0 11,4.0 15,14.0 16,21.0 17,20.0 21,1.0 30,13.0 38,2.0 42,2.0 43,2.0 46,9.0 51,1.0 53,1.0 63,6.0 64,1.0 65,4.0 67,9.0 71,1.0 73,5.0 94,8.0 95,2.0 96,2.0 100,8.0 101,2.0 102,2.0 103,2.0 104,2.0 106,2.0 107,2.0 111,3.0 114,2.0 115,6.0 116,2.0 135,4.0 143,4.0 146,2.0 173,1.0 178,3.0 180,1.0 181,2.0 192,2.0 201,4.0 202,2.0 203,2.0 207,1.0 210,1.0 214,1.0 215,1.0 218,2.0 250,2.0 326,2.0 330,1.0 379,1.0 381,1.0 397,1.0 
1,6.0 2,2.0 3,3.0 5,1.0 49,5.0 50,5.0 51,6.0 53,2.0 81,1.0 85,4.0 87,1.0 89,3.0 126,1.0 131,1.0 134,2.0 146,1.0 164,4.0 168,1.0 203,1.0 274,1.0 275,1.0 276,1.0 277,1.0 281,1.0 282,1.0 313,1.0 314,1.0 315,1.0 320,1.0 
0,3.0 2,5.0 3,3.0 43,1.0 46,1.0 48,3.0 50,5.0 51,6.0 52,4.0 55,2.0 58,8.0 81,4.0 87,1.0 88,1.0 93,2.0 142,2.0 153,2.0 154,2.0 155,2.0 164,1.0 168,3.0 270,1.0 302,2.0 337,1.0 
3,3.0 51,9.0 52,6.0 53,3.0 54,3.0 82,2.0 85,1.0 101,1.0 143,2.0 152,1.0 165,4.0 201,1.0 203,1.0 207,1.0 228,1.0 241,1.0 266,2.0 279,3.0 288,4.0 318,1.0 319,1.0 
1,2.0 2,8.0 3,3.0 5,11.0 6,1.0 10,16.0 19,7.0 32,1.0 43,1.0 46,2.0 47,1.0 48,3.0 49,2.0 50,3.0 51,5.0 52,4.0 53,4.0 54,3.0 64,2.0 65,6.0 67,1.0 68,5.0 81,4.0 82,1.0 83,4.0 84,11.0 90,3.0 93,1.0 98,1.0 99,1.0 102,1.0 168,2.0 192,1.0 206,1.0 207,1.0 218,2.0 226,1.0 228,1.0 238,1.0 247,2.0 266,5.0 279,1.0 323,1.0 324,1.0 336,1.0 
0,3.0 2,3.0 49,4.0 53,3.0 54,3.0 68,1.0 85,6.0 88,6.0 98,1.0 104,2.0 142,2.0 153,2.0 154,2.0 155,2.0 160,2.0 161,2.0 167,2.0 168,2.0 171,2.0 172,2.0 288,1.0 
0,3.0 2,6.0 4,10.0 6,2.0 10,2.0 12,6.0 15,1.0 41,1.0 43,2.0 46,2.0 47,1.0 49,3.0 52,5.0 53,2.0 54,3.0 59,2.0 64,1.0 68,1.0 81,6.0 82,4.0 83,2.0 85,3.0 89,1.0 92,2.0 93,2.0 98,1.0 119,2.0 164,1.0 165,2.0 173,2.0 218,1.0 223,2.0 228,1.0 256,1.0 
0,31.0 2,7.0 3,20.0 6,15.0 15,2.0 19,1.0 21,15.0 29,1.0 30,1.0 41,1.0 42,1.0 43,1.0 49,3.0 52,3.0 53,3.0 54,19.0 59,1.0 64,1.0 65,2.0 77,2.0 78,1.0 105,1.0 115,2.0 173,14.0 180,1.0 218,2.0 223,3.0 255,1.0 256,1.0 258,2.0 260,1.0 268,1.0 371,2.0 
32,1.0 56,3.0 57,2.0 71,1.0 97,1.0 119,1.0 131,1.0 139,1.0 143,1.0 160,1.0 190,1.0 193,1.0 201,1.0 203,1.0 225,1.0 226,1.0 227,1.0 328,1.0 350,1.0 351,1.0 377,1.0 
0,1.0 1,1.0 2,1.0 46,1.0 48,1.0 49,1.0 57,2.0 58,2.0 168,2.0 203,3.0 223,1.0 226,4.0 227,4.0 349,1.0 352,2.0 353,2.0 
56,2.0 58,2.0 225,1.0 250,2.0 
1,3.0 2,1.0 6,3.0 10,13.0 11,2.0 12,27.0 15,1.0 16,4.0 17,2.0 21,1.0 30,5.0 36,1.0 38,3.0 42,2.0 47,1.0 58,13.0 59,66.0 61,67.0 63,3.0 64,2.0 68,1.0 69,6.0 73,2.0 76,1.0 81,2.0 85,2.0 91,4.0 93,4.0 95,3.0 97,1.0 99,9.0 100,2.0 105,3.0 113,1.0 114,2.0 115,5.0 162,2.0 166,2.0 171,1.0 174,3.0 178,7.0 251,3.0 358,2.0 389,1.0 
0,1.0 1,3.0 2,2.0 3,2.0 4,1.0 6,1.0 10,4.0 11,1.0 12,66.0 15,3.0 17,2.0 18,2.0 19,2.0 21,3.0 25,1.0 28,1.0 29,2.0 36,1.0 38,1.0 46,2.0 53,2.0 54,1.0 58,27.0 59,14.0 60,2.0 61,27.0 62,3.0 63,1.0 64,2.0 69,1.0 71,2.0 77,1.0 78,2.0 88,4.0 94,1.0 96,1.0 99,2.0 100,2.0 110,1.0 113,1.0 173,2.0 178,2.0 180,1.0 218,1.0 266,4.0 268,2.0 327,1.0 358,2.0 
18,2.0 58,3.0 61,3.0 70,1.0 196,2.0 206,2.0 207,3.0 210,3.0 211,4.0 212,1.0 218,4.0 219,1.0 223,1.0 242,2.0 267,1.0 374,1.0 431,1.0 432,1.0 
3,2.0 5,1.0 11,5.0 12,26.0 15,1.0 17,1.0 25,3.0 29,6.0 31,3.0 40,1.0 41,1.0 43,1.0 46,5.0 47,1.0 51,1.0 58,69.0 59,68.0 61,15.0 63,10.0 64,10.0 65,1.0 68,4.0 94,1.0 96,2.0 98,1.0 99,2.0 100,9.0 113,1.0 163,1.0 206,1.0 223,2.0 250,1.0 251,1.0 252,1.0 253,2.0 325,1.0 
12,3.0 58,3.0 61,3.0 116,1.0 215,1.0 233,1.0 247,1.0 248,1.0 249,1.0 
5,1.0 11,3.0 17,1.0 30,3.0 38,1.0 42,2.0 43,1.0 51,1.0 61,9.0 63,1.0 64,9.0 65,1.0 67,1.0 73,2.0 100,2.0 105,6.0 114,1.0 115,1.0 206,1.0 
2,2.0 3,5.0 4,2.0 5,1.0 11,48.0 12,2.0 15,1.0 26,1.0 38,1.0 51,3.0 53,1.0 54,2.0 58,1.0 59,5.0 61,4.0 63,3.0 64,3.0 65,2.0 68,3.0 69,1.0 70,3.0 72,3.0 77,1.0 88,7.0 95,1.0 100,3.0 105,1.0 173,1.0 178,1.0 206,1.0 223,1.0 250,1.0 266,7.0 326,1.0 358,1.0 
1,21.0 2,3.0 3,4.0 4,8.0 5,113.0 12,74.0 13,6.0 14,3.0 15,4.0 17,3.0 18,4.0 19,1.0 21,13.0 31,2.0 32,2.0 37,1.0 38,1.0 40,2.0 42,2.0 47,1.0 48,1.0 51,7.0 53,12.0 54,4.0 58,1.0 64,1.0 65,51.0 66,6.0 67,4.0 68,2.0 80,2.0 81,6.0 82,12.0 83,4.0 84,8.0 85,8.0 86,8.0 87,7.0 90,2.0 91,6.0 92,2.0 93,4.0 99,1.0 105,1.0 124,1.0 127,4.0 129,2.0 144,2.0 165,2.0 166,1.0 171,1.0 176,2.0 192,2.0 193,2.0 195,2.0 197,2.0 198,1.0 206,2.0 212,3.0 216,2.0 218,1.0 219,1.0 222,1.0 223,3.0 230,2.0 256,13.0 270,1.0 286,2.0 354,3.0 373,1.0 375,2.0 376,2.0 377,2.0 378,2.0 
5,3.0 12,3.0 65,3.0 
1,7.0 2,4.0 5,5.0 6,5.0 11,3.0 12,3.0 15,1.0 16,1.0 17,3.0 19,2.0 21,1.0 23,1.0 46,3.0 47,11.0 51,2.0 61,1.0 65,5.0 68,7.0 71,2.0 73,8.0 97,2.0 98,2.0 100,3.0 114,2.0 146,2.0 152,2.0 163,2.0 166,4.0 203,2.0 210,1.0 327,2.0 381,1.0 395,1.0 
2,2.0 3,1.0 5,6.0 12,6.0 16,2.0 19,1.0 25,1.0 31,7.0 46,3.0 47,1.0 51,3.0 52,1.0 53,1.0 58,1.0 61,4.0 63,1.0 65,5.0 67,5.0 69,6.0 98,4.0 99,1.0 100,2.0 106,2.0 113,1.0 124,1.0 146,1.0 150,2.0 178,2.0 208,2.0 215,1.0 235,2.0 237,1.0 251,4.0 278,1.0 358,2.0 367,1.0 379,1.0 393,1.0 
1,1.0 2,4.0 3,2.0 5,1.0 6,2.0 12,3.0 17,1.0 19,2.0 21,2.0 25,3.0 41,1.0 47,2.0 58,5.0 61,1.0 64,43.0 68,6.0 71,39.0 73,2.0 78,1.0 100,1.0 146,1.0 162,1.0 178,1.0 180,1.0 207,1.0 215,1.0 237,1.0 266,1.0 379,1.0 391,1.0 
18,3.0 60,2.0 69,3.0 71,3.0 196,2.0 206,3.0 207,1.0 210,1.0 211,3.0 212,2.0 216,3.0 218,2.0 219,2.0 223,1.0 242,3.0 267,1.0 374,2.0 431,1.0 432,1.0 
3,9.0 6,6.0 12,1.0 15,3.0 17,2.0 19,5.0 37,1.0 38,1.0 40,1.0 43,3.0 58,6.0 61,2.0 64,42.0 67,1.0 69,39.0 71,6.0 73,6.0 77,2.0 95,1.0 98,2.0 100,4.0 163,1.0 194,4.0 206,4.0 232,5.0 250,1.0 253,2.0 259,3.0 325,1.0 
11,3.0 69,3.0 71,3.0 
1,2.0 2,2.0 6,4.0 10,5.0 16,5.0 17,3.0 21,2.0 30,14.0 42,1.0 58,9.0 67,13.0 71,6.0 94,6.0 99,1.0 100,4.0 108,2.0 112,1.0 114,2.0 115,3.0 116,1.0 118,1.0 138,1.0 152,2.0 163,2.0 166,2.0 343,1.0 344,1.0 
1,3.0 2,3.0 11,3.0 
1,5.0 2,5.0 11,5.0 
1,6.0 2,5.0 38,5.0 162,1.0 302,1.0 
0,2.0 1,6.0 2,6.0 5,2.0 6,2.0 11,6.0 21,2.0 54,2.0 64,2.0 71,1.0 83,4.0 88,6.0 95,1.0 133,2.0 194,2.0 259,4.0 266,2.0 
0,2.0 1,20.0 2,20.0 15,3.0 19,2.0 21,2.0 36,1.0 47,4.0 54,2.0 61,2.0 65,2.0 73,1.0 76,2.0 78,8.0 79,4.0 110,1.0 112,3.0 115,1.0 173,2.0 262,1.0 264,2.0 268,2.0 
1,4.0 2,4.0 25,2.0 61,1.0 78,5.0 
53,2.0 65,2.0 81,2.0 
1,6.0 4,4.0 10,4.0 21,1.0 49,4.0 51,5.0 53,6.0 58,4.0 65,4.0 82,8.0 83,2.0 85,2.0 88,4.0 91,6.0 93,2.0 118,2.0 125,1.0 133,1.0 141,1.0 171,2.0 253,1.0 266,1.0 270,1.0 282,4.0 287,1.0 346,1.0 
1,12.0 3,2.0 4,4.0 10,4.0 21,1.0 50,2.0 51,8.0 58,2.0 65,8.0 83,8.0 84,1.0 85,2.0 88,1.0 90,3.0 91,10.0 92,1.0 93,2.0 119,2.0 144,1.0 176,2.0 230,1.0 267,2.0 270,2.0 278,2.0 288,2.0 295,1.0 356,1.0 
1,4.0 10,4.0 51,8.0 53,4.0 65,8.0 77,4.0 82,10.0 84,14.0 85,7.0 86,2.0 88,6.0 90,2.0 92,1.0 93,1.0 101,2.0 124,2.0 125,2.0 126,4.0 128,2.0 129,2.0 130,2.0 144,2.0 146,2.0 167,9.0 171,4.0 174,1.0 273,1.0 281,1.0 288,4.0 
1,14.0 2,4.0 6,1.0 10,8.0 18,2.0 48,3.0 49,2.0 51,8.0 58,2.0 65,13.0 82,6.0 83,2.0 85,11.0 86,6.0 87,2.0 88,1.0 89,1.0 90,4.0 101,2.0 120,1.0 129,2.0 130,2.0 131,4.0 136,1.0 144,2.0 145,2.0 162,8.0 167,2.0 169,2.0 171,6.0 197,1.0 224,1.0 270,1.0 273,1.0 276,1.0 288,2.0 291,1.0 296,1.0 298,1.0 299,1.0 300,1.0 
1,6.0 4,8.0 19,1.0 48,6.0 50,2.0 51,4.0 65,12.0 81,1.0 83,2.0 84,22.0 86,6.0 87,2.0 89,2.0 90,1.0 125,3.0 126,2.0 134,2.0 135,2.0 136,2.0 137,4.0 139,2.0 141,2.0 142,2.0 143,2.0 164,7.0 167,2.0 171,6.0 174,4.0 197,1.0 274,1.0 275,1.0 276,1.0 277,1.0 280,1.0 282,1.0 291,1.0 295,1.0 296,1.0 297,2.0 306,1.0 
4,8.0 65,2.0 84,2.0 85,4.0 87,6.0 88,8.0 89,3.0 90,4.0 92,1.0 120,2.0 139,2.0 140,2.0 162,1.0 164,2.0 165,4.0 167,1.0 169,1.0 272,1.0 273,1.0 279,1.0 294,1.0 308,1.0 
1,1.0 4,4.0 5,3.0 10,4.0 48,1.0 50,3.0 51,3.0 56,1.0 65,4.0 85,2.0 86,4.0 88,6.0 91,1.0 93,3.0 125,2.0 126,2.0 135,1.0 143,1.0 150,1.0 162,2.0 164,3.0 165,7.0 166,2.0 167,1.0 171,6.0 201,1.0 279,1.0 290,1.0 294,1.0 306,1.0 317,1.0 352,1.0 353,1.0 
4,2.0 10,8.0 16,3.0 26,2.0 28,2.0 30,3.0 48,1.0 49,8.0 51,1.0 52,2.0 53,1.0 59,7.0 63,1.0 64,6.0 77,1.0 81,7.0 85,8.0 87,4.0 88,5.0 90,5.0 91,2.0 93,8.0 104,7.0 105,6.0 144,2.0 162,2.0 169,6.0 171,2.0 177,4.0 266,19.0 270,1.0 273,2.0 282,2.0 302,2.0 
5,2.0 65,4.0 84,1.0 87,6.0 92,1.0 135,1.0 143,1.0 150,1.0 167,1.0 168,3.0 201,1.0 271,1.0 276,1.0 291,1.0 292,1.0 293,1.0 294,1.0 
2,1.0 10,4.0 19,1.0 32,2.0 48,3.0 50,3.0 65,3.0 82,1.0 85,4.0 87,7.0 88,4.0 93,1.0 101,1.0 131,1.0 141,2.0 145,1.0 146,1.0 165,1.0 167,2.0 171,1.0 203,1.0 224,1.0 241,1.0 266,5.0 270,2.0 277,1.0 288,3.0 296,1.0 301,2.0 302,2.0 303,2.0 304,2.0 305,2.0 
1,16.0 49,2.0 51,4.0 81,14.0 82,4.0 83,6.0 84,2.0 87,1.0 88,2.0 90,1.0 93,2.0 118,2.0 119,2.0 120,4.0 121,4.0 124,2.0 128,2.0 162,4.0 168,4.0 171,2.0 176,4.0 270,1.0 346,1.0 
4,2.0 16,2.0 53,2.0 65,4.0 83,1.0 84,1.0 86,1.0 89,1.0 93,10.0 94,2.0 117,1.0 266,1.0 346,1.0 
0,2.0 1,4.0 4,2.0 10,2.0 49,4.0 51,1.0 53,4.0 58,2.0 65,6.0 81,10.0 82,2.0 83,1.0 87,2.0 88,2.0 90,1.0 91,1.0 92,2.0 117,1.0 119,2.0 120,1.0 121,1.0 144,1.0 171,8.0 175,4.0 177,4.0 190,1.0 197,1.0 201,1.0 230,1.0 253,1.0 256,3.0 266,1.0 282,9.0 287,1.0 302,1.0 346,1.0 356,1.0 
3,1.0 10,6.0 16,6.0 17,2.0 30,9.0 31,4.0 38,1.0 42,2.0 43,1.0 46,1.0 47,6.0 71,1.0 73,7.0 94,1.0 95,8.0 99,2.0 100,13.0 106,4.0 109,2.0 110,1.0 113,1.0 178,2.0 248,3.0 251,3.0 252,3.0 253,1.0 263,2.0 
2,1.0 10,4.0 17,1.0 18,1.0 30,2.0 31,3.0 38,1.0 42,4.0 63,3.0 64,1.0 96,8.0 100,1.0 101,2.0 102,2.0 103,2.0 104,2.0 105,2.0 114,2.0 117,2.0 118,2.0 119,2.0 173,1.0 242,1.0 374,1.0 
0,1.0 10,4.0 12,4.0 17,2.0 25,2.0 32,2.0 42,8.0 54,1.0 68,1.0 94,2.0 95,2.0 96,1.0 97,2.0 105,4.0 109,3.0 111,2.0 113,2.0 115,2.0 173,1.0 209,1.0 264,3.0 
6,2.0 10,2.0 11,1.0 12,7.0 17,3.0 30,1.0 38,1.0 47,7.0 57,1.0 63,1.0 67,2.0 78,2.0 95,4.0 96,4.0 98,1.0 99,3.0 105,4.0 114,3.0 205,1.0 256,2.0 
19,2.0 42,4.0 67,5.0 78,5.0 113,1.0 139,1.0 227,1.0 
1,4.0 2,3.0 6,6.0 10,10.0 12,11.0 15,1.0 16,15.0 17,2.0 19,1.0 21,2.0 30,10.0 31,1.0 38,1.0 41,14.0 42,5.0 43,6.0 47,5.0 51,1.0 58,21.0 61,5.0 67,1.0 71,1.0 94,2.0 95,2.0 96,2.0 99,2.0 100,8.0 101,1.0 112,3.0 114,1.0 115,13.0 116,1.0 124,1.0 131,1.0 145,1.0 152,2.0 166,4.0 178,13.0 228,1.0 251,3.0 358,2.0 395,3.0 404,3.0 405,1.0 406,1.0 
3,1.0 12,10.0 15,7.0 16,14.0 17,2.0 30,5.0 31,10.0 38,13.0 42,2.0 43,3.0 46,6.0 47,8.0 58,9.0 59,3.0 61,3.0 64,1.0 68,4.0 71,1.0 73,6.0 94,2.0 95,2.0 96,1.0 97,5.0 99,15.0 100,1.0 106,1.0 108,3.0 112,2.0 113,2.0 114,2.0 115,12.0 178,2.0 180,2.0 205,2.0 223,1.0 250,1.0 253,1.0 358,1.0 
15,1.0 16,2.0 30,1.0 42,2.0 83,2.0 85,1.0 90,1.0 91,2.0 95,2.0 102,2.0 103,2.0 104,3.0 122,3.0 124,2.0 125,4.0 126,4.0 127,4.0 128,5.0 129,2.0 131,6.0 138,1.0 145,7.0 152,3.0 198,1.0 203,1.0 224,1.0 237,1.0 238,1.0 241,3.0 319,1.0 343,1.0 344,1.0 349,1.0 368,1.0 420,1.0 
1,2.0 42,2.0 52,1.0 95,2.0 101,2.0 103,6.0 104,6.0 130,2.0 131,2.0 145,2.0 167,2.0 324,1.0 
42,2.0 95,2.0 101,2.0 102,6.0 104,6.0 130,2.0 131,2.0 145,2.0 167,2.0 
42,2.0 52,2.0 88,4.0 95,2.0 101,3.0 102,6.0 103,6.0 117,1.0 119,1.0 121,1.0 126,1.0 130,3.0 131,2.0 138,1.0 145,2.0 146,1.0 160,2.0 161,2.0 167,2.0 169,2.0 171,2.0 238,1.0 241,1.0 288,1.0 343,1.0 344,1.0 346,1.0 
1,4.0 2,1.0 3,1.0 4,2.0 6,4.0 10,6.0 17,2.0 28,1.0 47,2.0 53,1.0 54,1.0 58,4.0 63,1.0 64,3.0 65,1.0 67,1.0 69,1.0 88,4.0 95,2.0 96,4.0 97,2.0 99,4.0 105,1.0 113,2.0 117,2.0 118,2.0 119,2.0 166,4.0 173,1.0 266,3.0 
15,2.0 17,3.0 46,2.0 59,1.0 67,2.0 71,1.0 94,2.0 107,2.0 178,3.0 182,3.0 327,19.0 330,2.0 
10,2.0 42,2.0 47,2.0 96,4.0 105,2.0 108,2.0 
17,2.0 42,2.0 67,2.0 94,2.0 97,5.0 105,2.0 
0,1.0 12,4.0 25,25.0 38,1.0 54,1.0 96,4.0 106,1.0 109,14.0 110,27.0 114,25.0 173,1.0 264,4.0 
12,1.0 17,2.0 25,29.0 29,1.0 38,1.0 41,1.0 47,2.0 79,2.0 96,2.0 97,1.0 99,3.0 107,2.0 109,27.0 110,13.0 112,3.0 114,26.0 115,1.0 194,1.0 209,2.0 216,1.0 263,1.0 264,1.0 
1,2.0 6,2.0 11,2.0 12,1.0 17,2.0 38,1.0 42,2.0 43,4.0 46,2.0 94,3.0 100,2.0 112,2.0 166,2.0 
1,2.0 6,2.0 17,2.0 19,1.0 21,1.0 37,1.0 38,1.0 42,2.0 59,1.0 69,1.0 71,1.0 96,3.0 99,3.0 100,1.0 105,2.0 107,2.0 110,2.0 166,2.0 268,1.0 
31,9.0 46,1.0 64,1.0 67,1.0 69,1.0 78,1.0 79,1.0 99,1.0 100,3.0 114,1.0 116,1.0 
12,1.0 16,16.0 17,2.0 25,25.0 30,3.0 47,2.0 58,1.0 61,3.0 63,2.0 64,2.0 67,2.0 73,1.0 94,1.0 96,1.0 99,3.0 109,26.0 110,25.0 111,2.0 114,12.0 115,4.0 179,2.0 264,1.0 
0,2.0 10,12.0 15,1.0 16,23.0 17,2.0 25,2.0 30,8.0 38,1.0 47,8.0 54,2.0 58,6.0 59,2.0 73,4.0 94,1.0 95,1.0 99,12.0 100,3.0 109,1.0 110,2.0 114,2.0 115,2.0 116,3.0 121,1.0 173,2.0 178,8.0 216,1.0 251,1.0 261,1.0 264,1.0 
11,3.0 17,2.0 43,1.0 94,1.0 111,2.0 116,13.0 215,1.0 248,28.0 249,28.0 250,26.0 251,1.0 252,1.0 
93,1.0 118,5.0 119,6.0 120,7.0 121,8.0 135,3.0 140,1.0 143,2.0 150,1.0 157,1.0 172,1.0 190,3.0 227,1.0 230,1.0 346,1.0 347,2.0 348,1.0 
91,2.0 93,1.0 117,5.0 119,2.0 120,8.0 121,7.0 133,4.0 135,1.0 136,1.0 138,1.0 139,1.0 140,1.0 141,1.0 143,1.0 150,1.0 172,1.0 187,2.0 188,2.0 189,2.0 190,1.0 195,1.0 286,1.0 299,1.0 302,1.0 343,1.0 344,1.0 378,1.0 
15,4.0 32,1.0 53,2.0 55,1.0 65,4.0 91,3.0 105,1.0 117,4.0 118,2.0 120,9.0 121,11.0 132,2.0 133,1.0 135,2.0 137,2.0 139,2.0 140,1.0 141,2.0 142,2.0 143,7.0 157,1.0 190,6.0 191,2.0 193,1.0 196,2.0 197,4.0 201,2.0 208,1.0 226,1.0 227,2.0 230,1.0 284,1.0 287,2.0 293,1.0 302,1.0 305,1.0 344,1.0 346,1.0 347,1.0 348,1.0 377,1.0 425,1.0 426,1.0 
30,2.0 83,2.0 84,1.0 85,2.0 86,2.0 91,3.0 117,1.0 119,3.0 121,12.0 122,2.0 123,2.0 124,2.0 127,1.0 133,2.0 135,3.0 136,5.0 138,2.0 139,7.0 140,6.0 141,2.0 143,5.0 144,1.0 147,2.0 150,3.0 154,2.0 190,1.0 195,1.0 197,5.0 198,2.0 200,3.0 208,1.0 230,1.0 344,1.0 345,1.0 347,1.0 348,1.0 356,1.0 364,2.0 365,1.0 419,1.0 
15,5.0 59,1.0 83,2.0 85,2.0 91,3.0 117,2.0 118,1.0 119,8.0 120,12.0 122,2.0 123,2.0 124,2.0 133,1.0 135,5.0 140,2.0 143,3.0 147,2.0 150,3.0 157,1.0 172,1.0 190,6.0 191,2.0 227,2.0 263,1.0 284,1.0 287,2.0 344,1.0 346,1.0 425,1.0 
101,3.0 104,2.0 123,2.0 124,3.0 125,2.0 126,5.0 127,2.0 128,3.0 130,3.0 144,1.0 146,3.0 195,1.0 198,2.0 238,1.0 241,1.0 
101,2.0 122,2.0 124,2.0 125,2.0 126,2.0 
1,2.0 2,2.0 6,3.0 17,2.0 18,1.0 30,2.0 41,1.0 70,3.0 83,2.0 92,1.0 101,4.0 104,1.0 117,1.0 122,3.0 123,2.0 125,4.0 126,5.0 127,1.0 128,1.0 130,2.0 132,2.0 134,2.0 137,2.0 144,1.0 146,4.0 148,2.0 149,2.0 151,1.0 152,1.0 166,2.0 190,1.0 192,7.0 198,4.0 203,2.0 205,4.0 206,1.0 216,1.0 224,3.0 230,2.0 237,2.0 241,1.0 299,1.0 347,1.0 350,1.0 351,1.0 
48,1.0 83,2.0 85,1.0 86,2.0 101,4.0 102,2.0 103,2.0 104,2.0 126,8.0 127,2.0 128,2.0 129,2.0 146,2.0 158,2.0 159,2.0 160,2.0 161,2.0 164,2.0 
83,2.0 86,2.0 91,2.0 101,4.0 102,2.0 103,2.0 104,3.0 117,3.0 118,2.0 119,1.0 121,1.0 125,8.0 127,2.0 128,2.0 129,2.0 130,5.0 146,7.0 164,3.0 320,1.0 321,1.0 346,1.0 
2,2.0 5,2.0 6,2.0 15,1.0 65,2.0 101,3.0 122,2.0 124,3.0 126,2.0 128,4.0 129,4.0 130,5.0 131,6.0 144,3.0 145,3.0 146,3.0 151,1.0 152,2.0 173,2.0 192,3.0 193,1.0 195,1.0 198,2.0 203,1.0 282,1.0 345,1.0 377,2.0 
83,2.0 104,1.0 122,3.0 124,1.0 126,5.0 127,4.0 129,2.0 130,7.0 131,2.0 146,5.0 198,1.0 211,1.0 
41,1.0 84,2.0 99,1.0 127,5.0 128,2.0 130,4.0 131,4.0 144,2.0 173,2.0 193,1.0 198,1.0 224,1.0 230,2.0 286,1.0 302,1.0 
38,1.0 48,2.0 91,2.0 104,1.0 117,3.0 118,2.0 119,1.0 121,1.0 122,1.0 125,2.0 126,5.0 131,6.0 132,2.0 133,2.0 134,2.0 144,1.0 145,2.0 146,6.0 151,3.0 152,3.0 158,2.0 159,2.0 180,1.0 195,1.0 198,1.0 346,1.0 
16,1.0 30,1.0 48,3.0 89,1.0 91,2.0 101,7.0 122,3.0 124,1.0 127,2.0 128,3.0 130,6.0 132,2.0 133,2.0 134,2.0 144,1.0 145,8.0 146,1.0 151,2.0 152,7.0 192,2.0 198,1.0 203,4.0 222,2.0 228,2.0 253,1.0 299,1.0 349,1.0 422,1.0 
119,2.0 124,2.0 133,2.0 134,4.0 135,2.0 136,2.0 137,6.0 139,2.0 141,2.0 142,2.0 143,2.0 148,2.0 149,2.0 
2,1.0 92,1.0 93,1.0 115,1.0 118,4.0 120,2.0 132,2.0 134,4.0 135,2.0 136,6.0 137,2.0 139,3.0 141,7.0 178,2.0 194,2.0 195,1.0 286,1.0 287,2.0 299,1.0 302,1.0 344,1.0 363,1.0 378,1.0 
85,2.0 120,4.0 121,2.0 132,2.0 133,2.0 135,4.0 136,6.0 137,8.0 139,3.0 141,3.0 142,1.0 143,4.0 149,1.0 190,1.0 195,2.0 201,1.0 226,1.0 
46,4.0 87,1.0 120,3.0 124,1.0 125,2.0 126,2.0 127,1.0 133,1.0 134,1.0 136,5.0 137,4.0 138,2.0 140,2.0 141,2.0 143,8.0 146,2.0 149,1.0 150,6.0 157,1.0 164,2.0 165,3.0 172,1.0 190,1.0 198,1.0 201,5.0 202,2.0 226,1.0 227,2.0 234,1.0 287,1.0 348,1.0 354,1.0 421,1.0 
84,1.0 99,2.0 120,6.0 131,1.0 134,2.0 135,5.0 137,7.0 138,2.0 139,9.0 141,2.0 142,4.0 144,1.0 150,1.0 153,2.0 154,6.0 155,2.0 156,2.0 164,2.0 195,2.0 197,1.0 205,2.0 208,2.0 222,1.0 234,3.0 286,1.0 356,1.0 366,1.0 419,1.0 
83,2.0 120,6.0 121,2.0 127,2.0 134,4.0 135,4.0 136,7.0 138,2.0 139,4.0 142,6.0 143,8.0 144,2.0 153,2.0 154,2.0 155,2.0 164,2.0 208,1.0 286,1.0 
118,1.0 120,4.0 139,4.0 140,4.0 141,1.0 343,2.0 344,2.0 
46,1.0 60,2.0 83,2.0 90,2.0 99,2.0 117,1.0 118,1.0 119,2.0 120,2.0 121,1.0 127,3.0 131,1.0 132,2.0 134,2.0 136,7.0 137,4.0 140,8.0 141,5.0 142,11.0 143,5.0 144,6.0 150,2.0 154,3.0 155,2.0 156,5.0 157,2.0 160,2.0 168,1.0 172,2.0 190,1.0 195,3.0 200,1.0 201,2.0 207,2.0 209,2.0 210,2.0 211,2.0 220,1.0 221,2.0 222,1.0 226,3.0 227,3.0 234,2.0 287,1.0 293,1.0 305,1.0 345,1.0 357,1.0 
90,2.0 119,2.0 120,2.0 127,1.0 132,2.0 134,1.0 135,2.0 139,8.0 141,4.0 144,1.0 149,1.0 150,2.0 156,2.0 157,3.0 190,1.0 195,1.0 200,1.0 227,2.0 287,1.0 345,1.0 354,1.0 
85,2.0 92,1.0 119,2.0 120,2.0 127,2.0 132,2.0 133,4.0 134,5.0 136,3.0 137,6.0 139,9.0 140,1.0 142,5.0 143,6.0 144,1.0 149,1.0 178,2.0 190,1.0 192,1.0 195,3.0 199,2.0 201,1.0 226,1.0 287,2.0 345,1.0 
52,2.0 60,2.0 83,2.0 88,2.0 117,1.0 118,1.0 121,1.0 127,2.0 136,2.0 137,6.0 139,9.0 143,4.0 144,4.0 153,4.0 154,6.0 155,6.0 156,2.0 160,2.0 172,2.0 190,1.0 201,1.0 207,4.0 210,4.0 211,4.0 226,1.0 
32,1.0 46,4.0 55,1.0 83,2.0 87,1.0 119,1.0 120,7.0 121,2.0 124,3.0 127,3.0 130,2.0 133,1.0 134,2.0 135,12.0 136,1.0 137,6.0 139,4.0 141,1.0 142,4.0 144,2.0 150,8.0 165,3.0 172,3.0 190,1.0 192,1.0 193,1.0 197,2.0 198,3.0 201,7.0 202,2.0 207,2.0 208,6.0 222,1.0 226,2.0 227,1.0 293,1.0 305,1.0 348,1.0 377,1.0 421,1.0 427,1.0 428,1.0 429,1.0 
2,2.0 4,2.0 5,2.0 6,2.0 31,1.0 56,1.0 65,2.0 81,1.0 84,2.0 101,7.0 104,1.0 122,1.0 127,4.0 129,2.0 131,6.0 145,5.0 152,2.0 193,1.0 195,4.0 198,2.0 206,4.0 222,1.0 230,3.0 238,1.0 241,1.0 270,1.0 286,1.0 302,1.0 345,1.0 349,1.0 350,1.0 351,1.0 352,1.0 353,1.0 356,1.0 
16,1.0 30,1.0 32,1.0 49,2.0 90,1.0 91,2.0 101,7.0 122,3.0 124,1.0 127,2.0 128,3.0 130,2.0 131,8.0 143,2.0 151,4.0 152,8.0 168,2.0 198,1.0 237,1.0 241,1.0 
48,1.0 58,1.0 67,2.0 69,1.0 73,2.0 89,1.0 91,2.0 102,4.0 103,4.0 104,5.0 117,3.0 118,3.0 119,1.0 120,1.0 121,1.0 122,1.0 125,2.0 126,7.0 130,6.0 131,1.0 133,1.0 136,1.0 144,1.0 151,1.0 152,2.0 167,2.0 195,1.0 197,1.0 198,1.0 203,5.0 216,1.0 229,1.0 237,4.0 238,1.0 239,1.0 241,1.0 346,1.0 
124,2.0 132,2.0 148,2.0 149,2.0 410,1.0 
53,2.0 124,2.0 132,2.0 134,2.0 137,2.0 149,2.0 164,2.0 167,2.0 
124,2.0 132,2.0 134,3.0 137,2.0 139,1.0 141,1.0 142,1.0 148,2.0 190,1.0 201,1.0 226,1.0 
67,2.0 87,1.0 124,3.0 125,2.0 126,2.0 127,1.0 135,6.0 139,3.0 140,2.0 143,2.0 146,2.0 154,2.0 156,2.0 157,2.0 165,3.0 172,3.0 198,1.0 201,2.0 208,8.0 224,4.0 235,2.0 287,1.0 367,1.0 
49,2.0 122,1.0 130,1.0 136,2.0 137,2.0 142,2.0 144,1.0 145,2.0 146,1.0 152,5.0 168,2.0 195,1.0 198,1.0 
16,1.0 30,1.0 31,1.0 32,2.0 41,1.0 47,2.0 49,2.0 67,2.0 101,3.0 122,2.0 124,3.0 128,1.0 130,1.0 131,2.0 136,2.0 137,2.0 142,2.0 143,2.0 144,1.0 145,6.0 146,2.0 151,5.0 163,5.0 168,2.0 171,2.0 192,1.0 195,1.0 197,1.0 198,2.0 203,3.0 218,1.0 224,1.0 228,8.0 229,1.0 230,1.0 239,1.0 288,1.0 325,1.0 349,2.0 416,1.0 
52,2.0 88,2.0 139,2.0 140,2.0 142,2.0 150,2.0 154,4.0 155,4.0 
52,2.0 88,2.0 101,1.0 139,6.0 140,2.0 142,4.0 144,2.0 150,4.0 153,4.0 155,4.0 156,3.0 201,1.0 208,1.0 221,1.0 224,1.0 237,1.0 241,1.0 246,1.0 287,1.0 419,1.0 
52,2.0 88,2.0 139,2.0 140,2.0 142,4.0 150,2.0 153,4.0 154,4.0 172,2.0 207,2.0 210,2.0 211,2.0 
139,2.0 142,2.0 144,4.0 145,2.0 152,2.0 154,3.0 157,4.0 162,2.0 170,2.0 217,2.0 221,1.0 222,1.0 226,1.0 246,1.0 
134,1.0 135,1.0 140,1.0 141,1.0 145,2.0 149,1.0 152,2.0 156,4.0 162,2.0 170,2.0 190,1.0 227,1.0 
125,2.0 159,2.0 160,2.0 161,2.0 
125,2.0 158,2.0 160,2.0 161,2.0 
55,1.0 58,2.0 60,2.0 71,1.0 139,2.0 142,2.0 161,4.0 162,4.0 168,2.0 207,2.0 210,2.0 211,2.0 328,1.0 
58,2.0 160,4.0 162,4.0 168,2.0 
1,2.0 4,2.0 47,1.0 58,3.0 63,2.0 69,1.0 84,4.0 87,4.0 90,1.0 91,4.0 93,4.0 152,2.0 163,2.0 165,2.0 168,2.0 171,10.0 174,1.0 175,4.0 266,1.0 279,1.0 282,2.0 299,1.0 302,2.0 
24,3.0 40,1.0 47,2.0 55,1.0 61,1.0 67,2.0 100,1.0 152,4.0 171,2.0 325,2.0 
1,1.0 4,2.0 50,3.0 53,2.0 65,2.0 83,1.0 85,1.0 86,6.0 87,1.0 120,2.0 126,1.0 139,1.0 148,2.0 165,2.0 167,6.0 227,1.0 266,1.0 270,2.0 279,1.0 280,1.0 288,1.0 313,1.0 314,1.0 315,1.0 316,1.0 320,1.0 321,1.0 357,1.0 
49,1.0 50,2.0 87,4.0 135,2.0 143,2.0 146,2.0 150,2.0 162,1.0 164,4.0 166,2.0 167,4.0 168,4.0 266,1.0 270,2.0 279,2.0 288,2.0 289,1.0 307,1.0 309,1.0 310,1.0 311,1.0 312,1.0 
0,1.0 1,51.0 2,1.0 4,24.0 6,24.0 15,18.0 16,2.0 17,4.0 18,2.0 19,24.0 30,4.0 37,12.0 41,1.0 42,2.0 46,4.0 47,2.0 58,4.0 67,2.0 69,1.0 73,2.0 94,2.0 99,2.0 105,4.0 111,4.0 124,1.0 148,2.0 164,2.0 166,1.0 167,2.0 169,1.0 178,12.0 180,20.0 198,1.0 206,2.0 340,1.0 341,1.0 342,1.0 
52,7.0 53,2.0 83,3.0 102,4.0 103,2.0 104,2.0 145,2.0 146,2.0 148,2.0 151,2.0 152,2.0 162,4.0 164,4.0 168,5.0 178,2.0 278,1.0 288,3.0 
1,4.0 43,1.0 46,1.0 48,3.0 49,8.0 50,2.0 51,1.0 84,3.0 86,1.0 87,2.0 145,2.0 151,2.0 152,2.0 162,2.0 165,4.0 171,4.0 288,1.0 
52,2.0 82,1.0 86,2.0 88,2.0 104,2.0 156,2.0 157,2.0 162,1.0 165,1.0 166,1.0 170,2.0 340,1.0 341,1.0 342,1.0 
156,2.0 157,2.0 162,2.0 
1,1.0 4,4.0 51,5.0 58,4.0 76,1.0 82,2.0 83,10.0 84,7.0 88,12.0 91,4.0 104,2.0 162,2.0 165,2.0 168,2.0 172,4.0 174,2.0 208,1.0 211,1.0 247,1.0 266,1.0 282,2.0 288,5.0 299,1.0 322,1.0 324,1.0 
52,2.0 85,2.0 124,3.0 127,1.0 135,1.0 142,2.0 143,1.0 150,3.0 155,2.0 168,2.0 198,1.0 207,2.0 208,2.0 210,2.0 211,2.0 
0,15.0 1,2.0 2,19.0 3,1.0 4,6.0 5,5.0 6,1.0 10,1.0 18,1.0 19,1.0 21,7.0 27,3.0 29,1.0 30,1.0 31,2.0 32,2.0 36,4.0 37,1.0 41,1.0 42,3.0 43,2.0 46,2.0 47,1.0 53,2.0 54,15.0 59,2.0 64,1.0 65,2.0 78,1.0 95,1.0 115,2.0 173,12.0 178,4.0 207,1.0 212,2.0 223,2.0 242,1.0 258,2.0 265,1.0 266,5.0 371,2.0 374,1.0 
1,2.0 82,1.0 83,1.0 85,2.0 88,2.0 100,1.0 162,1.0 171,3.0 178,1.0 265,1.0 299,6.0 
93,4.0 171,4.0 
21,2.0 30,1.0 51,2.0 65,2.0 82,2.0 91,4.0 162,4.0 166,1.0 256,2.0 
93,4.0 171,4.0 
1,4.0 2,2.0 4,2.0 6,3.0 7,4.0 10,2.0 12,1.0 15,2.0 16,4.0 19,2.0 22,4.0 27,3.0 31,2.0 36,11.0 37,14.0 38,9.0 43,1.0 46,8.0 47,3.0 58,3.0 59,3.0 68,2.0 94,2.0 99,12.0 100,11.0 115,22.0 166,4.0 173,4.0 174,1.0 178,2.0 180,3.0 192,1.0 224,1.0 266,1.0 269,1.0 286,1.0 327,4.0 358,13.0 388,1.0 
100,2.0 
0,1.0 1,31.0 4,24.0 6,7.0 11,1.0 15,21.0 16,2.0 17,3.0 19,24.0 21,1.0 37,10.0 38,4.0 47,2.0 54,1.0 58,1.0 78,1.0 94,2.0 111,2.0 114,2.0 130,1.0 166,30.0 182,8.0 183,1.0 220,1.0 266,1.0 388,1.0 
16,10.0 17,14.0 118,2.0 180,8.0 182,22.0 184,12.0 185,1.0 186,1.0 
16,16.0 17,15.0 180,4.0 181,21.0 183,1.0 184,9.0 185,1.0 333,3.0 362,4.0 399,2.0 401,2.0 
36,1.0 181,1.0 358,1.0 360,1.0 
16,7.0 17,7.0 181,6.0 182,7.0 186,2.0 
181,1.0 182,1.0 
16,2.0 17,2.0 184,1.0 
178,2.0 188,2.0 189,2.0 
178,2.0 187,2.0 189,2.0 
178,2.0 187,2.0 188,2.0 
15,4.0 32,1.0 55,1.0 91,1.0 117,2.0 118,1.0 119,7.0 120,2.0 121,7.0 134,1.0 135,1.0 139,1.0 141,1.0 142,1.0 143,2.0 149,1.0 150,1.0 172,1.0 191,2.0 193,1.0 201,2.0 226,1.0 347,1.0 377,1.0 
15,2.0 119,2.0 121,2.0 190,2.0 
2,2.0 5,2.0 6,3.0 17,3.0 30,2.0 38,1.0 65,2.0 92,1.0 117,1.0 124,7.0 127,1.0 131,3.0 146,1.0 152,1.0 178,1.0 190,1.0 193,2.0 203,3.0 204,4.0 215,2.0 222,2.0 224,3.0 230,2.0 237,1.0 241,1.0 253,1.0 278,1.0 286,1.0 299,2.0 347,1.0 349,1.0 370,1.0 
2,2.0 5,2.0 6,2.0 65,2.0 77,2.0 118,1.0 124,1.0 127,1.0 133,1.0 192,3.0 198,1.0 253,1.0 377,1.0 
6,4.0 71,2.0 97,1.0 110,2.0 133,2.0 134,2.0 136,2.0 139,2.0 141,4.0 199,2.0 
2,2.0 5,2.0 6,2.0 18,2.0 55,1.0 65,2.0 101,2.0 104,1.0 122,1.0 127,1.0 129,2.0 131,1.0 144,6.0 145,1.0 152,1.0 198,1.0 230,2.0 238,1.0 241,1.0 286,2.0 302,1.0 345,1.0 350,1.0 351,1.0 378,1.0 423,1.0 424,1.0 
18,2.0 60,2.0 70,1.0 119,2.0 120,2.0 143,2.0 197,2.0 206,2.0 207,1.0 210,1.0 211,2.0 212,3.0 218,2.0 219,1.0 223,1.0 229,2.0 242,2.0 267,1.0 374,1.0 431,1.0 432,1.0 
3,3.0 30,2.0 65,1.0 84,1.0 119,2.0 120,6.0 124,1.0 136,3.0 137,1.0 143,3.0 150,1.0 154,1.0 198,2.0 201,1.0 208,3.0 218,1.0 226,1.0 227,1.0 287,2.0 302,1.0 364,2.0 365,1.0 
1,2.0 2,2.0 6,2.0 18,1.0 101,1.0 104,2.0 122,2.0 124,6.0 126,1.0 127,2.0 128,1.0 130,2.0 144,1.0 146,2.0 151,1.0 152,1.0 166,2.0 192,2.0 193,1.0 194,2.0 195,2.0 206,1.0 224,1.0 230,1.0 238,1.0 241,1.0 302,1.0 423,1.0 424,1.0 
134,2.0 137,2.0 141,2.0 143,2.0 197,1.0 218,1.0 368,1.0 
99,2.0 117,1.0 119,1.0 120,1.0 230,1.0 347,1.0 
32,1.0 46,4.0 55,1.0 87,1.0 117,1.0 118,1.0 119,2.0 121,1.0 135,5.0 136,1.0 139,2.0 142,1.0 143,7.0 150,1.0 165,1.0 190,2.0 193,1.0 197,1.0 202,2.0 208,1.0 226,2.0 227,1.0 270,1.0 287,2.0 302,1.0 318,1.0 377,1.0 
46,2.0 135,2.0 143,2.0 201,2.0 
48,1.0 67,2.0 73,2.0 89,1.0 90,1.0 118,1.0 124,2.0 131,4.0 133,1.0 146,6.0 152,7.0 192,1.0 217,1.0 224,1.0 228,5.0 229,1.0 230,1.0 237,2.0 239,1.0 241,1.0 349,2.0 422,1.0 
136,2.0 205,2.0 211,2.0 216,2.0 
78,1.0 97,2.0 136,2.0 139,4.0 142,2.0 154,2.0 156,2.0 209,4.0 
1,1.0 5,4.0 12,1.0 18,36.0 19,5.0 41,1.0 47,1.0 51,1.0 60,3.0 65,4.0 69,1.0 70,3.0 71,2.0 106,2.0 143,2.0 166,1.0 196,3.0 206,17.0 207,9.0 210,2.0 211,5.0 212,5.0 218,3.0 219,5.0 223,2.0 231,16.0 232,3.0 233,3.0 242,4.0 250,2.0 263,16.0 267,1.0 374,3.0 431,1.0 432,1.0 
1,2.0 3,3.0 5,1.0 18,1.0 19,3.0 51,1.0 60,4.0 68,1.0 70,1.0 143,4.0 150,2.0 172,2.0 196,3.0 206,2.0 208,7.0 210,5.0 211,6.0 212,1.0 218,4.0 219,1.0 223,5.0 235,3.0 236,3.0 239,1.0 242,1.0 279,1.0 336,1.0 374,1.0 
25,1.0 51,1.0 67,2.0 110,1.0 115,1.0 124,4.0 136,2.0 137,1.0 139,1.0 143,4.0 150,8.0 154,1.0 171,1.0 172,2.0 192,1.0 201,2.0 216,2.0 222,1.0 224,4.0 226,1.0 227,1.0 235,5.0 236,3.0 286,1.0 287,1.0 367,1.0 
2,6.0 12,5.0 96,2.0 139,4.0 142,4.0 155,2.0 160,2.0 172,2.0 
18,1.0 46,1.0 47,1.0 60,3.0 62,1.0 70,1.0 196,3.0 206,2.0 207,5.0 211,6.0 212,1.0 218,3.0 219,1.0 220,3.0 223,1.0 233,1.0 242,1.0 247,1.0 374,1.0 381,1.0 
18,4.0 51,1.0 60,5.0 70,3.0 171,1.0 196,5.0 206,5.0 207,6.0 210,7.0 211,2.0 212,3.0 216,2.0 218,5.0 219,3.0 223,2.0 231,3.0 242,4.0 244,1.0 245,1.0 267,1.0 324,1.0 374,3.0 431,1.0 432,1.0 
5,4.0 12,2.0 18,4.0 21,2.0 60,2.0 65,6.0 70,2.0 173,2.0 196,2.0 206,4.0 207,1.0 210,1.0 211,3.0 213,2.0 218,2.0 219,4.0 223,1.0 242,3.0 267,1.0 287,1.0 374,2.0 431,1.0 432,1.0 
2,1.0 88,1.0 214,2.0 
46,1.0 192,2.0 
18,1.0 43,1.0 46,1.0 67,1.0 68,1.0 70,1.0 116,2.0 154,1.0 156,1.0 204,2.0 206,1.0 211,1.0 212,1.0 219,1.0 220,1.0 221,3.0 222,3.0 242,1.0 248,2.0 249,2.0 250,1.0 374,1.0 379,2.0 430,1.0 
5,1.0 25,2.0 32,1.0 58,1.0 65,1.0 99,1.0 109,1.0 110,2.0 114,1.0 115,1.0 135,1.0 136,3.0 139,3.0 146,1.0 156,2.0 207,1.0 210,3.0 217,2.0 220,1.0 237,1.0 238,1.0 
15,1.0 16,1.0 144,2.0 156,2.0 206,2.0 215,1.0 
2,3.0 3,2.0 4,2.0 6,2.0 18,2.0 19,1.0 51,1.0 53,2.0 54,2.0 59,1.0 60,3.0 70,1.0 99,1.0 100,1.0 136,1.0 137,1.0 196,2.0 197,1.0 206,2.0 207,2.0 208,1.0 210,1.0 211,2.0 212,1.0 219,4.0 223,1.0 242,2.0 264,2.0 267,1.0 374,1.0 431,1.0 432,1.0 
5,6.0 12,2.0 18,4.0 60,2.0 65,2.0 70,2.0 143,1.0 163,3.0 196,2.0 201,1.0 206,4.0 207,1.0 208,1.0 210,1.0 211,3.0 212,3.0 218,2.0 223,1.0 242,3.0 267,1.0 287,1.0 374,2.0 431,1.0 432,1.0 
18,1.0 38,1.0 55,1.0 70,1.0 139,1.0 156,1.0 178,1.0 206,1.0 211,1.0 212,1.0 215,4.0 219,1.0 221,4.0 225,4.0 226,1.0 242,1.0 374,1.0 430,1.0 
119,1.0 156,1.0 197,1.0 215,3.0 222,4.0 226,1.0 287,1.0 
5,3.0 32,1.0 65,2.0 101,1.0 131,2.0 144,1.0 152,2.0 192,2.0 203,1.0 207,4.0 216,1.0 266,1.0 299,1.0 349,2.0 354,1.0 
0,2.0 1,2.0 2,6.0 3,4.0 4,2.0 12,3.0 18,1.0 53,3.0 54,3.0 58,1.0 59,1.0 60,1.0 61,4.0 65,1.0 70,1.0 100,2.0 105,1.0 150,4.0 154,1.0 173,2.0 196,1.0 206,2.0 207,1.0 208,3.0 210,1.0 211,2.0 212,1.0 218,1.0 219,1.0 242,1.0 250,1.0 374,1.0 
6,1.0 38,1.0 41,1.0 53,1.0 90,1.0 99,1.0 101,1.0 124,3.0 129,1.0 145,2.0 146,1.0 178,1.0 192,3.0 203,1.0 220,4.0 230,1.0 237,2.0 241,1.0 286,1.0 299,1.0 
55,1.0 56,4.0 106,1.0 226,4.0 227,4.0 250,1.0 
0,1.0 1,1.0 2,1.0 56,4.0 117,1.0 118,1.0 121,1.0 131,1.0 135,1.0 139,1.0 142,1.0 143,2.0 156,1.0 190,1.0 192,1.0 201,1.0 203,4.0 208,1.0 221,1.0 222,2.0 223,1.0 227,6.0 279,1.0 323,1.0 349,1.0 421,1.0 
0,1.0 1,1.0 2,1.0 46,1.0 56,4.0 131,1.0 134,1.0 135,2.0 139,2.0 140,2.0 141,1.0 143,1.0 149,1.0 157,1.0 168,1.0 190,1.0 192,1.0 203,4.0 208,1.0 222,1.0 223,1.0 226,6.0 287,1.0 349,1.0 354,1.0 357,1.0 
31,1.0 32,2.0 41,1.0 51,1.0 152,8.0 163,1.0 171,1.0 197,1.0 218,1.0 288,2.0 325,2.0 416,1.0 
23,2.0 135,1.0 143,1.0 226,1.0 239,1.0 
2,2.0 5,2.0 6,2.0 16,1.0 65,2.0 81,1.0 117,1.0 119,1.0 120,1.0 124,2.0 127,1.0 129,2.0 135,1.0 143,1.0 144,3.0 146,1.0 192,2.0 193,1.0 198,1.0 203,1.0 211,2.0 224,1.0 234,1.0 237,1.0 241,1.0 256,1.0 270,1.0 286,2.0 299,1.0 302,1.0 347,1.0 348,1.0 356,1.0 378,2.0 
5,1.0 18,16.0 65,1.0 206,16.0 212,1.0 217,2.0 219,1.0 231,7.0 263,15.0 369,1.0 
3,6.0 71,4.0 192,3.0 233,3.0 243,1.0 
62,1.0 116,1.0 192,3.0 215,1.0 232,3.0 247,1.0 248,1.0 249,1.0 
206,3.0 230,1.0 256,1.0 286,1.0 
25,1.0 67,2.0 110,1.0 115,1.0 150,2.0 208,5.0 216,2.0 224,1.0 236,3.0 367,1.0 
25,1.0 110,1.0 115,1.0 208,3.0 216,2.0 224,1.0 235,3.0 
32,1.0 58,1.0 69,1.0 101,1.0 118,1.0 120,1.0 133,1.0 136,1.0 145,1.0 146,4.0 197,1.0 203,1.0 216,1.0 238,1.0 241,2.0 368,1.0 420,1.0 
101,1.0 104,1.0 138,1.0 146,1.0 216,1.0 237,1.0 241,1.0 279,1.0 343,1.0 344,1.0 
135,1.0 143,1.0 226,1.0 229,1.0 240,1.0 
241,1.0 
90,1.0 101,3.0 104,1.0 118,1.0 133,1.0 138,1.0 145,1.0 146,1.0 203,1.0 237,2.0 238,1.0 242,1.0 270,1.0 343,1.0 344,1.0 368,1.0 420,1.0 
18,6.0 60,3.0 70,2.0 196,3.0 206,4.0 207,1.0 210,1.0 211,3.0 212,2.0 218,3.0 219,2.0 223,1.0 232,1.0 242,1.0 267,2.0 374,3.0 431,2.0 432,2.0 
211,1.0 
203,1.0 245,1.0 
203,1.0 244,1.0 
211,1.0 
49,1.0 62,1.0 87,1.0 116,1.0 171,1.0 215,1.0 233,1.0 248,1.0 249,1.0 
3,1.0 94,4.0 116,27.0 215,1.0 248,15.0 249,27.0 250,26.0 251,4.0 252,4.0 253,1.0 
41,1.0 94,1.0 114,1.0 116,27.0 215,1.0 248,28.0 249,13.0 250,26.0 251,2.0 252,1.0 
10,1.0 12,1.0 16,2.0 18,1.0 31,3.0 38,2.0 47,2.0 58,1.0 59,1.0 61,3.0 68,2.0 94,1.0 100,1.0 106,18.0 116,25.0 206,2.0 223,1.0 225,1.0 248,26.0 249,25.0 250,12.0 251,1.0 252,1.0 329,2.0 332,3.0 
3,1.0 12,1.0 15,2.0 31,3.0 46,1.0 58,3.0 61,7.0 68,3.0 94,3.0 99,4.0 178,1.0 218,2.0 248,3.0 251,1.0 252,3.0 253,1.0 264,1.0 326,1.0 
3,1.0 17,1.0 94,4.0 248,3.0 251,3.0 252,1.0 253,1.0 
3,17.0 21,1.0 24,2.0 54,1.0 61,2.0 71,1.0 81,1.0 82,1.0 100,1.0 253,6.0 254,2.0 267,1.0 
3,2.0 54,1.0 253,1.0 
3,1.0 41,1.0 54,1.0 
0,2.0 3,1.0 5,1.0 6,14.0 7,4.0 11,1.0 12,1.0 15,2.0 21,15.0 37,1.0 38,5.0 54,1.0 65,14.0 81,1.0 93,3.0 97,2.0 176,2.0 178,4.0 223,1.0 253,1.0 256,11.0 257,2.0 258,2.0 259,1.0 282,2.0 373,1.0 
6,1.0 11,1.0 256,1.0 
0,2.0 5,1.0 6,2.0 21,1.0 54,2.0 173,1.0 256,1.0 259,1.0 408,1.0 
2,12.0 3,1.0 5,25.0 6,12.0 15,5.0 16,4.0 17,8.0 29,2.0 30,7.0 31,1.0 38,2.0 68,1.0 71,4.0 77,3.0 232,1.0 251,1.0 259,6.0 260,1.0 
0,1.0 5,1.0 6,1.0 21,1.0 38,1.0 54,1.0 180,1.0 259,1.0 
59,1.0 115,2.0 
78,2.0 112,1.0 
5,1.0 18,16.0 25,1.0 65,1.0 110,2.0 121,1.0 135,1.0 140,1.0 206,16.0 212,1.0 219,1.0 227,1.0 231,15.0 263,7.0 287,1.0 
0,1.0 12,3.0 54,1.0 61,1.0 96,3.0 99,1.0 100,1.0 109,3.0 110,1.0 173,1.0 194,2.0 218,1.0 223,2.0 264,1.0 
118,2.0 133,2.0 266,1.0 299,2.0 
1,1.0 2,11.0 5,1.0 6,6.0 11,2.0 16,3.0 17,1.0 21,1.0 26,2.0 28,2.0 30,3.0 31,1.0 32,2.0 36,2.0 37,2.0 41,2.0 48,1.0 50,1.0 51,1.0 59,7.0 64,6.0 69,1.0 73,1.0 77,1.0 81,1.0 82,3.0 87,5.0 88,20.0 89,1.0 105,5.0 166,1.0 169,1.0 173,4.0 176,2.0 178,1.0 180,1.0 207,1.0 222,1.0 253,1.0 266,8.0 270,2.0 279,2.0 288,1.0 
2,2.0 3,1.0 4,2.0 5,1.0 6,2.0 18,1.0 29,1.0 51,2.0 60,1.0 82,2.0 196,1.0 218,1.0 242,1.0 431,1.0 432,1.0 
19,14.0 21,15.0 33,2.0 59,1.0 65,1.0 78,2.0 112,1.0 256,1.0 268,6.0 269,1.0 372,2.0 
2,2.0 6,2.0 21,1.0 22,1.0 299,1.0 335,1.0 
2,1.0 3,3.0 6,1.0 50,1.0 51,2.0 65,1.0 81,1.0 84,1.0 85,2.0 86,3.0 87,1.0 88,2.0 90,2.0 91,2.0 165,1.0 171,1.0 275,1.0 283,1.0 284,1.0 285,1.0 
86,1.0 
84,1.0 
49,2.0 83,1.0 84,1.0 86,1.0 88,2.0 302,2.0 
21,1.0 266,1.0 270,1.0 275,2.0 276,1.0 277,2.0 297,1.0 
19,1.0 20,1.0 21,1.0 266,1.0 270,1.0 274,2.0 276,1.0 277,2.0 283,1.0 284,1.0 285,1.0 297,1.0 
21,1.0 83,3.0 266,1.0 274,1.0 275,1.0 277,1.0 291,3.0 292,1.0 293,1.0 296,2.0 297,1.0 300,1.0 
21,1.0 266,1.0 270,1.0 274,2.0 275,2.0 276,1.0 282,1.0 297,1.0 303,1.0 304,1.0 305,1.0 
68,1.0 84,1.0 92,1.0 98,1.0 164,1.0 270,1.0 279,1.0 
48,1.0 50,1.0 51,1.0 84,1.0 87,1.0 90,1.0 164,1.0 166,1.0 168,1.0 169,1.0 171,1.0 207,1.0 266,3.0 270,1.0 288,3.0 336,1.0 
48,1.0 83,1.0 
81,1.0 85,1.0 
0,5.0 1,4.0 7,2.0 48,1.0 49,2.0 58,2.0 81,2.0 82,2.0 85,1.0 88,6.0 92,2.0 93,8.0 124,1.0 127,1.0 131,1.0 171,2.0 174,1.0 192,2.0 222,1.0 256,3.0 273,2.0 302,2.0 354,1.0 
19,1.0 20,1.0 275,1.0 284,1.0 285,1.0 
19,1.0 20,1.0 119,1.0 275,1.0 283,1.0 285,1.0 293,1.0 305,1.0 425,1.0 426,1.0 
19,1.0 20,1.0 275,1.0 283,1.0 284,1.0 
2,2.0 5,2.0 6,2.0 38,2.0 65,2.0 129,2.0 144,2.0 178,1.0 192,1.0 195,1.0 212,1.0 224,1.0 230,3.0 234,1.0 256,1.0 302,1.0 376,2.0 378,1.0 
15,1.0 21,1.0 92,1.0 119,2.0 121,1.0 127,1.0 133,1.0 135,1.0 139,1.0 140,1.0 141,2.0 143,2.0 192,1.0 197,2.0 201,3.0 208,2.0 219,1.0 226,2.0 227,3.0 302,1.0 354,1.0 
1,2.0 15,1.0 49,1.0 50,1.0 51,2.0 58,4.0 82,2.0 84,2.0 87,1.0 89,1.0 90,5.0 171,4.0 208,1.0 211,1.0 213,1.0 278,1.0 279,4.0 324,1.0 
87,1.0 
90,1.0 
83,3.0 276,3.0 292,1.0 293,1.0 296,2.0 297,1.0 300,1.0 
83,1.0 276,1.0 291,1.0 293,1.0 
83,1.0 143,1.0 152,1.0 228,1.0 276,1.0 291,1.0 292,1.0 305,2.0 426,1.0 427,1.0 428,1.0 429,1.0 
84,1.0 85,1.0 90,1.0 
83,1.0 282,1.0 
82,1.0 83,2.0 276,2.0 291,2.0 297,1.0 300,1.0 303,1.0 304,1.0 305,1.0 
83,1.0 270,1.0 274,1.0 275,1.0 276,1.0 277,1.0 291,1.0 296,1.0 
83,1.0 
1,2.0 7,3.0 22,5.0 34,1.0 58,1.0 84,1.0 118,2.0 133,2.0 162,2.0 171,1.0 174,3.0 195,1.0 198,1.0 265,2.0 269,1.0 302,6.0 334,2.0 335,1.0 355,1.0 
83,1.0 276,1.0 291,1.0 296,1.0 
82,1.0 83,1.0 
0,3.0 7,5.0 22,2.0 49,2.0 58,2.0 81,1.0 90,2.0 93,1.0 124,1.0 127,1.0 129,1.0 144,1.0 162,2.0 171,2.0 192,1.0 195,1.0 198,1.0 224,1.0 230,2.0 282,8.0 286,1.0 299,2.0 354,1.0 
82,1.0 277,1.0 282,1.0 296,1.0 304,2.0 305,2.0 
82,1.0 277,1.0 282,1.0 296,1.0 303,2.0 305,2.0 
82,1.0 143,1.0 152,1.0 228,1.0 277,1.0 282,1.0 293,2.0 296,1.0 303,2.0 304,2.0 426,1.0 427,1.0 428,1.0 429,1.0 
82,1.0 90,1.0 
86,1.0 
270,1.0 
85,1.0 310,1.0 311,1.0 312,1.0 
85,1.0 309,1.0 311,1.0 312,1.0 
85,1.0 309,1.0 310,1.0 312,1.0 
85,1.0 309,1.0 310,1.0 311,1.0 
164,1.0 314,1.0 315,1.0 316,1.0 
164,1.0 313,1.0 315,1.0 316,1.0 
164,1.0 313,1.0 314,1.0 316,1.0 
87,1.0 
90,1.0 
201,1.0 270,1.0 
85,1.0 101,1.0 
126,1.0 164,1.0 321,1.0 
171,1.0 
288,1.0 
226,1.0 279,1.0 
51,1.0 52,1.0 102,1.0 171,1.0 211,1.0 
40,1.0 51,3.0 55,1.0 61,1.0 100,1.0 163,2.0 228,1.0 326,1.0 
16,3.0 18,1.0 25,1.0 31,2.0 36,2.0 38,1.0 43,2.0 47,2.0 64,1.0 109,2.0 178,1.0 206,2.0 250,32.0 251,1.0 
16,3.0 31,2.0 36,3.0 38,2.0 43,2.0 47,2.0 55,2.0 64,1.0 100,1.0 160,1.0 326,33.0 328,1.0 
55,1.0 71,1.0 160,1.0 
106,2.0 
331,2.0 398,4.0 
327,2.0 
106,3.0 
327,3.0 
22,2.0 34,2.0 174,1.0 265,1.0 299,3.0 
22,1.0 269,1.0 299,1.0 
0,1.0 1,1.0 3,1.0 
338,1.0 339,1.0 
86,1.0 169,1.0 339,1.0 
86,1.0 169,1.0 338,1.0 
52,1.0 68,1.0 341,1.0 342,1.0 
52,1.0 68,1.0 340,1.0 342,1.0 
52,1.0 68,1.0 340,1.0 341,1.0 
118,1.0 120,2.0 138,2.0 139,2.0 140,2.0 141,1.0 344,2.0 
118,1.0 120,2.0 133,1.0 138,2.0 139,2.0 140,2.0 141,2.0 287,1.0 343,2.0 
32,1.0 101,1.0 127,1.0 131,1.0 144,1.0 145,1.0 152,1.0 195,1.0 
81,1.0 93,1.0 117,1.0 119,2.0 121,1.0 133,1.0 135,1.0 140,1.0 141,1.0 157,1.0 197,1.0 201,1.0 227,1.0 287,2.0 
117,2.0 119,2.0 120,2.0 121,1.0 135,1.0 143,1.0 190,1.0 230,1.0 348,1.0 
120,1.0 133,1.0 135,1.0 141,1.0 143,1.0 
101,1.0 124,2.0 152,3.0 192,1.0 203,3.0 224,1.0 228,1.0 230,1.0 
55,1.0 56,1.0 131,1.0 144,1.0 203,1.0 351,2.0 352,1.0 353,1.0 
55,1.0 56,1.0 131,1.0 144,1.0 203,1.0 350,2.0 352,1.0 353,1.0 
46,1.0 48,1.0 49,1.0 56,2.0 168,2.0 353,2.0 
46,1.0 48,1.0 49,1.0 56,2.0 168,2.0 352,2.0 
5,4.0 32,1.0 65,4.0 131,1.0 192,1.0 199,1.0 216,1.0 222,2.0 282,1.0 375,1.0 
16,7.0 31,8.0 36,15.0 334,1.0 359,7.0 360,1.0 
18,1.0 81,1.0 144,1.0 230,1.0 270,1.0 
139,1.0 168,1.0 227,1.0 
12,1.0 15,1.0 31,2.0 36,9.0 46,2.0 58,2.0 59,2.0 68,2.0 99,2.0 178,14.0 183,1.0 360,11.0 362,6.0 
16,7.0 31,7.0 36,14.0 355,7.0 
36,11.0 133,1.0 183,1.0 358,7.0 361,5.0 362,14.0 
358,1.0 360,1.0 362,5.0 
36,10.0 358,10.0 360,14.0 361,1.0 400,2.0 402,2.0 
15,1.0 
30,2.0 120,2.0 197,2.0 365,1.0 
30,1.0 120,1.0 197,1.0 364,1.0 
46,1.0 
67,1.0 150,1.0 208,1.0 235,1.0 
23,1.0 146,1.0 152,1.0 203,1.0 420,1.0 
206,1.0 
216,1.0 
0,1.0 54,1.0 59,1.0 173,1.0 
19,1.0 21,1.0 112,1.0 268,1.0 
21,1.0 37,1.0 65,1.0 256,1.0 
18,5.0 60,2.0 70,2.0 196,2.0 206,4.0 207,1.0 210,1.0 211,3.0 212,2.0 218,2.0 219,2.0 223,1.0 242,4.0 267,1.0 431,1.0 432,1.0 
5,2.0 65,2.0 354,1.0 
2,2.0 5,2.0 6,2.0 65,2.0 286,2.0 
2,2.0 5,2.0 6,2.0 65,2.0 118,1.0 127,2.0 133,1.0 193,1.0 
2,2.0 5,2.0 6,2.0 65,2.0 129,1.0 144,1.0 195,1.0 230,3.0 286,1.0 
43,1.0 46,1.0 67,1.0 68,1.0 215,2.0 
17,1.0 
46,1.0 47,1.0 210,1.0 
17,1.0 
16,1.0 
16,1.0 
15,1.0 
16,1.0 31,1.0 
38,1.0 
111,1.0 180,1.0 
267,1.0 390,1.0 
32,1.0 
392,1.0 
18,1.0 
394,1.0 417,1.0 418,1.0 
77,1.0 
15,3.0 178,3.0 393,1.0 396,1.0 404,6.0 
176,1.0 
389,1.0 395,1.0 
182,4.0 399,2.0 401,2.0 
182,2.0 362,2.0 
330,2.0 
182,2.0 362,2.0 
17,1.0 330,1.0 
12,1.0 
15,4.0 178,3.0 395,6.0 410,1.0 
406,1.0 407,1.0 
405,1.0 407,1.0 
33,1.0 
26,1.0 
404,1.0 
411,2.0 
412,2.0 
413,2.0 
414,2.0 
397,1.0 415,1.0 416,1.0 
147,1.0 416,1.0 
121,1.0 147,1.0 415,1.0 
120,1.0 136,1.0 418,1.0 
120,1.0 136,1.0 417,1.0 
101,1.0 154,1.0 237,1.0 241,1.0 
146,1.0 152,1.0 203,1.0 368,1.0 
139,1.0 154,1.0 
198,1.0 
55,1.0 195,1.0 350,1.0 351,1.0 424,1.0 
55,1.0 195,1.0 350,1.0 351,1.0 423,1.0 
119,1.0 284,1.0 293,1.0 305,1.0 426,1.0 
152,1.0 228,1.0 293,1.0 305,1.0 
61,1.0 100,1.0 223,1.0 250,1.0 428,1.0 429,1.0 
61,1.0 100,1.0 223,1.0 250,1.0 427,1.0 429,1.0 
61,1.0 100,1.0 223,1.0 250,1.0 427,1.0 428,1.0 
18,1.0 70,1.0 206,1.0 211,1.0 212,1.0 215,1.0 219,1.0 220,1.0 242,1.0 374,1.0 
18,1.0 60,1.0 196,1.0 218,1.0 242,1.0 267,1.0 432,1.0 
18,1.0 60,1.0 196,1.0 218,1.0 242,1.0 267,1.0 431,1.0 
