0,1.0 1,4.0 2,47.0 3,9.0 4,16.0 5,5.0 6,4.0 7,2.0 8,9.0 10,2.0 11,1.0 14,14.0 15,2.0 16,3.0 18,5.0 28,1.0 29,1.0 30,1.0 31,2.0 32,4.0 33,2.0 34,8.0 35,3.0 36,1.0 37,3.0 40,3.0 42,2.0 44,1.0 45,11.0 50,4.0 53,13.0 55,8.0 56,3.0 64,8.0 65,1.0 68,3.0 78,2.0 89,3.0 100,2.0 105,4.0 113,4.0 116,1.0 117,1.0 119,2.0 120,5.0 126,1.0 128,3.0 130,1.0 133,1.0 134,12.0 135,2.0 136,3.0 137,3.0 138,2.0 155,2.0 156,2.0 166,2.0 170,1.0 194,1.0 205,1.0 226,2.0 251,2.0 257,2.0 259,1.0 290,1.0 350,2.0 352,2.0 364,1.0 
0,3.0 2,7.0 3,6.0 4,3.0 5,1.0 13,1.0 14,4.0 15,1.0 17,1.0 18,3.0 33,3.0 41,1.0 42,4.0 44,1.0 50,1.0 53,1.0 66,6.0 67,6.0 69,28.0 88,14.0 89,8.0 90,2.0 91,2.0 92,2.0 95,4.0 97,2.0 100,2.0 102,3.0 104,1.0 117,1.0 119,3.0 136,1.0 144,1.0 152,1.0 153,1.0 156,1.0 166,2.0 173,1.0 193,2.0 205,1.0 206,1.0 302,2.0 308,2.0 
0,9.0 1,4.0 2,1.0 3,84.0 4,17.0 5,11.0 7,6.0 8,6.0 9,89.0 11,39.0 12,7.0 14,18.0 16,13.0 17,10.0 18,11.0 19,4.0 20,10.0 21,5.0 25,11.0 26,3.0 27,8.0 28,3.0 32,3.0 33,4.0 36,1.0 42,2.0 44,2.0 45,4.0 47,6.0 50,3.0 55,17.0 56,6.0 58,6.0 59,3.0 64,6.0 65,4.0 66,3.0 69,4.0 96,1.0 99,1.0 103,2.0 106,2.0 113,1.0 114,1.0 119,1.0 120,1.0 124,1.0 128,2.0 129,2.0 131,1.0 139,2.0 144,1.0 153,1.0 156,2.0 161,1.0 165,2.0 166,2.0 167,2.0 171,2.0 172,1.0 173,1.0 175,1.0 176,1.0 178,1.0 193,1.0 195,1.0 205,1.0 226,1.0 227,1.0 250,1.0 259,1.0 262,1.0 268,1.0 270,1.0 290,1.0 291,2.0 364,1.0 
0,15.0 1,2.0 2,30.0 3,5.0 4,34.0 5,1.0 7,10.0 8,6.0 9,16.0 11,8.0 13,4.0 14,27.0 15,4.0 16,6.0 18,28.0 22,4.0 24,4.0 25,15.0 26,6.0 27,6.0 28,4.0 29,1.0 32,22.0 33,7.0 34,1.0 35,3.0 36,1.0 37,4.0 42,2.0 44,2.0 45,6.0 46,10.0 49,6.0 53,1.0 54,3.0 55,4.0 63,6.0 64,9.0 65,4.0 69,7.0 72,6.0 90,2.0 96,1.0 99,1.0 103,4.0 117,4.0 118,1.0 124,3.0 128,1.0 131,1.0 132,2.0 134,1.0 135,1.0 136,1.0 139,4.0 140,1.0 144,1.0 151,1.0 153,1.0 156,1.0 165,1.0 168,2.0 171,4.0 172,1.0 173,1.0 178,1.0 184,2.0 185,2.0 192,1.0 199,1.0 205,1.0 206,1.0 251,1.0 252,1.0 259,1.0 268,1.0 290,1.0 292,1.0 295,1.0 306,1.0 364,1.0 
0,29.0 1,2.0 2,12.0 3,17.0 4,4.0 6,6.0 8,3.0 9,1.0 10,2.0 11,15.0 13,4.0 14,12.0 16,4.0 18,32.0 25,1.0 27,1.0 31,4.0 32,13.0 33,3.0 34,3.0 37,4.0 40,8.0 42,2.0 45,19.0 46,4.0 48,6.0 49,1.0 50,14.0 53,4.0 54,2.0 55,1.0 56,3.0 64,3.0 69,5.0 78,2.0 90,2.0 103,2.0 106,1.0 108,1.0 113,1.0 120,1.0 126,1.0 128,1.0 132,2.0 134,7.0 155,1.0 169,1.0 226,2.0 245,1.0 251,2.0 252,1.0 255,1.0 259,6.0 352,2.0 
0,7.0 2,5.0 3,6.0 5,2.0 7,7.0 14,7.0 15,2.0 18,2.0 21,3.0 29,3.0 35,3.0 42,1.0 44,3.0 47,7.0 50,3.0 103,1.0 108,3.0 116,4.0 117,3.0 141,7.0 144,2.0 155,6.0 156,3.0 179,1.0 180,1.0 181,2.0 185,1.0 204,1.0 205,17.0 245,1.0 266,3.0 274,4.0 275,2.0 276,1.0 277,2.0 278,2.0 279,2.0 280,1.0 290,1.0 362,1.0 
1,1.0 2,10.0 48,6.0 49,1.0 59,1.0 121,1.0 145,1.0 151,2.0 152,1.0 225,1.0 363,1.0 
1,2.0 2,2.0 3,6.0 4,6.0 5,5.0 7,3.0 8,4.0 14,6.0 15,7.0 16,1.0 33,1.0 37,1.0 40,1.0 42,1.0 46,1.0 49,11.0 53,4.0 54,1.0 69,1.0 103,3.0 121,1.0 141,13.0 142,1.0 144,7.0 151,1.0 152,1.0 155,2.0 205,6.0 363,1.0 365,1.0 
0,9.0 2,10.0 3,3.0 4,1.0 8,1.0 9,3.0 14,1.0 18,1.0 25,3.0 27,3.0 29,2.0 31,2.0 32,1.0 33,2.0 42,2.0 44,2.0 45,1.0 46,1.0 50,10.0 55,1.0 64,8.0 65,5.0 67,3.0 78,2.0 105,2.0 107,1.0 113,4.0 119,2.0 120,1.0 124,1.0 128,14.0 131,1.0 136,1.0 139,3.0 155,4.0 156,2.0 166,1.0 167,1.0 168,1.0 169,2.0 170,2.0 171,1.0 172,1.0 193,1.0 194,4.0 195,3.0 205,2.0 250,2.0 291,1.0 306,1.0 310,1.0 351,2.0 352,2.0 
0,5.0 2,47.0 3,11.0 4,2.0 8,2.0 9,3.0 10,9.0 11,92.0 12,4.0 14,1.0 15,5.0 16,5.0 17,10.0 18,19.0 19,4.0 21,9.0 23,1.0 26,6.0 27,11.0 28,8.0 29,4.0 31,2.0 33,3.0 34,1.0 35,2.0 36,1.0 37,1.0 45,1.0 46,1.0 50,19.0 54,3.0 55,6.0 56,7.0 59,3.0 63,6.0 64,6.0 65,9.0 69,4.0 96,1.0 99,1.0 103,2.0 106,2.0 108,1.0 113,2.0 115,1.0 116,2.0 123,2.0 135,1.0 155,2.0 156,6.0 161,1.0 164,1.0 170,1.0 171,2.0 178,1.0 219,1.0 226,7.0 227,1.0 243,2.0 245,1.0 250,2.0 262,1.0 271,2.0 351,2.0 
0,2.0 2,4.0 3,6.0 4,2.0 8,2.0 9,7.0 11,5.0 18,4.0 50,3.0 51,12.0 78,2.0 226,2.0 352,2.0 
0,3.0 2,48.0 3,6.0 4,5.0 8,5.0 9,57.0 10,9.0 14,2.0 16,2.0 17,5.0 18,32.0 21,6.0 23,7.0 26,11.0 27,2.0 28,3.0 29,1.0 31,6.0 32,5.0 34,2.0 38,1.0 46,1.0 50,21.0 51,6.0 53,1.0 55,10.0 59,6.0 64,6.0 65,1.0 69,7.0 90,2.0 106,7.0 108,2.0 118,2.0 119,2.0 125,2.0 129,1.0 132,2.0 155,3.0 156,6.0 161,1.0 168,4.0 182,1.0 183,1.0 189,1.0 219,1.0 226,9.0 243,2.0 245,1.0 271,2.0 
0,4.0 8,3.0 9,7.0 13,1.0 15,2.0 24,1.0 26,8.0 69,1.0 121,1.0 127,2.0 141,1.0 151,3.0 152,3.0 153,1.0 161,3.0 205,1.0 217,1.0 218,3.0 219,3.0 220,3.0 221,4.0 222,1.0 223,1.0 237,1.0 239,1.0 256,1.0 268,1.0 285,1.0 286,1.0 
0,3.0 2,8.0 3,3.0 4,8.0 13,1.0 18,6.0 20,1.0 25,5.0 52,15.0 106,1.0 107,1.0 127,1.0 147,1.0 151,1.0 152,6.0 153,4.0 174,1.0 201,1.0 206,3.0 207,1.0 218,2.0 219,1.0 220,1.0 221,3.0 222,2.0 223,3.0 224,1.0 225,1.0 233,1.0 236,1.0 237,2.0 
0,24.0 1,1.0 2,10.0 3,28.0 4,11.0 5,7.0 7,3.0 8,1.0 11,5.0 13,3.0 14,6.0 15,1.0 16,14.0 18,5.0 25,2.0 27,9.0 32,10.0 33,7.0 36,1.0 37,8.0 40,8.0 42,5.0 45,9.0 46,29.0 47,6.0 49,3.0 50,1.0 52,3.0 53,12.0 55,6.0 56,1.0 64,2.0 65,3.0 69,1.0 88,3.0 89,1.0 95,1.0 105,2.0 113,2.0 117,7.0 118,3.0 124,3.0 131,1.0 134,7.0 136,1.0 139,2.0 144,1.0 165,1.0 166,1.0 171,1.0 172,2.0 173,1.0 192,1.0 194,1.0 199,2.0 205,1.0 242,6.0 259,1.0 290,1.0 364,1.0 
0,2.0 1,2.0 2,2.0 3,1.0 7,5.0 9,3.0 13,1.0 14,1.0 15,6.0 16,1.0 20,1.0 21,1.0 27,3.0 33,1.0 37,1.0 40,1.0 42,1.0 46,2.0 53,1.0 54,8.0 59,1.0 69,6.0 102,1.0 103,2.0 106,2.0 107,1.0 111,1.0 117,2.0 121,1.0 131,1.0 133,2.0 134,1.0 140,1.0 141,6.0 144,11.0 146,2.0 148,3.0 149,2.0 151,1.0 152,2.0 153,1.0 154,2.0 155,1.0 158,1.0 174,2.0 191,3.0 197,1.0 201,2.0 205,14.0 206,1.0 208,1.0 209,1.0 210,1.0 211,1.0 212,2.0 274,1.0 279,1.0 363,1.0 365,1.0 
2,9.0 3,4.0 4,4.0 7,3.0 8,2.0 9,2.0 14,18.0 16,4.0 18,8.0 25,3.0 27,1.0 32,4.0 33,5.0 37,5.0 40,5.0 42,3.0 45,5.0 46,12.0 49,3.0 50,3.0 53,9.0 56,6.0 65,1.0 113,4.0 114,3.0 119,1.0 120,1.0 124,1.0 128,3.0 129,1.0 139,1.0 165,4.0 166,4.0 167,1.0 168,1.0 171,1.0 195,1.0 
1,1.0 2,5.0 3,1.0 4,1.0 5,1.0 9,9.0 11,6.0 14,1.0 19,3.0 21,2.0 28,1.0 32,1.0 33,1.0 41,1.0 42,1.0 44,1.0 46,1.0 55,4.0 56,3.0 57,3.0 59,3.0 65,5.0 104,1.0 106,1.0 109,1.0 117,2.0 119,4.0 129,8.0 154,2.0 155,1.0 156,26.0 193,7.0 199,2.0 245,1.0 266,1.0 274,1.0 279,4.0 284,1.0 
0,6.0 1,1.0 2,62.0 3,8.0 4,25.0 8,2.0 9,6.0 10,10.0 11,4.0 13,15.0 14,4.0 16,7.0 18,4.0 21,4.0 22,10.0 23,15.0 24,10.0 25,5.0 26,2.0 27,1.0 28,10.0 29,1.0 30,1.0 31,1.0 32,11.0 33,11.0 37,9.0 38,6.0 40,2.0 42,10.0 45,9.0 46,3.0 49,1.0 50,6.0 51,6.0 52,9.0 53,3.0 54,1.0 60,6.0 61,9.0 62,6.0 69,1.0 88,1.0 91,2.0 96,3.0 99,1.0 101,2.0 128,2.0 129,1.0 144,18.0 145,2.0 151,2.0 155,1.0 156,2.0 166,1.0 173,3.0 175,1.0 176,1.0 178,3.0 179,1.0 180,1.0 186,1.0 187,1.0 188,1.0 190,2.0 193,1.0 225,1.0 251,1.0 255,1.0 267,1.0 290,2.0 353,1.0 
2,6.0 3,1.0 5,1.0 7,1.0 9,4.0 11,4.0 17,1.0 20,1.0 21,5.0 45,3.0 55,6.0 57,10.0 58,2.0 59,3.0 106,5.0 108,5.0 133,1.0 141,1.0 154,6.0 155,6.0 156,5.0 158,3.0 191,2.0 197,4.0 201,2.0 205,1.0 212,1.0 228,2.0 229,2.0 231,1.0 232,1.0 233,1.0 245,4.0 266,4.0 274,2.0 278,1.0 279,4.0 280,2.0 281,2.0 282,2.0 283,1.0 344,1.0 
9,10.0 58,7.0 148,1.0 149,1.0 150,1.0 157,4.0 159,2.0 212,1.0 214,1.0 233,1.0 234,1.0 235,1.0 238,1.0 344,1.0 
2,4.0 5,2.0 7,1.0 9,5.0 15,1.0 16,2.0 18,15.0 19,4.0 59,13.0 69,1.0 106,4.0 108,8.0 141,1.0 144,1.0 145,1.0 151,1.0 154,2.0 155,5.0 156,6.0 158,6.0 191,2.0 197,2.0 205,1.0 225,1.0 245,4.0 266,7.0 274,7.0 275,2.0 276,1.0 277,2.0 278,3.0 279,4.0 280,2.0 281,1.0 282,1.0 365,1.0 
2,4.0 3,6.0 18,4.0 60,6.0 
2,6.0 9,1.0 11,10.0 18,6.0 50,1.0 61,11.0 145,3.0 160,1.0 204,1.0 
2,4.0 3,6.0 12,1.0 18,4.0 62,6.0 152,1.0 154,1.0 201,1.0 217,1.0 218,1.0 219,2.0 220,1.0 221,1.0 237,1.0 239,1.0 319,1.0 355,1.0 
2,15.0 3,6.0 4,1.0 8,2.0 11,1.0 13,7.0 14,2.0 16,2.0 18,6.0 25,7.0 26,7.0 34,1.0 37,1.0 40,1.0 52,3.0 55,1.0 88,1.0 94,1.0 99,2.0 101,1.0 118,1.0 128,2.0 129,1.0 131,2.0 139,5.0 144,1.0 166,5.0 167,4.0 168,2.0 169,2.0 171,6.0 172,2.0 178,6.0 179,1.0 180,2.0 181,1.0 188,1.0 190,2.0 193,1.0 206,1.0 295,1.0 
2,12.0 3,5.0 8,3.0 9,6.0 11,6.0 12,8.0 18,2.0 25,4.0 28,2.0 54,1.0 68,2.0 69,1.0 81,1.0 127,1.0 151,3.0 152,1.0 220,1.0 224,1.0 225,1.0 319,2.0 
0,4.0 1,2.0 2,6.0 3,8.0 4,1.0 8,2.0 9,6.0 12,3.0 16,2.0 18,2.0 19,1.0 26,5.0 28,1.0 29,5.0 32,2.0 33,1.0 34,13.0 35,5.0 37,1.0 38,3.0 40,1.0 44,2.0 45,3.0 50,1.0 55,1.0 56,4.0 63,3.0 64,8.0 65,6.0 96,1.0 99,1.0 105,2.0 113,6.0 114,1.0 115,1.0 134,9.0 139,2.0 140,1.0 165,2.0 166,8.0 250,2.0 351,2.0 353,1.0 
0,1.0 2,3.0 5,3.0 9,10.0 11,4.0 16,1.0 18,7.0 27,4.0 29,9.0 31,8.0 32,6.0 34,3.0 35,3.0 44,1.0 45,1.0 50,1.0 53,1.0 69,3.0 96,1.0 99,1.0 106,3.0 108,3.0 128,1.0 139,1.0 155,3.0 156,1.0 161,1.0 166,1.0 173,2.0 178,2.0 205,3.0 245,3.0 249,1.0 261,1.0 264,1.0 291,1.0 
0,1.0 3,2.0 5,3.0 8,3.0 11,1.0 16,2.0 18,1.0 27,7.0 28,4.0 30,2.0 32,4.0 35,3.0 44,4.0 45,1.0 50,6.0 96,1.0 99,1.0 106,1.0 107,2.0 128,1.0 133,1.0 136,1.0 165,2.0 173,1.0 205,3.0 257,2.0 258,1.0 261,1.0 353,1.0 
0,1.0 4,1.0 18,5.0 29,1.0 107,1.0 113,1.0 166,1.0 173,1.0 255,1.0 260,1.0 
0,1.0 3,3.0 8,2.0 9,2.0 11,7.0 18,2.0 28,5.0 29,1.0 32,10.0 33,2.0 34,1.0 36,1.0 37,3.0 38,6.0 44,7.0 45,2.0 46,3.0 55,1.0 69,5.0 90,2.0 106,4.0 108,5.0 118,1.0 132,2.0 151,1.0 155,5.0 160,1.0 170,4.0 171,1.0 173,1.0 178,1.0 180,1.0 181,1.0 182,1.0 183,1.0 227,1.0 245,6.0 249,2.0 250,1.0 262,2.0 263,1.0 265,1.0 267,1.0 
0,3.0 1,1.0 2,4.0 3,24.0 4,9.0 5,1.0 7,1.0 8,1.0 9,3.0 11,1.0 14,10.0 15,1.0 16,6.0 18,19.0 27,3.0 28,9.0 29,6.0 31,2.0 32,5.0 33,8.0 34,3.0 35,4.0 37,13.0 40,5.0 42,2.0 44,2.0 45,15.0 46,9.0 50,3.0 53,4.0 69,3.0 90,2.0 96,1.0 99,1.0 101,1.0 106,2.0 107,2.0 118,1.0 132,2.0 136,1.0 139,1.0 141,1.0 144,1.0 151,1.0 152,1.0 155,1.0 166,1.0 170,1.0 171,1.0 172,1.0 173,1.0 178,2.0 181,3.0 182,1.0 184,2.0 185,2.0 186,1.0 190,1.0 204,1.0 205,1.0 221,1.0 257,1.0 261,1.0 
0,3.0 1,1.0 2,4.0 3,4.0 4,6.0 9,2.0 14,8.0 16,6.0 17,1.0 18,13.0 31,2.0 32,7.0 33,4.0 34,9.0 36,4.0 37,10.0 40,11.0 41,3.0 42,10.0 44,6.0 45,18.0 46,6.0 53,6.0 88,1.0 91,2.0 96,2.0 101,1.0 104,1.0 121,1.0 135,1.0 144,3.0 145,1.0 151,3.0 152,1.0 155,2.0 156,1.0 161,1.0 171,3.0 178,2.0 180,1.0 181,1.0 188,1.0 189,1.0 190,1.0 205,3.0 218,1.0 219,1.0 221,1.0 225,1.0 227,1.0 251,1.0 262,1.0 263,1.0 364,1.0 
0,3.0 2,1.0 3,2.0 4,1.0 5,3.0 9,2.0 11,2.0 18,2.0 25,1.0 28,3.0 29,3.0 33,3.0 35,9.0 36,2.0 37,5.0 38,7.0 40,1.0 41,2.0 44,1.0 54,1.0 55,8.0 69,5.0 106,5.0 108,5.0 135,1.0 139,8.0 144,2.0 151,1.0 152,1.0 155,5.0 168,1.0 189,2.0 205,3.0 221,1.0 245,5.0 
3,5.0 5,3.0 8,2.0 9,1.0 14,3.0 27,5.0 29,3.0 32,4.0 33,2.0 36,2.0 37,5.0 44,11.0 50,5.0 106,4.0 135,1.0 156,1.0 178,1.0 189,3.0 205,3.0 220,1.0 221,1.0 237,1.0 
0,1.0 2,1.0 3,2.0 9,1.0 14,1.0 33,7.0 34,1.0 44,2.0 111,1.0 114,1.0 151,1.0 152,1.0 165,1.0 170,1.0 171,1.0 178,2.0 189,4.0 221,1.0 253,1.0 261,1.0 264,1.0 
0,8.0 3,3.0 4,8.0 5,1.0 7,1.0 14,9.0 16,6.0 18,5.0 25,1.0 27,11.0 28,3.0 32,13.0 33,14.0 34,12.0 35,5.0 37,3.0 38,2.0 39,3.0 40,12.0 42,5.0 45,9.0 46,6.0 53,6.0 101,1.0 121,1.0 134,3.0 141,1.0 151,1.0 152,2.0 181,2.0 182,1.0 189,1.0 190,1.0 203,1.0 204,1.0 205,1.0 256,1.0 363,1.0 
0,3.0 9,1.0 11,1.0 31,6.0 32,3.0 33,1.0 34,3.0 37,7.0 39,4.0 41,6.0 50,6.0 69,2.0 106,2.0 108,2.0 134,8.0 135,2.0 139,8.0 145,1.0 151,1.0 155,2.0 180,1.0 181,1.0 203,3.0 245,4.0 250,1.0 266,1.0 
18,3.0 37,3.0 38,4.0 40,2.0 41,2.0 69,1.0 101,1.0 106,1.0 108,1.0 135,1.0 144,3.0 155,1.0 170,1.0 187,1.0 189,1.0 203,1.0 218,1.0 220,1.0 245,1.0 253,1.0 260,1.0 262,1.0 
0,4.0 1,1.0 3,1.0 4,2.0 5,1.0 7,1.0 14,6.0 16,6.0 18,8.0 27,3.0 31,3.0 32,7.0 33,9.0 34,1.0 37,14.0 38,9.0 40,5.0 41,2.0 42,10.0 45,18.0 46,6.0 53,6.0 55,2.0 56,2.0 69,1.0 106,1.0 108,1.0 121,3.0 134,7.0 141,1.0 144,4.0 151,3.0 152,3.0 155,1.0 189,1.0 205,1.0 245,1.0 363,1.0 
34,1.0 37,1.0 39,2.0 40,14.0 43,4.0 44,5.0 45,3.0 54,1.0 69,3.0 106,2.0 108,2.0 155,2.0 184,1.0 185,1.0 186,1.0 187,1.0 203,4.0 219,1.0 221,1.0 237,1.0 245,2.0 259,1.0 
0,2.0 1,1.0 2,2.0 3,2.0 4,10.0 5,1.0 14,6.0 16,4.0 17,1.0 18,2.0 32,2.0 33,10.0 37,6.0 38,1.0 40,9.0 41,7.0 42,1.0 44,3.0 45,5.0 46,4.0 53,4.0 104,1.0 155,2.0 156,1.0 180,1.0 181,1.0 205,2.0 259,2.0 290,1.0 
41,4.0 203,1.0 
4,3.0 8,3.0 11,1.0 19,1.0 27,4.0 29,1.0 31,8.0 32,5.0 34,1.0 35,6.0 36,3.0 38,1.0 40,3.0 41,5.0 45,14.0 50,11.0 55,1.0 69,3.0 88,1.0 90,2.0 96,1.0 101,1.0 106,7.0 107,1.0 108,4.0 111,1.0 114,1.0 115,1.0 132,2.0 135,4.0 139,1.0 155,3.0 170,1.0 178,1.0 181,1.0 182,1.0 184,1.0 185,1.0 186,1.0 187,1.0 188,1.0 223,1.0 227,1.0 229,1.0 245,3.0 249,1.0 251,1.0 262,2.0 263,1.0 265,1.0 
0,12.0 2,3.0 3,8.0 4,20.0 5,1.0 7,1.0 9,1.0 11,3.0 14,9.0 16,4.0 18,10.0 19,3.0 27,1.0 29,1.0 31,6.0 32,19.0 33,14.0 35,1.0 37,9.0 38,3.0 40,17.0 42,3.0 44,8.0 45,7.0 46,5.0 53,4.0 55,2.0 56,4.0 69,2.0 90,2.0 106,1.0 108,1.0 115,1.0 121,3.0 132,2.0 133,1.0 134,10.0 139,1.0 141,1.0 151,3.0 152,3.0 155,1.0 173,1.0 178,2.0 205,1.0 229,1.0 245,1.0 291,1.0 363,1.0 
1,1.0 2,2.0 3,11.0 4,5.0 11,1.0 14,29.0 15,2.0 16,16.0 18,4.0 32,10.0 33,5.0 37,5.0 40,5.0 42,3.0 44,1.0 45,5.0 46,6.0 53,9.0 54,1.0 55,3.0 64,2.0 65,2.0 69,1.0 88,3.0 89,1.0 93,2.0 95,1.0 105,2.0 113,2.0 115,1.0 117,4.0 118,4.0 131,1.0 136,1.0 139,1.0 144,1.0 165,1.0 194,1.0 199,1.0 
0,6.0 5,8.0 14,6.0 21,1.0 73,6.0 74,6.0 108,1.0 155,1.0 156,1.0 205,1.0 266,1.0 274,1.0 
2,6.0 6,6.0 72,6.0 73,6.0 315,3.0 
1,1.0 4,7.0 6,1.0 7,11.0 14,3.0 15,1.0 18,1.0 53,3.0 54,1.0 71,6.0 79,6.0 85,3.0 86,3.0 121,1.0 141,1.0 144,2.0 151,1.0 152,1.0 309,2.0 355,1.0 357,1.0 363,1.0 
1,1.0 3,2.0 4,11.0 5,2.0 8,11.0 9,23.0 10,1.0 11,26.0 14,1.0 23,1.0 25,1.0 27,2.0 28,2.0 29,3.0 30,3.0 31,1.0 32,2.0 33,5.0 35,1.0 39,3.0 42,2.0 44,10.0 45,3.0 46,1.0 50,1.0 55,3.0 56,1.0 59,2.0 65,1.0 69,4.0 78,2.0 88,1.0 90,2.0 96,1.0 101,2.0 106,7.0 107,1.0 108,5.0 113,1.0 119,1.0 128,5.0 132,2.0 136,2.0 155,6.0 161,1.0 166,1.0 167,1.0 168,2.0 169,2.0 170,1.0 178,1.0 181,1.0 182,1.0 187,1.0 188,1.0 193,1.0 194,1.0 205,2.0 219,1.0 226,3.0 245,4.0 253,1.0 254,1.0 257,1.0 258,1.0 352,2.0 
3,6.0 9,6.0 10,12.0 63,6.0 70,6.0 80,4.0 310,3.0 
0,3.0 3,3.0 4,6.0 13,15.0 25,3.0 83,3.0 84,3.0 324,1.0 355,1.0 
0,13.0 3,2.0 4,5.0 8,3.0 14,9.0 16,12.0 18,4.0 31,1.0 32,5.0 33,5.0 37,5.0 40,5.0 42,3.0 45,4.0 46,9.0 50,1.0 53,4.0 64,2.0 65,1.0 88,1.0 89,5.0 91,2.0 93,2.0 95,1.0 100,1.0 105,4.0 113,3.0 116,1.0 117,1.0 118,1.0 119,2.0 120,4.0 128,4.0 130,1.0 155,2.0 156,2.0 194,1.0 251,2.0 257,2.0 350,2.0 
1,3.0 2,1.0 4,1.0 6,1.0 9,3.0 15,8.0 16,1.0 18,2.0 21,1.0 27,3.0 46,1.0 49,1.0 59,1.0 69,4.0 88,2.0 117,1.0 121,1.0 133,1.0 140,1.0 141,2.0 144,3.0 146,1.0 148,1.0 149,1.0 151,1.0 152,1.0 158,1.0 165,1.0 191,1.0 201,1.0 208,1.0 209,1.0 274,1.0 279,1.0 314,1.0 315,2.0 346,1.0 355,1.0 363,1.0 
0,11.0 2,24.0 3,1.0 4,6.0 8,1.0 9,1.0 10,2.0 11,9.0 14,5.0 17,4.0 19,6.0 32,1.0 38,8.0 40,2.0 45,2.0 46,1.0 50,2.0 53,3.0 56,12.0 57,6.0 64,3.0 65,7.0 68,3.0 95,2.0 105,2.0 113,4.0 118,12.0 119,5.0 120,1.0 125,2.0 129,2.0 134,4.0 135,2.0 136,2.0 145,1.0 169,1.0 194,1.0 219,6.0 226,2.0 251,2.0 257,2.0 269,1.0 350,2.0 
0,4.0 2,7.0 3,3.0 4,2.0 9,3.0 11,1.0 14,6.0 17,1.0 19,6.0 27,2.0 30,1.0 40,2.0 45,4.0 46,3.0 50,1.0 55,16.0 57,6.0 100,2.0 113,1.0 115,5.0 116,4.0 123,2.0 134,4.0 219,6.0 
2,6.0 19,10.0 20,1.0 55,6.0 58,1.0 59,3.0 108,1.0 154,4.0 155,3.0 156,1.0 158,2.0 191,1.0 197,2.0 228,1.0 231,1.0 245,4.0 266,1.0 279,3.0 280,1.0 281,1.0 282,1.0 283,1.0 284,1.0 
9,6.0 20,7.0 157,2.0 212,1.0 213,1.0 232,1.0 233,1.0 234,1.0 235,1.0 
6,1.0 9,3.0 18,11.0 19,3.0 21,13.0 57,3.0 108,2.0 145,1.0 151,1.0 154,3.0 155,6.0 156,2.0 158,5.0 197,2.0 225,1.0 245,5.0 266,2.0 274,1.0 278,1.0 279,6.0 280,2.0 281,2.0 282,2.0 283,1.0 284,1.0 
3,6.0 22,6.0 
11,9.0 23,11.0 145,1.0 204,1.0 
3,6.0 13,1.0 24,6.0 218,1.0 221,1.0 223,1.0 236,1.0 237,1.0 315,1.0 
64,15.0 65,15.0 66,6.0 70,6.0 80,4.0 
0,2.0 2,3.0 3,3.0 8,5.0 9,10.0 14,2.0 27,6.0 46,2.0 53,2.0 55,5.0 56,1.0 63,15.0 65,48.0 66,3.0 67,3.0 68,3.0 91,1.0 93,6.0 96,5.0 101,10.0 105,12.0 113,8.0 116,1.0 118,2.0 120,1.0 128,2.0 129,1.0 181,4.0 182,1.0 185,2.0 
0,6.0 2,7.0 3,7.0 4,3.0 8,8.0 9,6.0 11,7.0 14,2.0 16,1.0 17,8.0 27,6.0 46,1.0 50,1.0 55,6.0 64,25.0 68,3.0 90,1.0 96,9.0 101,3.0 113,1.0 118,2.0 128,1.0 129,15.0 136,1.0 139,1.0 155,4.0 156,12.0 166,1.0 167,1.0 181,5.0 183,2.0 194,16.0 195,2.0 199,9.0 
63,6.0 64,3.0 65,3.0 67,6.0 
1,6.0 26,2.0 64,3.0 65,3.0 66,6.0 68,6.0 69,6.0 
1,6.0 26,2.0 54,3.0 64,3.0 65,3.0 67,6.0 69,9.0 81,3.0 
0,1.0 1,30.0 2,5.0 3,8.0 4,7.0 5,1.0 7,2.0 9,3.0 11,6.0 12,1.0 13,1.0 15,4.0 16,1.0 18,2.0 20,1.0 28,3.0 31,5.0 32,2.0 34,5.0 38,2.0 39,2.0 40,1.0 41,3.0 42,1.0 44,3.0 45,2.0 50,4.0 53,1.0 54,4.0 66,6.0 67,6.0 69,6.0 88,16.0 89,10.0 90,2.0 91,2.0 92,8.0 95,8.0 97,4.0 100,2.0 102,5.0 103,16.0 104,6.0 105,2.0 106,28.0 107,3.0 108,22.0 109,4.0 110,2.0 111,6.0 112,2.0 117,2.0 119,4.0 127,1.0 134,1.0 141,4.0 144,6.0 148,2.0 149,1.0 152,3.0 153,1.0 154,2.0 155,21.0 156,1.0 165,1.0 168,3.0 170,1.0 173,1.0 174,5.0 178,1.0 181,1.0 184,1.0 189,1.0 191,3.0 193,2.0 201,1.0 203,1.0 205,2.0 206,1.0 208,1.0 209,1.0 210,1.0 211,1.0 212,2.0 245,19.0 247,2.0 248,2.0 274,1.0 305,2.0 306,2.0 309,2.0 310,1.0 314,3.0 315,2.0 319,1.0 355,1.0 
51,6.0 63,6.0 71,6.0 80,4.0 
3,6.0 51,6.0 70,6.0 79,6.0 
47,6.0 49,6.0 73,6.0 79,6.0 
47,6.0 48,6.0 72,6.0 74,6.0 
48,6.0 73,6.0 75,6.0 
74,6.0 76,6.0 
75,6.0 77,6.0 
76,6.0 78,6.0 
8,2.0 33,2.0 42,2.0 50,2.0 77,6.0 155,2.0 205,2.0 352,2.0 355,2.0 357,2.0 
49,6.0 71,12.0 
63,4.0 66,4.0 328,3.0 329,3.0 
81,3.0 82,3.0 
52,3.0 83,3.0 
52,3.0 84,3.0 
49,3.0 85,3.0 
49,3.0 86,3.0 
87,3.0 
68,3.0 
1,12.0 14,3.0 18,1.0 25,1.0 33,1.0 46,3.0 53,2.0 69,24.0 89,12.0 90,15.0 91,2.0 92,4.0 93,4.0 94,4.0 95,7.0 97,4.0 98,4.0 103,6.0 104,6.0 106,2.0 107,2.0 108,4.0 109,4.0 111,2.0 112,2.0 117,3.0 178,1.0 180,1.0 181,4.0 182,1.0 188,2.0 200,2.0 204,1.0 
0,4.0 1,3.0 14,1.0 46,1.0 53,5.0 69,5.0 88,14.0 89,1.0 90,1.0 91,10.0 92,1.0 93,1.0 95,2.0 101,5.0 102,6.0 106,2.0 107,2.0 111,2.0 112,2.0 113,2.0 114,1.0 120,7.0 121,2.0 122,3.0 184,4.0 
1,9.0 11,2.0 31,2.0 44,4.0 50,4.0 64,1.0 65,5.0 69,9.0 88,13.0 89,4.0 91,9.0 94,2.0 95,1.0 100,2.0 102,5.0 119,1.0 132,5.0 
0,1.0 1,3.0 53,4.0 69,1.0 89,10.0 90,7.0 91,1.0 94,2.0 101,2.0 102,8.0 105,2.0 117,6.0 120,2.0 122,1.0 
69,2.0 88,4.0 94,4.0 95,4.0 101,3.0 102,1.0 103,2.0 104,2.0 105,2.0 118,2.0 130,1.0 131,1.0 139,1.0 166,1.0 167,1.0 177,2.0 180,3.0 
0,1.0 1,2.0 69,2.0 88,4.0 89,1.0 92,2.0 94,2.0 105,9.0 113,7.0 114,2.0 117,1.0 131,5.0 132,1.0 199,6.0 
1,4.0 2,1.0 9,1.0 11,2.0 18,1.0 25,1.0 28,1.0 31,2.0 44,2.0 50,2.0 69,4.0 88,4.0 90,7.0 93,2.0 95,2.0 96,4.0 99,3.0 100,2.0 105,5.0 119,2.0 173,1.0 178,1.0 189,1.0 
0,1.0 14,1.0 46,1.0 55,2.0 69,4.0 88,4.0 89,2.0 92,4.0 96,3.0 100,4.0 101,2.0 103,4.0 104,4.0 113,1.0 118,2.0 119,2.0 185,2.0 
3,2.0 18,2.0 27,1.0 29,1.0 32,2.0 33,2.0 44,1.0 50,1.0 64,14.0 65,5.0 91,2.0 92,4.0 94,4.0 99,3.0 101,2.0 102,2.0 116,4.0 117,7.0 119,1.0 120,1.0 123,14.0 125,2.0 129,1.0 199,4.0 
69,2.0 88,4.0 99,1.0 101,1.0 108,2.0 109,2.0 110,2.0 179,1.0 
1,2.0 69,2.0 88,4.0 97,1.0 99,2.0 
2,1.0 9,1.0 18,1.0 25,2.0 28,1.0 94,4.0 96,2.0 98,2.0 110,2.0 173,1.0 178,2.0 189,1.0 190,2.0 
1,2.0 53,2.0 56,2.0 69,4.0 88,2.0 93,1.0 94,4.0 95,2.0 108,2.0 109,2.0 115,2.0 116,2.0 180,1.0 
3,1.0 5,1.0 18,4.0 25,1.0 27,1.0 29,1.0 32,2.0 33,3.0 37,1.0 39,1.0 44,1.0 47,1.0 50,2.0 64,7.0 88,7.0 91,2.0 96,5.0 100,1.0 102,2.0 108,1.0 116,3.0 117,14.0 119,4.0 120,4.0 125,11.0 129,2.0 135,1.0 136,2.0 155,1.0 156,1.0 170,1.0 178,2.0 183,1.0 187,3.0 190,4.0 199,8.0 266,1.0 
89,6.0 90,5.0 91,3.0 92,1.0 96,3.0 101,4.0 105,1.0 130,1.0 166,1.0 167,1.0 177,5.0 181,4.0 183,1.0 
3,4.0 4,2.0 5,1.0 7,1.0 9,2.0 11,2.0 17,1.0 19,1.0 21,1.0 69,14.0 92,6.0 95,4.0 103,1.0 104,6.0 105,2.0 106,1.0 108,1.0 109,1.0 141,5.0 144,2.0 154,2.0 155,4.0 156,1.0 158,1.0 205,2.0 228,1.0 245,1.0 248,3.0 266,2.0 304,1.0 305,3.0 309,2.0 
1,1.0 17,1.0 33,1.0 41,1.0 42,1.0 44,1.0 69,6.0 92,6.0 95,4.0 103,7.0 105,2.0 141,1.0 155,1.0 156,2.0 205,1.0 301,1.0 302,1.0 
0,3.0 8,2.0 14,2.0 27,2.0 46,4.0 53,4.0 55,2.0 56,1.0 64,13.0 89,1.0 91,1.0 92,2.0 93,8.0 94,1.0 96,2.0 100,1.0 101,2.0 113,16.0 115,1.0 116,1.0 118,3.0 128,3.0 129,1.0 130,1.0 177,1.0 182,1.0 
2,2.0 3,4.0 4,1.0 7,1.0 8,1.0 9,1.0 11,4.0 15,4.0 17,2.0 19,4.0 20,1.0 21,3.0 26,1.0 28,3.0 29,1.0 31,4.0 32,4.0 34,5.0 35,4.0 38,2.0 39,1.0 40,1.0 41,3.0 44,7.0 45,1.0 50,5.0 54,2.0 58,1.0 69,32.0 89,2.0 102,2.0 103,2.0 106,5.0 107,7.0 108,23.0 109,1.0 133,2.0 134,1.0 140,1.0 141,1.0 144,6.0 146,2.0 147,2.0 148,1.0 149,1.0 152,4.0 154,11.0 155,20.0 156,7.0 158,3.0 168,3.0 170,1.0 173,1.0 174,4.0 177,1.0 182,1.0 189,1.0 191,9.0 197,1.0 201,2.0 205,1.0 212,2.0 223,3.0 224,1.0 227,4.0 228,2.0 229,3.0 230,1.0 231,1.0 232,1.0 233,1.0 245,20.0 249,1.0 266,6.0 274,3.0 304,1.0 306,1.0 310,3.0 330,1.0 
3,1.0 8,1.0 15,3.0 20,1.0 27,1.0 29,1.0 32,2.0 37,1.0 54,1.0 69,4.0 89,2.0 102,2.0 106,7.0 107,1.0 133,1.0 134,1.0 139,1.0 144,3.0 146,1.0 147,2.0 148,1.0 149,1.0 152,1.0 154,3.0 170,1.0 173,1.0 174,2.0 178,1.0 191,2.0 212,1.0 223,1.0 227,1.0 
4,1.0 5,2.0 11,2.0 15,1.0 17,4.0 19,2.0 21,4.0 23,1.0 27,1.0 28,3.0 29,1.0 31,5.0 34,5.0 38,2.0 39,1.0 40,1.0 41,3.0 44,4.0 45,1.0 47,1.0 50,4.0 54,1.0 69,21.0 88,2.0 89,2.0 97,2.0 106,23.0 108,3.0 109,5.0 110,2.0 133,1.0 134,1.0 144,1.0 145,1.0 146,1.0 154,4.0 155,22.0 156,14.0 158,4.0 170,1.0 173,1.0 189,1.0 191,4.0 205,1.0 245,19.0 266,10.0 274,5.0 275,2.0 276,1.0 277,2.0 278,3.0 280,3.0 281,2.0 282,2.0 283,1.0 310,1.0 330,1.0 
17,1.0 69,4.0 88,2.0 89,2.0 97,2.0 106,1.0 108,4.0 110,2.0 145,1.0 154,1.0 156,1.0 160,1.0 163,1.0 245,1.0 266,1.0 
97,2.0 98,1.0 101,1.0 177,1.0 204,1.0 
3,1.0 15,1.0 25,1.0 36,1.0 44,1.0 69,6.0 89,2.0 102,2.0 112,2.0 134,1.0 139,1.0 144,1.0 148,1.0 154,1.0 155,1.0 174,4.0 191,1.0 201,1.0 207,1.0 208,1.0 209,1.0 210,1.0 211,1.0 212,1.0 220,3.0 221,3.0 228,1.0 237,2.0 246,1.0 247,2.0 248,1.0 304,1.0 305,1.0 306,1.0 314,3.0 315,2.0 319,1.0 320,1.0 
69,2.0 89,2.0 102,2.0 111,2.0 220,1.0 221,1.0 237,1.0 301,1.0 302,1.0 
0,4.0 8,2.0 9,3.0 14,2.0 18,1.0 27,5.0 29,1.0 30,1.0 46,2.0 53,3.0 55,4.0 56,6.0 64,11.0 65,1.0 88,2.0 92,2.0 93,7.0 105,16.0 114,5.0 115,3.0 118,4.0 119,2.0 120,2.0 128,2.0 133,1.0 250,2.0 351,2.0 
9,1.0 27,1.0 36,1.0 56,3.0 93,2.0 105,2.0 113,5.0 115,4.0 165,1.0 
3,1.0 9,1.0 14,3.0 36,1.0 44,1.0 46,4.0 56,5.0 100,2.0 114,1.0 116,2.0 
0,3.0 5,3.0 7,1.0 9,2.0 14,2.0 15,1.0 46,2.0 53,3.0 56,2.0 88,2.0 90,2.0 96,2.0 105,2.0 117,13.0 123,2.0 177,1.0 181,1.0 183,3.0 362,1.0 
0,3.0 1,3.0 2,1.0 3,4.0 5,4.0 8,1.0 14,4.0 16,1.0 53,3.0 55,1.0 56,1.0 69,4.0 90,3.0 91,6.0 93,2.0 94,2.0 95,1.0 96,1.0 99,1.0 100,1.0 101,8.0 113,2.0 114,1.0 115,1.0 116,13.0 118,1.0 119,10.0 124,3.0 128,1.0 144,1.0 177,7.0 179,1.0 180,1.0 182,1.0 184,4.0 185,2.0 192,1.0 
0,3.0 3,1.0 4,1.0 11,2.0 14,1.0 31,1.0 45,1.0 46,2.0 53,4.0 55,12.0 64,3.0 65,3.0 89,1.0 93,1.0 95,2.0 102,1.0 105,2.0 113,4.0 119,3.0 120,1.0 129,1.0 194,1.0 251,2.0 257,2.0 350,2.0 
0,1.0 1,3.0 2,1.0 3,1.0 8,2.0 11,2.0 14,2.0 16,1.0 17,3.0 32,1.0 46,2.0 50,1.0 53,1.0 55,2.0 69,4.0 88,1.0 90,1.0 93,1.0 94,1.0 96,4.0 101,6.0 113,1.0 116,1.0 117,7.0 120,4.0 125,2.0 128,1.0 144,1.0 155,3.0 156,6.0 181,4.0 183,5.0 185,1.0 193,12.0 
0,3.0 4,2.0 27,1.0 53,1.0 55,2.0 89,7.0 91,3.0 93,1.0 95,1.0 101,6.0 105,1.0 113,2.0 117,1.0 118,2.0 119,1.0 120,1.0 121,2.0 122,1.0 126,3.0 127,1.0 129,3.0 131,1.0 139,1.0 177,2.0 182,1.0 
0,2.0 1,3.0 4,1.0 6,2.0 7,1.0 11,1.0 12,1.0 21,1.0 31,1.0 34,1.0 38,1.0 40,1.0 49,1.0 53,1.0 59,1.0 64,1.0 89,2.0 120,2.0 122,2.0 127,2.0 133,1.0 146,1.0 151,9.0 152,9.0 153,1.0 161,2.0 218,1.0 220,1.0 221,1.0 237,1.0 239,1.0 256,1.0 268,1.0 285,1.0 286,1.0 363,4.0 365,2.0 
0,2.0 53,2.0 64,1.0 89,3.0 91,1.0 121,2.0 
3,2.0 14,2.0 90,5.0 96,5.0 117,2.0 181,4.0 183,5.0 
2,1.0 8,1.0 9,1.0 11,1.0 16,1.0 27,1.0 55,1.0 56,1.0 101,1.0 105,1.0 113,1.0 116,1.0 119,1.0 128,1.0 166,1.0 167,1.0 182,2.0 195,3.0 196,1.0 
3,1.0 14,1.0 96,11.0 101,4.0 117,1.0 126,1.0 181,11.0 183,4.0 
11,1.0 55,1.0 119,1.0 120,3.0 121,1.0 127,1.0 
0,1.0 4,1.0 12,2.0 13,1.0 69,1.0 120,2.0 121,3.0 141,1.0 151,2.0 152,5.0 153,1.0 161,2.0 205,1.0 218,1.0 219,1.0 220,3.0 221,1.0 223,1.0 224,1.0 225,3.0 226,1.0 227,1.0 237,1.0 239,1.0 256,1.0 268,1.0 285,1.0 286,1.0 
2,1.0 3,1.0 8,14.0 9,2.0 14,1.0 25,3.0 27,2.0 28,1.0 32,1.0 46,1.0 50,5.0 53,1.0 64,2.0 65,1.0 93,1.0 105,2.0 113,4.0 119,1.0 120,1.0 124,1.0 128,1.0 155,2.0 156,2.0 166,1.0 167,2.0 168,2.0 169,1.0 170,1.0 171,2.0 194,3.0 195,3.0 250,2.0 351,2.0 354,1.0 
2,2.0 8,1.0 11,1.0 16,1.0 17,7.0 18,1.0 25,1.0 55,4.0 65,16.0 94,1.0 96,2.0 101,1.0 113,2.0 118,3.0 120,2.0 128,1.0 131,1.0 136,1.0 139,2.0 155,4.0 156,11.0 166,1.0 171,1.0 172,1.0 180,1.0 185,1.0 193,14.0 199,2.0 
3,1.0 14,1.0 105,1.0 117,1.0 131,1.0 139,1.0 198,1.0 
2,3.0 3,1.0 15,1.0 16,3.0 18,2.0 25,2.0 89,1.0 102,1.0 105,5.0 120,1.0 124,1.0 129,1.0 130,1.0 136,2.0 139,7.0 171,1.0 191,1.0 195,1.0 197,1.0 198,1.0 
0,1.0 3,2.0 4,2.0 32,2.0 44,1.0 45,2.0 50,1.0 90,4.0 135,1.0 136,1.0 188,6.0 
0,1.0 5,1.0 7,2.0 12,1.0 14,1.0 15,2.0 19,1.0 26,1.0 29,1.0 32,1.0 45,1.0 54,1.0 69,1.0 106,2.0 107,2.0 134,3.0 140,2.0 141,2.0 144,2.0 146,4.0 147,1.0 154,2.0 155,1.0 205,1.0 
0,15.0 3,1.0 4,7.0 7,1.0 14,6.0 15,1.0 27,10.0 34,3.0 37,8.0 38,3.0 40,2.0 45,8.0 55,4.0 56,2.0 69,2.0 104,1.0 111,1.0 133,2.0 135,2.0 136,2.0 139,8.0 140,1.0 141,1.0 144,1.0 146,1.0 155,1.0 205,1.0 247,1.0 314,1.0 315,1.0 
0,2.0 3,1.0 9,1.0 33,2.0 35,2.0 36,1.0 37,1.0 39,3.0 44,3.0 55,2.0 88,1.0 101,1.0 134,2.0 136,7.0 180,1.0 183,1.0 184,1.0 186,2.0 187,2.0 188,1.0 201,1.0 202,1.0 218,1.0 219,2.0 225,1.0 227,1.0 253,1.0 261,1.0 264,1.0 
0,3.0 2,2.0 8,1.0 16,2.0 18,2.0 29,1.0 32,2.0 50,3.0 55,2.0 65,1.0 88,1.0 101,2.0 129,1.0 131,2.0 134,2.0 135,7.0 139,3.0 178,2.0 181,1.0 183,1.0 186,3.0 187,3.0 188,1.0 201,1.0 
27,3.0 138,2.0 
27,2.0 137,2.0 
2,3.0 3,3.0 8,3.0 14,1.0 16,3.0 18,2.0 25,5.0 27,2.0 28,1.0 29,1.0 32,1.0 35,4.0 37,11.0 44,1.0 45,1.0 65,1.0 89,1.0 120,1.0 124,1.0 128,1.0 129,2.0 130,1.0 131,7.0 133,1.0 134,9.0 136,3.0 140,1.0 168,1.0 169,1.0 171,2.0 172,1.0 195,1.0 197,1.0 198,1.0 295,1.0 306,1.0 310,1.0 
3,1.0 5,1.0 7,1.0 19,1.0 27,1.0 106,1.0 133,3.0 134,1.0 141,1.0 144,1.0 146,3.0 154,1.0 205,1.0 245,1.0 274,1.0 279,1.0 
5,6.0 7,12.0 14,1.0 15,6.0 16,1.0 17,1.0 21,1.0 33,1.0 37,1.0 40,1.0 42,1.0 46,1.0 53,1.0 54,1.0 59,1.0 69,4.0 103,7.0 106,1.0 109,1.0 141,6.0 142,1.0 144,8.0 152,1.0 154,3.0 155,3.0 156,1.0 158,2.0 191,2.0 201,1.0 205,10.0 245,1.0 248,1.0 249,1.0 266,1.0 274,2.0 279,2.0 
143,1.0 
15,1.0 
1,2.0 3,2.0 4,1.0 5,2.0 7,5.0 13,1.0 14,1.0 15,9.0 16,1.0 18,18.0 20,1.0 23,1.0 25,1.0 26,1.0 33,1.0 37,6.0 38,6.0 40,1.0 42,8.0 46,1.0 49,1.0 53,1.0 54,3.0 69,8.0 103,3.0 106,3.0 107,2.0 111,1.0 117,1.0 119,1.0 133,1.0 134,1.0 139,1.0 140,1.0 141,7.0 146,2.0 148,2.0 149,2.0 152,1.0 153,1.0 154,5.0 155,1.0 158,1.0 174,5.0 181,1.0 191,4.0 201,4.0 205,3.0 206,1.0 207,1.0 209,2.0 212,1.0 216,1.0 217,1.0 219,1.0 221,1.0 224,1.0 245,2.0 246,1.0 247,1.0 248,1.0 274,1.0 279,1.0 
2,1.0 12,1.0 15,1.0 23,1.0 26,1.0 32,1.0 37,1.0 54,1.0 65,1.0 127,1.0 144,1.0 151,7.0 154,1.0 158,1.0 160,3.0 161,1.0 163,1.0 164,1.0 174,1.0 178,1.0 201,1.0 203,1.0 219,1.0 221,1.0 225,4.0 250,1.0 267,1.0 
5,1.0 15,1.0 19,1.0 69,1.0 106,3.0 107,2.0 133,5.0 134,2.0 140,3.0 144,2.0 147,1.0 154,2.0 205,1.0 245,1.0 274,1.0 279,1.0 
15,2.0 54,1.0 69,1.0 106,3.0 107,3.0 144,2.0 154,1.0 174,1.0 191,1.0 
20,1.0 149,2.0 150,3.0 157,1.0 159,1.0 210,1.0 211,1.0 212,2.0 213,1.0 214,2.0 215,1.0 318,1.0 
20,1.0 148,2.0 150,2.0 157,1.0 159,1.0 212,1.0 214,1.0 
15,1.0 54,1.0 140,1.0 146,1.0 157,1.0 159,1.0 197,1.0 208,1.0 213,1.0 214,2.0 215,1.0 
0,1.0 1,3.0 6,2.0 7,1.0 11,1.0 12,1.0 13,2.0 15,1.0 20,1.0 21,1.0 28,1.0 31,1.0 32,2.0 33,1.0 34,3.0 37,2.0 38,1.0 40,1.0 41,1.0 49,1.0 54,1.0 59,1.0 121,9.0 127,2.0 145,6.0 152,15.0 153,1.0 157,1.0 160,1.0 161,2.0 164,1.0 178,1.0 203,2.0 219,1.0 220,3.0 221,3.0 223,1.0 224,1.0 225,7.0 226,1.0 227,2.0 250,2.0 267,2.0 268,1.0 363,4.0 365,2.0 
1,3.0 6,2.0 7,1.0 11,1.0 12,1.0 13,6.0 21,1.0 31,1.0 33,1.0 34,2.0 37,1.0 38,1.0 40,2.0 49,1.0 59,1.0 69,2.0 106,6.0 107,1.0 121,8.0 127,3.0 141,1.0 144,2.0 147,1.0 151,13.0 152,2.0 153,5.0 154,2.0 156,1.0 157,1.0 161,1.0 174,2.0 191,3.0 201,1.0 202,1.0 205,2.0 206,3.0 207,1.0 219,6.0 220,2.0 221,7.0 222,1.0 223,8.0 224,1.0 225,4.0 226,2.0 227,7.0 228,1.0 229,1.0 230,1.0 234,1.0 237,2.0 239,2.0 256,2.0 268,1.0 286,1.0 363,4.0 365,2.0 
13,3.0 18,1.0 19,1.0 28,1.0 37,1.0 42,1.0 106,2.0 151,1.0 152,4.0 153,5.0 154,1.0 156,1.0 161,2.0 174,1.0 201,1.0 206,3.0 207,1.0 218,1.0 219,6.0 221,5.0 225,1.0 228,1.0 237,1.0 239,1.0 242,10.0 243,11.0 244,11.0 256,1.0 268,3.0 286,1.0 
3,1.0 5,1.0 7,1.0 12,1.0 15,1.0 17,2.0 19,7.0 20,2.0 21,4.0 26,1.0 57,2.0 58,1.0 59,2.0 62,1.0 69,1.0 106,10.0 107,3.0 108,3.0 109,1.0 121,1.0 127,1.0 133,2.0 134,1.0 141,1.0 144,5.0 146,1.0 148,1.0 149,1.0 152,1.0 154,3.0 155,6.0 156,4.0 158,8.0 161,1.0 174,3.0 191,8.0 197,4.0 201,11.0 205,1.0 209,2.0 212,1.0 218,2.0 219,1.0 220,2.0 221,1.0 224,1.0 228,1.0 229,2.0 230,1.0 231,1.0 236,1.0 239,1.0 245,6.0 246,2.0 247,1.0 248,1.0 249,1.0 266,3.0 274,3.0 279,3.0 285,1.0 
4,1.0 5,3.0 7,1.0 8,2.0 9,3.0 11,2.0 15,2.0 17,5.0 18,2.0 19,5.0 21,3.0 27,2.0 28,4.0 31,5.0 32,1.0 33,2.0 34,5.0 38,2.0 39,1.0 40,1.0 41,5.0 42,2.0 44,5.0 45,1.0 47,1.0 50,4.0 54,1.0 57,3.0 59,2.0 65,3.0 69,22.0 103,7.0 104,1.0 106,21.0 107,1.0 108,23.0 111,1.0 113,2.0 117,1.0 119,3.0 128,2.0 129,5.0 133,1.0 140,1.0 141,4.0 144,1.0 146,2.0 154,6.0 155,4.0 156,26.0 158,4.0 170,1.0 173,1.0 189,1.0 193,4.0 197,4.0 199,1.0 205,9.0 228,2.0 245,22.0 248,4.0 250,2.0 266,6.0 274,2.0 275,2.0 276,1.0 277,2.0 278,3.0 279,3.0 280,3.0 281,2.0 282,2.0 283,1.0 304,2.0 305,4.0 309,2.0 351,2.0 
1,1.0 2,4.0 3,1.0 4,1.0 5,4.0 8,2.0 9,7.0 11,4.0 14,1.0 15,1.0 17,30.0 18,1.0 19,5.0 21,5.0 27,2.0 28,2.0 29,1.0 32,1.0 33,1.0 41,1.0 42,1.0 44,1.0 46,1.0 47,1.0 57,4.0 59,3.0 65,8.0 103,1.0 104,1.0 106,6.0 108,10.0 109,1.0 111,1.0 113,2.0 117,3.0 119,7.0 128,2.0 129,13.0 141,1.0 144,1.0 154,5.0 155,21.0 156,4.0 158,2.0 174,1.0 191,4.0 193,11.0 199,3.0 205,2.0 207,1.0 245,3.0 250,2.0 266,12.0 274,6.0 275,2.0 276,1.0 277,2.0 278,3.0 279,4.0 280,3.0 281,2.0 282,2.0 283,1.0 284,1.0 287,1.0 288,1.0 289,1.0 310,1.0 330,1.0 351,2.0 
15,1.0 19,1.0 20,1.0 21,1.0 57,1.0 59,1.0 150,1.0 159,3.0 162,1.0 197,2.0 213,1.0 214,1.0 234,3.0 235,3.0 238,1.0 240,1.0 241,1.0 
7,1.0 12,1.0 15,1.0 19,3.0 21,7.0 23,1.0 57,1.0 59,4.0 61,1.0 69,1.0 106,2.0 108,4.0 109,1.0 121,1.0 127,1.0 141,2.0 144,3.0 154,8.0 155,4.0 156,1.0 161,1.0 174,1.0 191,3.0 197,4.0 201,2.0 205,1.0 209,1.0 218,1.0 220,2.0 227,1.0 228,1.0 239,1.0 245,8.0 246,1.0 247,1.0 248,2.0 249,2.0 266,2.0 274,4.0 279,4.0 285,1.0 293,2.0 294,2.0 
15,1.0 21,1.0 150,1.0 157,2.0 158,1.0 162,1.0 197,1.0 214,1.0 
12,1.0 32,1.0 65,2.0 145,2.0 151,3.0 161,1.0 163,2.0 164,1.0 267,1.0 
0,1.0 9,1.0 11,1.0 12,1.0 18,1.0 33,1.0 36,1.0 50,1.0 121,1.0 127,1.0 151,1.0 152,2.0 153,3.0 156,1.0 157,1.0 159,1.0 161,1.0 164,1.0 218,1.0 220,1.0 221,2.0 237,2.0 239,1.0 256,2.0 268,3.0 285,1.0 286,2.0 
108,1.0 158,1.0 
65,1.0 145,1.0 151,1.0 160,2.0 161,1.0 164,1.0 
0,1.0 11,1.0 144,1.0 151,1.0 161,1.0 
2,2.0 16,4.0 25,1.0 27,1.0 113,3.0 114,4.0 166,1.0 167,1.0 
0,2.0 1,2.0 2,1.0 4,1.0 8,1.0 11,1.0 14,9.0 18,1.0 25,6.0 28,1.0 30,1.0 32,1.0 45,1.0 55,1.0 65,1.0 92,1.0 102,1.0 118,1.0 124,1.0 129,1.0 139,1.0 167,8.0 169,1.0 172,1.0 193,1.0 194,1.0 195,1.0 242,5.0 
2,3.0 11,1.0 14,1.0 25,4.0 46,1.0 55,1.0 65,1.0 92,1.0 102,1.0 118,1.0 124,1.0 144,1.0 166,5.0 169,1.0 171,1.0 194,1.0 195,1.0 
1,1.0 2,1.0 3,1.0 4,1.0 11,4.0 14,1.0 25,2.0 32,1.0 34,1.0 38,1.0 50,1.0 69,3.0 106,3.0 128,1.0 167,1.0 169,1.0 170,1.0 171,2.0 189,1.0 253,1.0 254,1.0 
2,1.0 3,1.0 4,1.0 8,1.0 11,1.0 14,2.0 25,2.0 32,1.0 50,1.0 55,1.0 139,1.0 166,1.0 168,1.0 170,1.0 310,1.0 
0,1.0 3,1.0 8,1.0 9,1.0 14,1.0 28,2.0 31,4.0 32,1.0 39,1.0 44,3.0 69,1.0 101,1.0 106,1.0 108,1.0 136,1.0 155,1.0 168,1.0 169,1.0 171,1.0 173,2.0 178,1.0 180,1.0 181,1.0 187,1.0 245,1.0 
2,3.0 3,1.0 5,1.0 9,2.0 15,1.0 16,1.0 25,5.0 28,1.0 31,1.0 32,1.0 33,1.0 34,1.0 36,2.0 65,1.0 128,1.0 129,1.0 131,2.0 136,1.0 139,2.0 144,1.0 167,2.0 168,1.0 170,1.0 171,1.0 172,2.0 173,1.0 
2,1.0 8,1.0 25,2.0 65,1.0 129,1.0 131,2.0 136,1.0 139,2.0 171,3.0 173,1.0 
2,1.0 18,4.0 28,3.0 30,1.0 31,2.0 69,1.0 90,1.0 94,1.0 106,1.0 107,1.0 108,1.0 131,1.0 136,1.0 139,1.0 155,1.0 170,2.0 171,1.0 172,1.0 178,4.0 179,1.0 180,2.0 181,1.0 182,1.0 186,1.0 187,2.0 189,2.0 245,1.0 249,1.0 255,1.0 260,1.0 262,1.0 263,1.0 291,1.0 
3,1.0 15,3.0 20,1.0 25,1.0 69,6.0 106,2.0 107,1.0 111,5.0 139,1.0 144,4.0 145,1.0 148,2.0 149,1.0 152,1.0 153,1.0 154,2.0 158,1.0 174,1.0 175,1.0 191,3.0 201,4.0 207,2.0 208,2.0 209,3.0 210,1.0 211,1.0 212,2.0 218,1.0 219,4.0 221,4.0 227,1.0 229,2.0 230,2.0 242,1.0 243,1.0 244,1.0 245,1.0 246,1.0 247,2.0 248,1.0 306,2.0 310,1.0 314,2.0 315,1.0 
2,1.0 18,1.0 176,1.0 177,1.0 
2,1.0 18,1.0 175,1.0 
25,1.0 41,1.0 44,1.0 65,2.0 117,9.0 119,2.0 120,4.0 129,1.0 178,1.0 179,1.0 185,1.0 193,1.0 
2,1.0 3,1.0 9,1.0 18,3.0 25,6.0 28,1.0 31,1.0 32,4.0 33,3.0 36,2.0 45,3.0 50,1.0 69,1.0 88,1.0 94,1.0 99,2.0 101,2.0 135,1.0 136,2.0 153,1.0 170,1.0 173,3.0 179,2.0 180,4.0 181,4.0 186,3.0 187,2.0 188,1.0 190,2.0 203,1.0 221,1.0 237,1.0 249,1.0 261,1.0 264,1.0 291,1.0 
5,1.0 15,1.0 18,1.0 25,1.0 102,1.0 110,1.0 131,1.0 173,1.0 178,2.0 180,3.0 185,1.0 191,1.0 205,1.0 
5,1.0 18,1.0 25,1.0 31,1.0 33,1.0 38,1.0 42,1.0 64,1.0 95,4.0 102,1.0 105,1.0 135,3.0 136,2.0 170,1.0 173,2.0 178,3.0 179,3.0 181,7.0 184,1.0 186,2.0 202,1.0 204,1.0 205,1.0 
5,2.0 11,1.0 23,1.0 25,1.0 31,2.0 32,3.0 33,1.0 37,2.0 38,1.0 42,1.0 44,1.0 50,1.0 61,1.0 65,3.0 89,8.0 116,1.0 119,9.0 123,1.0 125,8.0 136,1.0 170,1.0 173,1.0 178,4.0 180,7.0 182,3.0 186,7.0 203,1.0 204,3.0 205,2.0 272,6.0 273,5.0 
11,1.0 31,1.0 32,1.0 37,1.0 44,1.0 50,1.0 64,4.0 65,1.0 92,2.0 120,1.0 124,1.0 173,1.0 181,2.0 183,1.0 187,3.0 189,1.0 
64,1.0 65,4.0 101,2.0 116,1.0 119,4.0 120,1.0 123,4.0 125,9.0 129,1.0 135,1.0 136,1.0 
3,2.0 32,2.0 92,2.0 102,4.0 105,1.0 117,1.0 135,1.0 180,4.0 185,2.0 202,1.0 
3,2.0 15,1.0 32,2.0 41,1.0 44,1.0 46,1.0 54,1.0 64,1.0 92,2.0 102,1.0 110,1.0 124,2.0 129,1.0 179,1.0 184,3.0 
5,2.0 18,1.0 32,2.0 37,1.0 41,1.0 44,1.0 101,1.0 135,2.0 136,3.0 173,1.0 178,3.0 181,5.0 187,4.0 203,1.0 205,2.0 
18,1.0 39,1.0 41,1.0 44,1.0 50,1.0 101,5.0 136,1.0 170,1.0 173,2.0 178,2.0 182,2.0 186,3.0 189,1.0 
3,2.0 4,2.0 32,2.0 44,1.0 45,2.0 50,1.0 88,2.0 132,5.0 135,2.0 136,2.0 
11,1.0 33,1.0 34,4.0 35,1.0 36,1.0 38,1.0 39,1.0 44,3.0 69,1.0 90,1.0 94,1.0 106,1.0 108,1.0 135,1.0 151,1.0 155,1.0 168,1.0 173,2.0 182,1.0 187,1.0 203,1.0 220,2.0 221,1.0 237,1.0 245,1.0 
18,2.0 25,2.0 33,1.0 96,1.0 99,2.0 101,3.0 178,2.0 
3,1.0 12,1.0 15,3.0 19,2.0 20,1.0 21,2.0 58,1.0 62,1.0 69,2.0 102,1.0 106,8.0 107,2.0 108,3.0 111,1.0 121,1.0 127,1.0 131,1.0 144,4.0 148,2.0 149,1.0 152,2.0 154,8.0 156,3.0 158,2.0 161,1.0 174,2.0 197,1.0 201,4.0 205,1.0 208,1.0 209,2.0 210,1.0 211,1.0 212,3.0 216,1.0 217,1.0 218,1.0 220,1.0 227,1.0 228,2.0 229,1.0 231,2.0 232,1.0 233,1.0 236,1.0 239,1.0 245,1.0 266,3.0 274,3.0 285,1.0 
193,1.0 
2,1.0 8,1.0 17,6.0 18,1.0 25,1.0 50,1.0 101,1.0 119,13.0 129,14.0 155,5.0 156,11.0 166,1.0 171,1.0 172,1.0 
0,1.0 8,3.0 14,1.0 17,3.0 46,1.0 50,1.0 53,1.0 55,1.0 65,17.0 118,1.0 128,2.0 131,1.0 139,1.0 155,1.0 156,4.0 166,1.0 167,1.0 195,4.0 
0,1.0 8,2.0 14,1.0 46,1.0 53,1.0 55,1.0 118,1.0 124,1.0 128,2.0 131,2.0 139,2.0 194,5.0 196,2.0 197,1.0 
2,1.0 8,1.0 16,1.0 124,3.0 128,1.0 166,1.0 167,1.0 
15,1.0 19,4.0 21,2.0 57,2.0 58,1.0 59,2.0 89,1.0 106,3.0 108,1.0 131,1.0 139,1.0 144,1.0 154,5.0 155,3.0 156,1.0 158,3.0 191,2.0 201,2.0 212,1.0 228,2.0 229,1.0 231,2.0 232,1.0 233,1.0 245,3.0 266,1.0 274,1.0 279,3.0 315,1.0 318,1.0 324,2.0 
117,1.0 
3,1.0 14,2.0 17,1.0 46,1.0 65,9.0 96,12.0 145,1.0 155,1.0 156,2.0 160,2.0 163,1.0 181,4.0 182,2.0 
18,1.0 25,1.0 33,1.0 88,2.0 178,1.0 
15,2.0 19,1.0 24,1.0 26,1.0 58,1.0 69,2.0 106,2.0 107,1.0 111,2.0 144,4.0 148,1.0 154,10.0 155,1.0 158,1.0 174,4.0 184,1.0 191,5.0 197,1.0 201,8.0 205,1.0 207,1.0 208,2.0 209,4.0 210,1.0 211,1.0 212,2.0 216,1.0 217,1.0 224,1.0 228,2.0 229,2.0 231,1.0 232,1.0 233,1.0 237,1.0 246,9.0 247,1.0 248,1.0 
43,1.0 135,1.0 180,1.0 184,1.0 
37,2.0 38,3.0 39,2.0 40,1.0 41,1.0 69,1.0 151,1.0 152,1.0 178,1.0 181,1.0 186,1.0 221,1.0 227,1.0 250,1.0 255,1.0 259,3.0 261,1.0 264,1.0 266,1.0 
32,1.0 37,1.0 97,2.0 181,6.0 
0,1.0 2,1.0 3,1.0 5,16.0 7,7.0 14,1.0 15,16.0 21,1.0 29,3.0 33,3.0 35,3.0 41,2.0 42,2.0 44,5.0 50,3.0 69,3.0 103,4.0 104,1.0 106,1.0 107,1.0 108,1.0 117,1.0 133,1.0 141,12.0 144,4.0 146,1.0 152,2.0 154,3.0 155,9.0 156,2.0 158,1.0 179,1.0 180,1.0 181,2.0 185,1.0 191,2.0 201,1.0 204,1.0 205,8.0 227,1.0 245,1.0 248,1.0 249,1.0 266,2.0 274,2.0 275,1.0 276,1.0 277,1.0 278,1.0 279,1.0 364,1.0 
13,3.0 18,1.0 32,1.0 152,3.0 153,3.0 174,1.0 201,1.0 206,1.0 207,1.0 
3,1.0 15,1.0 25,1.0 69,1.0 111,2.0 139,1.0 144,1.0 174,3.0 191,1.0 201,2.0 208,1.0 209,1.0 295,1.0 296,1.0 
15,1.0 54,1.0 69,1.0 111,1.0 144,1.0 148,1.0 174,1.0 191,2.0 201,2.0 209,2.0 210,1.0 211,1.0 212,1.0 
15,1.0 69,1.0 111,1.0 112,1.0 144,1.0 148,1.0 174,2.0 191,2.0 201,2.0 208,1.0 210,1.0 211,1.0 212,1.0 216,1.0 217,1.0 218,1.0 219,1.0 246,1.0 247,1.0 248,1.0 
148,1.0 150,1.0 211,1.0 212,1.0 213,1.0 214,1.0 215,1.0 324,1.0 
148,1.0 150,1.0 210,1.0 212,1.0 213,1.0 214,1.0 215,1.0 
20,1.0 58,1.0 148,2.0 149,1.0 150,2.0 157,2.0 159,1.0 210,1.0 211,1.0 213,2.0 214,2.0 215,1.0 232,1.0 233,1.0 234,1.0 235,1.0 
54,1.0 57,1.0 150,1.0 157,1.0 197,1.0 208,1.0 214,1.0 215,1.0 234,1.0 235,1.0 
15,1.0 54,1.0 150,2.0 157,1.0 159,1.0 197,1.0 208,1.0 213,1.0 215,1.0 
54,1.0 150,1.0 208,1.0 213,1.0 214,1.0 
12,1.0 217,1.0 218,1.0 219,1.0 220,1.0 221,1.0 320,1.0 
12,2.0 24,1.0 216,1.0 218,2.0 219,2.0 220,2.0 221,2.0 
12,3.0 13,3.0 20,1.0 24,1.0 39,1.0 41,1.0 121,1.0 127,1.0 135,1.0 141,1.0 152,2.0 153,1.0 154,1.0 158,1.0 161,2.0 174,1.0 205,1.0 209,1.0 217,1.0 219,9.0 220,5.0 221,6.0 222,2.0 223,3.0 225,2.0 227,5.0 229,3.0 233,1.0 236,1.0 237,3.0 239,3.0 243,2.0 244,2.0 248,1.0 249,1.0 256,1.0 268,1.0 285,1.0 286,1.0 
2,4.0 9,1.0 11,1.0 12,2.0 13,2.0 24,1.0 27,2.0 37,1.0 39,1.0 50,1.0 56,6.0 106,2.0 107,1.0 135,1.0 144,2.0 145,1.0 147,1.0 152,6.0 153,5.0 154,2.0 157,1.0 158,1.0 174,4.0 201,1.0 209,1.0 217,1.0 218,8.0 219,1.0 220,2.0 221,10.0 222,2.0 223,4.0 225,4.0 226,1.0 227,5.0 228,2.0 229,4.0 230,1.0 234,1.0 237,2.0 239,4.0 242,5.0 243,7.0 244,7.0 245,1.0 259,1.0 
12,3.0 13,2.0 24,1.0 41,1.0 111,3.0 121,1.0 127,3.0 141,1.0 151,3.0 152,5.0 153,1.0 154,1.0 158,2.0 161,2.0 189,1.0 203,2.0 205,1.0 217,1.0 218,5.0 219,4.0 221,9.0 222,1.0 223,2.0 224,1.0 225,3.0 226,1.0 227,4.0 228,1.0 237,5.0 239,1.0 246,1.0 248,1.0 249,4.0 250,1.0 256,1.0 268,1.0 285,1.0 286,1.0 
12,2.0 13,4.0 20,1.0 24,1.0 28,1.0 33,1.0 34,2.0 37,1.0 106,1.0 107,1.0 111,3.0 144,2.0 145,1.0 147,1.0 151,3.0 152,8.0 153,7.0 154,2.0 156,1.0 158,1.0 161,1.0 174,3.0 189,1.0 201,1.0 202,1.0 203,1.0 217,1.0 218,4.0 219,11.0 220,7.0 221,1.0 222,3.0 223,4.0 233,1.0 236,1.0 237,9.0 242,6.0 243,6.0 244,6.0 245,1.0 246,1.0 249,1.0 256,1.0 259,1.0 268,1.0 286,1.0 
13,2.0 106,1.0 107,1.0 147,1.0 152,1.0 218,1.0 219,1.0 221,2.0 223,2.0 236,1.0 237,1.0 
13,3.0 20,1.0 31,1.0 106,5.0 107,1.0 144,1.0 147,1.0 152,7.0 154,1.0 191,2.0 218,2.0 219,3.0 221,3.0 222,2.0 225,1.0 226,1.0 227,6.0 228,1.0 229,1.0 230,1.0 233,1.0 236,1.0 237,3.0 239,1.0 
13,1.0 26,1.0 127,2.0 151,2.0 152,2.0 220,2.0 225,2.0 
13,1.0 15,1.0 32,1.0 37,2.0 54,1.0 127,2.0 145,4.0 151,6.0 152,4.0 153,1.0 218,1.0 219,5.0 220,2.0 221,1.0 223,2.0 224,1.0 225,2.0 226,2.0 227,2.0 228,1.0 229,1.0 230,1.0 239,3.0 242,1.0 243,4.0 244,4.0 
0,2.0 4,2.0 8,2.0 9,4.0 10,2.0 11,4.0 50,9.0 78,2.0 152,1.0 219,1.0 223,1.0 225,1.0 227,1.0 228,1.0 229,1.0 230,1.0 318,1.0 352,2.0 
9,1.0 11,1.0 31,1.0 39,1.0 41,1.0 69,1.0 106,4.0 135,1.0 141,1.0 144,1.0 151,1.0 152,6.0 154,2.0 158,2.0 173,1.0 191,2.0 205,2.0 218,5.0 219,5.0 220,3.0 223,6.0 225,1.0 226,1.0 228,2.0 229,4.0 230,1.0 248,1.0 249,3.0 250,3.0 
19,2.0 24,1.0 58,1.0 62,1.0 103,1.0 106,3.0 111,1.0 154,1.0 155,2.0 174,1.0 191,3.0 197,2.0 201,3.0 212,1.0 220,1.0 227,1.0 228,1.0 229,5.0 230,2.0 231,3.0 232,1.0 233,1.0 236,1.0 237,1.0 248,2.0 249,1.0 304,2.0 305,2.0 
19,2.0 24,1.0 44,1.0 45,1.0 58,1.0 106,3.0 153,1.0 154,1.0 174,2.0 191,2.0 197,2.0 201,3.0 209,1.0 212,1.0 218,4.0 219,4.0 221,1.0 227,3.0 228,4.0 229,1.0 230,3.0 231,2.0 232,1.0 233,1.0 237,1.0 242,1.0 243,1.0 244,1.0 249,1.0 304,1.0 310,1.0 
8,1.0 19,1.0 106,1.0 139,1.0 153,1.0 169,1.0 174,2.0 191,1.0 197,1.0 201,1.0 218,1.0 219,1.0 221,1.0 227,1.0 228,2.0 229,4.0 231,1.0 242,1.0 243,1.0 244,1.0 
19,1.0 58,1.0 62,1.0 106,1.0 154,1.0 191,2.0 197,1.0 201,1.0 212,1.0 228,2.0 229,1.0 232,1.0 233,1.0 236,1.0 
58,1.0 157,1.0 212,1.0 213,1.0 233,1.0 234,1.0 235,1.0 
20,1.0 58,1.0 157,2.0 212,1.0 213,1.0 232,1.0 234,2.0 235,2.0 238,1.0 
19,1.0 57,1.0 157,3.0 197,1.0 213,1.0 235,3.0 238,1.0 240,1.0 241,1.0 
19,1.0 57,1.0 154,1.0 157,2.0 197,1.0 213,1.0 234,2.0 238,1.0 240,1.0 241,1.0 
13,2.0 62,1.0 218,2.0 221,2.0 222,1.0 223,2.0 237,2.0 
13,2.0 20,1.0 24,1.0 28,1.0 111,3.0 152,3.0 153,1.0 156,1.0 161,1.0 189,1.0 203,1.0 218,2.0 219,3.0 220,4.0 221,9.0 222,1.0 223,3.0 233,1.0 236,1.0 239,2.0 246,1.0 256,1.0 259,1.0 268,1.0 286,1.0 
19,1.0 157,1.0 234,1.0 235,1.0 
12,1.0 121,1.0 127,1.0 152,3.0 153,2.0 157,1.0 161,2.0 218,2.0 219,4.0 220,1.0 221,2.0 223,1.0 225,3.0 234,1.0 237,2.0 239,1.0 242,1.0 243,4.0 244,4.0 256,1.0 268,1.0 285,1.0 286,1.0 
154,1.0 235,1.0 241,1.0 
154,1.0 235,1.0 240,1.0 
2,2.0 14,5.0 27,4.0 106,1.0 153,10.0 218,1.0 219,6.0 221,4.0 225,1.0 228,1.0 239,1.0 242,4.0 243,11.0 244,11.0 
50,2.0 106,1.0 153,11.0 218,2.0 219,8.0 221,5.0 225,4.0 228,1.0 239,4.0 242,11.0 243,7.0 244,15.0 271,2.0 
106,1.0 153,11.0 218,2.0 219,8.0 221,5.0 225,4.0 228,1.0 239,4.0 242,11.0 243,15.0 244,7.0 
4,1.0 5,1.0 7,2.0 11,1.0 12,1.0 15,2.0 17,1.0 19,3.0 21,3.0 28,3.0 31,4.0 34,5.0 38,2.0 39,1.0 40,1.0 41,3.0 44,3.0 45,1.0 49,2.0 50,3.0 54,2.0 57,1.0 59,3.0 69,17.0 106,18.0 108,18.0 109,1.0 121,1.0 127,1.0 133,2.0 134,1.0 144,2.0 146,1.0 154,6.0 155,24.0 156,2.0 158,7.0 161,1.0 170,1.0 173,1.0 174,1.0 189,1.0 191,1.0 197,4.0 205,2.0 218,1.0 219,1.0 220,1.0 221,1.0 239,1.0 245,3.0 266,2.0 274,4.0 279,4.0 285,1.0 
111,1.0 112,1.0 154,1.0 155,1.0 201,7.0 205,1.0 209,1.0 220,1.0 221,1.0 246,3.0 247,1.0 248,1.0 
69,2.0 111,2.0 112,1.0 134,1.0 174,1.0 209,1.0 246,1.0 248,1.0 314,2.0 315,2.0 
69,2.0 103,3.0 111,1.0 112,1.0 141,1.0 144,1.0 154,1.0 155,4.0 158,1.0 191,1.0 201,1.0 205,1.0 209,1.0 228,2.0 246,1.0 247,1.0 249,1.0 304,2.0 305,4.0 309,2.0 
31,1.0 36,1.0 44,2.0 106,1.0 135,1.0 141,1.0 144,1.0 154,1.0 158,2.0 178,1.0 191,1.0 201,1.0 205,1.0 218,1.0 220,3.0 227,3.0 228,1.0 229,1.0 248,1.0 250,1.0 304,1.0 310,1.0 
9,3.0 27,2.0 41,1.0 56,2.0 113,2.0 145,1.0 151,2.0 158,1.0 173,1.0 203,1.0 220,1.0 227,3.0 249,1.0 351,2.0 
0,2.0 3,1.0 4,1.0 8,2.0 44,1.0 50,1.0 53,2.0 128,2.0 155,2.0 156,2.0 168,1.0 178,1.0 252,1.0 255,1.0 257,2.0 262,1.0 263,1.0 350,2.0 
3,1.0 168,1.0 251,1.0 
4,1.0 36,1.0 41,1.0 44,1.0 168,1.0 254,3.0 257,2.0 260,1.0 261,2.0 262,1.0 264,1.0 300,1.0 301,1.0 311,1.0 312,1.0 
4,1.0 168,1.0 253,3.0 257,1.0 301,1.0 307,3.0 311,2.0 312,1.0 318,2.0 322,1.0 323,2.0 325,1.0 326,1.0 327,1.0 334,1.0 335,1.0 336,1.0 337,1.0 
4,1.0 29,1.0 30,1.0 50,1.0 251,1.0 259,1.0 260,1.0 261,1.0 264,1.0 
40,1.0 152,2.0 153,1.0 156,1.0 161,1.0 221,1.0 237,1.0 268,1.0 286,1.0 
0,2.0 8,2.0 29,1.0 30,1.0 50,1.0 53,2.0 128,2.0 155,2.0 156,2.0 173,1.0 251,2.0 253,2.0 254,1.0 258,1.0 261,2.0 300,1.0 301,1.0 350,2.0 
30,1.0 50,1.0 257,1.0 
0,1.0 2,1.0 3,1.0 14,1.0 18,6.0 39,1.0 41,2.0 42,2.0 144,6.0 153,1.0 203,2.0 
29,1.0 30,1.0 41,1.0 253,1.0 255,1.0 262,1.0 
28,1.0 29,1.0 31,1.0 36,1.0 44,1.0 173,1.0 253,2.0 255,1.0 257,2.0 259,1.0 264,3.0 300,1.0 
9,1.0 28,1.0 31,1.0 36,1.0 41,1.0 44,1.0 50,1.0 173,1.0 178,1.0 251,1.0 253,1.0 260,1.0 263,2.0 265,1.0 
28,1.0 44,1.0 173,1.0 178,1.0 251,1.0 262,2.0 
28,1.0 31,1.0 36,1.0 44,1.0 253,1.0 255,1.0 259,1.0 261,3.0 
31,1.0 36,1.0 262,1.0 
5,2.0 17,5.0 19,1.0 21,4.0 37,1.0 38,1.0 47,1.0 106,7.0 107,1.0 108,11.0 109,1.0 133,1.0 146,1.0 154,5.0 155,6.0 156,15.0 158,3.0 191,4.0 205,2.0 245,3.0 274,5.0 275,2.0 276,1.0 277,2.0 278,3.0 280,3.0 281,2.0 282,2.0 283,1.0 310,1.0 330,1.0 
32,1.0 145,1.0 151,2.0 160,1.0 178,1.0 
18,1.0 28,1.0 151,1.0 152,1.0 153,3.0 156,1.0 161,2.0 221,1.0 237,1.0 256,1.0 286,1.0 
2,1.0 
9,1.0 
50,2.0 243,2.0 
101,6.0 
183,5.0 
5,3.0 15,1.0 19,2.0 21,6.0 59,1.0 106,4.0 108,7.0 133,1.0 134,1.0 144,1.0 146,1.0 154,2.0 155,4.0 156,7.0 158,3.0 191,3.0 197,1.0 205,3.0 245,4.0 266,7.0 275,2.0 276,1.0 277,2.0 278,2.0 279,4.0 280,1.0 
17,2.0 108,2.0 155,2.0 156,4.0 266,2.0 276,1.0 277,2.0 278,2.0 280,1.0 
17,1.0 108,1.0 155,1.0 156,2.0 266,1.0 275,1.0 277,1.0 278,1.0 
17,2.0 108,2.0 155,2.0 156,4.0 266,2.0 275,2.0 276,1.0 278,2.0 280,1.0 
17,3.0 108,3.0 155,3.0 156,6.0 266,3.0 275,2.0 276,1.0 277,2.0 280,2.0 281,1.0 282,1.0 
5,2.0 19,4.0 21,4.0 57,3.0 59,6.0 108,3.0 154,4.0 155,8.0 156,3.0 158,6.0 197,3.0 205,1.0 245,6.0 266,3.0 274,4.0 275,1.0 277,1.0 278,2.0 280,3.0 281,2.0 282,2.0 283,1.0 284,1.0 
17,3.0 108,3.0 155,3.0 156,6.0 266,3.0 275,1.0 277,1.0 278,2.0 281,2.0 282,2.0 283,1.0 
17,2.0 108,2.0 155,2.0 156,4.0 266,2.0 278,1.0 280,2.0 282,2.0 283,1.0 
17,2.0 108,2.0 155,2.0 156,4.0 266,2.0 278,1.0 280,2.0 281,2.0 283,1.0 
17,1.0 108,1.0 155,1.0 156,2.0 266,1.0 280,1.0 281,1.0 282,1.0 
57,1.0 59,1.0 154,1.0 155,1.0 158,1.0 245,1.0 279,1.0 
12,1.0 121,1.0 127,1.0 152,1.0 153,1.0 161,2.0 218,1.0 220,1.0 221,1.0 237,1.0 239,1.0 256,1.0 268,1.0 286,1.0 
152,1.0 153,1.0 156,1.0 161,1.0 221,1.0 237,1.0 256,1.0 268,1.0 
164,1.0 288,1.0 289,1.0 
164,1.0 287,1.0 289,1.0 
164,1.0 287,1.0 288,1.0 
4,2.0 40,1.0 
2,3.0 18,1.0 28,1.0 33,1.0 45,1.0 173,1.0 178,1.0 
27,1.0 
31,2.0 38,2.0 294,2.0 
31,2.0 38,2.0 293,2.0 
296,3.0 307,2.0 313,2.0 
207,1.0 295,2.0 297,2.0 312,1.0 316,1.0 325,1.0 326,1.0 338,1.0 339,1.0 
253,1.0 254,1.0 298,4.0 311,1.0 
1,1.0 17,1.0 33,1.0 42,1.0 104,1.0 156,1.0 253,1.0 254,1.0 257,1.0 299,3.0 321,1.0 348,1.0 
253,1.0 257,1.0 261,1.0 296,1.0 298,2.0 325,1.0 326,1.0 338,1.0 
104,1.0 112,1.0 301,2.0 321,1.0 
1,2.0 104,1.0 112,1.0 300,1.0 302,4.0 
1,2.0 303,2.0 308,2.0 
103,1.0 111,1.0 155,2.0 228,2.0 248,2.0 304,2.0 307,2.0 
69,2.0 103,3.0 111,1.0 155,4.0 228,2.0 248,4.0 303,1.0 305,4.0 
69,2.0 103,2.0 107,1.0 155,2.0 248,2.0 300,1.0 309,6.0 314,2.0 
295,3.0 303,1.0 
254,3.0 297,3.0 301,1.0 311,1.0 318,2.0 322,1.0 323,2.0 325,1.0 326,1.0 327,1.0 332,1.0 334,1.0 335,1.0 336,1.0 337,1.0 
304,2.0 
48,2.0 230,1.0 301,1.0 305,4.0 310,2.0 315,3.0 
69,1.0 80,3.0 106,3.0 108,1.0 156,1.0 174,1.0 229,1.0 249,1.0 266,1.0 304,1.0 306,2.0 328,1.0 329,5.0 330,1.0 
253,1.0 254,2.0 307,1.0 312,1.0 318,1.0 322,1.0 323,1.0 
207,1.0 296,2.0 316,1.0 348,1.0 
69,2.0 111,2.0 134,1.0 174,1.0 247,2.0 314,2.0 347,1.0 
48,1.0 54,1.0 69,3.0 111,3.0 134,1.0 174,2.0 247,2.0 305,2.0 306,1.0 310,1.0 313,1.0 315,6.0 319,1.0 
24,1.0 49,3.0 52,1.0 54,2.0 69,2.0 106,1.0 111,1.0 174,2.0 197,1.0 210,1.0 309,2.0 310,1.0 312,1.0 314,6.0 317,1.0 318,1.0 320,1.0 324,4.0 346,2.0 355,3.0 356,3.0 359,1.0 
295,1.0 296,1.0 
318,1.0 319,1.0 
20,1.0 52,1.0 197,1.0 317,1.0 319,2.0 323,1.0 324,4.0 327,1.0 328,1.0 355,1.0 357,1.0 
69,1.0 78,2.0 111,1.0 216,1.0 315,1.0 320,2.0 355,5.0 357,1.0 360,1.0 
106,1.0 111,1.0 229,1.0 249,1.0 310,1.0 319,3.0 
254,3.0 307,3.0 311,1.0 322,1.0 325,1.0 326,1.0 334,1.0 335,1.0 336,1.0 
254,1.0 307,1.0 311,1.0 318,1.0 323,1.0 
318,1.0 324,2.0 337,1.0 
54,1.0 62,1.0 148,1.0 197,1.0 226,1.0 315,6.0 318,3.0 319,1.0 
254,1.0 296,1.0 307,1.0 318,1.0 326,2.0 327,1.0 338,1.0 339,1.0 
254,1.0 296,1.0 307,1.0 318,1.0 325,2.0 327,1.0 338,1.0 339,1.0 
318,1.0 328,1.0 
80,1.0 315,1.0 329,4.0 
51,3.0 80,2.0 106,1.0 108,1.0 156,1.0 266,1.0 309,1.0 310,1.0 314,1.0 328,3.0 
331,1.0 
307,1.0 
333,1.0 
321,1.0 
254,1.0 307,1.0 323,1.0 335,1.0 336,1.0 337,1.0 
254,1.0 307,1.0 323,1.0 334,1.0 336,1.0 337,1.0 
254,1.0 307,1.0 323,1.0 334,1.0 335,1.0 337,1.0 
323,1.0 324,2.0 345,1.0 
296,1.0 325,1.0 326,1.0 339,1.0 
340,1.0 
341,1.0 
342,1.0 
343,1.0 
344,1.0 
197,1.0 318,1.0 337,1.0 355,3.0 
315,1.0 346,1.0 
54,1.0 314,1.0 315,1.0 355,1.0 
295,1.0 
298,1.0 349,1.0 
299,1.0 
0,2.0 8,2.0 53,2.0 128,2.0 155,2.0 156,2.0 251,2.0 257,2.0 
9,2.0 27,2.0 56,2.0 113,2.0 250,2.0 
8,2.0 33,2.0 42,2.0 50,2.0 78,2.0 155,2.0 205,2.0 
18,1.0 27,1.0 
16,1.0 
24,2.0 26,2.0 49,1.0 69,1.0 78,1.0 154,1.0 201,1.0 315,5.0 318,1.0 319,1.0 324,1.0 357,3.0 361,1.0 
309,2.0 314,1.0 
78,1.0 318,1.0 344,1.0 355,2.0 358,1.0 
344,1.0 
314,1.0 
337,1.0 
344,1.0 
7,1.0 15,1.0 116,1.0 
1,3.0 6,1.0 7,1.0 11,1.0 40,1.0 49,1.0 121,4.0 151,4.0 152,4.0 365,1.0 
45,1.0 
1,1.0 7,1.0 21,1.0 121,1.0 145,1.0 151,2.0 152,1.0 225,1.0 363,1.0 
