1,5.0 2,21.0 4,16.0 5,1.0 6,8.0 7,2.0 8,1.0 9,6.0 10,4.0 11,3.0 12,2.0 14,4.0 21,6.0 26,2.0 29,3.0 41,3.0 42,3.0 43,2.0 45,1.0 46,1.0 48,8.0 49,1.0 50,1.0 58,2.0 60,4.0 62,2.0 63,2.0 72,1.0 80,1.0 81,1.0 109,1.0 132,1.0 140,1.0 144,3.0 147,2.0 173,1.0 183,1.0 190,1.0 200,3.0 204,1.0 207,3.0 208,3.0 209,2.0 210,1.0 266,1.0 302,1.0 
0,10.0 3,8.0 4,3.0 7,1.0 14,5.0 19,3.0 20,3.0 21,3.0 22,2.0 30,2.0 31,2.0 41,3.0 42,10.0 48,5.0 52,3.0 53,3.0 62,2.0 64,2.0 76,1.0 129,1.0 130,1.0 131,1.0 132,1.0 140,1.0 174,1.0 267,1.0 288,2.0 297,1.0 298,1.0 
0,2.0 3,14.0 4,8.0 5,2.0 7,4.0 9,8.0 11,4.0 12,7.0 13,2.0 17,1.0 21,2.0 29,1.0 34,4.0 42,4.0 43,6.0 54,2.0 60,4.0 82,1.0 85,1.0 96,2.0 238,1.0 239,1.0 267,1.0 
2,3.0 4,8.0 5,4.0 6,8.0 8,1.0 12,8.0 13,2.0 14,2.0 27,4.0 29,2.0 31,3.0 43,9.0 44,7.0 48,2.0 57,1.0 59,4.0 68,1.0 75,1.0 92,1.0 94,1.0 117,1.0 196,1.0 199,1.0 250,1.0 
0,20.0 1,5.0 2,8.0 3,4.0 4,7.0 5,13.0 6,6.0 7,1.0 8,7.0 9,10.0 11,10.0 12,4.0 13,1.0 14,6.0 15,4.0 18,1.0 19,4.0 21,20.0 22,4.0 23,1.0 24,3.0 27,4.0 29,4.0 30,1.0 31,1.0 33,1.0 34,1.0 38,1.0 39,1.0 40,1.0 41,3.0 42,5.0 43,6.0 44,2.0 45,2.0 46,1.0 47,1.0 49,1.0 50,4.0 51,4.0 53,1.0 54,1.0 56,1.0 57,2.0 62,2.0 63,2.0 79,1.0 80,1.0 86,1.0 87,2.0 91,2.0 92,2.0 93,2.0 94,1.0 99,2.0 109,1.0 111,1.0 115,1.0 124,1.0 138,1.0 139,1.0 173,1.0 179,1.0 180,3.0 181,1.0 183,2.0 184,1.0 200,1.0 201,1.0 204,1.0 219,1.0 228,1.0 250,1.0 255,1.0 260,4.0 261,1.0 262,1.0 
0,1.0 1,2.0 4,11.0 6,3.0 8,5.0 11,1.0 12,4.0 13,11.0 14,3.0 15,3.0 21,1.0 22,1.0 28,2.0 29,1.0 30,1.0 32,1.0 37,1.0 39,2.0 42,1.0 43,5.0 44,10.0 45,4.0 47,4.0 56,2.0 61,5.0 64,1.0 68,1.0 74,1.0 76,1.0 80,1.0 81,1.0 89,2.0 91,4.0 92,3.0 93,1.0 108,2.0 122,1.0 161,1.0 181,1.0 186,1.0 187,1.0 196,1.0 197,1.0 199,1.0 217,1.0 227,1.0 229,1.0 231,1.0 240,1.0 278,1.0 279,1.0 
2,1.0 4,9.0 7,8.0 8,1.0 9,2.0 10,4.0 14,1.0 21,5.0 22,3.0 28,1.0 29,8.0 31,3.0 33,2.0 38,3.0 42,1.0 43,7.0 51,3.0 54,1.0 55,2.0 61,4.0 82,1.0 85,1.0 89,1.0 92,1.0 95,1.0 96,1.0 99,2.0 106,1.0 107,1.0 111,1.0 121,1.0 122,1.0 124,1.0 135,1.0 158,1.0 166,1.0 175,1.0 177,1.0 200,1.0 232,1.0 244,1.0 245,1.0 247,1.0 248,1.0 
0,1.0 1,1.0 2,2.0 3,3.0 4,4.0 6,1.0 8,5.0 9,1.0 12,4.0 22,2.0 28,1.0 29,1.0 31,6.0 40,1.0 42,2.0 43,6.0 45,4.0 48,2.0 51,4.0 62,2.0 68,2.0 72,2.0 80,1.0 83,1.0 87,2.0 96,2.0 122,1.0 132,1.0 166,1.0 190,2.0 192,1.0 200,1.0 210,2.0 213,1.0 244,1.0 245,1.0 247,1.0 248,1.0 255,2.0 289,1.0 296,1.0 
1,1.0 4,6.0 5,6.0 7,2.0 9,3.0 13,3.0 23,1.0 29,1.0 42,1.0 44,4.0 45,1.0 55,1.0 56,1.0 66,1.0 68,6.0 72,4.0 73,5.0 84,1.0 86,1.0 89,1.0 91,2.0 92,2.0 94,1.0 96,1.0 99,1.0 102,1.0 108,1.0 122,1.0 125,2.0 184,1.0 186,1.0 296,1.0 
0,4.0 2,7.0 3,3.0 4,8.0 5,1.0 7,3.0 10,2.0 11,2.0 12,5.0 23,1.0 29,1.0 40,3.0 43,3.0 51,1.0 54,2.0 55,4.0 86,4.0 88,1.0 176,1.0 255,1.0 303,1.0 
4,2.0 6,4.0 10,2.0 11,4.0 18,1.0 21,3.0 22,2.0 31,1.0 34,3.0 43,9.0 61,7.0 62,1.0 76,1.0 89,4.0 92,1.0 93,1.0 109,1.0 110,1.0 116,1.0 117,1.0 128,2.0 182,1.0 
0,4.0 4,14.0 9,2.0 10,1.0 12,2.0 13,2.0 21,2.0 22,2.0 23,5.0 24,1.0 30,1.0 41,2.0 42,1.0 43,1.0 54,2.0 61,4.0 67,1.0 69,1.0 70,4.0 72,1.0 87,1.0 89,4.0 98,1.0 122,1.0 124,3.0 128,1.0 146,1.0 149,1.0 154,2.0 180,2.0 262,1.0 275,1.0 276,1.0 
0,1.0 2,1.0 3,8.0 4,3.0 5,4.0 6,3.0 8,1.0 13,2.0 27,2.0 28,2.0 29,7.0 31,1.0 39,1.0 42,1.0 43,9.0 44,5.0 46,1.0 51,3.0 61,1.0 80,1.0 86,1.0 88,1.0 90,4.0 196,1.0 221,1.0 
3,2.0 4,5.0 5,14.0 8,5.0 43,7.0 44,10.0 45,1.0 47,4.0 51,2.0 61,4.0 91,2.0 92,4.0 93,2.0 94,1.0 106,1.0 108,2.0 115,1.0 122,1.0 186,1.0 300,1.0 
0,5.0 1,6.0 3,2.0 7,1.0 9,1.0 14,55.0 15,3.0 16,2.0 17,6.0 18,6.0 19,3.0 20,3.0 23,4.0 24,3.0 25,6.0 26,3.0 27,3.0 32,3.0 40,1.0 48,27.0 61,2.0 65,3.0 66,10.0 67,4.0 68,31.0 69,1.0 70,1.0 72,27.0 76,9.0 77,6.0 78,1.0 80,6.0 82,29.0 85,2.0 118,1.0 143,4.0 144,20.0 146,9.0 147,28.0 149,15.0 153,1.0 155,1.0 158,24.0 159,1.0 160,2.0 162,2.0 163,15.0 179,1.0 181,1.0 190,23.0 192,16.0 199,1.0 207,2.0 209,11.0 210,16.0 211,1.0 213,6.0 214,5.0 215,4.0 216,7.0 219,4.0 220,4.0 228,8.0 243,1.0 253,3.0 301,1.0 
8,1.0 14,6.0 27,4.0 42,1.0 48,8.0 
14,2.0 17,4.0 48,7.0 49,4.0 50,3.0 77,2.0 82,1.0 228,1.0 246,1.0 
1,4.0 2,1.0 14,6.0 18,6.0 30,2.0 42,2.0 48,6.0 50,5.0 51,3.0 64,2.0 82,1.0 85,1.0 238,1.0 239,1.0 
1,6.0 4,1.0 5,1.0 10,2.0 14,6.0 22,1.0 30,1.0 32,2.0 42,3.0 48,6.0 51,4.0 52,1.0 53,1.0 57,1.0 109,1.0 110,1.0 116,1.0 117,1.0 
0,2.0 4,2.0 20,3.0 50,2.0 53,1.0 260,2.0 261,1.0 266,1.0 
0,2.0 19,3.0 266,1.0 
0,5.0 1,3.0 2,2.0 3,4.0 4,17.0 9,1.0 10,3.0 11,2.0 12,1.0 14,3.0 17,2.0 24,3.0 29,6.0 34,6.0 41,3.0 42,3.0 43,3.0 54,1.0 55,2.0 56,1.0 61,1.0 67,1.0 68,2.0 72,1.0 76,1.0 78,1.0 80,1.0 84,1.0 98,2.0 108,3.0 129,1.0 145,1.0 166,1.0 167,1.0 180,1.0 183,1.0 219,1.0 261,2.0 263,1.0 275,1.0 276,1.0 277,1.0 280,2.0 
0,1.0 1,1.0 4,6.0 5,2.0 7,3.0 10,2.0 11,5.0 13,1.0 21,1.0 22,1.0 30,1.0 38,4.0 42,1.0 43,1.0 51,2.0 54,1.0 55,1.0 61,1.0 68,1.0 75,2.0 76,4.0 87,1.0 89,7.0 94,1.0 129,1.0 191,1.0 221,1.0 234,1.0 254,1.0 255,1.0 262,1.0 271,1.0 276,1.0 288,1.0 289,1.0 
4,1.0 11,6.0 14,4.0 21,1.0 42,1.0 43,1.0 54,1.0 61,4.0 70,4.0 
14,6.0 48,8.0 56,9.0 72,4.0 109,1.0 149,2.0 
0,4.0 14,6.0 48,6.0 57,3.0 76,2.0 80,4.0 126,1.0 147,2.0 179,2.0 209,1.0 217,1.0 285,1.0 323,1.0 
1,2.0 14,1.0 106,1.0 125,1.0 156,1.0 157,1.0 179,1.0 
0,5.0 4,5.0 12,2.0 15,4.0 39,1.0 46,1.0 48,8.0 79,2.0 179,2.0 227,1.0 258,1.0 
0,5.0 4,1.0 6,1.0 31,2.0 34,2.0 42,1.0 48,3.0 68,1.0 72,2.0 76,1.0 77,1.0 95,1.0 106,1.0 121,1.0 122,1.0 129,1.0 135,1.0 144,1.0 147,2.0 162,2.0 200,2.0 203,1.0 207,1.0 208,1.0 211,2.0 
3,2.0 4,3.0 6,7.0 7,4.0 9,3.0 12,2.0 17,2.0 21,7.0 28,1.0 31,7.0 42,2.0 43,6.0 46,3.0 47,1.0 51,3.0 54,1.0 55,3.0 60,1.0 61,1.0 84,1.0 89,1.0 92,1.0 111,1.0 118,1.0 129,2.0 135,1.0 145,1.0 185,1.0 200,1.0 201,2.0 202,1.0 203,1.0 219,1.0 251,1.0 255,1.0 263,1.0 
1,2.0 5,1.0 11,2.0 21,1.0 22,2.0 31,10.0 33,2.0 44,2.0 67,1.0 69,1.0 84,4.0 96,1.0 155,1.0 
3,1.0 4,2.0 6,2.0 7,4.0 8,1.0 12,1.0 14,2.0 18,2.0 30,7.0 33,2.0 34,2.0 36,2.0 37,3.0 38,6.0 43,4.0 45,4.0 47,2.0 62,3.0 65,1.0 79,4.0 80,4.0 84,4.0 96,1.0 143,1.0 144,1.0 155,1.0 163,1.0 175,2.0 196,1.0 305,1.0 
5,1.0 14,2.0 30,2.0 31,2.0 44,1.0 66,1.0 68,2.0 72,2.0 91,1.0 144,1.0 149,1.0 158,2.0 214,1.0 217,1.0 288,1.0 
4,1.0 6,2.0 8,1.0 34,2.0 35,2.0 51,2.0 68,1.0 92,1.0 96,1.0 124,1.0 294,1.0 295,1.0 
0,5.0 5,2.0 14,2.0 21,1.0 31,5.0 35,2.0 37,2.0 43,12.0 47,4.0 67,1.0 81,1.0 88,2.0 111,1.0 140,1.0 148,1.0 180,2.0 277,1.0 278,1.0 310,2.0 
31,2.0 34,2.0 
13,1.0 28,2.0 33,1.0 57,1.0 68,2.0 73,1.0 102,1.0 250,1.0 273,1.0 
31,3.0 38,1.0 96,1.0 129,1.0 
4,1.0 5,3.0 6,2.0 7,2.0 8,3.0 13,3.0 31,1.0 39,4.0 40,6.0 44,3.0 51,1.0 55,1.0 68,1.0 89,4.0 107,1.0 108,1.0 111,1.0 122,1.0 129,2.0 135,1.0 203,1.0 331,1.0 
0,5.0 1,1.0 4,5.0 8,2.0 12,1.0 27,1.0 40,3.0 42,2.0 48,4.0 68,2.0 72,2.0 122,2.0 129,1.0 130,1.0 144,2.0 190,2.0 207,2.0 208,2.0 210,2.0 
0,4.0 4,4.0 9,2.0 12,1.0 39,3.0 43,2.0 51,1.0 62,1.0 108,1.0 169,2.0 224,1.0 
0,3.0 1,3.0 4,3.0 11,2.0 21,3.0 42,3.0 67,1.0 124,2.0 146,1.0 154,1.0 
0,5.0 1,10.0 3,3.0 4,7.0 6,1.0 7,1.0 8,1.0 9,2.0 11,1.0 12,2.0 21,3.0 22,1.0 24,1.0 27,2.0 28,1.0 31,1.0 39,1.0 41,3.0 44,1.0 47,1.0 48,3.0 51,1.0 52,3.0 53,3.0 62,2.0 64,2.0 80,1.0 83,1.0 129,2.0 130,1.0 131,1.0 132,1.0 135,1.0 149,1.0 174,1.0 176,1.0 200,1.0 203,1.0 230,1.0 247,1.0 248,1.0 267,1.0 271,1.0 288,1.0 297,1.0 298,1.0 
0,7.0 1,2.0 2,6.0 3,2.0 4,2.0 5,1.0 6,3.0 7,4.0 9,5.0 11,1.0 12,5.0 13,1.0 14,3.0 15,4.0 23,1.0 24,4.0 27,4.0 29,9.0 34,12.0 38,1.0 43,1.0 44,16.0 45,8.0 46,7.0 47,5.0 48,8.0 51,5.0 54,10.0 55,4.0 56,4.0 59,4.0 61,6.0 67,1.0 72,1.0 80,1.0 83,2.0 86,2.0 87,2.0 88,3.0 92,1.0 99,2.0 100,1.0 108,1.0 111,1.0 113,1.0 146,1.0 147,2.0 149,1.0 163,3.0 173,1.0 177,1.0 179,1.0 180,4.0 181,2.0 183,1.0 184,1.0 185,2.0 186,1.0 187,1.0 193,1.0 196,1.0 197,1.0 200,1.0 201,3.0 202,1.0 204,1.0 205,1.0 206,1.0 217,1.0 218,1.0 221,1.0 230,1.0 240,1.0 243,1.0 255,2.0 303,1.0 306,2.0 307,2.0 308,2.0 309,1.0 310,3.0 311,1.0 312,1.0 
1,2.0 2,2.0 4,2.0 5,7.0 6,3.0 8,3.0 9,2.0 13,3.0 15,4.0 21,1.0 27,4.0 29,3.0 32,1.0 42,1.0 43,16.0 48,4.0 68,1.0 76,1.0 87,1.0 91,4.0 92,3.0 93,1.0 99,1.0 108,1.0 141,1.0 149,1.0 158,1.0 163,1.0 181,2.0 186,1.0 199,1.0 217,1.0 231,1.0 306,1.0 307,1.0 312,1.0 
0,1.0 4,2.0 5,2.0 11,1.0 23,1.0 43,8.0 46,4.0 86,2.0 96,1.0 100,1.0 125,1.0 137,1.0 184,1.0 185,1.0 218,1.0 303,1.0 308,2.0 309,1.0 311,1.0 
4,3.0 5,4.0 10,3.0 13,4.0 16,1.0 21,3.0 29,2.0 31,2.0 34,1.0 42,1.0 43,1.0 47,3.0 48,1.0 61,4.0 69,4.0 82,1.0 85,1.0 88,1.0 129,3.0 130,1.0 190,1.0 209,1.0 218,1.0 236,1.0 237,1.0 240,2.0 246,1.0 303,1.0 309,1.0 310,1.0 
4,2.0 5,3.0 11,4.0 13,3.0 22,1.0 23,4.0 31,1.0 38,1.0 43,1.0 51,1.0 67,1.0 83,1.0 86,1.0 88,1.0 129,2.0 146,1.0 308,1.0 310,1.0 
0,11.0 1,6.0 3,2.0 5,1.0 7,2.0 14,25.0 15,4.0 16,9.0 17,6.0 18,6.0 24,4.0 25,8.0 27,4.0 28,2.0 39,4.0 42,6.0 46,1.0 48,50.0 49,8.0 50,6.0 51,6.0 52,5.0 53,5.0 56,4.0 57,6.0 58,4.0 59,4.0 62,1.0 65,2.0 66,7.0 67,4.0 68,15.0 72,28.0 74,1.0 76,5.0 77,5.0 78,3.0 80,8.0 81,1.0 82,4.0 83,1.0 84,3.0 93,1.0 129,1.0 143,1.0 144,20.0 145,1.0 146,10.0 147,26.0 149,1.0 155,1.0 160,1.0 162,5.0 163,4.0 174,1.0 179,1.0 181,1.0 190,13.0 192,11.0 200,2.0 205,1.0 207,10.0 208,11.0 209,11.0 210,14.0 211,6.0 212,1.0 213,6.0 214,1.0 216,6.0 217,4.0 219,2.0 220,2.0 228,3.0 240,1.0 246,1.0 253,2.0 264,1.0 267,1.0 301,1.0 320,1.0 324,1.0 
0,1.0 16,4.0 17,3.0 48,7.0 50,4.0 67,1.0 109,1.0 228,1.0 
1,2.0 4,2.0 17,5.0 18,3.0 19,2.0 42,2.0 48,6.0 51,4.0 53,1.0 64,2.0 260,2.0 261,1.0 
0,2.0 1,3.0 4,2.0 5,1.0 6,3.0 7,3.0 8,1.0 9,2.0 12,1.0 14,2.0 18,4.0 22,2.0 29,4.0 30,1.0 31,1.0 33,2.0 38,1.0 42,5.0 43,3.0 48,6.0 52,1.0 53,1.0 57,1.0 92,3.0 96,1.0 106,2.0 108,2.0 109,1.0 110,1.0 111,2.0 124,1.0 129,1.0 158,1.0 169,1.0 221,2.0 228,1.0 247,1.0 248,1.0 255,1.0 
0,2.0 1,1.0 4,2.0 14,1.0 42,1.0 48,1.0 53,4.0 174,1.0 267,1.0 
0,2.0 1,1.0 4,2.0 14,1.0 42,1.0 48,1.0 52,4.0 174,1.0 233,1.0 267,1.0 
3,2.0 4,2.0 5,1.0 9,1.0 11,1.0 12,2.0 22,1.0 24,4.0 43,10.0 48,4.0 56,4.0 61,1.0 99,1.0 130,1.0 163,2.0 173,1.0 183,1.0 217,1.0 262,1.0 306,1.0 
5,1.0 9,4.0 13,1.0 21,2.0 22,2.0 38,2.0 43,4.0 51,1.0 54,1.0 61,1.0 67,1.0 72,1.0 86,4.0 87,1.0 88,1.0 94,1.0 115,1.0 145,1.0 146,1.0 191,1.0 203,1.0 234,1.0 271,1.0 284,1.0 285,1.0 307,1.0 310,1.0 331,1.0 
0,1.0 5,3.0 21,1.0 24,9.0 44,1.0 48,8.0 62,1.0 64,1.0 72,4.0 109,1.0 199,2.0 274,1.0 
0,2.0 4,2.0 5,1.0 13,1.0 14,1.0 18,1.0 22,1.0 25,3.0 30,1.0 36,1.0 39,1.0 48,5.0 51,1.0 73,1.0 91,3.0 102,1.0 108,1.0 117,1.0 127,3.0 250,5.0 254,1.0 272,3.0 273,1.0 
1,2.0 14,1.0 65,2.0 67,1.0 89,3.0 107,1.0 117,3.0 149,1.0 150,1.0 151,1.0 152,1.0 179,1.0 214,1.0 
0,4.0 14,2.0 43,4.0 179,2.0 
2,4.0 28,1.0 29,1.0 34,6.0 42,1.0 43,6.0 92,1.0 118,1.0 129,2.0 135,1.0 181,2.0 203,1.0 
2,4.0 5,6.0 7,2.0 8,1.0 10,2.0 12,1.0 13,4.0 21,1.0 29,1.0 43,6.0 47,4.0 54,1.0 66,2.0 70,4.0 71,4.0 89,2.0 128,1.0 177,1.0 180,2.0 194,1.0 257,1.0 
5,1.0 14,2.0 17,2.0 31,3.0 37,1.0 50,2.0 56,1.0 63,4.0 64,1.0 65,2.0 66,3.0 70,2.0 72,1.0 96,1.0 143,1.0 144,1.0 163,1.0 172,1.0 174,1.0 213,1.0 217,1.0 228,1.0 240,1.0 241,1.0 242,1.0 256,2.0 267,1.0 286,1.0 303,1.0 
17,2.0 50,2.0 62,4.0 174,1.0 228,1.0 233,1.0 267,1.0 
1,2.0 27,1.0 42,2.0 62,4.0 63,1.0 79,1.0 84,1.0 227,1.0 256,1.0 258,1.0 266,1.0 317,1.0 
14,4.0 21,1.0 30,1.0 32,1.0 48,2.0 66,4.0 67,8.0 68,5.0 72,2.0 76,6.0 78,1.0 80,3.0 82,7.0 84,2.0 147,1.0 149,1.0 153,6.0 158,1.0 163,1.0 208,1.0 210,1.0 253,4.0 324,1.0 329,1.0 
1,1.0 5,1.0 7,2.0 8,1.0 14,7.0 44,1.0 48,7.0 65,6.0 66,1.0 67,2.0 68,9.0 72,11.0 76,7.0 78,1.0 80,6.0 82,5.0 83,1.0 91,1.0 144,1.0 146,1.0 147,9.0 149,2.0 153,1.0 163,7.0 190,1.0 192,3.0 210,2.0 216,1.0 217,1.0 329,1.0 
0,2.0 2,1.0 9,4.0 14,5.0 17,1.0 30,1.0 31,2.0 34,1.0 43,1.0 46,3.0 48,4.0 55,5.0 58,3.0 65,1.0 68,15.0 69,3.0 72,3.0 76,4.0 77,3.0 78,4.0 80,3.0 81,4.0 82,4.0 83,4.0 84,7.0 85,2.0 89,4.0 115,1.0 117,4.0 147,5.0 149,4.0 153,5.0 155,1.0 160,4.0 162,3.0 163,4.0 192,3.0 199,1.0 201,1.0 209,2.0 210,1.0 211,2.0 212,1.0 213,2.0 214,2.0 216,1.0 217,1.0 228,3.0 264,1.0 282,1.0 284,1.0 285,1.0 288,1.0 324,1.0 328,1.0 329,1.0 
0,2.0 4,2.0 5,1.0 12,4.0 14,20.0 21,1.0 22,1.0 26,1.0 28,1.0 32,1.0 33,2.0 36,1.0 39,2.0 43,1.0 44,1.0 45,1.0 46,2.0 48,15.0 65,1.0 66,9.0 67,18.0 68,20.0 69,2.0 72,25.0 74,4.0 75,1.0 76,7.0 77,6.0 78,16.0 80,8.0 81,3.0 82,6.0 83,3.0 84,1.0 85,1.0 89,4.0 94,1.0 99,1.0 106,1.0 108,1.0 125,1.0 144,5.0 147,5.0 149,5.0 156,1.0 157,1.0 158,11.0 160,2.0 162,5.0 163,7.0 190,4.0 192,8.0 200,1.0 205,1.0 206,1.0 207,1.0 208,3.0 209,7.0 210,2.0 211,8.0 212,6.0 213,12.0 214,4.0 216,3.0 217,5.0 218,2.0 219,2.0 220,2.0 228,9.0 253,1.0 289,1.0 290,2.0 292,1.0 294,1.0 295,1.0 296,1.0 324,1.0 
5,4.0 11,1.0 13,4.0 22,1.0 30,1.0 46,4.0 61,4.0 66,1.0 
14,2.0 61,4.0 71,4.0 142,2.0 163,1.0 221,1.0 
24,4.0 56,4.0 
0,3.0 7,2.0 8,4.0 14,24.0 28,2.0 32,1.0 39,2.0 46,1.0 48,27.0 62,1.0 65,2.0 66,10.0 67,2.0 68,26.0 72,14.0 73,4.0 74,4.0 76,9.0 77,10.0 78,6.0 79,2.0 80,8.0 82,12.0 84,6.0 108,1.0 118,1.0 122,1.0 126,1.0 129,1.0 135,1.0 140,3.0 144,4.0 146,14.0 147,20.0 149,1.0 150,1.0 153,5.0 158,10.0 160,1.0 162,5.0 163,8.0 165,1.0 190,12.0 192,4.0 200,1.0 204,1.0 205,2.0 206,1.0 207,2.0 208,4.0 209,6.0 210,14.0 211,5.0 212,3.0 213,6.0 214,2.0 217,6.0 218,2.0 219,2.0 220,2.0 221,1.0 234,1.0 240,1.0 241,1.0 242,1.0 253,4.0 264,4.0 281,1.0 283,1.0 324,1.0 
1,1.0 5,1.0 7,1.0 8,5.0 13,1.0 36,1.0 42,1.0 57,1.0 68,4.0 72,4.0 102,1.0 122,1.0 149,1.0 250,1.0 273,1.0 297,1.0 298,1.0 
5,1.0 75,4.0 240,1.0 
3,1.0 22,1.0 68,1.0 76,7.0 78,2.0 147,1.0 276,1.0 
1,1.0 7,1.0 10,1.0 14,12.0 21,2.0 22,5.0 28,1.0 32,1.0 38,4.0 43,5.0 48,8.0 54,3.0 55,1.0 61,1.0 65,3.0 66,2.0 67,4.0 68,14.0 72,9.0 75,2.0 76,1.0 77,7.0 78,13.0 80,7.0 81,1.0 82,16.0 84,4.0 89,4.0 95,2.0 98,2.0 105,2.0 106,2.0 107,2.0 108,2.0 118,2.0 144,5.0 146,1.0 147,16.0 149,4.0 153,6.0 158,1.0 162,4.0 163,1.0 190,1.0 192,1.0 205,2.0 206,1.0 207,2.0 208,3.0 209,2.0 210,4.0 211,6.0 212,7.0 216,2.0 217,2.0 253,2.0 261,2.0 264,1.0 280,2.0 288,1.0 323,1.0 324,2.0 328,1.0 
7,1.0 14,5.0 28,2.0 42,1.0 48,6.0 66,1.0 67,2.0 68,9.0 72,10.0 76,1.0 77,1.0 78,5.0 80,3.0 82,8.0 83,1.0 144,1.0 147,3.0 149,1.0 158,1.0 160,2.0 162,2.0 181,1.0 205,1.0 208,1.0 210,5.0 211,2.0 212,1.0 
0,1.0 5,1.0 12,1.0 14,5.0 21,1.0 31,4.0 43,3.0 44,2.0 48,5.0 59,2.0 66,1.0 67,4.0 68,3.0 72,4.0 76,10.0 77,1.0 79,4.0 80,5.0 82,15.0 92,1.0 93,1.0 94,1.0 95,4.0 102,2.0 103,2.0 108,1.0 118,2.0 146,1.0 147,4.0 163,1.0 209,2.0 210,1.0 216,1.0 217,1.0 253,1.0 264,4.0 324,2.0 325,1.0 329,1.0 
0,1.0 27,2.0 31,4.0 46,1.0 80,4.0 89,1.0 108,1.0 122,1.0 204,1.0 221,1.0 222,1.0 227,1.0 258,1.0 
6,2.0 7,2.0 14,7.0 34,2.0 42,2.0 43,4.0 48,8.0 51,1.0 54,1.0 65,6.0 66,7.0 67,3.0 68,3.0 72,4.0 76,11.0 78,8.0 80,1.0 81,5.0 82,8.0 83,3.0 84,5.0 85,1.0 95,2.0 96,2.0 113,1.0 118,1.0 143,2.0 144,1.0 146,4.0 147,8.0 149,1.0 163,2.0 192,1.0 199,2.0 200,1.0 208,1.0 210,2.0 211,2.0 213,2.0 217,2.0 228,2.0 240,1.0 243,1.0 247,1.0 248,1.0 253,5.0 274,4.0 320,1.0 323,1.0 324,2.0 326,1.0 329,1.0 
0,1.0 14,1.0 34,1.0 48,1.0 67,5.0 68,3.0 76,4.0 77,2.0 78,1.0 82,5.0 84,1.0 144,1.0 147,3.0 149,2.0 153,1.0 155,1.0 205,1.0 208,1.0 209,1.0 210,1.0 212,1.0 328,1.0 
2,2.0 6,1.0 7,2.0 9,1.0 14,20.0 17,1.0 29,1.0 34,1.0 42,1.0 43,1.0 48,7.0 58,2.0 62,1.0 63,1.0 65,9.0 66,3.0 67,10.0 68,12.0 72,9.0 76,4.0 77,6.0 78,6.0 80,14.0 81,2.0 83,7.0 84,2.0 85,5.0 89,2.0 92,2.0 94,1.0 102,1.0 108,1.0 111,1.0 114,1.0 117,2.0 134,1.0 143,2.0 144,4.0 146,3.0 147,10.0 148,1.0 149,2.0 153,2.0 158,5.0 163,6.0 166,1.0 183,1.0 190,4.0 192,2.0 199,1.0 200,1.0 201,1.0 209,2.0 210,4.0 216,2.0 217,3.0 218,2.0 238,1.0 239,1.0 240,1.0 244,1.0 245,1.0 253,1.0 264,4.0 274,1.0 282,1.0 324,1.0 325,1.0 329,1.0 
2,1.0 6,2.0 7,1.0 17,1.0 21,1.0 29,1.0 30,4.0 31,4.0 42,1.0 43,1.0 48,1.0 51,1.0 66,1.0 67,4.0 68,2.0 76,1.0 80,3.0 82,3.0 85,3.0 113,1.0 149,1.0 163,3.0 192,2.0 200,1.0 228,1.0 240,1.0 243,1.0 247,1.0 248,1.0 
48,4.0 52,1.0 53,1.0 55,1.0 62,1.0 64,1.0 65,1.0 67,2.0 68,1.0 72,5.0 76,4.0 77,1.0 78,1.0 80,3.0 81,5.0 82,6.0 84,1.0 85,5.0 106,1.0 115,1.0 124,1.0 147,3.0 149,1.0 153,5.0 162,1.0 163,1.0 211,4.0 212,4.0 216,1.0 217,5.0 218,2.0 264,1.0 269,1.0 274,3.0 284,1.0 326,1.0 
2,1.0 6,2.0 7,1.0 14,2.0 17,1.0 43,1.0 65,5.0 67,2.0 68,2.0 80,1.0 82,5.0 83,1.0 147,2.0 166,1.0 199,1.0 200,1.0 214,1.0 216,1.0 217,1.0 238,1.0 239,1.0 240,1.0 244,1.0 245,1.0 
4,3.0 5,1.0 8,2.0 9,1.0 43,3.0 44,1.0 45,2.0 46,2.0 66,1.0 69,1.0 87,4.0 88,6.0 100,1.0 303,2.0 308,3.0 309,1.0 311,1.0 319,1.0 
4,2.0 12,1.0 21,1.0 22,1.0 43,3.0 45,1.0 54,1.0 55,1.0 86,9.0 88,3.0 100,2.0 307,3.0 308,1.0 310,1.0 
4,1.0 11,1.0 12,1.0 34,1.0 43,2.0 45,1.0 47,2.0 68,4.0 86,5.0 88,1.0 89,4.0 104,2.0 308,2.0 310,4.0 318,1.0 319,1.0 
5,4.0 8,5.0 10,3.0 11,3.0 12,4.0 13,5.0 24,1.0 38,4.0 44,3.0 54,1.0 56,1.0 58,3.0 61,2.0 65,2.0 67,2.0 68,5.0 73,1.0 115,1.0 117,5.0 122,2.0 128,2.0 187,1.0 192,1.0 214,1.0 279,1.0 282,1.0 
22,4.0 76,4.0 
5,1.0 32,1.0 36,1.0 44,1.0 57,3.0 73,1.0 92,4.0 93,4.0 94,4.0 95,1.0 102,2.0 105,2.0 108,1.0 123,2.0 127,3.0 199,1.0 210,1.0 217,1.0 250,3.0 254,1.0 272,3.0 273,1.0 321,1.0 
3,1.0 6,1.0 25,1.0 28,1.0 29,1.0 33,1.0 42,1.0 46,1.0 51,3.0 57,1.0 60,1.0 67,1.0 72,1.0 84,1.0 91,4.0 93,7.0 94,7.0 96,1.0 106,4.0 108,3.0 109,1.0 110,1.0 111,1.0 114,1.0 117,1.0 118,4.0 119,1.0 124,1.0 126,1.0 129,2.0 134,1.0 135,1.0 163,1.0 199,1.0 203,1.0 211,1.0 227,1.0 230,1.0 234,1.0 250,1.0 271,1.0 
0,1.0 4,2.0 5,1.0 6,2.0 44,1.0 48,1.0 58,1.0 76,2.0 91,3.0 92,5.0 94,8.0 114,1.0 115,1.0 118,3.0 119,1.0 123,1.0 234,1.0 301,1.0 
0,1.0 3,1.0 4,1.0 6,2.0 57,1.0 66,1.0 67,1.0 68,1.0 72,1.0 76,2.0 84,1.0 91,2.0 92,4.0 93,8.0 102,1.0 110,1.0 115,1.0 117,1.0 118,1.0 123,1.0 125,1.0 126,1.0 127,1.0 134,1.0 158,1.0 163,1.0 191,1.0 199,1.0 211,1.0 233,1.0 234,1.0 235,1.0 250,1.0 
4,2.0 6,2.0 18,1.0 28,1.0 33,1.0 51,2.0 57,1.0 78,2.0 80,2.0 93,1.0 94,1.0 96,2.0 102,2.0 103,2.0 105,2.0 106,1.0 121,1.0 122,1.0 124,1.0 265,1.0 
5,1.0 7,2.0 8,1.0 28,1.0 30,1.0 37,1.0 38,1.0 44,1.0 91,1.0 97,2.0 98,2.0 115,1.0 123,1.0 125,1.0 129,1.0 200,1.0 
10,2.0 22,2.0 98,2.0 
10,2.0 11,1.0 21,2.0 22,2.0 68,2.0 72,1.0 97,2.0 108,3.0 124,1.0 154,1.0 261,2.0 280,2.0 330,1.0 
4,1.0 43,2.0 44,1.0 55,1.0 87,7.0 100,1.0 267,1.0 270,1.0 306,2.0 307,2.0 
87,2.0 101,2.0 307,1.0 311,1.0 
78,2.0 95,2.0 
4,1.0 6,1.0 7,2.0 13,1.0 29,1.0 36,1.0 38,1.0 43,1.0 57,1.0 73,1.0 81,1.0 94,1.0 103,3.0 106,1.0 107,1.0 125,1.0 126,1.0 127,1.0 198,1.0 200,1.0 201,1.0 250,1.0 273,1.0 
7,2.0 12,1.0 29,2.0 43,3.0 51,2.0 102,3.0 200,1.0 201,1.0 
76,2.0 105,2.0 
4,2.0 6,1.0 18,1.0 33,1.0 51,2.0 57,1.0 76,2.0 91,1.0 95,2.0 102,1.0 106,2.0 107,2.0 124,1.0 
2,1.0 6,1.0 13,2.0 14,1.0 25,1.0 26,1.0 28,1.0 51,1.0 92,3.0 95,2.0 102,2.0 103,1.0 107,3.0 108,2.0 109,1.0 110,1.0 111,1.0 121,1.0 122,1.0 124,2.0 125,1.0 126,1.0 156,1.0 157,1.0 198,1.0 199,1.0 227,1.0 265,1.0 
13,2.0 14,1.0 58,1.0 106,3.0 109,1.0 110,1.0 112,1.0 113,1.0 114,1.0 122,1.0 149,1.0 150,1.0 151,1.0 152,1.0 198,1.0 199,1.0 
5,1.0 21,3.0 40,1.0 43,1.0 51,1.0 56,1.0 57,1.0 68,2.0 76,1.0 78,1.0 79,1.0 81,1.0 91,1.0 92,2.0 95,1.0 98,3.0 106,2.0 109,1.0 110,1.0 111,1.0 115,2.0 122,1.0 127,1.0 161,1.0 186,2.0 187,2.0 221,1.0 222,1.0 250,1.0 261,2.0 265,1.0 271,1.0 272,1.0 280,2.0 330,1.0 
0,1.0 3,1.0 10,2.0 12,1.0 18,1.0 31,1.0 49,1.0 50,1.0 107,1.0 110,4.0 111,1.0 112,3.0 113,3.0 114,3.0 115,1.0 116,1.0 117,1.0 196,1.0 
10,2.0 18,1.0 72,1.0 107,1.0 109,4.0 111,1.0 112,3.0 113,3.0 114,3.0 115,1.0 116,1.0 117,1.0 213,1.0 235,1.0 
5,1.0 8,1.0 34,1.0 81,1.0 109,1.0 110,1.0 112,1.0 113,1.0 114,1.0 148,1.0 
10,1.0 18,1.0 107,1.0 109,3.0 110,3.0 113,3.0 114,3.0 115,1.0 116,1.0 117,1.0 
10,1.0 18,1.0 80,1.0 83,2.0 107,1.0 109,3.0 110,3.0 112,3.0 114,3.0 115,1.0 116,1.0 117,1.0 243,1.0 
10,1.0 18,1.0 82,1.0 92,2.0 106,1.0 107,1.0 108,1.0 109,3.0 110,3.0 112,3.0 113,3.0 115,1.0 116,1.0 117,1.0 118,2.0 147,1.0 217,1.0 227,1.0 
4,1.0 55,1.0 67,1.0 91,2.0 92,1.0 93,1.0 94,1.0 102,1.0 105,1.0 106,1.0 109,1.0 110,1.0 112,1.0 113,1.0 114,1.0 132,1.0 136,1.0 187,2.0 188,1.0 284,1.0 285,1.0 
10,2.0 18,1.0 84,1.0 109,1.0 110,1.0 117,1.0 269,1.0 
10,2.0 18,1.0 57,1.0 58,3.0 65,2.0 67,2.0 89,4.0 91,1.0 109,1.0 110,1.0 116,1.0 120,1.0 127,1.0 133,1.0 192,1.0 214,1.0 250,1.0 272,1.0 282,1.0 
28,1.0 29,1.0 42,1.0 60,1.0 72,2.0 78,2.0 92,5.0 93,2.0 94,1.0 106,2.0 114,2.0 119,1.0 120,1.0 124,1.0 129,2.0 135,1.0 146,1.0 147,2.0 163,1.0 199,2.0 203,1.0 217,2.0 227,1.0 234,2.0 
118,1.0 120,1.0 
6,1.0 28,1.0 95,1.0 106,1.0 121,1.0 133,1.0 134,1.0 
6,1.0 28,1.0 95,1.0 106,1.0 122,1.0 
1,1.0 7,1.0 8,2.0 10,1.0 11,2.0 30,1.0 39,2.0 42,2.0 45,1.0 69,1.0 79,1.0 89,1.0 93,1.0 94,1.0 96,1.0 108,1.0 125,1.0 128,1.0 129,1.0 130,1.0 221,1.0 222,1.0 
91,2.0 95,1.0 105,1.0 199,1.0 
2,1.0 4,1.0 6,1.0 8,1.0 11,3.0 25,1.0 33,1.0 41,2.0 51,1.0 67,1.0 72,1.0 92,1.0 98,1.0 106,2.0 146,1.0 154,2.0 
14,1.0 26,1.0 91,1.0 94,1.0 96,1.0 102,1.0 106,1.0 123,1.0 126,1.0 127,1.0 137,1.0 156,1.0 157,1.0 
11,1.0 25,1.0 72,1.0 76,3.0 80,1.0 89,1.0 122,1.0 127,1.0 217,1.0 285,1.0 323,1.0 
11,1.0 36,1.0 57,3.0 73,1.0 89,1.0 91,3.0 102,1.0 108,1.0 122,1.0 126,1.0 250,3.0 254,1.0 272,3.0 273,1.0 
10,3.0 31,1.0 61,1.0 62,1.0 89,1.0 
0,1.0 1,1.0 4,1.0 16,1.0 28,2.0 29,1.0 38,1.0 39,1.0 40,1.0 42,3.0 46,3.0 47,1.0 48,1.0 60,1.0 62,2.0 68,1.0 72,1.0 82,1.0 85,1.0 92,1.0 118,1.0 122,1.0 129,1.0 130,1.0 131,1.0 132,1.0 135,2.0 190,1.0 200,1.0 203,2.0 209,1.0 217,1.0 218,1.0 221,1.0 236,1.0 237,1.0 246,1.0 
1,1.0 42,1.0 46,1.0 129,1.0 131,1.0 132,1.0 141,1.0 142,1.0 
10,1.0 61,1.0 89,1.0 128,1.0 132,1.0 
3,1.0 7,1.0 10,1.0 61,1.0 89,1.0 103,1.0 128,1.0 131,1.0 136,1.0 
120,1.0 134,1.0 
6,1.0 38,1.0 67,1.0 72,1.0 84,1.0 92,1.0 94,1.0 135,1.0 163,1.0 211,1.0 
0,1.0 4,1.0 6,1.0 28,1.0 38,1.0 42,1.0 72,1.0 79,1.0 107,1.0 108,1.0 122,1.0 129,1.0 144,2.0 147,1.0 158,1.0 200,1.0 203,1.0 205,2.0 208,2.0 210,2.0 212,2.0 221,1.0 
103,1.0 132,1.0 
4,1.0 138,1.0 186,1.0 199,1.0 
4,1.0 139,1.0 
61,1.0 
0,1.0 1,1.0 30,1.0 217,3.0 
48,1.0 89,1.0 142,1.0 
48,1.0 141,1.0 168,1.0 178,1.0 204,1.0 221,1.0 227,1.0 
14,6.0 80,2.0 82,2.0 144,3.0 146,2.0 158,2.0 163,2.0 190,2.0 210,2.0 
0,3.0 4,1.0 5,1.0 14,20.0 39,2.0 48,19.0 66,1.0 68,5.0 72,3.0 74,1.0 76,5.0 77,1.0 79,1.0 81,1.0 82,4.0 91,1.0 108,1.0 122,1.0 135,2.0 143,2.0 144,6.0 146,4.0 147,14.0 149,1.0 158,6.0 162,4.0 163,4.0 190,7.0 192,8.0 200,1.0 205,5.0 207,9.0 208,11.0 210,14.0 211,5.0 212,5.0 216,3.0 217,1.0 221,1.0 
21,1.0 55,1.0 72,1.0 146,1.0 
5,1.0 14,7.0 48,7.0 66,2.0 72,12.0 74,1.0 76,1.0 80,3.0 82,2.0 126,1.0 129,1.0 143,2.0 144,4.0 147,7.0 163,2.0 190,2.0 192,6.0 209,5.0 210,4.0 211,1.0 213,2.0 217,1.0 253,1.0 320,1.0 
0,3.0 5,1.0 7,2.0 14,34.0 28,2.0 48,29.0 62,1.0 65,1.0 66,8.0 67,3.0 68,5.0 72,23.0 74,1.0 76,20.0 77,2.0 78,4.0 80,8.0 81,2.0 82,10.0 84,2.0 85,2.0 118,2.0 135,1.0 143,1.0 144,16.0 146,2.0 147,12.0 149,4.0 153,2.0 155,1.0 158,3.0 160,1.0 162,5.0 163,8.0 164,1.0 190,7.0 192,5.0 200,1.0 205,8.0 206,2.0 207,11.0 208,8.0 209,14.0 210,12.0 211,10.0 212,5.0 216,3.0 217,3.0 218,2.0 219,2.0 220,2.0 225,1.0 234,1.0 243,1.0 249,1.0 250,1.0 253,1.0 264,1.0 320,1.0 
34,1.0 81,1.0 111,1.0 
0,1.0 1,1.0 8,1.0 14,16.0 24,1.0 32,1.0 42,1.0 48,4.0 58,1.0 64,1.0 66,2.0 67,4.0 68,3.0 73,2.0 76,4.0 77,1.0 81,2.0 82,2.0 84,6.0 94,1.0 107,1.0 142,1.0 144,2.0 147,5.0 149,3.0 150,1.0 151,1.0 152,1.0 153,2.0 158,1.0 162,2.0 183,1.0 205,3.0 208,1.0 209,1.0 210,1.0 211,2.0 212,1.0 214,3.0 215,3.0 216,1.0 217,2.0 218,2.0 267,1.0 297,1.0 298,1.0 
14,1.0 21,1.0 58,1.0 107,1.0 151,1.0 152,1.0 165,1.0 166,1.0 167,1.0 
14,1.0 58,1.0 107,1.0 150,1.0 152,1.0 
14,1.0 58,1.0 107,1.0 150,1.0 151,1.0 
11,2.0 14,1.0 34,1.0 41,1.0 48,1.0 49,1.0 65,5.0 66,1.0 67,6.0 72,3.0 76,5.0 77,1.0 78,1.0 81,1.0 82,4.0 84,3.0 98,1.0 124,2.0 147,2.0 149,2.0 154,3.0 160,1.0 162,2.0 163,1.0 212,3.0 217,1.0 264,2.0 328,1.0 
5,1.0 11,3.0 41,2.0 72,1.0 98,1.0 108,1.0 124,3.0 146,1.0 161,1.0 
48,1.0 72,1.0 147,1.0 153,1.0 160,2.0 162,1.0 211,1.0 264,1.0 
14,1.0 26,1.0 106,1.0 125,1.0 157,1.0 
14,1.0 26,1.0 106,1.0 125,1.0 156,1.0 
14,22.0 32,1.0 48,1.0 68,12.0 72,9.0 77,1.0 82,5.0 135,2.0 144,4.0 147,7.0 149,2.0 158,4.0 163,2.0 190,11.0 192,2.0 205,2.0 208,2.0 210,8.0 212,2.0 214,2.0 215,1.0 216,1.0 217,2.0 219,2.0 220,2.0 225,1.0 243,1.0 253,1.0 
68,1.0 
14,2.0 48,1.0 67,4.0 68,2.0 72,1.0 77,1.0 80,1.0 82,1.0 147,1.0 154,1.0 162,1.0 211,1.0 231,1.0 253,1.0 264,1.0 
5,1.0 81,1.0 108,1.0 
0,1.0 4,1.0 28,2.0 44,1.0 48,5.0 67,3.0 68,4.0 72,5.0 76,3.0 77,3.0 84,1.0 107,1.0 144,4.0 147,5.0 149,2.0 153,2.0 160,1.0 162,1.0 200,1.0 207,1.0 208,1.0 210,1.0 211,7.0 
7,1.0 14,12.0 25,1.0 48,5.0 56,1.0 62,1.0 65,1.0 66,7.0 67,4.0 68,7.0 70,1.0 72,10.0 76,3.0 78,1.0 80,8.0 82,3.0 83,3.0 84,2.0 108,1.0 114,1.0 118,2.0 143,2.0 144,4.0 146,2.0 147,8.0 149,1.0 153,2.0 158,3.0 190,3.0 191,1.0 192,7.0 199,1.0 209,2.0 210,5.0 211,1.0 212,1.0 213,2.0 217,6.0 218,1.0 228,1.0 243,1.0 249,1.0 250,1.0 
72,1.0 
21,1.0 150,1.0 166,1.0 167,1.0 
7,1.0 21,1.0 129,1.0 167,1.0 192,1.0 213,1.0 244,1.0 245,1.0 
21,1.0 129,1.0 166,1.0 
29,1.0 
42,1.0 51,1.0 170,1.0 
43,1.0 171,1.0 
170,1.0 
173,1.0 
4,1.0 43,2.0 44,1.0 54,2.0 99,2.0 174,1.0 183,3.0 268,1.0 306,2.0 314,1.0 
43,1.0 54,1.0 173,2.0 183,1.0 267,2.0 315,1.0 316,1.0 
6,1.0 7,1.0 21,1.0 29,1.0 
4,1.0 9,1.0 
178,1.0 180,1.0 181,1.0 299,3.0 312,1.0 
177,3.0 179,1.0 
10,2.0 14,1.0 48,1.0 76,1.0 93,1.0 180,5.0 182,3.0 301,2.0 304,2.0 
60,2.0 177,1.0 178,2.0 179,4.0 181,8.0 301,1.0 312,1.0 
4,3.0 11,2.0 13,1.0 14,1.0 27,2.0 34,2.0 43,3.0 48,1.0 59,2.0 60,2.0 80,1.0 173,1.0 180,3.0 182,1.0 183,1.0 300,3.0 304,2.0 312,2.0 313,1.0 
4,2.0 10,1.0 21,2.0 43,1.0 61,1.0 68,1.0 181,2.0 300,1.0 
4,1.0 21,1.0 43,2.0 44,1.0 54,1.0 99,6.0 173,3.0 268,1.0 306,2.0 314,1.0 
6,2.0 29,1.0 185,1.0 
6,1.0 29,2.0 60,1.0 92,1.0 118,1.0 129,1.0 184,1.0 202,1.0 
103,1.0 108,2.0 115,2.0 187,2.0 199,1.0 
43,1.0 102,1.0 106,1.0 108,1.0 115,2.0 186,1.0 188,1.0 196,1.0 197,1.0 226,1.0 
189,1.0 
158,1.0 
0,2.0 7,1.0 14,21.0 16,1.0 39,2.0 46,1.0 48,14.0 68,5.0 72,11.0 80,1.0 82,4.0 129,1.0 144,5.0 146,2.0 147,6.0 149,1.0 158,10.0 163,1.0 190,4.0 191,1.0 192,7.0 207,1.0 210,14.0 212,1.0 213,2.0 214,2.0 215,1.0 216,1.0 246,1.0 
94,1.0 110,1.0 163,1.0 192,1.0 235,1.0 
5,1.0 14,16.0 32,1.0 46,1.0 48,10.0 66,3.0 67,2.0 68,8.0 72,4.0 74,1.0 76,2.0 82,2.0 83,2.0 129,1.0 142,1.0 144,8.0 146,6.0 147,5.0 158,2.0 163,6.0 190,7.0 192,1.0 193,1.0 209,1.0 210,6.0 211,2.0 212,1.0 213,7.0 214,1.0 217,1.0 228,4.0 
194,1.0 195,1.0 252,1.0 
5,1.0 21,1.0 55,1.0 56,1.0 195,1.0 
21,1.0 55,1.0 194,1.0 
3,1.0 8,1.0 12,1.0 31,1.0 43,1.0 108,1.0 186,1.0 187,1.0 197,1.0 
43,1.0 108,1.0 186,1.0 187,1.0 196,1.0 
106,1.0 107,1.0 199,1.0 
3,1.0 5,1.0 6,1.0 29,1.0 33,1.0 43,1.0 44,1.0 51,1.0 57,1.0 67,1.0 82,1.0 92,3.0 93,1.0 94,1.0 95,1.0 102,1.0 103,2.0 105,1.0 106,1.0 117,1.0 118,2.0 163,1.0 186,1.0 201,2.0 217,1.0 231,1.0 250,1.0 274,1.0 
0,2.0 2,1.0 4,1.0 6,1.0 7,1.0 29,1.0 43,2.0 48,2.0 73,1.0 82,1.0 85,1.0 144,2.0 166,1.0 185,1.0 201,1.0 202,1.0 204,1.0 207,2.0 208,2.0 244,1.0 245,1.0 
29,2.0 43,3.0 147,1.0 185,1.0 193,1.0 200,1.0 202,1.0 251,1.0 
29,1.0 60,1.0 62,2.0 92,1.0 118,1.0 129,1.0 185,1.0 
0,1.0 4,1.0 28,1.0 42,1.0 72,1.0 129,1.0 135,1.0 200,1.0 214,1.0 324,1.0 331,1.0 
43,1.0 72,1.0 79,1.0 89,1.0 98,1.0 108,1.0 147,1.0 205,1.0 206,1.0 
48,1.0 67,1.0 68,1.0 72,2.0 76,3.0 77,1.0 79,1.0 81,1.0 108,1.0 122,1.0 135,2.0 144,5.0 147,9.0 149,3.0 153,1.0 158,2.0 206,1.0 207,3.0 208,7.0 209,2.0 210,6.0 211,4.0 212,4.0 221,1.0 327,1.0 
68,1.0 72,1.0 76,1.0 147,3.0 205,1.0 207,1.0 208,3.0 209,1.0 212,1.0 
0,3.0 14,3.0 39,2.0 48,9.0 76,2.0 81,1.0 143,1.0 144,10.0 147,9.0 163,1.0 190,1.0 200,1.0 205,3.0 207,3.0 208,9.0 209,4.0 210,5.0 211,2.0 212,1.0 
0,3.0 14,2.0 39,2.0 48,10.0 65,2.0 66,1.0 67,2.0 68,3.0 72,1.0 76,3.0 77,1.0 78,2.0 79,1.0 80,2.0 81,1.0 108,1.0 122,1.0 135,2.0 143,1.0 144,12.0 147,5.0 149,1.0 158,2.0 163,1.0 200,1.0 205,5.0 206,2.0 207,10.0 208,3.0 209,2.0 210,6.0 211,1.0 212,4.0 216,2.0 221,1.0 322,1.0 324,1.0 327,1.0 
0,1.0 14,12.0 25,1.0 46,1.0 48,10.0 62,1.0 67,1.0 68,7.0 72,4.0 76,2.0 78,1.0 80,3.0 84,2.0 129,1.0 143,1.0 144,1.0 146,4.0 147,13.0 155,1.0 163,3.0 192,1.0 205,1.0 207,4.0 208,2.0 209,3.0 210,1.0 211,3.0 213,4.0 216,1.0 217,2.0 218,2.0 219,2.0 220,2.0 228,1.0 236,1.0 237,1.0 240,1.0 274,2.0 
0,2.0 5,1.0 7,1.0 14,13.0 39,2.0 48,14.0 66,1.0 67,1.0 68,4.0 72,13.0 74,1.0 76,2.0 77,5.0 78,1.0 79,1.0 80,1.0 82,4.0 108,1.0 122,1.0 135,2.0 144,12.0 146,4.0 147,11.0 149,2.0 158,8.0 162,1.0 163,2.0 190,14.0 192,6.0 205,6.0 207,4.0 208,5.0 209,1.0 210,4.0 211,2.0 212,5.0 214,3.0 215,1.0 216,1.0 217,1.0 221,1.0 224,1.0 324,1.0 
0,1.0 4,1.0 25,1.0 28,2.0 48,7.0 67,2.0 68,8.0 72,10.0 76,7.0 77,3.0 84,3.0 144,5.0 147,11.0 149,2.0 153,1.0 160,1.0 162,7.0 163,1.0 200,1.0 205,4.0 207,3.0 208,2.0 209,3.0 210,2.0 211,2.0 212,4.0 320,1.0 
48,3.0 68,6.0 72,6.0 76,5.0 77,2.0 78,1.0 79,1.0 82,1.0 84,1.0 108,1.0 122,1.0 135,2.0 144,5.0 147,5.0 149,1.0 153,1.0 158,2.0 190,1.0 205,4.0 206,1.0 207,1.0 208,4.0 210,5.0 211,3.0 212,1.0 217,1.0 221,1.0 264,1.0 
14,6.0 46,2.0 48,5.0 62,1.0 67,2.0 68,12.0 72,6.0 76,1.0 80,2.0 129,2.0 146,2.0 163,2.0 190,3.0 192,7.0 209,4.0 211,1.0 212,1.0 213,1.0 217,1.0 218,2.0 228,6.0 240,1.0 241,1.0 242,1.0 
14,4.0 32,1.0 48,8.0 66,1.0 67,1.0 68,3.0 72,1.0 85,1.0 144,2.0 147,1.0 149,3.0 163,1.0 192,1.0 213,1.0 214,1.0 215,3.0 216,2.0 217,1.0 228,1.0 324,1.0 
14,4.0 48,1.0 144,1.0 149,3.0 214,3.0 215,1.0 216,1.0 
14,6.0 48,6.0 66,1.0 67,1.0 68,5.0 76,2.0 78,1.0 82,2.0 85,2.0 94,1.0 144,4.0 147,3.0 149,1.0 162,1.0 192,1.0 208,2.0 209,1.0 211,1.0 213,1.0 214,1.0 216,1.0 228,1.0 
4,1.0 14,6.0 25,1.0 48,5.0 65,1.0 67,1.0 68,5.0 72,4.0 76,3.0 78,7.0 80,3.0 82,3.0 84,2.0 85,1.0 114,1.0 118,2.0 144,1.0 146,2.0 147,5.0 149,1.0 158,2.0 163,3.0 192,1.0 208,1.0 209,1.0 210,1.0 213,1.0 214,1.0 216,1.0 218,3.0 253,1.0 264,1.0 320,1.0 
46,1.0 68,2.0 72,1.0 75,1.0 82,2.0 84,2.0 129,1.0 147,2.0 149,1.0 163,1.0 209,2.0 213,1.0 216,1.0 217,3.0 236,1.0 237,1.0 
9,1.0 14,4.0 21,1.0 29,1.0 48,2.0 68,2.0 72,2.0 147,2.0 158,2.0 209,2.0 220,2.0 
14,2.0 48,1.0 68,1.0 72,1.0 147,1.0 155,1.0 158,1.0 209,1.0 253,1.0 
30,1.0 68,1.0 79,1.0 96,1.0 108,1.0 122,1.0 129,1.0 142,1.0 204,1.0 217,1.0 222,1.0 
223,1.0 
207,1.0 
38,1.0 55,1.0 94,1.0 
72,1.0 147,1.0 
190,1.0 
5,1.0 27,1.0 39,1.0 46,1.0 79,1.0 92,1.0 106,1.0 122,1.0 126,1.0 228,1.0 258,1.0 
14,11.0 48,2.0 51,1.0 67,3.0 68,8.0 70,1.0 76,2.0 80,2.0 83,3.0 163,1.0 192,4.0 209,1.0 211,1.0 212,1.0 213,6.0 228,1.0 
16,1.0 
46,1.0 51,1.0 92,1.0 228,1.0 
22,1.0 113,1.0 253,1.0 254,1.0 
3,1.0 75,1.0 
22,1.0 55,1.0 234,1.0 259,2.0 
22,1.0 55,1.0 72,1.0 92,1.0 94,1.0 106,1.0 118,2.0 124,1.0 146,1.0 191,1.0 
72,1.0 110,1.0 213,1.0 
43,1.0 47,1.0 237,1.0 
43,1.0 47,1.0 236,1.0 
48,1.0 209,1.0 239,1.0 
48,1.0 85,1.0 209,1.0 238,1.0 250,1.0 
43,1.0 46,1.0 62,1.0 72,1.0 80,1.0 83,1.0 113,1.0 202,2.0 213,1.0 241,1.0 242,1.0 243,1.0 
46,1.0 129,1.0 242,1.0 
46,1.0 129,1.0 241,1.0 
80,1.0 83,1.0 113,1.0 147,1.0 163,1.0 249,1.0 250,1.0 
7,1.0 166,1.0 192,1.0 213,1.0 245,1.0 
7,1.0 166,1.0 192,1.0 213,1.0 244,1.0 
16,1.0 77,1.0 82,1.0 
6,1.0 14,1.0 51,1.0 158,1.0 248,1.0 
6,1.0 14,1.0 51,1.0 158,1.0 247,1.0 
80,1.0 250,1.0 
4,1.0 13,1.0 36,1.0 39,1.0 57,5.0 73,1.0 80,1.0 85,1.0 91,3.0 102,1.0 108,1.0 117,1.0 127,3.0 239,1.0 249,1.0 254,1.0 272,3.0 273,1.0 
239,1.0 250,1.0 
160,1.0 
14,4.0 22,1.0 32,1.0 48,3.0 65,2.0 66,1.0 68,1.0 72,2.0 76,2.0 80,4.0 146,1.0 147,2.0 153,3.0 158,1.0 163,1.0 231,1.0 254,1.0 320,1.0 
4,1.0 7,1.0 22,1.0 43,1.0 57,1.0 91,1.0 127,1.0 250,1.0 255,1.0 272,1.0 
4,1.0 7,2.0 9,1.0 29,1.0 31,1.0 43,2.0 51,1.0 62,1.0 
61,1.0 63,1.0 64,1.0 257,1.0 
61,1.0 194,1.0 
27,1.0 46,1.0 79,1.0 227,1.0 
4,2.0 
4,2.0 19,2.0 50,2.0 53,1.0 261,1.0 
11,1.0 21,2.0 22,1.0 54,1.0 68,2.0 98,2.0 108,2.0 262,1.0 280,2.0 
4,2.0 11,1.0 22,1.0 54,1.0 
9,1.0 
30,1.0 31,1.0 48,4.0 67,1.0 72,1.0 78,4.0 80,1.0 82,4.0 146,1.0 147,1.0 153,2.0 217,1.0 253,1.0 329,1.0 
93,1.0 94,1.0 95,1.0 
62,1.0 64,1.0 267,2.0 317,1.0 
43,1.0 54,1.0 149,1.0 173,1.0 174,2.0 183,4.0 268,1.0 286,1.0 315,1.0 316,1.0 
62,1.0 63,1.0 116,1.0 314,1.0 
84,1.0 106,1.0 124,1.0 
82,1.0 114,1.0 
3,1.0 7,1.0 11,1.0 22,2.0 92,1.0 94,1.0 199,1.0 
36,1.0 57,3.0 73,1.0 91,3.0 102,1.0 108,1.0 127,3.0 250,3.0 254,1.0 273,1.0 
13,1.0 36,1.0 57,1.0 73,1.0 102,1.0 250,1.0 
80,3.0 82,1.0 84,3.0 92,1.0 94,1.0 95,1.0 105,1.0 134,1.0 199,1.0 211,2.0 326,1.0 
5,1.0 227,1.0 276,1.0 
1,1.0 5,1.0 76,1.0 227,1.0 275,1.0 
5,1.0 34,1.0 278,1.0 
5,1.0 89,1.0 279,1.0 
89,1.0 122,1.0 
21,2.0 68,2.0 98,2.0 108,2.0 261,2.0 
217,1.0 
67,1.0 89,1.0 117,1.0 192,1.0 
163,1.0 
55,1.0 67,1.0 115,1.0 285,1.0 
25,1.0 76,1.0 80,1.0 126,1.0 208,1.0 323,1.0 
88,1.0 287,1.0 303,1.0 318,1.0 
67,1.0 
1,3.0 7,1.0 8,1.0 22,1.0 
68,2.0 
68,1.0 291,1.0 292,1.0 
68,1.0 290,1.0 
293,1.0 
36,1.0 68,1.0 
32,1.0 295,1.0 
32,1.0 294,1.0 
22,1.0 68,1.0 
1,1.0 42,1.0 288,1.0 298,1.0 
1,1.0 42,1.0 288,1.0 297,1.0 
182,3.0 
4,1.0 5,1.0 13,1.0 43,2.0 44,2.0 181,1.0 313,1.0 
1,1.0 14,1.0 26,1.0 48,1.0 58,1.0 93,1.0 
149,1.0 267,1.0 
9,1.0 34,1.0 43,1.0 46,1.0 88,3.0 286,1.0 309,1.0 310,1.0 318,1.0 
14,1.0 48,1.0 181,4.0 
153,1.0 
43,2.0 44,1.0 55,1.0 87,2.0 99,2.0 307,2.0 
43,3.0 45,1.0 54,1.0 55,1.0 86,1.0 87,3.0 88,1.0 308,1.0 310,1.0 
43,3.0 44,1.0 45,2.0 46,1.0 86,3.0 100,1.0 303,1.0 309,1.0 311,1.0 
34,1.0 43,1.0 46,1.0 88,1.0 303,1.0 310,1.0 
34,1.0 43,2.0 45,1.0 47,2.0 86,2.0 88,4.0 308,2.0 310,1.0 
87,1.0 100,1.0 307,1.0 
173,1.0 181,2.0 183,1.0 300,1.0 313,1.0 
43,1.0 44,1.0 300,1.0 
62,1.0 63,1.0 268,1.0 
64,1.0 266,1.0 316,1.0 317,1.0 
64,1.0 266,1.0 315,1.0 317,1.0 
62,1.0 64,1.0 266,1.0 
86,1.0 88,1.0 319,1.0 
46,1.0 69,1.0 86,1.0 
5,1.0 32,1.0 44,1.0 48,1.0 91,1.0 163,1.0 
216,1.0 
25,1.0 126,1.0 285,1.0 
76,1.0 78,1.0 80,1.0 82,1.0 324,1.0 
48,1.0 66,1.0 67,1.0 68,1.0 72,1.0 78,2.0 82,1.0 147,1.0 163,1.0 210,1.0 214,1.0 325,1.0 
80,1.0 84,1.0 274,1.0 
205,1.0 
67,1.0 78,1.0 82,1.0 205,1.0 208,1.0 264,1.0 
327,1.0 
208,2.0 
40,1.0 
72,1.0 203,1.0 214,1.0 324,1.0 
