1,14.0 2,4.0 3,10.0 4,4.0 5,4.0 8,4.0 18,4.0 33,2.0 34,6.0 113,4.0 122,4.0 
0,14.0 2,12.0 3,10.0 4,4.0 5,8.0 8,6.0 16,2.0 18,8.0 20,4.0 31,6.0 33,2.0 34,6.0 51,2.0 52,2.0 56,2.0 57,2.0 58,2.0 64,2.0 65,2.0 70,2.0 71,2.0 72,2.0 107,2.0 108,2.0 113,4.0 122,4.0 
0,10.0 1,16.0 3,10.0 4,8.0 5,6.0 8,4.0 9,4.0 10,8.0 11,4.0 16,6.0 18,2.0 19,4.0 21,4.0 31,10.0 32,6.0 51,2.0 52,2.0 64,2.0 65,2.0 75,2.0 86,4.0 107,2.0 108,2.0 
0,6.0 1,6.0 4,8.0 5,4.0 6,4.0 7,4.0 10,2.0 33,2.0 34,6.0 37,2.0 53,2.0 54,2.0 55,2.0 56,2.0 60,2.0 72,2.0 122,4.0 125,2.0 126,2.0 127,2.0 
3,8.0 5,4.0 6,4.0 7,4.0 10,4.0 11,4.0 12,2.0 13,2.0 14,2.0 15,2.0 19,4.0 26,2.0 45,2.0 46,2.0 47,2.0 48,2.0 53,4.0 54,2.0 55,2.0 56,2.0 60,2.0 67,2.0 68,2.0 72,2.0 76,1.0 91,2.0 110,2.0 122,2.0 123,2.0 126,2.0 127,2.0 
1,2.0 2,2.0 3,4.0 4,4.0 6,4.0 7,4.0 8,6.0 10,2.0 16,8.0 17,8.0 18,8.0 19,14.0 20,2.0 21,2.0 53,2.0 73,2.0 74,2.0 91,2.0 
2,4.0 7,4.0 8,4.0 9,4.0 
2,4.0 6,4.0 8,4.0 9,4.0 
2,4.0 4,8.0 5,6.0 9,4.0 10,8.0 11,4.0 16,6.0 17,6.0 18,10.0 19,12.0 21,6.0 25,2.0 26,2.0 43,2.0 44,2.0 45,2.0 46,2.0 73,2.0 113,4.0 121,2.0 
2,4.0 3,4.0 4,6.0 8,4.0 10,6.0 11,4.0 32,2.0 36,2.0 37,2.0 43,2.0 109,2.0 126,2.0 
2,4.0 3,2.0 4,8.0 11,4.0 12,2.0 13,2.0 14,2.0 15,2.0 16,8.0 18,4.0 19,8.0 20,4.0 21,6.0 37,4.0 38,2.0 39,2.0 40,2.0 60,2.0 86,4.0 87,2.0 92,2.0 95,2.0 105,2.0 113,4.0 120,2.0 125,2.0 
4,4.0 10,4.0 12,2.0 13,2.0 14,2.0 15,2.0 20,2.0 46,2.0 101,2.0 
0,2.0 1,2.0 2,2.0 13,2.0 
0,2.0 1,2.0 2,2.0 12,2.0 
15,2.0 16,2.0 17,2.0 18,2.0 
14,2.0 16,4.0 17,4.0 18,4.0 28,2.0 
0,2.0 1,6.0 2,6.0 5,2.0 10,2.0 17,14.0 18,14.0 19,22.0 20,8.0 21,8.0 26,2.0 41,6.0 42,6.0 49,4.0 50,2.0 86,4.0 95,6.0 98,6.0 113,2.0 115,2.0 117,8.0 118,2.0 119,4.0 
16,12.0 18,8.0 19,14.0 20,4.0 21,4.0 41,6.0 42,6.0 49,2.0 75,2.0 93,4.0 95,4.0 107,2.0 129,2.0 130,2.0 
0,4.0 1,4.0 2,2.0 5,6.0 8,10.0 10,8.0 16,22.0 17,14.0 19,23.0 20,8.0 21,8.0 24,4.0 25,6.0 26,8.0 27,6.0 49,4.0 50,4.0 86,2.0 93,2.0 95,8.0 107,2.0 113,8.0 
2,4.0 4,4.0 10,6.0 16,22.0 17,8.0 18,4.0 20,6.0 21,12.0 22,4.0 23,4.0 26,6.0 41,6.0 42,6.0 48,2.0 49,2.0 53,2.0 54,2.0 60,2.0 67,2.0 68,4.0 85,2.0 86,4.0 95,6.0 98,6.0 108,4.0 113,4.0 117,8.0 118,4.0 122,2.0 123,2.0 124,2.0 128,2.0 129,4.0 130,2.0 133,2.0 139,1.0 140,1.0 
1,4.0 5,2.0 11,2.0 15,2.0 19,6.0 21,4.0 22,4.0 23,4.0 26,6.0 27,4.0 28,2.0 29,2.0 30,2.0 31,2.0 46,2.0 48,2.0 53,2.0 56,2.0 57,2.0 58,2.0 68,2.0 70,2.0 71,2.0 72,2.0 73,2.0 74,2.0 79,1.0 80,1.0 81,1.0 82,1.0 83,1.0 101,2.0 112,2.0 116,4.0 119,4.0 124,2.0 
0,2.0 1,6.0 2,4.0 5,2.0 8,2.0 10,4.0 16,6.0 18,6.0 19,8.0 20,4.0 22,4.0 23,4.0 24,4.0 31,2.0 32,2.0 48,2.0 60,2.0 61,2.0 62,2.0 63,2.0 73,2.0 86,2.0 107,2.0 111,2.0 113,6.0 
18,4.0 23,4.0 24,4.0 25,4.0 
18,4.0 22,4.0 24,4.0 25,4.0 
1,2.0 2,2.0 10,2.0 18,4.0 20,4.0 21,2.0 25,4.0 26,4.0 27,4.0 31,2.0 32,2.0 107,2.0 111,2.0 
4,2.0 8,2.0 18,6.0 19,4.0 20,6.0 24,4.0 26,10.0 27,6.0 50,2.0 95,2.0 113,2.0 121,4.0 
4,2.0 15,2.0 19,6.0 20,6.0 27,6.0 28,2.0 29,2.0 30,2.0 54,2.0 68,2.0 95,4.0 122,2.0 123,2.0 124,2.0 131,2.0 132,2.0 133,2.0 
15,2.0 20,4.0 26,6.0 28,2.0 29,2.0 30,2.0 95,2.0 131,2.0 132,2.0 
15,2.0 16,2.0 17,2.0 18,2.0 
2,2.0 30,2.0 31,2.0 32,2.0 
2,2.0 29,2.0 31,2.0 32,2.0 
0,6.0 1,12.0 2,10.0 3,6.0 20,2.0 32,6.0 51,2.0 52,2.0 64,2.0 65,2.0 70,2.0 71,2.0 72,2.0 
0,6.0 1,10.0 2,10.0 3,8.0 9,2.0 10,4.0 21,2.0 24,2.0 31,10.0 35,2.0 36,4.0 37,4.0 38,2.0 49,2.0 50,2.0 
32,2.0 34,2.0 35,2.0 36,2.0 
9,4.0 32,4.0 33,2.0 35,2.0 36,4.0 43,2.0 109,2.0 122,4.0 
10,2.0 32,2.0 36,2.0 37,2.0 38,2.0 
1,4.0 3,2.0 9,2.0 10,4.0 20,4.0 31,2.0 32,4.0 35,2.0 37,4.0 38,2.0 69,2.0 
3,2.0 10,4.0 38,2.0 39,2.0 40,2.0 60,2.0 125,2.0 
10,2.0 37,2.0 39,2.0 40,2.0 
5,2.0 8,2.0 18,2.0 40,2.0 
5,2.0 8,2.0 18,2.0 39,2.0 
8,4.0 25,4.0 42,6.0 43,2.0 44,2.0 113,2.0 121,4.0 
8,4.0 25,4.0 41,6.0 43,2.0 44,2.0 113,2.0 121,4.0 
3,2.0 4,4.0 5,2.0 8,2.0 9,2.0 20,2.0 44,4.0 45,2.0 46,2.0 53,2.0 109,2.0 126,2.0 
3,2.0 4,6.0 5,2.0 8,2.0 19,2.0 20,2.0 43,4.0 45,2.0 46,2.0 53,6.0 66,2.0 
4,2.0 46,2.0 47,2.0 48,2.0 
4,2.0 45,2.0 47,2.0 48,2.0 73,2.0 
32,2.0 48,2.0 49,2.0 50,2.0 
10,2.0 19,2.0 21,2.0 24,2.0 32,4.0 47,2.0 49,2.0 50,2.0 60,2.0 61,2.0 62,2.0 63,2.0 85,2.0 120,2.0 
1,2.0 2,2.0 16,2.0 17,2.0 18,2.0 19,4.0 31,2.0 32,2.0 50,2.0 53,2.0 84,1.0 95,4.0 128,2.0 129,2.0 145,1.0 146,1.0 147,1.0 
1,2.0 2,2.0 16,2.0 18,4.0 19,2.0 25,2.0 26,4.0 27,2.0 31,2.0 32,2.0 49,2.0 95,4.0 
44,2.0 52,2.0 
44,2.0 51,2.0 
3,2.0 4,4.0 5,2.0 19,2.0 20,2.0 54,2.0 55,2.0 56,2.0 60,2.0 67,2.0 68,2.0 73,2.0 74,2.0 75,2.0 93,2.0 107,2.0 109,2.0 
36,2.0 49,2.0 55,2.0 56,2.0 133,2.0 
36,2.0 54,2.0 56,2.0 
36,2.0 54,2.0 55,2.0 57,2.0 58,2.0 59,2.0 
56,2.0 58,2.0 59,2.0 
56,2.0 57,2.0 59,2.0 
21,2.0 
2,2.0 21,2.0 24,2.0 31,2.0 32,4.0 36,2.0 48,2.0 61,2.0 62,2.0 63,2.0 67,2.0 68,2.0 69,2.0 125,2.0 
21,2.0 24,2.0 32,2.0 48,2.0 60,2.0 62,2.0 63,2.0 
21,2.0 24,2.0 32,2.0 48,2.0 60,2.0 61,2.0 63,2.0 
21,2.0 24,2.0 32,2.0 48,2.0 60,2.0 61,2.0 62,2.0 
44,2.0 65,2.0 66,2.0 
44,2.0 64,2.0 66,2.0 
4,2.0 19,2.0 44,2.0 53,2.0 
36,2.0 60,2.0 68,2.0 69,2.0 
2,2.0 31,2.0 32,2.0 36,2.0 60,2.0 67,2.0 69,2.0 124,2.0 
1,2.0 20,2.0 31,2.0 36,2.0 
43,2.0 44,2.0 71,2.0 72,2.0 
43,2.0 44,2.0 70,2.0 72,2.0 
16,2.0 17,2.0 18,2.0 43,2.0 44,2.0 70,2.0 71,2.0 127,2.0 
8,2.0 21,2.0 74,2.0 75,3.0 102,2.0 103,2.0 104,2.0 
8,2.0 21,2.0 73,2.0 
4,1.0 84,1.0 85,1.0 89,2.0 94,2.0 99,2.0 
77,1.0 
78,1.0 
20,1.0 
0,1.0 1,1.0 2,1.0 80,1.0 81,1.0 82,1.0 83,1.0 
0,1.0 1,1.0 2,1.0 79,1.0 81,1.0 82,1.0 83,1.0 
0,1.0 1,1.0 2,1.0 79,1.0 80,1.0 82,1.0 83,1.0 
0,1.0 1,1.0 2,1.0 79,1.0 80,1.0 81,1.0 83,1.0 
0,1.0 1,1.0 2,1.0 79,1.0 80,1.0 81,1.0 82,1.0 
85,1.0 134,1.0 
19,2.0 48,2.0 86,2.0 
1,2.0 2,4.0 10,4.0 16,4.0 19,4.0 21,4.0 113,2.0 114,2.0 
88,2.0 
2,2.0 
90,2.0 
5,2.0 91,2.0 
5,4.0 10,2.0 49,2.0 
17,2.0 93,2.0 
10,4.0 17,2.0 18,2.0 75,2.0 101,1.0 107,4.0 109,2.0 152,1.0 155,1.0 
95,2.0 
17,2.0 19,6.0 26,4.0 27,2.0 49,2.0 54,2.0 91,2.0 96,2.0 128,2.0 129,4.0 130,2.0 131,2.0 132,2.0 133,2.0 
97,2.0 
98,2.0 
16,6.0 19,2.0 20,4.0 53,2.0 117,6.0 118,2.0 119,4.0 
100,2.0 
11,2.0 20,2.0 101,2.0 
11,2.0 20,2.0 46,2.0 93,1.0 141,1.0 142,1.0 152,1.0 155,1.0 
10,2.0 103,2.0 104,2.0 
10,2.0 102,2.0 104,2.0 
10,2.0 102,2.0 103,2.0 
106,2.0 
86,2.0 
2,2.0 10,8.0 18,2.0 24,2.0 93,4.0 108,2.0 109,2.0 111,2.0 
2,2.0 5,4.0 10,2.0 107,2.0 
3,2.0 4,2.0 9,2.0 10,2.0 43,2.0 93,2.0 107,2.0 126,2.0 
5,2.0 
10,2.0 24,2.0 107,2.0 
21,2.0 
0,4.0 1,4.0 8,4.0 10,4.0 16,4.0 18,8.0 19,6.0 20,2.0 21,4.0 25,2.0 26,2.0 114,2.0 115,2.0 121,2.0 
113,2.0 115,2.0 151,1.0 152,1.0 153,1.0 154,1.0 
10,2.0 19,2.0 118,2.0 
5,4.0 
16,8.0 19,2.0 20,4.0 98,6.0 114,1.0 115,2.0 118,2.0 119,4.0 151,1.0 
19,4.0 108,4.0 
20,4.0 48,2.0 116,2.0 
2,2.0 10,2.0 16,2.0 19,2.0 86,2.0 
4,2.0 8,2.0 19,4.0 20,2.0 25,4.0 26,4.0 113,2.0 
5,2.0 8,2.0 9,4.0 18,2.0 32,2.0 34,4.0 36,2.0 43,2.0 109,2.0 123,2.0 
5,2.0 8,2.0 18,2.0 122,2.0 
2,2.0 31,2.0 32,2.0 68,2.0 
2,2.0 31,2.0 32,2.0 60,2.0 
3,2.0 4,2.0 72,2.0 127,2.0 
16,2.0 17,2.0 18,2.0 72,2.0 
16,2.0 18,2.0 49,2.0 129,2.0 
16,2.0 18,4.0 25,2.0 49,2.0 50,2.0 128,2.0 130,2.0 
18,2.0 25,2.0 50,2.0 129,2.0 
16,2.0 18,2.0 50,2.0 132,2.0 
16,2.0 18,2.0 50,2.0 131,2.0 
49,2.0 54,2.0 
135,1.0 136,1.0 
136,1.0 137,1.0 138,1.0 
135,1.0 137,1.0 138,1.0 
18,1.0 138,1.0 
18,1.0 137,1.0 140,1.0 142,1.0 156,1.0 157,1.0 158,1.0 159,1.0 160,1.0 
101,1.0 140,1.0 
101,1.0 138,1.0 139,1.0 142,1.0 156,1.0 157,1.0 158,1.0 159,1.0 160,1.0 
142,1.0 143,1.0 144,1.0 
141,1.0 143,1.0 144,1.0 157,1.0 158,1.0 159,1.0 160,1.0 
73,1.0 144,1.0 
73,1.0 143,1.0 
146,1.0 147,1.0 148,1.0 149,1.0 150,1.0 
145,1.0 147,1.0 148,1.0 149,1.0 150,1.0 
145,1.0 146,1.0 148,1.0 149,1.0 150,1.0 
117,1.0 149,1.0 150,1.0 
117,1.0 148,1.0 150,1.0 
117,1.0 148,1.0 149,1.0 
114,1.0 152,1.0 153,1.0 154,1.0 
93,1.0 101,1.0 138,1.0 140,1.0 153,1.0 154,1.0 155,1.0 156,1.0 
93,1.0 101,1.0 152,1.0 154,1.0 
93,1.0 101,1.0 152,1.0 153,1.0 
138,1.0 140,1.0 152,1.0 156,1.0 
138,1.0 140,1.0 142,1.0 157,1.0 158,1.0 159,1.0 160,1.0 
142,1.0 158,1.0 159,1.0 160,1.0 
142,1.0 157,1.0 159,1.0 160,1.0 
142,1.0 157,1.0 158,1.0 160,1.0 
142,1.0 157,1.0 158,1.0 159,1.0 
