1,5.0 2,7.0 3,3.0 4,3.0 5,3.0 17,2.0 18,2.0 22,2.0 26,2.0 85,2.0 117,2.0 138,1.0 140,2.0 142,2.0 159,2.0 166,2.0 211,2.0 212,2.0 213,2.0 217,2.0 218,1.0 221,1.0 223,2.0 224,3.0 225,1.0 227,2.0 228,2.0 285,1.0 
0,5.0 2,9.0 3,3.0 4,3.0 5,3.0 140,2.0 143,2.0 145,2.0 148,2.0 154,2.0 155,2.0 157,2.0 158,2.0 211,2.0 212,2.0 213,2.0 223,2.0 224,2.0 229,2.0 230,2.0 
0,7.0 1,9.0 3,3.0 4,3.0 5,3.0 24,2.0 45,1.0 138,1.0 140,2.0 141,3.0 143,2.0 145,2.0 148,2.0 154,2.0 155,2.0 157,2.0 158,2.0 173,2.0 211,2.0 212,2.0 213,2.0 218,1.0 221,4.0 223,2.0 224,3.0 225,3.0 229,2.0 230,2.0 281,1.0 285,1.0 
4,5.0 5,3.0 6,3.0 7,7.0 54,2.0 112,2.0 116,2.0 129,2.0 130,2.0 131,2.0 132,2.0 133,2.0 134,4.0 174,2.0 198,2.0 199,2.0 
3,5.0 5,3.0 6,3.0 7,3.0 174,2.0 
3,3.0 4,3.0 6,3.0 7,3.0 
7,3.0 8,3.0 9,3.0 10,3.0 15,2.0 49,2.0 66,2.0 93,2.0 95,2.0 96,2.0 
3,4.0 6,3.0 7,2.0 8,3.0 9,3.0 10,3.0 54,2.0 116,4.0 131,2.0 132,4.0 133,4.0 134,4.0 136,2.0 137,2.0 
9,6.0 10,3.0 11,3.0 12,5.0 25,3.0 27,3.0 43,3.0 69,3.0 75,3.0 76,3.0 112,2.0 113,2.0 114,2.0 
8,6.0 10,5.0 11,3.0 12,6.0 25,3.0 27,3.0 43,3.0 51,3.0 54,3.0 55,3.0 69,3.0 75,3.0 76,3.0 175,2.0 
0,1.0 1,1.0 2,1.0 8,3.0 9,5.0 11,11.0 12,3.0 13,12.0 14,5.0 15,3.0 16,3.0 17,2.0 18,2.0 23,3.0 47,3.0 48,3.0 49,3.0 65,3.0 66,3.0 83,3.0 84,3.0 85,3.0 86,2.0 87,2.0 88,2.0 109,2.0 110,2.0 128,2.0 175,2.0 176,2.0 
10,8.0 12,5.0 13,10.0 14,3.0 15,3.0 16,6.0 17,5.0 18,5.0 19,3.0 20,3.0 21,3.0 23,3.0 49,2.0 65,3.0 66,7.0 93,2.0 94,6.0 109,2.0 110,2.0 114,2.0 128,2.0 
8,2.0 10,3.0 11,5.0 13,5.0 14,3.0 40,3.0 54,3.0 56,3.0 57,3.0 58,3.0 59,3.0 60,3.0 66,2.0 94,2.0 112,2.0 113,2.0 114,2.0 
0,1.0 1,1.0 2,1.0 3,2.0 10,9.0 11,10.0 12,2.0 14,3.0 15,3.0 16,3.0 23,3.0 49,5.0 50,3.0 51,3.0 52,3.0 65,3.0 66,5.0 83,3.0 84,3.0 85,3.0 86,2.0 87,2.0 88,2.0 93,2.0 94,4.0 110,2.0 198,2.0 199,2.0 
10,5.0 11,3.0 13,3.0 15,3.0 176,2.0 185,4.0 186,4.0 187,4.0 
7,2.0 11,3.0 16,3.0 17,3.0 18,3.0 19,3.0 20,3.0 21,3.0 
16,7.0 17,13.0 18,15.0 19,27.0 20,8.0 21,3.0 22,36.0 23,28.0 24,16.0 25,10.0 26,13.0 27,15.0 28,9.0 29,15.0 30,3.0 31,3.0 32,3.0 33,5.0 34,9.0 35,3.0 61,4.0 62,7.0 63,9.0 64,7.0 67,3.0 68,3.0 71,2.0 97,2.0 167,2.0 169,6.0 170,4.0 177,4.0 
0,2.0 16,17.0 17,10.0 18,35.0 19,15.0 20,18.0 21,3.0 22,9.0 23,13.0 24,9.0 25,10.0 26,6.0 27,7.0 28,4.0 29,3.0 30,16.0 31,6.0 33,12.0 34,10.0 36,3.0 37,3.0 39,10.0 41,2.0 42,2.0 59,10.0 62,13.0 63,7.0 64,13.0 67,3.0 68,3.0 77,3.0 78,3.0 91,4.0 97,6.0 98,4.0 102,2.0 103,6.0 117,2.0 121,14.0 159,2.0 164,6.0 167,10.0 168,2.0 169,4.0 193,6.0 203,2.0 204,2.0 205,2.0 217,2.0 227,2.0 228,2.0 
0,2.0 16,26.0 17,48.0 18,13.0 19,16.0 20,31.0 21,3.0 22,14.0 23,9.0 24,9.0 26,6.0 27,7.0 28,4.0 29,3.0 30,4.0 31,12.0 34,11.0 36,3.0 37,3.0 38,2.0 39,2.0 40,12.0 41,12.0 42,2.0 58,8.0 61,7.0 62,18.0 63,10.0 64,13.0 67,3.0 68,3.0 77,3.0 78,3.0 102,2.0 103,6.0 159,4.0 165,2.0 167,8.0 168,12.0 169,4.0 179,2.0 193,8.0 203,2.0 204,2.0 205,2.0 217,2.0 227,2.0 228,2.0 
2,2.0 11,4.0 12,2.0 13,2.0 16,27.0 17,6.0 18,8.0 19,23.0 20,8.0 21,3.0 22,28.0 23,33.0 24,72.0 25,8.0 26,9.0 27,9.0 28,13.0 29,13.0 30,3.0 31,3.0 32,3.0 33,3.0 34,17.0 35,3.0 40,2.0 41,2.0 61,6.0 62,7.0 63,13.0 64,5.0 66,2.0 71,2.0 82,4.0 97,10.0 98,48.0 99,2.0 103,2.0 120,2.0 121,2.0 122,2.0 123,12.0 164,4.0 165,4.0 166,4.0 169,10.0 170,2.0 172,4.0 258,40.0 259,2.0 260,2.0 261,2.0 262,2.0 263,2.0 264,2.0 265,2.0 266,2.0 267,2.0 268,2.0 269,2.0 270,2.0 271,2.0 272,2.0 273,2.0 274,2.0 276,10.0 278,1.0 279,1.0 
16,20.0 17,21.0 18,25.0 19,24.0 20,3.0 21,3.0 22,16.0 23,13.0 24,3.0 26,6.0 27,3.0 28,8.0 29,3.0 30,12.0 31,4.0 32,4.0 34,9.0 38,2.0 39,8.0 40,6.0 41,6.0 58,8.0 61,5.0 62,6.0 63,8.0 64,3.0 97,8.0 98,4.0 101,2.0 103,16.0 164,10.0 165,2.0 167,10.0 168,2.0 169,2.0 172,4.0 
16,6.0 17,3.0 18,3.0 19,6.0 20,3.0 22,3.0 23,3.0 24,3.0 
0,2.0 10,2.0 11,2.0 16,18.0 17,4.0 18,6.0 19,10.0 20,4.0 22,33.0 23,14.0 24,36.0 25,11.0 26,28.0 27,12.0 28,42.0 29,20.0 30,19.0 31,13.0 32,3.0 33,16.0 34,57.0 35,6.0 38,8.0 39,2.0 40,2.0 41,2.0 58,4.0 61,27.0 62,12.0 63,14.0 64,13.0 67,6.0 69,6.0 70,3.0 71,6.0 72,3.0 73,6.0 76,3.0 78,3.0 79,3.0 82,62.0 97,6.0 98,22.0 100,2.0 101,4.0 102,2.0 103,30.0 104,6.0 109,2.0 110,2.0 117,2.0 121,2.0 123,4.0 128,2.0 140,2.0 142,2.0 151,2.0 164,30.0 165,66.0 166,58.0 167,30.0 168,8.0 169,6.0 170,10.0 172,2.0 177,4.0 178,2.0 193,2.0 195,2.0 222,2.0 223,2.0 224,2.0 232,2.0 257,2.0 
16,23.0 17,5.0 18,5.0 19,32.0 22,29.0 23,2.0 24,21.0 25,10.0 26,11.0 27,8.0 28,13.0 29,12.0 30,3.0 31,3.0 32,3.0 33,3.0 34,19.0 35,3.0 40,2.0 41,2.0 61,6.0 62,4.0 63,2.0 64,2.0 67,3.0 68,3.0 71,2.0 82,4.0 97,14.0 98,10.0 99,2.0 117,2.0 118,2.0 119,2.0 120,2.0 121,2.0 122,2.0 123,2.0 164,4.0 165,4.0 166,4.0 167,2.0 169,2.0 170,4.0 
2,2.0 11,4.0 12,2.0 13,2.0 16,8.0 17,6.0 18,2.0 19,56.0 20,4.0 22,36.0 23,10.0 24,31.0 25,7.0 26,12.0 27,7.0 28,38.0 29,3.0 30,15.0 31,3.0 32,7.0 33,6.0 34,40.0 35,8.0 38,14.0 39,8.0 41,2.0 58,2.0 59,4.0 61,2.0 62,6.0 63,16.0 64,8.0 66,2.0 97,4.0 98,52.0 99,4.0 100,4.0 101,4.0 102,2.0 104,2.0 118,20.0 122,2.0 123,14.0 164,8.0 167,4.0 169,16.0 170,4.0 173,2.0 258,40.0 259,2.0 260,2.0 261,2.0 262,2.0 263,2.0 264,2.0 265,2.0 266,2.0 267,2.0 268,2.0 269,2.0 270,2.0 271,2.0 272,2.0 273,2.0 274,2.0 276,10.0 278,1.0 279,1.0 
16,2.0 17,19.0 18,7.0 20,4.0 22,6.0 24,4.0 25,4.0 26,23.0 27,23.0 28,13.0 29,18.0 30,25.0 31,5.0 32,3.0 34,6.0 39,12.0 40,5.0 41,3.0 56,4.0 57,2.0 58,2.0 59,6.0 61,2.0 62,2.0 64,2.0 77,3.0 78,3.0 82,6.0 98,4.0 100,6.0 102,2.0 103,2.0 104,2.0 121,2.0 122,4.0 142,2.0 164,6.0 167,4.0 168,2.0 169,2.0 170,12.0 193,2.0 200,4.0 201,2.0 226,2.0 257,2.0 
0,2.0 10,3.0 13,3.0 16,19.0 17,9.0 18,15.0 19,13.0 20,8.0 22,11.0 23,13.0 24,3.0 25,14.0 26,10.0 27,16.0 28,32.0 29,8.0 30,40.0 31,42.0 32,16.0 33,4.0 34,2.0 35,2.0 36,3.0 37,3.0 39,10.0 40,7.0 41,5.0 58,2.0 61,2.0 67,2.0 80,3.0 81,3.0 82,17.0 83,3.0 84,3.0 85,7.0 97,2.0 99,2.0 102,2.0 117,2.0 118,2.0 119,2.0 120,2.0 121,4.0 142,2.0 151,2.0 159,2.0 163,2.0 164,4.0 165,4.0 166,2.0 167,6.0 168,8.0 170,2.0 177,2.0 179,2.0 182,2.0 183,2.0 193,10.0 194,2.0 195,2.0 196,2.0 202,6.0 203,4.0 205,4.0 210,2.0 217,2.0 226,2.0 227,2.0 228,2.0 231,2.0 
10,3.0 11,3.0 13,3.0 16,2.0 17,7.0 18,12.0 20,7.0 25,25.0 26,27.0 27,5.0 28,11.0 29,24.0 30,11.0 31,5.0 32,3.0 39,2.0 40,8.0 41,8.0 51,2.0 55,2.0 56,4.0 57,2.0 58,9.0 59,4.0 62,20.0 63,14.0 64,20.0 65,3.0 66,3.0 76,4.0 77,3.0 78,3.0 80,2.0 81,2.0 82,8.0 83,2.0 84,6.0 85,2.0 100,4.0 102,6.0 122,2.0 129,2.0 130,2.0 142,2.0 167,4.0 168,4.0 169,2.0 170,4.0 177,2.0 193,2.0 200,10.0 201,2.0 205,4.0 209,2.0 210,2.0 221,2.0 226,2.0 
16,9.0 17,3.0 18,13.0 19,11.0 20,8.0 22,27.0 23,11.0 24,23.0 25,6.0 26,35.0 27,8.0 28,15.0 29,8.0 30,33.0 31,25.0 32,26.0 34,2.0 38,12.0 39,14.0 40,9.0 41,7.0 58,2.0 62,2.0 64,2.0 82,24.0 98,2.0 102,2.0 103,18.0 104,2.0 118,20.0 120,2.0 121,2.0 164,26.0 165,22.0 166,22.0 167,14.0 168,6.0 171,2.0 193,2.0 194,2.0 195,2.0 
10,3.0 11,3.0 13,3.0 18,3.0 19,2.0 20,5.0 22,8.0 24,2.0 25,18.0 26,15.0 27,24.0 28,15.0 29,3.0 30,9.0 31,5.0 32,3.0 34,6.0 40,8.0 41,6.0 56,4.0 57,2.0 58,3.0 59,6.0 61,2.0 62,14.0 63,14.0 64,14.0 65,3.0 66,3.0 82,2.0 98,6.0 100,8.0 104,8.0 122,4.0 123,2.0 164,2.0 167,2.0 170,10.0 195,2.0 200,2.0 232,2.0 257,4.0 258,2.0 
16,11.0 17,15.0 18,9.0 19,13.0 20,16.0 22,9.0 23,13.0 24,7.0 25,14.0 26,37.0 27,4.0 28,27.0 30,31.0 31,23.0 32,15.0 33,2.0 34,40.0 36,3.0 37,3.0 38,28.0 39,50.0 40,6.0 41,4.0 58,4.0 61,2.0 62,2.0 63,10.0 64,2.0 82,10.0 97,2.0 98,2.0 101,2.0 102,2.0 103,12.0 117,6.0 118,30.0 120,2.0 121,18.0 125,4.0 142,4.0 164,24.0 165,4.0 167,2.0 168,8.0 170,2.0 171,2.0 188,4.0 193,4.0 194,2.0 200,2.0 201,2.0 202,2.0 
16,11.0 17,17.0 18,21.0 19,5.0 20,14.0 22,23.0 23,5.0 24,9.0 26,31.0 28,9.0 30,17.0 31,5.0 32,21.0 34,8.0 36,3.0 37,3.0 38,2.0 39,14.0 56,2.0 59,2.0 61,6.0 67,2.0 68,2.0 91,4.0 97,2.0 100,2.0 103,6.0 122,2.0 159,2.0 165,2.0 167,12.0 168,14.0 171,2.0 179,2.0 203,2.0 204,2.0 
16,3.0 17,7.0 18,3.0 19,3.0 20,10.0 22,9.0 23,3.0 24,9.0 26,12.0 28,13.0 30,12.0 31,24.0 34,6.0 39,14.0 56,2.0 59,2.0 100,2.0 103,6.0 122,2.0 164,4.0 167,6.0 171,4.0 
17,14.0 22,9.0 24,3.0 26,11.0 28,3.0 30,7.0 31,21.0 32,11.0 33,8.0 34,3.0 35,15.0 38,8.0 39,8.0 59,10.0 67,2.0 68,2.0 82,2.0 99,6.0 103,4.0 117,10.0 118,2.0 119,2.0 121,10.0 156,2.0 164,6.0 165,8.0 166,4.0 168,2.0 171,2.0 178,2.0 195,2.0 
10,2.0 11,2.0 16,2.0 17,8.0 18,2.0 19,4.0 20,10.0 22,54.0 23,6.0 24,37.0 25,4.0 26,11.0 27,7.0 28,13.0 29,11.0 30,53.0 31,3.0 32,3.0 33,3.0 34,22.0 35,5.0 38,40.0 39,12.0 41,2.0 58,4.0 59,4.0 61,17.0 62,12.0 63,16.0 64,13.0 82,2.0 97,6.0 98,28.0 99,6.0 100,6.0 101,6.0 102,2.0 103,10.0 104,8.0 109,2.0 110,2.0 118,30.0 121,6.0 122,2.0 123,8.0 128,2.0 164,12.0 165,10.0 167,4.0 168,2.0 169,6.0 170,6.0 172,2.0 193,2.0 195,2.0 202,2.0 232,2.0 257,2.0 
22,3.0 24,3.0 26,5.0 28,3.0 30,3.0 31,11.0 32,11.0 33,13.0 34,3.0 38,10.0 39,8.0 58,2.0 82,2.0 99,4.0 101,2.0 102,2.0 104,2.0 164,2.0 165,2.0 171,2.0 195,2.0 
33,6.0 35,6.0 37,7.0 38,6.0 217,1.0 224,1.0 265,1.0 316,1.0 
33,6.0 35,6.0 36,7.0 38,6.0 217,1.0 224,1.0 265,1.0 316,1.0 
10,2.0 11,2.0 20,10.0 22,8.0 24,12.0 26,2.0 28,16.0 30,34.0 31,8.0 32,12.0 33,8.0 34,36.0 35,10.0 38,10.0 39,22.0 58,2.0 61,8.0 82,2.0 99,2.0 101,2.0 102,2.0 103,4.0 104,2.0 109,2.0 110,2.0 118,38.0 121,2.0 128,2.0 164,10.0 165,8.0 168,2.0 171,2.0 
17,16.0 18,4.0 20,16.0 22,8.0 24,14.0 25,10.0 26,4.0 28,8.0 30,34.0 31,16.0 32,14.0 34,18.0 38,10.0 39,10.0 56,2.0 59,2.0 61,4.0 63,10.0 82,4.0 100,2.0 103,10.0 118,12.0 121,16.0 122,2.0 164,10.0 165,2.0 167,6.0 168,8.0 171,4.0 193,2.0 202,2.0 
16,5.0 17,7.0 18,24.0 19,7.0 20,12.0 22,11.0 23,4.0 24,4.0 26,2.0 28,2.0 30,2.0 34,7.0 40,5.0 41,26.0 42,3.0 43,3.0 56,3.0 57,3.0 58,14.0 59,3.0 60,3.0 61,11.0 62,5.0 63,3.0 67,6.0 69,6.0 70,3.0 76,3.0 78,3.0 82,2.0 102,2.0 193,2.0 
16,5.0 17,9.0 18,19.0 19,5.0 20,9.0 22,13.0 23,2.0 24,6.0 34,9.0 40,21.0 42,3.0 43,3.0 58,8.0 61,11.0 62,5.0 63,3.0 67,6.0 69,6.0 70,3.0 76,3.0 78,3.0 98,2.0 102,4.0 167,2.0 193,2.0 352,1.0 
22,2.0 43,3.0 44,3.0 45,3.0 46,3.0 75,1.0 76,1.0 84,2.0 85,6.0 121,2.0 138,1.0 145,2.0 157,1.0 193,2.0 205,2.0 210,4.0 215,2.0 216,2.0 217,1.0 218,3.0 224,1.0 231,8.0 239,4.0 240,2.0 241,2.0 242,4.0 243,4.0 244,2.0 245,2.0 246,2.0 247,2.0 296,3.0 
8,6.0 9,6.0 25,3.0 27,3.0 42,3.0 43,3.0 44,5.0 45,3.0 46,3.0 56,3.0 57,3.0 69,6.0 74,3.0 75,6.0 76,6.0 138,1.0 224,1.0 281,2.0 291,1.0 314,2.0 
10,3.0 42,2.0 45,3.0 46,4.0 47,3.0 48,3.0 141,4.0 156,3.0 159,4.0 162,2.0 163,2.0 220,3.0 221,9.0 231,3.0 238,3.0 242,5.0 280,2.0 281,7.0 282,3.0 320,2.0 321,1.0 392,1.0 
2,1.0 10,3.0 44,3.0 46,3.0 47,3.0 48,3.0 141,1.0 221,1.0 225,1.0 
10,3.0 44,3.0 45,3.0 47,3.0 48,3.0 141,1.0 221,1.0 392,1.0 409,1.0 
10,3.0 13,5.0 48,3.0 49,3.0 110,2.0 128,2.0 197,2.0 
10,3.0 13,3.0 47,3.0 49,3.0 
6,2.0 11,2.0 13,5.0 50,3.0 51,3.0 52,3.0 66,2.0 93,6.0 94,2.0 95,2.0 96,2.0 112,2.0 113,2.0 115,2.0 116,2.0 
51,3.0 52,3.0 53,3.0 54,3.0 
9,3.0 12,3.0 33,2.0 50,3.0 52,3.0 53,3.0 54,10.0 55,7.0 76,2.0 84,2.0 109,2.0 112,2.0 128,2.0 133,2.0 165,2.0 198,2.0 205,2.0 210,2.0 
50,3.0 51,3.0 53,3.0 54,3.0 
9,3.0 51,3.0 54,3.0 55,3.0 89,2.0 90,2.0 91,2.0 92,2.0 
3,2.0 9,3.0 12,3.0 25,2.0 27,2.0 30,2.0 40,3.0 51,3.0 53,3.0 55,3.0 56,3.0 57,3.0 58,3.0 59,3.0 60,3.0 82,2.0 109,2.0 112,2.0 129,2.0 130,2.0 135,2.0 200,2.0 201,2.0 
9,3.0 12,3.0 33,2.0 51,7.0 54,5.0 76,2.0 84,2.0 109,2.0 128,2.0 165,2.0 205,2.0 210,2.0 
8,3.0 9,3.0 18,3.0 20,3.0 26,2.0 28,2.0 30,2.0 40,6.0 41,3.0 43,6.0 57,8.0 58,6.0 59,9.0 60,3.0 62,2.0 63,4.0 64,4.0 69,3.0 74,3.0 75,3.0 76,3.0 100,6.0 122,4.0 123,2.0 164,2.0 169,4.0 
8,3.0 9,3.0 18,3.0 20,3.0 40,6.0 41,3.0 43,6.0 56,8.0 58,6.0 59,5.0 60,3.0 62,2.0 63,2.0 64,2.0 69,3.0 74,3.0 75,3.0 76,3.0 100,2.0 169,2.0 
16,7.0 17,7.0 18,18.0 19,5.0 20,16.0 22,7.0 24,8.0 25,2.0 26,2.0 27,2.0 30,2.0 34,11.0 40,14.0 41,11.0 56,3.0 57,3.0 58,5.0 59,3.0 60,3.0 61,3.0 62,3.0 63,5.0 96,2.0 98,2.0 99,2.0 101,8.0 102,14.0 103,4.0 105,2.0 123,2.0 164,2.0 167,2.0 169,2.0 276,2.0 277,2.0 
17,10.0 18,3.0 19,2.0 20,3.0 23,2.0 26,2.0 28,2.0 30,4.0 33,12.0 40,6.0 41,3.0 56,9.0 57,5.0 58,8.0 59,6.0 60,3.0 62,2.0 63,6.0 64,4.0 93,2.0 98,2.0 100,18.0 101,4.0 102,2.0 103,4.0 117,2.0 121,10.0 122,8.0 123,4.0 124,2.0 164,4.0 169,6.0 257,2.0 276,2.0 
18,3.0 20,3.0 40,6.0 41,3.0 56,3.0 57,3.0 58,6.0 59,3.0 285,1.0 332,1.0 333,1.0 335,1.0 
10,2.0 11,2.0 16,2.0 19,2.0 22,31.0 23,2.0 24,2.0 25,4.0 26,8.0 27,5.0 28,4.0 29,7.0 30,6.0 33,2.0 34,17.0 38,10.0 39,2.0 40,2.0 61,6.0 62,14.0 63,6.0 64,5.0 67,6.0 69,6.0 70,3.0 71,8.0 72,3.0 73,6.0 76,3.0 78,3.0 79,3.0 82,8.0 109,2.0 110,2.0 121,2.0 128,2.0 165,14.0 166,2.0 168,2.0 193,2.0 202,2.0 
10,3.0 11,3.0 13,3.0 18,5.0 20,3.0 22,7.0 24,2.0 25,8.0 26,4.0 27,31.0 28,6.0 29,21.0 30,6.0 34,5.0 40,13.0 41,11.0 58,7.0 61,7.0 62,8.0 63,24.0 64,35.0 65,3.0 66,3.0 82,2.0 102,4.0 169,4.0 170,2.0 200,2.0 205,2.0 221,2.0 275,2.0 
10,3.0 11,3.0 13,3.0 16,2.0 18,3.0 19,10.0 20,3.0 22,9.0 23,2.0 24,10.0 25,12.0 26,4.0 27,25.0 29,27.0 30,10.0 34,11.0 38,2.0 39,10.0 40,3.0 41,3.0 58,7.0 61,3.0 62,24.0 63,14.0 64,25.0 65,3.0 66,3.0 98,6.0 101,2.0 102,4.0 104,4.0 121,12.0 123,18.0 164,2.0 169,22.0 170,8.0 200,2.0 275,2.0 276,12.0 277,2.0 278,1.0 279,1.0 
10,3.0 11,3.0 13,3.0 18,5.0 20,3.0 22,4.0 24,2.0 25,12.0 26,2.0 27,26.0 28,2.0 29,22.0 30,2.0 34,4.0 40,11.0 41,11.0 58,7.0 62,30.0 63,22.0 64,3.0 65,3.0 66,3.0 98,2.0 102,4.0 104,2.0 123,2.0 169,10.0 170,10.0 200,2.0 205,2.0 221,2.0 232,2.0 275,2.0 
10,3.0 11,3.0 13,3.0 16,3.0 23,3.0 66,3.0 
6,2.0 10,3.0 11,5.0 13,3.0 16,3.0 19,2.0 23,3.0 24,2.0 49,2.0 65,3.0 93,2.0 94,4.0 95,2.0 96,2.0 98,2.0 114,2.0 258,2.0 
17,3.0 18,3.0 22,8.0 31,2.0 61,8.0 62,3.0 64,3.0 68,5.0 69,6.0 70,4.0 71,6.0 72,3.0 73,6.0 76,3.0 78,3.0 79,5.0 138,1.0 168,2.0 193,2.0 202,2.0 203,2.0 205,2.0 206,2.0 208,2.0 210,2.0 224,1.0 390,1.0 391,1.0 
17,3.0 18,3.0 22,2.0 31,2.0 61,2.0 62,3.0 64,3.0 67,5.0 168,2.0 
8,3.0 9,3.0 22,6.0 25,3.0 27,3.0 42,2.0 43,3.0 61,6.0 67,6.0 70,3.0 71,6.0 72,3.0 73,6.0 75,3.0 76,8.0 78,3.0 79,3.0 83,2.0 85,6.0 143,2.0 144,2.0 145,4.0 148,2.0 149,3.0 203,2.0 205,2.0 214,4.0 223,1.0 231,8.0 234,2.0 236,2.0 239,2.0 244,2.0 248,2.0 249,2.0 282,1.0 407,1.0 
22,3.0 61,3.0 67,4.0 69,3.0 71,3.0 72,3.0 73,3.0 83,1.0 138,1.0 139,1.0 205,1.0 210,2.0 211,2.0 219,1.0 223,1.0 224,1.0 225,3.0 231,3.0 237,1.0 247,1.0 248,1.0 281,3.0 285,1.0 286,1.0 317,1.0 363,1.0 390,1.0 391,1.0 
16,2.0 19,2.0 22,2.0 23,2.0 25,2.0 26,3.0 29,2.0 43,3.0 56,3.0 57,3.0 61,4.0 62,2.0 72,3.0 73,6.0 74,3.0 79,3.0 80,3.0 81,3.0 82,3.0 
43,3.0 56,3.0 57,3.0 71,3.0 73,3.0 74,3.0 
26,3.0 43,3.0 56,3.0 57,3.0 71,6.0 72,3.0 74,3.0 79,3.0 80,3.0 81,3.0 82,3.0 
8,3.0 9,3.0 43,6.0 56,3.0 57,3.0 69,3.0 75,3.0 76,3.0 
8,3.0 9,3.0 25,3.0 27,3.0 42,1.0 43,3.0 69,3.0 76,4.0 138,1.0 139,1.0 219,1.0 224,1.0 242,1.0 288,1.0 289,3.0 
0,2.0 1,2.0 2,2.0 8,3.0 9,3.0 22,5.0 24,2.0 25,3.0 27,3.0 33,2.0 34,2.0 42,1.0 43,3.0 51,2.0 55,2.0 61,3.0 67,3.0 69,8.0 71,3.0 73,3.0 75,4.0 78,3.0 79,3.0 83,2.0 84,6.0 85,4.0 98,2.0 129,2.0 130,2.0 138,1.0 144,2.0 145,4.0 154,2.0 156,2.0 165,2.0 203,2.0 205,2.0 210,2.0 214,2.0 224,2.0 225,3.0 231,6.0 234,2.0 236,2.0 242,1.0 248,2.0 249,2.0 256,2.0 
17,3.0 18,3.0 62,3.0 64,3.0 78,3.0 
17,3.0 18,3.0 22,3.0 61,3.0 62,3.0 64,3.0 67,3.0 69,3.0 71,3.0 73,3.0 76,3.0 77,3.0 79,3.0 
26,3.0 27,2.0 71,3.0 73,3.0 80,5.0 81,5.0 82,3.0 200,2.0 206,2.0 208,2.0 
10,3.0 13,3.0 26,3.0 27,2.0 76,2.0 81,5.0 82,3.0 83,5.0 84,5.0 85,5.0 129,2.0 130,2.0 200,2.0 
10,3.0 13,3.0 26,3.0 27,2.0 76,2.0 80,5.0 82,3.0 83,5.0 84,5.0 85,5.0 129,2.0 130,2.0 200,2.0 
10,3.0 13,3.0 18,10.0 19,2.0 20,2.0 22,54.0 23,2.0 25,2.0 26,21.0 27,4.0 28,26.0 30,10.0 31,8.0 34,2.0 39,8.0 40,4.0 41,2.0 61,2.0 67,2.0 80,3.0 81,3.0 82,28.0 83,3.0 84,3.0 85,7.0 103,26.0 121,2.0 151,2.0 163,2.0 164,28.0 165,54.0 166,54.0 167,26.0 168,18.0 193,6.0 195,2.0 196,2.0 200,4.0 201,2.0 202,6.0 203,4.0 205,4.0 210,2.0 231,2.0 
0,3.0 1,3.0 2,3.0 10,3.0 13,3.0 42,4.0 69,2.0 70,1.0 76,2.0 84,5.0 85,15.0 86,2.0 87,2.0 88,2.0 129,2.0 130,2.0 138,2.0 140,1.0 143,4.0 144,3.0 145,2.0 146,2.0 147,2.0 148,4.0 149,2.0 150,2.0 151,4.0 154,2.0 155,2.0 156,5.0 157,2.0 158,2.0 159,2.0 160,2.0 210,2.0 214,2.0 223,1.0 225,1.0 231,8.0 237,1.0 239,4.0 240,2.0 241,2.0 242,2.0 244,2.0 247,1.0 285,1.0 286,4.0 
0,3.0 1,3.0 2,3.0 10,3.0 13,3.0 22,2.0 24,2.0 27,2.0 33,2.0 34,2.0 51,4.0 55,4.0 76,8.0 83,5.0 84,2.0 85,5.0 86,2.0 87,2.0 88,2.0 98,2.0 103,2.0 129,2.0 130,2.0 144,2.0 145,2.0 151,2.0 154,2.0 156,2.0 161,2.0 162,2.0 164,2.0 165,2.0 200,2.0 205,4.0 209,2.0 210,4.0 224,1.0 225,3.0 231,2.0 256,2.0 285,2.0 295,4.0 
0,3.0 1,3.0 2,3.0 10,3.0 13,3.0 16,2.0 19,2.0 23,2.0 42,8.0 43,2.0 61,2.0 69,4.0 71,2.0 76,2.0 83,15.0 84,5.0 85,12.0 86,2.0 87,2.0 88,2.0 129,2.0 130,2.0 143,8.0 144,4.0 145,6.0 146,2.0 147,2.0 148,2.0 149,2.0 150,2.0 151,2.0 154,4.0 155,4.0 156,4.0 193,2.0 202,2.0 203,4.0 205,12.0 206,2.0 207,2.0 208,2.0 210,6.0 214,4.0 215,4.0 216,10.0 224,1.0 225,3.0 229,4.0 231,32.0 234,4.0 235,2.0 236,4.0 237,4.0 238,4.0 239,8.0 240,4.0 241,4.0 242,4.0 243,6.0 244,4.0 245,2.0 246,2.0 247,2.0 250,2.0 251,2.0 252,2.0 253,2.0 254,2.0 255,2.0 
53,2.0 87,2.0 88,2.0 89,2.0 90,2.0 
53,2.0 86,2.0 88,2.0 89,2.0 90,2.0 141,2.0 151,1.0 196,1.0 221,2.0 
53,2.0 86,2.0 87,2.0 89,2.0 90,2.0 
53,2.0 90,2.0 91,2.0 92,2.0 
53,2.0 89,2.0 91,2.0 92,4.0 109,2.0 110,2.0 111,2.0 
11,2.0 13,2.0 22,4.0 33,4.0 49,2.0 92,2.0 
8,2.0 11,2.0 12,2.0 13,2.0 49,2.0 91,2.0 111,2.0 112,2.0 
6,2.0 19,2.0 23,4.0 34,2.0 49,2.0 66,2.0 94,2.0 95,2.0 96,2.0 97,4.0 98,2.0 113,2.0 117,2.0 118,2.0 119,2.0 124,2.0 125,2.0 126,2.0 127,2.0 
6,2.0 19,4.0 24,4.0 49,2.0 66,4.0 93,2.0 95,2.0 98,4.0 114,2.0 258,4.0 
6,2.0 49,2.0 66,2.0 93,2.0 96,2.0 
19,2.0 23,2.0 34,2.0 93,2.0 97,2.0 98,2.0 105,2.0 106,2.0 107,2.0 108,2.0 
2,2.0 16,2.0 17,2.0 19,12.0 22,12.0 23,16.0 24,8.0 28,4.0 29,2.0 34,10.0 64,2.0 82,4.0 98,6.0 99,2.0 117,2.0 118,2.0 119,2.0 164,4.0 165,4.0 166,4.0 167,2.0 170,2.0 172,2.0 
11,4.0 12,2.0 13,2.0 17,4.0 19,48.0 20,4.0 22,22.0 23,10.0 24,54.0 25,4.0 28,2.0 29,6.0 30,2.0 34,30.0 41,2.0 58,2.0 63,4.0 64,2.0 66,2.0 97,6.0 98,18.0 99,2.0 100,2.0 101,2.0 102,2.0 103,4.0 104,6.0 120,2.0 121,2.0 122,2.0 123,6.0 164,2.0 167,4.0 169,2.0 170,4.0 172,2.0 195,2.0 257,2.0 258,40.0 259,2.0 260,2.0 261,2.0 262,2.0 263,2.0 264,2.0 265,2.0 266,2.0 267,2.0 268,2.0 269,2.0 270,2.0 271,2.0 272,2.0 273,2.0 274,2.0 
24,4.0 26,2.0 31,2.0 32,2.0 33,4.0 34,4.0 35,6.0 38,4.0 39,2.0 59,2.0 82,2.0 100,2.0 101,2.0 104,2.0 164,2.0 165,2.0 171,2.0 195,2.0 
19,4.0 23,2.0 24,2.0 26,2.0 28,2.0 29,2.0 30,2.0 56,6.0 57,2.0 58,2.0 59,18.0 62,2.0 63,6.0 64,4.0 93,2.0 98,4.0 100,2.0 101,4.0 102,2.0 103,2.0 104,2.0 122,8.0 123,4.0 124,2.0 164,2.0 169,6.0 257,4.0 258,2.0 276,2.0 
19,4.0 20,2.0 22,4.0 23,2.0 24,4.0 30,2.0 34,4.0 58,12.0 59,4.0 63,2.0 98,4.0 100,4.0 102,8.0 103,4.0 123,2.0 164,2.0 169,2.0 276,2.0 277,2.0 
16,4.0 17,6.0 18,6.0 19,2.0 20,2.0 22,2.0 24,8.0 25,2.0 26,2.0 27,2.0 34,6.0 40,2.0 41,4.0 58,14.0 63,2.0 96,2.0 98,2.0 99,2.0 101,4.0 102,2.0 103,2.0 105,2.0 123,2.0 167,4.0 169,2.0 276,2.0 277,2.0 
17,12.0 18,12.0 19,4.0 20,14.0 22,26.0 24,2.0 25,2.0 28,10.0 30,6.0 31,6.0 33,4.0 34,8.0 39,4.0 58,4.0 59,2.0 82,22.0 84,2.0 97,2.0 98,4.0 99,2.0 101,2.0 102,2.0 117,2.0 121,4.0 164,40.0 165,22.0 166,22.0 167,18.0 168,6.0 172,4.0 
19,2.0 22,4.0 24,2.0 25,2.0 28,2.0 29,8.0 34,4.0 35,2.0 38,2.0 58,2.0 59,2.0 63,2.0 98,6.0 100,4.0 101,2.0 102,2.0 122,2.0 123,2.0 170,2.0 195,2.0 257,4.0 258,2.0 
96,2.0 106,2.0 107,2.0 108,2.0 
90,2.0 107,2.0 108,2.0 109,2.0 110,2.0 
90,2.0 106,2.0 108,2.0 109,2.0 110,2.0 
90,2.0 106,2.0 107,2.0 109,2.0 110,2.0 
3,2.0 10,2.0 11,2.0 17,2.0 18,2.0 54,2.0 90,2.0 92,2.0 110,4.0 111,2.0 128,2.0 129,2.0 130,2.0 
3,2.0 10,2.0 11,2.0 13,2.0 17,2.0 18,2.0 90,2.0 92,2.0 109,4.0 111,2.0 128,2.0 198,2.0 199,2.0 
8,2.0 12,2.0 92,2.0 112,2.0 
8,2.0 12,2.0 25,2.0 27,2.0 30,2.0 49,2.0 51,2.0 54,2.0 82,2.0 93,2.0 113,4.0 114,2.0 115,2.0 116,2.0 133,2.0 134,2.0 198,2.0 200,2.0 201,2.0 
23,2.0 49,2.0 93,2.0 97,2.0 112,2.0 114,2.0 115,2.0 116,2.0 117,2.0 118,2.0 119,2.0 
19,2.0 24,2.0 49,2.0 94,2.0 98,2.0 112,2.0 113,2.0 115,2.0 116,2.0 258,2.0 
49,2.0 93,2.0 112,2.0 113,2.0 116,2.0 
3,2.0 7,2.0 49,2.0 54,2.0 93,2.0 112,2.0 113,2.0 115,2.0 132,2.0 133,2.0 134,2.0 
0,2.0 17,4.0 19,2.0 22,2.0 23,4.0 26,2.0 30,6.0 31,4.0 33,10.0 35,2.0 97,2.0 98,2.0 99,2.0 103,2.0 118,4.0 119,4.0 125,4.0 140,2.0 142,6.0 164,2.0 165,6.0 166,4.0 188,4.0 223,2.0 224,2.0 
19,2.0 20,10.0 23,4.0 24,20.0 26,2.0 28,24.0 30,36.0 32,4.0 33,4.0 34,30.0 35,2.0 38,38.0 39,18.0 97,2.0 98,2.0 99,2.0 103,2.0 117,4.0 118,20.0 119,4.0 164,8.0 165,2.0 166,2.0 
19,2.0 23,4.0 26,2.0 33,4.0 35,2.0 97,2.0 98,2.0 99,2.0 117,4.0 118,4.0 165,2.0 166,2.0 
26,2.0 33,2.0 59,2.0 100,2.0 101,2.0 117,2.0 118,2.0 119,2.0 121,4.0 122,2.0 166,2.0 193,2.0 194,2.0 
17,12.0 22,4.0 26,2.0 30,12.0 33,14.0 34,10.0 38,6.0 39,10.0 59,12.0 61,4.0 63,10.0 100,2.0 101,2.0 103,6.0 117,4.0 118,2.0 119,2.0 120,4.0 121,10.0 122,2.0 151,2.0 164,8.0 165,2.0 166,2.0 193,6.0 194,2.0 202,2.0 222,2.0 
26,2.0 28,2.0 30,2.0 56,4.0 59,12.0 63,4.0 64,2.0 100,12.0 101,2.0 120,2.0 121,2.0 123,4.0 164,2.0 169,4.0 257,2.0 276,2.0 
19,10.0 22,4.0 24,12.0 25,2.0 29,4.0 34,8.0 58,2.0 59,2.0 63,18.0 64,2.0 98,6.0 100,2.0 101,2.0 102,2.0 104,4.0 122,2.0 123,4.0 169,14.0 170,2.0 276,12.0 277,2.0 278,1.0 279,1.0 
93,2.0 125,2.0 126,2.0 127,2.0 
30,4.0 51,2.0 55,2.0 117,4.0 126,4.0 127,4.0 128,2.0 138,2.0 139,2.0 140,2.0 142,4.0 165,4.0 188,4.0 
51,2.0 55,2.0 125,4.0 127,4.0 128,2.0 138,2.0 139,2.0 140,2.0 
51,2.0 55,2.0 125,4.0 126,4.0 128,2.0 138,2.0 139,2.0 140,2.0 
10,2.0 11,2.0 13,2.0 17,2.0 18,2.0 47,2.0 51,2.0 54,2.0 55,2.0 109,4.0 110,4.0 197,2.0 
0,2.0 1,2.0 2,2.0 3,2.0 7,2.0 76,2.0 83,2.0 84,2.0 85,2.0 130,4.0 131,2.0 
0,2.0 1,2.0 2,2.0 3,2.0 7,2.0 76,2.0 83,2.0 84,2.0 85,2.0 129,4.0 131,2.0 
3,2.0 7,4.0 116,2.0 132,2.0 133,2.0 134,2.0 
3,2.0 7,2.0 54,2.0 116,2.0 133,2.0 134,2.0 
3,2.0 7,2.0 51,2.0 54,4.0 112,2.0 116,2.0 132,2.0 134,2.0 198,2.0 
3,2.0 7,2.0 51,2.0 54,2.0 112,2.0 116,2.0 132,2.0 133,4.0 198,2.0 
6,2.0 
125,2.0 126,2.0 127,2.0 137,2.0 
125,2.0 126,2.0 127,2.0 136,2.0 
0,1.0 2,1.0 69,1.0 139,4.0 140,2.0 141,2.0 142,2.0 145,2.0 148,2.0 149,12.0 154,2.0 212,2.0 216,1.0 217,4.0 218,11.0 219,1.0 224,16.0 237,4.0 239,1.0 262,4.0 263,1.0 264,2.0 265,2.0 280,1.0 285,12.0 307,2.0 313,1.0 348,2.0 357,1.0 358,1.0 363,1.0 367,4.0 374,1.0 383,1.0 384,1.0 385,1.0 392,1.0 393,1.0 394,1.0 
138,6.0 140,5.0 141,2.0 142,2.0 216,1.0 219,2.0 224,4.0 363,8.0 364,1.0 367,2.0 369,1.0 370,1.0 
1,2.0 2,2.0 138,2.0 139,5.0 141,4.0 142,2.0 143,2.0 147,2.0 152,2.0 153,2.0 154,2.0 155,2.0 218,2.0 221,2.0 223,6.0 224,9.0 229,1.0 361,1.0 363,4.0 364,1.0 
2,4.0 44,4.0 45,1.0 46,1.0 69,2.0 75,2.0 84,2.0 87,2.0 142,2.0 143,4.0 144,2.0 145,2.0 153,3.0 154,2.0 155,2.0 196,2.0 215,2.0 221,32.0 225,9.0 238,2.0 248,2.0 261,2.0 285,6.0 286,9.0 287,3.0 288,4.0 289,6.0 293,2.0 294,2.0 295,2.0 393,1.0 395,2.0 401,1.0 404,2.0 
0,6.0 17,2.0 18,2.0 22,2.0 26,2.0 30,4.0 117,6.0 125,4.0 140,2.0 141,2.0 143,2.0 144,2.0 145,2.0 159,2.0 165,4.0 166,2.0 188,4.0 223,2.0 224,2.0 226,2.0 
1,2.0 2,2.0 42,4.0 69,2.0 83,8.0 85,10.0 144,4.0 145,4.0 148,2.0 154,6.0 155,6.0 156,4.0 157,2.0 158,2.0 214,2.0 231,8.0 239,4.0 240,2.0 241,2.0 242,2.0 244,2.0 
22,2.0 24,2.0 34,2.0 42,2.0 69,3.0 76,2.0 83,5.0 84,2.0 85,6.0 98,2.0 143,4.0 145,6.0 153,1.0 154,2.0 156,2.0 159,1.0 210,1.0 214,2.0 220,1.0 221,1.0 225,1.0 231,6.0 239,2.0 244,2.0 247,1.0 256,2.0 283,1.0 284,1.0 286,1.0 291,1.0 292,1.0 
1,2.0 2,2.0 22,2.0 24,2.0 34,2.0 42,2.0 76,2.0 83,2.0 84,2.0 85,6.0 98,2.0 140,2.0 143,2.0 144,4.0 149,2.0 154,2.0 156,2.0 203,2.0 210,2.0 223,2.0 224,3.0 229,2.0 230,2.0 231,8.0 234,2.0 236,2.0 238,2.0 239,2.0 243,2.0 244,2.0 245,2.0 246,2.0 247,2.0 250,2.0 251,2.0 252,2.0 253,2.0 254,2.0 255,2.0 256,2.0 288,1.0 310,2.0 
140,2.0 147,4.0 148,2.0 149,2.0 150,2.0 151,2.0 152,2.0 217,1.0 288,2.0 302,2.0 303,2.0 304,2.0 374,1.0 378,1.0 379,1.0 
140,4.0 141,2.0 146,3.0 147,2.0 148,2.0 149,2.0 150,2.0 151,2.0 152,4.0 153,2.0 217,1.0 374,1.0 376,1.0 377,1.0 378,1.0 379,1.0 
138,3.0 140,2.0 141,2.0 146,2.0 147,4.0 149,2.0 150,2.0 151,4.0 152,2.0 157,4.0 158,4.0 159,2.0 160,2.0 212,4.0 223,1.0 225,2.0 239,1.0 240,1.0 250,1.0 359,1.0 360,1.0 367,1.0 
75,1.0 83,2.0 138,4.0 140,2.0 145,2.0 146,2.0 147,4.0 148,2.0 150,2.0 151,2.0 152,2.0 154,4.0 203,2.0 225,15.0 234,2.0 238,2.0 241,3.0 242,2.0 244,2.0 262,8.0 278,1.0 288,5.0 293,1.0 302,2.0 305,4.0 310,2.0 340,1.0 341,1.0 342,1.0 368,1.0 
140,2.0 146,2.0 147,4.0 148,2.0 149,2.0 151,2.0 152,2.0 
0,2.0 22,2.0 44,2.0 47,2.0 87,1.0 117,2.0 128,2.0 140,2.0 141,2.0 142,4.0 146,2.0 147,4.0 148,4.0 149,2.0 150,2.0 152,2.0 157,2.0 158,2.0 159,2.0 160,2.0 161,2.0 162,2.0 163,2.0 166,2.0 196,3.0 197,2.0 222,2.0 242,2.0 
140,2.0 141,2.0 147,2.0 153,2.0 
141,2.0 143,2.0 144,1.0 154,2.0 155,2.0 203,2.0 210,2.0 220,9.0 241,2.0 242,2.0 246,2.0 286,6.0 290,3.0 291,1.0 292,1.0 322,1.0 326,1.0 327,1.0 328,2.0 329,2.0 330,2.0 
1,2.0 2,2.0 22,2.0 24,2.0 34,2.0 42,2.0 76,2.0 83,8.0 84,2.0 85,4.0 98,2.0 143,6.0 144,2.0 145,2.0 148,2.0 149,4.0 155,6.0 156,6.0 157,2.0 158,2.0 225,2.0 231,6.0 239,2.0 240,2.0 241,2.0 242,2.0 256,2.0 289,2.0 
1,2.0 2,2.0 42,2.0 83,5.0 85,4.0 143,6.0 148,2.0 154,6.0 156,5.0 157,2.0 158,2.0 231,4.0 239,2.0 240,2.0 241,2.0 242,2.0 339,1.0 347,1.0 
18,2.0 22,2.0 24,2.0 31,2.0 34,2.0 42,2.0 44,3.0 76,2.0 83,5.0 84,2.0 85,4.0 98,2.0 140,1.0 141,2.0 143,2.0 144,2.0 145,2.0 148,2.0 151,2.0 154,4.0 155,2.0 157,2.0 158,2.0 159,3.0 160,2.0 168,2.0 223,1.0 231,6.0 239,2.0 240,2.0 241,2.0 242,2.0 256,2.0 
141,2.0 148,4.0 151,2.0 155,1.0 158,4.0 159,2.0 160,2.0 225,2.0 339,1.0 347,1.0 
141,2.0 148,4.0 151,2.0 157,4.0 159,2.0 160,2.0 218,6.0 225,2.0 343,1.0 345,1.0 
0,2.0 17,4.0 18,4.0 26,2.0 44,3.0 69,1.0 75,1.0 84,1.0 141,2.0 144,1.0 148,2.0 151,2.0 156,2.0 157,2.0 158,2.0 160,2.0 193,2.0 217,2.0 221,1.0 225,3.0 227,2.0 228,2.0 238,1.0 248,1.0 294,1.0 295,1.0 323,1.0 
141,2.0 148,2.0 151,2.0 157,2.0 158,2.0 159,2.0 
142,2.0 151,2.0 162,2.0 221,1.0 225,1.0 285,1.0 395,1.0 
142,2.0 151,2.0 161,2.0 163,2.0 164,2.0 
47,2.0 128,2.0 151,2.0 162,2.0 164,2.0 196,2.0 197,2.0 
17,8.0 18,6.0 20,8.0 22,30.0 24,8.0 25,6.0 26,4.0 28,26.0 30,24.0 31,6.0 32,6.0 33,4.0 34,12.0 38,12.0 39,12.0 58,2.0 59,4.0 63,2.0 82,28.0 84,2.0 98,2.0 101,2.0 103,38.0 118,10.0 120,2.0 121,10.0 151,2.0 163,2.0 165,26.0 166,26.0 167,14.0 168,6.0 170,2.0 171,2.0 193,2.0 194,2.0 195,2.0 196,2.0 
10,2.0 11,2.0 14,2.0 18,6.0 22,64.0 26,4.0 28,24.0 30,2.0 31,8.0 33,8.0 34,8.0 35,2.0 38,8.0 39,2.0 61,10.0 67,2.0 68,2.0 82,58.0 99,2.0 103,26.0 109,2.0 110,2.0 128,2.0 156,2.0 164,28.0 165,28.0 166,58.0 167,26.0 168,10.0 184,2.0 185,2.0 186,2.0 189,2.0 190,2.0 191,2.0 192,2.0 195,2.0 
0,2.0 18,6.0 22,56.0 26,2.0 28,24.0 31,6.0 33,6.0 35,2.0 82,54.0 99,2.0 103,26.0 117,4.0 118,2.0 119,2.0 140,2.0 142,2.0 156,2.0 164,26.0 165,58.0 166,24.0 167,26.0 168,6.0 223,2.0 224,2.0 
16,6.0 17,16.0 18,14.0 19,8.0 20,16.0 22,28.0 23,10.0 24,4.0 26,2.0 28,10.0 30,2.0 31,8.0 34,4.0 41,2.0 63,2.0 82,20.0 97,10.0 98,4.0 102,2.0 103,18.0 164,10.0 165,20.0 166,20.0 168,6.0 169,2.0 172,2.0 
17,6.0 18,18.0 20,10.0 22,6.0 26,6.0 30,4.0 31,16.0 34,4.0 38,2.0 39,8.0 61,8.0 67,2.0 68,2.0 82,6.0 85,2.0 103,6.0 121,2.0 159,2.0 165,2.0 167,6.0 168,2.0 193,2.0 202,2.0 203,2.0 204,2.0 231,2.0 
16,2.0 19,10.0 22,4.0 23,2.0 24,12.0 25,12.0 26,4.0 27,8.0 29,8.0 34,2.0 58,4.0 62,4.0 63,22.0 64,10.0 98,2.0 101,2.0 102,4.0 104,2.0 123,14.0 169,4.0 170,10.0 276,12.0 277,2.0 278,1.0 279,1.0 
20,2.0 22,6.0 24,4.0 25,12.0 26,4.0 27,4.0 28,2.0 29,10.0 30,6.0 31,2.0 34,6.0 56,2.0 59,4.0 64,4.0 98,4.0 100,4.0 104,2.0 122,4.0 164,4.0 167,2.0 169,2.0 232,2.0 257,2.0 
20,2.0 31,2.0 32,4.0 39,4.0 56,2.0 59,2.0 100,2.0 103,2.0 122,2.0 167,2.0 
2,2.0 19,4.0 20,2.0 22,2.0 24,2.0 34,2.0 97,2.0 98,2.0 103,2.0 
3,2.0 4,2.0 
9,2.0 10,2.0 
10,2.0 14,2.0 
16,2.0 18,2.0 
26,6.0 31,4.0 182,2.0 183,2.0 
26,2.0 31,2.0 
180,4.0 
181,4.0 
33,4.0 117,4.0 
26,2.0 165,2.0 183,2.0 
26,2.0 165,2.0 182,2.0 
14,2.0 185,2.0 186,2.0 
14,4.0 186,4.0 187,4.0 
14,4.0 185,4.0 187,4.0 
30,4.0 117,4.0 125,4.0 142,4.0 188,4.0 
30,4.0 117,4.0 125,4.0 142,4.0 165,4.0 
33,2.0 35,2.0 38,2.0 99,2.0 190,2.0 191,2.0 192,2.0 
33,2.0 35,2.0 38,2.0 99,2.0 189,2.0 191,2.0 192,2.0 
33,2.0 35,2.0 38,2.0 99,2.0 189,2.0 190,2.0 192,2.0 
33,2.0 35,2.0 38,2.0 99,2.0 189,2.0 190,2.0 191,2.0 
17,6.0 18,6.0 22,4.0 26,2.0 27,2.0 33,2.0 34,4.0 38,2.0 42,2.0 61,4.0 62,2.0 64,2.0 67,2.0 79,2.0 85,2.0 117,2.0 118,2.0 119,2.0 120,2.0 121,6.0 151,2.0 165,2.0 166,2.0 194,2.0 202,6.0 203,4.0 205,6.0 206,4.0 207,2.0 208,4.0 210,2.0 222,2.0 
26,2.0 33,2.0 117,2.0 118,2.0 119,2.0 120,2.0 121,2.0 166,2.0 193,2.0 
22,2.0 26,2.0 28,2.0 29,2.0 34,2.0 82,2.0 98,2.0 104,2.0 151,2.0 163,2.0 164,2.0 196,2.0 
47,2.0 128,2.0 141,2.0 151,2.0 163,2.0 197,2.0 221,2.0 408,1.0 
13,2.0 47,2.0 110,2.0 128,2.0 
3,2.0 51,2.0 54,2.0 112,4.0 133,2.0 134,2.0 199,2.0 
3,2.0 112,2.0 134,2.0 198,2.0 
25,4.0 26,4.0 27,10.0 29,2.0 30,4.0 39,2.0 51,2.0 55,2.0 56,2.0 57,2.0 59,2.0 76,4.0 80,2.0 81,2.0 82,8.0 83,2.0 84,6.0 85,2.0 100,2.0 129,2.0 130,2.0 168,4.0 201,2.0 205,2.0 209,2.0 210,2.0 
25,2.0 26,2.0 27,2.0 30,4.0 39,2.0 82,4.0 168,2.0 200,2.0 
22,2.0 34,4.0 38,2.0 61,4.0 67,2.0 79,2.0 85,2.0 121,2.0 165,2.0 193,6.0 203,4.0 205,4.0 206,4.0 207,2.0 208,4.0 210,2.0 
22,2.0 31,2.0 61,2.0 67,2.0 79,2.0 85,4.0 145,2.0 153,2.0 168,2.0 193,4.0 202,4.0 204,2.0 205,4.0 206,4.0 207,2.0 208,4.0 210,6.0 231,2.0 234,2.0 236,2.0 241,2.0 242,6.0 245,2.0 250,2.0 251,2.0 252,2.0 253,2.0 254,2.0 255,2.0 285,2.0 286,4.0 336,2.0 
22,2.0 31,2.0 61,2.0 168,2.0 203,2.0 220,2.0 281,2.0 
25,2.0 26,2.0 27,4.0 33,2.0 51,2.0 55,2.0 62,2.0 64,2.0 67,2.0 69,5.0 70,1.0 76,2.0 79,2.0 83,4.0 84,2.0 85,14.0 139,1.0 143,4.0 144,2.0 154,2.0 155,2.0 156,2.0 165,2.0 193,4.0 202,4.0 203,4.0 205,2.0 206,4.0 207,2.0 208,4.0 210,6.0 211,1.0 214,2.0 215,2.0 216,8.0 219,1.0 223,2.0 229,4.0 231,12.0 234,2.0 235,2.0 236,2.0 237,6.0 238,5.0 243,2.0 248,1.0 285,2.0 286,2.0 309,2.0 339,1.0 
27,4.0 79,2.0 80,2.0 81,2.0 84,2.0 200,4.0 207,2.0 208,4.0 209,2.0 
27,2.0 84,2.0 200,2.0 206,2.0 208,2.0 209,2.0 
27,4.0 79,2.0 80,2.0 81,2.0 84,2.0 200,4.0 206,4.0 207,2.0 209,2.0 
27,2.0 51,2.0 55,2.0 76,2.0 84,4.0 200,2.0 205,2.0 210,2.0 
33,2.0 51,2.0 55,2.0 67,2.0 69,4.0 70,2.0 76,4.0 79,2.0 83,4.0 84,2.0 85,4.0 143,2.0 144,3.0 153,2.0 165,2.0 193,2.0 202,2.0 203,6.0 205,6.0 206,2.0 208,2.0 211,1.0 214,4.0 215,2.0 216,2.0 219,1.0 225,1.0 231,8.0 237,1.0 241,2.0 242,4.0 243,4.0 245,4.0 246,2.0 247,4.0 248,2.0 249,2.0 285,3.0 286,4.0 317,1.0 336,2.0 
212,10.0 213,2.0 214,2.0 215,2.0 216,2.0 219,5.0 223,1.0 224,1.0 240,2.0 365,3.0 
36,1.0 37,1.0 42,2.0 43,1.0 138,3.0 148,3.0 211,5.0 213,2.0 214,2.0 215,2.0 216,2.0 218,6.0 219,5.0 239,1.0 240,3.0 242,1.0 265,1.0 288,3.0 291,1.0 302,2.0 304,2.0 316,2.0 327,1.0 330,1.0 365,3.0 366,1.0 367,1.0 
211,2.0 212,2.0 214,2.0 215,2.0 216,2.0 
42,2.0 69,4.0 76,3.0 83,2.0 85,6.0 143,2.0 144,2.0 145,4.0 203,2.0 215,2.0 216,2.0 217,2.0 218,3.0 219,2.0 231,8.0 234,2.0 236,2.0 239,2.0 244,2.0 248,2.0 249,2.0 
69,4.0 83,2.0 85,4.0 139,1.0 140,1.0 141,2.0 143,2.0 144,2.0 205,2.0 210,2.0 214,4.0 216,4.0 217,2.0 218,2.0 219,2.0 221,2.0 225,2.0 231,4.0 238,1.0 243,2.0 283,2.0 284,2.0 285,2.0 286,2.0 291,2.0 292,2.0 362,1.0 363,1.0 
69,3.0 70,1.0 83,4.0 85,12.0 138,1.0 143,4.0 144,2.0 154,2.0 155,2.0 156,2.0 205,8.0 210,2.0 214,4.0 215,4.0 216,2.0 217,2.0 218,2.0 219,2.0 224,1.0 229,4.0 231,12.0 234,2.0 235,2.0 236,2.0 237,4.0 238,4.0 243,2.0 
1,2.0 2,2.0 41,1.0 138,6.0 145,2.0 147,2.0 218,2.0 219,4.0 220,2.0 223,1.0 224,10.0 227,2.0 228,2.0 229,3.0 230,2.0 288,2.0 347,5.0 357,1.0 365,1.0 367,1.0 370,1.0 373,1.0 376,3.0 377,1.0 381,1.0 
0,1.0 2,1.0 27,2.0 67,1.0 70,1.0 76,1.0 82,2.0 138,7.0 158,4.0 200,2.0 212,4.0 214,1.0 217,2.0 219,4.0 220,2.0 221,2.0 224,10.0 225,3.0 237,2.0 252,1.0 279,1.0 285,1.0 288,3.0 299,1.0 306,1.0 312,1.0 324,1.0 325,1.0 343,1.0 344,1.0 345,1.0 346,1.0 347,2.0 348,3.0 349,1.0 350,2.0 351,1.0 363,2.0 384,1.0 386,1.0 387,1.0 388,2.0 389,1.0 390,1.0 391,1.0 392,1.0 393,1.0 394,1.0 
138,2.0 139,2.0 211,5.0 212,8.0 217,3.0 218,5.0 220,2.0 223,1.0 224,1.0 239,2.0 240,1.0 288,2.0 327,1.0 365,3.0 367,1.0 373,1.0 374,1.0 375,1.0 
18,2.0 40,2.0 41,2.0 44,3.0 76,3.0 85,3.0 144,1.0 153,8.0 204,2.0 221,9.0 241,2.0 244,8.0 246,4.0 248,3.0 281,37.0 282,3.0 285,2.0 286,5.0 288,2.0 289,7.0 290,4.0 291,4.0 292,4.0 315,2.0 318,2.0 319,2.0 322,1.0 
0,1.0 2,4.0 25,2.0 26,2.0 27,4.0 44,12.0 45,1.0 46,1.0 82,2.0 87,3.0 141,27.0 144,1.0 151,1.0 161,1.0 196,2.0 200,2.0 215,2.0 218,2.0 220,7.0 225,7.0 244,3.0 248,3.0 280,2.0 281,2.0 283,3.0 284,3.0 285,2.0 289,2.0 321,1.0 349,1.0 393,1.0 395,3.0 396,1.0 397,2.0 398,1.0 399,1.0 400,1.0 401,1.0 402,1.0 403,1.0 404,2.0 405,1.0 
0,2.0 22,2.0 117,2.0 142,2.0 151,2.0 166,2.0 
1,2.0 2,2.0 140,6.0 143,2.0 148,1.0 154,2.0 155,2.0 211,1.0 217,1.0 218,2.0 219,1.0 221,2.0 224,8.0 250,1.0 359,1.0 360,1.0 361,1.0 
0,1.0 1,2.0 2,3.0 69,1.0 70,3.0 138,19.0 139,2.0 140,6.0 143,2.0 145,1.0 149,2.0 154,2.0 155,2.0 205,3.0 210,1.0 214,1.0 215,1.0 216,2.0 217,8.0 218,17.0 221,2.0 223,5.0 229,2.0 238,2.0 239,1.0 242,1.0 244,1.0 247,1.0 248,1.0 265,1.0 282,1.0 288,4.0 299,1.0 300,1.0 313,1.0 317,1.0 339,1.0 348,2.0 357,1.0 362,1.0 363,5.0 364,1.0 367,1.0 368,1.0 370,1.0 374,1.0 376,1.0 378,1.0 380,1.0 383,1.0 392,1.0 393,1.0 394,1.0 
0,1.0 2,3.0 22,2.0 42,3.0 43,2.0 45,1.0 61,2.0 70,3.0 83,1.0 84,2.0 141,15.0 144,3.0 149,10.0 154,2.0 159,6.0 161,1.0 165,2.0 205,2.0 210,1.0 215,6.0 220,6.0 221,9.0 231,3.0 237,2.0 241,3.0 244,5.0 247,1.0 248,3.0 261,2.0 262,4.0 265,4.0 281,3.0 285,13.0 286,18.0 289,2.0 291,2.0 292,2.0 296,3.0 302,2.0 314,2.0 332,3.0 333,2.0 334,2.0 335,2.0 393,1.0 395,1.0 
0,2.0 17,2.0 18,2.0 26,2.0 142,2.0 159,2.0 286,1.0 288,2.0 298,3.0 299,3.0 300,3.0 
1,2.0 2,2.0 145,2.0 217,2.0 228,2.0 229,2.0 230,2.0 
1,2.0 2,2.0 145,2.0 217,2.0 227,2.0 229,2.0 230,2.0 
1,2.0 2,2.0 70,1.0 83,2.0 85,4.0 140,2.0 143,2.0 145,2.0 154,2.0 155,2.0 156,2.0 205,3.0 210,1.0 216,2.0 223,2.0 224,4.0 230,2.0 231,4.0 237,2.0 238,2.0 247,1.0 317,1.0 339,1.0 
1,2.0 2,2.0 140,2.0 145,2.0 223,2.0 224,2.0 229,2.0 
16,2.0 19,2.0 22,2.0 23,2.0 24,2.0 34,2.0 42,8.0 44,3.0 61,2.0 69,8.0 70,3.0 71,2.0 76,6.0 83,8.0 84,2.0 85,32.0 98,2.0 141,2.0 143,8.0 144,6.0 145,10.0 154,6.0 155,4.0 156,6.0 159,1.0 203,4.0 205,10.0 210,8.0 214,8.0 215,4.0 216,10.0 225,3.0 229,4.0 231,18.0 234,6.0 235,2.0 236,6.0 237,4.0 238,4.0 239,8.0 240,4.0 241,4.0 242,4.0 243,8.0 244,4.0 245,4.0 246,4.0 247,4.0 248,4.0 249,4.0 250,2.0 251,2.0 252,2.0 253,2.0 254,2.0 255,2.0 256,2.0 281,3.0 
233,2.0 
85,2.0 205,2.0 216,2.0 231,2.0 234,2.0 235,2.0 236,2.0 
85,6.0 145,2.0 149,2.0 203,4.0 205,4.0 216,4.0 229,2.0 231,6.0 235,2.0 236,4.0 237,2.0 238,2.0 242,2.0 250,2.0 251,2.0 252,2.0 253,2.0 254,2.0 255,2.0 
85,4.0 205,4.0 216,4.0 229,2.0 231,4.0 234,2.0 236,2.0 237,2.0 238,2.0 
85,6.0 145,2.0 203,2.0 205,4.0 216,4.0 229,2.0 231,6.0 234,4.0 235,2.0 237,2.0 238,2.0 250,2.0 251,2.0 252,2.0 253,2.0 254,2.0 255,2.0 
70,1.0 83,3.0 85,4.0 138,2.0 143,2.0 154,2.0 155,2.0 156,2.0 205,6.0 210,1.0 216,2.0 225,2.0 229,2.0 231,4.0 238,2.0 285,9.0 286,3.0 300,2.0 309,2.0 313,2.0 
44,3.0 83,2.0 85,4.0 138,2.0 139,1.0 140,1.0 143,2.0 154,2.0 155,2.0 156,2.0 205,3.0 215,1.0 216,2.0 219,1.0 220,3.0 223,1.0 229,2.0 231,4.0 237,2.0 286,2.0 306,2.0 310,2.0 362,1.0 363,1.0 
42,5.0 75,2.0 76,1.0 85,7.0 138,1.0 145,2.0 205,2.0 210,4.0 215,2.0 216,2.0 231,8.0 240,2.0 241,2.0 242,3.0 243,4.0 244,2.0 245,2.0 246,2.0 247,2.0 288,3.0 384,1.0 385,1.0 
42,4.0 43,1.0 85,4.0 205,2.0 210,2.0 212,3.0 215,2.0 216,2.0 231,4.0 239,2.0 241,2.0 242,3.0 243,2.0 291,1.0 
42,5.0 85,4.0 153,2.0 203,2.0 205,2.0 210,4.0 215,2.0 216,2.0 220,2.0 225,3.0 231,4.0 239,2.0 240,2.0 242,4.0 243,2.0 286,2.0 291,2.0 292,2.0 296,3.0 
42,4.0 44,5.0 75,1.0 76,1.0 85,4.0 138,1.0 140,1.0 153,2.0 157,1.0 159,2.0 203,6.0 205,2.0 210,6.0 215,2.0 216,2.0 223,1.0 224,1.0 231,4.0 239,2.0 240,2.0 241,4.0 243,2.0 244,1.0 245,2.0 281,1.0 285,2.0 286,4.0 320,2.0 336,2.0 
69,4.0 76,2.0 83,2.0 85,4.0 143,2.0 144,2.0 205,2.0 210,4.0 214,4.0 215,2.0 216,2.0 231,8.0 245,2.0 246,2.0 247,2.0 248,2.0 249,2.0 
42,2.0 85,5.0 140,1.0 145,2.0 210,2.0 220,5.0 221,3.0 223,1.0 225,5.0 231,4.0 239,2.0 242,1.0 243,2.0 245,2.0 246,2.0 247,2.0 285,2.0 286,2.0 289,2.0 
69,2.0 76,2.0 203,2.0 210,4.0 214,2.0 231,4.0 238,2.0 242,2.0 243,2.0 246,2.0 247,2.0 248,2.0 249,2.0 285,2.0 289,2.0 306,2.0 336,2.0 
69,2.0 76,2.0 153,1.0 210,2.0 214,2.0 220,4.0 231,4.0 243,2.0 245,2.0 247,2.0 248,2.0 249,2.0 281,4.0 291,1.0 292,1.0 314,2.0 
69,2.0 70,1.0 76,2.0 83,1.0 144,1.0 210,4.0 211,1.0 214,2.0 219,1.0 225,1.0 231,4.0 243,2.0 245,2.0 246,2.0 248,2.0 249,2.0 286,1.0 317,1.0 
69,2.0 70,1.0 76,5.0 85,2.0 145,2.0 203,2.0 205,1.0 211,1.0 214,2.0 220,6.0 221,3.0 223,1.0 231,4.0 234,2.0 236,2.0 249,2.0 
69,2.0 76,2.0 84,1.0 85,2.0 145,2.0 203,2.0 214,2.0 231,4.0 234,2.0 236,2.0 248,2.0 289,1.0 295,1.0 
76,2.0 84,2.0 144,2.0 145,2.0 154,2.0 156,2.0 224,1.0 231,2.0 251,2.0 252,2.0 253,2.0 254,2.0 255,2.0 256,2.0 359,1.0 360,1.0 
76,2.0 84,2.0 144,2.0 145,2.0 154,2.0 156,2.0 231,2.0 250,2.0 252,2.0 253,2.0 254,2.0 255,2.0 256,2.0 
76,2.0 84,2.0 144,2.0 145,2.0 154,2.0 156,2.0 231,2.0 250,2.0 251,2.0 253,2.0 254,2.0 255,2.0 256,2.0 286,1.0 324,1.0 325,1.0 
76,2.0 84,2.0 144,2.0 145,2.0 154,2.0 156,2.0 231,2.0 250,2.0 251,2.0 252,2.0 254,2.0 255,2.0 256,2.0 
76,2.0 84,2.0 144,2.0 145,2.0 154,2.0 156,2.0 231,2.0 250,2.0 251,2.0 252,2.0 253,2.0 255,2.0 256,2.0 
76,2.0 84,2.0 144,2.0 145,2.0 154,2.0 156,2.0 231,2.0 250,2.0 251,2.0 252,2.0 253,2.0 254,2.0 256,2.0 
22,2.0 24,2.0 34,2.0 76,2.0 84,2.0 98,2.0 144,2.0 145,2.0 154,2.0 156,2.0 231,2.0 
19,2.0 24,2.0 29,2.0 59,2.0 63,2.0 98,2.0 100,4.0 104,2.0 122,2.0 123,2.0 169,2.0 258,2.0 276,2.0 
11,4.0 12,2.0 13,2.0 19,40.0 24,40.0 66,2.0 98,40.0 258,16.0 259,2.0 260,2.0 261,2.0 262,2.0 263,2.0 264,2.0 265,2.0 266,2.0 267,2.0 268,2.0 269,2.0 270,2.0 271,2.0 272,2.0 273,2.0 274,2.0 
19,2.0 24,2.0 98,2.0 258,2.0 260,2.0 261,2.0 262,2.0 263,2.0 264,2.0 265,2.0 266,2.0 
19,2.0 24,2.0 98,2.0 258,2.0 259,2.0 261,2.0 262,2.0 263,2.0 264,2.0 265,2.0 266,2.0 
19,2.0 24,2.0 98,2.0 141,2.0 225,2.0 258,2.0 259,2.0 260,2.0 262,2.0 263,2.0 264,2.0 265,2.0 266,2.0 288,2.0 289,4.0 
19,2.0 24,2.0 98,2.0 149,8.0 225,4.0 258,2.0 259,2.0 260,2.0 261,2.0 263,2.0 264,2.0 265,2.0 266,2.0 289,4.0 302,2.0 305,8.0 
19,2.0 24,2.0 98,2.0 140,1.0 258,2.0 259,2.0 260,2.0 261,2.0 262,2.0 264,3.0 265,3.0 266,2.0 363,1.0 374,1.0 
19,2.0 24,2.0 98,2.0 140,1.0 211,1.0 217,1.0 219,1.0 258,2.0 259,2.0 260,2.0 261,2.0 262,2.0 263,3.0 265,3.0 266,3.0 363,1.0 371,1.0 372,1.0 374,1.0 
19,2.0 24,2.0 36,1.0 37,1.0 98,2.0 140,1.0 217,2.0 219,1.0 224,1.0 258,2.0 259,2.0 260,2.0 261,2.0 262,2.0 263,3.0 264,3.0 266,2.0 285,4.0 316,1.0 363,1.0 374,2.0 378,1.0 380,1.0 
19,2.0 24,2.0 98,2.0 217,1.0 258,2.0 259,2.0 260,2.0 261,2.0 262,2.0 263,2.0 264,3.0 265,2.0 371,1.0 372,1.0 
62,2.0 63,2.0 64,2.0 268,2.0 269,2.0 270,2.0 271,2.0 272,2.0 273,2.0 274,2.0 275,2.0 
62,2.0 63,2.0 64,2.0 267,2.0 269,2.0 270,2.0 271,2.0 272,2.0 273,2.0 274,2.0 275,2.0 
62,2.0 63,2.0 64,2.0 267,2.0 268,2.0 270,2.0 271,2.0 272,2.0 273,2.0 274,2.0 275,2.0 
62,2.0 63,2.0 64,2.0 267,2.0 268,2.0 269,2.0 271,2.0 272,2.0 273,2.0 274,2.0 275,2.0 
62,2.0 63,2.0 64,2.0 267,2.0 268,2.0 269,2.0 270,2.0 272,2.0 273,2.0 274,2.0 275,2.0 
62,2.0 63,2.0 64,2.0 267,2.0 268,2.0 269,2.0 270,2.0 271,2.0 273,2.0 274,2.0 275,2.0 
62,2.0 63,2.0 64,2.0 267,2.0 268,2.0 269,2.0 270,2.0 271,2.0 272,2.0 274,2.0 275,2.0 
62,2.0 63,2.0 64,2.0 267,2.0 268,2.0 269,2.0 270,2.0 271,2.0 272,2.0 273,2.0 275,2.0 
25,2.0 27,2.0 29,2.0 62,2.0 63,2.0 64,2.0 200,2.0 
19,10.0 24,10.0 58,2.0 63,12.0 101,2.0 102,2.0 123,12.0 169,12.0 276,4.0 277,2.0 278,1.0 279,1.0 
19,2.0 24,2.0 58,2.0 63,2.0 101,2.0 102,2.0 123,2.0 169,2.0 276,2.0 
221,1.0 279,1.0 288,1.0 
148,1.0 212,2.0 219,1.0 221,1.0 278,1.0 286,1.0 298,1.0 299,1.0 300,1.0 311,1.0 313,1.0 331,1.0 
44,2.0 211,1.0 281,2.0 358,1.0 
44,7.0 70,3.0 156,1.0 204,2.0 220,29.0 221,3.0 225,3.0 231,6.0 242,3.0 246,4.0 282,2.0 314,10.0 315,6.0 316,8.0 317,2.0 318,2.0 319,2.0 395,1.0 
44,3.0 69,1.0 148,1.0 220,2.0 223,1.0 281,5.0 
284,3.0 285,3.0 286,3.0 
283,3.0 285,3.0 286,3.0 
0,1.0 2,1.0 70,1.0 83,1.0 138,8.0 141,9.0 161,1.0 203,2.0 205,2.0 210,3.0 215,2.0 221,3.0 225,21.0 226,3.0 237,9.0 242,2.0 245,2.0 261,2.0 279,1.0 286,41.0 287,4.0 291,2.0 292,2.0 297,3.0 298,3.0 299,3.0 300,6.0 305,2.0 307,4.0 308,2.0 309,2.0 311,2.0 312,2.0 313,2.0 331,2.0 332,1.0 336,2.0 337,1.0 338,1.0 339,1.0 395,1.0 
60,1.0 70,1.0 83,2.0 141,13.0 144,1.0 153,8.0 154,2.0 203,4.0 205,2.0 210,6.0 215,2.0 220,2.0 225,21.0 237,5.0 241,2.0 242,4.0 245,4.0 247,1.0 261,4.0 262,4.0 285,52.0 287,4.0 289,16.0 290,2.0 291,2.0 292,2.0 297,3.0 305,2.0 307,2.0 326,1.0 332,2.0 333,2.0 334,1.0 335,2.0 337,1.0 
141,3.0 153,1.0 279,1.0 285,1.0 286,1.0 288,2.0 289,2.0 300,1.0 331,1.0 
42,1.0 75,2.0 76,1.0 85,1.0 145,1.0 149,10.0 212,3.0 217,2.0 218,3.0 220,6.0 224,3.0 234,2.0 239,3.0 241,2.0 242,1.0 249,1.0 288,1.0 289,11.0 290,2.0 301,2.0 340,1.0 347,2.0 368,1.0 
83,2.0 84,1.0 141,6.0 146,2.0 154,2.0 159,1.0 220,11.0 221,3.0 238,2.0 241,2.0 244,2.0 245,2.0 249,1.0 261,2.0 262,4.0 286,8.0 288,8.0 290,2.0 294,3.0 295,1.0 301,2.0 302,2.0 303,2.0 304,2.0 305,4.0 306,2.0 
153,3.0 220,4.0 285,2.0 286,2.0 328,1.0 329,1.0 330,1.0 
43,1.0 138,1.0 144,1.0 153,1.0 215,2.0 220,1.0 224,1.0 225,5.0 285,2.0 286,2.0 292,6.0 
144,1.0 153,1.0 215,2.0 220,1.0 225,5.0 285,2.0 286,2.0 291,6.0 
224,1.0 225,2.0 288,1.0 
84,3.0 141,2.0 159,1.0 295,3.0 
84,4.0 224,1.0 225,3.0 
42,3.0 218,3.0 
226,3.0 285,3.0 298,3.0 299,3.0 300,3.0 
148,1.0 212,1.0 226,3.0 279,1.0 286,1.0 288,2.0 299,3.0 300,3.0 311,1.0 313,1.0 
211,1.0 212,1.0 219,2.0 226,3.0 279,1.0 286,1.0 288,2.0 298,3.0 300,4.0 313,1.0 
149,2.0 211,1.0 219,1.0 226,3.0 279,1.0 286,2.0 288,2.0 298,3.0 299,4.0 313,2.0 331,1.0 
146,2.0 289,2.0 302,2.0 303,2.0 304,2.0 
139,1.0 146,2.0 149,2.0 154,2.0 219,1.0 225,2.0 288,2.0 303,2.0 304,4.0 316,1.0 327,1.0 330,1.0 363,1.0 366,1.0 
146,2.0 288,2.0 302,2.0 304,2.0 
139,1.0 146,2.0 211,1.0 219,1.0 288,2.0 302,4.0 303,2.0 316,1.0 327,1.0 330,1.0 363,1.0 366,1.0 374,1.0 378,1.0 382,1.0 
138,4.0 285,2.0 286,6.0 
238,2.0 286,2.0 312,1.0 346,1.0 347,1.0 
285,4.0 308,2.0 311,2.0 312,2.0 
286,2.0 
138,2.0 
138,2.0 238,2.0 
138,2.0 148,1.0 212,1.0 279,1.0 298,1.0 312,2.0 313,1.0 
138,2.0 306,1.0 311,2.0 346,1.0 347,1.0 
148,1.0 149,1.0 211,1.0 212,1.0 219,1.0 237,1.0 279,1.0 285,1.0 298,1.0 299,1.0 300,3.0 311,1.0 
43,2.0 246,2.0 281,12.0 282,2.0 315,4.0 
220,2.0 281,6.0 314,4.0 
36,1.0 37,1.0 151,2.0 217,1.0 219,1.0 220,6.0 224,1.0 265,1.0 302,1.0 304,1.0 327,1.0 
70,1.0 210,1.0 211,1.0 219,1.0 220,2.0 247,1.0 
220,2.0 281,2.0 
281,2.0 316,2.0 
221,2.0 
44,1.0 281,1.0 
153,1.0 220,1.0 
225,1.0 
252,1.0 286,1.0 325,1.0 
252,1.0 286,1.0 324,1.0 
153,1.0 327,1.0 328,1.0 329,1.0 330,1.0 
217,1.0 219,1.0 286,1.0 302,1.0 304,1.0 316,1.0 328,1.0 329,1.0 330,1.0 374,1.0 375,1.0 
286,2.0 327,1.0 329,2.0 330,2.0 
286,2.0 327,1.0 328,2.0 330,2.0 
139,1.0 286,2.0 302,1.0 304,1.0 327,1.0 328,2.0 329,2.0 363,1.0 366,1.0 
279,1.0 286,2.0 300,1.0 
225,3.0 285,1.0 286,2.0 333,2.0 334,2.0 335,2.0 
60,1.0 225,1.0 285,1.0 286,2.0 332,2.0 334,3.0 335,4.0 
225,1.0 286,2.0 332,1.0 333,3.0 335,3.0 
60,1.0 225,1.0 285,1.0 286,2.0 332,2.0 333,4.0 334,3.0 
286,2.0 
285,1.0 331,1.0 
149,1.0 288,1.0 339,1.0 
83,1.0 139,1.0 149,1.0 155,1.0 156,1.0 205,1.0 288,1.0 338,1.0 347,1.0 
149,1.0 278,1.0 
158,1.0 342,1.0 
158,1.0 341,1.0 
218,1.0 344,1.0 
158,1.0 
218,1.0 306,1.0 312,1.0 346,1.0 
306,1.0 312,1.0 347,1.0 
41,1.0 83,1.0 155,1.0 156,1.0 217,4.0 218,3.0 288,2.0 304,1.0 339,1.0 348,1.0 374,1.0 376,1.0 378,1.0 381,1.0 382,1.0 
218,3.0 224,1.0 279,1.0 288,1.0 298,1.0 311,1.0 313,1.0 349,1.0 350,1.0 351,1.0 384,1.0 386,1.0 387,1.0 
217,2.0 220,1.0 224,1.0 281,1.0 347,1.0 350,1.0 351,1.0 355,1.0 356,1.0 397,1.0 
212,1.0 217,1.0 288,1.0 347,1.0 349,1.0 351,1.0 388,1.0 
217,1.0 347,1.0 349,1.0 350,1.0 
353,1.0 
354,1.0 
349,1.0 355,1.0 356,1.0 
217,1.0 224,1.0 349,1.0 356,1.0 
217,1.0 224,1.0 349,1.0 355,1.0 
138,1.0 280,1.0 358,1.0 
211,1.0 280,1.0 
224,1.0 250,1.0 360,1.0 
224,1.0 250,1.0 359,1.0 
224,1.0 
139,1.0 140,1.0 215,1.0 238,1.0 363,1.0 
138,2.0 139,7.0 140,4.0 216,1.0 218,3.0 224,8.0 229,1.0 264,1.0 266,1.0 364,1.0 367,1.0 369,1.0 370,1.0 371,1.0 372,1.0 
224,1.0 299,1.0 300,1.0 313,1.0 
36,1.0 37,1.0 212,3.0 219,1.0 265,1.0 302,2.0 304,2.0 316,2.0 327,2.0 330,1.0 366,1.0 373,1.0 374,1.0 375,1.0 
139,1.0 302,1.0 304,1.0 330,1.0 363,1.0 
138,4.0 148,1.0 212,1.0 263,1.0 264,2.0 265,2.0 374,1.0 
75,1.0 149,1.0 
264,1.0 266,1.0 363,1.0 370,1.0 371,1.0 372,1.0 
224,1.0 264,1.0 265,1.0 266,1.0 363,1.0 369,1.0 371,1.0 372,1.0 374,1.0 376,1.0 378,1.0 380,1.0 
217,1.0 264,1.0 266,1.0 372,1.0 
217,1.0 264,1.0 266,1.0 371,1.0 
219,1.0 327,1.0 365,1.0 374,1.0 375,1.0 
140,1.0 146,1.0 211,1.0 217,3.0 263,1.0 264,1.0 265,2.0 304,1.0 327,1.0 363,1.0 375,1.0 378,3.0 379,1.0 380,1.0 382,1.0 
217,1.0 327,1.0 374,1.0 
146,1.0 147,1.0 224,1.0 265,1.0 304,1.0 347,1.0 370,1.0 374,3.0 377,1.0 378,3.0 379,1.0 380,1.0 381,1.0 382,1.0 
146,1.0 147,1.0 374,1.0 376,1.0 378,1.0 379,1.0 
146,1.0 211,1.0 217,2.0 265,1.0 304,1.0 374,3.0 379,1.0 380,1.0 382,1.0 
146,1.0 217,1.0 374,1.0 378,1.0 
217,1.0 265,1.0 374,1.0 378,1.0 
304,1.0 347,1.0 374,1.0 376,1.0 378,1.0 382,1.0 
211,1.0 304,1.0 374,1.0 378,1.0 
348,1.0 
138,1.0 224,2.0 363,1.0 385,1.0 386,1.0 387,1.0 
138,1.0 224,1.0 384,1.0 
224,1.0 363,1.0 384,1.0 387,1.0 
224,1.0 363,1.0 384,1.0 386,1.0 
138,1.0 212,1.0 224,1.0 288,1.0 350,1.0 389,1.0 
138,1.0 224,1.0 388,1.0 
67,1.0 70,1.0 138,1.0 224,1.0 391,1.0 
67,1.0 70,1.0 138,1.0 224,1.0 390,1.0 
46,1.0 218,1.0 225,1.0 285,1.0 393,1.0 394,1.0 409,1.0 
141,1.0 218,1.0 221,1.0 225,1.0 285,1.0 392,1.0 394,1.0 
218,1.0 225,1.0 285,1.0 392,1.0 393,1.0 
141,2.0 161,1.0 221,4.0 225,1.0 285,1.0 
220,1.0 289,1.0 
141,1.0 220,1.0 225,1.0 281,1.0 349,1.0 398,1.0 399,1.0 400,1.0 
141,1.0 225,1.0 397,1.0 399,1.0 400,1.0 
141,1.0 225,1.0 397,1.0 398,1.0 400,1.0 
141,1.0 225,1.0 397,1.0 398,1.0 399,1.0 
141,1.0 221,1.0 
141,1.0 
141,1.0 
44,1.0 141,2.0 221,2.0 
406,2.0 
205,1.0 405,1.0 
141,1.0 
404,1.0 
0,1.0 1,1.0 2,1.0 
