1,30.0 2,11.0 3,15.0 4,11.0 5,9.0 6,10.0 19,5.0 24,1.0 30,1.0 31,10.0 32,2.0 33,2.0 42,8.0 43,7.0 48,10.0 49,8.0 50,6.0 60,2.0 71,3.0 72,2.0 73,1.0 75,1.0 104,1.0 109,2.0 132,3.0 153,1.0 154,1.0 155,1.0 157,1.0 158,1.0 173,1.0 175,1.0 192,1.0 193,3.0 194,3.0 197,3.0 200,1.0 214,1.0 218,1.0 226,2.0 227,2.0 228,1.0 237,1.0 250,1.0 269,1.0 270,1.0 280,1.0 293,1.0 297,2.0 
0,30.0 2,20.0 3,19.0 4,18.0 5,15.0 6,12.0 17,1.0 19,7.0 24,1.0 28,1.0 30,10.0 31,15.0 32,3.0 33,12.0 42,13.0 43,6.0 46,1.0 47,2.0 48,35.0 49,21.0 50,13.0 60,6.0 61,3.0 62,3.0 71,3.0 72,2.0 73,1.0 104,1.0 109,3.0 120,2.0 121,2.0 132,2.0 139,1.0 141,1.0 153,1.0 157,1.0 158,1.0 169,1.0 173,1.0 175,2.0 192,1.0 193,2.0 194,2.0 197,2.0 200,1.0 204,1.0 205,1.0 206,1.0 210,1.0 212,1.0 214,1.0 218,1.0 220,1.0 226,1.0 237,1.0 248,1.0 250,1.0 269,1.0 270,1.0 275,1.0 280,1.0 293,1.0 320,1.0 
0,11.0 1,20.0 3,17.0 4,19.0 5,17.0 6,13.0 11,1.0 12,1.0 18,1.0 26,1.0 27,1.0 29,1.0 30,9.0 31,7.0 32,14.0 33,8.0 36,1.0 42,2.0 44,1.0 45,1.0 46,1.0 47,1.0 48,8.0 49,5.0 50,3.0 59,1.0 61,3.0 62,3.0 68,2.0 74,1.0 77,1.0 78,1.0 96,2.0 111,1.0 112,1.0 119,1.0 120,2.0 121,1.0 151,1.0 152,1.0 181,1.0 193,1.0 194,1.0 210,1.0 220,2.0 262,1.0 267,1.0 273,2.0 278,2.0 332,1.0 345,1.0 346,1.0 347,1.0 348,1.0 349,1.0 352,1.0 353,1.0 366,1.0 371,1.0 374,1.0 379,1.0 380,1.0 
0,15.0 1,18.0 2,17.0 3,2.0 4,35.0 5,16.0 6,29.0 16,1.0 17,1.0 18,12.0 19,23.0 20,11.0 21,9.0 22,4.0 28,1.0 30,26.0 31,4.0 32,4.0 33,3.0 42,4.0 43,4.0 48,2.0 50,1.0 61,3.0 62,2.0 68,2.0 69,2.0 70,2.0 71,9.0 72,9.0 73,4.0 74,11.0 75,11.0 76,4.0 77,1.0 78,4.0 89,9.0 90,4.0 96,9.0 103,1.0 108,1.0 109,7.0 119,1.0 121,1.0 125,1.0 137,1.0 138,1.0 139,1.0 140,1.0 141,1.0 142,1.0 143,1.0 144,1.0 146,1.0 147,6.0 153,1.0 167,1.0 192,1.0 193,1.0 262,1.0 269,1.0 270,1.0 312,1.0 314,1.0 316,1.0 366,1.0 
1,4.0 2,5.0 3,13.0 4,2.0 5,15.0 6,22.0 7,10.0 8,12.0 9,8.0 10,11.0 11,11.0 12,12.0 13,2.0 14,3.0 15,2.0 16,2.0 17,2.0 18,5.0 19,5.0 20,1.0 21,6.0 22,2.0 23,2.0 26,6.0 30,19.0 31,4.0 32,6.0 33,4.0 34,2.0 35,2.0 36,2.0 37,2.0 38,1.0 39,1.0 40,1.0 41,4.0 42,8.0 43,2.0 44,1.0 45,1.0 46,1.0 47,1.0 48,7.0 49,1.0 55,1.0 61,2.0 62,8.0 68,2.0 71,4.0 72,7.0 73,3.0 74,1.0 75,2.0 76,2.0 79,3.0 80,1.0 81,1.0 85,3.0 90,7.0 91,3.0 92,1.0 96,14.0 97,2.0 98,2.0 99,1.0 103,2.0 104,1.0 107,1.0 108,6.0 109,12.0 110,1.0 119,1.0 120,2.0 132,1.0 134,1.0 157,1.0 158,1.0 162,2.0 163,3.0 166,1.0 196,1.0 200,1.0 205,1.0 220,1.0 224,1.0 227,1.0 251,1.0 266,1.0 327,1.0 333,1.0 351,2.0 358,2.0 394,1.0 397,1.0 401,1.0 
1,1.0 2,4.0 3,5.0 4,16.0 5,5.0 6,18.0 7,8.0 8,11.0 9,6.0 10,11.0 11,11.0 12,11.0 14,1.0 15,2.0 17,1.0 18,1.0 19,1.0 20,2.0 23,2.0 26,5.0 27,5.0 30,1.0 31,1.0 32,14.0 33,2.0 41,3.0 43,2.0 46,2.0 47,2.0 48,4.0 49,4.0 50,4.0 51,2.0 55,1.0 61,2.0 62,2.0 68,1.0 69,1.0 71,2.0 74,2.0 75,1.0 77,4.0 78,6.0 79,2.0 80,1.0 81,1.0 82,1.0 89,2.0 90,1.0 96,5.0 99,1.0 103,1.0 104,2.0 107,2.0 108,4.0 109,3.0 110,1.0 120,1.0 121,2.0 136,1.0 162,1.0 163,1.0 175,1.0 204,1.0 205,1.0 206,1.0 278,1.0 379,1.0 
0,1.0 2,4.0 3,13.0 4,23.0 5,18.0 6,1.0 7,9.0 8,11.0 9,6.0 10,13.0 11,11.0 12,11.0 16,1.0 17,1.0 18,1.0 19,1.0 20,2.0 21,2.0 22,2.0 26,5.0 30,9.0 31,5.0 32,2.0 33,1.0 34,1.0 36,1.0 41,3.0 42,2.0 43,3.0 48,3.0 49,3.0 50,1.0 60,1.0 61,1.0 62,2.0 68,3.0 69,2.0 70,2.0 71,4.0 72,6.0 73,7.0 74,3.0 75,3.0 76,2.0 77,3.0 78,5.0 79,2.0 80,1.0 81,1.0 82,1.0 89,2.0 90,1.0 99,1.0 104,1.0 108,2.0 109,1.0 111,2.0 112,1.0 121,1.0 122,1.0 136,1.0 145,1.0 151,1.0 153,2.0 154,1.0 155,1.0 162,1.0 163,1.0 327,2.0 340,1.0 359,1.0 371,1.0 372,1.0 373,1.0 
0,5.0 1,5.0 2,5.0 3,5.0 4,1.0 8,23.0 9,20.0 10,18.0 11,20.0 12,13.0 13,5.0 14,18.0 15,14.0 16,6.0 17,10.0 23,13.0 24,5.0 25,5.0 26,8.0 27,8.0 28,4.0 29,7.0 41,1.0 42,2.0 44,3.0 45,3.0 46,3.0 47,3.0 51,1.0 56,1.0 106,1.0 108,2.0 110,2.0 111,1.0 113,3.0 114,3.0 157,2.0 160,1.0 285,1.0 341,1.0 377,1.0 
0,5.0 1,5.0 2,5.0 3,5.0 7,26.0 9,26.0 10,18.0 11,23.0 12,16.0 13,5.0 14,21.0 15,16.0 16,10.0 17,13.0 23,16.0 24,5.0 25,5.0 26,10.0 27,12.0 28,5.0 29,7.0 34,2.0 41,6.0 44,3.0 45,3.0 46,3.0 47,5.0 51,5.0 54,1.0 55,2.0 56,2.0 91,2.0 92,1.0 97,3.0 99,1.0 106,3.0 110,2.0 113,1.0 117,1.0 123,2.0 157,1.0 160,2.0 163,2.0 194,1.0 201,4.0 207,2.0 238,2.0 248,4.0 253,2.0 255,2.0 256,4.0 262,1.0 263,1.0 285,1.0 329,1.0 330,1.0 341,1.0 344,1.0 346,1.0 
0,3.0 1,3.0 3,13.0 7,15.0 8,21.0 9,8.0 10,13.0 11,18.0 12,11.0 13,15.0 14,32.0 15,29.0 16,20.0 17,26.0 18,5.0 19,11.0 20,5.0 23,6.0 24,5.0 25,5.0 26,1.0 27,12.0 28,6.0 29,10.0 30,5.0 41,6.0 51,2.0 52,3.0 53,3.0 54,4.0 55,4.0 56,3.0 57,3.0 58,3.0 76,1.0 112,2.0 119,1.0 125,1.0 146,2.0 224,1.0 248,1.0 252,2.0 359,1.0 367,1.0 395,1.0 397,1.0 398,1.0 399,1.0 401,1.0 
7,15.0 8,18.0 9,28.0 11,23.0 12,16.0 13,8.0 14,15.0 15,14.0 16,9.0 17,14.0 23,3.0 24,1.0 25,1.0 26,5.0 27,8.0 28,5.0 29,7.0 41,3.0 46,1.0 47,2.0 51,1.0 54,1.0 91,1.0 94,1.0 111,2.0 112,1.0 114,1.0 115,1.0 118,1.0 122,3.0 124,1.0 125,3.0 131,1.0 136,1.0 139,1.0 145,1.0 156,2.0 157,2.0 167,1.0 168,1.0 169,1.0 170,1.0 197,1.0 256,2.0 262,1.0 329,1.0 330,1.0 
2,3.0 3,5.0 7,15.0 8,18.0 9,32.0 10,18.0 11,6.0 12,18.0 13,5.0 14,13.0 15,13.0 16,11.0 17,13.0 19,3.0 23,1.0 26,5.0 27,8.0 28,5.0 29,14.0 30,5.0 41,3.0 46,1.0 51,1.0 59,1.0 68,2.0 119,1.0 120,1.0 146,1.0 181,1.0 210,1.0 224,1.0 255,1.0 267,1.0 273,1.0 277,1.0 278,2.0 292,1.0 352,1.0 353,1.0 393,1.0 395,1.0 397,1.0 398,1.0 399,1.0 401,2.0 405,1.0 406,1.0 
7,13.0 8,16.0 9,22.0 10,16.0 11,22.0 13,3.0 14,11.0 15,11.0 16,6.0 17,11.0 26,5.0 27,8.0 28,5.0 29,5.0 41,3.0 44,1.0 45,1.0 210,1.0 269,1.0 292,1.0 363,1.0 393,1.0 401,1.0 405,1.0 406,1.0 
3,5.0 7,5.0 8,5.0 9,10.0 10,5.0 13,2.0 14,18.0 15,15.0 16,10.0 17,10.0 18,6.0 19,6.0 20,6.0 23,6.0 24,7.0 25,6.0 26,1.0 32,2.0 47,1.0 51,4.0 55,1.0 56,2.0 72,2.0 94,1.0 106,1.0 113,1.0 114,8.0 119,1.0 122,3.0 123,2.0 125,2.0 133,2.0 157,3.0 158,1.0 175,1.0 197,1.0 248,1.0 256,4.0 262,1.0 308,1.0 310,1.0 
0,8.0 1,11.0 2,8.0 3,14.0 7,15.0 8,15.0 9,20.0 10,5.0 11,5.0 12,5.0 13,13.0 14,5.0 15,23.0 16,13.0 17,18.0 18,5.0 19,8.0 20,7.0 23,18.0 24,15.0 25,12.0 26,2.0 27,14.0 28,5.0 31,3.0 33,3.0 46,10.0 47,5.0 51,2.0 52,1.0 55,3.0 56,1.0 57,1.0 59,1.0 71,2.0 89,2.0 95,1.0 106,1.0 114,3.0 122,1.0 123,1.0 125,2.0 132,1.0 136,1.0 146,1.0 156,4.0 157,2.0 158,2.0 162,2.0 172,1.0 175,1.0 176,1.0 201,2.0 224,1.0 237,1.0 238,1.0 248,3.0 250,2.0 256,1.0 262,1.0 308,1.0 310,2.0 336,1.0 366,1.0 395,2.0 397,1.0 398,2.0 399,2.0 400,1.0 401,1.0 402,1.0 403,1.0 
0,3.0 1,6.0 2,3.0 3,8.0 7,10.0 8,11.0 9,24.0 10,6.0 11,5.0 12,5.0 13,16.0 14,27.0 15,3.0 16,14.0 17,18.0 18,6.0 19,9.0 20,6.0 23,12.0 24,7.0 25,6.0 26,1.0 27,15.0 28,5.0 29,8.0 31,3.0 32,2.0 33,3.0 41,6.0 46,6.0 47,7.0 51,6.0 52,6.0 53,6.0 54,4.0 55,3.0 56,3.0 57,3.0 58,3.0 72,2.0 85,2.0 91,2.0 94,1.0 106,1.0 114,3.0 119,1.0 125,2.0 133,2.0 150,2.0 157,1.0 158,1.0 174,1.0 197,1.0 207,2.0 238,1.0 248,1.0 252,2.0 256,1.0 282,1.0 308,1.0 310,1.0 
0,3.0 1,4.0 3,8.0 7,6.0 8,6.0 9,15.0 10,2.0 11,2.0 12,1.0 13,10.0 14,22.0 15,13.0 16,1.0 17,17.0 18,5.0 19,7.0 20,5.0 23,5.0 24,5.0 25,5.0 26,1.0 27,9.0 29,2.0 30,1.0 36,1.0 46,3.0 47,1.0 48,1.0 54,1.0 55,3.0 56,1.0 63,1.0 75,1.0 76,1.0 83,1.0 91,3.0 101,2.0 106,1.0 109,1.0 111,1.0 112,2.0 113,1.0 114,1.0 119,1.0 120,1.0 122,1.0 123,1.0 125,1.0 145,2.0 146,4.0 156,3.0 157,2.0 159,3.0 160,1.0 167,4.0 192,2.0 193,4.0 201,1.0 210,1.0 224,3.0 238,1.0 247,1.0 248,2.0 255,1.0 256,2.0 257,2.0 258,1.0 262,3.0 265,1.0 279,1.0 280,1.0 308,1.0 337,1.0 386,1.0 387,1.0 388,1.0 389,1.0 390,2.0 391,1.0 395,6.0 397,3.0 398,6.0 399,6.0 400,3.0 401,2.0 402,4.0 403,3.0 
0,3.0 1,4.0 3,8.0 7,10.0 8,10.0 9,18.0 10,6.0 11,7.0 12,5.0 13,10.0 14,24.0 15,18.0 16,17.0 18,5.0 19,8.0 20,5.0 23,5.0 24,6.0 25,5.0 27,11.0 28,9.0 29,1.0 30,1.0 46,1.0 47,1.0 48,2.0 61,1.0 103,1.0 108,1.0 111,1.0 119,1.0 120,1.0 122,1.0 140,1.0 141,1.0 142,1.0 143,1.0 144,1.0 145,2.0 146,2.0 156,1.0 157,1.0 223,1.0 232,1.0 248,1.0 250,1.0 260,1.0 262,2.0 266,1.0 267,1.0 380,1.0 381,1.0 382,1.0 383,2.0 384,1.0 385,1.0 392,2.0 395,5.0 398,3.0 399,3.0 400,1.0 402,2.0 403,1.0 404,1.0 
2,1.0 3,10.0 4,7.0 5,1.0 18,1.0 19,15.0 20,12.0 21,10.0 22,3.0 30,6.0 31,2.0 32,1.0 33,1.0 42,3.0 44,1.0 46,1.0 68,3.0 69,1.0 71,3.0 72,3.0 81,2.0 96,11.0 98,1.0 107,2.0 109,6.0 119,4.0 120,4.0 121,3.0 132,2.0 133,2.0 134,1.0 220,1.0 222,1.0 252,1.0 268,1.0 278,1.0 312,2.0 314,2.0 321,1.0 350,1.0 353,1.0 354,1.0 360,1.0 
0,5.0 1,6.0 3,23.0 4,11.0 5,1.0 6,5.0 11,1.0 16,2.0 18,17.0 19,2.0 20,8.0 21,7.0 22,3.0 30,12.0 42,10.0 43,4.0 48,2.0 61,1.0 68,1.0 74,5.0 96,6.0 103,3.0 104,2.0 107,2.0 108,2.0 109,11.0 119,4.0 120,4.0 121,3.0 132,4.0 147,4.0 167,1.0 175,1.0 193,3.0 212,1.0 214,1.0 220,2.0 226,1.0 227,1.0 228,1.0 234,1.0 277,1.0 279,1.0 312,2.0 314,2.0 316,1.0 320,1.0 
3,11.0 4,7.0 5,1.0 6,2.0 18,11.0 19,7.0 20,2.0 21,12.0 22,5.0 30,2.0 31,4.0 42,1.0 44,1.0 68,1.0 71,6.0 72,4.0 75,2.0 89,6.0 90,1.0 96,7.0 107,1.0 109,2.0 119,5.0 120,1.0 121,1.0 132,2.0 133,2.0 134,2.0 252,1.0 268,1.0 312,1.0 314,1.0 350,1.0 353,1.0 354,1.0 359,1.0 360,1.0 364,1.0 365,2.0 366,1.0 
4,6.0 6,2.0 9,3.0 10,1.0 13,4.0 14,5.0 15,4.0 16,3.0 17,3.0 18,2.0 19,1.0 20,1.0 22,5.0 23,1.0 24,1.0 27,1.0 29,1.0 42,3.0 46,1.0 47,1.0 50,1.0 71,1.0 72,5.0 85,2.0 91,1.0 92,1.0 96,7.0 97,2.0 98,2.0 107,2.0 111,2.0 112,1.0 119,1.0 120,1.0 121,3.0 132,1.0 133,2.0 134,2.0 135,1.0 136,1.0 145,1.0 146,1.0 157,1.0 158,1.0 159,1.0 160,1.0 161,1.0 248,1.0 251,1.0 266,1.0 327,1.0 366,1.0 
4,1.0 6,2.0 9,3.0 10,1.0 13,3.0 14,3.0 15,3.0 16,3.0 17,3.0 21,5.0 90,2.0 96,2.0 111,1.0 112,1.0 134,1.0 136,1.0 145,1.0 220,1.0 327,1.0 333,1.0 
0,6.0 1,8.0 2,8.0 3,5.0 7,9.0 8,9.0 9,4.0 13,3.0 14,17.0 15,17.0 16,1.0 23,3.0 24,11.0 25,6.0 26,12.0 27,11.0 29,3.0 31,3.0 33,3.0 41,3.0 42,1.0 43,1.0 44,3.0 45,3.0 46,18.0 47,10.0 51,9.0 52,4.0 53,3.0 54,2.0 56,1.0 77,2.0 85,1.0 100,1.0 104,1.0 105,2.0 106,3.0 107,1.0 113,2.0 114,3.0 115,2.0 116,2.0 117,2.0 118,2.0 124,2.0 125,3.0 127,1.0 131,1.0 132,1.0 139,1.0 157,8.0 158,4.0 162,2.0 167,1.0 169,1.0 170,1.0 171,1.0 172,2.0 173,1.0 174,1.0 175,2.0 176,2.0 193,1.0 201,4.0 207,1.0 238,3.0 248,5.0 250,5.0 252,1.0 255,1.0 256,1.0 259,2.0 269,1.0 283,1.0 308,1.0 310,1.0 
0,5.0 1,5.0 2,5.0 3,5.0 7,5.0 8,5.0 11,1.0 13,2.0 14,9.0 15,2.0 16,2.0 18,2.0 19,1.0 20,2.0 23,9.0 25,8.0 26,3.0 27,1.0 29,2.0 30,1.0 46,8.0 48,1.0 68,1.0 71,1.0 79,1.0 89,1.0 92,1.0 96,1.0 99,2.0 102,2.0 114,2.0 119,2.0 120,1.0 121,1.0 122,1.0 124,1.0 132,1.0 144,1.0 146,2.0 156,1.0 157,3.0 158,3.0 162,2.0 172,1.0 181,1.0 210,1.0 224,2.0 237,2.0 248,2.0 249,1.0 250,7.0 255,2.0 259,3.0 308,1.0 310,1.0 380,1.0 381,1.0 382,1.0 395,2.0 397,2.0 398,2.0 399,2.0 401,2.0 
0,5.0 1,5.0 2,5.0 3,5.0 7,5.0 8,5.0 11,1.0 13,1.0 14,6.0 15,1.0 16,1.0 18,1.0 19,1.0 20,2.0 23,5.0 24,8.0 29,1.0 71,1.0 89,1.0 114,1.0 119,1.0 122,1.0 132,1.0 146,1.0 156,1.0 224,1.0 395,1.0 397,1.0 398,1.0 399,1.0 401,1.0 
2,1.0 7,8.0 8,12.0 9,5.0 10,5.0 11,5.0 12,5.0 13,1.0 14,9.0 15,8.0 16,1.0 17,5.0 18,1.0 23,12.0 24,2.0 27,10.0 28,4.0 36,1.0 44,4.0 45,4.0 46,7.0 47,3.0 51,6.0 68,1.0 80,1.0 85,1.0 86,1.0 91,2.0 100,2.0 106,1.0 114,1.0 124,1.0 125,1.0 132,1.0 151,1.0 152,1.0 157,3.0 158,2.0 160,2.0 174,1.0 201,2.0 207,4.0 220,1.0 224,1.0 238,2.0 248,3.0 250,2.0 252,3.0 254,2.0 255,1.0 259,2.0 262,1.0 265,1.0 269,1.0 285,1.0 308,2.0 310,2.0 341,1.0 371,1.0 374,1.0 392,1.0 395,2.0 396,1.0 398,1.0 399,1.0 400,1.0 402,1.0 403,1.0 
0,3.0 1,6.0 2,5.0 3,4.0 7,5.0 8,7.0 9,12.0 10,5.0 11,7.0 12,5.0 14,16.0 15,17.0 16,8.0 17,10.0 19,3.0 23,8.0 26,4.0 27,2.0 28,5.0 29,6.0 31,3.0 33,3.0 36,1.0 41,4.0 44,2.0 45,3.0 46,6.0 47,6.0 51,3.0 52,3.0 53,3.0 55,3.0 56,1.0 75,1.0 79,1.0 88,1.0 89,1.0 91,1.0 95,1.0 98,2.0 106,1.0 114,1.0 117,1.0 125,2.0 136,3.0 145,1.0 146,3.0 149,2.0 151,1.0 152,1.0 160,4.0 163,2.0 167,1.0 193,1.0 196,1.0 207,4.0 224,3.0 248,1.0 252,1.0 253,2.0 254,1.0 262,3.0 278,1.0 307,1.0 308,1.0 336,1.0 338,1.0 339,1.0 344,1.0 366,4.0 371,1.0 374,1.0 393,1.0 395,5.0 396,1.0 397,3.0 398,7.0 399,6.0 400,4.0 401,2.0 402,3.0 403,3.0 
0,1.0 1,1.0 3,1.0 7,4.0 8,4.0 9,5.0 10,4.0 11,4.0 12,4.0 14,5.0 15,5.0 16,2.0 17,8.0 19,1.0 27,5.0 34,1.0 36,1.0 61,1.0 63,1.0 103,1.0 108,1.0 145,1.0 146,1.0 148,1.0 149,1.0 150,1.0 151,1.0 152,1.0 223,1.0 262,1.0 392,2.0 395,4.0 398,2.0 399,2.0 402,1.0 404,1.0 
2,1.0 3,5.0 7,2.0 8,2.0 9,15.0 10,2.0 11,10.0 13,2.0 14,2.0 15,5.0 16,5.0 17,3.0 19,3.0 23,1.0 26,1.0 27,4.0 30,5.0 34,4.0 41,4.0 44,1.0 45,1.0 46,1.0 51,1.0 52,3.0 53,3.0 54,3.0 55,4.0 56,3.0 57,3.0 58,3.0 91,2.0 97,2.0 101,4.0 146,4.0 160,2.0 192,4.0 224,2.0 248,2.0 258,3.0 262,1.0 366,1.0 395,2.0 397,2.0 398,2.0 399,2.0 401,2.0 
1,9.0 2,8.0 3,24.0 4,25.0 5,4.0 6,14.0 9,2.0 12,1.0 13,2.0 14,2.0 15,2.0 16,2.0 17,3.0 18,6.0 19,11.0 21,2.0 28,1.0 31,4.0 32,6.0 33,3.0 42,5.0 43,1.0 46,1.0 48,7.0 50,1.0 61,2.0 62,3.0 68,2.0 69,2.0 70,2.0 71,3.0 72,3.0 73,1.0 74,2.0 75,1.0 76,1.0 79,2.0 86,1.0 90,1.0 91,1.0 96,6.0 100,1.0 103,2.0 107,1.0 109,9.0 119,1.0 121,2.0 139,1.0 141,1.0 147,1.0 153,1.0 162,1.0 163,2.0 169,1.0 222,1.0 248,1.0 283,2.0 311,1.0 314,1.0 316,1.0 324,1.0 
0,10.0 1,15.0 2,7.0 3,4.0 4,3.0 5,3.0 6,1.0 18,1.0 20,2.0 30,4.0 32,4.0 33,13.0 42,6.0 48,13.0 49,12.0 50,13.0 60,1.0 71,3.0 72,2.0 73,1.0 96,1.0 119,1.0 120,1.0 121,1.0 153,2.0 193,3.0 194,3.0 197,3.0 297,2.0 312,1.0 314,1.0 
1,3.0 2,9.0 3,2.0 4,8.0 5,13.0 6,4.0 12,1.0 14,1.0 18,1.0 19,1.0 27,3.0 30,6.0 32,6.0 33,4.0 34,2.0 35,2.0 36,2.0 37,2.0 38,1.0 39,1.0 40,1.0 42,1.0 43,2.0 46,1.0 47,1.0 48,5.0 49,4.0 55,1.0 61,4.0 62,7.0 68,1.0 71,1.0 72,2.0 73,1.0 77,1.0 78,2.0 79,1.0 81,1.0 85,1.0 90,1.0 91,1.0 96,2.0 98,2.0 104,2.0 107,2.0 108,3.0 109,1.0 120,1.0 121,1.0 133,2.0 136,3.0 162,1.0 163,1.0 171,1.0 193,1.0 194,1.0 210,1.0 220,2.0 221,1.0 227,1.0 269,1.0 278,2.0 314,1.0 318,1.0 366,1.0 379,1.0 380,1.0 
1,10.0 2,5.0 3,1.0 4,3.0 5,3.0 18,2.0 19,1.0 21,1.0 30,1.0 31,8.0 32,5.0 34,2.0 35,2.0 36,2.0 37,2.0 38,1.0 39,1.0 40,1.0 42,3.0 43,3.0 48,13.0 49,11.0 50,13.0 60,2.0 71,1.0 77,1.0 90,1.0 96,3.0 120,3.0 121,3.0 192,2.0 193,1.0 194,1.0 197,1.0 210,2.0 212,1.0 240,1.0 241,1.0 242,1.0 243,1.0 366,1.0 379,1.0 380,1.0 
1,1.0 2,1.0 3,1.0 4,1.0 7,2.0 8,6.0 9,4.0 10,2.0 11,2.0 15,2.0 20,1.0 26,2.0 29,4.0 30,1.0 35,2.0 36,5.0 37,2.0 38,1.0 39,1.0 40,1.0 63,2.0 75,1.0 89,1.0 91,4.0 96,1.0 97,4.0 101,8.0 109,1.0 148,2.0 149,2.0 150,2.0 151,3.0 152,2.0 159,2.0 160,4.0 162,2.0 192,8.0 201,2.0 237,2.0 248,4.0 255,2.0 256,4.0 258,2.0 365,1.0 371,1.0 372,1.0 373,1.0 
1,1.0 2,1.0 3,1.0 4,1.0 30,1.0 34,2.0 36,2.0 37,2.0 38,1.0 39,1.0 40,1.0 96,1.0 109,1.0 
1,1.0 2,1.0 3,1.0 4,1.0 7,2.0 8,2.0 9,2.0 10,2.0 11,2.0 14,1.0 16,1.0 20,1.0 29,2.0 30,1.0 34,5.0 35,2.0 37,2.0 38,2.0 39,2.0 40,1.0 46,1.0 63,2.0 64,1.0 75,1.0 79,1.0 89,1.0 96,1.0 99,1.0 109,1.0 148,2.0 149,2.0 150,2.0 151,5.0 152,3.0 201,2.0 237,1.0 248,1.0 265,1.0 365,1.0 371,3.0 372,1.0 373,2.0 374,1.0 375,1.0 
1,1.0 2,1.0 3,1.0 4,1.0 30,1.0 34,2.0 35,2.0 36,2.0 38,1.0 39,1.0 40,1.0 96,1.0 109,1.0 
1,1.0 2,1.0 3,1.0 14,1.0 30,1.0 34,1.0 35,1.0 36,2.0 37,1.0 39,1.0 40,1.0 79,1.0 99,1.0 201,1.0 237,1.0 248,1.0 
1,1.0 2,1.0 3,1.0 17,1.0 27,1.0 29,1.0 30,1.0 34,1.0 35,1.0 36,1.0 37,1.0 38,1.0 40,1.0 64,1.0 146,1.0 151,1.0 371,1.0 373,1.0 375,1.0 
1,1.0 2,1.0 3,1.0 30,1.0 34,1.0 35,1.0 36,1.0 37,1.0 38,1.0 39,1.0 
1,3.0 7,1.0 8,3.0 9,9.0 10,3.0 11,4.0 12,4.0 14,3.0 15,6.0 16,2.0 17,3.0 26,1.0 27,3.0 28,1.0 29,3.0 44,2.0 47,7.0 48,3.0 51,8.0 52,5.0 53,9.0 54,3.0 55,3.0 56,6.0 57,6.0 58,3.0 59,5.0 77,1.0 79,1.0 91,1.0 97,1.0 105,1.0 106,3.0 111,1.0 113,2.0 114,1.0 116,1.0 118,1.0 127,1.0 157,1.0 159,1.0 175,1.0 196,2.0 200,1.0 205,1.0 224,1.0 254,1.0 256,7.0 262,7.0 264,1.0 275,1.0 307,2.0 308,3.0 329,1.0 330,1.0 345,1.0 393,1.0 394,1.0 397,1.0 401,2.0 
0,1.0 4,8.0 6,2.0 7,4.0 8,3.0 10,1.0 13,1.0 15,1.0 18,2.0 19,2.0 21,3.0 23,3.0 26,3.0 27,1.0 30,2.0 33,1.0 41,1.0 43,5.0 44,3.0 45,3.0 48,11.0 49,9.0 50,6.0 55,1.0 62,2.0 75,1.0 85,2.0 94,1.0 96,1.0 98,1.0 103,1.0 104,3.0 107,4.0 108,4.0 109,7.0 110,1.0 111,1.0 119,1.0 120,1.0 121,3.0 125,1.0 154,1.0 155,1.0 159,1.0 160,1.0 161,1.0 166,1.0 171,3.0 173,1.0 175,1.0 177,1.0 193,1.0 194,4.0 196,1.0 197,2.0 200,1.0 205,1.0 211,3.0 214,3.0 215,2.0 216,2.0 217,1.0 221,3.0 224,1.0 226,1.0 229,3.0 240,1.0 256,1.0 283,1.0 292,1.0 307,1.0 311,1.0 312,1.0 377,1.0 394,1.0 397,1.0 401,1.0 
0,8.0 1,11.0 2,2.0 4,3.0 5,1.0 6,3.0 7,2.0 8,2.0 10,1.0 16,1.0 17,1.0 23,2.0 26,2.0 31,8.0 32,2.0 33,8.0 42,5.0 44,2.0 45,2.0 48,5.0 49,10.0 50,2.0 60,1.0 72,1.0 73,1.0 75,1.0 104,1.0 107,1.0 108,2.0 109,1.0 110,1.0 111,1.0 122,1.0 133,1.0 154,1.0 155,1.0 171,1.0 173,3.0 174,1.0 177,1.0 192,5.0 193,8.0 194,7.0 197,6.0 200,3.0 210,2.0 212,1.0 214,2.0 220,1.0 302,1.0 305,1.0 
2,1.0 7,3.0 8,3.0 14,3.0 15,3.0 18,1.0 19,1.0 20,1.0 23,6.0 26,4.0 27,4.0 36,1.0 41,2.0 45,4.0 46,3.0 47,5.0 51,2.0 53,2.0 68,1.0 132,1.0 151,1.0 152,1.0 220,1.0 252,1.0 262,3.0 268,1.0 308,2.0 350,1.0 353,1.0 354,1.0 360,1.0 371,1.0 374,1.0 
2,1.0 7,3.0 8,3.0 11,1.0 14,3.0 15,3.0 23,6.0 26,4.0 27,4.0 36,1.0 44,4.0 46,3.0 47,3.0 151,1.0 152,1.0 262,1.0 371,1.0 374,1.0 378,1.0 
1,7.0 2,5.0 3,1.0 9,4.0 11,2.0 13,1.0 14,6.0 15,11.0 16,2.0 19,1.0 20,1.0 23,12.0 24,2.0 25,1.0 27,6.0 29,5.0 30,1.0 31,3.0 32,2.0 33,3.0 36,2.0 38,1.0 41,3.0 46,3.0 47,10.0 48,3.0 49,1.0 51,7.0 52,4.0 53,3.0 56,1.0 63,1.0 71,1.0 79,1.0 80,1.0 85,2.0 88,1.0 89,1.0 99,5.0 103,1.0 109,1.0 114,1.0 125,1.0 156,1.0 157,4.0 158,1.0 159,4.0 160,1.0 161,1.0 172,1.0 176,1.0 201,3.0 210,1.0 220,1.0 222,1.0 237,2.0 238,1.0 248,3.0 249,2.0 250,1.0 256,3.0 258,2.0 262,2.0 265,1.0 276,1.0 281,1.0 284,1.0 
1,4.0 2,3.0 3,1.0 9,3.0 13,1.0 14,5.0 15,10.0 20,1.0 23,7.0 24,2.0 25,1.0 27,6.0 29,3.0 31,3.0 33,3.0 41,7.0 46,11.0 48,1.0 51,17.0 52,3.0 53,5.0 56,3.0 59,2.0 61,1.0 71,1.0 89,1.0 103,1.0 106,8.0 108,1.0 114,1.0 156,1.0 157,2.0 158,1.0 220,1.0 256,8.0 262,2.0 275,2.0 290,1.0 307,4.0 308,2.0 
1,17.0 2,1.0 4,10.0 5,4.0 6,4.0 7,1.0 8,1.0 15,3.0 17,1.0 18,1.0 19,2.0 23,4.0 24,1.0 26,1.0 27,3.0 28,1.0 30,9.0 32,3.0 33,7.0 42,11.0 43,5.0 44,1.0 45,1.0 46,3.0 47,4.0 48,4.0 49,32.0 50,16.0 51,3.0 60,5.0 61,3.0 62,4.0 72,4.0 73,1.0 78,1.0 79,1.0 81,1.0 86,1.0 90,1.0 91,1.0 100,1.0 103,1.0 107,2.0 108,2.0 109,7.0 120,2.0 121,5.0 134,1.0 139,1.0 141,1.0 144,1.0 153,3.0 162,1.0 163,2.0 169,1.0 171,5.0 177,1.0 181,1.0 192,2.0 210,1.0 211,1.0 212,1.0 215,2.0 216,2.0 217,1.0 220,1.0 221,5.0 229,1.0 248,1.0 275,1.0 283,1.0 292,1.0 312,1.0 321,1.0 323,1.0 
1,3.0 4,3.0 5,4.0 6,4.0 10,1.0 15,3.0 16,1.0 17,1.0 23,3.0 27,3.0 32,2.0 42,9.0 43,11.0 46,3.0 47,3.0 48,25.0 49,4.0 50,10.0 51,3.0 60,7.0 61,3.0 62,3.0 63,3.0 64,3.0 65,3.0 66,3.0 67,3.0 72,5.0 73,2.0 78,1.0 90,2.0 107,3.0 108,3.0 111,1.0 121,2.0 122,1.0 133,1.0 153,3.0 171,7.0 173,3.0 174,1.0 177,2.0 192,2.0 193,5.0 194,5.0 197,3.0 211,2.0 215,2.0 216,2.0 217,1.0 221,5.0 222,1.0 229,1.0 237,1.0 238,1.0 292,1.0 302,1.0 305,1.0 
1,1.0 3,1.0 5,4.0 6,1.0 15,3.0 17,1.0 19,1.0 21,1.0 23,3.0 27,6.0 29,1.0 30,2.0 33,5.0 42,5.0 43,2.0 46,3.0 47,3.0 48,15.0 49,12.0 51,3.0 62,1.0 72,2.0 78,1.0 81,1.0 82,1.0 96,3.0 98,1.0 104,1.0 107,1.0 109,2.0 121,4.0 146,1.0 153,3.0 163,1.0 171,5.0 177,1.0 192,2.0 193,1.0 211,1.0 212,1.0 214,1.0 215,2.0 216,4.0 217,1.0 221,3.0 229,1.0 240,1.0 241,1.0 242,1.0 243,1.0 312,1.0 317,1.0 340,1.0 366,1.0 
5,2.0 7,1.0 8,4.0 9,4.0 11,1.0 13,2.0 14,1.0 15,9.0 23,8.0 24,1.0 26,4.0 27,3.0 29,4.0 32,2.0 34,2.0 41,13.0 44,2.0 46,7.0 47,13.0 51,6.0 52,3.0 53,9.0 54,2.0 56,8.0 59,2.0 77,1.0 85,2.0 98,1.0 99,2.0 100,3.0 101,2.0 102,1.0 105,1.0 106,12.0 113,1.0 114,2.0 116,1.0 118,1.0 124,1.0 125,1.0 127,1.0 150,1.0 157,6.0 158,1.0 159,2.0 163,1.0 187,1.0 191,1.0 192,3.0 201,2.0 207,1.0 237,6.0 247,1.0 248,4.0 251,2.0 252,1.0 255,1.0 256,15.0 260,1.0 262,7.0 269,1.0 283,1.0 307,6.0 308,3.0 310,1.0 
9,3.0 14,1.0 15,3.0 23,1.0 29,3.0 41,3.0 46,1.0 47,2.0 53,3.0 54,3.0 55,3.0 56,3.0 57,3.0 58,3.0 176,1.0 256,2.0 
9,3.0 15,3.0 29,3.0 41,9.0 44,2.0 47,4.0 51,4.0 52,5.0 54,3.0 55,3.0 56,3.0 57,3.0 58,3.0 59,2.0 106,2.0 256,6.0 262,6.0 308,2.0 
7,1.0 8,1.0 9,1.0 16,1.0 23,1.0 41,3.0 50,1.0 51,1.0 55,4.0 56,3.0 57,6.0 58,3.0 59,3.0 60,1.0 77,1.0 104,1.0 105,1.0 107,1.0 113,3.0 115,1.0 126,1.0 127,1.0 128,1.0 129,1.0 130,1.0 153,1.0 157,1.0 167,1.0 193,1.0 376,1.0 
3,1.0 5,2.0 9,2.0 13,2.0 14,3.0 15,2.0 27,5.0 41,3.0 46,1.0 50,2.0 54,3.0 56,3.0 57,6.0 58,3.0 59,3.0 75,1.0 88,1.0 92,1.0 95,1.0 96,2.0 123,3.0 125,1.0 136,1.0 147,1.0 174,1.0 224,1.0 231,1.0 258,1.0 262,1.0 336,1.0 366,1.0 392,1.0 393,1.0 394,1.0 395,1.0 397,1.0 398,1.0 399,1.0 401,1.0 
8,2.0 13,1.0 16,1.0 23,1.0 41,5.0 46,2.0 47,4.0 51,7.0 54,4.0 55,3.0 57,6.0 58,3.0 59,3.0 106,4.0 113,4.0 114,3.0 125,1.0 146,1.0 157,2.0 167,1.0 193,1.0 256,3.0 262,1.0 307,2.0 309,1.0 376,1.0 
1,3.0 41,7.0 48,3.0 54,3.0 55,3.0 56,3.0 57,3.0 58,3.0 59,7.0 106,1.0 308,1.0 310,1.0 
41,3.0 54,3.0 55,3.0 56,3.0 57,6.0 59,3.0 
1,3.0 2,1.0 29,1.0 41,6.0 48,3.0 52,2.0 53,2.0 57,4.0 106,1.0 119,1.0 120,1.0 181,1.0 256,2.0 262,2.0 267,1.0 273,1.0 308,1.0 310,1.0 352,1.0 353,1.0 
1,4.0 6,1.0 10,1.0 13,1.0 16,1.0 17,1.0 43,1.0 48,3.0 49,7.0 61,3.0 73,1.0 111,1.0 122,2.0 127,1.0 128,1.0 129,1.0 130,1.0 153,1.0 171,1.0 173,1.0 193,1.0 211,1.0 222,1.0 237,1.0 238,1.0 
1,3.0 2,3.0 3,3.0 4,4.0 5,1.0 6,3.0 17,1.0 19,1.0 30,2.0 32,3.0 42,1.0 46,1.0 48,3.0 49,3.0 62,7.0 71,2.0 72,2.0 73,1.0 74,3.0 90,1.0 103,3.0 104,1.0 108,2.0 260,1.0 266,1.0 267,1.0 269,1.0 276,1.0 278,1.0 
2,2.0 3,4.0 4,10.0 5,2.0 6,1.0 12,1.0 18,1.0 20,1.0 22,1.0 30,4.0 32,5.0 41,1.0 42,2.0 49,3.0 50,1.0 61,4.0 62,1.0 63,3.0 64,3.0 65,3.0 66,3.0 67,3.0 69,1.0 71,3.0 72,2.0 73,2.0 74,1.0 75,1.0 76,1.0 78,3.0 80,1.0 81,1.0 85,1.0 89,1.0 90,5.0 91,1.0 96,1.0 108,2.0 109,4.0 153,1.0 166,1.0 196,1.0 200,1.0 205,1.0 224,1.0 269,1.0 278,1.0 340,1.0 351,1.0 358,1.0 394,1.0 397,1.0 401,1.0 
0,3.0 1,3.0 2,3.0 3,3.0 7,2.0 8,2.0 9,2.0 10,2.0 11,2.0 29,3.0 34,2.0 36,2.0 46,1.0 64,3.0 65,3.0 66,3.0 67,3.0 148,2.0 149,2.0 150,2.0 151,2.0 152,2.0 159,2.0 210,2.0 238,2.0 255,1.0 256,1.0 
0,3.0 1,3.0 2,3.0 3,3.0 17,1.0 27,1.0 29,1.0 39,1.0 63,3.0 65,3.0 66,3.0 67,3.0 146,1.0 151,1.0 371,1.0 373,1.0 375,1.0 
0,3.0 1,3.0 2,3.0 3,3.0 63,3.0 64,3.0 66,3.0 67,3.0 
0,3.0 1,3.0 2,3.0 3,3.0 63,3.0 64,3.0 65,3.0 67,3.0 
0,3.0 1,3.0 2,3.0 3,3.0 63,3.0 64,3.0 65,3.0 66,3.0 177,1.0 217,1.0 306,1.0 
2,2.0 3,2.0 5,3.0 6,2.0 11,1.0 12,1.0 18,2.0 20,1.0 30,2.0 32,1.0 44,1.0 62,2.0 69,4.0 70,2.0 74,1.0 76,1.0 78,2.0 82,1.0 96,2.0 110,1.0 119,1.0 120,2.0 132,2.0 133,1.0 163,1.0 169,1.0 220,2.0 241,1.0 244,1.0 248,1.0 251,1.0 252,1.0 255,1.0 268,1.0 278,4.0 286,1.0 287,1.0 288,1.0 289,1.0 314,1.0 331,1.0 332,1.0 343,1.0 346,1.0 350,1.0 353,1.0 354,2.0 355,1.0 356,1.0 359,1.0 360,1.0 
3,2.0 5,1.0 6,3.0 20,1.0 23,1.0 26,1.0 30,1.0 34,1.0 36,1.0 51,1.0 62,1.0 68,1.0 70,2.0 71,2.0 72,1.0 73,1.0 78,1.0 89,1.0 96,1.0 133,1.0 151,1.0 278,2.0 308,1.0 310,1.0 371,1.0 372,1.0 373,1.0 
3,1.0 6,3.0 30,1.0 34,1.0 36,1.0 69,2.0 71,1.0 72,1.0 73,1.0 151,1.0 371,1.0 372,1.0 373,1.0 
0,3.0 1,3.0 3,10.0 4,6.0 6,3.0 18,3.0 20,6.0 21,8.0 22,1.0 30,3.0 31,3.0 33,1.0 48,2.0 49,3.0 50,3.0 60,1.0 61,2.0 62,2.0 72,11.0 73,3.0 74,3.0 75,1.0 76,1.0 89,5.0 90,3.0 96,5.0 120,1.0 121,1.0 132,2.0 133,2.0 134,2.0 153,1.0 
3,4.0 4,6.0 6,5.0 13,1.0 14,1.0 15,1.0 18,2.0 20,2.0 21,5.0 24,1.0 27,2.0 30,2.0 32,2.0 48,4.0 49,4.0 50,3.0 62,3.0 68,1.0 71,4.0 72,4.0 73,5.0 74,2.0 75,1.0 76,2.0 78,5.0 80,1.0 81,1.0 85,2.0 89,1.0 90,11.0 91,1.0 92,1.0 96,3.0 97,1.0 98,1.0 104,2.0 108,3.0 109,1.0 132,1.0 133,4.0 134,4.0 135,1.0 136,2.0 153,1.0 171,2.0 221,2.0 248,1.0 251,1.0 266,1.0 327,1.0 340,1.0 359,1.0 
3,3.0 4,3.0 6,5.0 20,1.0 22,1.0 30,1.0 49,1.0 60,1.0 62,1.0 68,1.0 71,2.0 72,5.0 74,2.0 75,1.0 76,2.0 78,2.0 89,1.0 90,2.0 96,1.0 108,1.0 153,1.0 193,1.0 222,1.0 237,1.0 238,1.0 327,1.0 340,1.0 359,1.0 
2,1.0 3,10.0 4,4.0 5,3.0 6,6.0 16,1.0 19,5.0 29,1.0 30,2.0 32,1.0 42,1.0 61,3.0 62,3.0 68,1.0 69,1.0 71,2.0 72,4.0 73,3.0 75,4.0 76,4.0 77,1.0 78,4.0 89,3.0 90,1.0 103,2.0 104,1.0 108,1.0 109,1.0 147,5.0 167,1.0 193,1.0 266,1.0 269,1.0 271,1.0 272,1.0 273,1.0 316,1.0 351,2.0 359,2.0 
0,1.0 3,10.0 4,2.0 5,4.0 6,7.0 17,1.0 20,2.0 21,1.0 22,1.0 28,1.0 30,1.0 32,1.0 43,1.0 49,1.0 60,1.0 62,1.0 72,2.0 73,2.0 74,4.0 76,6.0 77,3.0 78,6.0 89,6.0 90,2.0 96,1.0 125,1.0 137,1.0 138,1.0 139,1.0 140,1.0 141,1.0 142,1.0 143,1.0 144,1.0 146,1.0 147,2.0 154,1.0 155,1.0 262,1.0 351,3.0 358,2.0 365,1.0 366,1.0 
3,3.0 4,1.0 5,4.0 6,3.0 29,1.0 30,1.0 32,2.0 55,1.0 61,1.0 62,3.0 68,1.0 69,1.0 74,4.0 75,6.0 77,3.0 78,5.0 92,1.0 119,1.0 123,1.0 132,1.0 146,1.0 204,1.0 278,1.0 284,1.0 351,5.0 358,3.0 359,5.0 364,1.0 366,1.0 367,1.0 368,1.0 
2,4.0 3,1.0 5,4.0 6,3.0 9,1.0 10,1.0 18,1.0 20,1.0 31,1.0 32,2.0 33,2.0 51,1.0 75,1.0 78,3.0 79,1.0 80,1.0 81,1.0 82,1.0 89,1.0 96,1.0 105,9.0 111,2.0 112,2.0 115,1.0 116,2.0 117,2.0 118,1.0 120,1.0 127,1.0 210,1.0 366,1.0 379,1.0 380,1.0 
2,2.0 3,3.0 5,5.0 6,6.0 18,1.0 20,2.0 27,1.0 31,1.0 32,2.0 33,1.0 48,1.0 50,1.0 61,1.0 62,4.0 68,1.0 69,1.0 71,1.0 72,4.0 73,2.0 74,2.0 75,1.0 76,1.0 77,3.0 79,1.0 80,1.0 81,1.0 82,1.0 89,2.0 90,2.0 108,1.0 109,1.0 134,1.0 146,1.0 153,1.0 340,2.0 359,1.0 
14,1.0 24,1.0 26,1.0 36,1.0 38,1.0 41,1.0 42,1.0 46,1.0 51,1.0 80,1.0 81,1.0 82,1.0 83,1.0 84,1.0 85,4.0 91,2.0 92,2.0 93,1.0 98,2.0 99,2.0 102,1.0 157,1.0 162,4.0 163,6.0 164,1.0 165,1.0 196,1.0 201,2.0 237,2.0 248,2.0 249,1.0 254,1.0 259,1.0 283,1.0 305,3.0 311,1.0 312,1.0 313,1.0 314,1.0 315,1.0 319,1.0 329,2.0 369,1.0 
26,1.0 51,1.0 79,1.0 81,3.0 82,1.0 83,1.0 84,1.0 85,5.0 86,2.0 87,2.0 88,2.0 91,1.0 92,1.0 93,1.0 94,1.0 95,1.0 265,1.0 269,1.0 284,1.0 285,1.0 
30,1.0 32,1.0 48,2.0 79,1.0 80,3.0 82,2.0 83,1.0 84,1.0 85,3.0 86,3.0 87,2.0 88,2.0 91,1.0 98,4.0 100,2.0 283,3.0 311,1.0 312,1.0 314,1.0 318,1.0 321,2.0 322,1.0 323,1.0 324,1.0 325,1.0 
30,1.0 50,1.0 79,1.0 80,1.0 81,3.0 83,1.0 84,1.0 85,1.0 86,1.0 98,1.0 163,2.0 283,2.0 311,1.0 312,1.0 317,1.0 324,1.0 
16,1.0 80,1.0 81,1.0 84,1.0 85,2.0 86,1.0 87,1.0 91,1.0 137,1.0 139,1.0 145,1.0 159,1.0 251,1.0 266,1.0 284,1.0 305,1.0 369,1.0 410,1.0 411,1.0 412,1.0 413,1.0 414,1.0 415,1.0 
80,1.0 81,1.0 83,1.0 85,1.0 86,1.0 
1,1.0 4,1.0 10,1.0 15,1.0 23,3.0 26,2.0 30,2.0 42,1.0 50,1.0 51,2.0 79,1.0 80,6.0 81,2.0 82,1.0 83,1.0 85,3.0 86,3.0 87,5.0 88,6.0 91,8.0 92,3.0 93,2.0 94,2.0 95,2.0 97,4.0 98,9.0 99,1.0 100,1.0 101,2.0 102,2.0 109,1.0 137,1.0 139,1.0 150,3.0 159,3.0 162,1.0 163,2.0 192,1.0 196,1.0 207,2.0 237,6.0 251,1.0 252,2.0 256,1.0 261,1.0 265,2.0 266,1.0 269,1.0 283,3.0 284,3.0 285,1.0 305,1.0 311,1.0 312,2.0 313,1.0 314,1.0 315,1.0 316,1.0 317,1.0 319,1.0 320,1.0 369,1.0 370,2.0 408,1.0 409,1.0 410,1.0 411,1.0 412,1.0 413,1.0 414,1.0 415,1.0 
26,1.0 30,1.0 51,1.0 80,2.0 81,1.0 85,2.0 87,1.0 88,1.0 100,1.0 109,1.0 265,1.0 283,3.0 311,1.0 324,1.0 
3,2.0 18,1.0 19,1.0 20,1.0 71,1.0 74,1.0 80,1.0 83,1.0 85,3.0 88,4.0 89,1.0 91,1.0 92,1.0 93,1.0 137,1.0 139,1.0 159,1.0 162,1.0 163,1.0 237,1.0 251,1.0 266,1.0 284,1.0 305,1.0 369,1.0 410,1.0 411,1.0 412,1.0 413,1.0 414,1.0 415,1.0 
3,2.0 16,2.0 18,1.0 19,1.0 20,1.0 46,1.0 71,1.0 74,1.0 79,1.0 80,1.0 85,3.0 87,4.0 89,1.0 91,1.0 92,1.0 93,1.0 135,1.0 136,1.0 145,1.0 162,2.0 163,2.0 237,1.0 284,1.0 370,2.0 408,1.0 409,1.0 
3,9.0 4,4.0 5,1.0 6,4.0 17,1.0 20,6.0 21,5.0 22,2.0 62,1.0 71,5.0 72,5.0 73,2.0 74,3.0 75,6.0 78,2.0 90,2.0 96,3.0 132,1.0 133,1.0 134,1.0 137,1.0 138,1.0 139,1.0 140,1.0 141,1.0 142,1.0 143,1.0 144,1.0 262,1.0 365,1.0 
3,2.0 4,6.0 5,1.0 18,1.0 19,1.0 21,1.0 22,2.0 30,2.0 33,1.0 34,1.0 36,1.0 48,2.0 49,2.0 50,2.0 62,4.0 63,1.0 71,2.0 72,11.0 73,1.0 78,3.0 80,1.0 81,1.0 85,1.0 90,6.0 91,1.0 96,6.0 103,1.0 104,2.0 108,2.0 109,1.0 120,1.0 121,1.0 125,1.0 134,4.0 148,1.0 149,1.0 150,1.0 151,1.0 152,1.0 153,1.0 220,2.0 333,2.0 334,1.0 
8,6.0 23,2.0 24,1.0 26,3.0 34,4.0 41,1.0 79,3.0 80,1.0 81,1.0 83,1.0 85,8.0 87,4.0 88,5.0 92,1.0 97,5.0 98,2.0 101,4.0 102,1.0 137,1.0 139,1.0 150,2.0 159,4.0 160,3.0 162,1.0 163,1.0 181,1.0 192,4.0 196,1.0 201,2.0 207,4.0 248,2.0 251,1.0 252,4.0 254,3.0 255,2.0 256,4.0 257,2.0 258,3.0 259,1.0 266,1.0 267,1.0 284,2.0 305,3.0 350,1.0 369,3.0 370,2.0 408,1.0 409,1.0 410,1.0 411,1.0 412,1.0 413,1.0 414,1.0 415,1.0 
8,1.0 24,1.0 27,1.0 46,1.0 55,1.0 79,2.0 80,1.0 85,4.0 93,1.0 94,2.0 95,2.0 97,2.0 98,1.0 99,1.0 100,1.0 101,1.0 102,2.0 194,1.0 237,1.0 259,1.0 262,1.0 263,1.0 315,1.0 
42,1.0 79,1.0 80,1.0 85,2.0 92,1.0 94,1.0 95,1.0 283,1.0 311,1.0 312,1.0 
3,1.0 10,1.0 13,1.0 15,1.0 18,1.0 20,1.0 47,1.0 71,1.0 85,1.0 92,1.0 95,2.0 99,1.0 100,1.0 125,1.0 197,1.0 256,1.0 
3,1.0 9,1.0 14,1.0 18,1.0 20,1.0 27,1.0 71,1.0 85,1.0 92,1.0 94,2.0 99,1.0 100,1.0 111,1.0 252,1.0 336,3.0 337,1.0 338,1.0 339,1.0 
1,2.0 2,3.0 3,3.0 4,12.0 5,4.0 9,2.0 13,2.0 14,4.0 15,2.0 16,2.0 17,3.0 18,3.0 19,2.0 20,1.0 21,7.0 22,1.0 23,2.0 26,1.0 27,4.0 29,1.0 30,6.0 32,2.0 33,1.0 42,1.0 46,2.0 47,1.0 50,3.0 51,1.0 55,1.0 68,1.0 69,1.0 71,1.0 72,3.0 77,1.0 82,1.0 85,2.0 90,4.0 91,1.0 92,1.0 96,1.0 97,2.0 98,2.0 103,1.0 109,4.0 119,1.0 120,3.0 121,2.0 132,1.0 133,1.0 134,2.0 136,1.0 146,1.0 157,1.0 158,1.0 163,1.0 210,1.0 220,2.0 222,1.0 251,1.0 266,1.0 278,1.0 308,1.0 310,1.0 314,1.0 333,2.0 334,1.0 366,2.0 379,1.0 380,1.0 
8,3.0 9,2.0 29,2.0 34,4.0 41,1.0 85,4.0 87,2.0 88,3.0 91,5.0 92,2.0 94,1.0 95,1.0 98,3.0 101,2.0 159,2.0 160,2.0 175,1.0 192,2.0 194,1.0 201,2.0 255,2.0 256,1.0 262,1.0 263,1.0 264,1.0 370,1.0 
1,1.0 4,1.0 10,1.0 23,2.0 27,2.0 30,1.0 32,1.0 48,1.0 81,3.0 85,10.0 87,2.0 88,2.0 91,2.0 92,1.0 94,1.0 95,1.0 97,3.0 98,1.0 100,1.0 149,2.0 157,1.0 158,1.0 160,2.0 163,1.0 196,1.0 201,1.0 207,2.0 237,1.0 248,1.0 256,1.0 261,1.0 283,1.0 313,1.0 314,2.0 318,1.0 319,1.0 320,1.0 325,1.0 
12,1.0 14,3.0 23,2.0 24,4.0 36,1.0 38,1.0 46,2.0 51,1.0 79,2.0 85,1.0 92,1.0 100,3.0 101,2.0 102,2.0 114,1.0 124,1.0 157,3.0 162,3.0 163,3.0 201,3.0 237,2.0 248,4.0 249,2.0 250,3.0 305,1.0 329,1.0 346,1.0 361,1.0 363,1.0 
13,1.0 18,1.0 19,1.0 26,2.0 32,1.0 46,1.0 48,1.0 51,1.0 81,2.0 85,1.0 92,1.0 98,1.0 99,4.0 100,1.0 101,3.0 102,1.0 114,1.0 157,3.0 163,4.0 201,1.0 207,2.0 237,1.0 248,3.0 283,3.0 312,1.0 314,1.0 318,1.0 320,1.0 321,1.0 322,1.0 323,1.0 325,1.0 
0,1.0 1,1.0 2,1.0 3,1.0 8,4.0 9,2.0 15,2.0 19,1.0 26,2.0 29,2.0 34,8.0 46,1.0 61,1.0 74,1.0 79,1.0 91,4.0 97,2.0 99,1.0 100,1.0 102,3.0 103,1.0 159,4.0 160,4.0 162,3.0 163,2.0 192,10.0 237,2.0 248,5.0 256,6.0 257,2.0 258,2.0 
0,1.0 1,1.0 2,1.0 3,1.0 19,1.0 24,2.0 46,1.0 61,1.0 74,1.0 79,2.0 92,1.0 99,1.0 101,3.0 103,1.0 124,1.0 162,1.0 163,1.0 237,1.0 259,1.0 
3,1.0 4,1.0 5,1.0 6,1.0 11,1.0 17,1.0 19,3.0 30,2.0 42,2.0 46,1.0 61,3.0 74,2.0 104,1.0 107,1.0 108,2.0 109,3.0 121,2.0 147,1.0 260,1.0 266,2.0 267,1.0 269,1.0 271,1.0 272,1.0 273,1.0 276,1.0 277,1.0 
4,1.0 5,2.0 6,1.0 7,1.0 10,1.0 13,1.0 15,1.0 32,2.0 42,3.0 43,1.0 49,2.0 50,1.0 72,2.0 90,2.0 94,1.0 107,2.0 108,2.0 125,1.0 153,1.0 173,1.0 175,1.0 177,2.0 193,3.0 194,1.0 197,1.0 212,1.0 214,4.0 217,2.0 226,1.0 256,1.0 
2,2.0 5,1.0 9,1.0 10,1.0 32,1.0 51,1.0 77,9.0 111,2.0 112,2.0 115,1.0 116,2.0 117,2.0 118,1.0 127,1.0 
13,3.0 14,2.0 15,1.0 33,1.0 41,7.0 44,2.0 47,5.0 51,11.0 53,4.0 55,1.0 56,2.0 57,1.0 59,1.0 71,1.0 77,1.0 90,1.0 105,1.0 114,5.0 120,1.0 122,1.0 123,1.0 124,1.0 125,1.0 157,1.0 252,1.0 255,1.0 256,10.0 262,5.0 269,1.0 275,1.0 280,1.0 307,4.0 308,1.0 310,1.0 355,1.0 362,1.0 
4,1.0 5,2.0 6,2.0 21,2.0 32,2.0 42,4.0 43,1.0 48,3.0 49,2.0 50,1.0 75,1.0 76,1.0 104,2.0 108,1.0 110,1.0 111,1.0 121,3.0 153,1.0 159,1.0 160,1.0 161,1.0 173,1.0 193,1.0 194,1.0 212,1.0 214,2.0 227,1.0 351,1.0 358,1.0 
4,5.0 5,3.0 6,2.0 17,1.0 27,1.0 32,2.0 41,1.0 42,4.0 43,1.0 46,1.0 48,2.0 55,1.0 61,2.0 62,2.0 72,3.0 73,1.0 78,1.0 90,2.0 103,2.0 104,2.0 107,1.0 109,3.0 110,1.0 121,2.0 134,1.0 166,1.0 177,3.0 193,2.0 196,1.0 200,1.0 205,1.0 214,2.0 216,2.0 217,5.0 224,1.0 227,1.0 228,1.0 234,1.0 260,1.0 266,1.0 267,1.0 276,1.0 307,1.0 316,1.0 326,1.0 327,1.0 377,1.0 394,1.0 397,1.0 401,1.0 
1,4.0 2,3.0 3,3.0 4,12.0 5,2.0 7,1.0 8,1.0 9,2.0 11,1.0 13,2.0 14,2.0 15,2.0 16,2.0 17,3.0 18,3.0 19,5.0 21,1.0 23,1.0 26,1.0 30,8.0 32,1.0 33,1.0 41,1.0 42,9.0 43,1.0 44,1.0 45,1.0 48,3.0 50,1.0 62,4.0 68,1.0 74,1.0 75,1.0 76,1.0 77,1.0 78,1.0 79,1.0 81,2.0 82,1.0 92,1.0 96,7.0 103,2.0 107,1.0 108,3.0 110,1.0 119,1.0 120,2.0 121,2.0 147,1.0 153,1.0 166,1.0 194,2.0 196,1.0 200,1.0 205,1.0 211,3.0 214,2.0 224,1.0 226,1.0 227,1.0 228,1.0 229,3.0 250,1.0 277,1.0 314,2.0 321,1.0 340,1.0 351,1.0 358,1.0 379,1.0 394,1.0 397,1.0 401,1.0 
2,1.0 4,1.0 7,2.0 42,2.0 68,1.0 108,2.0 111,3.0 241,1.0 273,1.0 329,1.0 330,1.0 331,3.0 332,1.0 343,1.0 345,1.0 346,2.0 354,1.0 355,1.0 356,1.0 377,1.0 
2,1.0 7,1.0 10,2.0 14,2.0 16,1.0 17,1.0 24,1.0 25,1.0 41,1.0 46,1.0 47,1.0 56,1.0 112,7.0 113,2.0 114,1.0 122,3.0 136,1.0 142,1.0 145,1.0 156,2.0 157,2.0 273,1.0 332,1.0 345,1.0 346,1.0 347,1.0 348,1.0 349,1.0 
7,4.0 9,2.0 10,3.0 14,1.0 24,1.0 25,1.0 111,1.0 113,2.0 122,1.0 136,1.0 145,1.0 146,2.0 156,1.0 329,1.0 330,1.0 332,1.0 347,1.0 348,1.0 349,1.0 
4,2.0 7,3.0 13,1.0 15,1.0 23,2.0 41,2.0 50,1.0 51,1.0 54,1.0 56,3.0 62,1.0 77,2.0 104,1.0 105,2.0 106,3.0 107,2.0 109,1.0 111,2.0 113,2.0 114,4.0 123,1.0 125,1.0 153,1.0 157,4.0 227,1.0 309,1.0 376,2.0 
10,1.0 13,7.0 14,2.0 15,1.0 16,1.0 18,2.0 19,1.0 20,1.0 23,2.0 24,1.0 25,1.0 26,1.0 27,1.0 46,1.0 51,1.0 55,1.0 56,4.0 57,1.0 59,1.0 68,1.0 77,2.0 105,2.0 106,4.0 113,3.0 114,2.0 119,1.0 122,2.0 123,1.0 125,2.0 132,1.0 157,3.0 158,1.0 220,1.0 256,1.0 262,1.0 308,2.0 310,2.0 
2,1.0 23,1.0 54,1.0 60,1.0 77,2.0 105,2.0 116,2.0 117,2.0 118,2.0 126,1.0 127,2.0 128,1.0 129,1.0 130,1.0 131,1.0 
2,2.0 5,1.0 32,1.0 51,1.0 77,2.0 105,2.0 115,1.0 117,2.0 118,2.0 127,2.0 
2,2.0 27,1.0 77,2.0 105,2.0 115,1.0 116,2.0 118,1.0 127,1.0 278,1.0 344,1.0 
2,1.0 5,1.0 23,1.0 32,1.0 51,1.0 77,2.0 105,2.0 115,2.0 116,3.0 117,2.0 127,2.0 131,1.0 
2,1.0 17,1.0 18,4.0 19,2.0 20,6.0 21,2.0 28,1.0 29,1.0 31,3.0 42,2.0 59,1.0 68,1.0 76,1.0 81,1.0 107,2.0 109,1.0 119,1.0 120,5.0 121,3.0 181,1.0 255,1.0 267,1.0 273,1.0 286,1.0 312,1.0 314,1.0 321,1.0 352,1.0 353,1.0 359,1.0 367,1.0 368,1.0 
1,2.0 2,2.0 3,1.0 17,1.0 18,2.0 19,3.0 21,2.0 28,1.0 29,1.0 32,1.0 33,3.0 42,1.0 48,2.0 50,2.0 59,1.0 68,2.0 71,1.0 74,1.0 77,1.0 82,1.0 90,1.0 96,3.0 107,1.0 119,5.0 121,5.0 147,1.0 163,1.0 181,1.0 210,1.0 255,1.0 267,1.0 273,1.0 286,1.0 312,1.0 314,2.0 352,1.0 353,1.0 366,1.0 379,1.0 380,1.0 
1,2.0 2,1.0 4,1.0 5,2.0 14,1.0 16,1.0 21,3.0 27,2.0 29,1.0 30,2.0 32,2.0 33,1.0 42,3.0 43,1.0 48,4.0 49,2.0 50,4.0 55,1.0 77,1.0 96,3.0 107,3.0 108,2.0 109,2.0 110,1.0 111,1.0 120,1.0 132,1.0 136,1.0 144,1.0 146,1.0 153,1.0 159,1.0 160,1.0 161,1.0 171,2.0 181,1.0 216,4.0 217,2.0 220,1.0 244,1.0 366,1.0 379,1.0 
10,2.0 13,5.0 14,3.0 16,3.0 17,1.0 20,1.0 23,1.0 24,1.0 25,1.0 46,1.0 47,1.0 51,1.0 56,1.0 71,1.0 89,1.0 95,1.0 111,1.0 113,1.0 114,3.0 125,2.0 132,1.0 156,2.0 157,2.0 256,1.0 336,1.0 
5,2.0 8,1.0 14,1.0 23,1.0 50,2.0 55,4.0 56,1.0 60,1.0 76,1.0 92,1.0 96,2.0 125,1.0 132,1.0 204,1.0 262,1.0 284,1.0 337,2.0 359,1.0 364,1.0 
26,1.0 33,1.0 46,1.0 60,1.0 71,1.0 90,1.0 106,1.0 120,1.0 252,1.0 255,1.0 269,1.0 
8,1.0 10,1.0 13,2.0 14,2.0 15,2.0 16,2.0 23,2.0 26,1.0 27,1.0 34,1.0 36,1.0 47,1.0 51,2.0 54,2.0 55,2.0 63,1.0 90,1.0 94,1.0 106,2.0 114,1.0 115,1.0 122,2.0 123,1.0 126,1.0 139,1.0 148,1.0 149,1.0 150,1.0 151,1.0 152,1.0 169,1.0 170,1.0 171,1.0 172,1.0 173,1.0 174,1.0 175,1.0 176,1.0 197,1.0 256,1.0 262,1.0 395,1.0 398,1.0 399,1.0 400,1.0 402,1.0 403,1.0 
54,1.0 60,1.0 115,1.0 127,1.0 128,1.0 129,1.0 130,1.0 
1,1.0 2,1.0 5,1.0 32,1.0 51,1.0 60,1.0 77,1.0 105,1.0 116,2.0 117,1.0 118,1.0 128,1.0 129,1.0 130,1.0 
1,1.0 60,1.0 127,1.0 129,1.0 130,1.0 
1,1.0 60,1.0 127,1.0 128,1.0 130,1.0 
1,1.0 60,1.0 127,1.0 128,1.0 129,1.0 
23,1.0 77,1.0 105,1.0 115,1.0 116,1.0 117,1.0 118,1.0 127,1.0 
0,3.0 1,2.0 16,1.0 18,2.0 19,4.0 20,2.0 21,2.0 42,1.0 55,1.0 68,2.0 69,1.0 71,2.0 72,2.0 76,1.0 89,1.0 92,1.0 96,1.0 104,1.0 108,1.0 109,1.0 123,1.0 133,4.0 134,2.0 169,1.0 173,1.0 175,1.0 180,1.0 193,1.0 194,1.0 204,1.0 212,1.0 214,2.0 220,5.0 226,2.0 227,2.0 228,2.0 234,1.0 241,1.0 244,2.0 248,1.0 251,1.0 278,1.0 279,1.0 284,1.0 287,1.0 288,1.0 289,1.0 359,1.0 364,1.0 
13,1.0 14,1.0 15,1.0 21,2.0 23,1.0 24,1.0 26,1.0 27,2.0 32,2.0 43,1.0 49,1.0 51,1.0 69,1.0 72,4.0 96,1.0 134,2.0 135,1.0 136,2.0 180,1.0 188,1.0 193,1.0 194,1.0 197,1.0 241,1.0 245,1.0 246,1.0 248,1.0 278,1.0 308,1.0 310,1.0 
13,1.0 14,1.0 15,1.0 21,2.0 24,1.0 48,1.0 50,1.0 62,1.0 72,3.0 78,1.0 90,2.0 96,1.0 109,1.0 133,2.0 135,1.0 153,1.0 220,1.0 248,1.0 333,1.0 334,1.0 
3,1.0 75,1.0 136,1.0 147,1.0 
3,1.0 10,1.0 14,2.0 24,1.0 25,1.0 27,3.0 55,1.0 75,1.0 88,1.0 89,1.0 111,1.0 112,1.0 122,1.0 135,1.0 137,1.0 138,1.0 139,1.0 145,1.0 156,1.0 366,3.0 
3,1.0 17,1.0 75,1.0 89,1.0 138,1.0 139,2.0 140,1.0 141,1.0 142,1.0 143,1.0 144,1.0 251,1.0 266,1.0 412,1.0 413,1.0 414,1.0 415,1.0 
3,1.0 17,1.0 75,1.0 89,1.0 137,1.0 139,1.0 140,1.0 141,1.0 142,1.0 143,1.0 144,1.0 
3,1.0 17,1.0 23,1.0 75,1.0 89,1.0 125,1.0 137,2.0 138,1.0 140,1.0 141,2.0 142,1.0 143,1.0 144,1.0 169,2.0 170,1.0 171,1.0 172,1.0 173,1.0 174,1.0 175,1.0 176,1.0 180,1.0 240,1.0 251,1.0 266,1.0 291,1.0 412,1.0 413,1.0 414,1.0 415,1.0 
17,1.0 141,1.0 142,1.0 143,1.0 144,1.0 145,1.0 255,1.0 268,1.0 
17,1.0 139,1.0 140,1.0 142,1.0 143,1.0 144,1.0 145,1.0 169,1.0 180,1.0 240,1.0 291,1.0 
17,1.0 140,1.0 141,1.0 143,1.0 144,1.0 145,1.0 156,1.0 
17,1.0 140,1.0 141,1.0 142,1.0 144,1.0 145,1.0 
16,1.0 17,1.0 121,1.0 140,1.0 141,1.0 142,1.0 143,1.0 145,1.0 181,1.0 
3,1.0 10,1.0 14,1.0 16,3.0 24,1.0 25,1.0 75,1.0 76,1.0 88,1.0 111,1.0 112,1.0 122,3.0 123,1.0 125,2.0 136,1.0 146,1.0 156,1.0 224,1.0 262,1.0 337,1.0 395,1.0 397,1.0 398,1.0 399,1.0 402,1.0 
2,1.0 8,3.0 11,2.0 16,4.0 17,1.0 26,1.0 27,5.0 29,4.0 44,1.0 45,1.0 74,1.0 76,1.0 78,1.0 145,1.0 192,1.0 224,3.0 247,1.0 262,2.0 351,1.0 359,1.0 366,1.0 386,1.0 387,1.0 395,3.0 397,3.0 398,3.0 399,3.0 401,2.0 402,1.0 
3,6.0 16,1.0 19,4.0 28,1.0 30,1.0 74,5.0 75,2.0 90,1.0 103,1.0 108,1.0 109,1.0 125,1.0 167,1.0 193,1.0 266,1.0 269,1.0 271,1.0 272,1.0 273,1.0 316,1.0 
7,2.0 8,2.0 9,2.0 10,2.0 11,2.0 29,2.0 34,2.0 36,2.0 63,2.0 149,2.0 150,2.0 151,2.0 152,2.0 
7,2.0 8,2.0 9,2.0 10,2.0 11,2.0 23,2.0 27,2.0 29,2.0 34,2.0 36,2.0 63,2.0 98,2.0 148,2.0 150,2.0 151,2.0 152,2.0 160,2.0 207,2.0 
7,2.0 8,2.0 9,2.0 10,2.0 11,2.0 15,1.0 23,2.0 29,2.0 34,2.0 36,2.0 51,1.0 63,2.0 85,3.0 91,2.0 148,2.0 149,2.0 151,2.0 152,2.0 192,1.0 207,2.0 237,1.0 252,2.0 
7,2.0 8,2.0 9,2.0 10,2.0 11,2.0 17,1.0 20,1.0 27,1.0 29,3.0 34,3.0 36,4.0 39,2.0 63,2.0 64,2.0 75,1.0 89,1.0 146,1.0 148,2.0 149,2.0 150,2.0 151,1.0 152,3.0 365,1.0 371,4.0 372,1.0 373,3.0 374,1.0 375,2.0 
7,2.0 8,2.0 9,2.0 10,2.0 11,2.0 29,2.0 34,2.0 36,3.0 39,1.0 63,2.0 64,1.0 148,2.0 149,2.0 150,2.0 151,4.0 371,2.0 373,1.0 374,1.0 375,1.0 
3,1.0 4,1.0 6,1.0 19,1.0 30,1.0 43,1.0 48,2.0 49,3.0 50,3.0 60,1.0 62,1.0 73,1.0 78,1.0 104,1.0 107,1.0 109,1.0 121,1.0 193,2.0 212,1.0 214,1.0 222,1.0 237,1.0 238,1.0 340,1.0 
0,1.0 6,1.0 43,1.0 49,1.0 60,1.0 75,1.0 155,1.0 
0,1.0 6,1.0 43,1.0 49,1.0 60,1.0 75,1.0 154,1.0 
3,1.0 14,4.0 16,1.0 20,2.0 24,1.0 25,1.0 46,1.0 47,1.0 56,1.0 71,2.0 89,2.0 122,2.0 132,1.0 146,1.0 157,2.0 167,1.0 193,1.0 
0,1.0 3,1.0 7,2.0 10,1.0 13,5.0 14,2.0 15,2.0 16,1.0 20,1.0 23,5.0 24,4.0 25,1.0 26,2.0 41,1.0 42,1.0 43,1.0 46,6.0 47,2.0 51,6.0 56,2.0 71,1.0 79,1.0 85,1.0 89,1.0 99,3.0 100,3.0 104,1.0 106,2.0 107,1.0 111,1.0 113,5.0 114,5.0 122,1.0 132,1.0 156,1.0 158,6.0 163,2.0 167,1.0 193,1.0 201,5.0 207,2.0 237,1.0 248,5.0 249,3.0 250,3.0 256,1.0 283,1.0 309,1.0 
13,1.0 14,1.0 15,1.0 18,1.0 23,2.0 24,3.0 25,1.0 26,1.0 46,4.0 47,1.0 51,1.0 68,1.0 85,1.0 114,2.0 132,1.0 157,6.0 163,1.0 201,2.0 220,1.0 237,1.0 248,2.0 250,2.0 283,1.0 308,1.0 310,1.0 
8,2.0 14,1.0 15,2.0 23,1.0 26,1.0 29,1.0 34,2.0 41,1.0 46,1.0 51,1.0 63,2.0 80,1.0 83,1.0 85,4.0 86,1.0 87,1.0 88,1.0 91,4.0 97,2.0 101,5.0 102,1.0 137,1.0 139,1.0 160,1.0 161,1.0 175,1.0 192,4.0 201,1.0 210,2.0 237,3.0 238,3.0 248,1.0 251,1.0 255,1.0 256,6.0 257,2.0 264,1.0 265,1.0 266,1.0 284,1.0 305,1.0 369,1.0 370,1.0 410,1.0 411,1.0 412,1.0 413,1.0 414,1.0 415,1.0 
8,2.0 9,2.0 23,4.0 24,1.0 26,4.0 27,2.0 29,2.0 34,4.0 79,2.0 91,3.0 92,1.0 97,2.0 98,2.0 101,5.0 102,2.0 149,2.0 157,1.0 159,1.0 161,1.0 162,2.0 163,2.0 192,4.0 201,1.0 207,6.0 248,3.0 249,1.0 252,2.0 253,2.0 254,2.0 258,1.0 259,1.0 268,1.0 350,1.0 357,1.0 
23,1.0 101,1.0 102,1.0 159,1.0 160,1.0 
3,1.0 14,2.0 23,2.0 24,2.0 26,2.0 34,2.0 46,2.0 74,1.0 75,1.0 79,4.0 85,1.0 89,1.0 91,1.0 99,1.0 101,3.0 102,1.0 160,2.0 163,5.0 164,1.0 165,1.0 172,1.0 192,2.0 237,1.0 248,2.0 250,2.0 305,3.0 329,2.0 369,1.0 
8,2.0 23,2.0 32,1.0 46,2.0 50,1.0 79,6.0 81,2.0 82,2.0 85,4.0 91,1.0 98,4.0 99,3.0 100,3.0 101,2.0 102,1.0 114,1.0 157,2.0 158,1.0 160,2.0 162,5.0 164,1.0 165,1.0 201,2.0 207,2.0 237,1.0 248,3.0 253,2.0 283,1.0 305,3.0 312,1.0 313,1.0 314,2.0 317,1.0 318,1.0 319,1.0 329,2.0 369,1.0 
4,1.0 42,1.0 62,1.0 108,1.0 109,1.0 165,1.0 
4,1.0 42,1.0 62,1.0 108,1.0 109,1.0 164,1.0 
10,1.0 167,1.0 168,1.0 
10,1.0 16,4.0 23,1.0 54,1.0 55,1.0 56,1.0 113,1.0 125,1.0 139,1.0 146,1.0 156,1.0 157,1.0 168,1.0 169,1.0 170,1.0 193,4.0 
10,1.0 23,1.0 125,1.0 139,1.0 167,1.0 169,1.0 170,1.0 
23,1.0 47,1.0 125,1.0 139,2.0 141,1.0 170,1.0 171,1.0 172,1.0 173,1.0 174,1.0 175,1.0 176,1.0 180,1.0 240,1.0 244,1.0 251,1.0 287,1.0 288,1.0 289,1.0 290,1.0 291,1.0 
23,1.0 125,1.0 139,1.0 169,1.0 171,1.0 172,1.0 173,1.0 174,1.0 175,1.0 176,1.0 
0,1.0 1,1.0 19,1.0 43,2.0 49,1.0 67,1.0 104,2.0 108,4.0 121,2.0 132,1.0 133,1.0 172,1.0 173,5.0 174,1.0 175,12.0 176,2.0 177,1.0 178,1.0 179,1.0 193,2.0 194,7.0 201,4.0 202,1.0 208,1.0 211,4.0 213,1.0 214,4.0 216,8.0 217,1.0 218,2.0 221,12.0 222,3.0 223,1.0 224,1.0 229,2.0 306,1.0 
14,1.0 23,1.0 43,2.0 46,1.0 52,1.0 171,1.0 173,1.0 174,2.0 175,2.0 176,3.0 177,1.0 178,1.0 179,1.0 192,1.0 209,2.0 210,2.0 296,2.0 
43,2.0 171,5.0 172,1.0 174,1.0 175,2.0 176,2.0 177,1.0 178,1.0 179,1.0 192,3.0 193,4.0 194,2.0 201,2.0 202,1.0 211,1.0 214,4.0 229,1.0 
15,1.0 16,1.0 26,1.0 43,1.0 55,1.0 171,1.0 172,1.0 173,1.0 175,3.0 176,2.0 177,1.0 178,1.0 179,1.0 192,2.0 193,2.0 201,1.0 210,1.0 212,1.0 213,1.0 224,1.0 231,1.0 238,1.0 282,1.0 392,2.0 393,1.0 394,1.0 395,1.0 396,1.0 
0,7.0 1,7.0 2,1.0 3,1.0 5,1.0 10,1.0 13,2.0 14,1.0 15,1.0 19,1.0 31,4.0 32,1.0 33,1.0 41,1.0 42,1.0 51,1.0 71,1.0 94,1.0 97,1.0 104,1.0 125,1.0 159,1.0 171,2.0 172,1.0 173,3.0 174,2.0 175,1.0 176,3.0 177,14.0 178,3.0 179,2.0 180,1.0 192,2.0 194,9.0 195,2.0 196,1.0 197,1.0 198,1.0 199,1.0 204,1.0 205,1.0 206,1.0 215,1.0 216,1.0 217,11.0 218,2.0 219,1.0 220,1.0 226,1.0 256,3.0 264,1.0 293,1.0 297,2.0 
14,1.0 23,1.0 46,1.0 52,1.0 171,2.0 172,1.0 173,1.0 174,1.0 175,3.0 176,1.0 177,2.0 178,2.0 179,2.0 180,1.0 216,1.0 218,2.0 219,2.0 
171,1.0 175,3.0 176,4.0 178,1.0 179,1.0 180,1.0 192,1.0 193,9.0 194,1.0 196,3.0 197,3.0 200,1.0 203,1.0 213,3.0 214,7.0 216,1.0 217,17.0 
43,1.0 175,1.0 176,1.0 177,1.0 179,1.0 180,1.0 200,1.0 219,1.0 
175,1.0 176,1.0 177,1.0 178,1.0 180,1.0 
133,1.0 181,2.0 182,2.0 183,2.0 188,1.0 193,1.0 240,1.0 241,1.0 245,1.0 246,1.0 291,1.0 
2,1.0 16,1.0 29,1.0 59,1.0 74,1.0 75,1.0 76,1.0 119,1.0 120,1.0 121,1.0 144,1.0 182,2.0 183,2.0 184,2.0 185,2.0 186,2.0 267,2.0 273,1.0 350,1.0 351,1.0 352,1.0 353,1.0 
181,2.0 183,2.0 184,2.0 185,2.0 186,2.0 
181,2.0 182,2.0 184,2.0 185,2.0 186,2.0 187,2.0 188,2.0 189,2.0 190,2.0 191,2.0 
183,2.0 185,2.0 186,2.0 187,1.0 188,2.0 189,2.0 190,2.0 
183,2.0 184,2.0 186,2.0 187,1.0 188,2.0 189,2.0 190,2.0 
183,2.0 184,2.0 185,2.0 187,1.0 188,2.0 189,2.0 190,2.0 
24,1.0 42,1.0 51,1.0 99,1.0 102,1.0 183,1.0 188,1.0 189,1.0 190,1.0 191,3.0 237,1.0 247,1.0 
51,1.0 183,2.0 187,3.0 189,2.0 190,2.0 191,3.0 245,1.0 246,1.0 247,1.0 
183,2.0 187,2.0 188,2.0 190,2.0 191,2.0 
183,2.0 187,2.0 188,2.0 189,2.0 191,2.0 
24,1.0 42,1.0 51,1.0 99,1.0 102,1.0 173,1.0 187,2.0 192,1.0 237,1.0 247,1.0 
0,3.0 1,3.0 8,4.0 9,2.0 15,3.0 26,2.0 29,2.0 31,3.0 34,8.0 43,5.0 51,1.0 85,1.0 91,4.0 97,2.0 101,10.0 146,1.0 150,1.0 159,4.0 160,4.0 162,2.0 173,3.0 174,3.0 175,1.0 193,5.0 237,3.0 247,2.0 248,5.0 256,6.0 257,2.0 258,2.0 292,1.0 386,1.0 387,1.0 388,1.0 389,1.0 
0,4.0 1,6.0 5,1.0 16,4.0 31,4.0 33,3.0 43,4.0 48,2.0 50,2.0 54,1.0 55,1.0 56,1.0 71,2.0 104,2.0 108,2.0 113,1.0 132,1.0 146,1.0 156,1.0 157,1.0 167,4.0 171,10.0 175,6.0 177,4.0 194,11.0 197,6.0 200,1.0 203,3.0 204,4.0 205,2.0 211,4.0 212,2.0 213,4.0 214,10.0 216,3.0 217,4.0 218,2.0 219,2.0 221,3.0 222,1.0 237,1.0 238,1.0 239,1.0 294,2.0 298,2.0 299,1.0 
0,2.0 1,1.0 8,1.0 31,1.0 42,2.0 43,1.0 71,1.0 92,1.0 97,1.0 109,2.0 171,1.0 173,2.0 175,16.0 177,9.0 192,1.0 193,9.0 197,6.0 211,3.0 214,4.0 216,2.0 217,10.0 221,1.0 229,3.0 262,1.0 263,1.0 298,2.0 299,1.0 
43,2.0 196,1.0 197,2.0 201,1.0 203,1.0 218,1.0 
10,1.0 11,1.0 12,1.0 26,1.0 41,2.0 43,1.0 79,1.0 85,1.0 91,1.0 98,1.0 171,3.0 195,1.0 197,4.0 200,1.0 205,1.0 216,3.0 218,1.0 224,1.0 254,1.0 256,1.0 261,1.0 393,1.0 394,1.0 397,1.0 401,2.0 
0,1.0 1,2.0 10,1.0 13,1.0 15,1.0 31,2.0 33,2.0 43,3.0 47,1.0 94,1.0 125,1.0 171,3.0 175,3.0 193,6.0 194,6.0 196,3.0 216,5.0 217,1.0 256,1.0 298,2.0 299,1.0 
43,1.0 199,1.0 200,1.0 
43,1.0 198,1.0 200,1.0 
0,1.0 1,1.0 2,2.0 11,1.0 12,1.0 32,2.0 41,1.0 43,3.0 180,1.0 196,1.0 202,1.0 203,1.0 205,1.0 207,1.0 220,1.0 224,1.0 239,1.0 393,1.0 394,1.0 397,1.0 401,2.0 
8,2.0 14,3.0 15,1.0 16,1.0 23,3.0 26,2.0 34,2.0 36,2.0 38,1.0 46,6.0 51,3.0 79,2.0 91,2.0 97,2.0 99,3.0 100,1.0 114,1.0 157,5.0 158,2.0 163,2.0 172,3.0 174,1.0 193,1.0 202,2.0 203,2.0 209,2.0 237,2.0 238,4.0 248,11.0 249,4.0 255,2.0 265,1.0 282,1.0 296,1.0 
193,2.0 196,1.0 201,1.0 203,2.0 207,1.0 208,1.0 249,1.0 
1,1.0 5,1.0 172,1.0 175,1.0 193,3.0 200,1.0 201,1.0 202,1.0 204,3.0 205,2.0 207,1.0 209,1.0 294,1.0 
1,1.0 5,1.0 43,1.0 55,1.0 76,1.0 92,1.0 123,1.0 132,1.0 175,2.0 194,2.0 205,2.0 206,1.0 284,1.0 294,2.0 359,1.0 364,1.0 
1,1.0 5,1.0 11,1.0 12,1.0 41,1.0 175,2.0 196,1.0 200,1.0 202,1.0 204,2.0 206,1.0 224,1.0 249,1.0 295,1.0 393,1.0 394,1.0 397,1.0 401,2.0 
171,1.0 173,1.0 
8,2.0 13,1.0 23,6.0 26,4.0 27,2.0 51,1.0 85,2.0 91,4.0 98,2.0 100,2.0 149,2.0 150,2.0 157,2.0 160,6.0 163,2.0 172,1.0 202,1.0 208,1.0 252,4.0 253,2.0 254,2.0 295,1.0 296,1.0 
195,1.0 213,2.0 222,1.0 223,1.0 224,2.0 225,1.0 230,1.0 231,1.0 232,1.0 
43,1.0 172,2.0 174,1.0 210,1.0 
1,2.0 3,1.0 24,1.0 29,1.0 33,2.0 43,1.0 46,1.0 48,2.0 49,1.0 60,1.0 63,2.0 74,1.0 75,1.0 89,1.0 159,2.0 174,2.0 201,1.0 212,2.0 232,1.0 238,2.0 255,1.0 256,1.0 292,3.0 366,1.0 380,2.0 381,1.0 382,1.0 405,1.0 406,1.0 
0,1.0 1,1.0 19,1.0 43,2.0 50,2.0 121,2.0 132,1.0 171,4.0 175,3.0 192,1.0 194,3.0 208,1.0 210,3.0 213,1.0 218,2.0 219,2.0 224,1.0 229,10.0 230,1.0 231,1.0 236,2.0 
1,1.0 33,1.0 48,1.0 49,1.0 60,1.0 174,1.0 177,1.0 193,2.0 213,2.0 214,2.0 217,1.0 
0,2.0 1,2.0 19,1.0 31,2.0 71,2.0 132,1.0 171,1.0 193,3.0 208,2.0 211,5.0 220,1.0 222,1.0 223,1.0 224,2.0 225,1.0 229,3.0 230,1.0 231,1.0 232,1.0 
1,1.0 31,1.0 33,1.0 42,2.0 43,1.0 104,2.0 108,2.0 109,2.0 171,4.0 173,2.0 177,4.0 193,11.0 194,4.0 211,6.0 212,2.0 213,1.0 216,2.0 217,3.0 218,2.0 219,2.0 229,3.0 
43,1.0 193,3.0 216,3.0 
42,3.0 43,2.0 49,1.0 67,1.0 104,2.0 108,2.0 109,2.0 171,8.0 175,6.0 193,5.0 194,6.0 213,2.0 214,4.0 215,3.0 217,5.0 298,3.0 303,1.0 306,1.0 
42,2.0 109,2.0 171,2.0 176,3.0 177,17.0 193,11.0 194,2.0 196,3.0 197,3.0 205,1.0 213,5.0 214,9.0 216,6.0 219,1.0 221,1.0 235,2.0 295,1.0 298,1.0 299,1.0 300,1.0 304,1.0 
0,1.0 1,1.0 43,3.0 49,1.0 171,2.0 175,4.0 194,2.0 195,1.0 197,2.0 207,1.0 211,2.0 219,6.0 221,2.0 229,4.0 295,1.0 301,1.0 302,1.0 
43,2.0 49,1.0 175,4.0 178,1.0 194,2.0 200,1.0 211,2.0 218,6.0 229,2.0 304,1.0 305,1.0 
1,1.0 2,2.0 16,1.0 18,1.0 19,2.0 32,2.0 42,1.0 47,1.0 48,2.0 49,1.0 68,2.0 69,1.0 90,1.0 96,2.0 132,5.0 133,2.0 134,1.0 169,1.0 180,1.0 193,2.0 194,1.0 212,1.0 214,1.0 241,1.0 244,2.0 248,1.0 251,1.0 275,1.0 278,1.0 279,1.0 287,1.0 288,1.0 289,1.0 333,1.0 334,1.0 
43,1.0 49,1.0 108,2.0 121,2.0 133,1.0 171,12.0 201,2.0 208,1.0 213,1.0 217,1.0 218,2.0 222,3.0 223,1.0 224,1.0 229,2.0 
1,1.0 30,1.0 46,1.0 48,1.0 193,1.0 200,1.0 208,1.0 213,1.0 217,2.0 223,1.0 224,1.0 225,1.0 235,2.0 237,1.0 238,1.0 239,1.0 248,1.0 
19,1.0 23,2.0 132,1.0 157,2.0 224,3.0 225,1.0 233,1.0 395,1.0 397,1.0 398,1.0 399,1.0 404,1.0 
9,1.0 11,2.0 12,1.0 14,1.0 16,4.0 17,3.0 23,2.0 24,2.0 25,1.0 26,1.0 27,4.0 28,2.0 29,2.0 41,1.0 54,1.0 55,1.0 113,1.0 146,2.0 157,2.0 174,1.0 196,1.0 200,1.0 205,1.0 223,3.0 225,1.0 231,2.0 232,1.0 233,1.0 248,1.0 392,4.0 393,2.0 394,1.0 395,7.0 396,1.0 397,11.0 398,7.0 399,6.0 401,5.0 
23,1.0 157,1.0 223,1.0 224,1.0 
10,1.0 13,1.0 15,1.0 42,1.0 94,1.0 104,1.0 109,1.0 125,1.0 175,1.0 197,1.0 211,1.0 227,1.0 228,1.0 229,1.0 256,1.0 
4,1.0 32,1.0 75,1.0 76,1.0 107,1.0 108,1.0 109,1.0 171,1.0 177,1.0 211,1.0 217,1.0 221,1.0 226,1.0 228,2.0 229,1.0 234,1.0 351,1.0 358,1.0 
108,1.0 109,1.0 177,1.0 211,1.0 217,1.0 226,1.0 227,2.0 229,1.0 234,1.0 
43,1.0 50,2.0 121,2.0 171,2.0 192,1.0 208,1.0 210,1.0 211,10.0 213,1.0 218,4.0 219,2.0 221,2.0 224,1.0 230,1.0 231,1.0 236,2.0 
208,1.0 213,1.0 224,1.0 231,1.0 232,1.0 
54,1.0 113,1.0 223,1.0 224,2.0 232,1.0 233,1.0 392,1.0 394,1.0 395,1.0 
17,1.0 146,1.0 192,1.0 223,1.0 224,1.0 231,1.0 233,1.0 247,1.0 380,2.0 381,2.0 383,2.0 384,1.0 386,1.0 
19,1.0 132,1.0 223,1.0 
108,1.0 177,1.0 217,1.0 227,1.0 228,1.0 
193,2.0 217,2.0 
216,2.0 217,2.0 
14,2.0 15,3.0 24,2.0 26,1.0 30,1.0 34,2.0 36,1.0 38,1.0 46,2.0 51,1.0 79,1.0 80,1.0 85,6.0 86,1.0 99,3.0 100,2.0 101,4.0 102,2.0 109,1.0 124,1.0 150,1.0 157,1.0 158,1.0 159,3.0 162,1.0 163,2.0 192,3.0 193,1.0 200,1.0 201,2.0 222,1.0 238,1.0 239,1.0 248,3.0 250,1.0 256,2.0 265,1.0 283,1.0 315,1.0 316,1.0 
14,1.0 15,1.0 16,1.0 23,3.0 26,2.0 29,1.0 46,4.0 63,2.0 159,2.0 174,1.0 193,1.0 200,1.0 201,3.0 210,2.0 222,1.0 237,1.0 239,1.0 248,3.0 255,1.0 256,1.0 282,1.0 
180,1.0 200,1.0 
33,1.0 50,1.0 180,1.0 193,1.0 241,1.0 242,1.0 243,1.0 291,1.0 
7,1.0 110,1.0 119,1.0 120,1.0 133,1.0 180,1.0 188,1.0 242,1.0 243,1.0 245,1.0 246,1.0 331,1.0 332,1.0 343,2.0 356,1.0 
119,1.0 120,1.0 241,1.0 243,1.0 
119,1.0 120,1.0 241,1.0 242,1.0 
47,1.0 132,1.0 133,1.0 169,1.0 180,1.0 220,1.0 241,1.0 251,1.0 287,1.0 288,1.0 289,1.0 290,1.0 
51,1.0 187,1.0 188,1.0 191,1.0 246,1.0 247,1.0 
51,1.0 187,1.0 188,1.0 191,1.0 245,1.0 247,1.0 
16,1.0 24,1.0 51,1.0 99,1.0 102,1.0 146,1.0 187,1.0 191,1.0 192,2.0 237,1.0 248,1.0 386,1.0 387,3.0 388,2.0 389,2.0 390,2.0 391,1.0 
1,1.0 8,2.0 13,1.0 14,4.0 15,2.0 16,2.0 23,4.0 24,2.0 26,6.0 27,2.0 29,3.0 30,1.0 34,6.0 36,1.0 38,1.0 46,6.0 48,1.0 51,4.0 68,1.0 79,2.0 91,2.0 97,2.0 99,4.0 100,2.0 101,7.0 114,2.0 132,1.0 139,1.0 141,1.0 146,1.0 157,6.0 158,4.0 160,4.0 162,2.0 163,3.0 169,2.0 174,1.0 192,7.0 201,11.0 220,1.0 224,1.0 237,2.0 238,4.0 244,1.0 247,1.0 249,2.0 251,1.0 256,2.0 258,2.0 262,1.0 282,1.0 287,1.0 288,1.0 289,1.0 308,1.0 310,1.0 388,1.0 389,1.0 395,2.0 397,1.0 398,2.0 399,2.0 400,1.0 401,1.0 402,1.0 403,1.0 
24,1.0 46,1.0 51,2.0 79,1.0 99,2.0 157,3.0 193,2.0 196,1.0 201,2.0 202,1.0 203,1.0 248,2.0 250,1.0 
14,2.0 17,1.0 23,4.0 24,8.0 26,2.0 46,7.0 48,1.0 99,1.0 157,3.0 158,2.0 162,2.0 172,1.0 237,1.0 249,1.0 259,2.0 
27,2.0 47,1.0 98,2.0 137,1.0 139,1.0 149,2.0 160,2.0 169,1.0 207,2.0 244,1.0 266,2.0 287,1.0 288,1.0 289,1.0 290,1.0 407,1.0 412,1.0 413,1.0 414,1.0 415,1.0 
8,1.0 23,2.0 26,2.0 33,1.0 34,2.0 71,1.0 72,1.0 85,2.0 90,2.0 91,4.0 101,2.0 106,2.0 120,1.0 124,1.0 150,2.0 160,4.0 162,2.0 192,2.0 207,4.0 248,2.0 254,2.0 255,1.0 269,1.0 338,1.0 339,1.0 
8,2.0 23,2.0 160,2.0 163,2.0 207,2.0 
26,3.0 41,1.0 79,1.0 91,3.0 160,2.0 196,1.0 207,2.0 252,2.0 
0,1.0 1,1.0 3,1.0 8,2.0 18,1.0 20,1.0 29,1.0 33,1.0 34,2.0 44,1.0 63,1.0 68,2.0 71,1.0 90,1.0 91,2.0 97,2.0 106,1.0 120,1.0 124,1.0 132,1.0 146,1.0 159,1.0 201,2.0 210,1.0 220,1.0 238,1.0 248,1.0 252,1.0 268,1.0 269,2.0 286,1.0 308,1.0 350,1.0 353,1.0 354,1.0 360,1.0 
8,4.0 10,3.0 13,4.0 14,1.0 15,4.0 16,1.0 23,3.0 26,2.0 34,2.0 41,9.0 44,2.0 46,1.0 47,9.0 51,15.0 52,2.0 53,6.0 56,2.0 85,1.0 91,2.0 94,1.0 97,1.0 98,1.0 101,4.0 106,10.0 114,1.0 122,1.0 125,2.0 157,1.0 159,5.0 175,2.0 192,4.0 196,1.0 197,1.0 201,2.0 237,2.0 238,2.0 248,2.0 256,4.0 257,2.0 261,1.0 262,7.0 264,1.0 307,4.0 
8,2.0 91,2.0 101,2.0 159,2.0 192,2.0 256,2.0 
8,2.0 9,1.0 23,2.0 24,3.0 26,2.0 34,2.0 55,1.0 79,1.0 91,3.0 92,1.0 101,2.0 102,1.0 160,1.0 192,2.0 248,2.0 250,2.0 256,2.0 259,3.0 
23,2.0 24,3.0 26,2.0 46,3.0 79,1.0 92,1.0 102,1.0 250,2.0 
85,1.0 98,1.0 140,1.0 196,1.0 256,1.0 261,1.0 266,1.0 267,1.0 268,1.0 
10,1.0 85,1.0 98,1.0 196,1.0 256,1.0 
2,1.0 8,1.0 14,1.0 15,1.0 16,3.0 23,1.0 26,1.0 27,2.0 36,1.0 41,6.0 44,3.0 45,1.0 46,2.0 47,4.0 51,6.0 52,2.0 53,6.0 55,1.0 59,2.0 63,1.0 83,1.0 85,1.0 92,1.0 97,1.0 106,2.0 123,1.0 125,2.0 145,1.0 146,1.0 150,1.0 151,1.0 152,1.0 159,1.0 192,1.0 194,1.0 210,1.0 224,1.0 237,1.0 238,1.0 248,1.0 256,7.0 263,1.0 308,2.0 371,1.0 374,1.0 395,2.0 397,1.0 398,2.0 399,2.0 400,1.0 402,2.0 403,1.0 
8,1.0 92,1.0 97,1.0 194,1.0 262,1.0 
41,1.0 97,1.0 159,1.0 175,1.0 256,1.0 
16,1.0 26,1.0 36,1.0 46,1.0 51,1.0 80,1.0 85,1.0 86,1.0 201,1.0 
137,1.0 139,1.0 140,1.0 251,2.0 260,1.0 267,1.0 268,2.0 271,1.0 272,1.0 273,1.0 274,1.0 407,1.0 412,1.0 413,1.0 414,1.0 415,1.0 
2,1.0 29,1.0 59,1.0 74,1.0 75,1.0 76,1.0 119,1.0 120,1.0 140,1.0 181,2.0 260,1.0 266,1.0 268,1.0 273,1.0 350,1.0 351,1.0 352,1.0 353,1.0 
18,1.0 20,1.0 44,1.0 46,1.0 68,1.0 76,1.0 140,1.0 252,1.0 255,1.0 274,1.0 350,2.0 351,1.0 353,1.0 354,1.0 357,1.0 358,1.0 359,1.0 360,1.0 
0,1.0 1,1.0 3,1.0 20,1.0 24,3.0 33,1.0 71,1.0 74,1.0 90,1.0 103,1.0 106,1.0 120,1.0 124,1.0 147,1.0 252,1.0 255,1.0 266,1.0 270,1.0 271,1.0 272,1.0 273,1.0 285,1.0 359,1.0 364,1.0 365,1.0 
74,1.0 103,1.0 147,1.0 269,1.0 
266,1.0 268,1.0 272,1.0 273,1.0 274,1.0 
266,1.0 268,1.0 271,1.0 273,1.0 274,1.0 
2,2.0 29,1.0 59,1.0 111,1.0 112,1.0 119,1.0 120,1.0 181,1.0 266,1.0 267,1.0 268,1.0 271,1.0 272,1.0 274,1.0 332,1.0 345,1.0 346,1.0 347,1.0 348,1.0 349,1.0 352,1.0 353,1.0 
46,1.0 268,1.0 
47,2.0 51,1.0 106,1.0 256,1.0 
1,1.0 2,1.0 32,1.0 46,2.0 
2,1.0 11,2.0 68,1.0 278,1.0 
2,2.0 5,2.0 11,1.0 12,1.0 23,1.0 26,1.0 32,2.0 51,1.0 61,1.0 62,2.0 68,3.0 69,2.0 78,1.0 96,1.0 133,1.0 269,1.0 308,1.0 310,1.0 
16,1.0 17,1.0 119,1.0 120,1.0 
0,1.0 1,1.0 24,1.0 99,1.0 157,1.0 158,1.0 237,1.0 250,1.0 355,1.0 362,1.0 
201,1.0 248,1.0 
15,1.0 16,1.0 174,1.0 238,1.0 
18,1.0 19,1.0 30,1.0 42,1.0 50,1.0 79,1.0 82,1.0 85,4.0 86,2.0 93,1.0 98,1.0 99,1.0 100,5.0 101,1.0 109,1.0 163,2.0 237,1.0 248,1.0 283,1.0 311,2.0 312,2.0 317,1.0 320,1.0 324,1.0 325,1.0 
55,1.0 76,1.0 80,1.0 83,1.0 85,3.0 87,1.0 88,1.0 91,2.0 92,1.0 123,1.0 132,1.0 137,1.0 139,1.0 159,1.0 204,1.0 251,1.0 266,1.0 269,1.0 285,1.0 305,1.0 359,1.0 364,1.0 369,1.0 370,1.0 408,1.0 409,1.0 410,1.0 411,1.0 412,1.0 413,1.0 414,1.0 415,1.0 
7,1.0 8,1.0 23,1.0 24,1.0 27,1.0 117,1.0 269,1.0 309,1.0 341,3.0 342,1.0 344,1.0 
68,1.0 132,1.0 220,1.0 248,1.0 255,1.0 
47,1.0 169,1.0 244,1.0 251,1.0 288,1.0 289,1.0 290,1.0 
47,1.0 169,1.0 244,1.0 251,1.0 287,1.0 289,1.0 290,1.0 
47,1.0 169,1.0 244,1.0 251,1.0 287,1.0 288,1.0 290,1.0 
24,1.0 47,1.0 
180,1.0 193,1.0 240,1.0 
3,1.0 74,1.0 75,1.0 89,1.0 175,1.0 193,1.0 201,1.0 210,1.0 213,1.0 405,1.0 406,1.0 
0,1.0 1,1.0 43,1.0 200,1.0 
43,1.0 194,2.0 204,2.0 
172,1.0 202,1.0 205,1.0 207,1.0 249,1.0 296,1.0 
43,1.0 172,2.0 192,1.0 210,1.0 
0,2.0 31,2.0 193,2.0 194,2.0 197,2.0 
42,1.0 43,1.0 49,1.0 216,3.0 217,1.0 218,1.0 301,1.0 303,1.0 
217,1.0 300,1.0 
298,1.0 
43,1.0 49,1.0 218,1.0 302,1.0 
43,1.0 49,1.0 193,1.0 194,1.0 197,1.0 
217,1.0 
43,1.0 49,1.0 219,1.0 305,1.0 
3,1.0 30,1.0 43,1.0 49,1.0 83,1.0 85,3.0 87,1.0 91,4.0 97,2.0 98,1.0 137,1.0 139,1.0 159,2.0 193,1.0 194,1.0 251,1.0 266,1.0 284,1.0 329,2.0 369,3.0 410,1.0 411,1.0 412,1.0 413,1.0 414,1.0 415,1.0 
67,1.0 177,1.0 217,1.0 
8,2.0 27,1.0 41,2.0 45,1.0 47,2.0 51,4.0 56,4.0 
14,1.0 16,1.0 18,1.0 23,1.0 26,2.0 27,1.0 41,3.0 47,3.0 51,3.0 53,2.0 59,2.0 68,1.0 106,3.0 114,2.0 124,1.0 132,1.0 158,1.0 220,1.0 252,2.0 255,1.0 262,2.0 269,1.0 275,1.0 310,2.0 
7,1.0 41,1.0 111,1.0 113,2.0 157,1.0 241,1.0 343,1.0 
18,1.0 23,1.0 26,2.0 41,1.0 51,1.0 57,1.0 59,1.0 68,1.0 106,2.0 114,1.0 124,1.0 132,1.0 158,1.0 220,1.0 252,1.0 255,1.0 269,1.0 308,3.0 
30,1.0 42,1.0 85,2.0 86,1.0 98,1.0 100,1.0 283,3.0 312,1.0 324,1.0 
3,1.0 18,2.0 19,2.0 20,1.0 30,1.0 42,1.0 48,1.0 50,1.0 81,2.0 82,1.0 85,2.0 86,1.0 98,2.0 109,1.0 119,1.0 163,1.0 283,2.0 311,1.0 317,1.0 321,1.0 323,1.0 
85,2.0 98,1.0 237,1.0 314,1.0 
3,1.0 18,1.0 19,1.0 32,1.0 68,1.0 74,1.0 81,2.0 82,1.0 85,3.0 96,1.0 98,3.0 109,1.0 119,1.0 120,2.0 147,1.0 163,1.0 237,1.0 313,1.0 318,1.0 321,1.0 
30,1.0 85,1.0 237,1.0 316,1.0 
18,1.0 19,1.0 30,1.0 108,1.0 326,1.0 
50,1.0 81,1.0 82,1.0 98,1.0 163,1.0 312,1.0 
32,1.0 81,1.0 85,1.0 98,2.0 314,1.0 
1,1.0 85,1.0 98,1.0 320,1.0 
1,1.0 3,1.0 19,2.0 20,1.0 119,1.0 
48,1.0 81,2.0 86,1.0 100,1.0 283,1.0 312,1.0 322,1.0 323,1.0 
48,1.0 81,1.0 100,1.0 312,1.0 321,1.0 323,1.0 
48,1.0 81,1.0 86,1.0 283,1.0 312,1.0 321,1.0 
30,1.0 86,1.0 100,1.0 283,2.0 311,1.0 
19,1.0 100,1.0 283,1.0 320,1.0 
3,1.0 19,1.0 74,1.0 147,1.0 
285,1.0 328,2.0 341,1.0 342,2.0 
110,2.0 329,1.0 330,1.0 
10,1.0 41,1.0 51,1.0 54,1.0 85,1.0 91,2.0 97,1.0 110,1.0 116,1.0 118,1.0 127,1.0 159,1.0 305,2.0 330,3.0 331,1.0 
10,1.0 41,1.0 51,1.0 54,1.0 110,1.0 116,1.0 118,1.0 127,1.0 329,3.0 331,1.0 
7,2.0 241,1.0 285,1.0 332,2.0 341,1.0 343,1.0 356,1.0 
7,1.0 10,1.0 111,1.0 112,1.0 241,1.0 331,1.0 343,1.0 347,1.0 348,1.0 349,1.0 356,1.0 
90,1.0 96,1.0 134,1.0 220,1.0 334,1.0 
335,1.0 
95,1.0 336,1.0 337,1.0 
9,1.0 14,1.0 27,1.0 95,3.0 111,1.0 252,1.0 337,1.0 338,1.0 339,1.0 
8,1.0 56,1.0 95,1.0 111,1.0 123,2.0 336,1.0 
72,1.0 90,1.0 252,1.0 339,1.0 
72,1.0 90,1.0 252,1.0 338,1.0 
327,2.0 
7,1.0 8,1.0 23,1.0 27,1.0 117,1.0 285,3.0 309,1.0 342,1.0 344,1.0 
68,1.0 110,1.0 285,1.0 309,1.0 341,1.0 346,1.0 354,1.0 355,1.0 
7,1.0 110,1.0 241,2.0 331,1.0 332,1.0 356,1.0 
27,1.0 117,1.0 278,1.0 
2,1.0 111,1.0 112,1.0 162,1.0 273,1.0 332,1.0 346,1.0 347,1.0 348,1.0 349,1.0 
2,1.0 68,1.0 99,1.0 110,1.0 111,1.0 112,1.0 241,1.0 273,1.0 331,1.0 332,2.0 343,1.0 345,1.0 347,1.0 348,1.0 349,1.0 354,1.0 355,1.0 356,1.0 361,1.0 
10,1.0 112,1.0 332,1.0 348,1.0 349,1.0 
10,1.0 112,1.0 332,1.0 347,1.0 349,1.0 
10,1.0 112,1.0 332,1.0 347,1.0 348,1.0 
18,1.0 20,1.0 44,1.0 68,1.0 74,1.0 75,1.0 76,2.0 181,1.0 252,1.0 267,1.0 268,2.0 351,2.0 353,1.0 354,1.0 357,1.0 358,1.0 359,1.0 360,1.0 
4,1.0 5,2.0 6,2.0 29,1.0 30,1.0 32,2.0 61,1.0 62,2.0 74,2.0 75,3.0 76,5.0 77,2.0 78,2.0 278,1.0 358,3.0 359,2.0 
2,1.0 29,1.0 59,1.0 119,1.0 120,1.0 181,1.0 267,1.0 273,1.0 353,1.0 
2,1.0 18,1.0 20,1.0 29,1.0 44,1.0 59,1.0 68,1.0 119,1.0 120,1.0 181,1.0 252,1.0 267,1.0 268,1.0 273,1.0 350,1.0 352,1.0 354,1.0 360,1.0 
18,1.0 20,1.0 44,1.0 68,2.0 110,1.0 241,1.0 252,1.0 268,1.0 331,1.0 332,1.0 343,1.0 346,1.0 350,1.0 353,1.0 355,1.0 356,1.0 360,1.0 
68,1.0 99,1.0 110,1.0 241,1.0 280,1.0 331,1.0 332,1.0 343,1.0 346,1.0 354,1.0 356,1.0 362,1.0 
7,1.0 241,1.0 331,1.0 332,1.0 343,1.0 
76,1.0 268,1.0 350,1.0 351,1.0 358,1.0 359,1.0 
5,2.0 6,2.0 32,1.0 61,1.0 62,1.0 75,2.0 76,3.0 77,2.0 78,2.0 278,1.0 351,3.0 359,1.0 
5,1.0 20,1.0 29,1.0 32,1.0 55,1.0 61,1.0 62,2.0 68,1.0 69,1.0 74,2.0 76,5.0 78,1.0 92,1.0 119,1.0 123,1.0 132,1.0 204,1.0 278,1.0 284,1.0 351,2.0 358,1.0 364,2.0 365,1.0 366,1.0 367,1.0 368,1.0 
18,1.0 20,1.0 44,1.0 68,1.0 252,1.0 268,1.0 350,1.0 353,1.0 354,1.0 
269,1.0 
99,1.0 280,1.0 355,1.0 
12,1.0 269,1.0 
20,1.0 55,1.0 76,1.0 92,1.0 123,1.0 132,1.0 204,1.0 284,1.0 359,2.0 365,1.0 366,1.0 
6,1.0 20,2.0 21,1.0 22,1.0 75,1.0 89,1.0 359,1.0 364,1.0 366,1.0 
2,1.0 11,1.0 26,1.0 27,2.0 29,1.0 44,1.0 45,1.0 88,1.0 136,1.0 145,3.0 146,1.0 210,1.0 232,1.0 262,1.0 380,1.0 
76,1.0 119,1.0 359,1.0 368,1.0 
76,1.0 123,1.0 132,1.0 204,1.0 284,1.0 359,1.0 364,1.0 
3,1.0 30,1.0 83,1.0 85,2.0 87,1.0 91,2.0 97,1.0 98,1.0 137,1.0 139,1.0 159,1.0 251,1.0 266,1.0 284,1.0 305,3.0 410,1.0 411,1.0 412,1.0 413,1.0 414,1.0 415,1.0 
79,1.0 85,1.0 88,2.0 91,1.0 162,1.0 163,1.0 284,1.0 408,1.0 409,1.0 
17,1.0 20,1.0 27,1.0 29,1.0 34,1.0 36,2.0 39,2.0 64,2.0 75,1.0 89,1.0 146,1.0 151,4.0 152,1.0 365,1.0 371,1.0 372,1.0 373,3.0 374,1.0 375,2.0 
20,1.0 34,1.0 36,1.0 75,1.0 89,1.0 151,1.0 365,1.0 371,1.0 373,1.0 
17,1.0 20,1.0 27,1.0 29,1.0 34,1.0 36,1.0 39,1.0 64,1.0 75,1.0 89,1.0 146,1.0 151,2.0 365,1.0 371,2.0 372,1.0 375,1.0 
36,1.0 39,1.0 64,1.0 151,2.0 152,1.0 371,2.0 373,1.0 375,1.0 
17,1.0 27,1.0 29,1.0 39,1.0 64,1.0 146,1.0 151,1.0 371,1.0 373,1.0 
4,2.0 62,1.0 107,1.0 109,1.0 113,2.0 227,1.0 
27,1.0 42,1.0 108,1.0 307,1.0 
14,1.0 156,1.0 
2,1.0 32,1.0 33,1.0 77,1.0 96,1.0 120,1.0 210,1.0 366,1.0 380,1.0 
17,1.0 24,1.0 210,2.0 232,3.0 366,1.0 381,2.0 382,2.0 383,2.0 385,1.0 
24,1.0 146,1.0 192,1.0 210,1.0 232,2.0 247,1.0 380,2.0 382,1.0 383,1.0 386,1.0 
17,1.0 24,1.0 210,1.0 380,2.0 381,1.0 383,1.0 385,1.0 
17,2.0 232,2.0 380,2.0 381,2.0 382,1.0 384,1.0 385,1.0 
17,1.0 232,1.0 381,1.0 383,1.0 
17,1.0 380,1.0 382,1.0 383,1.0 
16,1.0 146,1.0 192,1.0 247,1.0 387,2.0 388,1.0 390,1.0 
16,1.0 55,1.0 174,1.0 247,2.0 386,1.0 388,2.0 390,2.0 392,1.0 393,1.0 
55,1.0 174,1.0 192,1.0 247,2.0 248,1.0 387,2.0 389,1.0 390,1.0 392,1.0 393,1.0 
16,1.0 192,1.0 247,2.0 248,1.0 388,1.0 390,1.0 391,1.0 
16,2.0 247,2.0 386,1.0 387,2.0 388,2.0 389,1.0 391,1.0 
16,1.0 247,1.0 389,1.0 390,1.0 
4,1.0 16,1.0 17,2.0 26,1.0 28,2.0 42,1.0 55,1.0 62,1.0 108,1.0 109,1.0 145,1.0 146,1.0 174,2.0 223,1.0 224,2.0 231,1.0 262,1.0 393,1.0 394,1.0 395,7.0 396,1.0 397,1.0 398,2.0 399,2.0 402,1.0 404,1.0 
11,1.0 12,1.0 27,1.0 55,1.0 174,1.0 210,1.0 224,1.0 231,1.0 292,1.0 392,1.0 394,1.0 397,1.0 398,1.0 401,1.0 405,1.0 406,1.0 
11,1.0 12,1.0 41,1.0 196,1.0 200,1.0 205,1.0 224,1.0 231,1.0 392,1.0 393,1.0 395,1.0 397,1.0 401,2.0 
4,1.0 9,1.0 11,1.0 14,2.0 16,5.0 17,2.0 26,2.0 27,4.0 28,2.0 29,2.0 42,1.0 55,1.0 62,1.0 108,1.0 109,1.0 125,1.0 145,2.0 146,4.0 174,1.0 223,2.0 224,7.0 248,1.0 262,3.0 392,5.0 395,2.0 396,1.0 397,6.0 398,9.0 399,9.0 400,2.0 401,3.0 402,4.0 403,2.0 404,2.0 
26,1.0 27,1.0 174,1.0 224,1.0 392,1.0 395,1.0 398,1.0 399,1.0 400,1.0 
9,1.0 11,2.0 12,1.0 14,1.0 16,4.0 17,3.0 24,2.0 25,1.0 27,4.0 28,2.0 29,2.0 41,1.0 55,1.0 146,2.0 196,1.0 200,1.0 205,1.0 224,11.0 248,1.0 392,3.0 393,2.0 394,1.0 395,6.0 398,7.0 399,6.0 401,5.0 
9,1.0 11,1.0 14,2.0 16,6.0 17,1.0 24,2.0 25,1.0 26,1.0 27,7.0 29,2.0 55,1.0 125,1.0 145,1.0 146,3.0 223,1.0 224,9.0 248,2.0 262,2.0 393,1.0 395,7.0 396,1.0 397,9.0 399,11.0 400,3.0 401,3.0 402,3.0 403,2.0 404,1.0 
9,1.0 11,1.0 14,2.0 16,6.0 17,1.0 24,2.0 25,1.0 26,1.0 27,6.0 29,2.0 55,1.0 125,1.0 145,1.0 146,3.0 223,1.0 224,8.0 248,2.0 262,2.0 395,7.0 396,1.0 397,8.0 398,11.0 400,3.0 401,3.0 402,3.0 403,2.0 404,1.0 
14,1.0 16,1.0 26,1.0 27,3.0 125,1.0 248,1.0 262,1.0 395,2.0 396,1.0 398,3.0 399,3.0 402,2.0 403,2.0 
9,1.0 11,3.0 12,2.0 14,1.0 16,2.0 27,2.0 29,2.0 41,1.0 55,1.0 146,2.0 196,1.0 200,1.0 205,1.0 210,1.0 224,4.0 292,1.0 393,2.0 394,1.0 395,3.0 397,4.0 398,3.0 399,3.0 401,1.0 405,1.0 406,1.0 
14,1.0 16,2.0 26,1.0 27,2.0 125,1.0 145,1.0 146,1.0 224,1.0 248,1.0 262,2.0 395,3.0 397,1.0 398,3.0 399,3.0 400,2.0 403,2.0 
14,1.0 16,1.0 26,1.0 27,2.0 125,1.0 248,1.0 262,1.0 395,2.0 398,2.0 399,2.0 400,2.0 402,2.0 
223,1.0 224,1.0 395,1.0 397,1.0 398,1.0 399,1.0 
3,1.0 74,1.0 75,1.0 89,1.0 210,1.0 292,1.0 406,1.0 
3,1.0 74,1.0 75,1.0 89,1.0 210,1.0 292,1.0 405,1.0 
85,1.0 88,1.0 91,1.0 284,1.0 370,1.0 
83,1.0 85,1.0 87,1.0 91,1.0 159,1.0 284,1.0 305,1.0 369,1.0 409,1.0 410,1.0 411,1.0 
83,1.0 85,1.0 87,1.0 91,1.0 159,1.0 284,1.0 305,1.0 369,1.0 408,1.0 410,1.0 411,1.0 
83,1.0 85,1.0 87,1.0 91,1.0 137,1.0 139,1.0 159,1.0 251,1.0 266,1.0 284,1.0 305,1.0 369,1.0 411,1.0 412,1.0 413,1.0 414,1.0 415,1.0 
83,1.0 85,1.0 87,1.0 91,1.0 137,1.0 139,1.0 159,1.0 251,1.0 266,1.0 284,1.0 305,1.0 369,1.0 410,1.0 412,1.0 413,1.0 414,1.0 415,1.0 
137,1.0 139,1.0 251,1.0 266,1.0 413,1.0 414,1.0 415,1.0 
137,1.0 139,1.0 251,1.0 266,1.0 412,1.0 414,1.0 415,1.0 
137,1.0 139,1.0 251,1.0 266,1.0 412,1.0 413,1.0 415,1.0 
137,1.0 139,1.0 251,1.0 266,1.0 412,1.0 413,1.0 414,1.0 
