1,2.0 2,1.0 44,1.0 45,1.0 46,1.0 
0,1.0 2,2.0 17,2.0 18,1.0 43,1.0 45,1.0 46,1.0 
3,2.0 4,2.0 5,1.0 8,2.0 11,1.0 14,4.0 17,1.0 18,3.0 19,2.0 30,1.0 
2,2.0 7,1.0 17,3.0 20,3.0 25,1.0 
5,2.0 11,1.0 17,2.0 18,1.0 22,1.0 49,1.0 50,1.0 
2,1.0 4,1.0 6,3.0 7,1.0 8,1.0 11,7.0 14,3.0 16,1.0 17,3.0 19,3.0 20,1.0 25,1.0 26,1.0 29,1.0 47,1.0 
7,11.0 8,8.0 9,1.0 16,2.0 17,2.0 24,1.0 37,1.0 42,1.0 51,1.0 54,1.0 
2,1.0 6,11.0 8,8.0 9,1.0 14,1.0 16,2.0 29,1.0 42,1.0 
0,1.0 9,8.0 12,1.0 17,1.0 40,1.0 44,1.0 
8,1.0 10,4.0 40,4.0 
11,4.0 31,1.0 
3,1.0 5,4.0 6,7.0 7,7.0 12,7.0 14,1.0 17,7.0 18,3.0 21,1.0 32,1.0 
13,8.0 19,1.0 29,1.0 33,1.0 39,1.0 
2,1.0 5,7.0 14,8.0 
2,4.0 5,2.0 10,1.0 11,8.0 13,8.0 15,9.0 16,2.0 18,2.0 19,1.0 20,5.0 
14,8.0 17,1.0 18,1.0 
6,1.0 7,2.0 14,5.0 18,1.0 
1,2.0 2,1.0 3,3.0 4,2.0 5,3.0 7,1.0 11,2.0 16,4.0 18,6.0 19,3.0 20,2.0 21,1.0 22,2.0 43,1.0 50,1.0 51,1.0 52,1.0 53,1.0 54,1.0 55,1.0 
2,2.0 3,2.0 4,1.0 5,2.0 14,2.0 16,3.0 17,5.0 22,1.0 25,1.0 38,1.0 
4,2.0 5,2.0 14,3.0 17,1.0 25,1.0 
1,2.0 2,3.0 6,2.0 7,1.0 12,2.0 14,2.0 17,3.0 30,1.0 37,1.0 39,1.0 
17,1.0 22,1.0 
5,1.0 14,2.0 23,1.0 
5,1.0 24,1.0 48,1.0 
3,1.0 17,2.0 
3,1.0 5,1.0 20,1.0 26,1.0 
27,1.0 
28,1.0 
19,1.0 
6,1.0 7,1.0 17,1.0 36,1.0 
2,1.0 19,1.0 
8,1.0 
18,1.0 
34,1.0 
35,1.0 
20,1.0 
20,1.0 
6,1.0 24,1.0 
14,1.0 
12,1.0 29,1.0 
41,4.0 
11,3.0 12,1.0 
14,1.0 
2,1.0 14,1.0 
0,1.0 1,1.0 45,4.0 46,3.0 56,1.0 59,1.0 60,1.0 61,1.0 62,1.0 63,1.0 
1,1.0 2,1.0 44,2.0 45,1.0 46,4.0 57,1.0 58,1.0 60,1.0 61,1.0 62,2.0 63,2.0 
1,1.0 2,1.0 44,1.0 45,3.0 57,1.0 58,1.0 62,1.0 63,1.0 
23,1.0 48,1.0 
5,1.0 23,1.0 
5,1.0 50,1.0 
5,1.0 44,1.0 49,1.0 55,1.0 56,1.0 
17,1.0 52,1.0 53,1.0 
5,1.0 53,1.0 
5,1.0 52,1.0 
17,1.0 50,1.0 55,1.0 
44,1.0 50,1.0 56,1.0 
44,1.0 45,1.0 46,1.0 
44,1.0 58,1.0 59,1.0 
44,1.0 57,1.0 59,1.0 
44,1.0 45,1.0 60,1.0 61,1.0 
44,1.0 45,2.0 46,1.0 61,1.0 62,1.0 63,1.0 
44,1.0 45,2.0 46,1.0 60,1.0 62,1.0 63,1.0 
44,1.0 45,1.0 46,1.0 63,1.0 
44,1.0 45,1.0 46,1.0 62,1.0 
