0,3.0 1,11.0 2,1.0 3,5.0 4,2.0 6,1.0 10,1.0 11,3.0 12,3.0 14,2.0 15,5.0 16,3.0 17,17.0 20,2.0 21,2.0 22,2.0 23,2.0 31,1.0 35,1.0 70,1.0 71,1.0 99,1.0 104,2.0 116,3.0 136,1.0 140,2.0 141,1.0 146,1.0 151,1.0 152,1.0 153,3.0 160,1.0 162,5.0 164,2.0 201,2.0 236,2.0 238,5.0 240,6.0 252,1.0 279,1.0 
0,10.0 2,4.0 3,5.0 4,2.0 5,2.0 6,2.0 7,2.0 8,2.0 9,2.0 11,2.0 12,3.0 14,2.0 15,7.0 16,7.0 17,11.0 20,2.0 21,6.0 22,2.0 23,2.0 25,4.0 31,1.0 35,1.0 77,4.0 99,1.0 116,8.0 126,1.0 132,1.0 136,1.0 141,1.0 146,1.0 150,1.0 151,1.0 162,1.0 170,1.0 204,4.0 205,4.0 206,4.0 236,4.0 237,1.0 238,2.0 240,2.0 243,2.0 278,2.0 279,1.0 
0,3.0 2,2.0 3,3.0 4,1.0 14,8.0 15,3.0 17,12.0 30,1.0 31,5.0 32,2.0 37,2.0 75,1.0 98,1.0 116,4.0 118,1.0 127,1.0 136,3.0 140,2.0 159,1.0 160,5.0 162,3.0 170,1.0 178,1.0 181,1.0 193,1.0 194,1.0 195,1.0 211,1.0 238,3.0 240,1.0 278,1.0 281,1.0 
0,6.0 1,7.0 11,2.0 12,2.0 15,4.0 16,1.0 17,1.0 31,1.0 32,1.0 35,1.0 116,1.0 123,1.0 141,2.0 146,1.0 147,1.0 151,1.0 171,1.0 
0,1.0 1,4.0 2,1.0 5,3.0 15,2.0 17,8.0 22,1.0 30,1.0 31,1.0 37,3.0 66,1.0 99,2.0 116,4.0 134,1.0 140,2.0 152,1.0 153,1.0 160,1.0 162,2.0 235,2.0 236,1.0 278,2.0 281,1.0 
1,2.0 4,1.0 6,2.0 7,3.0 8,2.0 9,2.0 22,1.0 27,3.0 28,1.0 29,1.0 30,3.0 98,2.0 140,1.0 141,3.0 142,2.0 143,2.0 164,1.0 241,1.0 
0,3.0 1,5.0 3,3.0 6,3.0 7,11.0 8,12.0 9,7.0 10,7.0 14,1.0 15,4.0 16,3.0 17,2.0 18,2.0 19,2.0 25,1.0 26,1.0 31,1.0 32,1.0 33,1.0 34,1.0 35,2.0 51,1.0 59,2.0 63,1.0 67,1.0 68,1.0 69,1.0 70,2.0 71,2.0 72,1.0 73,1.0 74,1.0 75,2.0 77,1.0 78,1.0 102,1.0 116,2.0 204,1.0 210,3.0 211,1.0 244,1.0 245,2.0 282,1.0 
0,2.0 1,4.0 3,2.0 5,1.0 6,12.0 7,2.0 8,10.0 9,6.0 10,5.0 15,3.0 16,3.0 17,4.0 18,1.0 19,1.0 27,1.0 28,1.0 30,2.0 31,1.0 32,1.0 33,1.0 34,1.0 70,1.0 77,1.0 116,5.0 126,1.0 129,1.0 140,1.0 142,3.0 147,1.0 160,1.0 178,1.0 200,1.0 204,1.0 277,1.0 282,1.0 
0,2.0 1,4.0 3,2.0 6,13.0 7,10.0 8,2.0 9,6.0 10,5.0 14,1.0 15,2.0 16,3.0 17,1.0 18,1.0 19,2.0 31,1.0 32,1.0 33,1.0 34,1.0 35,1.0 49,1.0 59,1.0 70,1.0 75,1.0 77,1.0 78,1.0 123,1.0 142,1.0 144,1.0 148,1.0 204,1.0 210,1.0 211,1.0 
0,1.0 1,3.0 3,1.0 6,9.0 7,7.0 8,7.0 9,1.0 10,4.0 15,1.0 16,3.0 18,2.0 19,1.0 31,1.0 32,2.0 33,1.0 34,1.0 51,3.0 53,3.0 66,1.0 77,2.0 103,1.0 134,1.0 164,1.0 203,1.0 204,2.0 209,1.0 242,1.0 253,1.0 254,2.0 256,1.0 
0,2.0 1,3.0 3,3.0 6,4.0 7,2.0 8,3.0 9,1.0 15,2.0 18,1.0 25,1.0 26,1.0 35,2.0 51,1.0 70,1.0 71,1.0 144,1.0 197,1.0 
12,6.0 13,6.0 35,2.0 
11,6.0 13,6.0 35,2.0 103,1.0 170,1.0 243,1.0 
13,5.0 14,6.0 15,6.0 16,2.0 35,2.0 50,10.0 51,10.0 54,12.0 152,2.0 259,7.0 264,7.0 265,2.0 266,1.0 267,1.0 268,1.0 
0,4.0 1,2.0 2,10.0 3,1.0 4,2.0 6,2.0 7,2.0 8,2.0 9,1.0 14,2.0 15,10.0 16,1.0 17,10.0 19,1.0 31,4.0 32,2.0 35,1.0 37,2.0 42,2.0 43,2.0 49,1.0 75,3.0 76,1.0 77,1.0 78,2.0 98,1.0 116,7.0 127,3.0 130,2.0 136,1.0 160,3.0 162,1.0 211,3.0 236,1.0 238,1.0 240,1.0 280,1.0 281,1.0 
0,6.0 1,7.0 2,2.0 3,4.0 4,2.0 6,3.0 7,4.0 8,2.0 9,1.0 11,2.0 12,2.0 14,9.0 16,1.0 17,12.0 19,1.0 24,1.0 27,1.0 31,2.0 35,2.0 37,2.0 42,2.0 43,2.0 50,1.0 51,1.0 66,2.0 99,2.0 112,3.0 113,1.0 116,19.0 124,2.0 136,1.0 142,1.0 236,2.0 238,1.0 240,1.0 260,1.0 278,2.0 279,1.0 280,1.0 281,1.0 282,1.0 283,1.0 284,1.0 285,1.0 286,1.0 287,1.0 288,1.0 289,1.0 
0,5.0 1,8.0 3,2.0 13,1.0 15,1.0 16,1.0 17,4.0 20,2.0 21,6.0 22,2.0 23,2.0 24,1.0 25,4.0 31,3.0 32,4.0 33,3.0 34,4.0 38,1.0 50,1.0 51,1.0 54,1.0 77,4.0 100,1.0 123,1.0 126,2.0 141,1.0 147,1.0 196,2.0 204,4.0 205,4.0 206,4.0 
0,16.0 1,12.0 2,12.0 4,8.0 6,1.0 7,3.0 11,1.0 12,1.0 14,9.0 15,10.0 16,3.0 17,26.0 20,3.0 21,2.0 22,2.0 23,2.0 24,2.0 27,2.0 31,7.0 36,1.0 37,3.0 40,1.0 41,1.0 50,2.0 51,2.0 52,1.0 53,1.0 55,1.0 56,1.0 66,3.0 116,28.0 117,1.0 123,1.0 124,2.0 130,2.0 136,11.0 140,15.0 142,1.0 145,3.0 147,1.0 150,3.0 159,3.0 160,17.0 161,1.0 162,22.0 164,2.0 177,1.0 234,1.0 235,11.0 236,4.0 238,14.0 239,2.0 240,13.0 260,2.0 278,12.0 279,1.0 280,1.0 281,1.0 282,1.0 283,1.0 
0,1.0 1,1.0 3,1.0 6,1.0 9,1.0 10,1.0 15,1.0 
0,1.0 1,1.0 6,2.0 7,1.0 8,2.0 9,1.0 15,1.0 16,1.0 17,1.0 35,1.0 164,1.0 242,1.0 
21,4.0 22,2.0 23,2.0 24,2.0 25,2.0 26,2.0 39,1.0 
4,1.0 5,3.0 7,1.0 20,2.0 21,2.0 22,2.0 23,3.0 24,9.0 25,13.0 26,5.0 27,2.0 29,1.0 35,1.0 38,1.0 50,2.0 51,2.0 52,1.0 53,1.0 59,1.0 62,1.0 64,1.0 65,1.0 66,1.0 86,1.0 87,1.0 88,1.0 89,1.0 105,1.0 106,1.0 107,1.0 108,1.0 205,4.0 206,4.0 207,4.0 208,4.0 
20,2.0 21,4.0 23,2.0 24,2.0 25,2.0 26,2.0 30,1.0 80,1.0 124,2.0 130,1.0 
20,2.0 21,7.0 22,2.0 24,2.0 25,3.0 26,3.0 35,1.0 50,1.0 51,1.0 52,1.0 53,2.0 56,1.0 59,1.0 62,1.0 64,1.0 65,1.0 66,1.0 85,1.0 86,1.0 87,1.0 88,1.0 89,1.0 
5,2.0 7,2.0 17,3.0 20,1.0 21,3.0 25,6.0 26,2.0 27,2.0 29,1.0 35,1.0 36,1.0 37,1.0 38,1.0 59,1.0 65,1.0 66,1.0 70,1.0 105,1.0 106,1.0 107,1.0 108,1.0 139,1.0 142,1.0 192,1.0 207,4.0 208,4.0 212,1.0 213,1.0 214,1.0 215,1.0 217,1.0 218,1.0 219,1.0 225,1.0 226,1.0 227,1.0 
5,2.0 7,2.0 21,7.0 24,10.0 25,4.0 26,4.0 27,2.0 29,1.0 35,2.0 50,2.0 51,3.0 56,1.0 59,1.0 65,1.0 66,1.0 70,1.0 81,1.0 82,1.0 139,1.0 142,1.0 192,1.0 205,4.0 206,4.0 207,8.0 208,8.0 212,1.0 213,1.0 214,1.0 215,1.0 217,1.0 218,1.0 219,1.0 225,1.0 226,1.0 227,1.0 
5,2.0 7,1.0 21,3.0 24,2.0 25,4.0 27,2.0 29,1.0 35,2.0 50,2.0 51,3.0 56,1.0 81,1.0 82,1.0 
5,3.0 6,1.0 7,2.0 8,1.0 9,1.0 15,1.0 28,1.0 29,1.0 30,1.0 40,1.0 41,1.0 50,2.0 51,1.0 53,3.0 66,1.0 72,1.0 83,1.0 116,1.0 140,1.0 141,1.0 256,1.0 258,1.0 259,2.0 260,1.0 261,1.0 262,1.0 263,1.0 283,1.0 284,1.0 285,1.0 286,1.0 287,1.0 288,1.0 289,1.0 
0,1.0 1,1.0 16,1.0 17,1.0 
5,1.0 27,1.0 30,1.0 
5,1.0 6,2.0 7,1.0 8,2.0 9,1.0 22,1.0 59,1.0 98,1.0 124,1.0 130,1.0 159,1.0 164,2.0 210,1.0 241,3.0 
0,3.0 1,2.0 2,3.0 3,2.0 4,1.0 9,1.0 14,1.0 15,3.0 16,5.0 17,8.0 19,1.0 31,2.0 32,3.0 33,3.0 34,3.0 103,1.0 116,2.0 136,2.0 147,2.0 160,3.0 162,2.0 196,2.0 235,2.0 238,1.0 278,2.0 
0,1.0 1,1.0 2,2.0 3,2.0 9,1.0 14,2.0 15,1.0 16,4.0 31,3.0 32,1.0 33,3.0 34,3.0 98,1.0 123,1.0 127,1.0 134,1.0 141,1.0 147,1.0 
0,1.0 1,1.0 3,1.0 15,1.0 16,3.0 31,3.0 32,3.0 33,1.0 34,3.0 171,1.0 249,1.0 
0,1.0 1,1.0 3,1.0 15,1.0 16,4.0 31,3.0 32,3.0 33,3.0 34,1.0 100,1.0 
6,2.0 8,3.0 10,1.0 11,2.0 12,2.0 13,2.0 14,2.0 15,4.0 19,2.0 21,2.0 23,3.0 25,2.0 26,2.0 35,9.0 49,7.0 50,3.0 51,8.0 52,1.0 53,3.0 55,1.0 56,5.0 81,3.0 82,4.0 83,2.0 84,4.0 85,2.0 86,1.0 87,1.0 144,1.0 197,1.0 254,1.0 271,3.0 272,2.0 273,1.0 
16,1.0 37,1.0 38,1.0 
1,1.0 4,3.0 13,1.0 15,2.0 16,1.0 17,2.0 36,1.0 38,1.0 52,1.0 53,1.0 54,1.0 59,1.0 60,1.0 61,1.0 98,1.0 99,1.0 103,1.0 116,4.0 118,4.0 119,1.0 124,2.0 126,1.0 127,1.0 150,1.0 159,2.0 236,1.0 281,1.0 
16,1.0 17,1.0 21,1.0 24,2.0 35,1.0 105,1.0 106,1.0 107,1.0 108,1.0 
24,1.0 52,1.0 53,1.0 98,1.0 101,1.0 103,2.0 
6,1.0 7,1.0 8,1.0 9,1.0 27,1.0 30,1.0 41,1.0 130,1.0 159,1.0 
6,1.0 7,1.0 8,1.0 9,1.0 27,1.0 40,1.0 
43,2.0 44,2.0 90,1.0 91,1.0 92,1.0 93,1.0 94,1.0 95,1.0 96,1.0 97,1.0 98,1.0 99,1.0 100,1.0 101,1.0 102,1.0 103,1.0 104,1.0 
42,2.0 44,2.0 
45,2.0 46,2.0 47,2.0 48,2.0 
35,1.0 46,2.0 47,2.0 48,2.0 49,1.0 109,1.0 
35,1.0 45,2.0 47,2.0 48,2.0 49,1.0 109,1.0 
35,1.0 45,2.0 46,2.0 48,2.0 49,1.0 109,1.0 
35,1.0 45,2.0 46,2.0 47,2.0 49,1.0 109,1.0 
0,1.0 8,1.0 15,1.0 35,8.0 49,7.0 50,5.0 51,5.0 54,2.0 70,1.0 79,2.0 80,2.0 84,1.0 123,1.0 142,1.0 144,1.0 269,1.0 270,3.0 271,6.0 272,2.0 
13,9.0 17,4.0 21,2.0 23,1.0 25,1.0 26,1.0 27,1.0 35,4.0 49,6.0 50,11.0 51,22.0 52,2.0 53,9.0 54,9.0 55,2.0 56,1.0 81,1.0 82,2.0 83,1.0 84,1.0 86,1.0 87,1.0 152,2.0 259,14.0 260,1.0 261,1.0 262,1.0 263,1.0 264,7.0 265,2.0 266,1.0 267,1.0 268,1.0 269,1.0 270,3.0 271,4.0 272,1.0 
9,2.0 13,9.0 17,4.0 21,2.0 23,2.0 25,2.0 26,2.0 27,2.0 35,9.0 49,3.0 50,22.0 51,18.0 52,2.0 53,19.0 54,9.0 55,1.0 56,3.0 66,2.0 72,2.0 81,3.0 82,3.0 83,1.0 84,4.0 85,1.0 86,1.0 87,1.0 152,4.0 209,2.0 254,11.0 255,2.0 256,8.0 257,2.0 258,2.0 259,8.0 264,7.0 265,2.0 266,1.0 267,1.0 268,1.0 270,1.0 271,4.0 272,3.0 273,2.0 
13,1.0 21,1.0 23,1.0 37,3.0 52,2.0 53,7.0 54,1.0 57,2.0 58,2.0 59,1.0 62,1.0 64,1.0 65,1.0 66,1.0 86,1.0 87,1.0 88,1.0 89,1.0 
9,1.0 13,1.0 21,2.0 23,2.0 25,1.0 26,1.0 27,4.0 35,1.0 37,3.0 50,9.0 51,16.0 52,7.0 53,13.0 54,1.0 55,2.0 56,1.0 57,2.0 58,2.0 59,1.0 62,1.0 64,1.0 65,1.0 66,2.0 72,2.0 83,1.0 85,1.0 86,1.0 87,1.0 88,1.0 89,1.0 152,1.0 209,1.0 254,5.0 256,8.0 257,2.0 258,2.0 259,10.0 260,2.0 261,2.0 262,1.0 263,1.0 
0,1.0 13,12.0 16,2.0 49,1.0 50,10.0 51,10.0 54,5.0 79,1.0 80,1.0 152,2.0 259,7.0 264,7.0 265,2.0 266,1.0 267,1.0 268,1.0 
27,1.0 35,1.0 39,1.0 50,2.0 51,1.0 53,2.0 55,1.0 56,4.0 82,1.0 84,1.0 259,2.0 260,1.0 261,1.0 
21,1.0 23,1.0 25,1.0 26,1.0 35,4.0 39,1.0 50,2.0 51,3.0 53,1.0 55,4.0 56,1.0 81,1.0 82,2.0 83,1.0 84,2.0 85,1.0 
37,1.0 52,1.0 53,1.0 58,1.0 
37,1.0 52,1.0 53,1.0 57,1.0 
6,3.0 8,1.0 14,1.0 42,1.0 59,2.0 60,1.0 61,1.0 62,3.0 63,4.0 64,3.0 65,4.0 66,4.0 67,2.0 68,2.0 69,2.0 70,2.0 71,2.0 72,2.0 73,1.0 74,1.0 75,2.0 78,1.0 88,1.0 89,1.0 90,1.0 91,1.0 92,1.0 93,1.0 94,1.0 95,1.0 96,1.0 209,1.0 210,1.0 211,1.0 
59,2.0 61,1.0 62,1.0 63,1.0 64,1.0 65,1.0 66,1.0 
59,2.0 60,1.0 62,1.0 63,1.0 64,1.0 65,1.0 66,1.0 
6,1.0 42,1.0 59,3.0 63,2.0 64,2.0 65,2.0 66,2.0 67,1.0 68,1.0 69,1.0 70,1.0 71,1.0 72,1.0 88,1.0 89,1.0 90,1.0 91,1.0 92,1.0 93,1.0 94,1.0 95,1.0 96,1.0 
6,2.0 59,3.0 62,1.0 63,1.0 64,1.0 65,1.0 66,1.0 67,2.0 68,2.0 69,2.0 70,2.0 71,2.0 72,2.0 73,1.0 74,1.0 75,1.0 
6,1.0 42,1.0 59,3.0 62,2.0 63,2.0 65,2.0 66,2.0 67,1.0 68,1.0 69,1.0 70,1.0 71,1.0 72,1.0 88,1.0 89,1.0 90,1.0 91,1.0 92,1.0 93,1.0 94,1.0 95,1.0 96,1.0 143,3.0 176,3.0 196,1.0 246,1.0 247,1.0 
6,1.0 42,1.0 59,4.0 62,2.0 63,2.0 64,2.0 66,3.0 67,1.0 68,1.0 69,1.0 70,1.0 71,1.0 72,1.0 88,1.0 89,1.0 90,1.0 91,1.0 92,1.0 93,1.0 94,1.0 95,1.0 96,1.0 209,1.0 
4,1.0 6,1.0 9,1.0 15,2.0 17,2.0 27,1.0 42,1.0 51,2.0 53,2.0 59,4.0 62,2.0 63,2.0 64,2.0 65,3.0 67,1.0 68,1.0 69,1.0 70,1.0 71,1.0 72,1.0 88,1.0 89,1.0 90,1.0 91,1.0 92,1.0 93,1.0 94,1.0 95,1.0 96,1.0 99,1.0 116,3.0 134,1.0 145,1.0 162,1.0 209,2.0 238,1.0 254,1.0 256,1.0 260,1.0 283,1.0 284,1.0 285,1.0 286,1.0 287,1.0 288,1.0 289,1.0 
6,1.0 59,1.0 63,1.0 68,1.0 69,1.0 70,1.0 71,1.0 72,1.0 73,1.0 74,1.0 75,1.0 
6,1.0 59,1.0 63,1.0 67,1.0 69,1.0 70,1.0 71,1.0 72,1.0 73,1.0 74,1.0 75,1.0 
6,1.0 59,1.0 63,1.0 67,1.0 68,1.0 70,1.0 71,1.0 72,1.0 73,1.0 74,1.0 75,1.0 
6,2.0 7,1.0 8,1.0 10,1.0 25,1.0 26,1.0 30,1.0 35,1.0 49,1.0 51,1.0 59,1.0 63,1.0 67,1.0 68,1.0 69,1.0 71,2.0 72,1.0 73,1.0 74,1.0 75,1.0 123,1.0 142,2.0 144,1.0 
6,2.0 9,1.0 10,1.0 25,1.0 26,1.0 35,1.0 51,1.0 59,1.0 63,1.0 67,1.0 68,1.0 69,1.0 70,2.0 72,1.0 73,1.0 74,1.0 75,1.0 96,1.0 156,1.0 157,1.0 158,1.0 203,1.0 
6,1.0 27,1.0 50,1.0 51,1.0 53,2.0 59,1.0 63,1.0 67,1.0 68,1.0 69,1.0 70,1.0 71,1.0 73,1.0 74,1.0 75,1.0 256,1.0 258,1.0 259,1.0 
14,1.0 74,1.0 75,1.0 76,1.0 77,1.0 78,1.0 
14,1.0 73,1.0 75,1.0 76,1.0 77,1.0 78,1.0 
0,1.0 2,2.0 3,1.0 14,4.0 15,1.0 31,1.0 73,1.0 74,1.0 75,1.0 76,1.0 77,1.0 78,2.0 211,3.0 
14,1.0 49,1.0 77,1.0 78,1.0 
1,4.0 14,1.0 16,4.0 21,4.0 25,4.0 49,1.0 76,1.0 78,1.0 204,4.0 205,4.0 206,4.0 
2,1.0 14,3.0 49,1.0 75,2.0 76,1.0 77,1.0 171,1.0 211,2.0 248,1.0 
0,1.0 49,1.0 54,1.0 80,1.0 
0,1.0 49,1.0 54,1.0 79,1.0 99,1.0 103,1.0 124,1.0 130,1.0 
35,3.0 51,1.0 55,1.0 56,2.0 82,3.0 83,1.0 84,1.0 
21,1.0 23,1.0 35,4.0 50,1.0 51,2.0 52,1.0 53,1.0 55,1.0 56,2.0 81,2.0 83,1.0 84,2.0 86,1.0 87,1.0 274,1.0 
13,1.0 23,1.0 35,2.0 50,1.0 51,2.0 53,1.0 54,1.0 56,1.0 84,1.0 85,1.0 259,1.0 262,1.0 263,1.0 264,1.0 
21,1.0 23,2.0 35,4.0 50,1.0 51,4.0 52,1.0 53,2.0 56,1.0 82,1.0 83,1.0 85,1.0 86,1.0 87,1.0 254,1.0 271,1.0 272,1.0 273,1.0 
21,1.0 23,1.0 25,1.0 26,1.0 35,1.0 50,1.0 51,1.0 53,1.0 56,1.0 
21,1.0 23,1.0 52,1.0 53,1.0 59,1.0 62,1.0 64,1.0 65,1.0 66,1.0 87,1.0 88,1.0 89,1.0 
21,1.0 23,1.0 52,1.0 53,1.0 59,1.0 62,1.0 64,1.0 65,1.0 66,1.0 86,1.0 88,1.0 89,1.0 
42,1.0 59,1.0 62,1.0 64,1.0 65,1.0 66,1.0 89,1.0 90,1.0 91,1.0 92,1.0 93,1.0 94,1.0 95,1.0 96,1.0 
42,1.0 59,1.0 62,1.0 64,1.0 65,1.0 66,1.0 88,1.0 90,1.0 91,1.0 92,1.0 93,1.0 94,1.0 95,1.0 96,1.0 
42,1.0 91,1.0 92,1.0 93,1.0 94,1.0 95,1.0 96,1.0 97,1.0 98,1.0 99,1.0 100,1.0 101,1.0 102,1.0 103,1.0 104,1.0 
42,1.0 90,1.0 92,1.0 93,1.0 94,1.0 95,1.0 96,1.0 97,1.0 98,1.0 99,1.0 100,1.0 101,1.0 102,1.0 103,1.0 104,1.0 
42,1.0 90,1.0 91,1.0 93,1.0 94,1.0 95,1.0 96,1.0 97,1.0 98,1.0 99,1.0 100,1.0 101,1.0 102,1.0 103,1.0 104,1.0 
42,1.0 90,1.0 91,1.0 92,1.0 94,1.0 95,1.0 96,1.0 97,1.0 98,1.0 99,1.0 100,1.0 101,1.0 102,1.0 103,1.0 104,1.0 
42,1.0 90,1.0 91,1.0 92,1.0 93,1.0 95,1.0 96,1.0 97,1.0 98,1.0 99,1.0 100,1.0 101,1.0 102,1.0 103,1.0 104,1.0 
42,1.0 90,1.0 91,1.0 92,1.0 93,1.0 94,1.0 96,1.0 97,1.0 98,1.0 99,1.0 100,1.0 101,1.0 102,1.0 103,1.0 104,1.0 128,1.0 183,1.0 200,1.0 216,1.0 217,1.0 218,1.0 225,1.0 230,1.0 
9,1.0 42,1.0 71,1.0 90,1.0 91,1.0 92,1.0 93,1.0 94,1.0 95,1.0 97,1.0 98,1.0 99,1.0 100,1.0 101,1.0 102,1.0 103,1.0 104,1.0 203,1.0 
21,1.0 24,1.0 38,1.0 98,1.0 99,1.0 100,1.0 101,1.0 102,1.0 103,1.0 104,1.0 105,1.0 106,1.0 107,1.0 108,1.0 
1,1.0 3,1.0 4,1.0 5,2.0 7,1.0 16,1.0 21,1.0 24,1.0 32,1.0 38,1.0 66,1.0 97,1.0 99,2.0 100,1.0 101,1.0 102,1.0 103,3.0 104,1.0 105,1.0 106,1.0 107,1.0 108,1.0 124,2.0 129,2.0 130,1.0 132,1.0 141,6.0 142,2.0 143,3.0 146,1.0 147,1.0 176,1.0 177,1.0 
9,1.0 17,1.0 21,1.0 24,1.0 32,1.0 38,1.0 97,1.0 98,1.0 100,1.0 101,2.0 102,1.0 103,2.0 104,1.0 105,1.0 106,1.0 107,1.0 108,1.0 116,1.0 118,1.0 124,5.0 132,1.0 134,1.0 136,1.0 141,1.0 145,1.0 146,1.0 147,1.0 176,2.0 177,1.0 187,2.0 235,2.0 251,1.0 253,1.0 
21,1.0 24,1.0 38,1.0 97,1.0 98,1.0 99,1.0 101,1.0 102,1.0 103,1.0 104,1.0 105,1.0 106,1.0 107,1.0 108,1.0 123,2.0 141,1.0 145,1.0 149,4.0 218,2.0 220,4.0 225,2.0 231,4.0 
21,1.0 24,1.0 38,1.0 39,1.0 97,1.0 98,2.0 99,1.0 100,1.0 102,1.0 103,1.0 104,1.0 105,1.0 106,1.0 107,1.0 108,1.0 124,3.0 
6,1.0 21,1.0 24,1.0 38,1.0 97,1.0 98,1.0 99,1.0 100,1.0 101,1.0 103,1.0 104,1.0 105,1.0 106,1.0 107,1.0 108,1.0 176,1.0 210,1.0 245,1.0 
9,2.0 17,2.0 19,1.0 21,1.0 24,1.0 30,1.0 31,1.0 38,1.0 51,1.0 53,1.0 97,1.0 98,1.0 99,2.0 100,1.0 101,1.0 102,1.0 104,1.0 105,1.0 106,1.0 107,1.0 108,1.0 116,2.0 130,2.0 140,1.0 141,2.0 145,3.0 147,1.0 159,4.0 162,3.0 164,2.0 165,1.0 178,1.0 187,1.0 236,3.0 237,2.0 238,2.0 240,4.0 241,1.0 243,2.0 251,1.0 253,1.0 254,1.0 
0,2.0 21,1.0 24,1.0 38,1.0 97,1.0 98,1.0 99,1.0 100,1.0 101,1.0 102,1.0 103,1.0 105,1.0 106,1.0 107,1.0 108,1.0 150,2.0 196,1.0 201,2.0 
21,1.0 24,1.0 35,1.0 38,1.0 106,1.0 107,1.0 108,1.0 
21,1.0 24,1.0 35,1.0 38,1.0 105,1.0 107,1.0 108,1.0 
21,1.0 24,1.0 35,1.0 38,1.0 105,1.0 106,1.0 108,1.0 
21,1.0 24,1.0 35,1.0 38,1.0 105,1.0 106,1.0 107,1.0 
110,1.0 122,1.0 124,1.0 135,1.0 
111,1.0 
15,1.0 112,1.0 
15,3.0 99,2.0 113,1.0 124,2.0 
114,1.0 
37,1.0 115,1.0 118,1.0 
17,1.0 114,1.0 116,1.0 
0,3.0 1,7.0 2,4.0 4,4.0 6,2.0 7,4.0 14,6.0 15,20.0 17,30.0 27,2.0 31,2.0 37,4.0 66,4.0 116,21.0 117,1.0 123,1.0 124,2.0 130,2.0 136,2.0 142,2.0 150,3.0 159,2.0 161,1.0 234,1.0 236,5.0 238,2.0 239,2.0 240,2.0 260,2.0 278,4.0 279,2.0 280,2.0 281,2.0 282,2.0 283,2.0 284,1.0 285,1.0 286,1.0 287,1.0 288,1.0 289,1.0 
115,1.0 
37,5.0 103,1.0 119,1.0 124,2.0 126,1.0 159,1.0 
120,1.0 
121,1.0 
95,1.0 109,1.0 128,2.0 139,2.0 200,1.0 216,2.0 217,2.0 218,4.0 225,4.0 228,2.0 229,2.0 
15,2.0 16,1.0 34,1.0 112,2.0 
2,1.0 14,1.0 32,1.0 98,1.0 99,2.0 100,1.0 109,1.0 131,1.0 145,1.0 177,1.0 
0,1.0 1,2.0 4,2.0 5,2.0 37,2.0 80,1.0 98,2.0 99,4.0 101,2.0 103,4.0 125,1.0 130,3.0 140,4.0 142,2.0 143,3.0 145,2.0 147,2.0 150,3.0 152,1.0 154,1.0 160,1.0 161,2.0 162,3.0 187,3.0 235,2.0 236,1.0 253,1.0 
39,3.0 101,1.0 
37,1.0 127,6.0 202,2.0 
128,6.0 148,3.0 
1,1.0 16,1.0 77,1.0 95,1.0 98,4.0 100,2.0 128,3.0 130,2.0 133,2.0 139,1.0 149,2.0 183,1.0 192,1.0 200,1.0 204,1.0 212,1.0 213,1.0 214,5.0 215,5.0 216,5.0 217,5.0 218,2.0 220,2.0 225,11.0 226,6.0 230,1.0 231,2.0 
7,3.0 30,1.0 142,1.0 143,2.0 200,1.0 
14,2.0 30,1.0 71,1.0 80,1.0 98,2.0 99,1.0 103,1.0 123,1.0 124,1.0 127,2.0 140,2.0 141,2.0 146,3.0 147,1.0 156,1.0 159,4.0 161,4.0 162,1.0 163,1.0 166,1.0 186,1.0 239,2.0 241,1.0 
132,1.0 133,1.0 
1,1.0 126,2.0 133,1.0 134,1.0 176,1.0 
128,4.0 132,1.0 134,1.0 214,2.0 215,2.0 225,4.0 226,4.0 
5,1.0 27,1.0 99,2.0 109,1.0 124,1.0 140,1.0 147,1.0 177,1.0 
136,1.0 137,1.0 
0,1.0 1,2.0 2,1.0 4,1.0 15,1.0 17,11.0 31,2.0 116,2.0 123,1.0 136,1.0 137,1.0 138,1.0 140,5.0 160,6.0 162,2.0 235,1.0 238,1.0 240,2.0 278,6.0 
136,1.0 138,1.0 
139,1.0 
95,1.0 121,2.0 128,2.0 134,1.0 192,2.0 200,1.0 212,2.0 213,2.0 214,4.0 215,4.0 216,4.0 217,4.0 218,6.0 219,2.0 225,4.0 228,2.0 229,2.0 
0,6.0 2,1.0 4,3.0 5,1.0 7,1.0 17,14.0 27,1.0 37,2.0 66,1.0 103,1.0 118,2.0 130,1.0 136,2.0 140,4.0 141,1.0 145,2.0 147,4.0 152,1.0 153,1.0 159,1.0 160,13.0 161,5.0 162,2.0 163,1.0 164,2.0 165,2.0 175,1.0 177,1.0 235,2.0 238,2.0 240,5.0 278,4.0 
0,3.0 1,1.0 2,1.0 3,2.0 8,1.0 14,3.0 16,1.0 32,2.0 37,1.0 49,1.0 70,1.0 98,4.0 100,1.0 104,2.0 123,1.0 130,2.0 142,1.0 144,1.0 145,4.0 146,4.0 147,1.0 151,1.0 159,2.0 
5,2.0 7,3.0 8,1.0 15,1.0 17,1.0 30,1.0 49,1.0 70,2.0 98,2.0 116,2.0 123,1.0 126,1.0 141,2.0 143,2.0 144,1.0 
0,1.0 5,2.0 7,2.0 64,3.0 98,2.0 129,2.0 141,2.0 142,3.0 150,1.0 176,3.0 200,1.0 252,1.0 
8,2.0 10,1.0 35,1.0 49,1.0 70,1.0 123,1.0 142,1.0 180,1.0 181,1.0 182,1.0 183,1.0 197,1.0 
2,3.0 4,1.0 14,5.0 17,3.0 32,2.0 37,2.0 123,1.0 124,1.0 130,3.0 140,2.0 141,4.0 147,2.0 159,1.0 160,1.0 161,1.0 162,3.0 165,1.0 235,1.0 238,2.0 260,1.0 
0,3.0 1,2.0 3,1.0 98,1.0 99,1.0 103,1.0 104,2.0 132,2.0 141,3.0 147,2.0 151,1.0 162,1.0 163,1.0 169,1.0 170,1.0 176,1.0 
0,1.0 1,1.0 3,1.0 16,3.0 17,2.0 31,2.0 32,1.0 103,1.0 123,1.0 124,1.0 130,1.0 140,5.0 141,1.0 145,2.0 146,2.0 159,1.0 160,4.0 161,1.0 162,2.0 163,2.0 165,1.0 169,1.0 170,1.0 173,1.0 175,1.0 196,2.0 236,1.0 240,1.0 
149,3.0 198,1.0 
100,2.0 104,2.0 149,2.0 150,1.0 178,1.0 217,1.0 218,5.0 219,1.0 220,6.0 225,5.0 226,1.0 227,1.0 231,6.0 
0,2.0 1,1.0 3,1.0 122,2.0 124,5.0 130,2.0 140,2.0 141,1.0 143,1.0 145,1.0 146,1.0 161,4.0 234,2.0 252,1.0 
124,1.0 
0,1.0 4,1.0 13,2.0 50,2.0 51,4.0 54,2.0 140,1.0 153,1.0 254,2.0 255,1.0 259,1.0 264,1.0 265,1.0 
154,4.0 
155,4.0 191,1.0 
103,2.0 130,2.0 
71,1.0 157,1.0 158,2.0 232,1.0 233,1.0 
158,1.0 159,1.0 
150,1.0 157,1.0 159,1.0 161,1.0 233,1.0 234,1.0 
1,2.0 2,2.0 5,1.0 30,3.0 37,1.0 40,1.0 64,3.0 71,1.0 78,1.0 96,1.0 98,1.0 99,1.0 102,1.0 103,1.0 116,2.0 124,1.0 130,3.0 143,3.0 146,2.0 147,1.0 156,1.0 161,2.0 164,4.0 169,1.0 170,4.0 171,1.0 187,1.0 232,1.0 239,2.0 240,4.0 243,3.0 
0,4.0 2,4.0 4,2.0 7,1.0 14,1.0 17,17.0 31,3.0 136,4.0 140,13.0 145,1.0 147,3.0 159,1.0 160,5.0 161,1.0 162,1.0 175,1.0 235,2.0 238,1.0 240,5.0 278,4.0 
0,2.0 37,2.0 118,2.0 122,2.0 124,2.0 125,2.0 140,4.0 150,2.0 153,1.0 164,2.0 234,2.0 
0,2.0 1,1.0 2,5.0 4,1.0 14,3.0 17,22.0 31,2.0 66,1.0 103,4.0 136,5.0 140,3.0 145,3.0 146,1.0 147,2.0 160,2.0 162,7.0 163,2.0 173,1.0 177,1.0 235,8.0 236,3.0 237,2.0 238,11.0 240,4.0 260,1.0 278,5.0 
103,2.0 140,1.0 146,1.0 147,2.0 162,2.0 165,1.0 173,1.0 177,1.0 
0,2.0 2,2.0 5,1.0 30,1.0 40,1.0 103,2.0 153,2.0 159,6.0 170,1.0 176,1.0 187,1.0 241,1.0 242,1.0 
103,1.0 130,2.0 140,2.0 145,1.0 147,1.0 163,1.0 177,2.0 184,1.0 185,1.0 
167,1.0 179,4.0 
168,1.0 
159,1.0 
146,1.0 147,1.0 170,1.0 
2,1.0 12,1.0 37,1.0 103,1.0 118,1.0 159,3.0 171,1.0 243,1.0 
3,1.0 6,2.0 78,1.0 102,1.0 116,1.0 171,1.0 172,1.0 210,1.0 244,2.0 248,1.0 249,1.0 250,2.0 
147,1.0 162,1.0 163,1.0 165,1.0 174,1.0 177,1.0 184,1.0 185,1.0 
172,1.0 
140,1.0 147,1.0 160,1.0 175,1.0 
140,1.0 147,1.0 159,1.0 160,1.0 
23,1.0 31,2.0 126,1.0 129,1.0 132,1.0 140,1.0 141,1.0 143,1.0 144,1.0 145,1.0 147,2.0 159,3.0 163,1.0 165,1.0 172,1.0 177,1.0 180,1.0 181,1.0 182,1.0 196,4.0 
4,1.0 17,2.0 66,1.0 98,1.0 99,1.0 103,1.0 124,1.0 130,1.0 136,2.0 140,1.0 162,2.0 163,1.0 165,2.0 184,1.0 185,1.0 188,1.0 189,1.0 190,1.0 235,2.0 278,1.0 
166,4.0 
176,4.0 
144,1.0 181,1.0 182,1.0 183,1.0 
2,1.0 144,1.0 178,1.0 180,1.0 182,1.0 183,1.0 193,1.0 194,1.0 195,1.0 
144,1.0 180,1.0 181,1.0 183,1.0 
128,1.0 176,1.0 216,1.0 217,1.0 225,1.0 230,1.0 
130,1.0 165,1.0 177,1.0 185,1.0 
130,1.0 165,1.0 177,1.0 184,1.0 
187,1.0 
2,1.0 9,1.0 17,2.0 31,1.0 103,5.0 116,2.0 164,1.0 177,1.0 181,1.0 188,1.0 189,1.0 190,1.0 193,1.0 194,1.0 195,1.0 235,2.0 238,2.0 253,1.0 
124,1.0 177,1.0 189,1.0 190,1.0 
124,1.0 177,1.0 188,1.0 190,1.0 
124,1.0 177,1.0 188,1.0 189,1.0 
192,1.0 
139,2.0 187,1.0 212,2.0 213,2.0 214,4.0 215,4.0 216,2.0 217,2.0 218,2.0 219,2.0 
2,1.0 178,1.0 181,1.0 194,1.0 195,1.0 
2,1.0 178,1.0 181,1.0 193,1.0 195,1.0 
2,1.0 178,1.0 181,1.0 193,1.0 194,1.0 
10,1.0 16,2.0 35,1.0 64,1.0 99,1.0 104,1.0 126,2.0 144,1.0 176,3.0 197,1.0 244,2.0 246,1.0 247,1.0 
8,1.0 10,1.0 35,1.0 144,1.0 
199,1.0 
196,1.0 
7,1.0 95,1.0 128,1.0 178,1.0 183,1.0 216,1.0 217,1.0 218,1.0 225,1.0 230,1.0 
126,2.0 
128,2.0 133,2.0 161,2.0 202,2.0 213,6.0 214,6.0 215,2.0 220,6.0 221,2.0 222,2.0 223,2.0 224,2.0 225,2.0 226,2.0 
1,1.0 9,1.0 16,1.0 77,1.0 204,1.0 
1,4.0 16,4.0 21,4.0 25,4.0 77,4.0 205,4.0 206,4.0 
21,4.0 24,4.0 25,8.0 206,4.0 207,4.0 208,4.0 
21,4.0 24,4.0 25,8.0 205,4.0 207,4.0 208,4.0 
7,1.0 24,4.0 25,4.0 59,1.0 65,1.0 66,1.0 70,1.0 139,1.0 142,1.0 192,1.0 208,4.0 212,1.0 213,1.0 214,1.0 215,1.0 217,1.0 218,1.0 219,1.0 225,1.0 226,1.0 227,1.0 
7,1.0 24,4.0 25,4.0 59,1.0 65,1.0 66,1.0 70,1.0 139,1.0 142,1.0 192,1.0 207,4.0 212,1.0 213,1.0 214,1.0 215,1.0 217,1.0 218,1.0 219,1.0 225,1.0 226,1.0 227,1.0 
1,1.0 9,1.0 16,1.0 51,2.0 53,2.0 66,1.0 77,1.0 204,1.0 254,1.0 256,1.0 
6,2.0 8,1.0 14,1.0 59,1.0 75,1.0 78,1.0 102,1.0 196,1.0 211,1.0 245,2.0 
0,1.0 2,2.0 3,1.0 14,3.0 15,1.0 31,1.0 75,3.0 78,1.0 211,1.0 
139,2.0 192,2.0 213,2.0 214,4.0 215,4.0 216,2.0 217,2.0 218,2.0 219,2.0 
128,2.0 133,2.0 139,2.0 192,2.0 202,6.0 212,2.0 213,2.0 214,10.0 215,6.0 216,2.0 217,2.0 218,2.0 219,2.0 220,6.0 221,2.0 222,2.0 223,2.0 224,2.0 225,2.0 226,2.0 
1,1.0 16,1.0 77,1.0 128,4.0 133,2.0 139,3.0 192,3.0 202,8.0 204,1.0 212,3.0 213,11.0 214,7.0 215,13.0 216,4.0 217,4.0 218,4.0 219,4.0 220,8.0 221,2.0 222,2.0 223,2.0 224,2.0 225,4.0 226,4.0 
1,1.0 16,1.0 77,1.0 128,2.0 139,3.0 192,3.0 202,6.0 204,1.0 212,3.0 213,9.0 214,15.0 215,5.0 216,4.0 217,4.0 218,4.0 219,4.0 220,6.0 221,1.0 222,1.0 223,1.0 224,1.0 225,2.0 226,2.0 
95,1.0 100,2.0 128,5.0 149,2.0 183,1.0 200,1.0 202,2.0 213,2.0 214,4.0 215,4.0 216,1.0 217,7.0 218,4.0 219,2.0 220,4.0 225,5.0 230,1.0 231,2.0 
95,1.0 100,2.0 121,2.0 128,5.0 139,2.0 149,2.0 183,1.0 200,1.0 202,2.0 213,2.0 214,4.0 215,4.0 216,7.0 217,1.0 218,8.0 219,4.0 220,4.0 225,9.0 226,2.0 227,2.0 228,2.0 229,2.0 230,1.0 231,2.0 
95,2.0 121,4.0 128,5.0 139,4.0 149,2.0 178,1.0 183,1.0 200,2.0 202,2.0 213,2.0 214,4.0 215,4.0 216,7.0 217,10.0 218,5.0 219,5.0 220,4.0 225,14.0 226,3.0 227,3.0 228,4.0 229,4.0 230,1.0 231,2.0 
121,2.0 139,2.0 202,2.0 213,2.0 214,4.0 215,4.0 216,2.0 217,4.0 218,6.0 220,2.0 225,4.0 226,2.0 227,2.0 228,2.0 229,2.0 
100,2.0 128,2.0 133,2.0 149,6.0 178,1.0 202,6.0 213,6.0 214,6.0 215,2.0 217,1.0 218,5.0 219,1.0 220,4.0 221,2.0 222,2.0 223,2.0 224,2.0 225,7.0 226,3.0 227,1.0 231,6.0 
128,1.0 133,1.0 202,1.0 213,1.0 214,1.0 220,1.0 222,1.0 223,1.0 224,1.0 225,1.0 226,1.0 
128,1.0 133,1.0 202,1.0 213,1.0 214,1.0 220,1.0 221,1.0 223,1.0 224,1.0 225,1.0 226,1.0 
128,1.0 133,1.0 202,1.0 213,1.0 214,1.0 220,1.0 221,1.0 222,1.0 224,1.0 225,1.0 226,1.0 
128,1.0 133,1.0 202,1.0 213,1.0 214,1.0 220,1.0 221,1.0 222,1.0 223,1.0 225,1.0 226,1.0 
1,1.0 16,1.0 77,1.0 95,2.0 100,2.0 121,4.0 128,13.0 133,2.0 139,5.0 149,4.0 178,1.0 183,1.0 192,1.0 200,2.0 204,1.0 212,1.0 213,1.0 214,5.0 215,5.0 216,7.0 217,10.0 218,13.0 219,3.0 220,4.0 225,8.0 226,9.0 227,3.0 228,4.0 229,4.0 230,1.0 231,4.0 
1,1.0 16,1.0 77,1.0 121,2.0 128,6.0 133,2.0 139,3.0 192,1.0 204,1.0 212,1.0 213,1.0 214,5.0 215,5.0 217,2.0 218,4.0 219,2.0 225,10.0 226,2.0 227,2.0 228,2.0 229,2.0 
121,2.0 139,2.0 217,2.0 218,4.0 219,2.0 225,4.0 226,2.0 228,2.0 229,2.0 
95,1.0 121,2.0 128,2.0 139,2.0 200,1.0 216,2.0 217,2.0 218,4.0 225,4.0 229,2.0 
95,1.0 121,2.0 128,2.0 139,2.0 200,1.0 216,2.0 217,2.0 218,4.0 225,4.0 228,2.0 
128,1.0 183,1.0 216,1.0 217,1.0 225,1.0 
100,2.0 149,6.0 178,1.0 217,1.0 218,5.0 219,1.0 220,6.0 225,5.0 226,1.0 227,1.0 231,2.0 
156,1.0 158,1.0 233,1.0 
150,1.0 158,1.0 161,1.0 234,1.0 
122,2.0 150,2.0 161,2.0 
4,1.0 7,1.0 17,12.0 31,1.0 116,2.0 136,3.0 140,2.0 145,2.0 160,2.0 162,8.0 177,1.0 187,2.0 235,3.0 260,1.0 278,5.0 
1,4.0 2,2.0 14,2.0 15,3.0 17,3.0 22,1.0 116,6.0 136,1.0 150,1.0 187,2.0 237,2.0 278,1.0 279,1.0 
159,1.0 164,1.0 187,2.0 236,2.0 
0,2.0 1,1.0 2,5.0 14,4.0 15,1.0 17,16.0 31,1.0 66,1.0 103,2.0 116,4.0 136,2.0 140,2.0 145,1.0 160,1.0 162,11.0 238,4.0 240,4.0 278,1.0 280,1.0 
130,2.0 159,2.0 161,2.0 
0,5.0 1,2.0 2,1.0 4,1.0 15,1.0 17,14.0 31,1.0 116,5.0 136,2.0 140,3.0 159,3.0 160,3.0 162,7.0 187,1.0 235,2.0 236,1.0 238,6.0 240,2.0 243,1.0 279,1.0 
30,1.0 103,1.0 164,1.0 244,1.0 
103,1.0 164,1.0 187,1.0 
1,2.0 12,1.0 17,1.0 30,1.0 103,1.0 116,1.0 170,1.0 237,1.0 240,1.0 241,1.0 
3,1.0 6,1.0 64,1.0 171,3.0 196,2.0 210,1.0 245,1.0 
159,1.0 196,1.0 210,1.0 
244,1.0 247,1.0 
244,1.0 246,1.0 
33,1.0 
171,2.0 250,1.0 
6,1.0 102,1.0 171,1.0 210,1.0 
150,1.0 
0,1.0 99,1.0 
9,2.0 32,1.0 51,1.0 53,1.0 99,1.0 103,1.0 254,1.0 
9,2.0 51,11.0 53,6.0 66,2.0 81,1.0 152,2.0 209,2.0 254,4.0 255,2.0 256,1.0 272,1.0 273,1.0 
9,1.0 51,2.0 53,1.0 66,1.0 209,1.0 254,2.0 
27,1.0 50,1.0 51,7.0 53,8.0 72,1.0 256,2.0 257,1.0 258,1.0 259,1.0 
27,1.0 51,2.0 53,2.0 72,1.0 256,1.0 258,1.0 
27,1.0 50,1.0 51,1.0 53,2.0 72,1.0 256,1.0 259,1.0 
13,7.0 27,2.0 50,14.0 51,7.0 53,9.0 54,7.0 55,2.0 83,1.0 152,1.0 259,6.0 260,2.0 261,2.0 262,1.0 263,1.0 264,6.0 265,1.0 266,1.0 267,1.0 268,1.0 
15,1.0 17,2.0 27,1.0 50,1.0 53,1.0 66,1.0 83,1.0 116,2.0 162,1.0 177,1.0 235,1.0 259,1.0 261,1.0 262,1.0 263,1.0 
27,1.0 50,1.0 53,1.0 83,1.0 259,1.0 260,1.0 262,1.0 263,1.0 
13,1.0 50,1.0 51,1.0 54,1.0 83,1.0 259,1.0 263,1.0 264,1.0 
13,1.0 50,1.0 51,1.0 54,1.0 83,1.0 259,1.0 262,1.0 264,1.0 
13,7.0 50,7.0 51,7.0 54,7.0 152,1.0 259,6.0 264,2.0 265,1.0 266,1.0 267,1.0 268,1.0 
13,2.0 50,2.0 51,2.0 54,2.0 152,1.0 259,1.0 264,1.0 
49,1.0 50,1.0 267,1.0 268,1.0 269,1.0 270,1.0 271,1.0 
49,1.0 50,1.0 266,1.0 268,1.0 269,1.0 270,1.0 271,1.0 
49,1.0 50,1.0 266,1.0 267,1.0 269,1.0 270,1.0 271,1.0 
49,2.0 50,2.0 51,1.0 270,2.0 271,1.0 
35,1.0 49,4.0 50,4.0 51,2.0 269,1.0 270,1.0 271,2.0 
35,3.0 49,5.0 50,3.0 51,6.0 84,2.0 254,1.0 269,1.0 270,2.0 271,2.0 272,3.0 273,1.0 
35,1.0 49,1.0 51,3.0 81,1.0 84,1.0 254,1.0 271,2.0 273,1.0 
51,1.0 81,1.0 254,1.0 272,1.0 
275,1.0 
276,1.0 
7,1.0 277,1.0 
7,1.0 116,1.0 
1,1.0 2,1.0 4,2.0 14,1.0 15,2.0 17,12.0 31,1.0 116,4.0 136,5.0 140,6.0 145,1.0 160,6.0 162,3.0 235,3.0 238,1.0 240,1.0 278,2.0 280,1.0 
1,1.0 15,1.0 17,1.0 116,2.0 136,1.0 236,1.0 278,1.0 
4,1.0 14,1.0 15,1.0 17,1.0 37,1.0 116,2.0 
4,1.0 15,1.0 17,1.0 37,1.0 116,2.0 
6,1.0 7,1.0 15,1.0 17,1.0 116,2.0 
15,1.0 27,1.0 66,1.0 116,1.0 284,1.0 285,1.0 286,1.0 287,1.0 288,1.0 289,1.0 
285,1.0 286,1.0 287,1.0 288,1.0 289,1.0 
284,1.0 286,1.0 287,1.0 288,1.0 289,1.0 
284,1.0 285,1.0 287,1.0 288,1.0 289,1.0 
284,1.0 285,1.0 286,1.0 288,1.0 289,1.0 
284,1.0 285,1.0 286,1.0 287,1.0 289,1.0 
284,1.0 285,1.0 286,1.0 287,1.0 288,1.0 
