0,14.0 1,21.0 2,1.0 3,10.0 4,13.0 8,11.0 11,1.0 12,2.0 13,3.0 15,2.0 17,2.0 18,5.0 19,1.0 20,1.0 27,2.0 32,9.0 40,15.0 42,3.0 44,1.0 55,1.0 57,2.0 63,1.0 66,5.0 69,2.0 71,3.0 72,1.0 73,1.0 74,1.0 79,3.0 83,1.0 86,3.0 88,2.0 89,2.0 100,1.0 102,1.0 103,1.0 104,1.0 105,1.0 
0,2.0 2,25.0 3,1.0 4,1.0 5,2.0 7,1.0 13,1.0 14,2.0 17,1.0 18,1.0 21,2.0 22,2.0 23,2.0 28,2.0 34,1.0 40,1.0 41,5.0 48,1.0 49,1.0 65,3.0 67,2.0 71,2.0 86,1.0 88,1.0 94,1.0 
0,4.0 1,2.0 2,22.0 3,27.0 8,33.0 9,1.0 10,1.0 12,18.0 13,5.0 15,1.0 16,1.0 17,4.0 18,1.0 19,3.0 20,3.0 23,24.0 25,2.0 26,2.0 27,3.0 28,2.0 31,4.0 32,4.0 34,8.0 40,7.0 42,8.0 45,2.0 50,1.0 51,1.0 52,1.0 57,1.0 71,1.0 75,1.0 76,1.0 77,1.0 78,1.0 79,14.0 80,1.0 81,3.0 84,1.0 86,7.0 87,2.0 88,2.0 94,1.0 
0,7.0 1,2.0 2,5.0 3,24.0 4,25.0 8,12.0 9,3.0 11,2.0 12,15.0 15,1.0 17,2.0 18,9.0 20,3.0 21,2.0 23,6.0 27,10.0 32,33.0 34,1.0 40,17.0 42,25.0 50,1.0 51,1.0 52,1.0 55,3.0 57,3.0 63,2.0 74,2.0 78,1.0 79,1.0 82,2.0 83,2.0 84,1.0 85,2.0 95,1.0 99,1.0 100,1.0 101,1.0 
0,13.0 2,10.0 3,3.0 4,10.0 5,15.0 6,9.0 7,13.0 8,6.0 11,1.0 13,2.0 15,2.0 17,5.0 18,1.0 19,16.0 20,2.0 25,2.0 26,2.0 27,2.0 28,5.0 31,1.0 32,7.0 33,2.0 34,4.0 40,29.0 42,1.0 43,1.0 50,1.0 51,1.0 52,1.0 53,6.0 54,2.0 55,1.0 56,2.0 57,1.0 75,1.0 79,2.0 81,1.0 83,1.0 100,1.0 102,1.0 103,1.0 104,1.0 105,1.0 
3,1.0 6,10.0 7,13.0 8,17.0 9,2.0 28,4.0 33,2.0 34,2.0 53,7.0 57,2.0 62,1.0 63,1.0 67,3.0 71,1.0 90,1.0 97,1.0 98,1.0 
3,1.0 5,10.0 7,8.0 8,9.0 33,1.0 39,1.0 40,1.0 
5,13.0 6,8.0 8,13.0 9,1.0 17,1.0 18,1.0 19,2.0 20,2.0 28,1.0 34,1.0 53,1.0 59,1.0 62,2.0 63,2.0 67,1.0 90,1.0 92,1.0 
0,32.0 1,8.0 2,33.0 3,20.0 4,7.0 8,18.0 9,4.0 10,1.0 12,15.0 13,5.0 15,2.0 16,2.0 17,2.0 18,3.0 20,1.0 23,7.0 27,8.0 29,1.0 32,4.0 40,5.0 42,6.0 55,3.0 57,4.0 68,2.0 71,3.0 77,1.0 79,18.0 80,2.0 81,4.0 83,3.0 86,7.0 87,2.0 88,4.0 89,2.0 100,1.0 102,1.0 103,1.0 104,1.0 105,1.0 
0,2.0 2,2.0 8,1.0 10,2.0 18,2.0 23,1.0 24,2.0 34,1.0 66,8.0 79,1.0 91,3.0 99,1.0 100,1.0 101,1.0 
4,9.0 5,1.0 7,2.0 59,1.0 62,2.0 92,1.0 
0,1.0 2,1.0 3,2.0 32,2.0 42,1.0 
0,2.0 2,12.0 3,11.0 4,2.0 8,15.0 12,9.0 13,3.0 14,1.0 15,1.0 17,2.0 18,4.0 21,2.0 27,2.0 32,1.0 40,12.0 41,2.0 42,1.0 45,1.0 58,4.0 59,4.0 79,2.0 81,2.0 82,1.0 86,4.0 87,2.0 88,2.0 96,1.0 
0,4.0 1,1.0 2,4.0 3,1.0 8,5.0 12,3.0 14,1.0 25,2.0 26,2.0 71,2.0 86,3.0 
1,1.0 2,1.0 8,2.0 13,1.0 28,1.0 34,1.0 41,2.0 46,1.0 47,1.0 65,1.0 
0,1.0 3,2.0 4,3.0 8,1.0 16,1.0 19,2.0 32,1.0 34,1.0 40,1.0 42,1.0 55,1.0 102,1.0 
3,3.0 8,2.0 15,1.0 68,2.0 
1,2.0 2,5.0 3,1.0 4,3.0 7,1.0 8,4.0 12,3.0 18,2.0 31,2.0 32,2.0 34,2.0 40,5.0 48,1.0 49,1.0 86,2.0 
0,3.0 1,1.0 3,9.0 7,1.0 8,4.0 10,2.0 12,4.0 17,2.0 24,2.0 27,1.0 32,4.0 34,1.0 40,4.0 42,3.0 79,1.0 88,2.0 89,1.0 94,1.0 
1,1.0 2,2.0 3,2.0 4,13.0 7,2.0 8,2.0 15,2.0 19,10.0 20,5.0 23,1.0 27,2.0 31,2.0 32,2.0 33,2.0 34,4.0 40,17.0 75,2.0 
1,1.0 3,6.0 4,1.0 7,2.0 8,3.0 19,5.0 27,2.0 32,1.0 40,1.0 42,1.0 63,1.0 85,1.0 
2,2.0 4,2.0 8,2.0 22,2.0 23,2.0 27,2.0 
2,2.0 21,2.0 
1,2.0 2,23.0 3,4.0 4,2.0 8,7.0 9,2.0 20,1.0 21,2.0 23,8.0 28,2.0 32,3.0 34,4.0 40,4.0 42,6.0 57,1.0 76,1.0 77,1.0 78,1.0 84,1.0 
10,2.0 18,2.0 
2,2.0 12,2.0 13,2.0 26,2.0 
2,2.0 8,1.0 12,2.0 13,2.0 25,2.0 81,1.0 93,1.0 
0,2.0 1,1.0 2,1.0 3,12.0 4,1.0 8,11.0 12,3.0 14,1.0 18,1.0 19,2.0 20,2.0 21,2.0 27,1.0 28,1.0 31,1.0 32,1.0 35,1.0 40,7.0 41,1.0 42,1.0 55,2.0 57,2.0 63,1.0 79,2.0 80,1.0 83,2.0 85,1.0 
1,1.0 2,2.0 5,4.0 7,1.0 8,5.0 9,1.0 14,1.0 23,1.0 33,1.0 34,2.0 37,1.0 38,1.0 41,1.0 53,4.0 
4,1.0 19,1.0 30,1.0 40,1.0 60,2.0 
31,1.0 
2,4.0 4,2.0 6,1.0 8,1.0 12,1.0 15,1.0 17,2.0 19,2.0 31,1.0 34,3.0 39,1.0 40,5.0 86,2.0 
0,6.0 2,5.0 3,31.0 4,5.0 5,1.0 6,1.0 8,5.0 11,2.0 15,1.0 17,2.0 18,3.0 19,2.0 20,1.0 23,3.0 27,2.0 31,1.0 32,12.0 33,2.0 34,1.0 40,8.0 42,25.0 55,1.0 57,1.0 63,1.0 69,1.0 78,1.0 82,1.0 84,1.0 85,1.0 
3,1.0 4,2.0 5,2.0 6,1.0 8,2.0 19,2.0 28,1.0 40,2.0 53,2.0 57,1.0 
0,4.0 2,11.0 4,1.0 8,3.0 9,8.0 10,2.0 12,1.0 17,2.0 19,3.0 23,6.0 28,1.0 31,3.0 34,2.0 40,3.0 60,2.0 75,2.0 78,1.0 86,2.0 
36,1.0 
28,1.0 37,1.0 38,1.0 
28,1.0 34,1.0 38,1.0 
28,1.0 34,1.0 37,1.0 
6,1.0 40,1.0 
0,16.0 2,10.0 3,15.0 4,29.0 8,16.0 10,2.0 12,14.0 15,3.0 16,2.0 17,6.0 18,4.0 19,18.0 23,3.0 26,1.0 27,4.0 29,1.0 31,6.0 32,9.0 33,2.0 34,5.0 40,24.0 42,1.0 68,2.0 70,1.0 76,1.0 81,1.0 82,1.0 86,2.0 93,1.0 
1,1.0 2,1.0 14,2.0 28,1.0 34,7.0 40,1.0 58,2.0 59,2.0 64,2.0 65,5.0 96,1.0 
0,1.0 1,2.0 2,8.0 3,25.0 4,1.0 8,3.0 9,1.0 10,1.0 11,1.0 18,3.0 20,2.0 23,6.0 27,2.0 29,1.0 32,24.0 42,10.0 55,1.0 63,1.0 78,1.0 82,1.0 84,2.0 85,1.0 
0,1.0 44,1.0 
0,1.0 1,1.0 
14,1.0 41,2.0 46,1.0 47,1.0 64,2.0 65,2.0 
8,1.0 14,1.0 47,1.0 
8,1.0 14,1.0 46,1.0 
2,1.0 49,1.0 
2,1.0 48,1.0 
3,1.0 4,1.0 8,1.0 50,2.0 51,7.0 52,7.0 
3,1.0 4,1.0 8,1.0 50,7.0 51,2.0 52,7.0 
3,1.0 4,1.0 8,1.0 50,7.0 51,7.0 52,2.0 
5,7.0 7,1.0 8,10.0 28,4.0 33,2.0 55,2.0 57,2.0 
53,2.0 55,2.0 
0,1.0 3,5.0 4,1.0 8,5.0 12,1.0 27,2.0 32,2.0 40,1.0 42,2.0 53,2.0 78,1.0 100,1.0 103,1.0 104,1.0 105,1.0 
5,2.0 33,1.0 53,2.0 57,2.0 
0,2.0 2,1.0 3,4.0 4,1.0 5,2.0 8,6.0 23,1.0 27,2.0 32,2.0 33,1.0 42,1.0 53,2.0 55,3.0 77,1.0 
34,1.0 40,1.0 41,2.0 42,2.0 59,4.0 96,1.0 
7,1.0 34,1.0 40,1.0 41,2.0 42,2.0 58,4.0 62,1.0 63,1.0 92,1.0 96,1.0 
1,1.0 61,4.0 
40,4.0 
5,1.0 7,2.0 59,1.0 63,2.0 92,1.0 
3,2.0 5,1.0 7,1.0 8,1.0 20,1.0 27,2.0 34,2.0 85,1.0 90,1.0 
34,2.0 41,2.0 65,2.0 
14,1.0 34,5.0 41,5.0 64,2.0 
40,14.0 72,1.0 73,1.0 
5,3.0 7,1.0 9,1.0 34,2.0 71,1.0 97,1.0 98,1.0 
3,2.0 8,2.0 16,2.0 
0,1.0 1,1.0 3,1.0 32,1.0 60,1.0 
8,1.0 
0,4.0 1,1.0 3,1.0 5,1.0 8,2.0 13,2.0 34,1.0 67,1.0 86,2.0 
40,1.0 66,1.0 73,1.0 
40,1.0 66,1.0 72,1.0 
29,1.0 34,1.0 
2,1.0 19,1.0 23,1.0 34,1.0 
2,1.0 8,1.0 23,1.0 57,1.0 
2,1.0 23,1.0 34,1.0 78,1.0 
0,1.0 2,2.0 3,1.0 8,1.0 23,2.0 32,1.0 34,1.0 57,1.0 
0,4.0 2,13.0 3,2.0 4,2.0 8,17.0 12,2.0 18,2.0 27,2.0 32,1.0 79,10.0 80,2.0 81,2.0 
2,2.0 8,2.0 79,2.0 
0,1.0 2,4.0 8,4.0 12,2.0 26,1.0 79,2.0 87,1.0 88,1.0 93,1.0 
3,2.0 8,2.0 27,2.0 83,2.0 
0,1.0 3,2.0 4,1.0 8,3.0 27,2.0 57,3.0 
2,1.0 3,1.0 20,1.0 23,1.0 32,1.0 42,2.0 
3,2.0 8,1.0 20,1.0 27,2.0 63,1.0 
0,4.0 1,1.0 2,6.0 3,1.0 8,7.0 12,4.0 13,3.0 17,2.0 31,1.0 34,1.0 40,1.0 71,2.0 
2,2.0 8,2.0 12,2.0 81,1.0 88,1.0 
0,2.0 2,2.0 8,4.0 12,2.0 18,2.0 34,1.0 81,1.0 87,1.0 89,1.0 94,1.0 
0,2.0 8,2.0 18,1.0 88,1.0 
5,1.0 7,1.0 9,1.0 
0,1.0 1,1.0 4,1.0 40,1.0 66,1.0 
7,1.0 59,1.0 62,1.0 63,1.0 
8,1.0 26,1.0 81,1.0 
5,1.0 18,1.0 34,1.0 67,1.0 88,1.0 97,1.0 98,1.0 
0,1.0 
34,1.0 41,1.0 58,1.0 59,1.0 
5,1.0 9,1.0 67,1.0 98,1.0 
5,1.0 9,1.0 67,1.0 97,1.0 
9,1.0 91,1.0 100,1.0 101,1.0 
9,1.0 91,1.0 99,1.0 101,1.0 103,1.0 104,1.0 105,1.0 
9,1.0 91,1.0 99,1.0 100,1.0 
0,1.0 4,1.0 8,1.0 83,1.0 
100,1.0 104,1.0 105,1.0 
100,1.0 103,1.0 105,1.0 
100,1.0 103,1.0 104,1.0 
