0,2.0 1,8.0 2,8.0 3,8.0 4,2.0 6,1.0 7,3.0 8,8.0 9,2.0 10,2.0 11,1.0 12,1.0 13,1.0 14,1.0 28,2.0 29,5.0 30,2.0 53,2.0 60,2.0 73,1.0 74,1.0 75,2.0 77,1.0 82,2.0 83,3.0 97,12.0 99,5.0 100,18.0 102,1.0 104,3.0 105,5.0 106,6.0 107,3.0 108,4.0 109,4.0 111,6.0 112,3.0 117,2.0 118,2.0 119,4.0 126,1.0 128,2.0 135,2.0 136,2.0 139,2.0 143,2.0 145,1.0 167,6.0 171,1.0 172,2.0 192,1.0 196,1.0 292,1.0 299,3.0 416,4.0 450,1.0 486,1.0 501,2.0 509,1.0 519,1.0 533,1.0 551,2.0 
2,8.0 3,10.0 4,8.0 5,6.0 6,9.0 7,8.0 8,4.0 9,1.0 26,1.0 27,1.0 28,3.0 29,2.0 30,1.0 100,2.0 172,3.0 210,1.0 262,1.0 264,1.0 398,1.0 410,1.0 425,1.0 437,1.0 453,1.0 
1,8.0 3,9.0 4,8.0 5,4.0 6,8.0 7,8.0 10,1.0 27,1.0 28,2.0 29,2.0 97,1.0 136,1.0 172,3.0 229,1.0 262,1.0 295,1.0 360,1.0 374,1.0 395,2.0 409,1.0 469,1.0 
1,10.0 2,9.0 4,12.0 5,19.0 6,10.0 7,9.0 8,2.0 9,6.0 10,1.0 26,1.0 27,16.0 28,5.0 29,2.0 30,2.0 54,1.0 55,4.0 97,1.0 98,2.0 100,1.0 118,1.0 136,1.0 172,5.0 179,4.0 181,1.0 182,9.0 183,8.0 186,1.0 192,1.0 193,5.0 204,2.0 206,1.0 229,3.0 230,1.0 262,3.0 264,1.0 295,1.0 312,1.0 341,1.0 395,1.0 409,2.0 425,4.0 429,1.0 430,1.0 436,1.0 440,1.0 443,2.0 444,1.0 
0,2.0 3,4.0 4,7.0 5,58.0 6,44.0 7,37.0 8,28.0 9,29.0 10,29.0 26,10.0 27,28.0 29,31.0 30,5.0 38,1.0 42,2.0 44,2.0 48,2.0 51,2.0 53,1.0 54,1.0 55,12.0 60,2.0 62,14.0 63,7.0 67,4.0 68,6.0 69,2.0 70,3.0 74,1.0 75,11.0 77,1.0 79,7.0 82,2.0 83,1.0 84,4.0 85,2.0 92,2.0 94,4.0 95,2.0 97,6.0 98,9.0 99,4.0 100,5.0 107,2.0 112,2.0 118,4.0 136,1.0 143,3.0 169,3.0 179,12.0 180,6.0 181,9.0 182,1.0 183,1.0 188,2.0 189,1.0 192,3.0 193,22.0 196,11.0 197,8.0 199,8.0 202,2.0 203,8.0 204,3.0 205,2.0 211,2.0 213,2.0 214,1.0 221,1.0 229,4.0 230,8.0 236,2.0 247,2.0 248,2.0 254,2.0 264,18.0 286,1.0 291,10.0 294,4.0 295,5.0 299,2.0 345,1.0 404,1.0 405,1.0 409,3.0 416,1.0 425,1.0 431,1.0 438,1.0 439,1.0 440,2.0 441,1.0 442,1.0 443,1.0 444,1.0 496,2.0 501,1.0 528,1.0 
0,4.0 3,12.0 4,51.0 5,8.0 6,37.0 7,27.0 8,28.0 9,32.0 10,21.0 26,23.0 27,35.0 30,8.0 36,12.0 37,6.0 42,5.0 43,2.0 44,5.0 48,2.0 49,4.0 51,6.0 53,5.0 54,1.0 55,16.0 60,3.0 62,5.0 63,4.0 66,2.0 67,2.0 74,1.0 75,2.0 77,4.0 79,1.0 83,1.0 86,2.0 95,1.0 98,11.0 99,1.0 107,2.0 112,4.0 118,5.0 121,1.0 136,2.0 143,13.0 162,2.0 179,20.0 180,7.0 181,10.0 182,14.0 183,9.0 184,5.0 185,4.0 188,2.0 193,22.0 194,4.0 196,2.0 199,7.0 203,14.0 204,9.0 208,2.0 209,1.0 211,3.0 212,2.0 214,3.0 221,2.0 229,4.0 234,4.0 235,4.0 236,4.0 262,12.0 264,8.0 272,1.0 295,1.0 299,1.0 354,1.0 365,1.0 367,1.0 373,2.0 406,1.0 409,4.0 410,1.0 417,2.0 418,2.0 419,1.0 423,1.0 424,1.0 425,1.0 427,1.0 428,1.0 440,1.0 443,1.0 444,1.0 471,1.0 518,1.0 
0,5.0 1,1.0 3,1.0 4,37.0 5,37.0 6,6.0 7,39.0 8,34.0 9,28.0 10,30.0 26,17.0 27,15.0 29,18.0 30,16.0 37,5.0 40,2.0 41,5.0 42,4.0 43,2.0 48,5.0 49,3.0 51,10.0 53,2.0 55,6.0 57,1.0 59,4.0 62,2.0 66,3.0 67,1.0 68,2.0 69,1.0 70,2.0 73,2.0 74,1.0 75,2.0 77,2.0 79,3.0 80,3.0 81,1.0 82,3.0 83,1.0 86,1.0 88,1.0 92,1.0 97,7.0 98,3.0 99,2.0 100,5.0 103,1.0 109,4.0 118,1.0 121,1.0 136,2.0 142,2.0 143,4.0 160,2.0 173,1.0 179,1.0 182,4.0 192,9.0 193,4.0 194,2.0 202,5.0 203,3.0 213,2.0 215,3.0 217,1.0 228,2.0 229,2.0 230,3.0 234,3.0 241,1.0 247,2.0 262,2.0 266,1.0 286,2.0 295,2.0 299,2.0 340,1.0 344,1.0 345,2.0 355,1.0 359,1.0 369,2.0 373,4.0 377,1.0 384,1.0 386,1.0 398,1.0 399,2.0 404,1.0 405,1.0 420,1.0 471,1.0 480,1.0 
0,4.0 1,1.0 4,34.0 5,29.0 6,39.0 7,6.0 8,31.0 9,23.0 10,29.0 13,1.0 26,18.0 27,14.0 29,12.0 30,5.0 40,1.0 48,3.0 49,1.0 53,1.0 55,6.0 59,2.0 62,6.0 63,1.0 68,2.0 72,1.0 74,1.0 75,2.0 77,2.0 79,3.0 82,1.0 83,1.0 92,2.0 94,1.0 95,4.0 97,6.0 98,4.0 99,4.0 100,5.0 108,4.0 110,2.0 118,1.0 119,1.0 121,2.0 136,1.0 143,4.0 158,2.0 170,1.0 172,2.0 179,4.0 183,5.0 192,8.0 193,3.0 194,2.0 195,1.0 197,2.0 202,2.0 206,1.0 214,1.0 230,3.0 243,1.0 249,1.0 250,2.0 295,1.0 299,2.0 312,1.0 340,1.0 341,1.0 346,1.0 358,1.0 364,1.0 369,1.0 382,1.0 388,1.0 410,1.0 422,1.0 431,1.0 432,1.0 433,1.0 437,1.0 475,1.0 479,2.0 
0,4.0 1,2.0 3,1.0 4,16.0 5,22.0 6,27.0 7,24.0 8,35.0 9,53.0 10,56.0 11,5.0 12,5.0 13,5.0 14,3.0 15,4.0 16,6.0 17,4.0 26,21.0 27,12.0 29,6.0 30,14.0 31,2.0 32,3.0 36,3.0 38,5.0 42,2.0 46,7.0 48,4.0 51,3.0 55,3.0 63,2.0 64,4.0 68,2.0 71,4.0 73,2.0 74,4.0 75,5.0 76,2.0 77,1.0 83,2.0 84,11.0 92,2.0 95,1.0 97,2.0 98,2.0 101,3.0 102,4.0 103,3.0 104,2.0 105,2.0 106,4.0 107,2.0 108,9.0 109,2.0 110,1.0 111,2.0 114,2.0 118,25.0 119,28.0 120,6.0 121,11.0 122,12.0 123,2.0 124,2.0 125,4.0 126,2.0 127,3.0 128,4.0 131,1.0 132,1.0 133,1.0 136,8.0 137,4.0 138,2.0 139,2.0 140,2.0 141,2.0 142,2.0 143,8.0 144,2.0 145,2.0 146,3.0 148,1.0 158,2.0 164,2.0 172,1.0 173,2.0 179,1.0 181,4.0 182,2.0 192,1.0 195,6.0 206,1.0 210,9.0 213,1.0 216,2.0 225,2.0 230,2.0 281,2.0 288,1.0 295,1.0 297,9.0 336,1.0 354,1.0 357,1.0 358,1.0 361,1.0 364,1.0 365,1.0 369,1.0 382,1.0 386,18.0 398,1.0 401,18.0 410,1.0 437,1.0 453,1.0 455,1.0 462,1.0 481,2.0 482,3.0 489,1.0 
1,2.0 2,1.0 3,5.0 4,19.0 5,35.0 6,19.0 7,15.0 8,53.0 9,13.0 10,50.0 11,5.0 12,5.0 13,5.0 14,2.0 15,4.0 16,4.0 17,4.0 18,1.0 21,1.0 25,1.0 26,12.0 27,18.0 28,1.0 29,3.0 30,17.0 31,3.0 32,2.0 35,1.0 36,5.0 37,4.0 38,4.0 41,2.0 42,2.0 48,6.0 49,1.0 51,3.0 55,6.0 64,5.0 66,2.0 67,2.0 68,4.0 69,2.0 70,1.0 73,5.0 74,7.0 77,3.0 79,2.0 82,1.0 83,2.0 84,4.0 87,3.0 92,2.0 95,1.0 98,9.0 101,2.0 102,3.0 103,4.0 104,2.0 105,2.0 106,4.0 107,2.0 108,4.0 109,2.0 112,2.0 119,1.0 122,1.0 136,1.0 137,5.0 138,2.0 139,2.0 140,2.0 141,2.0 142,2.0 143,6.0 162,2.0 171,1.0 172,2.0 173,2.0 179,11.0 180,6.0 181,12.0 182,3.0 183,1.0 184,1.0 192,3.0 193,6.0 195,2.0 202,5.0 203,2.0 204,11.0 206,4.0 211,2.0 214,1.0 221,4.0 222,2.0 224,2.0 229,1.0 262,2.0 265,1.0 266,2.0 267,1.0 272,1.0 286,2.0 293,1.0 308,1.0 340,1.0 341,1.0 343,1.0 362,1.0 373,1.0 377,1.0 386,2.0 389,1.0 390,1.0 393,1.0 395,1.0 406,1.0 409,1.0 417,1.0 418,1.0 421,1.0 423,1.0 424,1.0 425,2.0 427,1.0 428,1.0 434,1.0 435,1.0 440,1.0 443,2.0 444,1.0 475,1.0 481,1.0 496,1.0 
0,7.0 2,1.0 3,1.0 4,17.0 5,18.0 6,25.0 7,20.0 8,52.0 9,46.0 10,20.0 11,4.0 12,4.0 13,4.0 14,2.0 15,4.0 16,4.0 17,4.0 26,10.0 27,22.0 29,10.0 30,10.0 31,3.0 32,2.0 36,1.0 38,4.0 41,1.0 42,4.0 48,2.0 51,4.0 62,6.0 64,5.0 68,2.0 73,2.0 74,4.0 75,7.0 80,1.0 82,1.0 84,4.0 94,5.0 95,1.0 97,2.0 98,1.0 100,2.0 101,2.0 102,3.0 103,2.0 104,4.0 105,2.0 106,5.0 107,3.0 108,4.0 109,3.0 110,1.0 112,1.0 118,1.0 122,1.0 136,15.0 137,2.0 138,1.0 139,2.0 140,2.0 141,3.0 142,3.0 152,1.0 160,2.0 166,2.0 171,2.0 172,1.0 173,2.0 180,1.0 181,3.0 182,1.0 192,3.0 193,1.0 204,4.0 227,1.0 228,1.0 229,5.0 247,1.0 256,1.0 265,1.0 267,1.0 281,1.0 286,2.0 299,1.0 329,1.0 330,1.0 343,3.0 344,1.0 345,2.0 352,1.0 353,1.0 354,1.0 358,1.0 363,2.0 367,1.0 373,1.0 374,1.0 383,2.0 385,1.0 386,1.0 392,1.0 395,1.0 396,1.0 401,3.0 404,1.0 405,1.0 409,1.0 484,1.0 486,1.0 487,1.0 488,1.0 546,1.0 547,1.0 
0,2.0 12,9.0 13,9.0 14,5.0 15,4.0 16,4.0 17,4.0 18,4.0 19,2.0 20,2.0 21,4.0 22,4.0 23,4.0 24,4.0 25,2.0 31,4.0 32,2.0 33,2.0 34,2.0 60,1.0 82,1.0 83,2.0 104,1.0 105,1.0 106,2.0 111,2.0 122,1.0 126,1.0 145,1.0 167,2.0 
0,2.0 11,9.0 13,10.0 14,5.0 15,4.0 16,4.0 17,4.0 18,4.0 19,2.0 20,2.0 21,4.0 22,4.0 23,4.0 24,4.0 25,2.0 31,5.0 32,2.0 33,2.0 34,2.0 60,1.0 77,1.0 82,1.0 83,2.0 104,1.0 105,1.0 106,2.0 111,2.0 119,1.0 122,1.0 126,1.0 145,1.0 167,2.0 
0,2.0 11,9.0 12,10.0 14,5.0 15,4.0 16,4.0 17,4.0 18,4.0 19,2.0 20,2.0 21,4.0 22,4.0 23,4.0 24,4.0 25,2.0 26,1.0 31,5.0 32,2.0 33,2.0 34,2.0 60,1.0 77,1.0 82,1.0 83,2.0 104,1.0 105,1.0 106,2.0 111,2.0 119,1.0 122,1.0 126,1.0 145,1.0 167,2.0 312,1.0 463,1.0 
0,1.0 11,5.0 12,5.0 13,5.0 15,2.0 16,2.0 17,2.0 18,2.0 19,2.0 20,2.0 21,2.0 22,2.0 23,2.0 24,2.0 60,1.0 67,1.0 68,1.0 82,1.0 83,1.0 104,1.0 106,1.0 111,1.0 122,1.0 126,1.0 167,1.0 171,1.0 
11,4.0 12,4.0 13,4.0 14,2.0 16,4.0 17,4.0 18,4.0 19,2.0 20,2.0 21,4.0 22,4.0 23,4.0 24,4.0 25,2.0 31,2.0 32,2.0 33,2.0 34,2.0 277,1.0 
7,1.0 11,4.0 12,4.0 13,4.0 14,2.0 15,4.0 17,4.0 18,4.0 19,2.0 20,2.0 21,4.0 22,4.0 23,4.0 24,4.0 25,2.0 31,2.0 32,2.0 33,2.0 34,2.0 280,2.0 388,1.0 454,1.0 462,1.0 
11,4.0 12,4.0 13,4.0 14,2.0 15,4.0 16,4.0 18,4.0 19,2.0 20,2.0 21,4.0 22,4.0 23,4.0 24,4.0 25,2.0 31,2.0 32,2.0 33,2.0 34,2.0 217,2.0 276,2.0 280,3.0 284,2.0 285,2.0 
4,6.0 5,4.0 6,6.0 7,6.0 8,7.0 9,7.0 10,7.0 18,6.0 19,14.0 20,5.0 21,22.0 22,18.0 23,18.0 24,18.0 25,17.0 29,2.0 30,2.0 33,3.0 34,6.0 35,5.0 118,1.0 
4,7.0 5,7.0 6,4.0 7,4.0 8,4.0 9,7.0 10,5.0 18,14.0 19,7.0 20,5.0 21,14.0 22,12.0 23,12.0 24,21.0 25,17.0 27,2.0 98,2.0 118,1.0 174,9.0 175,6.0 176,9.0 177,6.0 178,6.0 179,3.0 180,2.0 181,3.0 193,1.0 204,1.0 454,3.0 497,3.0 498,1.0 
18,9.0 19,9.0 21,9.0 22,8.0 23,8.0 24,8.0 25,4.0 118,1.0 
4,6.0 5,4.0 6,6.0 7,6.0 8,7.0 9,7.0 10,7.0 18,22.0 19,14.0 20,5.0 21,6.0 22,18.0 23,18.0 24,18.0 25,17.0 29,2.0 30,2.0 33,3.0 34,6.0 35,5.0 118,1.0 
4,6.0 5,4.0 6,6.0 7,6.0 8,6.0 9,6.0 10,6.0 18,18.0 19,12.0 20,4.0 21,18.0 22,6.0 23,18.0 24,18.0 25,14.0 29,2.0 30,2.0 33,2.0 34,6.0 35,4.0 
4,6.0 5,4.0 6,6.0 7,6.0 8,6.0 9,6.0 10,6.0 18,18.0 19,12.0 20,4.0 21,18.0 22,18.0 23,6.0 24,18.0 25,14.0 29,2.0 30,2.0 33,2.0 34,6.0 35,4.0 
4,9.0 5,7.0 6,6.0 7,6.0 8,6.0 9,9.0 10,6.0 18,18.0 19,21.0 20,4.0 21,18.0 22,18.0 23,18.0 24,9.0 25,22.0 27,2.0 29,2.0 30,2.0 33,2.0 34,6.0 35,4.0 98,2.0 174,9.0 175,6.0 176,9.0 177,6.0 178,6.0 179,3.0 180,2.0 181,3.0 193,1.0 204,1.0 454,3.0 497,3.0 498,1.0 
4,9.0 5,7.0 6,6.0 7,6.0 8,7.0 9,10.0 10,7.0 18,13.0 19,12.0 21,13.0 22,10.0 23,10.0 24,17.0 25,4.0 27,2.0 29,2.0 30,2.0 33,3.0 34,6.0 35,5.0 98,2.0 174,7.0 175,6.0 176,7.0 177,6.0 178,6.0 179,3.0 180,2.0 181,3.0 193,1.0 204,1.0 454,1.0 497,1.0 
0,7.0 4,3.0 5,16.0 6,12.0 7,8.0 8,16.0 9,10.0 10,4.0 27,7.0 29,1.0 30,3.0 36,6.0 37,1.0 42,1.0 46,1.0 47,1.0 49,2.0 51,10.0 52,1.0 54,1.0 55,3.0 61,1.0 62,1.0 63,3.0 65,1.0 68,1.0 73,2.0 75,3.0 77,1.0 81,1.0 83,1.0 87,1.0 89,1.0 95,1.0 98,1.0 102,1.0 106,1.0 108,2.0 119,2.0 121,2.0 122,2.0 137,1.0 138,1.0 139,1.0 140,1.0 143,9.0 158,4.0 164,2.0 182,4.0 192,2.0 193,4.0 194,4.0 202,4.0 203,7.0 206,1.0 230,2.0 234,1.0 240,4.0 241,2.0 242,2.0 249,3.0 262,1.0 274,1.0 280,1.0 281,2.0 308,1.0 331,1.0 332,1.0 345,1.0 373,3.0 381,1.0 384,1.0 385,2.0 386,2.0 417,1.0 418,1.0 419,1.0 421,1.0 434,1.0 435,1.0 437,1.0 463,1.0 479,1.0 490,1.0 534,2.0 535,1.0 536,1.0 537,1.0 538,2.0 539,2.0 
0,4.0 1,1.0 2,1.0 3,10.0 4,11.0 5,29.0 6,11.0 7,5.0 8,7.0 9,15.0 10,18.0 26,4.0 27,12.0 30,1.0 36,10.0 41,1.0 42,1.0 46,1.0 49,1.0 53,2.0 55,5.0 57,1.0 60,1.0 62,25.0 64,1.0 67,2.0 68,1.0 73,1.0 74,5.0 77,1.0 79,2.0 86,2.0 92,18.0 94,8.0 97,1.0 98,27.0 100,2.0 102,1.0 104,1.0 107,2.0 109,2.0 112,1.0 118,1.0 121,1.0 123,1.0 136,10.0 138,1.0 141,2.0 142,2.0 152,2.0 170,2.0 172,3.0 173,2.0 179,22.0 180,6.0 181,13.0 182,17.0 183,8.0 184,4.0 185,6.0 186,2.0 187,4.0 188,14.0 189,2.0 190,2.0 191,3.0 192,1.0 193,8.0 197,2.0 203,1.0 204,9.0 206,1.0 207,3.0 221,3.0 229,7.0 230,1.0 247,1.0 248,1.0 252,1.0 262,9.0 264,4.0 265,1.0 266,1.0 286,1.0 287,3.0 290,2.0 295,1.0 312,2.0 341,1.0 342,1.0 344,1.0 345,1.0 359,1.0 360,1.0 365,1.0 369,1.0 383,1.0 386,1.0 395,1.0 396,1.0 401,2.0 404,1.0 405,1.0 406,1.0 409,1.0 410,1.0 417,1.0 418,1.0 420,1.0 426,1.0 427,1.0 428,1.0 437,1.0 473,1.0 484,2.0 486,1.0 487,1.0 488,2.0 
1,3.0 2,2.0 3,5.0 4,2.0 5,1.0 6,4.0 7,3.0 8,1.0 9,3.0 10,1.0 27,2.0 29,2.0 30,3.0 54,2.0 136,1.0 172,1.0 182,2.0 192,1.0 193,1.0 204,1.0 262,1.0 287,1.0 425,2.0 429,1.0 430,1.0 431,1.0 443,2.0 
0,7.0 4,32.0 5,6.0 6,19.0 7,12.0 8,9.0 9,8.0 10,16.0 26,1.0 29,4.0 30,6.0 38,1.0 45,1.0 48,1.0 52,1.0 53,3.0 56,2.0 57,1.0 62,12.0 63,5.0 66,1.0 67,4.0 68,6.0 73,10.0 74,2.0 75,16.0 76,1.0 77,1.0 79,9.0 82,4.0 83,1.0 86,2.0 88,1.0 92,8.0 94,6.0 95,3.0 97,9.0 98,9.0 99,5.0 100,10.0 109,2.0 121,1.0 142,2.0 192,5.0 193,3.0 196,7.0 197,4.0 199,8.0 211,1.0 212,1.0 214,1.0 215,2.0 229,2.0 230,1.0 247,1.0 264,11.0 281,1.0 291,10.0 295,1.0 299,1.0 365,1.0 383,1.0 416,6.0 496,2.0 501,2.0 519,2.0 523,1.0 
4,6.0 5,6.0 6,12.0 7,11.0 8,19.0 9,21.0 10,10.0 11,2.0 12,2.0 13,2.0 15,2.0 16,2.0 17,2.0 26,6.0 27,2.0 29,2.0 30,2.0 31,2.0 32,2.0 40,1.0 41,2.0 42,3.0 44,1.0 48,2.0 49,3.0 51,3.0 53,1.0 55,3.0 57,1.0 58,1.0 62,1.0 68,3.0 69,1.0 73,3.0 77,3.0 80,2.0 83,2.0 86,1.0 87,3.0 89,1.0 95,1.0 97,1.0 99,2.0 102,2.0 109,2.0 119,4.0 121,1.0 122,1.0 136,8.0 137,2.0 138,3.0 143,8.0 160,4.0 166,2.0 171,1.0 179,1.0 182,3.0 183,1.0 192,2.0 195,2.0 203,1.0 204,1.0 206,5.0 211,1.0 216,1.0 217,1.0 229,2.0 262,3.0 295,1.0 312,1.0 331,1.0 363,1.0 373,5.0 386,1.0 406,1.0 417,1.0 418,1.0 427,1.0 428,1.0 496,1.0 526,1.0 527,1.0 
0,1.0 10,2.0 11,4.0 12,5.0 13,5.0 15,2.0 16,2.0 17,2.0 18,2.0 21,2.0 22,2.0 23,2.0 24,2.0 25,2.0 32,2.0 33,2.0 34,2.0 77,1.0 83,1.0 105,1.0 106,1.0 111,1.0 119,1.0 145,1.0 167,1.0 329,1.0 330,1.0 
8,1.0 10,1.0 11,2.0 12,2.0 13,2.0 15,2.0 16,3.0 17,2.0 18,2.0 21,2.0 22,2.0 23,2.0 24,2.0 25,2.0 31,2.0 33,2.0 34,2.0 38,1.0 64,1.0 217,1.0 275,1.0 276,1.0 280,1.0 336,1.0 
9,1.0 18,5.0 21,5.0 22,4.0 23,4.0 24,4.0 25,5.0 34,4.0 35,2.0 
4,2.0 6,2.0 7,2.0 8,2.0 9,2.0 10,2.0 18,6.0 21,6.0 22,6.0 23,6.0 24,6.0 25,6.0 29,2.0 30,2.0 33,2.0 34,2.0 35,4.0 
4,2.0 6,2.0 7,2.0 8,3.0 9,2.0 10,2.0 18,3.0 21,3.0 22,2.0 23,2.0 24,2.0 25,3.0 29,2.0 30,2.0 34,2.0 
4,5.0 5,9.0 6,6.0 7,1.0 8,1.0 9,2.0 26,3.0 27,8.0 29,1.0 37,2.0 38,2.0 40,2.0 41,3.0 43,2.0 45,1.0 46,2.0 50,1.0 51,14.0 55,6.0 58,2.0 59,1.0 62,18.0 63,3.0 66,2.0 67,2.0 71,1.0 72,2.0 73,1.0 75,1.0 76,2.0 77,2.0 89,1.0 94,2.0 97,1.0 98,9.0 99,1.0 114,1.0 117,2.0 118,1.0 119,7.0 120,1.0 121,1.0 122,8.0 125,1.0 126,1.0 143,8.0 157,4.0 163,2.0 168,6.0 170,2.0 179,12.0 180,6.0 182,25.0 183,1.0 184,4.0 185,6.0 186,2.0 187,2.0 188,2.0 193,4.0 196,2.0 197,2.0 199,2.0 202,3.0 203,2.0 206,2.0 207,2.0 210,1.0 235,2.0 236,2.0 237,2.0 331,1.0 343,1.0 360,1.0 393,1.0 407,1.0 411,1.0 412,1.0 462,1.0 506,1.0 530,1.0 
4,2.0 5,4.0 7,1.0 9,7.0 30,5.0 36,4.0 38,2.0 39,10.0 40,5.0 41,1.0 45,3.0 48,2.0 49,5.0 50,1.0 51,5.0 52,4.0 55,1.0 56,1.0 57,4.0 58,2.0 61,5.0 63,3.0 67,2.0 68,1.0 70,4.0 72,1.0 74,1.0 76,4.0 77,4.0 80,1.0 81,1.0 83,1.0 87,2.0 89,1.0 90,1.0 92,2.0 100,1.0 136,1.0 143,5.0 171,1.0 182,1.0 197,2.0 202,4.0 206,1.0 209,1.0 234,4.0 235,4.0 236,4.0 260,1.0 261,1.0 354,1.0 357,1.0 373,1.0 386,1.0 413,1.0 
4,1.0 7,1.0 8,4.0 9,4.0 10,5.0 27,2.0 29,2.0 32,1.0 37,2.0 39,2.0 64,5.0 73,1.0 84,3.0 103,3.0 104,2.0 105,2.0 106,4.0 120,1.0 137,4.0 139,2.0 140,2.0 143,1.0 217,1.0 247,2.0 272,1.0 332,1.0 353,1.0 374,1.0 383,1.0 385,1.0 386,1.0 
0,1.0 7,1.0 9,2.0 30,2.0 37,8.0 40,6.0 41,2.0 42,1.0 45,3.0 47,1.0 50,2.0 51,2.0 55,3.0 67,3.0 68,1.0 69,1.0 70,2.0 74,2.0 80,5.0 83,1.0 87,2.0 118,2.0 119,2.0 143,2.0 171,1.0 182,2.0 204,2.0 211,2.0 214,4.0 280,1.0 345,1.0 348,1.0 349,1.0 358,1.0 388,1.0 415,1.0 449,1.0 
4,1.0 5,1.0 6,3.0 7,2.0 14,1.0 26,1.0 37,5.0 39,4.0 41,13.0 42,5.0 45,1.0 47,2.0 48,3.0 49,3.0 50,2.0 51,2.0 54,1.0 55,2.0 57,2.0 58,6.0 59,4.0 61,2.0 62,1.0 63,3.0 65,3.0 67,4.0 68,1.0 70,1.0 71,2.0 72,2.0 73,3.0 74,1.0 77,1.0 82,1.0 90,1.0 143,4.0 168,2.0 182,4.0 192,1.0 209,1.0 211,2.0 214,2.0 215,3.0 260,1.0 261,1.0 268,1.0 299,1.0 347,1.0 353,1.0 356,1.0 358,2.0 361,1.0 364,1.0 367,1.0 369,2.0 374,1.0 383,1.0 469,1.0 472,1.0 506,1.0 
4,1.0 5,3.0 6,4.0 7,2.0 10,1.0 26,3.0 30,1.0 40,12.0 42,7.0 45,2.0 46,2.0 47,2.0 48,6.0 52,1.0 53,3.0 54,1.0 57,2.0 58,1.0 59,7.0 62,1.0 67,3.0 68,3.0 72,10.0 74,1.0 77,5.0 82,1.0 85,1.0 86,1.0 92,2.0 122,1.0 143,6.0 167,2.0 182,3.0 197,2.0 203,2.0 217,2.0 221,2.0 299,1.0 363,2.0 373,1.0 506,1.0 
4,1.0 5,4.0 6,1.0 7,1.0 8,2.0 9,2.0 14,1.0 26,5.0 27,1.0 30,2.0 36,2.0 40,2.0 41,4.0 43,1.0 45,1.0 48,1.0 49,3.0 51,1.0 53,3.0 55,1.0 60,2.0 62,1.0 67,1.0 68,2.0 75,1.0 76,1.0 77,9.0 82,2.0 83,1.0 86,2.0 97,1.0 99,14.0 119,6.0 122,4.0 130,1.0 143,6.0 171,1.0 182,1.0 183,1.0 192,1.0 203,1.0 312,1.0 343,1.0 345,1.0 349,1.0 356,1.0 358,2.0 372,1.0 373,2.0 382,1.0 510,1.0 
5,2.0 42,1.0 44,2.0 47,1.0 62,2.0 69,1.0 72,2.0 74,1.0 76,1.0 119,1.0 135,1.0 141,1.0 183,1.0 208,1.0 214,1.0 227,2.0 295,1.0 351,2.0 491,2.0 494,1.0 495,1.0 
4,3.0 5,2.0 6,2.0 19,1.0 24,1.0 30,1.0 37,2.0 47,1.0 49,1.0 50,2.0 53,2.0 62,1.0 63,4.0 65,4.0 70,2.0 75,1.0 76,2.0 77,9.0 81,1.0 83,1.0 119,1.0 122,2.0 158,1.0 164,1.0 174,1.0 176,1.0 180,2.0 194,1.0 195,2.0 199,2.0 206,2.0 208,2.0 222,2.0 224,2.0 227,2.0 229,2.0 359,1.0 369,1.0 373,1.0 454,1.0 485,1.0 493,1.0 497,1.0 498,1.0 
4,1.0 26,1.0 30,1.0 36,1.0 37,1.0 39,3.0 40,1.0 41,4.0 42,1.0 46,2.0 57,1.0 58,1.0 59,1.0 63,1.0 68,1.0 69,1.0 73,1.0 75,1.0 76,3.0 81,2.0 82,1.0 89,1.0 92,2.0 94,2.0 118,1.0 119,2.0 143,3.0 182,1.0 204,2.0 206,1.0 215,2.0 415,1.0 
8,8.0 26,1.0 36,1.0 41,2.0 47,2.0 50,1.0 71,9.0 84,2.0 111,2.0 114,2.0 118,4.0 119,4.0 120,5.0 121,2.0 122,3.0 123,3.0 124,2.0 125,4.0 126,2.0 143,1.0 145,2.0 170,1.0 217,2.0 272,2.0 273,1.0 361,1.0 365,1.0 408,1.0 445,1.0 536,1.0 537,1.0 540,1.0 
0,1.0 4,2.0 7,1.0 19,1.0 24,1.0 26,1.0 39,1.0 41,2.0 44,1.0 48,6.0 49,2.0 52,1.0 72,4.0 76,1.0 77,1.0 80,1.0 83,3.0 94,2.0 161,1.0 174,1.0 176,1.0 198,2.0 215,2.0 226,2.0 449,1.0 454,1.0 491,1.0 495,1.0 497,1.0 498,1.0 
4,2.0 5,2.0 6,3.0 7,3.0 9,2.0 27,1.0 30,1.0 36,2.0 37,1.0 40,3.0 41,4.0 42,1.0 44,5.0 47,1.0 48,1.0 49,6.0 50,3.0 51,2.0 55,4.0 59,1.0 62,2.0 63,2.0 65,1.0 66,2.0 67,5.0 68,7.0 70,4.0 72,2.0 73,5.0 74,4.0 77,7.0 82,4.0 83,3.0 98,4.0 103,1.0 118,4.0 136,2.0 143,3.0 179,2.0 182,2.0 192,2.0 199,2.0 202,2.0 203,2.0 204,2.0 209,1.0 210,2.0 211,5.0 214,1.0 218,2.0 220,2.0 226,2.0 227,4.0 269,2.0 277,2.0 286,2.0 475,1.0 
0,1.0 5,3.0 6,3.0 27,1.0 30,4.0 37,5.0 40,3.0 42,3.0 43,2.0 48,6.0 49,4.0 50,4.0 51,3.0 52,1.0 55,6.0 56,3.0 57,2.0 59,2.0 60,3.0 61,1.0 63,5.0 65,4.0 68,2.0 69,1.0 73,9.0 76,2.0 77,1.0 81,1.0 82,2.0 83,3.0 90,2.0 108,1.0 141,1.0 143,2.0 158,2.0 164,1.0 191,2.0 209,3.0 216,1.0 227,1.0 228,1.0 234,3.0 247,2.0 260,1.0 261,2.0 267,1.0 341,2.0 344,1.0 351,2.0 355,1.0 357,2.0 360,1.0 363,1.0 373,1.0 375,1.0 376,1.0 384,1.0 388,2.0 399,2.0 413,1.0 494,1.0 
5,4.0 39,2.0 44,2.0 63,1.0 65,2.0 67,2.0 70,1.0 74,2.0 77,1.0 97,1.0 122,1.0 170,2.0 196,2.0 197,2.0 203,1.0 209,4.0 210,2.0 214,2.0 224,2.0 261,1.0 286,1.0 357,3.0 358,1.0 360,4.0 361,5.0 366,1.0 369,1.0 382,1.0 386,1.0 391,1.0 
1,1.0 4,1.0 5,18.0 6,2.0 7,1.0 8,2.0 26,3.0 29,3.0 36,17.0 37,6.0 40,7.0 41,2.0 42,3.0 45,2.0 47,3.0 49,3.0 50,1.0 52,2.0 55,13.0 57,1.0 58,4.0 59,1.0 61,2.0 62,13.0 63,4.0 67,2.0 68,1.0 72,1.0 73,1.0 75,15.0 76,4.0 81,1.0 82,1.0 83,2.0 90,2.0 97,2.0 98,6.0 99,3.0 103,1.0 116,4.0 118,3.0 119,8.0 121,2.0 122,9.0 128,2.0 143,13.0 161,2.0 168,5.0 170,2.0 180,1.0 182,3.0 183,2.0 187,2.0 192,5.0 193,2.0 202,8.0 203,2.0 217,1.0 234,2.0 247,1.0 250,2.0 251,2.0 252,2.0 272,2.0 331,9.0 342,4.0 345,1.0 368,1.0 373,1.0 384,1.0 391,1.0 407,1.0 409,1.0 411,1.0 412,2.0 421,1.0 443,1.0 474,1.0 506,1.0 
10,1.0 29,1.0 36,1.0 37,1.0 42,2.0 49,1.0 51,2.0 56,1.0 57,3.0 58,1.0 61,3.0 63,2.0 66,2.0 74,2.0 75,3.0 76,3.0 79,4.0 80,1.0 83,1.0 85,1.0 98,1.0 136,1.0 143,1.0 161,1.0 171,2.0 179,1.0 199,1.0 259,1.0 343,1.0 357,1.0 358,2.0 359,1.0 360,3.0 361,4.0 377,1.0 394,1.0 414,1.0 422,1.0 492,1.0 
0,1.0 4,2.0 5,3.0 6,1.0 7,1.0 19,2.0 24,2.0 25,2.0 26,1.0 29,1.0 41,1.0 42,1.0 44,2.0 51,1.0 52,1.0 54,3.0 57,1.0 60,3.0 62,2.0 63,4.0 67,2.0 68,2.0 73,2.0 74,5.0 77,6.0 79,3.0 82,4.0 83,3.0 86,8.0 89,4.0 97,1.0 98,2.0 118,2.0 121,1.0 143,3.0 171,2.0 174,2.0 175,2.0 176,2.0 177,2.0 178,2.0 182,1.0 192,1.0 193,1.0 199,2.0 203,2.0 204,2.0 207,1.0 208,2.0 211,2.0 216,2.0 312,1.0 348,4.0 357,1.0 358,1.0 360,2.0 361,2.0 377,1.0 394,1.0 416,1.0 426,1.0 509,1.0 541,1.0 544,1.0 550,1.0 552,1.0 
3,3.0 4,2.0 5,1.0 6,3.0 7,2.0 9,1.0 26,1.0 27,1.0 28,2.0 29,1.0 30,2.0 37,1.0 49,3.0 55,3.0 78,1.0 99,1.0 171,1.0 172,1.0 182,2.0 193,1.0 221,1.0 262,1.0 299,1.0 373,1.0 431,1.0 443,2.0 462,1.0 
1,1.0 3,1.0 4,12.0 5,15.0 6,20.0 7,5.0 8,3.0 9,2.0 10,1.0 26,6.0 27,5.0 29,1.0 36,5.0 37,4.0 40,2.0 44,4.0 48,2.0 49,7.0 51,15.0 52,2.0 55,2.0 56,3.0 58,2.0 61,1.0 62,15.0 63,1.0 66,3.0 70,4.0 75,9.0 76,3.0 77,1.0 79,8.0 83,1.0 92,2.0 95,2.0 98,2.0 118,1.0 119,8.0 121,5.0 122,1.0 123,1.0 127,4.0 143,22.0 146,2.0 159,2.0 168,4.0 172,2.0 192,1.0 193,17.0 194,2.0 199,2.0 202,7.0 203,17.0 204,2.0 206,1.0 210,1.0 211,2.0 229,2.0 230,2.0 253,2.0 255,2.0 261,1.0 262,4.0 264,10.0 286,2.0 312,1.0 331,1.0 332,2.0 342,3.0 346,1.0 368,1.0 372,1.0 400,1.0 409,4.0 410,1.0 412,1.0 414,1.0 421,1.0 422,1.0 431,1.0 432,1.0 433,1.0 437,1.0 
6,3.0 29,3.0 42,1.0 63,4.0 67,2.0 80,2.0 87,4.0 88,2.0 89,4.0 216,2.0 258,2.0 259,2.0 261,1.0 492,1.0 
5,1.0 9,1.0 27,1.0 29,3.0 30,1.0 36,1.0 37,1.0 48,1.0 49,2.0 51,2.0 52,3.0 53,1.0 58,4.0 59,3.0 62,4.0 63,2.0 65,1.0 66,1.0 68,1.0 73,2.0 74,4.0 75,1.0 76,1.0 82,1.0 90,6.0 121,1.0 143,1.0 199,4.0 211,4.0 348,1.0 359,1.0 369,1.0 377,1.0 389,1.0 394,1.0 
6,5.0 8,1.0 30,1.0 37,2.0 40,6.0 41,4.0 45,2.0 50,1.0 55,2.0 57,2.0 59,1.0 62,1.0 67,1.0 72,1.0 76,4.0 80,1.0 81,1.0 90,1.0 116,2.0 128,1.0 132,1.0 143,2.0 161,1.0 182,3.0 183,2.0 192,1.0 206,2.0 215,1.0 216,1.0 217,2.0 228,2.0 299,1.0 361,1.0 367,1.0 369,1.0 469,1.0 483,2.0 492,1.0 506,1.0 
4,2.0 5,1.0 6,1.0 7,2.0 29,1.0 36,1.0 40,2.0 41,1.0 48,1.0 49,2.0 51,3.0 57,2.0 58,1.0 62,3.0 65,1.0 67,1.0 68,1.0 73,2.0 75,3.0 82,3.0 182,1.0 299,1.0 345,1.0 357,1.0 358,1.0 506,2.0 
5,1.0 6,3.0 11,1.0 12,1.0 13,1.0 14,1.0 29,1.0 30,1.0 43,1.0 53,2.0 73,2.0 74,2.0 75,2.0 77,1.0 79,1.0 82,1.0 83,3.0 118,1.0 121,1.0 122,1.0 170,2.0 171,1.0 209,1.0 373,1.0 509,1.0 541,1.0 544,1.0 550,1.0 552,1.0 
4,2.0 7,2.0 29,2.0 37,1.0 40,2.0 41,2.0 49,1.0 51,1.0 52,3.0 63,1.0 74,2.0 75,2.0 79,4.0 97,2.0 143,1.0 171,2.0 353,1.0 374,1.0 377,1.0 378,1.0 
0,2.0 4,13.0 7,5.0 8,1.0 9,4.0 10,5.0 27,24.0 29,14.0 30,2.0 36,10.0 42,1.0 44,2.0 51,18.0 53,2.0 55,15.0 58,1.0 59,2.0 63,2.0 64,2.0 69,2.0 75,15.0 76,1.0 77,2.0 79,4.0 81,1.0 82,2.0 84,4.0 86,2.0 92,23.0 94,23.0 95,3.0 97,7.0 98,48.0 99,4.0 100,3.0 115,2.0 117,4.0 118,1.0 119,2.0 121,2.0 122,3.0 143,3.0 157,2.0 167,4.0 168,6.0 169,4.0 170,11.0 179,12.0 180,1.0 181,2.0 182,9.0 187,6.0 188,16.0 189,2.0 190,2.0 191,2.0 197,2.0 199,15.0 202,6.0 206,3.0 210,1.0 234,2.0 247,1.0 262,8.0 264,5.0 291,4.0 298,1.0 331,1.0 342,4.0 384,1.0 409,1.0 445,1.0 499,1.0 500,1.0 530,1.0 
4,6.0 5,7.0 8,2.0 36,3.0 37,7.0 39,5.0 40,5.0 41,2.0 42,1.0 44,4.0 45,3.0 48,3.0 49,6.0 50,5.0 51,1.0 52,5.0 53,6.0 56,2.0 57,8.0 59,1.0 61,3.0 63,7.0 64,2.0 65,11.0 66,5.0 67,6.0 68,1.0 70,1.0 73,8.0 74,12.0 75,5.0 76,5.0 77,1.0 79,1.0 80,1.0 81,3.0 82,1.0 83,1.0 86,4.0 87,15.0 88,2.0 89,21.0 90,6.0 122,1.0 143,1.0 171,2.0 182,2.0 195,2.0 199,2.0 203,3.0 208,4.0 209,2.0 211,13.0 215,2.0 216,12.0 222,2.0 225,2.0 236,2.0 247,2.0 248,2.0 258,4.0 259,4.0 260,3.0 261,3.0 361,1.0 413,1.0 416,1.0 422,1.0 511,1.0 524,1.0 525,1.0 
8,4.0 9,4.0 10,5.0 27,2.0 38,5.0 63,2.0 65,2.0 84,3.0 100,1.0 101,2.0 102,5.0 106,2.0 120,3.0 136,1.0 137,3.0 138,1.0 139,2.0 140,2.0 143,1.0 144,2.0 181,1.0 204,1.0 217,1.0 229,2.0 264,2.0 265,4.0 271,2.0 274,1.0 280,1.0 281,2.0 282,2.0 292,2.0 293,3.0 386,1.0 481,1.0 486,1.0 487,1.0 490,1.0 
36,1.0 39,2.0 40,2.0 45,3.0 48,1.0 49,3.0 50,1.0 57,5.0 59,1.0 63,8.0 66,6.0 67,2.0 68,1.0 73,3.0 74,4.0 82,1.0 87,5.0 90,5.0 170,1.0 180,2.0 182,2.0 209,1.0 211,4.0 215,2.0 216,2.0 224,2.0 268,1.0 272,1.0 345,1.0 354,1.0 358,2.0 364,1.0 387,1.0 
6,2.0 29,1.0 39,2.0 40,2.0 43,2.0 48,2.0 52,1.0 57,4.0 58,2.0 59,1.0 63,5.0 65,4.0 67,9.0 68,3.0 74,4.0 75,1.0 76,3.0 79,1.0 81,4.0 82,1.0 87,4.0 90,4.0 92,2.0 93,2.0 98,1.0 170,2.0 179,1.0 182,2.0 211,4.0 214,1.0 255,2.0 256,2.0 257,2.0 269,2.0 414,1.0 416,1.0 422,1.0 
6,1.0 29,2.0 40,1.0 41,4.0 42,4.0 45,1.0 48,5.0 52,2.0 56,2.0 58,3.0 59,4.0 61,2.0 63,6.0 66,9.0 67,1.0 68,10.0 71,2.0 72,6.0 74,5.0 75,6.0 76,2.0 82,4.0 87,4.0 88,2.0 89,6.0 130,1.0 169,2.0 170,2.0 171,4.0 207,2.0 214,2.0 215,2.0 216,4.0 258,2.0 259,2.0 260,2.0 261,2.0 269,2.0 299,1.0 506,1.0 510,1.0 
4,2.0 6,1.0 7,1.0 8,1.0 9,1.0 10,1.0 26,1.0 29,5.0 30,1.0 36,1.0 40,1.0 41,3.0 42,7.0 43,1.0 44,1.0 45,1.0 48,7.0 49,2.0 51,1.0 52,2.0 53,5.0 55,2.0 59,2.0 60,3.0 61,2.0 62,2.0 65,1.0 66,1.0 67,8.0 69,1.0 73,9.0 74,3.0 75,4.0 77,10.0 82,5.0 83,5.0 86,3.0 97,2.0 100,1.0 130,1.0 136,2.0 143,1.0 171,5.0 182,1.0 192,3.0 193,1.0 204,3.0 211,3.0 223,3.0 227,1.0 249,1.0 361,1.0 373,2.0 
4,2.0 6,1.0 9,3.0 42,1.0 43,2.0 53,1.0 68,1.0 70,2.0 72,1.0 74,3.0 91,1.0 135,2.0 136,1.0 137,1.0 141,2.0 150,1.0 152,1.0 192,1.0 203,1.0 204,3.0 207,1.0 214,2.0 351,1.0 415,1.0 491,1.0 
4,2.0 5,1.0 6,3.0 36,2.0 37,4.0 39,2.0 44,4.0 48,4.0 49,2.0 50,1.0 51,2.0 55,2.0 62,1.0 63,3.0 72,4.0 73,1.0 75,2.0 76,4.0 77,3.0 79,2.0 81,1.0 83,1.0 87,2.0 92,2.0 98,2.0 108,1.0 118,1.0 158,2.0 164,1.0 192,1.0 197,2.0 199,2.0 202,2.0 203,1.0 211,1.0 214,2.0 229,2.0 362,2.0 477,2.0 484,1.0 485,2.0 493,1.0 
8,6.0 46,9.0 67,2.0 72,2.0 84,2.0 111,2.0 118,4.0 119,4.0 120,9.0 124,4.0 125,2.0 143,1.0 145,2.0 271,4.0 272,2.0 
5,2.0 7,2.0 41,10.0 47,2.0 48,4.0 52,1.0 53,2.0 58,1.0 62,1.0 67,2.0 70,4.0 73,3.0 74,3.0 76,6.0 77,5.0 98,3.0 116,1.0 135,1.0 143,4.0 161,2.0 197,2.0 203,2.0 214,3.0 215,2.0 221,2.0 266,1.0 478,1.0 479,1.0 491,2.0 495,1.0 
6,2.0 29,10.0 37,5.0 38,1.0 39,1.0 40,4.0 42,2.0 43,1.0 47,1.0 48,4.0 49,9.0 50,1.0 51,1.0 52,3.0 53,5.0 56,3.0 57,2.0 59,2.0 60,2.0 61,4.0 63,7.0 65,4.0 68,9.0 69,1.0 72,2.0 73,3.0 74,10.0 75,2.0 76,1.0 77,4.0 79,6.0 80,4.0 81,4.0 82,5.0 83,4.0 86,2.0 87,5.0 88,2.0 89,4.0 90,2.0 95,3.0 96,2.0 108,1.0 120,2.0 141,1.0 158,1.0 171,3.0 188,1.0 192,1.0 193,1.0 195,3.0 206,3.0 209,1.0 210,2.0 214,3.0 230,1.0 247,1.0 260,1.0 261,1.0 266,2.0 286,2.0 351,1.0 383,1.0 420,1.0 480,1.0 509,1.0 541,1.0 544,1.0 550,1.0 552,1.0 
7,1.0 9,3.0 29,2.0 37,2.0 41,1.0 44,1.0 47,1.0 48,7.0 49,1.0 50,2.0 52,2.0 53,6.0 57,4.0 60,1.0 61,2.0 62,4.0 63,6.0 67,8.0 68,3.0 69,3.0 72,3.0 73,9.0 75,6.0 77,5.0 79,3.0 82,3.0 83,4.0 86,3.0 89,6.0 90,4.0 95,3.0 96,2.0 118,2.0 131,2.0 137,1.0 170,2.0 171,4.0 173,2.0 192,2.0 193,1.0 199,4.0 204,3.0 207,3.0 208,2.0 209,2.0 211,8.0 214,8.0 215,2.0 216,2.0 218,2.0 267,2.0 416,1.0 426,1.0 509,1.0 541,1.0 544,1.0 550,1.0 552,1.0 
0,2.0 4,13.0 6,2.0 7,2.0 8,2.0 10,7.0 26,2.0 27,1.0 29,12.0 30,2.0 36,5.0 40,1.0 42,2.0 45,1.0 47,2.0 51,14.0 52,3.0 55,11.0 57,2.0 58,1.0 59,2.0 61,2.0 62,19.0 63,6.0 66,1.0 67,6.0 68,8.0 73,2.0 76,4.0 77,2.0 79,6.0 82,2.0 83,2.0 91,1.0 92,6.0 94,5.0 97,9.0 98,6.0 99,2.0 100,2.0 116,2.0 119,3.0 121,8.0 122,1.0 128,2.0 143,2.0 168,6.0 169,1.0 170,2.0 179,2.0 182,1.0 187,2.0 192,3.0 194,1.0 196,1.0 203,2.0 208,1.0 209,1.0 211,1.0 214,2.0 215,1.0 230,3.0 264,1.0 287,1.0 342,4.0 409,1.0 416,5.0 480,1.0 499,1.0 500,1.0 501,5.0 502,1.0 
4,1.0 8,2.0 9,1.0 30,3.0 37,4.0 42,1.0 44,2.0 45,3.0 49,1.0 51,1.0 52,3.0 55,2.0 56,1.0 57,1.0 58,3.0 63,2.0 66,1.0 68,2.0 70,4.0 72,4.0 75,1.0 80,2.0 82,1.0 90,2.0 98,3.0 100,1.0 116,1.0 121,1.0 122,1.0 143,4.0 161,2.0 179,3.0 182,1.0 183,1.0 188,2.0 191,1.0 199,1.0 206,1.0 208,1.0 214,2.0 215,1.0 222,2.0 228,1.0 267,1.0 341,1.0 345,1.0 348,1.0 363,1.0 376,1.0 414,1.0 422,1.0 483,1.0 492,2.0 
0,2.0 4,1.0 5,3.0 6,3.0 9,1.0 12,1.0 13,1.0 18,2.0 19,5.0 20,2.0 21,2.0 22,2.0 23,2.0 24,5.0 25,2.0 26,1.0 27,1.0 30,3.0 31,1.0 36,2.0 37,4.0 41,3.0 42,9.0 43,1.0 44,9.0 47,1.0 48,1.0 49,1.0 50,1.0 53,6.0 55,1.0 60,1.0 62,1.0 63,3.0 68,1.0 70,3.0 72,3.0 73,1.0 78,2.0 79,2.0 82,4.0 83,6.0 92,2.0 94,2.0 97,1.0 118,2.0 119,7.0 122,5.0 143,8.0 174,3.0 175,2.0 176,3.0 177,2.0 178,2.0 180,2.0 192,1.0 195,2.0 197,6.0 203,3.0 204,2.0 206,2.0 266,1.0 272,1.0 312,1.0 373,2.0 416,1.0 454,1.0 497,1.0 498,1.0 511,1.0 
4,1.0 6,1.0 7,1.0 29,1.0 54,1.0 73,2.0 79,2.0 99,1.0 221,1.0 299,1.0 462,1.0 
4,4.0 7,3.0 27,4.0 29,16.0 38,1.0 40,1.0 41,2.0 42,1.0 48,2.0 49,1.0 51,3.0 53,1.0 55,11.0 56,2.0 60,1.0 61,2.0 62,4.0 63,3.0 66,1.0 67,2.0 68,4.0 70,4.0 73,13.0 74,2.0 75,7.0 77,1.0 79,1.0 80,2.0 81,3.0 87,2.0 88,2.0 89,2.0 92,2.0 94,1.0 95,3.0 98,6.0 118,4.0 119,2.0 121,1.0 122,2.0 127,2.0 143,4.0 146,2.0 168,2.0 170,2.0 188,4.0 192,1.0 193,6.0 196,2.0 199,8.0 203,2.0 206,2.0 210,3.0 211,1.0 215,1.0 229,2.0 230,2.0 247,1.0 250,2.0 260,1.0 261,1.0 262,4.0 296,2.0 297,2.0 298,3.0 331,1.0 383,1.0 416,2.0 496,2.0 501,2.0 
0,1.0 7,1.0 26,1.0 29,3.0 30,2.0 37,1.0 39,5.0 42,1.0 44,1.0 47,1.0 55,3.0 56,2.0 67,1.0 68,4.0 70,1.0 83,3.0 171,1.0 202,2.0 215,3.0 223,3.0 228,1.0 296,7.0 448,1.0 449,1.0 483,1.0 485,1.0 492,2.0 493,1.0 
29,3.0 37,1.0 40,1.0 44,1.0 52,2.0 58,1.0 59,1.0 61,4.0 62,1.0 63,3.0 66,4.0 67,2.0 70,1.0 73,4.0 74,2.0 75,1.0 79,3.0 89,2.0 90,2.0 92,2.0 93,2.0 116,1.0 128,1.0 132,1.0 171,2.0 192,1.0 214,1.0 216,1.0 228,1.0 483,1.0 503,1.0 504,1.0 505,1.0 506,1.0 
0,1.0 4,5.0 5,2.0 6,2.0 7,1.0 8,2.0 9,2.0 18,3.0 19,3.0 20,3.0 21,3.0 22,2.0 23,2.0 24,2.0 26,2.0 29,1.0 30,1.0 36,1.0 40,1.0 42,2.0 45,1.0 48,1.0 49,2.0 52,2.0 53,4.0 54,1.0 57,1.0 59,3.0 60,1.0 62,1.0 65,1.0 68,1.0 73,3.0 74,1.0 75,3.0 76,1.0 77,4.0 83,5.0 97,1.0 122,1.0 171,1.0 182,2.0 209,1.0 215,1.0 227,1.0 354,1.0 357,3.0 358,3.0 360,5.0 361,4.0 377,1.0 390,1.0 394,1.0 509,1.0 541,1.0 544,1.0 550,1.0 552,1.0 
0,1.0 4,2.0 8,1.0 9,2.0 11,1.0 12,1.0 13,1.0 14,1.0 18,3.0 19,2.0 20,2.0 21,3.0 22,2.0 23,2.0 24,2.0 25,1.0 26,1.0 29,1.0 30,1.0 33,1.0 37,1.0 39,1.0 42,1.0 43,1.0 47,3.0 48,3.0 49,3.0 51,1.0 53,2.0 60,3.0 62,1.0 63,1.0 67,1.0 68,1.0 73,1.0 74,3.0 77,6.0 80,3.0 82,5.0 97,1.0 118,1.0 119,1.0 121,1.0 122,1.0 143,2.0 158,1.0 164,1.0 171,2.0 182,1.0 202,2.0 216,1.0 226,2.0 227,1.0 286,1.0 351,1.0 359,1.0 361,1.0 494,1.0 509,1.0 511,1.0 541,1.0 544,1.0 550,1.0 552,1.0 
8,10.0 9,4.0 10,4.0 27,1.0 37,1.0 38,3.0 39,1.0 46,2.0 59,2.0 62,4.0 64,3.0 71,2.0 82,2.0 100,1.0 101,3.0 102,2.0 103,3.0 104,2.0 105,2.0 106,2.0 111,2.0 118,2.0 119,4.0 120,4.0 125,2.0 137,2.0 143,2.0 144,2.0 145,2.0 181,1.0 210,1.0 271,2.0 281,1.0 288,1.0 297,1.0 481,1.0 482,2.0 489,1.0 
4,2.0 52,1.0 83,1.0 359,1.0 361,1.0 
4,2.0 5,2.0 41,1.0 42,1.0 53,8.0 62,2.0 63,4.0 67,2.0 68,1.0 73,2.0 74,3.0 87,2.0 89,4.0 98,2.0 143,1.0 182,1.0 192,1.0 193,1.0 207,1.0 211,2.0 216,2.0 343,1.0 382,1.0 426,1.0 
36,1.0 37,2.0 39,4.0 40,2.0 41,2.0 45,1.0 50,2.0 53,2.0 56,2.0 57,4.0 63,17.0 65,5.0 66,4.0 67,2.0 73,5.0 74,6.0 86,2.0 87,2.0 88,4.0 89,8.0 90,4.0 118,2.0 120,2.0 195,3.0 206,3.0 211,8.0 216,4.0 258,4.0 259,4.0 
56,2.0 63,4.0 67,2.0 87,4.0 89,6.0 216,2.0 258,2.0 259,2.0 263,1.0 295,1.0 299,1.0 
37,4.0 39,3.0 40,1.0 42,1.0 49,1.0 50,2.0 52,2.0 53,4.0 56,2.0 61,2.0 63,21.0 67,6.0 70,2.0 73,4.0 74,8.0 80,1.0 81,4.0 83,1.0 84,1.0 86,4.0 87,6.0 88,2.0 89,6.0 143,1.0 171,2.0 206,1.0 208,2.0 209,2.0 211,6.0 212,2.0 213,2.0 216,9.0 258,4.0 259,4.0 260,2.0 261,2.0 413,1.0 
30,1.0 37,1.0 48,1.0 49,2.0 57,6.0 58,2.0 59,1.0 62,4.0 63,1.0 65,1.0 68,1.0 73,2.0 74,4.0 76,1.0 82,1.0 91,2.0 143,1.0 199,4.0 211,4.0 
66,2.0 69,1.0 81,2.0 92,2.0 123,1.0 135,1.0 141,1.0 150,1.0 152,1.0 207,1.0 214,1.0 230,1.0 368,1.0 
0,2.0 7,2.0 9,4.0 10,3.0 27,14.0 29,4.0 36,4.0 53,2.0 62,23.0 66,2.0 73,2.0 75,6.0 77,2.0 79,4.0 81,4.0 86,2.0 93,2.0 94,8.0 97,8.0 98,18.0 99,2.0 100,2.0 168,2.0 169,2.0 170,2.0 180,3.0 182,2.0 183,2.0 188,13.0 189,2.0 190,2.0 191,2.0 195,2.0 197,4.0 199,4.0 262,2.0 499,1.0 500,1.0 501,1.0 502,1.0 509,1.0 
94,2.0 
4,4.0 10,3.0 27,4.0 29,6.0 30,2.0 36,2.0 37,2.0 45,2.0 50,2.0 53,2.0 62,26.0 70,2.0 73,2.0 74,2.0 75,5.0 77,4.0 79,1.0 86,2.0 92,15.0 95,2.0 97,3.0 115,2.0 117,2.0 121,1.0 122,1.0 167,4.0 169,4.0 180,2.0 182,4.0 188,4.0 190,2.0 191,2.0 196,6.0 197,4.0 199,4.0 264,4.0 291,4.0 331,1.0 500,1.0 501,1.0 502,1.0 
4,2.0 7,8.0 8,2.0 10,2.0 40,1.0 49,1.0 62,2.0 63,1.0 73,3.0 74,3.0 75,1.0 79,4.0 92,1.0 96,2.0 97,2.0 108,2.0 110,2.0 118,1.0 119,1.0 143,1.0 171,1.0 199,1.0 210,1.0 260,1.0 261,1.0 264,1.0 298,1.0 416,1.0 
92,2.0 
0,14.0 4,4.0 7,4.0 10,7.0 27,1.0 29,14.0 31,1.0 36,1.0 40,1.0 41,1.0 42,2.0 51,1.0 53,1.0 58,1.0 59,1.0 62,8.0 67,1.0 75,8.0 77,1.0 80,1.0 81,1.0 82,1.0 83,1.0 92,10.0 94,3.0 95,2.0 97,6.0 98,8.0 99,10.0 100,5.0 104,3.0 105,2.0 106,1.0 107,7.0 108,7.0 109,6.0 110,6.0 111,2.0 112,4.0 117,2.0 128,2.0 135,2.0 139,1.0 142,5.0 167,1.0 169,2.0 181,1.0 182,2.0 203,1.0 229,1.0 262,1.0 263,17.0 264,1.0 295,1.0 299,1.0 329,1.0 330,1.0 386,1.0 406,1.0 417,1.0 418,1.0 427,1.0 428,1.0 499,1.0 500,1.0 501,1.0 502,1.0 503,1.0 504,1.0 505,1.0 506,1.0 534,8.0 548,2.0 549,2.0 550,4.0 551,2.0 
0,2.0 3,1.0 4,12.0 5,7.0 6,1.0 7,4.0 9,12.0 10,3.0 27,27.0 29,7.0 30,1.0 36,19.0 39,2.0 40,1.0 41,1.0 48,3.0 51,10.0 53,1.0 55,4.0 58,1.0 59,1.0 62,32.0 67,1.0 74,1.0 75,6.0 79,6.0 86,1.0 89,2.0 92,17.0 95,1.0 97,7.0 98,2.0 99,5.0 100,2.0 118,2.0 119,2.0 121,1.0 167,2.0 168,2.0 169,8.0 170,3.0 172,1.0 179,30.0 180,8.0 181,6.0 182,3.0 183,7.0 185,2.0 186,2.0 187,6.0 188,10.0 189,3.0 199,4.0 207,1.0 210,2.0 211,2.0 221,1.0 228,2.0 230,2.0 232,1.0 235,2.0 236,2.0 237,2.0 251,2.0 262,5.0 277,2.0 296,2.0 297,2.0 298,2.0 342,1.0 426,1.0 431,1.0 438,1.0 439,1.0 440,1.0 441,1.0 442,1.0 499,1.0 506,1.0 520,1.0 521,1.0 
0,9.0 4,2.0 5,1.0 6,4.0 7,2.0 10,2.0 11,2.0 12,2.0 13,2.0 14,1.0 29,3.0 31,1.0 36,1.0 40,3.0 41,1.0 51,3.0 54,1.0 58,1.0 59,1.0 62,4.0 66,2.0 67,3.0 68,2.0 75,2.0 78,1.0 92,2.0 97,18.0 98,5.0 99,2.0 100,2.0 104,7.0 105,2.0 106,6.0 107,6.0 108,8.0 109,5.0 110,6.0 111,4.0 112,4.0 116,2.0 117,2.0 135,2.0 142,6.0 167,2.0 171,6.0 182,1.0 187,2.0 221,1.0 263,8.0 299,12.0 462,1.0 506,1.0 
0,18.0 1,1.0 4,4.0 5,1.0 6,4.0 7,2.0 8,10.0 9,2.0 10,2.0 11,1.0 12,1.0 13,1.0 14,1.0 27,1.0 29,8.0 30,3.0 38,1.0 51,1.0 55,1.0 60,1.0 62,1.0 66,1.0 67,1.0 68,1.0 73,1.0 75,2.0 79,1.0 83,1.0 84,1.0 88,1.0 95,2.0 97,3.0 100,2.0 103,1.0 107,1.0 108,2.0 110,1.0 118,2.0 119,4.0 128,2.0 132,1.0 135,1.0 136,3.0 137,1.0 142,1.0 143,2.0 150,3.0 169,4.0 170,1.0 181,4.0 192,1.0 196,2.0 210,1.0 230,1.0 249,1.0 252,1.0 262,1.0 263,1.0 264,1.0 266,1.0 287,2.0 295,1.0 297,5.0 308,1.0 342,1.0 345,1.0 348,1.0 352,1.0 367,2.0 386,1.0 401,3.0 416,4.0 420,1.0 421,1.0 434,1.0 435,1.0 461,1.0 475,1.0 483,1.0 496,1.0 501,2.0 519,1.0 551,2.0 
8,3.0 9,2.0 10,2.0 64,2.0 84,3.0 102,2.0 210,1.0 288,1.0 482,1.0 489,1.0 
8,5.0 9,2.0 10,3.0 27,1.0 30,2.0 64,5.0 84,2.0 100,1.0 101,2.0 136,3.0 137,4.0 138,4.0 264,2.0 265,1.0 282,1.0 292,3.0 293,2.0 486,2.0 487,1.0 533,1.0 
8,3.0 9,3.0 10,2.0 27,1.0 38,3.0 48,1.0 51,1.0 53,1.0 76,1.0 82,1.0 84,3.0 104,2.0 105,2.0 106,2.0 110,1.0 118,1.0 122,1.0 131,1.0 137,1.0 146,1.0 148,1.0 210,1.0 211,1.0 213,1.0 214,1.0 253,1.0 286,1.0 297,1.0 343,1.0 352,1.0 365,1.0 386,1.0 474,1.0 475,1.0 
0,3.0 8,2.0 9,2.0 10,3.0 27,1.0 97,6.0 99,8.0 104,9.0 105,14.0 106,17.0 107,16.0 108,10.0 109,8.0 110,11.0 111,9.0 112,2.0 114,13.0 115,1.0 125,1.0 126,1.0 134,4.0 135,6.0 141,2.0 142,5.0 143,1.0 150,4.0 152,2.0 167,2.0 181,1.0 203,1.0 204,1.0 263,6.0 299,7.0 484,6.0 488,6.0 534,2.0 541,1.0 542,1.0 543,1.0 544,1.0 
0,5.0 8,2.0 9,2.0 10,2.0 99,2.0 104,13.0 105,3.0 106,15.0 107,8.0 108,8.0 109,6.0 111,11.0 125,1.0 134,2.0 135,2.0 139,5.0 143,1.0 145,1.0 167,3.0 203,1.0 299,6.0 
0,6.0 8,5.0 9,4.0 10,5.0 26,1.0 97,2.0 99,6.0 104,18.0 105,16.0 106,4.0 107,8.0 108,12.0 109,6.0 110,3.0 111,16.0 126,1.0 131,1.0 132,1.0 139,11.0 140,5.0 141,5.0 142,8.0 145,1.0 152,1.0 167,4.0 263,2.0 299,8.0 484,1.0 488,1.0 
0,6.0 10,1.0 27,1.0 36,2.0 62,2.0 97,11.0 99,5.0 100,4.0 104,7.0 106,3.0 107,2.0 108,21.0 109,18.0 110,6.0 111,6.0 112,11.0 113,2.0 114,2.0 115,2.0 131,2.0 134,2.0 135,7.0 136,1.0 139,2.0 140,6.0 141,7.0 142,15.0 146,1.0 148,1.0 150,6.0 151,4.0 152,7.0 167,1.0 169,1.0 229,1.0 263,8.0 299,1.0 484,12.0 485,2.0 488,9.0 534,4.0 550,1.0 
0,12.0 43,1.0 49,1.0 55,4.0 62,2.0 69,1.0 73,1.0 79,2.0 94,2.0 97,11.0 99,10.0 100,8.0 104,9.0 105,6.0 106,8.0 107,23.0 108,3.0 109,15.0 110,12.0 111,20.0 112,7.0 113,2.0 114,6.0 115,2.0 116,5.0 117,13.0 125,4.0 126,6.0 127,11.0 128,20.0 129,2.0 130,6.0 131,6.0 132,13.0 133,8.0 134,8.0 135,11.0 139,4.0 140,8.0 141,5.0 142,13.0 143,2.0 145,4.0 146,11.0 147,2.0 148,7.0 149,4.0 150,8.0 151,6.0 152,7.0 153,4.0 154,2.0 155,2.0 156,2.0 158,4.0 167,1.0 169,1.0 263,7.0 299,3.0 351,1.0 483,5.0 484,1.0 488,2.0 534,3.0 550,1.0 
0,8.0 51,4.0 75,2.0 97,9.0 99,7.0 100,2.0 104,3.0 107,16.0 108,15.0 109,1.0 110,4.0 111,2.0 112,11.0 113,2.0 114,2.0 115,2.0 119,2.0 131,1.0 132,1.0 141,7.0 142,6.0 146,2.0 148,2.0 152,4.0 160,2.0 167,1.0 263,5.0 299,1.0 484,6.0 485,2.0 488,3.0 534,2.0 550,1.0 
8,1.0 55,2.0 79,2.0 97,8.0 99,7.0 100,1.0 104,10.0 106,2.0 107,3.0 108,17.0 111,3.0 112,2.0 117,2.0 118,1.0 127,7.0 128,2.0 130,2.0 131,6.0 132,10.0 133,6.0 135,3.0 142,8.0 146,8.0 148,8.0 150,2.0 154,2.0 155,2.0 181,1.0 210,1.0 263,8.0 297,2.0 299,5.0 483,4.0 534,4.0 
0,6.0 8,2.0 99,4.0 104,9.0 105,12.0 106,16.0 107,4.0 108,22.0 110,5.0 111,4.0 112,2.0 117,4.0 118,2.0 119,2.0 125,4.0 126,3.0 128,10.0 130,2.0 132,2.0 134,4.0 139,6.0 140,4.0 142,6.0 145,7.0 146,6.0 147,2.0 148,2.0 149,4.0 150,4.0 151,4.0 152,4.0 153,4.0 167,4.0 299,8.0 
0,4.0 36,4.0 62,2.0 97,5.0 99,6.0 104,3.0 105,2.0 106,2.0 107,7.0 108,7.0 109,11.0 110,1.0 112,1.0 122,2.0 132,1.0 135,1.0 141,5.0 142,3.0 146,1.0 148,1.0 152,3.0 162,2.0 263,3.0 299,2.0 484,5.0 485,2.0 488,2.0 534,1.0 
108,2.0 114,2.0 115,2.0 116,2.0 117,2.0 
8,2.0 36,1.0 104,12.0 108,8.0 113,2.0 114,6.0 115,3.0 116,2.0 117,2.0 121,2.0 122,2.0 125,5.0 126,7.0 127,4.0 128,6.0 134,2.0 135,2.0 143,1.0 541,1.0 
7,2.0 95,2.0 104,1.0 108,2.0 113,2.0 114,2.0 116,2.0 117,4.0 541,1.0 542,1.0 543,1.0 544,1.0 
0,2.0 4,2.0 5,4.0 9,2.0 58,2.0 76,1.0 80,1.0 81,1.0 99,2.0 100,2.0 108,5.0 116,1.0 117,5.0 128,3.0 132,1.0 135,3.0 161,3.0 216,1.0 228,2.0 299,2.0 483,2.0 492,1.0 
0,4.0 7,4.0 26,2.0 62,2.0 94,2.0 95,2.0 97,2.0 99,2.0 100,2.0 108,13.0 110,2.0 111,2.0 115,2.0 116,5.0 117,3.0 128,14.0 135,9.0 140,2.0 146,2.0 151,2.0 152,2.0 153,2.0 154,2.0 155,2.0 156,2.0 157,2.0 167,2.0 263,2.0 299,2.0 551,6.0 
1,1.0 4,2.0 5,6.0 7,1.0 8,25.0 9,1.0 10,1.0 18,1.0 19,1.0 21,1.0 25,1.0 27,3.0 32,1.0 36,1.0 39,2.0 46,4.0 51,4.0 55,3.0 62,7.0 70,3.0 71,4.0 75,1.0 79,2.0 84,2.0 92,1.0 97,1.0 98,2.0 103,2.0 108,3.0 110,1.0 111,2.0 118,6.0 119,19.0 120,4.0 121,5.0 122,2.0 125,2.0 127,1.0 128,2.0 131,1.0 132,1.0 133,1.0 143,5.0 145,2.0 146,3.0 148,1.0 159,2.0 165,2.0 170,1.0 172,1.0 179,4.0 180,1.0 183,2.0 188,4.0 193,2.0 203,2.0 204,5.0 206,1.0 210,4.0 213,1.0 230,1.0 256,1.0 262,4.0 286,34.0 287,36.0 289,4.0 290,2.0 297,4.0 300,1.0 301,1.0 328,1.0 336,1.0 340,1.0 341,1.0 354,4.0 357,1.0 362,2.0 364,1.0 365,1.0 368,1.0 393,1.0 401,2.0 409,1.0 410,2.0 437,1.0 
4,1.0 5,2.0 6,5.0 7,2.0 8,32.0 9,11.0 26,2.0 29,1.0 30,3.0 36,4.0 37,7.0 40,1.0 42,1.0 45,1.0 46,4.0 51,11.0 52,1.0 55,6.0 57,2.0 58,3.0 63,2.0 66,1.0 68,1.0 69,3.0 71,4.0 74,3.0 75,4.0 76,6.0 77,1.0 79,1.0 83,1.0 84,4.0 90,1.0 108,2.0 111,2.0 116,2.0 118,20.0 119,8.0 120,6.0 121,3.0 122,9.0 125,2.0 128,2.0 143,17.0 144,2.0 145,2.0 146,2.0 161,2.0 168,1.0 170,3.0 171,1.0 182,3.0 183,1.0 184,1.0 192,4.0 193,2.0 195,2.0 204,4.0 206,1.0 211,1.0 216,2.0 217,1.0 272,1.0 312,2.0 331,1.0 340,2.0 341,1.0 354,1.0 364,1.0 373,2.0 393,1.0 414,1.0 422,1.0 448,1.0 
8,8.0 38,1.0 39,3.0 46,5.0 64,3.0 71,9.0 80,3.0 84,4.0 111,2.0 118,4.0 119,6.0 124,8.0 125,2.0 143,4.0 144,6.0 145,2.0 217,1.0 225,1.0 229,2.0 265,2.0 271,8.0 278,1.0 447,1.0 
4,1.0 5,3.0 6,2.0 7,1.0 8,8.0 10,1.0 26,4.0 27,1.0 29,1.0 37,1.0 42,1.0 46,2.0 49,1.0 52,3.0 53,2.0 55,3.0 57,1.0 61,1.0 62,2.0 63,1.0 66,1.0 68,1.0 76,1.0 79,1.0 95,1.0 98,2.0 103,1.0 108,2.0 114,2.0 118,4.0 119,2.0 121,2.0 122,8.0 123,2.0 124,2.0 125,2.0 126,2.0 127,2.0 128,2.0 143,1.0 170,1.0 171,1.0 179,2.0 183,1.0 203,2.0 259,1.0 279,1.0 285,1.0 298,1.0 331,2.0 332,1.0 333,1.0 340,2.0 348,2.0 354,1.0 359,1.0 360,1.0 361,1.0 362,1.0 363,1.0 366,1.0 367,1.0 377,1.0 394,1.0 401,2.0 407,1.0 414,2.0 415,1.0 422,1.0 433,1.0 443,1.0 545,1.0 
4,1.0 5,5.0 6,2.0 7,2.0 8,8.0 9,5.0 10,1.0 26,6.0 30,4.0 36,8.0 37,1.0 40,1.0 41,1.0 44,2.0 45,1.0 46,2.0 50,1.0 51,1.0 52,1.0 55,1.0 58,2.0 62,4.0 68,1.0 69,3.0 74,3.0 76,1.0 77,2.0 82,1.0 85,1.0 106,1.0 108,2.0 114,2.0 119,5.0 121,8.0 122,2.0 123,2.0 124,2.0 125,2.0 126,2.0 127,2.0 128,2.0 136,1.0 139,1.0 140,1.0 143,1.0 157,2.0 163,2.0 180,3.0 182,3.0 184,1.0 199,2.0 203,2.0 204,2.0 206,4.0 215,1.0 295,1.0 340,1.0 352,1.0 353,1.0 358,2.0 361,1.0 363,1.0 373,1.0 374,1.0 383,1.0 474,1.0 
8,2.0 46,3.0 114,2.0 121,2.0 122,2.0 124,2.0 125,2.0 126,2.0 137,1.0 170,1.0 179,1.0 230,1.0 343,3.0 352,3.0 354,1.0 357,1.0 362,1.0 365,1.0 368,2.0 369,1.0 376,1.0 381,1.0 382,2.0 396,1.0 401,1.0 
8,2.0 46,2.0 71,4.0 114,2.0 118,4.0 120,8.0 121,2.0 122,2.0 123,2.0 125,2.0 126,2.0 271,8.0 
8,4.0 36,1.0 104,1.0 105,1.0 108,8.0 111,4.0 114,5.0 118,2.0 119,2.0 121,2.0 122,2.0 126,5.0 127,4.0 128,8.0 143,2.0 145,4.0 146,4.0 203,1.0 
0,1.0 8,2.0 36,1.0 104,2.0 105,1.0 106,2.0 108,8.0 111,4.0 114,7.0 117,2.0 121,2.0 122,2.0 125,5.0 127,4.0 128,8.0 134,2.0 135,2.0 143,1.0 145,2.0 146,2.0 153,2.0 167,1.0 
0,2.0 6,4.0 29,2.0 30,2.0 100,2.0 107,1.0 108,11.0 110,5.0 128,4.0 129,2.0 130,4.0 131,6.0 132,6.0 133,6.0 146,7.0 148,4.0 150,1.0 159,2.0 263,1.0 299,1.0 483,2.0 488,1.0 
0,4.0 4,2.0 5,2.0 58,1.0 62,2.0 81,1.0 94,2.0 97,2.0 100,4.0 104,2.0 105,2.0 106,4.0 108,20.0 110,2.0 111,8.0 116,3.0 117,14.0 126,2.0 127,4.0 128,3.0 129,2.0 130,4.0 131,2.0 132,1.0 135,8.0 139,2.0 140,2.0 145,2.0 146,6.0 147,2.0 150,5.0 151,2.0 152,2.0 153,4.0 154,2.0 155,2.0 156,2.0 167,2.0 169,2.0 216,1.0 228,1.0 263,2.0 345,2.0 358,1.0 366,2.0 483,1.0 551,9.0 
108,2.0 130,2.0 131,2.0 132,2.0 133,2.0 
42,1.0 67,1.0 108,6.0 110,2.0 111,2.0 127,1.0 129,2.0 131,4.0 132,6.0 133,2.0 135,1.0 146,2.0 147,2.0 148,4.0 171,1.0 
8,1.0 74,2.0 106,1.0 108,8.0 110,6.0 118,1.0 127,5.0 129,2.0 130,4.0 132,9.0 133,6.0 135,1.0 141,1.0 142,1.0 146,6.0 148,6.0 152,1.0 210,1.0 214,2.0 297,1.0 484,1.0 488,1.0 
69,1.0 70,1.0 91,1.0 100,1.0 104,1.0 107,1.0 108,15.0 110,8.0 111,2.0 114,2.0 126,2.0 127,7.0 130,2.0 131,3.0 132,1.0 133,8.0 134,4.0 135,4.0 141,2.0 142,1.0 146,6.0 148,8.0 149,2.0 150,5.0 152,1.0 158,1.0 181,1.0 211,1.0 216,1.0 228,1.0 297,1.0 483,6.0 484,2.0 485,1.0 488,2.0 
107,1.0 108,8.0 110,4.0 114,2.0 126,2.0 127,6.0 130,2.0 131,3.0 132,7.0 134,2.0 146,4.0 148,2.0 150,1.0 263,1.0 299,1.0 483,2.0 488,1.0 
104,4.0 105,2.0 107,6.0 108,8.0 111,4.0 114,2.0 126,2.0 128,4.0 135,6.0 149,4.0 150,6.0 484,2.0 488,2.0 
0,2.0 58,2.0 72,1.0 76,1.0 81,1.0 97,2.0 99,2.0 104,6.0 105,2.0 106,5.0 107,7.0 108,11.0 110,1.0 112,1.0 116,5.0 117,9.0 128,9.0 131,1.0 132,3.0 134,2.0 135,3.0 139,2.0 140,2.0 142,1.0 148,1.0 150,7.0 152,2.0 158,1.0 161,1.0 167,2.0 207,1.0 214,2.0 263,3.0 299,3.0 483,3.0 484,6.0 488,5.0 491,1.0 551,6.0 
2,1.0 3,1.0 6,3.0 8,10.0 9,3.0 10,16.0 27,10.0 30,8.0 45,1.0 48,1.0 51,1.0 64,1.0 68,1.0 80,1.0 82,2.0 100,1.0 102,3.0 107,1.0 109,1.0 112,1.0 122,1.0 136,5.0 137,2.0 138,3.0 141,1.0 142,1.0 152,1.0 172,1.0 192,2.0 193,1.0 204,6.0 211,1.0 227,1.0 229,5.0 247,1.0 264,1.0 265,1.0 286,1.0 337,1.0 338,1.0 339,1.0 343,1.0 344,1.0 345,2.0 352,3.0 358,1.0 383,1.0 386,1.0 395,1.0 396,1.0 409,1.0 484,1.0 486,1.0 487,1.0 488,1.0 
8,5.0 9,2.0 10,2.0 27,1.0 30,2.0 32,1.0 38,4.0 44,2.0 64,3.0 77,2.0 84,2.0 100,1.0 102,4.0 103,1.0 106,2.0 123,1.0 136,2.0 138,3.0 139,2.0 140,2.0 282,1.0 332,1.0 343,1.0 352,1.0 354,1.0 357,1.0 382,1.0 396,1.0 401,1.0 
8,3.0 10,1.0 27,1.0 30,2.0 42,1.0 64,1.0 77,1.0 102,4.0 136,3.0 137,3.0 265,1.0 486,1.0 487,1.0 
0,2.0 8,3.0 9,2.0 10,2.0 26,1.0 105,4.0 106,10.0 107,2.0 108,6.0 111,5.0 139,1.0 140,5.0 141,4.0 142,6.0 167,1.0 299,2.0 
8,3.0 9,2.0 10,2.0 26,1.0 106,5.0 108,10.0 111,4.0 117,2.0 128,2.0 139,5.0 141,4.0 142,8.0 151,6.0 152,6.0 
43,1.0 69,3.0 72,1.0 91,2.0 104,3.0 105,2.0 107,5.0 108,4.0 109,7.0 110,2.0 112,5.0 114,2.0 125,2.0 126,2.0 131,1.0 132,2.0 134,2.0 135,2.0 141,1.0 142,9.0 146,2.0 148,2.0 150,1.0 152,6.0 207,1.0 214,2.0 263,1.0 299,1.0 351,1.0 484,7.0 485,2.0 488,3.0 491,1.0 
10,1.0 27,2.0 51,2.0 69,1.0 75,2.0 91,1.0 97,8.0 99,5.0 100,2.0 104,7.0 105,2.0 106,1.0 107,16.0 108,12.0 109,9.0 110,8.0 111,6.0 112,5.0 114,2.0 125,4.0 126,2.0 132,1.0 134,4.0 136,1.0 140,2.0 141,13.0 145,2.0 149,2.0 151,2.0 152,12.0 169,1.0 181,1.0 204,1.0 229,1.0 263,8.0 299,3.0 484,8.0 485,2.0 488,5.0 534,4.0 
4,5.0 5,6.0 6,6.0 7,2.0 8,10.0 9,4.0 26,8.0 30,8.0 36,15.0 37,5.0 40,2.0 41,2.0 42,1.0 44,1.0 45,2.0 48,4.0 49,1.0 51,11.0 52,1.0 55,14.0 57,1.0 58,2.0 61,1.0 62,4.0 63,11.0 65,5.0 66,4.0 73,1.0 75,3.0 76,4.0 77,2.0 79,5.0 81,1.0 84,3.0 87,3.0 89,2.0 90,1.0 92,2.0 97,1.0 98,1.0 114,1.0 118,8.0 119,19.0 120,2.0 121,2.0 122,1.0 125,1.0 126,1.0 127,2.0 143,4.0 144,2.0 159,4.0 165,2.0 168,1.0 170,2.0 179,4.0 182,9.0 193,12.0 194,2.0 195,1.0 197,2.0 202,1.0 203,16.0 204,3.0 206,5.0 211,2.0 216,3.0 221,2.0 229,1.0 286,6.0 291,2.0 296,1.0 297,1.0 308,1.0 312,1.0 331,3.0 340,1.0 341,1.0 373,1.0 376,1.0 386,2.0 406,1.0 407,1.0 421,1.0 434,1.0 435,1.0 496,1.0 
8,4.0 64,2.0 84,2.0 119,2.0 120,6.0 143,2.0 229,2.0 265,2.0 
0,1.0 8,2.0 105,2.0 106,2.0 108,6.0 111,8.0 117,2.0 118,2.0 119,2.0 125,4.0 126,2.0 128,6.0 139,1.0 146,6.0 153,2.0 167,1.0 
6,2.0 8,1.0 29,2.0 108,14.0 110,8.0 111,4.0 117,2.0 118,1.0 126,2.0 127,9.0 128,6.0 130,4.0 131,6.0 132,8.0 133,6.0 135,1.0 140,2.0 145,2.0 147,2.0 148,8.0 151,2.0 153,2.0 210,1.0 297,1.0 483,2.0 
108,2.0 111,2.0 130,2.0 132,2.0 148,2.0 
8,1.0 104,1.0 108,10.0 110,7.0 111,2.0 118,1.0 127,7.0 131,5.0 132,10.0 133,6.0 134,2.0 135,1.0 146,7.0 148,1.0 149,2.0 150,1.0 210,1.0 297,1.0 483,2.0 488,1.0 
107,2.0 108,4.0 111,4.0 128,2.0 134,4.0 150,4.0 
58,1.0 81,1.0 100,3.0 104,4.0 106,2.0 107,7.0 108,7.0 110,2.0 111,4.0 112,1.0 116,1.0 128,6.0 132,3.0 134,2.0 135,9.0 139,2.0 140,2.0 150,1.0 151,2.0 158,1.0 169,2.0 181,1.0 207,1.0 214,1.0 297,1.0 483,3.0 484,5.0 488,5.0 551,3.0 
108,6.0 111,4.0 117,2.0 128,2.0 140,6.0 142,4.0 152,6.0 
10,1.0 27,2.0 69,1.0 91,1.0 104,2.0 106,1.0 107,7.0 108,6.0 109,7.0 111,6.0 112,5.0 117,2.0 125,2.0 128,2.0 131,1.0 132,1.0 134,2.0 135,1.0 136,1.0 141,9.0 142,12.0 145,2.0 149,2.0 150,1.0 153,2.0 181,1.0 204,1.0 207,1.0 214,1.0 229,1.0 484,8.0 485,2.0 488,6.0 
108,4.0 110,2.0 111,4.0 117,4.0 126,2.0 128,4.0 145,2.0 146,2.0 
108,2.0 117,2.0 128,2.0 155,2.0 156,2.0 
108,2.0 117,2.0 128,2.0 154,2.0 156,2.0 
62,2.0 94,2.0 108,2.0 117,2.0 128,2.0 
7,2.0 8,2.0 26,4.0 117,2.0 163,2.0 
43,2.0 49,2.0 55,2.0 69,1.0 73,1.0 83,1.0 108,3.0 110,1.0 118,2.0 132,1.0 135,1.0 141,1.0 143,4.0 150,1.0 164,3.0 227,1.0 351,2.0 470,1.0 483,1.0 494,1.0 
6,2.0 10,2.0 30,4.0 127,2.0 165,2.0 
41,2.0 51,2.0 109,2.0 119,2.0 166,2.0 
5,2.0 9,2.0 52,1.0 56,1.0 58,1.0 76,2.0 80,2.0 116,3.0 228,1.0 483,1.0 492,2.0 
36,2.0 112,2.0 122,2.0 
8,2.0 26,2.0 157,2.0 
43,1.0 49,1.0 83,1.0 118,2.0 143,2.0 158,3.0 227,1.0 351,1.0 494,1.0 
10,2.0 30,2.0 159,2.0 
41,2.0 160,2.0 
0,8.0 11,2.0 12,2.0 13,2.0 14,1.0 31,1.0 42,2.0 62,4.0 92,2.0 94,4.0 98,5.0 104,3.0 105,5.0 106,6.0 107,1.0 108,1.0 109,1.0 111,6.0 117,2.0 126,1.0 128,2.0 135,2.0 139,2.0 145,1.0 169,4.0 199,4.0 299,1.0 551,2.0 
37,1.0 42,2.0 51,5.0 55,3.0 57,1.0 58,1.0 62,12.0 75,6.0 76,1.0 79,2.0 90,1.0 92,2.0 98,3.0 119,1.0 143,1.0 170,5.0 199,2.0 342,4.0 501,2.0 
4,5.0 5,1.0 29,2.0 36,2.0 42,2.0 51,1.0 62,3.0 92,5.0 98,2.0 100,6.0 107,1.0 108,1.0 128,2.0 142,1.0 150,2.0 168,2.0 193,2.0 194,1.0 196,2.0 197,4.0 199,4.0 263,1.0 287,1.0 291,2.0 294,2.0 300,2.0 301,2.0 302,2.0 303,2.0 551,2.0 
4,1.0 7,1.0 9,1.0 26,1.0 27,1.0 29,1.0 36,1.0 37,2.0 40,2.0 41,1.0 42,2.0 45,1.0 48,1.0 49,1.0 51,4.0 57,1.0 58,1.0 60,1.0 62,1.0 63,2.0 64,1.0 65,1.0 74,2.0 76,1.0 79,4.0 84,1.0 87,2.0 89,2.0 90,1.0 94,2.0 98,3.0 118,1.0 119,2.0 121,1.0 122,2.0 137,1.0 143,3.0 158,1.0 168,1.0 196,1.0 199,2.0 208,2.0 210,2.0 230,2.0 287,4.0 289,2.0 296,2.0 331,2.0 345,1.0 347,1.0 349,1.0 354,1.0 356,1.0 361,1.0 364,1.0 366,1.0 386,2.0 387,1.0 393,1.0 407,1.0 414,1.0 415,1.0 496,1.0 
0,3.0 9,1.0 10,6.0 30,1.0 40,1.0 41,2.0 42,3.0 45,1.0 52,2.0 53,2.0 60,2.0 61,2.0 67,3.0 68,4.0 73,1.0 74,4.0 75,2.0 79,3.0 82,1.0 83,2.0 100,2.0 130,1.0 138,1.0 211,1.0 363,1.0 416,1.0 509,1.0 510,1.0 541,1.0 544,1.0 550,1.0 552,1.0 
1,3.0 2,3.0 3,5.0 4,2.0 5,4.0 6,3.0 7,3.0 9,1.0 26,1.0 27,4.0 28,1.0 30,1.0 51,1.0 54,1.0 55,1.0 97,1.0 98,1.0 100,1.0 143,1.0 182,1.0 202,2.0 210,1.0 229,1.0 230,1.0 262,5.0 264,1.0 295,1.0 346,1.0 395,1.0 409,1.0 410,1.0 431,3.0 432,1.0 433,1.0 437,1.0 443,1.0 
6,1.0 8,1.0 9,1.0 53,2.0 74,2.0 77,2.0 312,1.0 508,1.0 
4,3.0 5,3.0 9,3.0 19,9.0 24,9.0 25,8.0 27,2.0 98,2.0 174,3.0 175,6.0 176,9.0 177,6.0 178,6.0 179,3.0 180,2.0 181,3.0 193,1.0 204,1.0 454,3.0 497,3.0 498,1.0 
4,2.0 5,2.0 9,2.0 19,6.0 24,6.0 25,6.0 27,2.0 98,2.0 174,6.0 175,2.0 176,6.0 177,6.0 178,6.0 179,2.0 180,2.0 181,2.0 
4,3.0 5,3.0 9,3.0 19,9.0 24,9.0 25,8.0 27,2.0 98,2.0 174,9.0 175,6.0 176,3.0 177,6.0 178,6.0 179,3.0 180,2.0 181,3.0 193,1.0 204,1.0 454,3.0 497,3.0 498,1.0 
4,2.0 5,2.0 9,2.0 19,6.0 24,6.0 25,6.0 27,2.0 98,2.0 174,6.0 175,6.0 176,6.0 177,2.0 178,6.0 179,2.0 180,2.0 181,2.0 
4,2.0 5,2.0 9,2.0 19,6.0 24,6.0 25,6.0 27,2.0 98,2.0 174,6.0 175,6.0 176,6.0 177,6.0 178,2.0 179,2.0 180,2.0 181,2.0 
3,3.0 4,12.0 5,17.0 6,5.0 7,4.0 9,10.0 26,2.0 27,25.0 36,8.0 48,3.0 49,1.0 51,4.0 55,6.0 58,1.0 62,8.0 73,1.0 74,1.0 79,2.0 83,2.0 98,17.0 119,4.0 172,1.0 179,3.0 180,6.0 181,10.0 182,14.0 183,4.0 184,4.0 185,6.0 186,2.0 187,4.0 188,6.0 189,1.0 192,2.0 193,10.0 203,2.0 204,4.0 211,3.0 214,1.0 221,1.0 229,3.0 230,1.0 231,2.0 232,2.0 233,2.0 244,2.0 245,2.0 246,2.0 250,1.0 262,4.0 263,5.0 272,1.0 277,2.0 280,1.0 299,2.0 431,1.0 438,1.0 439,1.0 440,1.0 441,1.0 442,1.0 445,1.0 522,1.0 
4,7.0 5,7.0 7,1.0 8,3.0 9,6.0 26,1.0 27,8.0 36,1.0 42,1.0 47,2.0 48,2.0 55,4.0 62,1.0 68,2.0 76,1.0 92,2.0 98,8.0 119,1.0 136,1.0 179,6.0 180,2.0 181,6.0 182,4.0 195,2.0 203,2.0 204,1.0 211,2.0 228,2.0 286,2.0 287,2.0 386,1.0 
4,8.0 5,10.0 6,1.0 8,4.0 9,11.0 10,4.0 27,15.0 36,2.0 48,1.0 64,1.0 74,1.0 84,1.0 98,8.0 100,5.0 104,2.0 106,1.0 107,1.0 108,1.0 109,1.0 110,1.0 118,2.0 132,1.0 135,1.0 141,1.0 142,1.0 143,2.0 150,1.0 152,1.0 179,10.0 180,6.0 181,9.0 193,6.0 194,2.0 195,1.0 203,2.0 204,13.0 211,1.0 214,1.0 216,1.0 229,1.0 248,1.0 249,1.0 252,2.0 265,1.0 281,1.0 286,2.0 287,2.0 289,2.0 290,2.0 293,1.0 297,9.0 385,1.0 448,1.0 475,1.0 481,2.0 482,1.0 483,1.0 484,1.0 488,1.0 490,1.0 496,1.0 546,1.0 547,1.0 
3,9.0 4,1.0 5,20.0 6,3.0 7,1.0 9,3.0 26,4.0 27,15.0 30,4.0 36,13.0 39,2.0 40,3.0 41,3.0 42,2.0 48,1.0 49,1.0 51,1.0 53,1.0 54,2.0 55,5.0 58,1.0 59,1.0 62,2.0 63,2.0 67,1.0 68,2.0 77,1.0 79,2.0 86,1.0 87,2.0 92,2.0 97,1.0 98,8.0 99,1.0 119,2.0 121,1.0 122,5.0 143,5.0 167,5.0 179,10.0 181,4.0 183,21.0 184,4.0 185,6.0 186,2.0 193,2.0 194,2.0 195,1.0 196,2.0 199,2.0 203,6.0 206,2.0 211,2.0 214,4.0 215,2.0 230,1.0 262,1.0 296,1.0 297,1.0 425,1.0 440,1.0 443,1.0 444,1.0 473,1.0 476,1.0 506,1.0 507,1.0 512,2.0 513,2.0 514,2.0 515,1.0 516,1.0 517,1.0 
3,9.0 4,1.0 5,12.0 7,1.0 9,2.0 26,1.0 27,8.0 30,4.0 36,2.0 40,2.0 41,2.0 48,2.0 49,3.0 55,4.0 73,1.0 103,1.0 119,2.0 143,4.0 171,1.0 179,2.0 180,2.0 182,11.0 188,2.0 192,1.0 193,1.0 197,2.0 202,2.0 203,1.0 211,1.0 214,1.0 228,1.0 231,4.0 232,4.0 233,4.0 249,1.0 280,1.0 299,2.0 377,1.0 425,1.0 440,1.0 443,1.0 444,1.0 448,1.0 475,1.0 
5,4.0 6,1.0 27,4.0 36,5.0 51,2.0 119,1.0 121,1.0 122,1.0 143,1.0 170,1.0 179,4.0 182,4.0 185,4.0 340,2.0 341,1.0 377,1.0 
5,4.0 27,6.0 36,6.0 98,2.0 179,6.0 182,6.0 184,4.0 186,2.0 
3,1.0 4,1.0 5,1.0 9,1.0 27,2.0 36,2.0 98,2.0 179,3.0 181,1.0 182,2.0 185,2.0 193,1.0 204,1.0 409,1.0 
27,4.0 36,2.0 51,2.0 62,6.0 75,2.0 97,1.0 98,6.0 99,1.0 179,4.0 188,2.0 
9,6.0 27,14.0 29,1.0 53,2.0 56,1.0 62,16.0 70,2.0 73,1.0 75,4.0 79,4.0 80,1.0 86,2.0 89,4.0 92,8.0 94,4.0 98,10.0 179,8.0 181,4.0 182,2.0 187,2.0 191,2.0 211,2.0 214,1.0 262,6.0 263,2.0 
4,1.0 27,2.0 62,2.0 92,2.0 98,3.0 179,1.0 221,1.0 431,1.0 438,1.0 439,1.0 440,1.0 441,1.0 442,1.0 
27,2.0 62,2.0 92,2.0 94,2.0 
26,1.0 27,2.0 49,1.0 55,1.0 62,2.0 76,1.0 92,2.0 94,2.0 121,1.0 143,2.0 188,2.0 312,1.0 331,1.0 341,2.0 342,1.0 376,1.0 473,1.0 
0,1.0 2,1.0 3,1.0 4,1.0 5,3.0 6,10.0 7,1.0 8,1.0 9,5.0 10,2.0 26,1.0 27,1.0 29,4.0 30,4.0 39,1.0 40,2.0 44,1.0 45,1.0 48,2.0 55,7.0 58,2.0 68,3.0 70,3.0 75,1.0 80,2.0 81,1.0 88,1.0 98,4.0 100,2.0 119,1.0 136,2.0 172,1.0 193,9.0 203,2.0 204,1.0 212,1.0 228,2.0 229,1.0 230,4.0 241,1.0 248,2.0 254,2.0 272,1.0 286,1.0 295,1.0 344,1.0 345,1.0 365,1.0 373,3.0 386,1.0 395,1.0 409,1.0 477,3.0 480,1.0 
2,1.0 3,4.0 4,19.0 5,27.0 6,5.0 7,1.0 9,10.0 10,1.0 27,7.0 29,2.0 30,2.0 36,4.0 38,1.0 44,1.0 48,1.0 51,1.0 54,1.0 55,12.0 62,4.0 68,1.0 70,2.0 72,1.0 74,1.0 79,6.0 94,2.0 98,6.0 118,10.0 136,1.0 137,1.0 143,2.0 172,1.0 179,6.0 181,4.0 188,2.0 192,9.0 193,1.0 197,6.0 199,7.0 202,1.0 203,7.0 204,5.0 211,1.0 213,1.0 214,1.0 220,2.0 225,1.0 228,1.0 229,5.0 247,1.0 249,1.0 262,4.0 264,10.0 291,2.0 294,4.0 295,4.0 373,9.0 395,1.0 409,4.0 477,4.0 523,1.0 
4,2.0 5,2.0 6,1.0 7,2.0 26,2.0 36,4.0 41,2.0 53,2.0 72,2.0 75,1.0 86,2.0 143,1.0 179,3.0 181,1.0 202,1.0 203,1.0 213,1.0 238,2.0 239,1.0 280,1.0 296,3.0 332,2.0 369,1.0 398,1.0 437,1.0 448,1.0 479,1.0 
3,1.0 7,1.0 8,6.0 28,1.0 48,2.0 54,1.0 63,2.0 68,2.0 73,2.0 80,2.0 84,1.0 87,2.0 94,2.0 101,1.0 120,3.0 136,1.0 180,2.0 181,1.0 195,1.0 204,1.0 206,4.0 210,3.0 211,2.0 216,5.0 225,2.0 230,1.0 263,1.0 288,1.0 298,1.0 358,1.0 364,1.0 369,1.0 382,1.0 443,1.0 456,1.0 482,1.0 496,1.0 
0,1.0 4,9.0 29,7.0 47,2.0 50,2.0 77,2.0 79,2.0 94,2.0 100,1.0 197,4.0 198,2.0 203,6.0 229,2.0 243,4.0 264,4.0 291,4.0 416,1.0 496,2.0 
4,8.0 5,2.0 27,2.0 29,4.0 37,2.0 45,2.0 70,2.0 77,4.0 79,4.0 92,2.0 94,6.0 143,6.0 193,10.0 196,2.0 199,4.0 203,2.0 204,2.0 221,2.0 264,4.0 291,4.0 294,4.0 295,4.0 
47,2.0 94,2.0 501,1.0 
4,14.0 6,2.0 29,6.0 36,10.0 44,3.0 55,2.0 56,2.0 62,17.0 63,6.0 67,2.0 68,1.0 73,1.0 75,4.0 77,2.0 79,6.0 87,2.0 88,2.0 89,2.0 92,4.0 94,6.0 95,1.0 98,4.0 118,1.0 122,4.0 167,4.0 168,2.0 169,4.0 170,2.0 193,4.0 197,4.0 199,2.0 200,2.0 202,5.0 206,4.0 210,1.0 264,1.0 294,4.0 295,4.0 296,2.0 297,2.0 
201,2.0 
36,2.0 
4,2.0 5,4.0 6,1.0 7,1.0 9,2.0 26,6.0 29,1.0 36,2.0 37,4.0 40,1.0 41,1.0 44,2.0 50,2.0 51,5.0 55,4.0 59,1.0 62,6.0 82,1.0 94,2.0 98,4.0 122,4.0 143,3.0 172,1.0 192,2.0 193,1.0 194,1.0 199,6.0 202,1.0 203,4.0 217,1.0 230,2.0 240,4.0 268,1.0 272,1.0 280,1.0 286,1.0 298,1.0 308,1.0 346,1.0 373,1.0 400,1.0 421,1.0 431,1.0 432,1.0 433,1.0 434,1.0 435,1.0 455,1.0 460,1.0 
4,3.0 5,18.0 6,3.0 7,1.0 9,3.0 26,16.0 27,2.0 30,2.0 36,2.0 37,2.0 38,1.0 42,1.0 46,1.0 51,5.0 55,9.0 64,1.0 77,2.0 79,4.0 94,4.0 98,6.0 104,1.0 105,1.0 118,2.0 120,1.0 125,1.0 143,19.0 179,4.0 181,1.0 182,2.0 193,7.0 197,6.0 199,2.0 203,3.0 204,5.0 213,2.0 214,1.0 221,2.0 229,1.0 230,5.0 238,2.0 239,2.0 272,1.0 274,1.0 278,1.0 281,2.0 332,1.0 373,1.0 406,2.0 407,1.0 417,1.0 418,1.0 427,1.0 428,1.0 496,2.0 
2,1.0 3,1.0 4,2.0 5,5.0 6,2.0 8,2.0 9,12.0 10,4.0 27,11.0 36,2.0 48,2.0 63,2.0 64,2.0 68,2.0 69,2.0 74,3.0 79,4.0 102,1.0 104,1.0 107,1.0 109,1.0 118,3.0 119,2.0 136,6.0 137,2.0 138,1.0 141,1.0 142,1.0 143,2.0 152,1.0 172,1.0 179,4.0 181,13.0 182,2.0 184,1.0 192,2.0 193,11.0 195,2.0 203,4.0 204,5.0 211,2.0 214,1.0 216,2.0 229,1.0 248,1.0 252,1.0 265,2.0 286,6.0 287,2.0 293,1.0 340,1.0 341,1.0 377,1.0 395,1.0 409,2.0 410,1.0 481,1.0 484,1.0 486,1.0 488,1.0 490,1.0 
55,2.0 
1,1.0 3,1.0 7,1.0 8,1.0 9,2.0 27,1.0 28,1.0 30,2.0 44,2.0 54,1.0 55,1.0 58,1.0 62,2.0 63,2.0 65,2.0 66,2.0 73,2.0 75,1.0 77,2.0 84,1.0 87,4.0 89,1.0 118,1.0 119,1.0 120,3.0 122,4.0 143,4.0 172,1.0 182,1.0 183,1.0 195,5.0 199,2.0 202,2.0 216,1.0 217,1.0 230,1.0 269,1.0 286,4.0 296,1.0 297,1.0 410,1.0 437,1.0 443,1.0 446,1.0 448,1.0 456,1.0 
48,2.0 53,1.0 58,1.0 67,2.0 74,3.0 81,1.0 86,1.0 116,1.0 128,1.0 135,1.0 150,1.0 170,2.0 192,1.0 193,1.0 214,1.0 275,1.0 281,1.0 426,1.0 
4,1.0 36,1.0 44,2.0 50,2.0 53,2.0 63,3.0 74,2.0 75,1.0 76,1.0 89,2.0 118,1.0 119,1.0 170,1.0 199,2.0 209,3.0 211,1.0 267,1.0 348,1.0 
4,1.0 5,2.0 6,1.0 30,1.0 50,4.0 52,2.0 60,1.0 63,1.0 75,1.0 82,1.0 97,1.0 170,2.0 208,1.0 210,2.0 211,1.0 259,1.0 373,1.0 
5,1.0 8,9.0 36,1.0 55,1.0 62,3.0 84,1.0 95,1.0 98,2.0 100,1.0 101,1.0 103,1.0 108,1.0 110,1.0 118,5.0 122,2.0 127,1.0 131,1.0 132,1.0 133,1.0 146,1.0 148,1.0 170,2.0 188,2.0 195,3.0 199,1.0 210,3.0 213,1.0 262,3.0 264,2.0 286,3.0 287,6.0 288,1.0 289,2.0 290,2.0 297,5.0 308,1.0 343,1.0 360,1.0 365,1.0 372,1.0 421,1.0 434,1.0 435,1.0 458,1.0 459,1.0 482,1.0 489,1.0 
4,1.0 5,2.0 6,1.0 9,1.0 29,1.0 30,1.0 37,2.0 39,2.0 43,1.0 44,1.0 47,1.0 48,5.0 49,1.0 50,2.0 53,2.0 55,2.0 57,4.0 62,4.0 63,9.0 67,2.0 68,3.0 70,3.0 72,2.0 73,1.0 74,8.0 75,1.0 76,2.0 77,1.0 79,1.0 86,2.0 87,2.0 89,6.0 90,4.0 108,1.0 136,2.0 138,1.0 158,1.0 171,1.0 199,4.0 203,2.0 204,2.0 212,2.0 213,2.0 214,3.0 216,2.0 219,2.0 227,1.0 230,1.0 484,1.0 485,1.0 
40,1.0 55,1.0 63,2.0 65,1.0 87,2.0 194,2.0 211,2.0 213,2.0 238,1.0 268,1.0 358,1.0 365,2.0 518,1.0 
8,1.0 26,2.0 36,1.0 63,2.0 87,2.0 103,1.0 110,1.0 118,1.0 131,1.0 146,1.0 148,1.0 193,1.0 202,2.0 210,1.0 211,2.0 212,2.0 225,1.0 238,1.0 297,1.0 365,1.0 
5,2.0 6,1.0 7,1.0 26,1.0 36,1.0 44,1.0 47,1.0 48,3.0 52,1.0 56,1.0 58,2.0 67,2.0 70,4.0 72,7.0 73,3.0 74,7.0 75,2.0 76,7.0 77,3.0 80,1.0 81,1.0 103,1.0 116,2.0 128,1.0 131,2.0 135,2.0 150,1.0 161,1.0 182,1.0 183,1.0 188,1.0 192,1.0 207,1.0 211,3.0 215,2.0 218,2.0 230,2.0 249,2.0 480,1.0 491,1.0 
4,1.0 40,1.0 41,1.0 45,2.0 47,2.0 48,2.0 51,1.0 63,2.0 68,4.0 72,2.0 75,2.0 76,1.0 79,1.0 80,3.0 82,1.0 87,2.0 119,1.0 143,2.0 182,2.0 223,3.0 472,1.0 
8,3.0 53,2.0 63,10.0 65,2.0 67,2.0 68,1.0 70,1.0 74,2.0 80,2.0 84,1.0 86,2.0 87,2.0 89,7.0 132,1.0 143,1.0 181,1.0 182,2.0 195,5.0 206,1.0 211,4.0 215,2.0 225,2.0 228,2.0 258,2.0 259,2.0 260,2.0 261,2.0 386,1.0 483,1.0 484,1.0 485,1.0 496,1.0 
32,2.0 38,1.0 51,1.0 64,2.0 74,2.0 77,1.0 119,1.0 192,1.0 202,1.0 206,1.0 214,2.0 240,6.0 265,4.0 271,3.0 272,4.0 273,2.0 274,2.0 275,1.0 278,1.0 279,2.0 280,2.0 281,1.0 288,1.0 373,1.0 446,1.0 
4,2.0 48,2.0 55,2.0 
7,1.0 79,2.0 119,1.0 143,1.0 377,1.0 
41,2.0 72,2.0 74,2.0 
3,1.0 4,2.0 5,1.0 6,1.0 7,1.0 9,1.0 29,1.0 54,1.0 78,1.0 79,2.0 99,1.0 143,2.0 172,5.0 182,1.0 183,1.0 197,2.0 203,2.0 299,1.0 431,2.0 440,1.0 441,1.0 442,1.0 462,1.0 
37,2.0 39,2.0 63,2.0 75,1.0 183,2.0 208,1.0 209,1.0 224,3.0 266,2.0 
42,3.0 68,3.0 77,3.0 
39,2.0 45,2.0 65,2.0 75,1.0 183,2.0 208,1.0 209,1.0 222,3.0 266,2.0 
80,2.0 83,2.0 120,1.0 193,1.0 213,1.0 248,1.0 271,1.0 278,1.0 
44,2.0 48,2.0 77,2.0 
43,2.0 44,2.0 47,1.0 65,2.0 72,1.0 74,1.0 82,1.0 351,1.0 354,1.0 357,2.0 358,3.0 360,4.0 361,4.0 491,1.0 494,1.0 495,1.0 
7,2.0 8,1.0 39,2.0 44,2.0 49,1.0 70,2.0 80,1.0 98,2.0 118,2.0 121,1.0 132,1.0 179,2.0 193,1.0 211,1.0 216,2.0 259,1.0 280,1.0 297,1.0 357,2.0 373,1.0 383,1.0 386,1.0 388,2.0 483,2.0 484,1.0 485,2.0 492,1.0 493,1.0 
3,3.0 4,5.0 5,7.0 6,1.0 10,4.0 27,7.0 29,1.0 36,1.0 44,2.0 51,1.0 55,1.0 75,2.0 79,2.0 97,1.0 100,1.0 107,1.0 109,1.0 112,1.0 119,1.0 136,4.0 141,1.0 142,1.0 143,1.0 152,1.0 168,2.0 179,2.0 192,1.0 193,3.0 222,1.0 224,1.0 229,1.0 230,1.0 241,1.0 247,1.0 262,2.0 264,1.0 287,2.0 295,1.0 340,1.0 341,1.0 377,1.0 378,1.0 383,1.0 396,1.0 406,1.0 417,1.0 418,1.0 427,1.0 428,1.0 484,1.0 488,1.0 496,1.0 499,1.0 501,2.0 
1,1.0 4,2.0 6,3.0 7,3.0 8,2.0 9,1.0 26,7.0 27,1.0 29,1.0 55,2.0 62,8.0 79,2.0 88,1.0 91,1.0 98,2.0 100,1.0 118,1.0 123,1.0 143,2.0 172,2.0 179,1.0 192,2.0 193,1.0 194,2.0 195,1.0 196,1.0 202,3.0 206,1.0 210,2.0 214,1.0 229,3.0 241,1.0 249,1.0 281,1.0 295,1.0 297,2.0 298,2.0 346,1.0 358,1.0 364,1.0 368,1.0 369,1.0 382,1.0 410,1.0 431,1.0 432,1.0 433,1.0 437,1.0 477,1.0 479,1.0 480,1.0 
51,2.0 119,4.0 232,6.0 233,6.0 
51,2.0 119,4.0 179,1.0 231,6.0 233,6.0 520,1.0 521,1.0 
51,2.0 119,4.0 231,6.0 232,6.0 
5,6.0 6,3.0 203,1.0 235,4.0 236,4.0 247,3.0 353,1.0 355,1.0 357,1.0 384,3.0 399,2.0 
5,4.0 203,2.0 234,4.0 236,4.0 237,2.0 
4,2.0 5,4.0 70,1.0 118,1.0 203,2.0 234,4.0 235,4.0 247,2.0 248,2.0 362,1.0 
203,2.0 235,2.0 
26,2.0 36,2.0 40,1.0 65,1.0 212,1.0 213,1.0 239,3.0 268,1.0 356,1.0 358,2.0 
26,2.0 36,1.0 65,1.0 170,1.0 238,3.0 261,1.0 345,1.0 387,1.0 
26,4.0 241,2.0 242,2.0 249,2.0 265,4.0 271,6.0 273,2.0 274,2.0 279,2.0 
6,1.0 29,1.0 100,1.0 182,2.0 192,1.0 229,1.0 230,1.0 242,2.0 
49,1.0 182,2.0 228,1.0 241,2.0 357,1.0 388,1.0 399,1.0 
94,4.0 230,1.0 
51,2.0 245,2.0 246,2.0 
51,2.0 244,2.0 246,2.0 
51,2.0 244,2.0 245,2.0 
4,2.0 5,1.0 6,2.0 7,1.0 10,1.0 27,1.0 29,2.0 38,2.0 73,1.0 107,1.0 136,1.0 142,1.0 152,1.0 229,1.0 234,3.0 236,2.0 248,2.0 383,2.0 396,1.0 399,2.0 488,1.0 
4,2.0 27,1.0 55,2.0 104,1.0 142,1.0 152,1.0 181,1.0 204,1.0 225,1.0 236,2.0 247,2.0 252,1.0 267,1.0 271,1.0 286,1.0 343,1.0 344,1.0 358,1.0 488,1.0 
6,1.0 7,1.0 26,1.0 100,1.0 110,1.0 132,1.0 150,1.0 181,1.0 182,2.0 183,1.0 193,1.0 202,1.0 230,1.0 252,1.0 297,1.0 373,1.0 475,1.0 
6,1.0 51,2.0 192,2.0 344,1.0 358,1.0 359,1.0 369,1.0 522,1.0 
51,2.0 252,2.0 
5,2.0 27,1.0 100,1.0 104,1.0 110,1.0 132,1.0 142,1.0 150,1.0 152,1.0 181,2.0 204,1.0 248,1.0 249,1.0 280,1.0 297,1.0 475,1.0 488,1.0 
32,1.0 103,1.0 192,2.0 286,1.0 343,1.0 352,1.0 386,1.0 482,1.0 
192,2.0 248,2.0 
66,2.0 256,2.0 257,2.0 
10,1.0 63,2.0 65,2.0 66,2.0 87,2.0 257,2.0 392,1.0 
63,2.0 65,2.0 66,2.0 87,2.0 256,2.0 
53,2.0 63,4.0 74,2.0 86,2.0 87,2.0 89,4.0 211,2.0 216,2.0 259,2.0 
10,1.0 52,1.0 53,2.0 63,4.0 74,2.0 86,2.0 87,2.0 89,4.0 121,1.0 211,2.0 216,2.0 258,2.0 348,1.0 359,1.0 363,1.0 367,1.0 
40,1.0 49,2.0 57,1.0 63,2.0 65,1.0 73,2.0 90,1.0 261,3.0 262,2.0 352,1.0 354,1.0 357,1.0 386,1.0 
6,1.0 40,1.0 49,2.0 50,1.0 56,1.0 57,1.0 63,2.0 65,1.0 73,2.0 90,1.0 260,3.0 262,2.0 286,1.0 345,2.0 369,1.0 382,1.0 386,1.0 
4,10.0 5,1.0 6,1.0 27,17.0 30,1.0 36,1.0 41,1.0 42,1.0 51,1.0 53,2.0 55,4.0 62,8.0 68,1.0 74,1.0 79,4.0 86,2.0 92,2.0 97,1.0 98,5.0 100,1.0 119,1.0 143,1.0 179,4.0 182,1.0 188,6.0 191,1.0 193,4.0 207,1.0 210,1.0 221,1.0 229,2.0 263,2.0 264,1.0 295,1.0 308,1.0 312,1.0 341,1.0 342,1.0 406,1.0 417,1.0 418,1.0 421,1.0 426,1.0 427,1.0 428,1.0 434,1.0 435,1.0 473,1.0 
8,2.0 9,1.0 10,1.0 27,1.0 30,1.0 97,24.0 98,2.0 99,7.0 104,6.0 106,2.0 107,8.0 108,6.0 109,4.0 110,8.0 112,1.0 117,2.0 128,2.0 135,2.0 136,1.0 142,8.0 167,1.0 169,1.0 181,2.0 188,4.0 195,1.0 204,2.0 210,1.0 264,2.0 297,1.0 298,1.0 299,4.0 457,1.0 534,8.0 548,1.0 549,1.0 550,2.0 551,2.0 
4,18.0 5,7.0 29,8.0 36,1.0 51,1.0 55,4.0 62,6.0 64,2.0 75,2.0 79,4.0 94,4.0 95,1.0 100,1.0 118,6.0 120,2.0 144,2.0 169,1.0 193,11.0 196,2.0 197,4.0 199,3.0 203,1.0 210,1.0 222,1.0 224,1.0 229,1.0 262,1.0 265,2.0 287,5.0 291,12.0 294,2.0 300,1.0 301,1.0 308,1.0 328,1.0 356,1.0 386,1.0 409,4.0 421,1.0 434,1.0 435,1.0 
10,1.0 27,1.0 64,4.0 102,1.0 120,2.0 136,1.0 138,1.0 144,2.0 181,1.0 204,3.0 229,2.0 240,4.0 271,4.0 279,2.0 286,2.0 293,1.0 481,1.0 486,1.0 487,1.0 490,1.0 
37,1.0 49,1.0 53,1.0 60,1.0 73,2.0 79,1.0 183,2.0 222,2.0 224,2.0 420,1.0 
49,3.0 76,1.0 191,1.0 248,1.0 250,1.0 267,1.0 268,2.0 286,1.0 341,1.0 343,2.0 344,2.0 348,1.0 358,2.0 363,2.0 375,2.0 
40,1.0 48,2.0 65,1.0 66,2.0 67,2.0 202,1.0 299,1.0 358,2.0 364,1.0 455,1.0 460,1.0 
8,1.0 30,1.0 210,1.0 268,1.0 270,2.0 357,1.0 
217,4.0 
17,6.0 118,1.0 217,2.0 270,2.0 272,3.0 275,4.0 277,4.0 278,2.0 334,1.0 335,1.0 446,1.0 
32,1.0 46,2.0 51,1.0 58,2.0 119,1.0 179,2.0 202,3.0 206,1.0 217,5.0 228,1.0 280,5.0 379,1.0 445,1.0 
46,1.0 118,2.0 240,2.0 271,2.0 274,2.0 313,1.0 314,1.0 315,1.0 408,1.0 
26,1.0 64,1.0 82,1.0 240,2.0 271,2.0 273,2.0 280,1.0 381,1.0 535,1.0 
217,2.0 272,1.0 276,4.0 280,1.0 281,1.0 481,1.0 
64,2.0 71,4.0 102,1.0 120,8.0 124,8.0 137,1.0 281,2.0 
276,4.0 286,2.0 377,1.0 529,1.0 
46,1.0 217,3.0 271,1.0 273,1.0 446,1.0 
118,2.0 240,2.0 265,2.0 271,3.0 332,1.0 333,1.0 334,1.0 335,1.0 
6,1.0 17,1.0 32,1.0 38,1.0 46,2.0 51,1.0 65,1.0 71,2.0 80,1.0 84,2.0 119,1.0 137,1.0 183,1.0 206,1.0 207,1.0 217,1.0 253,1.0 272,2.0 275,1.0 281,2.0 282,2.0 332,1.0 372,1.0 448,2.0 482,1.0 
8,1.0 26,2.0 29,1.0 64,2.0 84,1.0 103,1.0 121,1.0 181,1.0 207,1.0 272,1.0 275,2.0 280,1.0 282,2.0 297,1.0 481,2.0 482,1.0 538,2.0 539,2.0 
15,1.0 64,1.0 274,1.0 280,1.0 283,2.0 
17,2.0 
48,2.0 98,2.0 179,2.0 285,2.0 
36,1.0 48,2.0 51,1.0 97,1.0 98,3.0 99,1.0 179,2.0 182,1.0 284,2.0 377,1.0 394,1.0 433,1.0 443,1.0 545,1.0 
4,1.0 6,4.0 10,2.0 27,4.0 50,2.0 74,2.0 118,22.0 124,4.0 136,1.0 170,4.0 180,2.0 181,2.0 192,1.0 194,1.0 204,2.0 210,6.0 229,2.0 261,2.0 264,4.0 273,2.0 279,2.0 286,2.0 287,38.0 288,4.0 289,1.0 343,2.0 344,8.0 345,3.0 352,1.0 354,2.0 357,1.0 358,3.0 359,4.0 363,1.0 364,1.0 366,2.0 367,1.0 369,7.0 372,1.0 382,5.0 386,7.0 388,2.0 400,1.0 401,2.0 402,1.0 403,2.0 404,2.0 405,1.0 459,1.0 
9,2.0 27,3.0 48,2.0 54,1.0 55,1.0 62,1.0 73,2.0 97,1.0 100,1.0 118,14.0 143,6.0 170,4.0 180,4.0 181,6.0 204,4.0 206,4.0 210,4.0 229,2.0 264,3.0 265,2.0 286,32.0 289,2.0 386,2.0 401,1.0 459,1.0 532,1.0 
8,1.0 84,1.0 101,1.0 118,4.0 210,1.0 271,1.0 482,1.0 489,1.0 
27,2.0 48,2.0 118,2.0 170,2.0 181,2.0 230,2.0 287,2.0 290,4.0 344,1.0 345,1.0 359,1.0 366,1.0 369,1.0 401,1.0 403,1.0 
27,2.0 118,2.0 170,2.0 181,2.0 289,6.0 
4,10.0 29,10.0 55,2.0 62,4.0 64,2.0 94,4.0 102,2.0 193,2.0 196,4.0 197,4.0 264,12.0 292,2.0 293,2.0 
64,2.0 100,1.0 102,3.0 264,2.0 293,2.0 486,1.0 533,1.0 
64,3.0 102,2.0 181,1.0 204,1.0 264,2.0 265,1.0 292,2.0 481,1.0 490,1.0 
4,4.0 193,4.0 197,4.0 199,4.0 295,4.0 
4,1.0 5,1.0 6,1.0 7,1.0 27,1.0 30,1.0 62,4.0 80,1.0 88,1.0 94,4.0 97,1.0 122,1.0 136,1.0 167,4.0 199,4.0 229,1.0 262,1.0 263,1.0 299,1.0 347,1.0 349,1.0 363,1.0 406,1.0 417,1.0 418,1.0 427,1.0 428,1.0 
28,1.0 43,1.0 54,1.0 68,1.0 69,1.0 79,2.0 98,2.0 172,1.0 181,1.0 195,3.0 199,2.0 216,3.0 228,1.0 230,2.0 297,3.0 431,1.0 438,1.0 443,1.0 448,1.0 
8,8.0 28,1.0 54,1.0 79,2.0 80,1.0 84,1.0 98,2.0 100,6.0 103,1.0 108,2.0 110,2.0 118,4.0 127,1.0 131,1.0 132,2.0 133,1.0 135,1.0 146,1.0 148,1.0 150,1.0 172,1.0 181,9.0 182,1.0 202,1.0 210,4.0 213,1.0 230,2.0 249,1.0 252,1.0 281,1.0 296,1.0 297,4.0 298,2.0 365,1.0 431,1.0 443,1.0 461,1.0 475,1.0 481,1.0 482,1.0 483,1.0 
62,1.0 79,3.0 95,1.0 98,2.0 199,1.0 210,3.0 230,2.0 263,1.0 457,1.0 
4,2.0 5,1.0 6,2.0 7,2.0 8,2.0 9,1.0 10,1.0 27,1.0 29,1.0 39,1.0 47,1.0 54,1.0 78,1.0 80,1.0 99,23.0 104,8.0 105,2.0 106,6.0 107,3.0 108,5.0 109,2.0 110,7.0 111,4.0 112,1.0 116,2.0 117,2.0 135,2.0 136,1.0 142,5.0 179,1.0 181,2.0 188,2.0 195,1.0 204,2.0 206,1.0 210,1.0 221,1.0 263,11.0 297,1.0 449,1.0 462,1.0 
118,2.0 301,3.0 302,2.0 303,2.0 304,2.0 305,2.0 306,2.0 307,2.0 328,1.0 
118,2.0 300,3.0 302,2.0 303,2.0 304,2.0 305,2.0 306,2.0 307,2.0 328,1.0 
300,2.0 301,2.0 303,2.0 304,2.0 305,2.0 306,2.0 307,2.0 
300,2.0 301,2.0 302,2.0 304,2.0 305,2.0 306,2.0 307,2.0 
273,1.0 305,2.0 306,2.0 307,2.0 308,1.0 309,1.0 310,1.0 311,1.0 313,1.0 
273,1.0 304,2.0 306,2.0 307,2.0 308,1.0 309,1.0 310,1.0 311,1.0 313,1.0 
273,1.0 304,2.0 305,2.0 307,2.0 308,1.0 309,1.0 310,1.0 311,1.0 313,1.0 
273,1.0 304,2.0 305,2.0 306,2.0 308,1.0 309,1.0 310,1.0 311,1.0 313,1.0 
3,1.0 4,1.0 98,1.0 100,1.0 179,1.0 189,1.0 309,1.0 310,1.0 311,1.0 312,1.0 341,1.0 421,2.0 431,1.0 434,2.0 435,2.0 436,1.0 438,1.0 439,1.0 
100,1.0 308,1.0 310,1.0 311,1.0 
100,1.0 308,1.0 309,1.0 311,1.0 
100,1.0 308,1.0 309,1.0 310,1.0 
3,2.0 6,1.0 7,1.0 8,2.0 9,1.0 13,1.0 26,3.0 27,1.0 51,1.0 55,3.0 75,1.0 118,1.0 119,1.0 121,1.0 143,2.0 173,1.0 182,1.0 183,1.0 191,1.0 206,1.0 230,1.0 331,1.0 341,2.0 342,1.0 345,1.0 348,1.0 436,1.0 463,1.0 473,1.0 
273,1.0 314,1.0 315,1.0 
315,1.0 316,1.0 317,1.0 318,1.0 319,1.0 
314,1.0 316,1.0 317,1.0 318,1.0 319,1.0 
317,1.0 318,1.0 319,1.0 320,1.0 321,1.0 322,1.0 323,1.0 
316,1.0 318,1.0 319,1.0 320,1.0 321,1.0 322,1.0 323,1.0 
316,1.0 317,1.0 319,1.0 320,1.0 321,1.0 322,1.0 323,1.0 
316,1.0 317,1.0 318,1.0 320,1.0 321,1.0 322,1.0 323,1.0 
321,1.0 322,1.0 323,1.0 324,1.0 325,1.0 
320,1.0 322,1.0 323,1.0 324,1.0 325,1.0 
320,1.0 321,1.0 323,1.0 324,1.0 325,1.0 
320,1.0 321,1.0 322,1.0 324,1.0 325,1.0 
325,1.0 326,1.0 327,1.0 
8,1.0 324,1.0 326,1.0 327,1.0 531,1.0 
104,1.0 105,1.0 125,1.0 203,1.0 327,1.0 
104,1.0 105,1.0 125,1.0 203,1.0 326,1.0 
118,2.0 300,1.0 301,1.0 
10,2.0 31,1.0 330,1.0 
10,2.0 31,1.0 329,1.0 
26,1.0 37,1.0 40,1.0 41,1.0 45,1.0 49,1.0 52,1.0 55,1.0 61,1.0 62,1.0 63,1.0 75,7.0 79,1.0 94,1.0 121,4.0 143,1.0 170,1.0 285,1.0 344,1.0 377,1.0 394,1.0 433,1.0 443,1.0 545,1.0 
26,1.0 32,1.0 38,1.0 137,1.0 194,2.0 213,1.0 238,2.0 239,1.0 271,1.0 279,1.0 333,1.0 334,1.0 335,1.0 385,1.0 534,1.0 
8,1.0 271,1.0 279,1.0 332,1.0 334,1.0 335,1.0 
118,1.0 271,1.0 335,1.0 
118,1.0 271,1.0 334,1.0 
8,1.0 10,1.0 32,1.0 
121,1.0 338,1.0 339,1.0 
121,1.0 337,1.0 339,1.0 
121,1.0 337,1.0 338,1.0 
51,3.0 55,2.0 119,6.0 121,2.0 122,1.0 143,3.0 168,1.0 170,2.0 184,2.0 192,1.0 341,4.0 362,1.0 377,3.0 378,1.0 499,1.0 
3,1.0 5,1.0 7,1.0 8,1.0 26,1.0 27,1.0 49,1.0 51,2.0 55,3.0 76,1.0 118,2.0 119,4.0 121,2.0 122,1.0 143,5.0 168,1.0 170,1.0 184,1.0 191,2.0 204,1.0 206,1.0 230,1.0 312,2.0 331,1.0 340,4.0 342,1.0 376,1.0 377,2.0 378,1.0 408,1.0 436,1.0 473,1.0 499,1.0 
26,1.0 51,4.0 55,4.0 62,4.0 75,4.0 98,1.0 99,1.0 121,2.0 143,1.0 168,3.0 191,1.0 312,1.0 331,1.0 341,1.0 473,1.0 
8,1.0 42,1.0 51,1.0 55,1.0 86,1.0 103,1.0 118,1.0 123,1.0 209,1.0 210,1.0 239,1.0 248,1.0 250,1.0 253,1.0 267,2.0 286,6.0 343,4.0 344,8.0 345,1.0 352,6.0 354,5.0 358,2.0 359,6.0 360,1.0 361,2.0 366,2.0 369,6.0 382,11.0 386,2.0 396,1.0 397,2.0 401,3.0 
4,1.0 5,1.0 6,3.0 10,3.0 27,2.0 136,1.0 192,1.0 250,1.0 286,9.0 331,1.0 343,4.0 344,1.0 345,4.0 346,1.0 354,3.0 355,1.0 358,2.0 359,4.0 360,1.0 361,1.0 363,1.0 366,3.0 369,3.0 382,2.0 386,3.0 388,1.0 401,1.0 402,1.0 403,1.0 404,1.0 
4,1.0 6,1.0 10,2.0 26,1.0 27,2.0 39,1.0 42,1.0 49,1.0 51,1.0 76,1.0 90,1.0 100,1.0 121,1.0 128,1.0 136,2.0 261,1.0 286,4.0 289,1.0 295,1.0 343,1.0 344,3.0 345,2.0 346,1.0 348,2.0 349,1.0 352,1.0 354,2.0 356,1.0 357,2.0 358,4.0 359,4.0 360,1.0 363,1.0 366,7.0 367,1.0 369,2.0 372,1.0 379,1.0 380,1.0 382,1.0 383,1.0 384,1.0 386,2.0 388,2.0 401,1.0 403,1.0 404,2.0 405,1.0 
7,1.0 9,1.0 26,1.0 55,1.0 143,1.0 172,1.0 202,2.0 230,1.0 295,1.0 345,1.0 431,1.0 432,1.0 433,1.0 
40,1.0 348,1.0 353,1.0 356,1.0 361,1.0 374,1.0 
26,1.0 39,1.0 42,1.0 49,1.0 53,2.0 267,2.0 295,1.0 312,2.0 345,2.0 348,2.0 349,4.0 350,1.0 357,1.0 358,1.0 359,1.0 360,1.0 362,1.0 363,2.0 366,1.0 367,2.0 375,1.0 388,1.0 
40,1.0 42,1.0 170,1.0 238,1.0 264,1.0 345,1.0 347,1.0 350,1.0 351,1.0 352,1.0 356,4.0 358,2.0 360,1.0 361,2.0 364,1.0 366,1.0 372,1.0 468,1.0 
349,1.0 351,1.0 352,1.0 
43,2.0 47,1.0 69,1.0 72,2.0 135,1.0 141,1.0 214,1.0 227,1.0 352,2.0 353,1.0 491,2.0 494,1.0 495,1.0 
8,1.0 40,1.0 103,1.0 118,2.0 123,2.0 137,1.0 208,1.0 236,1.0 253,1.0 286,1.0 343,8.0 344,1.0 345,1.0 351,1.0 352,3.0 353,2.0 354,3.0 357,2.0 358,5.0 359,2.0 360,1.0 363,1.0 366,2.0 367,1.0 369,4.0 382,6.0 386,1.0 396,1.0 397,1.0 401,3.0 439,1.0 
38,1.0 123,1.0 234,1.0 352,1.0 353,1.0 354,1.0 356,1.0 357,2.0 358,1.0 361,1.0 362,3.0 374,6.0 376,2.0 385,1.0 
6,1.0 10,2.0 37,1.0 39,1.0 100,1.0 103,1.0 123,2.0 136,2.0 137,1.0 192,1.0 248,1.0 253,1.0 260,1.0 267,1.0 286,2.0 343,8.0 344,3.0 345,2.0 348,1.0 352,4.0 357,3.0 359,2.0 360,1.0 361,1.0 364,1.0 366,1.0 367,1.0 368,1.0 382,3.0 386,3.0 388,1.0 396,1.0 401,1.0 402,1.0 403,1.0 439,1.0 466,1.0 
6,1.0 53,1.0 234,1.0 348,1.0 384,1.0 
30,1.0 37,1.0 38,1.0 40,1.0 122,1.0 234,1.0 238,1.0 295,1.0 347,1.0 353,3.0 356,1.0 357,2.0 358,2.0 361,4.0 362,1.0 372,1.0 374,2.0 465,1.0 467,1.0 
8,1.0 10,1.0 30,1.0 37,1.0 48,3.0 49,1.0 50,1.0 52,1.0 63,1.0 68,1.0 69,1.0 103,1.0 118,1.0 121,1.0 122,2.0 123,2.0 136,3.0 137,1.0 227,1.0 228,1.0 253,1.0 260,2.0 269,1.0 274,1.0 286,1.0 295,1.0 343,3.0 345,1.0 352,7.0 354,3.0 356,1.0 357,2.0 358,16.0 359,1.0 360,26.0 361,2.0 362,2.0 363,1.0 366,1.0 367,1.0 382,2.0 386,1.0 388,5.0 396,1.0 401,2.0 
7,1.0 8,2.0 37,1.0 40,2.0 42,1.0 46,1.0 50,1.0 53,1.0 58,1.0 59,2.0 63,1.0 65,1.0 68,1.0 82,1.0 104,1.0 118,1.0 123,1.0 137,1.0 195,1.0 227,1.0 230,1.0 250,1.0 268,1.0 286,3.0 344,3.0 345,3.0 349,1.0 352,5.0 353,1.0 354,1.0 356,3.0 357,17.0 358,4.0 359,3.0 360,14.0 361,28.0 362,1.0 363,1.0 364,5.0 366,3.0 367,1.0 369,3.0 372,2.0 374,1.0 382,3.0 386,1.0 388,2.0 401,2.0 511,1.0 524,2.0 
36,1.0 44,1.0 83,1.0 118,1.0 121,1.0 210,1.0 239,1.0 286,4.0 289,1.0 343,5.0 344,5.0 345,5.0 348,1.0 354,3.0 357,2.0 359,1.0 360,1.0 361,2.0 362,2.0 363,2.0 366,6.0 367,2.0 369,7.0 372,1.0 379,1.0 382,3.0 383,1.0 386,1.0 401,2.0 402,1.0 403,2.0 404,1.0 
2,2.0 10,1.0 104,1.0 121,1.0 136,1.0 236,1.0 242,1.0 343,2.0 344,1.0 345,1.0 349,1.0 352,1.0 354,1.0 356,1.0 357,23.0 358,37.0 359,2.0 360,2.0 361,15.0 362,1.0 363,2.0 364,1.0 366,3.0 372,1.0 374,2.0 395,2.0 399,1.0 
8,1.0 10,1.0 37,1.0 38,1.0 40,1.0 50,3.0 52,1.0 53,1.0 82,2.0 83,1.0 121,1.0 122,1.0 227,1.0 286,1.0 340,1.0 343,1.0 347,1.0 353,2.0 354,1.0 356,4.0 357,36.0 358,11.0 359,1.0 360,23.0 361,1.0 362,3.0 368,1.0 372,1.0 373,1.0 374,2.0 376,1.0 540,2.0 
10,1.0 30,1.0 37,1.0 40,1.0 53,1.0 58,1.0 60,1.0 70,1.0 77,1.0 82,1.0 118,1.0 119,1.0 122,2.0 123,1.0 295,1.0 340,1.0 352,1.0 356,1.0 357,2.0 361,2.0 362,1.0 363,3.0 366,2.0 367,2.0 370,1.0 371,1.0 372,1.0 373,1.0 376,2.0 381,1.0 437,1.0 
10,1.0 41,1.0 49,2.0 76,1.0 118,1.0 119,1.0 191,1.0 208,1.0 267,1.0 286,1.0 341,1.0 348,1.0 352,1.0 357,1.0 358,2.0 359,2.0 360,2.0 361,1.0 362,4.0 363,1.0 364,4.0 365,1.0 366,1.0 367,3.0 371,1.0 372,1.0 375,1.0 382,1.0 386,1.0 388,1.0 401,1.0 
7,1.0 8,1.0 9,1.0 10,1.0 40,1.0 128,1.0 170,1.0 195,1.0 230,1.0 248,1.0 267,1.0 286,1.0 343,1.0 345,1.0 347,1.0 349,1.0 354,1.0 356,1.0 357,2.0 358,4.0 359,1.0 360,2.0 361,1.0 363,1.0 365,1.0 366,2.0 369,1.0 382,2.0 386,1.0 388,2.0 401,1.0 
8,1.0 46,1.0 55,1.0 103,1.0 110,1.0 118,1.0 123,1.0 128,1.0 131,1.0 146,1.0 148,1.0 170,1.0 194,1.0 210,1.0 212,2.0 213,1.0 297,1.0 345,1.0 364,1.0 366,1.0 
2,1.0 5,1.0 6,1.0 10,1.0 40,2.0 121,1.0 128,1.0 170,1.0 194,1.0 242,1.0 286,3.0 344,3.0 345,7.0 347,1.0 349,1.0 352,2.0 354,1.0 356,1.0 357,1.0 358,3.0 359,2.0 360,4.0 361,1.0 362,2.0 363,3.0 364,1.0 366,1.0 367,4.0 369,1.0 370,1.0 371,1.0 374,1.0 379,1.0 380,1.0 382,1.0 383,1.0 384,1.0 386,1.0 388,2.0 395,1.0 398,1.0 399,1.0 401,1.0 402,1.0 403,1.0 
36,1.0 82,1.0 100,1.0 208,1.0 209,1.0 210,1.0 212,1.0 238,1.0 345,1.0 348,3.0 349,1.0 352,2.0 354,1.0 357,1.0 358,1.0 359,2.0 360,4.0 362,1.0 363,3.0 364,1.0 366,2.0 367,1.0 369,2.0 371,1.0 
10,1.0 41,1.0 123,2.0 179,1.0 230,1.0 362,1.0 363,1.0 366,1.0 370,1.0 
40,1.0 44,1.0 50,1.0 51,1.0 53,1.0 55,1.0 63,1.0 70,1.0 77,1.0 118,1.0 202,1.0 212,1.0 238,1.0 239,1.0 286,3.0 289,1.0 343,5.0 344,3.0 345,4.0 352,1.0 354,1.0 357,1.0 358,1.0 359,7.0 360,2.0 364,1.0 366,8.0 367,2.0 369,1.0 379,1.0 382,6.0 383,1.0 386,1.0 388,1.0 397,2.0 398,1.0 401,1.0 403,1.0 
2,1.0 362,1.0 363,1.0 366,1.0 367,1.0 371,1.0 439,1.0 
358,1.0 360,1.0 363,1.0 364,1.0 367,1.0 
10,1.0 37,1.0 122,1.0 286,1.0 356,1.0 357,1.0 358,1.0 359,1.0 361,1.0 362,1.0 369,1.0 373,1.0 464,1.0 
5,2.0 6,2.0 7,2.0 9,1.0 10,1.0 26,2.0 27,1.0 30,6.0 42,1.0 44,1.0 45,1.0 51,1.0 54,1.0 73,1.0 75,1.0 76,1.0 77,1.0 80,1.0 89,1.0 122,1.0 143,4.0 192,1.0 193,2.0 194,2.0 203,2.0 206,1.0 214,1.0 216,1.0 229,1.0 230,1.0 249,1.0 262,2.0 280,1.0 353,1.0 358,1.0 374,1.0 386,1.0 406,1.0 417,1.0 418,1.0 427,1.0 428,1.0 455,1.0 477,2.0 
2,1.0 10,1.0 38,1.0 123,1.0 136,1.0 353,6.0 356,1.0 357,1.0 358,1.0 360,1.0 361,1.0 362,3.0 374,1.0 376,2.0 385,1.0 395,1.0 437,1.0 
49,2.0 76,1.0 191,1.0 267,1.0 341,1.0 363,1.0 450,1.0 452,1.0 
37,2.0 123,1.0 143,1.0 361,1.0 362,2.0 381,1.0 
7,1.0 36,3.0 51,6.0 52,1.0 55,1.0 57,1.0 62,1.0 76,1.0 97,1.0 98,1.0 99,1.0 119,3.0 122,1.0 143,3.0 168,1.0 170,1.0 182,1.0 184,2.0 219,1.0 285,1.0 340,3.0 341,2.0 345,1.0 378,2.0 394,2.0 433,1.0 443,1.0 499,1.0 529,1.0 545,1.0 
51,2.0 76,1.0 119,1.0 143,1.0 168,1.0 170,1.0 340,1.0 341,1.0 345,1.0 377,2.0 499,1.0 
217,1.0 345,1.0 366,1.0 380,1.0 
170,1.0 349,1.0 364,1.0 366,1.0 
42,1.0 203,1.0 343,1.0 382,1.0 535,1.0 
7,1.0 8,1.0 42,1.0 55,2.0 86,1.0 195,1.0 202,1.0 210,1.0 230,1.0 286,6.0 343,10.0 344,4.0 345,1.0 352,4.0 354,2.0 357,1.0 358,4.0 359,4.0 364,2.0 366,3.0 369,6.0 382,2.0 386,2.0 388,1.0 397,2.0 401,5.0 402,1.0 403,1.0 404,1.0 459,1.0 
10,1.0 27,1.0 29,2.0 38,1.0 40,1.0 73,1.0 107,1.0 121,1.0 136,1.0 142,1.0 152,1.0 215,1.0 228,1.0 229,1.0 247,2.0 259,1.0 345,1.0 366,1.0 384,1.0 396,1.0 472,1.0 488,1.0 
5,1.0 6,1.0 100,1.0 203,1.0 234,3.0 355,1.0 367,1.0 
10,1.0 37,1.0 181,1.0 203,2.0 354,1.0 386,1.0 534,2.0 
6,1.0 8,12.0 10,4.0 27,2.0 37,1.0 46,2.0 50,2.0 68,1.0 71,2.0 75,1.0 100,2.0 118,2.0 120,2.0 121,2.0 136,1.0 144,2.0 169,1.0 171,1.0 192,1.0 260,1.0 261,2.0 264,1.0 286,7.0 287,2.0 325,1.0 333,1.0 343,2.0 344,2.0 345,1.0 352,1.0 354,3.0 357,1.0 358,2.0 359,1.0 363,1.0 364,1.0 369,2.0 382,5.0 386,1.0 388,2.0 401,21.0 531,1.0 532,1.0 
65,1.0 170,1.0 345,1.0 354,1.0 
7,1.0 13,1.0 39,1.0 42,1.0 49,1.0 122,1.0 136,1.0 194,1.0 228,1.0 286,2.0 312,1.0 345,1.0 348,1.0 349,1.0 352,2.0 357,5.0 358,4.0 363,1.0 364,1.0 382,2.0 386,2.0 388,1.0 398,1.0 401,2.0 
9,1.0 82,1.0 390,1.0 
9,1.0 82,1.0 
50,1.0 366,1.0 
10,1.0 
9,1.0 362,1.0 
36,2.0 51,2.0 52,1.0 57,1.0 97,1.0 98,1.0 99,1.0 119,1.0 122,1.0 182,1.0 285,1.0 377,2.0 413,1.0 433,1.0 443,1.0 545,1.0 
2,2.0 3,1.0 10,1.0 27,1.0 97,1.0 136,1.0 172,1.0 229,1.0 262,1.0 295,1.0 360,1.0 374,1.0 409,1.0 
10,1.0 27,1.0 73,1.0 107,1.0 123,1.0 136,1.0 142,1.0 152,1.0 229,1.0 247,1.0 343,2.0 352,2.0 369,1.0 382,1.0 383,1.0 488,1.0 
286,1.0 343,1.0 366,1.0 369,1.0 382,1.0 
8,1.0 16,1.0 194,1.0 360,1.0 366,1.0 369,1.0 388,1.0 462,1.0 
6,2.0 49,1.0 228,1.0 234,2.0 242,1.0 247,2.0 357,1.0 388,1.0 
286,1.0 367,1.0 369,1.0 
7,1.0 8,9.0 9,2.0 10,3.0 26,2.0 27,1.0 30,1.0 38,1.0 64,1.0 97,1.0 100,1.0 118,2.0 121,2.0 143,2.0 170,1.0 180,1.0 195,1.0 216,1.0 228,1.0 230,1.0 286,2.0 287,1.0 343,3.0 344,2.0 345,1.0 352,3.0 354,1.0 358,3.0 359,2.0 363,1.0 364,1.0 366,2.0 373,1.0 382,5.0 386,19.0 388,1.0 401,1.0 
286,1.0 344,1.0 345,1.0 359,1.0 382,1.0 403,1.0 404,1.0 
286,1.0 289,1.0 344,2.0 345,2.0 359,2.0 366,1.0 369,1.0 382,1.0 401,1.0 402,1.0 404,1.0 
4,1.0 6,1.0 10,1.0 27,1.0 286,2.0 289,1.0 344,1.0 345,2.0 359,1.0 369,1.0 403,1.0 405,1.0 
286,1.0 289,1.0 345,1.0 359,1.0 369,1.0 403,1.0 404,1.0 468,2.0 
3,1.0 7,1.0 28,1.0 55,1.0 172,1.0 202,1.0 230,1.0 341,1.0 346,1.0 407,1.0 408,1.0 417,2.0 418,2.0 425,1.0 427,2.0 428,2.0 429,1.0 430,1.0 431,1.0 432,1.0 433,1.0 
29,1.0 52,1.0 57,1.0 341,1.0 394,1.0 406,1.0 408,1.0 411,1.0 412,1.0 413,1.0 414,1.0 415,1.0 
5,1.0 118,1.0 204,1.0 278,1.0 341,1.0 
2,1.0 3,2.0 4,4.0 5,4.0 9,1.0 27,1.0 51,1.0 55,4.0 62,1.0 75,1.0 97,1.0 168,1.0 172,1.0 179,1.0 181,1.0 186,1.0 193,4.0 204,1.0 229,2.0 262,1.0 264,4.0 295,1.0 395,1.0 410,1.0 
1,1.0 100,1.0 172,1.0 210,1.0 229,1.0 262,1.0 264,2.0 409,1.0 437,1.0 
394,1.0 407,1.0 412,1.0 413,1.0 
219,1.0 377,1.0 394,1.0 407,1.0 411,1.0 413,1.0 421,1.0 
37,1.0 49,1.0 63,1.0 81,1.0 119,1.0 122,1.0 394,1.0 
29,1.0 52,2.0 57,1.0 66,1.0 76,1.0 98,1.0 179,1.0 407,1.0 415,1.0 422,1.0 
29,1.0 42,1.0 43,1.0 52,1.0 57,1.0 69,1.0 407,1.0 414,1.0 
0,4.0 4,1.0 29,6.0 66,1.0 73,1.0 74,1.0 75,2.0 79,4.0 81,1.0 95,2.0 100,4.0 171,1.0 188,1.0 196,1.0 214,1.0 501,2.0 519,1.0 
3,1.0 7,1.0 28,1.0 55,1.0 172,1.0 173,1.0 202,1.0 230,1.0 312,1.0 346,1.0 406,2.0 418,3.0 419,1.0 425,1.0 427,2.0 428,2.0 429,1.0 430,1.0 431,1.0 432,1.0 433,1.0 
3,1.0 7,1.0 28,1.0 55,1.0 172,1.0 173,1.0 202,1.0 230,1.0 312,1.0 346,1.0 406,2.0 417,3.0 419,1.0 425,1.0 427,2.0 428,2.0 429,1.0 430,1.0 431,1.0 432,1.0 433,1.0 
173,1.0 312,1.0 417,1.0 418,1.0 
53,1.0 60,1.0 73,1.0 79,1.0 266,1.0 
3,1.0 4,1.0 98,1.0 179,1.0 189,1.0 219,1.0 308,2.0 312,1.0 341,1.0 377,1.0 412,1.0 431,1.0 434,2.0 435,2.0 436,1.0 438,1.0 439,1.0 
52,1.0 63,1.0 66,1.0 76,1.0 98,1.0 179,1.0 414,1.0 524,1.0 525,1.0 
3,1.0 424,1.0 425,1.0 
3,1.0 423,1.0 425,1.0 
1,1.0 3,4.0 5,2.0 8,1.0 9,4.0 10,1.0 27,3.0 28,2.0 30,1.0 98,1.0 136,1.0 179,1.0 192,1.0 193,1.0 204,1.0 429,1.0 430,1.0 440,1.0 443,1.0 444,1.0 
53,1.0 74,1.0 86,1.0 192,1.0 193,1.0 207,1.0 
3,1.0 7,1.0 28,1.0 55,1.0 172,1.0 202,1.0 230,1.0 346,1.0 406,2.0 417,2.0 418,2.0 425,1.0 428,2.0 429,1.0 430,1.0 431,1.0 432,1.0 433,1.0 
3,1.0 7,1.0 28,1.0 55,1.0 172,1.0 202,1.0 230,1.0 346,1.0 406,2.0 417,2.0 418,2.0 425,1.0 427,2.0 429,1.0 430,1.0 431,1.0 432,1.0 433,1.0 
3,1.0 9,1.0 10,1.0 27,1.0 28,1.0 136,1.0 192,1.0 193,1.0 204,1.0 425,1.0 430,1.0 
3,1.0 9,1.0 10,1.0 27,1.0 28,1.0 136,1.0 192,1.0 193,1.0 204,1.0 425,1.0 429,1.0 
4,1.0 5,2.0 6,1.0 7,1.0 9,1.0 26,1.0 27,1.0 28,1.0 30,1.0 54,1.0 55,1.0 98,1.0 143,1.0 172,3.0 179,1.0 182,1.0 189,1.0 202,2.0 221,1.0 230,1.0 262,1.0 346,1.0 432,1.0 433,1.0 438,1.0 439,1.0 440,1.0 441,1.0 442,1.0 443,1.0 
7,1.0 9,1.0 26,1.0 55,1.0 143,1.0 172,1.0 202,2.0 230,1.0 346,1.0 431,1.0 433,1.0 
7,1.0 9,1.0 26,1.0 36,1.0 51,1.0 55,1.0 97,1.0 98,1.0 99,1.0 143,1.0 172,1.0 182,1.0 202,2.0 230,1.0 285,1.0 346,1.0 377,1.0 394,1.0 431,1.0 432,1.0 443,1.0 545,1.0 
3,1.0 4,1.0 98,1.0 179,1.0 189,1.0 308,2.0 312,1.0 341,1.0 421,2.0 431,1.0 435,2.0 436,1.0 438,1.0 439,1.0 
3,1.0 4,1.0 98,1.0 179,1.0 189,1.0 308,2.0 312,1.0 341,1.0 421,2.0 431,1.0 434,2.0 436,1.0 438,1.0 439,1.0 
3,1.0 7,1.0 8,1.0 27,1.0 55,1.0 118,1.0 206,1.0 230,1.0 312,1.0 341,1.0 
1,1.0 26,1.0 100,1.0 172,1.0 206,1.0 210,1.0 262,1.0 264,1.0 286,1.0 287,1.0 382,1.0 410,1.0 
4,1.0 98,1.0 100,1.0 179,1.0 189,1.0 221,1.0 297,1.0 431,1.0 439,1.0 440,1.0 441,1.0 442,1.0 448,1.0 
4,1.0 98,1.0 179,1.0 189,1.0 221,1.0 269,1.0 362,1.0 374,1.0 431,1.0 438,1.0 440,1.0 441,1.0 442,1.0 469,1.0 
3,1.0 4,1.0 5,2.0 9,2.0 27,1.0 182,1.0 183,1.0 221,1.0 425,1.0 441,1.0 442,1.0 443,1.0 444,1.0 
4,1.0 5,1.0 9,1.0 182,1.0 183,1.0 221,1.0 440,1.0 442,1.0 
4,1.0 5,1.0 9,1.0 182,1.0 183,1.0 221,1.0 440,1.0 441,1.0 
3,2.0 5,1.0 6,2.0 9,2.0 27,2.0 28,2.0 30,2.0 36,1.0 51,2.0 54,2.0 97,1.0 98,1.0 99,1.0 122,1.0 172,1.0 182,3.0 262,1.0 285,1.0 377,1.0 394,1.0 425,1.0 431,1.0 433,1.0 440,1.0 444,1.0 545,1.0 
3,1.0 5,1.0 9,1.0 27,1.0 193,1.0 425,1.0 440,1.0 443,1.0 
46,1.0 179,1.0 217,1.0 250,1.0 522,1.0 
120,2.0 225,2.0 248,1.0 269,1.0 447,1.0 
120,1.0 217,1.0 
30,1.0 39,1.0 51,1.0 100,1.0 119,1.0 203,1.0 206,1.0 252,1.0 297,1.0 366,1.0 438,1.0 
0,1.0 39,1.0 47,1.0 80,1.0 
1,1.0 451,1.0 
375,1.0 452,1.0 
375,1.0 450,1.0 
8,1.0 16,1.0 
4,1.0 5,1.0 9,1.0 19,3.0 24,3.0 25,2.0 174,3.0 176,3.0 179,1.0 181,1.0 193,1.0 204,1.0 269,1.0 357,1.0 454,1.0 497,3.0 498,1.0 
30,1.0 181,1.0 194,2.0 460,1.0 
195,1.0 263,1.0 298,1.0 
439,1.0 
202,1.0 268,1.0 459,1.0 
202,1.0 268,1.0 349,1.0 405,2.0 458,1.0 
194,1.0 455,1.0 
1,1.0 
4,1.0 6,1.0 7,2.0 16,1.0 29,1.0 54,1.0 78,1.0 99,1.0 221,1.0 299,1.0 388,1.0 444,1.0 
26,1.0 280,1.0 
356,1.0 
354,1.0 
356,1.0 
354,1.0 
352,1.0 370,2.0 
16,1.0 28,1.0 437,1.0 
5,1.0 6,1.0 
12,1.0 13,1.0 31,1.0 77,1.0 
51,1.0 119,1.0 215,1.0 
26,1.0 55,1.0 121,1.0 143,1.0 191,1.0 312,1.0 331,1.0 340,1.0 341,1.0 342,1.0 
55,1.0 122,1.0 
6,1.0 100,1.0 103,1.0 110,1.0 132,1.0 150,1.0 181,1.0 183,1.0 214,1.0 249,1.0 252,1.0 297,1.0 
28,1.0 
6,1.0 54,1.0 70,2.0 73,1.0 75,2.0 192,1.0 193,2.0 373,2.0 
75,1.0 
6,2.0 7,2.0 26,1.0 192,2.0 230,1.0 
6,1.0 192,1.0 229,1.0 230,1.0 241,1.0 
8,1.0 64,1.0 84,1.0 181,2.0 204,1.0 265,1.0 280,1.0 281,2.0 293,1.0 297,1.0 482,1.0 490,1.0 
8,2.0 32,1.0 84,2.0 101,1.0 181,1.0 210,1.0 253,1.0 281,1.0 288,1.0 297,1.0 481,1.0 489,1.0 
44,1.0 70,2.0 80,1.0 107,1.0 108,5.0 110,2.0 127,2.0 131,1.0 132,3.0 133,2.0 135,3.0 142,1.0 146,1.0 148,1.0 150,2.0 152,1.0 158,1.0 211,1.0 216,1.0 228,2.0 263,1.0 299,1.0 484,2.0 485,2.0 492,1.0 493,1.0 
49,1.0 69,1.0 70,1.0 73,1.0 91,1.0 104,4.0 106,1.0 107,10.0 108,1.0 109,7.0 110,2.0 112,6.0 131,2.0 132,2.0 134,2.0 135,5.0 141,9.0 142,6.0 146,2.0 148,2.0 150,3.0 152,7.0 158,1.0 211,1.0 263,1.0 299,1.0 484,1.0 485,3.0 488,6.0 
44,1.0 49,2.0 70,2.0 73,1.0 83,1.0 107,1.0 108,1.0 109,2.0 112,2.0 141,2.0 142,1.0 152,1.0 158,2.0 164,1.0 211,1.0 263,1.0 299,1.0 484,1.0 488,1.0 493,1.0 
10,1.0 27,1.0 64,1.0 100,1.0 102,2.0 136,1.0 138,1.0 265,1.0 292,1.0 487,1.0 533,1.0 
10,2.0 27,2.0 136,2.0 229,1.0 
10,1.0 27,2.0 104,6.0 106,1.0 107,10.0 109,5.0 112,4.0 131,1.0 132,1.0 134,2.0 135,5.0 136,1.0 141,6.0 142,6.0 150,5.0 152,6.0 181,1.0 204,1.0 229,1.0 484,11.0 
8,2.0 118,1.0 210,2.0 297,1.0 
8,1.0 27,1.0 181,2.0 204,2.0 
47,1.0 52,1.0 58,1.0 72,2.0 76,2.0 116,1.0 135,1.0 161,2.0 214,1.0 495,1.0 
42,1.0 44,1.0 56,1.0 70,1.0 80,2.0 228,1.0 483,1.0 485,1.0 493,1.0 
44,1.0 49,1.0 70,1.0 83,1.0 158,1.0 164,1.0 485,1.0 
43,1.0 47,1.0 72,1.0 227,1.0 351,1.0 491,1.0 495,1.0 
47,1.0 52,1.0 72,1.0 76,1.0 161,1.0 491,1.0 
3,1.0 4,2.0 29,2.0 79,2.0 186,1.0 193,2.0 196,2.0 229,3.0 340,1.0 341,1.0 377,1.0 378,1.0 409,1.0 499,1.0 
4,1.0 5,1.0 9,1.0 19,3.0 24,3.0 25,2.0 174,3.0 176,3.0 179,1.0 181,1.0 193,1.0 204,1.0 454,3.0 497,1.0 498,1.0 
19,2.0 24,2.0 25,1.0 174,2.0 176,2.0 454,2.0 497,2.0 
51,1.0 62,1.0 75,1.0 92,1.0 97,1.0 98,1.0 119,1.0 143,1.0 168,1.0 170,1.0 340,1.0 341,1.0 377,1.0 378,1.0 
62,1.0 75,1.0 92,1.0 94,1.0 97,1.0 
0,2.0 29,2.0 75,6.0 79,2.0 92,1.0 94,2.0 97,1.0 100,2.0 168,2.0 170,2.0 416,2.0 502,1.0 
75,1.0 92,1.0 94,1.0 97,1.0 501,1.0 
59,1.0 81,1.0 504,1.0 505,1.0 506,1.0 
59,1.0 81,1.0 503,1.0 505,1.0 506,1.0 
59,1.0 81,1.0 503,1.0 504,1.0 506,1.0 
40,1.0 41,1.0 58,1.0 59,2.0 62,1.0 67,1.0 75,1.0 299,1.0 
180,1.0 
9,1.0 
53,1.0 60,1.0 63,1.0 73,2.0 74,1.0 82,1.0 83,1.0 89,1.0 171,1.0 541,1.0 544,1.0 550,1.0 552,1.0 
26,1.0 42,1.0 
37,1.0 63,1.0 76,1.0 82,1.0 361,1.0 
183,2.0 513,2.0 514,2.0 
183,2.0 512,2.0 514,2.0 
183,2.0 512,2.0 513,2.0 
183,1.0 516,1.0 517,1.0 
183,1.0 515,1.0 517,1.0 
183,1.0 515,1.0 516,1.0 
194,1.0 212,1.0 
0,1.0 29,1.0 100,1.0 198,1.0 416,1.0 
179,1.0 232,1.0 521,1.0 
179,1.0 232,1.0 520,1.0 
6,1.0 250,1.0 
38,1.0 193,1.0 247,1.0 
50,1.0 63,1.0 73,1.0 81,1.0 89,1.0 361,2.0 525,1.0 540,1.0 
63,1.0 73,1.0 81,1.0 89,1.0 524,1.0 
182,1.0 527,1.0 
182,1.0 526,1.0 
171,1.0 
36,1.0 62,1.0 377,1.0 
386,1.0 
8,1.0 325,1.0 
170,1.0 
100,1.0 102,1.0 292,1.0 486,1.0 
97,8.0 104,1.0 105,2.0 106,1.0 110,2.0 111,2.0 139,1.0 142,1.0 181,1.0 203,2.0 263,1.0 299,1.0 385,2.0 
203,1.0 381,1.0 
203,1.0 537,1.0 
203,1.0 536,1.0 
203,2.0 539,2.0 
203,2.0 538,2.0 
357,2.0 360,2.0 361,2.0 
104,1.0 115,1.0 542,1.0 543,1.0 544,2.0 550,1.0 552,1.0 
5,1.0 543,1.0 544,1.0 
5,1.0 542,1.0 544,1.0 
5,1.0 541,1.0 542,1.0 543,1.0 550,1.0 552,1.0 
36,1.0 51,1.0 97,1.0 98,1.0 99,1.0 182,1.0 285,1.0 377,1.0 394,1.0 433,1.0 443,1.0 
10,1.0 104,1.0 106,1.0 181,1.0 547,1.0 
10,1.0 104,1.0 106,1.0 181,1.0 546,1.0 
97,1.0 169,1.0 263,1.0 549,1.0 550,1.0 
97,1.0 169,1.0 263,1.0 548,1.0 550,1.0 
97,2.0 167,1.0 169,1.0 263,2.0 541,1.0 544,1.0 548,1.0 549,1.0 552,1.0 
0,2.0 97,2.0 100,2.0 117,6.0 128,9.0 135,6.0 150,3.0 167,2.0 169,2.0 263,2.0 551,3.0 
541,1.0 544,1.0 550,1.0 
