0,81.0 1,172.0 2,165.0 3,134.0 4,10.0 5,3.0 6,1.0 7,3.0 8,27.0 9,4.0 10,21.0 12,55.0 13,8.0 14,2.0 15,3.0 16,34.0 21,8.0 24,5.0 25,27.0 26,10.0 27,1.0 28,2.0 29,12.0 33,2.0 37,2.0 38,3.0 40,14.0 41,2.0 42,1.0 43,4.0 45,18.0 46,2.0 47,1.0 49,1.0 50,1.0 51,2.0 58,4.0 59,8.0 71,1.0 72,1.0 98,2.0 101,3.0 104,1.0 106,1.0 107,1.0 108,1.0 109,1.0 
0,177.0 1,193.0 2,229.0 3,255.0 4,113.0 5,7.0 6,182.0 7,199.0 8,22.0 9,32.0 10,31.0 11,10.0 12,82.0 13,10.0 14,6.0 15,3.0 16,71.0 17,9.0 19,1.0 20,8.0 21,138.0 22,10.0 24,31.0 25,26.0 26,10.0 27,1.0 28,2.0 29,10.0 31,1.0 32,1.0 33,3.0 34,3.0 35,1.0 36,1.0 37,2.0 38,4.0 39,3.0 40,3.0 41,51.0 42,5.0 43,4.0 45,12.0 46,2.0 47,107.0 49,3.0 52,53.0 53,1.0 54,2.0 56,1.0 58,5.0 59,2.0 63,2.0 64,2.0 67,1.0 68,2.0 71,1.0 72,1.0 73,4.0 74,1.0 76,1.0 77,1.0 86,2.0 90,1.0 94,4.0 95,2.0 98,5.0 101,3.0 102,8.0 103,8.0 104,1.0 106,1.0 107,1.0 108,1.0 109,1.0 
0,163.0 1,224.0 2,182.0 3,177.0 4,146.0 5,7.0 6,2.0 7,10.0 8,13.0 9,72.0 10,102.0 12,62.0 13,10.0 14,3.0 15,3.0 16,216.0 17,10.0 18,10.0 19,12.0 20,17.0 21,14.0 23,3.0 24,10.0 25,1.0 26,4.0 29,54.0 33,2.0 34,1.0 37,6.0 38,1.0 39,17.0 40,76.0 41,91.0 42,45.0 43,6.0 44,1.0 45,1.0 47,6.0 49,8.0 51,1.0 52,82.0 54,4.0 58,4.0 59,1.0 60,1.0 61,2.0 62,2.0 63,2.0 64,2.0 66,1.0 70,2.0 71,1.0 77,2.0 81,1.0 98,7.0 99,4.0 100,1.0 101,4.0 102,8.0 103,8.0 104,1.0 105,1.0 106,1.0 107,1.0 108,1.0 109,1.0 
0,136.0 1,258.0 2,176.0 3,119.0 4,75.0 5,8.0 6,65.0 7,87.0 8,14.0 9,15.0 10,24.0 11,10.0 12,38.0 13,8.0 15,2.0 16,22.0 17,1.0 19,1.0 21,16.0 23,2.0 24,4.0 25,1.0 29,4.0 30,2.0 32,1.0 33,2.0 35,1.0 36,1.0 37,6.0 38,2.0 40,1.0 41,9.0 42,1.0 43,4.0 45,8.0 47,8.0 52,11.0 56,1.0 58,1.0 59,2.0 65,1.0 67,1.0 71,1.0 73,4.0 74,1.0 76,1.0 94,2.0 98,5.0 101,3.0 102,8.0 103,8.0 104,1.0 105,1.0 106,1.0 107,1.0 108,1.0 109,1.0 
0,9.0 1,115.0 2,146.0 3,74.0 4,119.0 5,7.0 6,94.0 7,120.0 8,17.0 9,100.0 10,126.0 11,7.0 12,24.0 13,2.0 14,3.0 16,129.0 17,18.0 18,10.0 19,12.0 20,23.0 21,82.0 22,10.0 23,3.0 24,8.0 25,16.0 29,72.0 30,3.0 31,1.0 32,1.0 33,1.0 34,2.0 35,1.0 36,1.0 37,4.0 40,38.0 41,20.0 42,31.0 45,11.0 46,15.0 47,34.0 48,2.0 49,9.0 50,1.0 51,1.0 52,14.0 58,7.0 59,2.0 60,1.0 66,1.0 67,1.0 68,1.0 70,3.0 79,1.0 80,1.0 81,3.0 98,9.0 99,4.0 100,2.0 101,1.0 
1,11.0 3,10.0 4,9.0 6,12.0 7,12.0 8,1.0 10,1.0 12,2.0 16,3.0 21,5.0 23,1.0 25,1.0 29,1.0 30,1.0 32,1.0 41,2.0 45,1.0 47,5.0 52,3.0 56,1.0 58,1.0 59,2.0 65,1.0 70,3.0 
0,3.0 1,186.0 2,3.0 3,61.0 4,94.0 5,3.0 6,85.0 7,194.0 8,7.0 9,27.0 10,6.0 11,6.0 12,1.0 14,3.0 16,4.0 17,11.0 19,2.0 20,10.0 21,146.0 22,10.0 24,20.0 25,5.0 31,1.0 32,1.0 34,3.0 35,1.0 36,1.0 40,12.0 45,4.0 46,1.0 47,106.0 48,1.0 52,2.0 56,2.0 59,6.0 67,1.0 68,2.0 70,1.0 73,4.0 86,2.0 87,2.0 90,2.0 91,1.0 94,2.0 95,2.0 96,1.0 97,1.0 98,4.0 
0,3.0 1,202.0 2,10.0 3,86.0 4,124.0 5,5.0 6,197.0 7,105.0 8,8.0 9,27.0 10,41.0 11,6.0 12,7.0 14,4.0 16,29.0 17,13.0 19,4.0 20,16.0 21,169.0 22,12.0 24,19.0 25,1.0 29,13.0 30,3.0 31,1.0 32,1.0 33,1.0 34,3.0 35,1.0 36,1.0 37,2.0 40,8.0 41,1.0 45,2.0 46,9.0 47,107.0 49,2.0 50,1.0 51,1.0 52,3.0 54,10.0 56,1.0 59,4.0 67,1.0 68,2.0 73,4.0 85,2.0 86,2.0 90,2.0 91,1.0 94,2.0 95,2.0 96,1.0 97,1.0 98,3.0 
0,30.0 1,25.0 2,16.0 3,17.0 4,14.0 5,1.0 6,7.0 7,9.0 8,11.0 9,7.0 10,5.0 11,2.0 12,15.0 14,2.0 16,13.0 21,4.0 24,4.0 25,23.0 29,2.0 33,1.0 38,2.0 39,4.0 40,15.0 41,2.0 42,4.0 45,20.0 49,1.0 50,1.0 51,1.0 56,2.0 57,1.0 58,7.0 59,6.0 65,2.0 
0,7.0 1,24.0 2,74.0 3,18.0 4,91.0 5,3.0 6,16.0 7,21.0 8,6.0 9,33.0 10,74.0 11,3.0 12,9.0 14,2.0 16,77.0 17,9.0 18,8.0 19,12.0 20,9.0 21,18.0 23,3.0 24,2.0 25,11.0 29,44.0 33,2.0 34,4.0 38,2.0 39,2.0 40,13.0 41,13.0 42,2.0 45,4.0 46,1.0 47,6.0 50,1.0 52,10.0 54,1.0 58,6.0 59,3.0 60,2.0 68,1.0 70,2.0 81,3.0 82,2.0 88,1.0 90,1.0 91,1.0 98,4.0 99,4.0 
0,14.0 1,30.0 2,96.0 3,25.0 4,126.0 5,7.0 6,9.0 7,40.0 8,3.0 9,66.0 10,50.0 12,2.0 16,122.0 17,12.0 18,10.0 19,11.0 20,21.0 21,18.0 23,3.0 24,4.0 25,13.0 26,6.0 27,1.0 28,2.0 29,79.0 30,3.0 37,2.0 40,1.0 41,19.0 42,1.0 45,4.0 46,3.0 47,2.0 49,5.0 52,11.0 54,9.0 58,1.0 59,3.0 60,1.0 70,2.0 72,1.0 79,1.0 80,1.0 81,2.0 85,2.0 98,4.0 99,4.0 
0,6.0 1,12.0 2,7.0 3,11.0 4,3.0 7,3.0 8,4.0 9,4.0 10,1.0 11,2.0 12,4.0 16,6.0 21,1.0 34,1.0 39,2.0 52,2.0 67,2.0 68,1.0 69,1.0 
0,56.0 1,80.0 2,66.0 3,37.0 4,26.0 6,1.0 7,8.0 8,15.0 9,12.0 10,5.0 12,48.0 13,8.0 14,5.0 15,3.0 16,23.0 19,1.0 21,15.0 22,2.0 24,8.0 25,44.0 26,4.0 28,1.0 29,3.0 33,4.0 38,3.0 39,10.0 40,6.0 41,32.0 42,5.0 43,2.0 45,20.0 46,12.0 47,1.0 48,1.0 49,2.0 51,3.0 52,28.0 53,2.0 54,5.0 56,2.0 57,1.0 58,16.0 59,5.0 60,4.0 65,2.0 66,2.0 71,1.0 72,1.0 74,1.0 76,1.0 81,1.0 83,2.0 88,4.0 89,2.0 
0,9.0 1,10.0 2,10.0 3,8.0 4,1.0 12,8.0 
2,5.0 4,7.0 6,2.0 9,8.0 10,6.0 12,2.0 15,1.0 16,5.0 20,1.0 25,3.0 29,1.0 33,3.0 40,2.0 41,2.0 45,1.0 47,1.0 52,1.0 54,1.0 58,1.0 59,1.0 60,1.0 78,1.0 88,1.0 
2,3.0 4,3.0 9,3.0 10,3.0 14,1.0 16,3.0 29,2.0 33,2.0 71,1.0 
0,33.0 1,69.0 2,213.0 3,27.0 4,126.0 5,12.0 6,5.0 7,30.0 8,15.0 9,72.0 10,126.0 11,3.0 12,21.0 14,3.0 16,107.0 17,12.0 18,10.0 19,14.0 20,23.0 21,19.0 23,3.0 24,10.0 25,2.0 26,4.0 29,71.0 30,3.0 33,1.0 34,4.0 39,19.0 40,64.0 41,100.0 42,21.0 45,1.0 47,2.0 49,8.0 51,3.0 52,104.0 54,16.0 55,2.0 56,5.0 58,4.0 59,16.0 60,1.0 61,2.0 62,2.0 63,2.0 64,2.0 65,4.0 66,3.0 67,2.0 68,2.0 69,2.0 70,3.0 77,2.0 78,1.0 80,1.0 81,2.0 84,2.0 85,2.0 98,5.0 99,4.0 
1,10.0 2,10.0 4,20.0 6,12.0 7,14.0 9,8.0 10,12.0 16,12.0 18,5.0 20,5.0 21,14.0 24,2.0 29,8.0 47,6.0 54,2.0 
2,10.0 4,10.0 9,8.0 10,10.0 16,10.0 19,5.0 29,8.0 
1,1.0 2,11.0 3,2.0 4,11.0 6,3.0 7,4.0 9,11.0 10,11.0 16,12.0 17,1.0 19,1.0 20,5.0 21,4.0 24,1.0 29,8.0 40,3.0 41,1.0 52,1.0 54,1.0 59,1.0 81,1.0 
1,11.0 2,13.0 3,3.0 4,19.0 5,1.0 6,10.0 7,17.0 9,12.0 10,17.0 12,1.0 16,19.0 17,1.0 20,1.0 21,17.0 24,2.0 29,4.0 41,6.0 47,6.0 52,6.0 54,4.0 58,1.0 59,1.0 70,1.0 85,2.0 98,2.0 
0,10.0 1,143.0 2,14.0 3,16.0 4,81.0 5,2.0 6,146.0 7,167.0 8,3.0 9,27.0 10,17.0 11,3.0 12,14.0 14,4.0 16,22.0 17,13.0 19,4.0 20,16.0 21,76.0 22,12.0 24,20.0 25,1.0 29,2.0 31,1.0 33,1.0 34,5.0 38,2.0 40,16.0 41,1.0 42,8.0 45,2.0 46,16.0 47,103.0 49,2.0 50,1.0 51,2.0 52,3.0 54,10.0 56,1.0 58,9.0 59,6.0 68,2.0 81,2.0 82,2.0 85,2.0 86,2.0 90,2.0 91,1.0 94,2.0 95,2.0 98,2.0 
1,5.0 2,2.0 4,8.0 6,5.0 7,7.0 9,2.0 10,2.0 12,2.0 14,2.0 16,2.0 21,7.0 34,1.0 46,2.0 47,3.0 68,1.0 
3,2.0 4,3.0 5,1.0 6,3.0 7,3.0 21,3.0 47,1.0 70,1.0 
0,6.0 1,32.0 2,12.0 4,12.0 6,21.0 7,20.0 8,4.0 9,2.0 10,2.0 12,10.0 14,1.0 16,12.0 17,6.0 20,1.0 21,22.0 24,4.0 25,11.0 28,1.0 39,2.0 40,2.0 41,18.0 45,4.0 46,1.0 47,7.0 51,1.0 52,18.0 53,1.0 54,2.0 56,1.0 58,2.0 59,2.0 66,1.0 72,1.0 86,2.0 89,1.0 90,1.0 
0,28.0 1,27.0 2,1.0 4,14.0 6,5.0 7,1.0 8,25.0 9,9.0 10,13.0 11,1.0 12,45.0 14,2.0 16,1.0 21,1.0 24,12.0 25,32.0 26,6.0 27,1.0 28,3.0 29,10.0 33,2.0 38,4.0 39,7.0 40,17.0 41,22.0 42,4.0 45,37.0 46,2.0 47,2.0 48,2.0 50,1.0 51,2.0 52,22.0 53,2.0 54,5.0 56,3.0 57,1.0 58,11.0 59,11.0 60,4.0 65,2.0 66,2.0 72,2.0 83,2.0 87,2.0 88,4.0 89,2.0 
0,5.0 1,5.0 2,4.0 4,2.0 10,5.0 12,2.0 16,4.0 25,3.0 27,1.0 28,2.0 29,4.0 72,1.0 
28,1.0 
1,1.0 4,3.0 6,1.0 7,5.0 10,4.0 16,4.0 20,1.0 21,2.0 24,1.0 29,3.0 54,1.0 72,2.0 93,1.0 
0,8.0 1,8.0 2,51.0 3,5.0 4,75.0 5,4.0 6,1.0 7,14.0 8,3.0 9,45.0 10,79.0 12,1.0 16,70.0 17,8.0 18,8.0 19,8.0 20,8.0 21,3.0 23,1.0 25,10.0 26,4.0 28,2.0 29,31.0 30,3.0 34,2.0 38,1.0 39,2.0 40,1.0 41,8.0 42,2.0 45,4.0 46,1.0 49,4.0 52,2.0 56,1.0 58,2.0 65,1.0 70,2.0 72,1.0 79,1.0 80,1.0 81,1.0 82,1.0 98,2.0 
3,2.0 4,3.0 5,1.0 7,3.0 10,3.0 16,2.0 29,2.0 
9,1.0 11,1.0 
1,1.0 3,1.0 4,2.0 5,1.0 6,1.0 7,1.0 
2,3.0 4,4.0 9,5.0 10,4.0 12,2.0 14,3.0 15,2.0 16,3.0 25,2.0 29,3.0 41,2.0 52,1.0 54,1.0 60,1.0 71,1.0 78,1.0 88,1.0 
0,2.0 1,2.0 2,1.0 4,2.0 5,1.0 6,1.0 9,3.0 10,3.0 16,4.0 21,2.0 25,2.0 29,5.0 38,1.0 39,3.0 42,1.0 52,3.0 56,1.0 58,2.0 65,1.0 68,3.0 69,1.0 70,1.0 82,1.0 
1,1.0 3,1.0 4,1.0 6,1.0 7,1.0 36,1.0 
1,1.0 3,1.0 4,1.0 6,1.0 7,1.0 11,1.0 
0,1.0 1,2.0 2,4.0 3,4.0 4,2.0 10,2.0 38,1.0 98,1.0 
2,5.0 3,1.0 4,1.0 5,1.0 9,1.0 16,5.0 21,1.0 39,1.0 40,6.0 41,5.0 42,4.0 52,4.0 58,1.0 59,1.0 82,1.0 
2,16.0 4,1.0 5,1.0 6,1.0 8,6.0 9,2.0 10,2.0 11,2.0 12,11.0 14,1.0 16,19.0 20,2.0 25,7.0 29,2.0 34,4.0 39,12.0 40,9.0 41,14.0 42,9.0 43,2.0 44,1.0 45,6.0 51,2.0 52,15.0 54,3.0 56,3.0 57,1.0 58,3.0 65,3.0 66,2.0 67,2.0 68,2.0 69,2.0 70,1.0 
0,14.0 1,7.0 2,77.0 3,3.0 4,35.0 5,1.0 6,9.0 7,9.0 8,16.0 9,12.0 10,1.0 12,6.0 16,69.0 19,5.0 21,16.0 24,3.0 25,20.0 29,1.0 38,2.0 39,9.0 40,44.0 41,58.0 42,41.0 43,2.0 44,1.0 45,17.0 46,1.0 47,1.0 49,2.0 50,2.0 51,2.0 52,48.0 53,1.0 54,3.0 55,2.0 56,2.0 58,1.0 59,20.0 61,2.0 62,2.0 77,1.0 84,2.0 87,2.0 90,1.0 91,1.0 98,2.0 100,1.0 101,1.0 
0,2.0 1,52.0 2,91.0 3,7.0 4,19.0 5,3.0 7,2.0 8,2.0 9,13.0 10,19.0 12,33.0 16,102.0 19,3.0 20,6.0 21,2.0 24,16.0 25,23.0 29,9.0 34,1.0 38,3.0 39,16.0 40,55.0 41,58.0 42,16.0 43,2.0 44,1.0 45,6.0 52,118.0 53,2.0 54,6.0 55,2.0 56,1.0 58,9.0 59,12.0 61,2.0 62,2.0 63,2.0 64,2.0 74,1.0 76,1.0 77,1.0 79,1.0 80,1.0 81,2.0 83,2.0 84,2.0 
0,3.0 1,3.0 2,42.0 3,2.0 4,30.0 5,1.0 8,6.0 9,1.0 10,1.0 12,2.0 16,24.0 21,7.0 25,4.0 29,1.0 38,2.0 39,9.0 40,43.0 41,14.0 42,18.0 43,2.0 44,1.0 45,4.0 49,2.0 51,1.0 52,4.0 54,1.0 55,1.0 58,1.0 59,4.0 61,2.0 66,1.0 77,2.0 82,1.0 98,2.0 100,1.0 101,1.0 
0,2.0 1,2.0 2,6.0 3,2.0 4,2.0 9,2.0 10,2.0 12,1.0 16,3.0 29,2.0 39,2.0 40,2.0 41,2.0 42,2.0 
4,1.0 25,1.0 40,1.0 42,1.0 45,1.0 
0,19.0 1,12.0 2,1.0 3,8.0 4,10.0 6,5.0 7,3.0 8,24.0 9,3.0 10,4.0 11,1.0 12,22.0 16,1.0 21,3.0 24,4.0 25,38.0 29,4.0 38,3.0 39,7.0 40,16.0 41,6.0 42,1.0 45,18.0 46,2.0 47,2.0 48,2.0 50,1.0 52,4.0 54,1.0 56,2.0 57,1.0 58,5.0 59,9.0 65,1.0 74,1.0 76,1.0 87,2.0 
0,1.0 1,2.0 4,14.0 6,1.0 7,9.0 9,4.0 10,2.0 12,10.0 14,1.0 21,16.0 22,2.0 25,2.0 29,1.0 33,1.0 34,1.0 40,1.0 45,2.0 46,6.0 47,1.0 48,1.0 49,2.0 51,1.0 58,6.0 59,1.0 81,2.0 
0,3.0 1,109.0 2,7.0 3,10.0 4,36.0 6,106.0 7,107.0 9,10.0 10,2.0 11,1.0 12,1.0 16,3.0 17,6.0 20,6.0 21,103.0 22,6.0 24,7.0 25,1.0 34,2.0 40,3.0 45,1.0 46,1.0 47,47.0 48,1.0 52,2.0 59,1.0 68,2.0 94,2.0 95,2.0 96,1.0 97,1.0 98,2.0 
4,1.0 6,1.0 11,1.0 25,1.0 45,1.0 47,1.0 
0,2.0 1,4.0 2,8.0 3,1.0 4,6.0 7,1.0 8,2.0 9,1.0 10,2.0 12,2.0 14,1.0 16,6.0 21,1.0 29,2.0 33,1.0 40,3.0 41,1.0 42,3.0 46,1.0 
0,1.0 7,1.0 8,1.0 21,1.0 40,1.0 51,1.0 
1,1.0 11,1.0 12,3.0 16,3.0 24,1.0 25,3.0 28,1.0 39,2.0 40,2.0 41,3.0 52,6.0 55,1.0 59,1.0 66,3.0 67,1.0 72,1.0 89,1.0 
1,53.0 2,82.0 3,7.0 4,14.0 5,5.0 6,1.0 7,2.0 9,9.0 10,11.0 11,2.0 12,29.0 14,1.0 16,105.0 19,3.0 20,6.0 21,2.0 24,18.0 25,24.0 29,2.0 33,1.0 34,4.0 38,3.0 39,16.0 40,45.0 41,118.0 42,5.0 45,3.0 51,3.0 52,60.0 53,2.0 54,6.0 55,2.0 56,5.0 58,9.0 59,15.0 61,2.0 62,2.0 63,2.0 64,2.0 65,4.0 66,3.0 67,2.0 68,2.0 69,2.0 70,1.0 78,1.0 81,1.0 83,2.0 84,2.0 94,2.0 
1,2.0 12,2.0 24,2.0 25,2.0 41,2.0 52,2.0 
2,4.0 3,1.0 5,1.0 7,11.0 9,1.0 10,11.0 12,6.0 16,16.0 17,2.0 19,3.0 20,5.0 21,11.0 24,1.0 25,6.0 39,4.0 40,3.0 41,5.0 45,2.0 51,1.0 52,5.0 54,6.0 55,1.0 59,2.0 60,3.0 66,1.0 88,3.0 89,1.0 
1,1.0 7,1.0 12,1.0 16,3.0 19,1.0 21,1.0 25,1.0 40,3.0 41,3.0 52,3.0 54,2.0 58,1.0 59,1.0 
7,1.0 8,2.0 9,1.0 10,1.0 12,4.0 14,2.0 16,4.0 20,1.0 21,1.0 25,4.0 33,2.0 39,4.0 45,2.0 51,1.0 52,3.0 54,1.0 57,1.0 59,1.0 65,3.0 66,1.0 78,1.0 
2,1.0 8,2.0 12,2.0 16,1.0 25,1.0 39,2.0 45,1.0 58,1.0 
0,4.0 1,3.0 2,4.0 3,1.0 4,6.0 5,1.0 8,5.0 9,9.0 10,2.0 12,12.0 14,2.0 16,3.0 19,1.0 20,1.0 21,9.0 25,9.0 29,2.0 34,2.0 38,4.0 39,1.0 40,2.0 41,7.0 42,4.0 45,4.0 46,5.0 52,7.0 58,6.0 59,2.0 81,2.0 82,2.0 83,2.0 
0,10.0 1,5.0 3,2.0 4,1.0 5,2.0 6,5.0 7,3.0 8,8.0 9,1.0 10,2.0 12,4.0 14,1.0 16,15.0 20,1.0 21,5.0 24,3.0 25,14.0 33,1.0 40,20.0 41,12.0 45,11.0 46,1.0 47,1.0 51,1.0 52,16.0 54,2.0 55,1.0 56,4.0 58,2.0 59,6.0 60,1.0 65,2.0 78,1.0 84,2.0 87,2.0 91,1.0 
0,1.0 1,1.0 6,1.0 12,4.0 21,1.0 24,2.0 25,4.0 47,1.0 51,1.0 54,3.0 59,1.0 60,1.0 66,1.0 88,3.0 89,1.0 
0,2.0 8,2.0 25,2.0 40,2.0 42,2.0 45,2.0 59,2.0 
1,1.0 2,2.0 16,2.0 40,1.0 41,2.0 52,2.0 
1,2.0 2,2.0 16,2.0 24,1.0 41,2.0 52,2.0 
1,1.0 2,2.0 16,2.0 39,1.0 41,2.0 52,2.0 
8,1.0 9,1.0 12,2.0 14,2.0 16,3.0 25,2.0 33,2.0 39,2.0 51,1.0 52,3.0 56,3.0 59,1.0 66,1.0 78,1.0 
1,1.0 11,1.0 12,2.0 16,2.0 24,1.0 25,2.0 28,1.0 39,2.0 41,1.0 51,3.0 52,4.0 67,1.0 72,1.0 89,1.0 
0,1.0 1,1.0 2,1.0 3,1.0 11,2.0 12,1.0 16,2.0 34,1.0 39,2.0 52,2.0 68,1.0 69,1.0 
0,1.0 1,1.0 2,1.0 4,2.0 5,1.0 6,1.0 9,1.0 10,2.0 16,2.0 25,1.0 29,2.0 34,3.0 39,1.0 52,1.0 69,1.0 70,1.0 
4,1.0 5,1.0 6,1.0 16,1.0 34,1.0 39,1.0 52,1.0 68,1.0 70,1.0 
1,2.0 3,1.0 4,3.0 5,3.0 6,4.0 7,3.0 21,2.0 23,1.0 47,2.0 
2,1.0 4,1.0 9,1.0 10,1.0 15,1.0 16,1.0 29,1.0 33,1.0 
1,1.0 4,1.0 6,1.0 7,2.0 10,1.0 16,1.0 21,1.0 24,1.0 28,2.0 29,1.0 
1,3.0 3,3.0 4,1.0 5,1.0 6,3.0 7,2.0 21,1.0 
75,1.0 
1,1.0 3,1.0 12,1.0 41,1.0 45,1.0 76,1.0 
1,2.0 3,2.0 4,1.0 10,1.0 12,2.0 16,1.0 29,1.0 41,3.0 45,2.0 52,1.0 80,1.0 
1,1.0 2,2.0 4,1.0 16,2.0 42,2.0 
4,1.0 10,1.0 14,1.0 29,1.0 33,1.0 41,1.0 
76,1.0 
4,2.0 9,1.0 10,2.0 16,2.0 29,2.0 41,2.0 
4,2.0 7,1.0 9,2.0 12,2.0 21,4.0 29,1.0 34,1.0 46,3.0 58,3.0 
3,1.0 5,1.0 9,1.0 21,1.0 38,1.0 42,1.0 58,1.0 
12,1.0 25,1.0 41,1.0 42,1.0 52,1.0 58,1.0 
16,1.0 40,1.0 41,1.0 52,1.0 56,1.0 59,1.0 
3,1.0 7,1.0 10,1.0 16,1.0 20,1.0 21,1.0 
1,1.0 6,1.0 7,1.0 14,1.0 21,1.0 24,1.0 
6,1.0 25,1.0 40,1.0 45,1.0 56,1.0 59,1.0 
12,4.0 24,1.0 25,4.0 51,1.0 54,3.0 60,3.0 66,1.0 88,1.0 89,1.0 
12,1.0 24,1.0 25,1.0 28,1.0 51,1.0 66,1.0 72,1.0 
6,2.0 7,2.0 9,2.0 19,1.0 21,2.0 40,2.0 
92,1.0 
28,1.0 93,1.0 
7,1.0 10,1.0 16,1.0 20,1.0 21,1.0 28,1.0 54,1.0 
1,4.0 2,2.0 3,2.0 16,2.0 24,2.0 41,2.0 52,4.0 
1,2.0 6,2.0 7,2.0 21,2.0 47,2.0 
1,1.0 3,1.0 11,1.0 21,1.0 97,1.0 
1,1.0 3,1.0 11,1.0 21,1.0 96,1.0 
0,7.0 1,11.0 2,8.0 3,7.0 4,3.0 6,3.0 7,3.0 12,3.0 16,2.0 21,2.0 47,2.0 
1,2.0 2,2.0 4,2.0 6,2.0 7,2.0 9,2.0 10,2.0 16,2.0 21,2.0 47,2.0 
2,2.0 4,2.0 16,1.0 40,2.0 42,2.0 
0,2.0 1,2.0 2,4.0 3,2.0 4,2.0 21,2.0 40,2.0 42,2.0 
1,8.0 2,4.0 3,8.0 7,4.0 47,4.0 103,4.0 
1,8.0 2,4.0 3,8.0 7,4.0 47,4.0 102,4.0 
2,1.0 3,1.0 105,1.0 
2,2.0 3,2.0 4,1.0 
107,1.0 108,1.0 109,1.0 
106,1.0 108,1.0 109,1.0 
106,1.0 107,1.0 109,1.0 
106,1.0 107,1.0 108,1.0 
