0,3.0 1,4.0 3,1.0 13,2.0 15,2.0 20,1.0 21,10.0 22,1.0 25,7.0 50,1.0 51,1.0 78,1.0 79,2.0 113,11.0 
0,1.0 2,3.0 5,1.0 6,1.0 15,1.0 20,2.0 21,2.0 28,1.0 50,1.0 
3,3.0 6,1.0 15,1.0 18,1.0 21,1.0 22,2.0 45,1.0 
2,1.0 4,3.0 5,4.0 6,2.0 15,3.0 16,4.0 17,1.0 20,1.0 22,1.0 23,1.0 27,1.0 30,1.0 31,1.0 
3,3.0 6,2.0 14,1.0 16,1.0 20,1.0 
3,1.0 4,5.0 6,4.0 7,2.0 8,2.0 9,2.0 10,2.0 15,1.0 21,1.0 24,3.0 25,1.0 28,1.0 29,1.0 30,1.0 74,1.0 
5,2.0 7,2.0 8,2.0 9,2.0 10,2.0 13,2.0 14,1.0 18,4.0 28,4.0 29,1.0 38,1.0 40,1.0 45,2.0 46,1.0 47,1.0 66,1.0 67,1.0 70,5.0 72,1.0 73,1.0 
7,2.0 8,8.0 9,6.0 10,6.0 11,4.0 12,3.0 20,1.0 27,1.0 65,3.0 66,1.0 67,1.0 68,2.0 69,2.0 
7,8.0 8,2.0 9,6.0 10,6.0 11,4.0 12,3.0 20,1.0 27,1.0 65,2.0 66,1.0 67,1.0 68,2.0 69,2.0 82,1.0 157,1.0 158,1.0 159,1.0 160,1.0 
7,6.0 8,6.0 9,2.0 10,6.0 11,4.0 12,2.0 68,1.0 123,1.0 124,1.0 134,1.0 135,1.0 146,1.0 147,1.0 148,1.0 
7,6.0 8,6.0 9,6.0 10,2.0 11,4.0 12,2.0 199,1.0 200,1.0 201,1.0 202,1.0 
7,2.0 8,2.0 9,2.0 10,2.0 12,2.0 
0,2.0 7,1.0 8,1.0 27,1.0 40,1.0 64,1.0 65,1.0 68,1.0 69,1.0 80,1.0 115,1.0 118,1.0 119,1.0 130,1.0 131,1.0 
0,3.0 1,1.0 14,1.0 15,2.0 20,2.0 21,3.0 23,1.0 47,2.0 114,1.0 
5,1.0 6,1.0 7,1.0 8,1.0 12,1.0 15,1.0 20,1.0 24,1.0 28,1.0 29,2.0 65,1.0 68,1.0 69,1.0 71,3.0 
2,1.0 3,9.0 16,2.0 17,1.0 21,2.0 22,2.0 26,2.0 27,1.0 30,1.0 31,1.0 39,2.0 40,2.0 41,2.0 42,2.0 48,1.0 
2,1.0 5,1.0 15,1.0 17,5.0 22,1.0 24,2.0 27,1.0 
2,1.0 5,1.0 16,1.0 18,1.0 22,2.0 39,1.0 40,1.0 42,1.0 73,1.0 80,1.0 115,1.0 132,1.0 
0,1.0 6,1.0 19,1.0 21,1.0 24,1.0 28,1.0 38,3.0 45,2.0 
5,1.0 
0,1.0 1,5.0 5,1.0 6,1.0 21,2.0 23,2.0 24,1.0 25,1.0 28,1.0 50,1.0 
0,13.0 1,1.0 3,1.0 15,5.0 20,1.0 21,3.0 25,9.0 26,2.0 28,1.0 39,2.0 40,2.0 41,2.0 42,2.0 50,1.0 51,1.0 79,1.0 113,7.0 
2,4.0 6,1.0 18,1.0 45,1.0 47,1.0 48,1.0 49,1.0 
5,1.0 20,2.0 21,1.0 24,1.0 25,1.0 
3,1.0 5,5.0 6,1.0 15,1.0 21,1.0 25,1.0 28,1.0 30,1.0 
0,7.0 15,2.0 21,10.0 25,3.0 26,2.0 79,1.0 113,7.0 
15,2.0 16,1.0 22,1.0 27,1.0 48,1.0 
5,1.0 16,3.0 24,1.0 
6,5.0 13,1.0 14,1.0 18,1.0 29,1.0 38,1.0 45,1.0 46,1.0 47,1.0 
5,1.0 6,1.0 14,3.0 24,1.0 28,1.0 
3,1.0 15,1.0 31,1.0 
32,1.0 
33,4.0 
3,1.0 15,1.0 21,1.0 34,1.0 54,1.0 60,1.0 
35,2.0 
32,1.0 36,1.0 63,1.0 
37,1.0 
32,1.0 
13,4.0 46,1.0 47,1.0 
39,2.0 40,8.0 41,6.0 42,7.0 43,4.0 44,2.0 73,2.0 80,2.0 115,2.0 116,1.0 117,1.0 118,1.0 119,1.0 127,1.0 129,1.0 132,1.0 133,1.0 134,1.0 135,1.0 136,1.0 137,1.0 
12,1.0 25,1.0 39,8.0 40,2.0 41,7.0 42,7.0 43,4.0 44,2.0 64,4.0 66,2.0 67,1.0 72,1.0 73,3.0 79,1.0 80,4.0 81,1.0 115,4.0 116,1.0 117,1.0 118,2.0 119,2.0 123,1.0 127,1.0 129,1.0 130,1.0 131,1.0 132,1.0 133,1.0 134,1.0 135,1.0 136,1.0 137,1.0 139,1.0 140,1.0 141,1.0 142,1.0 143,1.0 
39,6.0 40,7.0 41,2.0 42,6.0 43,4.0 44,2.0 64,1.0 66,1.0 79,1.0 80,2.0 81,2.0 82,1.0 83,1.0 84,1.0 85,1.0 115,1.0 
39,7.0 40,7.0 41,6.0 42,2.0 43,4.0 44,2.0 73,1.0 80,1.0 115,1.0 127,1.0 129,1.0 132,1.0 133,1.0 134,1.0 135,1.0 136,1.0 137,1.0 
39,2.0 40,2.0 41,2.0 42,2.0 44,2.0 
6,2.0 
0,1.0 6,1.0 18,3.0 21,1.0 28,1.0 
13,1.0 38,1.0 47,1.0 
1,1.0 13,2.0 14,1.0 20,2.0 23,1.0 29,1.0 49,1.0 
22,1.0 47,1.0 49,1.0 
14,1.0 29,1.0 47,1.0 
0,1.0 21,1.0 51,1.0 75,1.0 
52,1.0 
53,1.0 
32,1.0 
55,1.0 
56,1.0 
34,1.0 57,2.0 
58,1.0 61,1.0 
59,1.0 
33,1.0 
56,1.0 
62,1.0 
35,1.0 
40,1.0 
7,1.0 12,1.0 40,3.0 41,1.0 66,1.0 79,1.0 80,2.0 81,1.0 115,2.0 118,1.0 119,1.0 123,1.0 130,1.0 131,1.0 139,1.0 140,1.0 141,1.0 142,1.0 143,1.0 
7,3.0 8,3.0 12,1.0 20,1.0 27,1.0 65,1.0 66,2.0 67,2.0 68,3.0 69,3.0 
7,1.0 8,1.0 20,1.0 25,1.0 40,2.0 41,1.0 64,1.0 65,1.0 67,2.0 68,1.0 69,1.0 72,1.0 73,1.0 79,1.0 80,1.0 81,1.0 115,1.0 
7,1.0 8,1.0 20,1.0 25,1.0 40,1.0 65,1.0 66,2.0 68,1.0 69,1.0 72,1.0 73,1.0 
7,2.0 8,2.0 9,1.0 12,1.0 20,1.0 27,1.0 65,2.0 66,1.0 67,1.0 69,2.0 123,1.0 124,1.0 134,1.0 135,1.0 146,1.0 147,1.0 148,1.0 
7,2.0 8,2.0 12,1.0 20,1.0 27,1.0 65,2.0 66,1.0 67,1.0 68,2.0 
6,1.0 13,1.0 14,2.0 40,2.0 41,1.0 64,1.0 66,2.0 67,1.0 71,1.0 72,1.0 73,1.0 80,1.0 81,1.0 115,1.0 
6,1.0 7,1.0 8,1.0 12,2.0 14,1.0 40,1.0 64,1.0 65,1.0 68,1.0 69,1.0 70,1.0 80,1.0 115,1.0 130,1.0 131,1.0 
25,1.0 40,1.0 66,1.0 67,1.0 73,1.0 
25,1.0 39,2.0 40,3.0 42,1.0 66,1.0 67,1.0 72,1.0 80,2.0 115,2.0 116,1.0 117,1.0 118,1.0 119,1.0 127,1.0 129,1.0 132,1.0 133,1.0 134,1.0 135,1.0 136,1.0 137,1.0 
50,1.0 
76,1.0 
77,1.0 
56,1.0 
41,1.0 79,1.0 80,1.0 81,1.0 82,1.0 83,1.0 84,1.0 
41,1.0 78,1.0 80,1.0 81,1.0 82,1.0 83,1.0 84,1.0 112,4.0 
12,1.0 39,2.0 40,4.0 41,2.0 42,1.0 64,2.0 66,1.0 73,2.0 79,1.0 81,3.0 82,1.0 83,1.0 84,1.0 85,1.0 115,4.0 116,1.0 117,1.0 118,2.0 119,2.0 123,1.0 124,1.0 127,1.0 129,1.0 130,1.0 131,1.0 132,1.0 133,1.0 134,1.0 135,1.0 136,1.0 137,1.0 146,1.0 151,1.0 152,1.0 153,1.0 154,1.0 
40,1.0 41,2.0 64,1.0 66,1.0 79,1.0 80,3.0 82,1.0 83,1.0 84,1.0 85,1.0 115,1.0 123,1.0 124,1.0 146,1.0 151,1.0 152,1.0 153,1.0 154,1.0 
41,1.0 80,1.0 81,1.0 83,1.0 84,1.0 85,1.0 158,1.0 159,1.0 160,1.0 161,1.0 162,1.0 
41,1.0 80,1.0 81,1.0 82,1.0 84,1.0 85,1.0 
41,1.0 80,1.0 81,1.0 82,1.0 83,1.0 85,1.0 
86,1.0 
87,1.0 96,1.0 100,1.0 164,1.0 165,1.0 166,1.0 
88,2.0 
89,1.0 97,1.0 102,1.0 
90,1.0 163,1.0 
91,1.0 167,2.0 
92,1.0 
93,1.0 
94,1.0 
95,1.0 99,1.0 
96,1.0 
87,1.0 90,2.0 101,1.0 164,1.0 165,1.0 166,1.0 
98,1.0 
94,1.0 
86,1.0 
96,2.0 101,1.0 
88,1.0 168,1.0 
103,1.0 111,1.0 
104,1.0 
105,1.0 
106,1.0 
107,1.0 
108,1.0 
109,1.0 
110,1.0 
102,1.0 
79,1.0 
0,4.0 
0,7.0 5,1.0 6,2.0 15,1.0 21,7.0 25,7.0 79,1.0 113,3.0 
39,1.0 40,1.0 73,1.0 80,1.0 115,1.0 116,1.0 117,1.0 
12,1.0 39,2.0 40,5.0 41,1.0 42,1.0 64,3.0 66,1.0 73,2.0 79,1.0 80,4.0 81,1.0 116,1.0 117,1.0 118,2.0 119,2.0 127,1.0 129,1.0 130,1.0 131,1.0 132,1.0 133,1.0 134,1.0 135,1.0 136,1.0 137,1.0 138,1.0 
39,1.0 40,1.0 73,1.0 80,1.0 115,1.0 117,1.0 118,1.0 119,1.0 
39,1.0 40,1.0 73,1.0 80,1.0 115,1.0 116,1.0 118,1.0 119,1.0 
119,2.0 120,2.0 121,2.0 
118,2.0 120,2.0 121,2.0 
121,2.0 122,2.0 123,2.0 
120,2.0 122,2.0 123,2.0 
123,2.0 124,2.0 125,2.0 
122,2.0 124,4.0 125,2.0 134,1.0 135,1.0 139,1.0 140,1.0 141,1.0 142,1.0 143,1.0 144,1.0 145,1.0 146,2.0 147,1.0 148,1.0 149,1.0 150,1.0 151,1.0 152,1.0 153,1.0 154,1.0 155,1.0 156,1.0 
123,2.0 125,2.0 126,2.0 127,2.0 128,2.0 129,2.0 134,1.0 135,1.0 146,2.0 147,1.0 148,1.0 149,1.0 150,1.0 151,1.0 152,1.0 153,1.0 154,1.0 155,1.0 156,1.0 
124,2.0 126,2.0 127,2.0 128,2.0 129,2.0 
0,1.0 21,1.0 25,1.0 79,1.0 113,1.0 126,3.0 127,8.0 128,8.0 129,8.0 
0,1.0 21,1.0 25,1.0 79,1.0 113,1.0 115,1.0 126,8.0 127,3.0 128,8.0 129,9.0 133,1.0 134,1.0 135,1.0 136,1.0 137,1.0 138,1.0 
0,1.0 21,1.0 25,1.0 79,1.0 113,1.0 126,8.0 127,8.0 128,3.0 129,8.0 
0,1.0 21,1.0 25,1.0 79,1.0 113,1.0 115,1.0 126,8.0 127,9.0 128,8.0 129,3.0 133,1.0 134,1.0 135,1.0 136,1.0 137,1.0 138,1.0 
12,1.0 40,1.0 64,1.0 80,1.0 115,1.0 118,1.0 119,1.0 131,1.0 
12,1.0 40,1.0 64,1.0 80,1.0 115,1.0 118,1.0 119,1.0 130,1.0 
39,1.0 40,1.0 42,1.0 73,1.0 80,1.0 115,1.0 127,1.0 129,1.0 133,1.0 134,1.0 135,1.0 136,1.0 137,1.0 
115,1.0 127,1.0 129,1.0 134,1.0 135,1.0 136,1.0 137,1.0 138,1.0 
115,1.0 123,1.0 124,1.0 127,1.0 129,1.0 133,1.0 135,2.0 136,1.0 137,1.0 138,1.0 146,1.0 147,1.0 148,1.0 149,1.0 150,1.0 
115,1.0 123,1.0 124,1.0 127,1.0 129,1.0 133,1.0 134,2.0 136,1.0 137,1.0 138,1.0 146,1.0 147,1.0 148,1.0 149,1.0 150,1.0 
115,1.0 127,1.0 129,1.0 133,1.0 134,1.0 135,1.0 137,1.0 138,1.0 
115,1.0 127,1.0 129,1.0 133,1.0 134,1.0 135,1.0 136,1.0 138,1.0 
40,1.0 64,1.0 115,1.0 
123,1.0 140,1.0 141,1.0 142,1.0 143,1.0 144,1.0 145,1.0 
123,1.0 139,1.0 141,1.0 142,1.0 143,1.0 144,1.0 145,1.0 
123,1.0 139,1.0 140,1.0 142,1.0 143,1.0 144,1.0 145,1.0 
123,1.0 139,1.0 140,1.0 141,1.0 143,1.0 144,1.0 145,1.0 
123,1.0 139,1.0 140,1.0 141,1.0 142,1.0 144,1.0 145,1.0 
9,1.0 68,1.0 145,1.0 
9,1.0 68,1.0 144,1.0 
123,2.0 124,2.0 134,1.0 135,1.0 147,1.0 148,1.0 149,1.0 150,1.0 151,1.0 152,1.0 153,1.0 154,1.0 155,1.0 156,1.0 
123,1.0 124,1.0 134,1.0 135,1.0 146,1.0 148,1.0 149,1.0 150,1.0 
123,1.0 124,1.0 134,1.0 135,1.0 146,1.0 147,1.0 149,1.0 150,1.0 
80,1.0 81,1.0 150,1.0 
80,1.0 81,1.0 149,1.0 
123,1.0 124,1.0 146,1.0 152,1.0 153,1.0 154,1.0 155,1.0 156,1.0 
123,1.0 124,1.0 146,1.0 151,1.0 153,1.0 154,1.0 155,1.0 156,1.0 
123,1.0 124,1.0 146,1.0 151,1.0 152,1.0 154,1.0 155,1.0 156,1.0 
123,1.0 124,1.0 146,1.0 151,1.0 152,1.0 153,1.0 155,1.0 156,1.0 
8,1.0 156,1.0 157,1.0 
8,1.0 155,1.0 157,1.0 
8,1.0 82,1.0 158,1.0 159,1.0 160,1.0 
82,1.0 159,1.0 160,1.0 161,1.0 162,1.0 
82,1.0 158,1.0 160,1.0 161,1.0 162,1.0 
82,1.0 158,1.0 159,1.0 161,1.0 162,1.0 
89,1.0 162,1.0 
89,1.0 161,1.0 
86,1.0 
90,1.0 96,1.0 165,1.0 166,1.0 
90,1.0 96,1.0 164,1.0 166,1.0 
90,1.0 96,1.0 164,1.0 165,1.0 
100,2.0 
169,1.0 
170,1.0 
171,1.0 
172,1.0 
173,1.0 
174,1.0 
175,1.0 176,1.0 
176,7.0 177,7.0 178,7.0 179,1.0 180,1.0 
175,7.0 177,7.0 178,7.0 179,1.0 180,1.0 
175,6.0 176,6.0 178,7.0 179,1.0 180,1.0 181,1.0 182,1.0 
175,6.0 176,6.0 177,7.0 179,1.0 180,1.0 181,1.0 182,1.0 
177,1.0 178,1.0 180,1.0 181,1.0 182,1.0 
177,1.0 178,1.0 179,1.0 181,1.0 182,1.0 
182,3.0 183,1.0 184,1.0 195,1.0 196,1.0 197,1.0 198,1.0 
181,3.0 183,1.0 184,1.0 195,1.0 196,1.0 197,1.0 198,1.0 
184,1.0 185,1.0 186,1.0 
183,1.0 185,1.0 186,1.0 
186,1.0 187,1.0 188,1.0 
185,1.0 187,1.0 188,1.0 
188,1.0 189,1.0 190,1.0 
187,1.0 189,1.0 190,1.0 
190,1.0 191,1.0 192,1.0 
189,1.0 191,1.0 192,1.0 
192,1.0 193,1.0 194,1.0 
191,1.0 193,1.0 194,1.0 
181,1.0 182,1.0 194,1.0 
181,1.0 182,1.0 193,1.0 
181,1.0 182,1.0 196,1.0 
181,1.0 182,1.0 195,1.0 
10,1.0 198,1.0 199,1.0 
10,1.0 197,1.0 199,1.0 
10,1.0 200,1.0 201,1.0 202,1.0 
201,1.0 202,1.0 203,1.0 204,1.0 
200,1.0 202,1.0 203,1.0 204,1.0 
200,1.0 201,1.0 203,1.0 204,1.0 
204,1.0 205,1.0 206,1.0 207,1.0 208,1.0 209,1.0 210,1.0 
203,1.0 205,1.0 206,1.0 207,1.0 208,1.0 209,1.0 210,1.0 
206,1.0 207,1.0 208,1.0 209,1.0 210,1.0 
205,1.0 207,1.0 208,1.0 209,1.0 210,1.0 
205,1.0 206,1.0 208,1.0 209,1.0 210,1.0 
205,1.0 206,1.0 207,1.0 209,1.0 210,1.0 
205,1.0 206,1.0 207,1.0 208,1.0 210,1.0 
205,1.0 206,1.0 207,1.0 208,1.0 209,1.0 
