1,28.0 4,2.0 10,2.0 16,1.0 17,1.0 18,1.0 19,1.0 
2,11.0 4,3.0 6,7.0 12,1.0 14,2.0 17,1.0 19,3.0 
3,27.0 
0,9.0 4,7.0 8,3.0 10,1.0 16,2.0 23,1.0 24,3.0 30,2.0 31,1.0 32,1.0 
2,1.0 5,25.0 12,1.0 14,1.0 17,2.0 19,1.0 25,1.0 
0,4.0 2,2.0 3,2.0 6,8.0 12,1.0 15,2.0 19,2.0 21,2.0 25,2.0 
7,27.0 
0,8.0 4,3.0 8,4.0 10,7.0 22,1.0 24,1.0 25,1.0 26,2.0 
2,2.0 4,1.0 9,9.0 14,1.0 17,1.0 24,1.0 26,1.0 
2,3.0 4,1.0 6,4.0 17,1.0 
2,2.0 6,1.0 11,14.0 14,2.0 17,1.0 19,2.0 26,1.0 
2,5.0 6,2.0 12,2.0 17,1.0 19,4.0 
13,8.0 
4,2.0 10,2.0 14,2.0 15,1.0 23,1.0 24,1.0 
0,1.0 15,8.0 16,1.0 
0,2.0 6,1.0 8,1.0 14,1.0 16,2.0 21,1.0 23,1.0 25,1.0 29,2.0 
0,5.0 17,1.0 18,1.0 19,1.0 
18,11.0 19,1.0 20,1.0 
0,1.0 8,1.0 10,1.0 12,1.0 17,1.0 19,2.0 20,1.0 21,1.0 23,2.0 24,1.0 25,1.0 
17,1.0 18,1.0 20,15.0 
0,4.0 2,1.0 4,2.0 10,1.0 17,2.0 22,1.0 23,2.0 24,1.0 26,1.0 
22,4.0 
6,1.0 12,1.0 17,1.0 26,1.0 28,2.0 
4,7.0 
10,9.0 
8,7.0 
27,6.0 
6,2.0 16,1.0 19,1.0 24,1.0 25,1.0 
6,1.0 12,1.0 
4,2.0 
4,2.0 
32,1.0 
31,1.0 
