1,1.0 
2,1.0 3,1.0 4,1.0 
2,24.0 3,35.0 4,35.0 5,4.0 6,2.0 7,22.0 8,15.0 9,2.0 10,1.0 13,2.0 16,4.0 23,2.0 25,1.0 26,2.0 27,2.0 28,2.0 52,1.0 55,2.0 56,1.0 
2,37.0 3,31.0 4,37.0 5,4.0 6,2.0 7,5.0 9,2.0 10,7.0 13,24.0 16,1.0 17,2.0 19,5.0 20,7.0 23,7.0 24,2.0 25,1.0 26,2.0 27,1.0 29,22.0 35,1.0 52,2.0 53,1.0 55,2.0 60,1.0 
2,37.0 3,37.0 4,30.0 5,6.0 6,2.0 7,1.0 8,1.0 9,1.0 11,5.0 13,28.0 14,7.0 15,1.0 16,9.0 21,1.0 23,8.0 26,2.0 27,1.0 29,7.0 33,1.0 35,1.0 42,1.0 43,2.0 44,1.0 46,2.0 47,1.0 52,2.0 53,1.0 55,2.0 63,2.0 64,2.0 65,1.0 66,1.0 67,1.0 68,1.0 
2,4.0 3,4.0 4,6.0 7,4.0 8,1.0 9,3.0 10,4.0 11,5.0 12,3.0 13,4.0 14,1.0 
2,2.0 4,1.0 7,3.0 8,2.0 9,2.0 10,3.0 11,4.0 12,4.0 13,3.0 
2,19.0 3,3.0 4,2.0 5,5.0 6,2.0 7,47.0 8,21.0 9,23.0 10,20.0 11,5.0 12,2.0 13,51.0 16,8.0 19,14.0 23,41.0 25,10.0 26,2.0 27,3.0 28,4.0 29,26.0 30,2.0 31,6.0 32,2.0 33,2.0 34,1.0 35,6.0 49,1.0 50,1.0 51,1.0 52,1.0 53,4.0 54,2.0 56,1.0 60,1.0 61,1.0 62,1.0 64,2.0 
2,14.0 3,1.0 5,1.0 6,1.0 7,22.0 8,23.0 9,8.0 10,2.0 13,15.0 16,36.0 17,4.0 18,2.0 19,7.0 20,15.0 21,1.0 22,1.0 29,1.0 59,1.0 
2,1.0 3,2.0 4,2.0 5,3.0 6,2.0 7,21.0 8,6.0 9,9.0 10,19.0 11,2.0 12,4.0 35,2.0 52,1.0 53,1.0 
3,9.0 5,4.0 6,3.0 7,18.0 9,17.0 10,20.0 11,14.0 12,13.0 13,3.0 16,7.0 17,2.0 20,15.0 23,1.0 
4,9.0 5,6.0 6,4.0 7,3.0 10,10.0 11,15.0 12,23.0 13,25.0 14,2.0 21,1.0 42,1.0 43,1.0 
4,3.0 5,2.0 6,4.0 9,3.0 10,10.0 11,25.0 12,13.0 13,22.0 29,4.0 
2,2.0 3,24.0 4,29.0 5,4.0 6,2.0 7,52.0 8,16.0 11,21.0 12,18.0 13,62.0 14,7.0 15,1.0 16,23.0 17,1.0 18,1.0 19,4.0 21,1.0 23,45.0 24,2.0 25,6.0 26,2.0 27,2.0 28,2.0 29,44.0 30,2.0 31,6.0 32,2.0 33,3.0 34,1.0 42,1.0 43,2.0 44,1.0 46,4.0 47,4.0 48,2.0 49,1.0 50,1.0 51,1.0 52,1.0 59,1.0 60,2.0 63,2.0 64,4.0 65,1.0 66,1.0 67,1.0 68,1.0 
4,5.0 13,6.0 14,1.0 15,1.0 33,1.0 43,1.0 44,1.0 46,1.0 47,1.0 
4,1.0 13,1.0 16,1.0 
2,3.0 3,4.0 4,8.0 7,8.0 8,36.0 9,1.0 10,9.0 13,23.0 16,25.0 17,4.0 18,2.0 19,7.0 20,23.0 21,1.0 22,1.0 25,5.0 27,1.0 28,2.0 29,1.0 35,6.0 36,1.0 37,1.0 38,1.0 53,4.0 54,2.0 56,1.0 59,1.0 
3,2.0 8,3.0 10,2.0 13,1.0 16,3.0 19,1.0 20,3.0 21,1.0 
8,2.0 13,1.0 16,2.0 20,1.0 
3,3.0 4,1.0 7,15.0 8,6.0 13,2.0 16,6.0 17,1.0 18,1.0 19,8.0 23,3.0 29,16.0 61,1.0 62,1.0 
3,9.0 8,14.0 10,16.0 13,1.0 16,22.0 17,4.0 20,14.0 21,1.0 22,1.0 23,1.0 
4,1.0 8,1.0 11,1.0 13,1.0 16,1.0 20,1.0 22,1.0 42,1.0 
8,1.0 10,1.0 16,2.0 20,2.0 
2,2.0 3,5.0 4,7.0 7,43.0 13,47.0 19,1.0 23,22.0 24,2.0 25,6.0 26,2.0 27,2.0 28,2.0 29,6.0 30,2.0 31,6.0 32,2.0 33,2.0 34,1.0 46,4.0 49,1.0 50,1.0 51,1.0 52,1.0 60,1.0 63,2.0 64,2.0 
3,1.0 7,1.0 13,2.0 23,2.0 25,1.0 
3,2.0 4,1.0 7,10.0 9,1.0 13,6.0 16,5.0 23,4.0 25,2.0 26,1.0 29,2.0 35,6.0 53,4.0 54,2.0 
2,2.0 3,1.0 4,1.0 7,3.0 13,2.0 16,1.0 23,2.0 27,2.0 
2,2.0 7,4.0 13,2.0 16,2.0 23,2.0 28,2.0 
2,2.0 7,3.0 13,2.0 16,1.0 23,2.0 56,1.0 
3,21.0 4,9.0 7,25.0 12,4.0 13,39.0 16,1.0 19,18.0 23,5.0 25,1.0 29,23.0 35,1.0 51,1.0 52,1.0 53,1.0 60,1.0 61,1.0 62,1.0 63,2.0 64,2.0 65,1.0 66,1.0 67,1.0 68,1.0 
7,2.0 13,2.0 23,2.0 
3,1.0 7,4.0 13,4.0 19,1.0 23,3.0 29,2.0 34,1.0 
7,2.0 13,2.0 23,2.0 33,2.0 
7,4.0 13,4.0 23,4.0 44,1.0 
35,1.0 
2,1.0 3,3.0 4,3.0 7,5.0 9,2.0 16,6.0 25,5.0 35,3.0 36,1.0 37,1.0 38,1.0 39,1.0 52,1.0 53,5.0 54,2.0 
3,1.0 16,1.0 37,1.0 38,1.0 
3,1.0 16,1.0 36,1.0 38,1.0 
3,1.0 16,1.0 36,1.0 37,1.0 
40,1.0 
41,1.0 
2,1.0 3,1.0 4,1.0 
4,2.0 11,1.0 13,2.0 14,1.0 43,1.0 
4,1.0 13,1.0 14,1.0 33,1.0 
4,1.0 13,2.0 14,1.0 45,1.0 46,1.0 47,1.0 
4,1.0 13,1.0 14,1.0 44,1.0 
7,2.0 13,5.0 23,5.0 46,2.0 47,3.0 48,2.0 63,2.0 
7,1.0 13,4.0 23,1.0 46,3.0 47,1.0 48,2.0 
7,1.0 13,2.0 23,1.0 46,1.0 47,1.0 
7,1.0 13,1.0 23,1.0 50,1.0 
7,1.0 13,1.0 23,1.0 29,1.0 51,1.0 52,1.0 
7,1.0 16,1.0 25,1.0 29,1.0 35,1.0 52,1.0 53,1.0 
2,2.0 3,2.0 4,2.0 7,1.0 16,1.0 25,1.0 29,1.0 35,1.0 51,1.0 53,1.0 55,1.0 
2,1.0 3,3.0 4,3.0 7,3.0 9,2.0 16,3.0 25,3.0 35,5.0 52,1.0 53,1.0 54,1.0 
7,2.0 16,2.0 25,2.0 35,2.0 53,1.0 
2,2.0 3,2.0 4,2.0 26,1.0 
57,1.0 
58,1.0 
8,1.0 13,1.0 16,1.0 59,1.0 
3,1.0 8,1.0 13,2.0 16,1.0 29,1.0 
7,2.0 13,2.0 23,2.0 25,1.0 
7,1.0 19,1.0 29,1.0 62,1.0 
4,1.0 7,1.0 19,1.0 23,1.0 29,1.0 
4,2.0 7,1.0 13,3.0 23,2.0 29,2.0 46,1.0 
4,1.0 7,2.0 13,3.0 23,1.0 29,2.0 65,1.0 66,1.0 67,1.0 68,1.0 
65,1.0 66,1.0 67,1.0 68,1.0 69,2.0 70,2.0 71,2.0 72,1.0 73,1.0 
65,2.0 67,1.0 68,1.0 69,1.0 70,1.0 71,1.0 
65,2.0 66,1.0 68,1.0 69,1.0 70,1.0 71,1.0 
65,2.0 66,1.0 67,1.0 69,1.0 70,1.0 71,1.0 
65,1.0 70,1.0 71,2.0 72,2.0 73,2.0 74,1.0 75,1.0 76,1.0 
65,1.0 69,1.0 71,1.0 72,1.0 73,1.0 
65,1.0 69,2.0 70,1.0 72,2.0 73,2.0 74,1.0 75,1.0 76,1.0 
69,1.0 71,1.0 73,2.0 74,1.0 75,1.0 76,1.0 77,1.0 78,1.0 79,1.0 80,1.0 81,1.0 82,1.0 
69,1.0 71,1.0 72,2.0 74,1.0 75,1.0 76,1.0 77,1.0 78,1.0 79,1.0 80,1.0 81,1.0 82,1.0 
69,1.0 71,1.0 72,1.0 73,1.0 75,1.0 76,1.0 
69,1.0 71,1.0 72,1.0 73,1.0 74,1.0 76,1.0 
72,1.0 73,1.0 77,1.0 78,1.0 79,1.0 80,1.0 81,1.0 82,1.0 
78,1.0 79,1.0 80,1.0 81,1.0 82,1.0 
77,1.0 79,1.0 80,1.0 81,1.0 82,1.0 
77,1.0 78,1.0 80,1.0 81,1.0 82,1.0 
77,1.0 78,1.0 79,1.0 81,1.0 82,1.0 
77,1.0 78,1.0 79,1.0 80,1.0 82,1.0 
77,1.0 78,1.0 79,1.0 80,1.0 81,1.0 
