1,7.0 2,1.0 3,1.0 23,6.0 24,3.0 25,3.0 26,5.0 27,4.0 28,2.0 33,5.0 34,1.0 37,1.0 38,4.0 42,1.0 45,2.0 46,3.0 47,6.0 59,5.0 68,10.0 76,2.0 88,4.0 89,4.0 93,4.0 94,4.0 
0,7.0 2,1.0 3,1.0 23,4.0 24,3.0 25,3.0 26,4.0 27,4.0 33,1.0 34,1.0 42,1.0 45,1.0 46,2.0 47,1.0 76,1.0 
3,1.0 4,1.0 5,1.0 
2,1.0 4,1.0 5,1.0 
5,2.0 6,2.0 7,3.0 23,1.0 28,1.0 37,1.0 43,1.0 47,1.0 69,1.0 
4,2.0 6,2.0 7,3.0 23,1.0 28,1.0 43,1.0 
7,2.0 8,6.0 9,2.0 10,2.0 11,2.0 18,1.0 37,4.0 44,4.0 45,2.0 46,3.0 47,4.0 55,2.0 59,4.0 62,1.0 80,1.0 81,1.0 82,1.0 83,1.0 112,2.0 113,2.0 116,6.0 
4,1.0 5,1.0 6,3.0 7,3.0 8,2.0 9,2.0 10,2.0 11,2.0 18,4.0 23,8.0 28,4.0 37,1.0 43,4.0 45,1.0 59,4.0 74,2.0 83,2.0 120,3.0 121,3.0 122,4.0 123,4.0 
0,2.0 1,1.0 9,2.0 10,2.0 11,2.0 12,2.0 13,2.0 14,2.0 15,2.0 18,2.0 20,1.0 23,3.0 33,1.0 35,2.0 38,1.0 39,3.0 42,2.0 43,1.0 44,5.0 46,1.0 50,1.0 51,1.0 52,2.0 59,2.0 62,2.0 68,1.0 78,2.0 80,1.0 117,2.0 
8,2.0 10,2.0 11,2.0 12,2.0 13,2.0 14,2.0 15,2.0 
8,2.0 9,2.0 11,2.0 12,3.0 13,2.0 14,3.0 15,2.0 19,1.0 50,1.0 70,1.0 71,1.0 72,1.0 
8,2.0 9,2.0 10,2.0 12,2.0 13,2.0 14,2.0 15,2.0 
13,2.0 14,3.0 15,2.0 16,3.0 17,2.0 19,1.0 46,1.0 50,1.0 61,1.0 67,1.0 71,1.0 72,1.0 73,1.0 79,1.0 84,1.0 85,1.0 86,1.0 
8,1.0 12,2.0 14,2.0 15,2.0 16,2.0 17,2.0 40,1.0 42,1.0 46,1.0 52,1.0 80,1.0 
12,3.0 13,2.0 15,2.0 16,3.0 17,2.0 19,2.0 26,1.0 28,1.0 37,1.0 50,1.0 65,1.0 66,1.0 67,1.0 71,1.0 72,1.0 73,1.0 
12,2.0 13,2.0 14,2.0 16,2.0 17,2.0 
17,2.0 18,2.0 66,1.0 73,1.0 
16,2.0 18,2.0 
0,6.0 1,1.0 7,2.0 19,3.0 20,4.0 23,11.0 26,1.0 28,2.0 37,2.0 39,2.0 42,3.0 47,2.0 50,3.0 52,3.0 59,9.0 60,2.0 61,2.0 62,10.0 63,1.0 64,1.0 67,2.0 68,5.0 74,3.0 83,2.0 84,2.0 112,1.0 113,1.0 117,2.0 118,3.0 119,3.0 122,2.0 123,2.0 124,2.0 125,1.0 126,1.0 
12,1.0 14,2.0 16,1.0 20,3.0 21,3.0 22,3.0 26,1.0 28,1.0 37,1.0 50,1.0 65,1.0 66,1.0 67,1.0 71,1.0 72,1.0 73,1.0 
8,1.0 19,3.0 21,3.0 22,3.0 25,1.0 31,1.0 32,1.0 33,3.0 34,1.0 35,2.0 36,1.0 37,1.0 38,3.0 39,2.0 40,1.0 41,1.0 47,1.0 50,1.0 51,2.0 52,1.0 59,1.0 72,1.0 76,1.0 78,1.0 93,1.0 94,1.0 
0,5.0 1,4.0 22,4.0 23,5.0 24,3.0 25,3.0 46,2.0 68,1.0 75,1.0 76,2.0 
0,4.0 1,4.0 21,4.0 23,4.0 24,3.0 25,3.0 46,1.0 76,1.0 
0,7.0 1,5.0 4,1.0 5,1.0 6,1.0 7,12.0 8,1.0 18,8.0 23,7.0 24,3.0 25,3.0 26,6.0 27,4.0 28,10.0 29,1.0 30,1.0 33,1.0 37,2.0 38,1.0 39,2.0 42,6.0 43,8.0 44,1.0 45,1.0 46,2.0 47,1.0 50,5.0 52,5.0 59,9.0 60,2.0 61,2.0 62,4.0 63,1.0 64,1.0 68,2.0 74,2.0 76,2.0 83,2.0 117,2.0 118,5.0 119,5.0 120,6.0 121,6.0 122,4.0 123,4.0 
0,3.0 1,3.0 23,3.0 25,3.0 26,3.0 27,3.0 
0,3.0 1,3.0 20,1.0 23,3.0 24,3.0 26,3.0 27,3.0 31,1.0 32,1.0 33,1.0 34,1.0 35,1.0 36,1.0 
0,1.0 6,2.0 14,1.0 18,2.0 19,1.0 27,4.0 28,10.0 37,1.0 42,2.0 45,3.0 46,4.0 50,2.0 53,1.0 54,1.0 55,1.0 56,1.0 65,1.0 66,2.0 67,1.0 68,1.0 80,1.0 87,4.0 115,4.0 116,2.0 127,1.0 128,1.0 129,1.0 130,1.0 
18,2.0 26,4.0 46,1.0 66,1.0 80,1.0 127,1.0 128,1.0 129,1.0 130,1.0 
0,1.0 4,1.0 5,1.0 6,4.0 7,7.0 14,1.0 18,2.0 19,1.0 23,7.0 26,10.0 29,1.0 30,1.0 37,3.0 42,2.0 43,4.0 45,5.0 46,3.0 50,2.0 53,1.0 54,1.0 55,1.0 56,1.0 59,2.0 65,1.0 66,1.0 67,1.0 68,1.0 87,4.0 115,4.0 116,2.0 120,3.0 121,3.0 122,2.0 123,2.0 
20,2.0 25,1.0 30,1.0 31,1.0 32,1.0 33,2.0 34,1.0 38,1.0 51,1.0 72,1.0 76,1.0 77,1.0 
20,1.0 25,1.0 29,1.0 31,1.0 32,1.0 33,1.0 34,1.0 
20,1.0 25,1.0 32,1.0 33,1.0 34,1.0 35,1.0 36,1.0 45,1.0 46,1.0 50,1.0 54,1.0 90,1.0 91,1.0 92,1.0 
20,1.0 25,1.0 31,1.0 33,1.0 34,1.0 35,1.0 36,1.0 
4,2.0 5,1.0 7,1.0 18,1.0 20,2.0 23,1.0 25,1.0 26,2.0 28,3.0 31,1.0 32,1.0 34,2.0 35,2.0 36,1.0 38,6.0 42,2.0 43,1.0 45,2.0 46,2.0 50,2.0 51,1.0 53,1.0 54,1.0 55,1.0 56,1.0 62,1.0 69,1.0 72,1.0 76,1.0 78,1.0 
4,1.0 5,1.0 7,1.0 20,1.0 23,1.0 25,1.0 28,1.0 31,1.0 32,1.0 33,2.0 35,1.0 36,1.0 43,1.0 
0,2.0 31,1.0 35,8.0 36,1.0 37,1.0 39,4.0 50,8.0 51,4.0 53,4.0 54,5.0 55,4.0 65,1.0 68,2.0 74,4.0 78,20.0 88,1.0 89,1.0 90,1.0 
35,1.0 37,1.0 
0,1.0 6,4.0 10,1.0 14,1.0 18,2.0 19,1.0 20,2.0 23,1.0 26,1.0 28,1.0 33,1.0 38,2.0 39,1.0 45,1.0 46,1.0 47,5.0 55,2.0 59,5.0 62,1.0 65,1.0 66,1.0 67,1.0 68,1.0 70,1.0 74,1.0 80,1.0 81,1.0 82,1.0 83,1.0 93,1.0 94,1.0 112,2.0 113,2.0 116,2.0 125,1.0 126,1.0 
4,1.0 18,1.0 20,2.0 26,2.0 28,2.0 33,6.0 35,1.0 39,1.0 40,1.0 41,1.0 42,2.0 45,2.0 46,2.0 50,2.0 51,1.0 53,1.0 54,1.0 55,1.0 56,1.0 62,1.0 69,1.0 72,1.0 76,1.0 78,1.0 
0,2.0 8,1.0 18,2.0 20,2.0 23,4.0 33,1.0 35,2.0 38,2.0 40,1.0 41,1.0 42,2.0 50,5.0 51,3.0 52,3.0 59,2.0 62,2.0 68,2.0 74,2.0 78,2.0 117,2.0 118,2.0 119,2.0 
8,2.0 13,1.0 23,1.0 41,1.0 42,2.0 43,1.0 44,1.0 46,1.0 52,1.0 80,1.0 
8,1.0 23,1.0 40,1.0 42,1.0 43,1.0 44,1.0 
0,2.0 1,1.0 6,2.0 7,3.0 8,2.0 18,4.0 23,7.0 26,2.0 28,5.0 43,4.0 44,1.0 45,7.0 46,8.0 47,5.0 48,1.0 49,1.0 50,5.0 52,4.0 62,4.0 68,1.0 80,1.0 112,4.0 114,4.0 116,2.0 118,3.0 119,3.0 120,3.0 121,3.0 
0,1.0 1,1.0 4,1.0 5,1.0 6,1.0 7,7.0 8,1.0 18,2.0 23,7.0 28,4.0 37,1.0 42,1.0 44,1.0 45,1.0 59,2.0 120,3.0 121,3.0 122,2.0 123,2.0 
0,1.0 1,1.0 8,5.0 18,2.0 23,3.0 35,2.0 39,2.0 42,1.0 43,1.0 59,2.0 62,2.0 78,2.0 117,2.0 
6,6.0 8,2.0 18,5.0 26,2.0 28,3.0 29,1.0 37,3.0 42,7.0 44,2.0 46,11.0 47,7.0 48,1.0 49,1.0 50,3.0 54,1.0 59,3.0 62,4.0 74,1.0 77,1.0 91,1.0 92,1.0 112,4.0 114,4.0 116,4.0 125,1.0 126,1.0 
0,3.0 1,1.0 6,5.0 8,3.0 12,1.0 18,4.0 23,2.0 26,4.0 27,1.0 28,3.0 29,1.0 37,1.0 42,8.0 44,2.0 45,11.0 47,7.0 48,1.0 49,1.0 50,3.0 52,1.0 53,1.0 54,1.0 59,2.0 61,1.0 62,4.0 67,1.0 68,2.0 76,2.0 77,1.0 79,1.0 80,3.0 81,1.0 82,1.0 83,1.0 84,1.0 85,1.0 86,1.0 87,1.0 91,1.0 92,1.0 112,4.0 114,4.0 116,4.0 127,1.0 128,1.0 129,1.0 130,1.0 131,1.0 132,1.0 133,1.0 134,1.0 
0,1.0 6,4.0 8,2.0 10,1.0 18,4.0 20,1.0 23,1.0 26,4.0 28,4.0 33,1.0 37,5.0 38,1.0 42,5.0 44,2.0 45,7.0 46,7.0 48,1.0 49,1.0 55,2.0 59,10.0 62,4.0 68,1.0 70,1.0 88,4.0 89,4.0 93,5.0 94,5.0 112,6.0 113,2.0 114,4.0 116,4.0 
8,1.0 20,1.0 39,1.0 49,1.0 50,1.0 51,1.0 52,1.0 
8,1.0 20,1.0 39,1.0 48,1.0 50,1.0 51,1.0 52,1.0 
0,2.0 6,3.0 7,3.0 8,1.0 12,1.0 14,1.0 16,1.0 19,1.0 20,1.0 23,6.0 26,2.0 28,5.0 33,1.0 35,6.0 37,1.0 38,1.0 39,3.0 42,5.0 43,3.0 45,3.0 46,3.0 51,3.0 52,4.0 53,2.0 54,3.0 55,2.0 68,2.0 71,1.0 72,1.0 73,1.0 74,2.0 78,6.0 91,1.0 92,1.0 116,2.0 118,3.0 119,3.0 120,3.0 121,3.0 
0,2.0 8,1.0 13,1.0 20,2.0 21,2.0 22,1.0 33,2.0 35,3.0 38,2.0 39,3.0 40,1.0 50,3.0 52,1.0 67,1.0 68,2.0 72,1.0 74,4.0 75,1.0 76,1.0 78,3.0 79,1.0 
0,1.0 7,3.0 8,2.0 20,1.0 23,6.0 28,3.0 33,1.0 38,1.0 39,1.0 42,4.0 43,3.0 46,1.0 50,4.0 51,1.0 68,1.0 80,1.0 118,3.0 119,3.0 120,3.0 121,3.0 
35,4.0 50,2.0 54,8.0 55,8.0 56,6.0 57,2.0 58,2.0 78,4.0 85,1.0 86,1.0 87,1.0 112,8.0 114,8.0 
6,1.0 31,1.0 35,5.0 37,1.0 45,1.0 46,1.0 50,3.0 53,8.0 55,8.0 56,6.0 57,2.0 58,2.0 78,5.0 88,1.0 89,1.0 90,1.0 91,1.0 92,1.0 112,8.0 114,8.0 
6,2.0 35,4.0 37,2.0 47,2.0 50,2.0 53,8.0 54,8.0 56,6.0 57,2.0 58,2.0 59,2.0 78,4.0 112,10.0 113,2.0 114,8.0 116,2.0 
53,6.0 54,6.0 55,6.0 57,2.0 58,2.0 112,8.0 114,8.0 
18,2.0 23,2.0 58,2.0 59,2.0 60,2.0 61,2.0 62,2.0 
18,2.0 23,2.0 57,2.0 59,2.0 60,2.0 61,2.0 62,2.0 
0,2.0 1,1.0 6,4.0 7,2.0 8,2.0 18,7.0 20,1.0 23,9.0 26,5.0 28,5.0 33,1.0 37,4.0 38,1.0 39,2.0 42,2.0 44,2.0 45,2.0 46,2.0 47,10.0 50,2.0 52,2.0 55,2.0 60,2.0 61,2.0 62,4.0 63,1.0 64,1.0 68,1.0 74,3.0 83,2.0 88,4.0 89,4.0 93,5.0 94,5.0 112,2.0 113,2.0 116,4.0 117,2.0 118,2.0 119,2.0 122,2.0 123,2.0 125,1.0 126,1.0 
18,2.0 23,2.0 26,1.0 28,1.0 59,2.0 61,2.0 62,2.0 63,1.0 64,1.0 
18,2.0 23,2.0 26,1.0 28,1.0 46,1.0 53,1.0 59,2.0 60,2.0 62,2.0 63,1.0 64,1.0 67,1.0 79,1.0 85,1.0 86,1.0 87,1.0 
0,5.0 18,10.0 20,1.0 23,7.0 26,1.0 28,1.0 37,2.0 39,2.0 42,2.0 47,2.0 50,2.0 52,2.0 59,6.0 60,2.0 61,2.0 63,1.0 64,1.0 68,5.0 117,2.0 118,2.0 119,2.0 
26,1.0 28,1.0 64,1.0 
26,1.0 28,1.0 63,1.0 
14,1.0 19,1.0 26,1.0 28,1.0 37,1.0 51,1.0 66,1.0 67,2.0 79,1.0 
14,1.0 19,1.0 26,1.0 28,1.0 37,1.0 51,2.0 65,1.0 67,1.0 74,2.0 
13,1.0 14,1.0 18,2.0 19,1.0 23,1.0 26,1.0 28,1.0 37,1.0 40,1.0 42,1.0 46,1.0 50,1.0 51,1.0 52,1.0 53,1.0 61,1.0 65,1.0 66,1.0 79,2.0 84,2.0 85,1.0 86,1.0 87,1.0 112,1.0 113,1.0 118,1.0 119,1.0 124,2.0 
0,10.0 23,2.0 26,1.0 28,2.0 33,4.0 37,1.0 38,4.0 45,1.0 46,1.0 47,5.0 59,5.0 76,1.0 88,4.0 89,4.0 93,4.0 94,4.0 
4,1.0 37,1.0 47,1.0 
10,1.0 12,1.0 14,1.0 19,1.0 50,1.0 71,1.0 72,1.0 
12,1.0 14,1.0 16,1.0 19,1.0 50,1.0 72,1.0 73,1.0 
12,1.0 14,1.0 16,1.0 19,1.0 20,1.0 33,1.0 35,1.0 38,1.0 50,1.0 51,1.0 71,1.0 73,1.0 76,1.0 78,1.0 
16,1.0 66,1.0 
0,3.0 1,1.0 18,3.0 21,2.0 22,1.0 35,2.0 39,2.0 50,2.0 51,4.0 59,1.0 67,2.0 68,2.0 75,1.0 78,2.0 83,2.0 84,2.0 124,2.0 125,1.0 126,1.0 
0,1.0 21,1.0 23,1.0 46,1.0 68,1.0 76,1.0 
0,2.0 1,1.0 20,1.0 23,2.0 26,2.0 27,1.0 28,1.0 33,1.0 35,1.0 38,1.0 46,2.0 51,1.0 68,1.0 72,1.0 78,1.0 
20,1.0 29,1.0 33,1.0 38,1.0 51,1.0 72,1.0 76,1.0 
0,2.0 31,1.0 35,20.0 39,4.0 50,8.0 51,4.0 53,4.0 54,5.0 55,4.0 65,1.0 68,2.0 74,4.0 78,8.0 88,1.0 89,1.0 90,1.0 
13,1.0 40,1.0 46,1.0 51,1.0 53,1.0 61,1.0 67,2.0 85,1.0 86,1.0 87,1.0 
0,1.0 8,1.0 12,1.0 42,1.0 46,3.0 52,1.0 68,1.0 81,1.0 82,1.0 83,1.0 84,1.0 127,1.0 128,1.0 129,1.0 130,1.0 131,1.0 132,1.0 133,1.0 134,1.0 
12,1.0 46,1.0 80,1.0 82,1.0 83,1.0 84,1.0 
12,1.0 46,1.0 80,1.0 81,1.0 83,1.0 84,1.0 
12,1.0 18,2.0 46,1.0 67,2.0 74,2.0 80,1.0 81,1.0 82,1.0 84,3.0 124,2.0 
12,1.0 18,2.0 23,1.0 42,1.0 46,1.0 50,1.0 52,1.0 61,1.0 67,3.0 79,1.0 85,1.0 86,1.0 112,1.0 113,1.0 118,1.0 119,1.0 124,2.0 
35,1.0 46,1.0 53,1.0 54,1.0 61,1.0 67,1.0 78,1.0 79,1.0 86,2.0 87,1.0 88,1.0 89,1.0 
35,1.0 46,1.0 53,1.0 54,1.0 61,1.0 67,1.0 78,1.0 79,1.0 85,2.0 87,1.0 88,1.0 89,1.0 
6,4.0 37,2.0 45,2.0 46,2.0 47,4.0 53,1.0 55,2.0 59,4.0 85,1.0 86,1.0 115,4.0 116,4.0 
26,4.0 28,4.0 31,1.0 35,1.0 47,4.0 54,1.0 59,4.0 78,1.0 89,5.0 90,1.0 93,4.0 94,4.0 
26,4.0 28,4.0 31,1.0 35,1.0 47,4.0 54,1.0 59,4.0 78,1.0 88,5.0 90,1.0 93,4.0 94,4.0 
31,1.0 45,1.0 46,1.0 50,1.0 54,1.0 91,1.0 92,1.0 
6,1.0 37,1.0 45,1.0 46,1.0 50,1.0 54,1.0 92,1.0 
6,1.0 37,1.0 45,1.0 46,1.0 50,1.0 54,1.0 91,1.0 
26,4.0 28,4.0 47,4.0 59,4.0 88,4.0 89,4.0 94,5.0 95,1.0 96,1.0 97,1.0 98,1.0 99,1.0 100,1.0 
26,4.0 28,4.0 47,4.0 59,4.0 88,4.0 89,4.0 93,5.0 95,1.0 96,1.0 97,1.0 98,1.0 99,1.0 100,1.0 
95,1.0 96,1.0 97,3.0 98,3.0 99,1.0 100,1.0 101,2.0 102,2.0 103,2.0 104,1.0 105,1.0 
95,2.0 97,2.0 98,2.0 99,1.0 100,1.0 101,1.0 102,1.0 103,1.0 
95,3.0 96,1.0 97,1.0 98,3.0 99,1.0 100,1.0 101,2.0 102,2.0 103,2.0 104,1.0 105,1.0 
95,3.0 96,1.0 97,3.0 98,1.0 99,1.0 100,1.0 101,2.0 102,2.0 103,2.0 104,1.0 105,1.0 
95,2.0 96,1.0 97,2.0 98,2.0 100,1.0 101,1.0 102,1.0 103,1.0 
95,2.0 96,1.0 97,2.0 98,2.0 99,1.0 101,1.0 102,1.0 103,1.0 
95,1.0 97,1.0 98,1.0 102,1.0 103,1.0 104,1.0 105,1.0 
95,1.0 97,1.0 98,1.0 101,1.0 103,1.0 104,1.0 105,1.0 
95,1.0 97,1.0 98,1.0 101,1.0 102,1.0 104,1.0 105,1.0 
105,1.0 106,1.0 107,1.0 
104,1.0 106,1.0 107,1.0 
107,1.0 108,1.0 109,1.0 
106,1.0 108,1.0 109,1.0 
109,1.0 110,1.0 111,1.0 
108,1.0 110,1.0 111,1.0 
111,1.0 112,1.0 113,1.0 
110,1.0 112,1.0 113,1.0 
18,4.0 42,8.0 45,8.0 46,8.0 47,8.0 53,8.0 54,8.0 55,8.0 56,8.0 62,4.0 112,20.0 113,4.0 114,40.0 
112,8.0 114,4.0 
18,4.0 42,8.0 45,8.0 46,8.0 47,8.0 53,8.0 54,8.0 55,8.0 56,8.0 62,4.0 112,36.0 114,16.0 
6,4.0 37,2.0 45,2.0 46,2.0 47,4.0 55,2.0 59,4.0 87,4.0 116,4.0 
6,6.0 8,4.0 37,2.0 44,4.0 45,2.0 46,2.0 47,4.0 55,2.0 59,4.0 112,2.0 113,2.0 
18,2.0 23,4.0 39,2.0 42,2.0 50,2.0 52,2.0 59,2.0 62,2.0 118,2.0 119,2.0 
7,3.0 23,6.0 28,3.0 42,3.0 43,3.0 50,3.0 52,3.0 119,3.0 120,3.0 121,3.0 
7,3.0 23,6.0 28,3.0 42,3.0 43,3.0 50,3.0 52,3.0 118,3.0 120,3.0 121,3.0 
7,5.0 18,2.0 23,5.0 28,3.0 37,1.0 43,3.0 45,1.0 59,2.0 121,3.0 122,2.0 123,2.0 
7,5.0 18,2.0 23,5.0 28,3.0 37,1.0 43,3.0 45,1.0 59,2.0 120,3.0 122,2.0 123,2.0 
7,2.0 18,2.0 23,2.0 59,2.0 74,2.0 83,2.0 123,2.0 
7,2.0 18,2.0 23,2.0 59,2.0 74,2.0 83,2.0 122,2.0 
18,2.0 23,1.0 42,1.0 50,1.0 52,1.0 67,2.0 84,2.0 112,1.0 113,1.0 118,1.0 119,1.0 
0,1.0 1,1.0 18,1.0 59,1.0 74,1.0 126,1.0 
0,1.0 1,1.0 18,1.0 59,1.0 74,1.0 125,1.0 
46,1.0 80,1.0 128,1.0 129,1.0 130,1.0 131,1.0 132,1.0 133,1.0 134,1.0 
46,1.0 80,1.0 127,1.0 129,1.0 130,1.0 131,1.0 132,1.0 133,1.0 134,1.0 
46,1.0 80,1.0 127,1.0 128,1.0 130,1.0 131,1.0 132,1.0 133,1.0 134,1.0 
46,1.0 80,1.0 127,1.0 128,1.0 129,1.0 131,1.0 132,1.0 133,1.0 134,1.0 
132,1.0 133,1.0 134,1.0 135,1.0 136,1.0 
131,1.0 133,1.0 134,1.0 135,1.0 136,1.0 
131,1.0 132,1.0 134,1.0 135,1.0 136,1.0 140,1.0 141,1.0 142,1.0 143,1.0 144,1.0 145,1.0 146,1.0 147,1.0 148,1.0 149,1.0 
131,1.0 132,1.0 133,1.0 135,1.0 136,1.0 
136,1.0 137,1.0 138,1.0 139,1.0 
135,1.0 137,1.0 138,1.0 139,1.0 
133,1.0 138,1.0 139,1.0 140,1.0 141,1.0 142,1.0 143,1.0 
133,1.0 137,1.0 139,1.0 140,1.0 141,1.0 142,1.0 143,1.0 
133,1.0 137,1.0 138,1.0 140,1.0 141,1.0 142,1.0 143,1.0 
133,1.0 141,1.0 142,1.0 143,1.0 144,1.0 145,1.0 146,1.0 147,1.0 148,1.0 149,1.0 
133,1.0 140,1.0 142,1.0 143,1.0 144,1.0 145,1.0 146,1.0 147,1.0 148,1.0 149,1.0 
133,1.0 140,1.0 141,1.0 143,1.0 144,1.0 145,1.0 146,1.0 147,1.0 148,1.0 149,1.0 
133,1.0 140,1.0 141,1.0 142,1.0 144,1.0 145,1.0 146,1.0 147,1.0 148,1.0 149,1.0 
145,1.0 146,1.0 147,1.0 148,1.0 149,1.0 
144,1.0 146,1.0 147,1.0 148,1.0 149,1.0 
144,1.0 145,1.0 147,1.0 148,1.0 149,1.0 
144,1.0 145,1.0 146,1.0 148,1.0 149,1.0 
144,1.0 145,1.0 146,1.0 147,1.0 149,1.0 
144,1.0 145,1.0 146,1.0 147,1.0 148,1.0 
