1,8.0 2,1.0 4,2.0 5,4.0 7,1.0 8,1.0 9,1.0 20,1.0 25,2.0 30,3.0 31,1.0 34,2.0 37,1.0 38,1.0 44,2.0 47,1.0 50,1.0 58,1.0 68,1.0 
2,12.0 4,1.0 16,1.0 17,2.0 22,1.0 32,1.0 38,1.0 39,1.0 41,1.0 53,1.0 67,1.0 
0,2.0 3,3.0 4,2.0 5,4.0 10,1.0 11,1.0 19,5.0 21,1.0 22,1.0 23,4.0 70,1.0 
4,2.0 11,1.0 12,1.0 14,1.0 26,1.0 
0,1.0 1,2.0 2,6.0 11,1.0 15,1.0 17,2.0 20,5.0 21,1.0 22,1.0 23,1.0 32,1.0 34,1.0 87,1.0 
0,1.0 1,1.0 6,8.0 11,1.0 19,1.0 29,2.0 31,3.0 32,2.0 33,2.0 48,1.0 53,2.0 57,1.0 58,1.0 62,2.0 64,2.0 69,1.0 73,2.0 
0,4.0 7,1.0 8,1.0 9,1.0 11,1.0 16,1.0 24,2.0 30,1.0 33,1.0 36,1.0 42,1.0 45,2.0 58,1.0 59,1.0 61,1.0 
0,1.0 1,1.0 8,1.0 9,1.0 
0,1.0 1,2.0 7,1.0 9,1.0 18,1.0 30,1.0 33,1.0 35,1.0 36,1.0 
0,1.0 1,1.0 7,1.0 8,1.0 
3,1.0 6,1.0 
0,1.0 10,1.0 12,1.0 13,3.0 
11,1.0 13,1.0 
2,1.0 4,1.0 5,1.0 
4,1.0 
4,2.0 16,6.0 17,5.0 48,1.0 
3,1.0 15,5.0 17,6.0 28,1.0 29,1.0 
0,4.0 8,1.0 15,1.0 18,1.0 24,5.0 25,5.0 29,1.0 38,1.0 43,2.0 49,1.0 
1,1.0 8,1.0 
0,1.0 4,5.0 
1,1.0 4,1.0 21,5.0 89,1.0 90,1.0 
1,1.0 2,1.0 20,1.0 22,5.0 53,1.0 
2,2.0 4,5.0 16,1.0 32,1.0 
15,5.0 16,5.0 
1,5.0 25,5.0 30,2.0 45,2.0 
1,5.0 17,2.0 24,5.0 
0,1.0 27,1.0 
1,1.0 
6,1.0 32,3.0 65,3.0 
5,3.0 6,2.0 26,1.0 
0,6.0 5,1.0 31,1.0 33,4.0 34,1.0 46,1.0 50,1.0 62,4.0 
5,1.0 30,3.0 32,1.0 62,3.0 
2,1.0 5,7.0 8,1.0 20,1.0 33,5.0 34,1.0 35,1.0 36,1.0 38,1.0 53,1.0 66,1.0 69,1.0 77,1.0 81,1.0 88,1.0 
5,4.0 6,2.0 8,1.0 28,3.0 30,4.0 32,1.0 34,6.0 35,1.0 36,1.0 55,1.0 63,1.0 65,3.0 73,2.0 76,2.0 
1,1.0 4,1.0 21,1.0 32,10.0 33,2.0 38,1.0 51,2.0 53,3.0 54,1.0 55,1.0 56,1.0 58,1.0 78,4.0 82,1.0 
8,1.0 30,1.0 33,1.0 36,1.0 
8,1.0 30,2.0 33,1.0 35,1.0 42,1.0 
1,1.0 32,1.0 
33,1.0 37,1.0 39,1.0 40,3.0 
38,1.0 40,1.0 
0,1.0 17,1.0 34,1.0 
17,1.0 
30,1.0 36,1.0 
15,2.0 
5,2.0 29,2.0 
24,2.0 30,2.0 
0,1.0 
17,1.0 52,1.0 
0,1.0 17,1.0 52,1.0 
0,1.0 
30,1.0 33,1.0 
34,1.0 52,1.0 74,1.0 82,1.0 
33,1.0 34,7.0 54,1.0 55,1.0 56,1.0 58,2.0 59,1.0 61,1.0 62,1.0 67,2.0 75,1.0 
2,1.0 22,1.0 47,1.0 48,1.0 52,9.0 57,1.0 58,2.0 64,1.0 70,1.0 72,1.0 85,2.0 
32,1.0 34,1.0 55,2.0 56,2.0 70,1.0 78,1.0 
32,2.0 34,1.0 54,2.0 56,2.0 63,2.0 70,2.0 78,1.0 
32,1.0 34,1.0 54,2.0 55,2.0 70,1.0 78,1.0 
6,1.0 52,2.0 86,1.0 
34,1.0 57,2.0 59,2.0 60,6.0 78,1.0 
58,2.0 60,2.0 
0,1.0 5,1.0 34,1.0 53,2.0 85,1.0 
0,1.0 34,1.0 
30,3.0 33,6.0 74,2.0 
32,1.0 55,2.0 70,1.0 
0,2.0 34,1.0 
28,3.0 32,3.0 
5,1.0 
0,1.0 62,1.0 75,1.0 
5,1.0 
32,1.0 34,1.0 
4,1.0 53,6.0 71,2.0 79,1.0 80,1.0 
34,1.0 51,1.0 53,4.0 55,1.0 63,1.0 83,1.0 84,1.0 
52,1.0 
5,2.0 33,1.0 62,1.0 
71,3.0 
33,2.0 
71,2.0 
33,1.0 
54,1.0 55,1.0 56,1.0 70,7.0 71,1.0 
53,1.0 80,1.0 
53,1.0 79,1.0 
33,1.0 
32,1.0 34,1.0 
78,1.0 84,1.0 
78,1.0 83,1.0 
58,1.0 86,2.0 
54,1.0 55,1.0 56,1.0 58,1.0 78,2.0 
21,1.0 
34,1.0 
90,1.0 
89,1.0 
