1,19.0 10,4.0 11,5.0 14,5.0 44,1.0 59,3.0 68,4.0 
0,12.0 2,19.0 11,5.0 14,9.0 22,1.0 28,9.0 37,2.0 38,1.0 40,2.0 43,1.0 46,1.0 47,1.0 48,1.0 68,5.0 71,1.0 73,1.0 77,1.0 80,5.0 
3,33.0 13,11.0 16,2.0 17,2.0 18,2.0 25,2.0 26,2.0 45,1.0 50,1.0 52,1.0 70,2.0 80,12.0 82,10.0 
2,29.0 4,3.0 11,29.0 12,2.0 16,2.0 17,2.0 20,2.0 21,2.0 30,2.0 51,1.0 55,1.0 57,1.0 74,7.0 80,7.0 82,14.0 
0,4.0 5,11.0 10,5.0 27,1.0 34,1.0 
4,5.0 6,16.0 34,1.0 
5,5.0 7,3.0 39,5.0 40,1.0 62,2.0 
8,3.0 
9,5.0 
4,5.0 
0,4.0 1,4.0 4,3.0 27,1.0 28,1.0 34,1.0 40,10.0 41,2.0 53,1.0 61,9.0 64,1.0 65,1.0 66,1.0 67,1.0 75,1.0 76,1.0 78,1.0 79,1.0 
0,5.0 1,10.0 3,28.0 5,1.0 12,2.0 14,10.0 18,4.0 19,2.0 20,2.0 21,2.0 22,2.0 23,2.0 24,2.0 29,2.0 31,2.0 49,1.0 52,1.0 53,1.0 54,1.0 58,1.0 74,9.0 82,4.0 
2,2.0 3,2.0 
8,2.0 14,13.0 18,2.0 25,2.0 26,2.0 49,2.0 
0,4.0 1,9.0 2,5.0 11,4.0 15,11.0 19,2.0 29,2.0 49,3.0 80,5.0 83,1.0 
11,11.0 19,2.0 74,2.0 
3,2.0 11,2.0 17,2.0 
3,2.0 11,2.0 16,2.0 
1,4.0 13,2.0 14,2.0 19,2.0 22,2.0 49,2.0 
0,1.0 1,2.0 11,2.0 15,2.0 18,2.0 27,1.0 34,1.0 49,1.0 72,1.0 74,2.0 
2,2.0 3,2.0 21,2.0 
2,2.0 3,2.0 20,2.0 
1,2.0 11,1.0 18,2.0 46,1.0 
1,2.0 24,2.0 
1,2.0 23,2.0 
8,2.0 13,2.0 26,2.0 92,1.0 93,1.0 94,1.0 95,1.0 96,1.0 97,1.0 98,1.0 99,1.0 100,1.0 101,1.0 102,1.0 103,1.0 104,1.0 
8,2.0 13,2.0 25,2.0 
0,1.0 1,4.0 10,1.0 28,2.0 42,1.0 68,1.0 
1,7.0 3,2.0 19,1.0 34,2.0 36,2.0 37,2.0 38,1.0 39,3.0 43,1.0 45,2.0 47,1.0 48,1.0 72,2.0 74,1.0 
11,4.0 32,2.0 
13,2.0 
29,2.0 
33,2.0 34,2.0 35,2.0 
28,2.0 34,2.0 35,2.0 
0,3.0 4,1.0 10,1.0 19,1.0 28,2.0 33,2.0 35,2.0 36,1.0 40,1.0 44,1.0 72,2.0 74,1.0 78,1.0 
28,2.0 33,2.0 34,2.0 
27,5.0 44,2.0 60,1.0 
28,2.0 38,1.0 39,2.0 43,1.0 
28,1.0 37,1.0 39,1.0 
0,1.0 27,1.0 36,1.0 40,8.0 42,1.0 44,2.0 78,1.0 80,1.0 81,1.0 
10,15.0 34,1.0 36,1.0 39,3.0 41,2.0 44,1.0 53,1.0 59,2.0 60,3.0 64,1.0 65,1.0 66,2.0 67,2.0 76,1.0 78,2.0 79,1.0 80,1.0 81,1.0 
4,2.0 10,2.0 
27,1.0 28,1.0 
28,1.0 37,1.0 39,1.0 
0,1.0 1,1.0 27,2.0 36,2.0 
19,1.0 28,2.0 49,1.0 
11,1.0 22,1.0 82,1.0 88,1.0 
28,1.0 45,1.0 48,1.0 
28,1.0 45,1.0 47,1.0 
14,3.0 15,2.0 19,3.0 27,1.0 83,1.0 86,1.0 
13,1.0 
11,1.0 
1,1.0 13,1.0 53,1.0 
0,1.0 1,1.0 40,1.0 52,1.0 59,1.0 60,1.0 
3,1.0 
56,1.0 
2,1.0 
11,1.0 
53,1.0 
0,4.0 60,3.0 
0,2.0 27,1.0 36,1.0 59,2.0 61,2.0 63,1.0 
5,4.0 10,7.0 75,1.0 
40,2.0 
60,1.0 
40,1.0 59,1.0 60,1.0 65,1.0 66,1.0 67,1.0 
40,1.0 59,1.0 60,1.0 64,1.0 66,1.0 67,1.0 
36,1.0 40,1.0 59,1.0 60,2.0 64,1.0 65,1.0 67,2.0 
36,1.0 40,1.0 59,1.0 60,2.0 64,1.0 65,1.0 66,2.0 
1,7.0 3,1.0 11,1.0 69,1.0 73,1.0 77,1.0 
3,1.0 
28,2.0 
28,1.0 
0,2.0 19,1.0 34,2.0 74,1.0 
1,1.0 28,1.0 
0,1.0 1,4.0 3,4.0 11,9.0 14,5.0 34,1.0 49,1.0 72,1.0 82,4.0 85,1.0 
10,1.0 40,1.0 76,1.0 
40,1.0 66,1.0 67,1.0 
1,1.0 28,1.0 
0,1.0 34,1.0 36,1.0 39,1.0 40,1.0 44,2.0 80,1.0 81,1.0 
39,1.0 40,1.0 78,1.0 80,1.0 81,1.0 
0,1.0 2,12.0 3,10.0 13,2.0 18,2.0 39,1.0 44,1.0 46,1.0 78,1.0 81,1.0 82,10.0 
0,1.0 39,1.0 44,1.0 78,1.0 80,1.0 
2,7.0 3,14.0 11,7.0 74,7.0 80,7.0 84,1.0 
80,1.0 87,1.0 
74,1.0 89,1.0 
49,1.0 90,1.0 91,1.0 
83,1.0 
46,1.0 
84,1.0 
85,1.0 
25,1.0 91,1.0 92,1.0 93,1.0 94,1.0 95,1.0 96,1.0 97,1.0 
25,1.0 90,1.0 92,1.0 93,1.0 94,1.0 95,1.0 96,1.0 97,1.0 
25,1.0 93,1.0 94,1.0 95,1.0 96,1.0 97,1.0 98,1.0 99,1.0 100,1.0 101,1.0 102,1.0 103,1.0 104,1.0 
25,1.0 92,1.0 94,1.0 95,1.0 96,1.0 97,1.0 98,1.0 99,1.0 100,1.0 101,1.0 102,1.0 103,1.0 104,1.0 
25,1.0 92,1.0 93,1.0 95,1.0 96,1.0 97,1.0 98,1.0 99,1.0 100,1.0 101,1.0 102,1.0 103,1.0 104,1.0 
25,1.0 92,1.0 93,1.0 94,1.0 96,1.0 97,1.0 98,1.0 99,1.0 100,1.0 101,1.0 102,1.0 103,1.0 104,1.0 
25,1.0 92,1.0 93,1.0 94,1.0 95,1.0 97,1.0 98,1.0 99,1.0 100,1.0 101,1.0 102,1.0 103,1.0 104,1.0 
25,1.0 92,1.0 93,1.0 94,1.0 95,1.0 96,1.0 98,1.0 99,1.0 100,1.0 101,1.0 102,1.0 103,1.0 104,1.0 
99,1.0 100,1.0 101,1.0 102,1.0 103,1.0 104,1.0 
98,1.0 100,1.0 101,1.0 102,1.0 103,1.0 104,1.0 
98,1.0 99,1.0 101,1.0 102,1.0 103,1.0 104,1.0 
98,1.0 99,1.0 100,1.0 102,1.0 103,1.0 104,1.0 
98,1.0 99,1.0 100,1.0 101,1.0 103,1.0 104,1.0 
98,1.0 99,1.0 100,1.0 101,1.0 102,1.0 104,1.0 
98,1.0 99,1.0 100,1.0 101,1.0 102,1.0 103,1.0 
