1,1.0 
2,17.0 4,1.0 12,9.0 17,2.0 19,1.0 22,1.0 25,7.0 26,1.0 36,1.0 38,3.0 68,1.0 69,1.0 74,4.0 85,1.0 95,3.0 107,1.0 154,1.0 157,1.0 
3,13.0 6,4.0 7,4.0 10,4.0 11,9.0 17,4.0 38,2.0 44,8.0 47,2.0 78,1.0 101,1.0 104,1.0 
1,2.0 4,19.0 5,16.0 8,2.0 11,9.0 12,5.0 19,3.0 26,3.0 31,1.0 36,3.0 70,5.0 150,1.0 
3,2.0 5,32.0 6,12.0 7,8.0 8,20.0 11,4.0 18,6.0 19,9.0 21,1.0 22,2.0 23,1.0 24,4.0 33,5.0 37,1.0 39,2.0 40,1.0 45,2.0 46,8.0 49,2.0 52,3.0 54,1.0 59,1.0 61,1.0 63,1.0 64,1.0 78,1.0 118,1.0 145,6.0 146,10.0 147,2.0 
1,9.0 3,2.0 4,32.0 6,10.0 7,11.0 8,30.0 11,8.0 13,2.0 14,21.0 15,9.0 18,4.0 33,6.0 37,1.0 45,4.0 46,12.0 49,2.0 51,2.0 52,2.0 53,4.0 60,1.0 67,1.0 102,1.0 140,4.0 145,5.0 146,15.0 
1,2.0 4,4.0 5,4.0 7,20.0 8,12.0 9,3.0 10,4.0 18,1.0 22,1.0 33,2.0 38,6.0 42,2.0 43,3.0 44,2.0 46,6.0 47,2.0 48,3.0 52,1.0 61,1.0 65,2.0 66,1.0 80,3.0 85,1.0 167,1.0 
1,6.0 4,4.0 5,6.0 6,20.0 8,12.0 9,2.0 10,7.0 14,2.0 15,11.0 16,2.0 18,4.0 22,1.0 25,5.0 27,2.0 32,3.0 33,5.0 38,4.0 42,2.0 43,4.0 48,4.0 53,4.0 65,3.0 66,1.0 145,7.0 167,2.0 
1,9.0 3,2.0 6,12.0 7,12.0 9,2.0 11,8.0 13,2.0 15,8.0 16,2.0 18,5.0 22,1.0 32,1.0 44,9.0 46,12.0 47,2.0 49,2.0 50,2.0 51,2.0 52,1.0 58,1.0 61,1.0 
2,4.0 5,2.0 10,2.0 12,2.0 14,2.0 17,1.0 20,2.0 30,6.0 32,1.0 75,1.0 87,3.0 89,1.0 92,3.0 94,2.0 110,1.0 
4,8.0 5,12.0 9,2.0 14,6.0 23,1.0 25,5.0 29,2.0 30,2.0 33,4.0 38,7.0 39,2.0 54,1.0 62,4.0 63,1.0 67,1.0 68,1.0 69,1.0 140,1.0 149,1.0 152,4.0 160,1.0 
1,4.0 3,9.0 4,9.0 5,12.0 8,8.0 12,2.0 13,8.0 14,4.0 17,2.0 19,1.0 26,2.0 44,4.0 49,2.0 51,2.0 68,1.0 74,2.0 75,3.0 83,3.0 118,1.0 142,1.0 144,1.0 
5,1.0 7,4.0 9,2.0 10,4.0 11,4.0 13,8.0 15,5.0 23,1.0 26,8.0 27,3.0 37,4.0 44,5.0 46,2.0 50,2.0 52,1.0 53,3.0 67,1.0 70,5.0 71,1.0 72,6.0 76,1.0 97,1.0 102,1.0 104,5.0 120,1.0 122,1.0 148,3.0 165,1.0 
1,2.0 5,13.0 8,2.0 11,8.0 12,7.0 14,13.0 26,11.0 28,5.0 34,2.0 35,1.0 36,7.0 55,1.0 56,1.0 57,1.0 65,1.0 76,1.0 151,2.0 159,1.0 
5,21.0 7,4.0 8,12.0 11,4.0 13,2.0 15,9.0 33,2.0 45,2.0 46,5.0 51,2.0 53,4.0 60,1.0 97,2.0 99,3.0 103,2.0 104,4.0 105,2.0 110,1.0 146,6.0 
1,3.0 2,4.0 4,1.0 5,2.0 6,2.0 7,13.0 8,8.0 10,3.0 14,2.0 16,7.0 18,1.0 19,1.0 21,1.0 25,3.0 27,3.0 44,3.0 46,6.0 50,2.0 52,1.0 60,1.0 69,1.0 93,1.0 156,1.0 
2,1.0 6,4.0 7,2.0 12,4.0 29,1.0 37,2.0 38,2.0 61,1.0 107,1.0 139,1.0 
1,2.0 4,9.0 5,6.0 10,1.0 11,2.0 12,1.0 19,3.0 26,1.0 32,1.0 55,1.0 68,1.0 75,4.0 116,1.0 121,1.0 125,2.0 129,1.0 135,2.0 136,3.0 137,2.0 138,1.0 140,3.0 141,1.0 158,1.0 
1,2.0 7,2.0 8,4.0 12,2.0 20,2.0 21,1.0 24,2.0 28,4.0 32,1.0 33,4.0 39,4.0 41,1.0 44,2.0 46,2.0 58,1.0 59,1.0 64,1.0 126,1.0 153,1.0 
4,9.0 6,2.0 7,1.0 8,2.0 18,2.0 21,4.0 22,2.0 23,1.0 24,4.0 30,3.0 46,1.0 52,1.0 54,1.0 59,1.0 61,1.0 83,1.0 86,3.0 98,5.0 99,5.0 102,1.0 107,3.0 145,1.0 146,1.0 147,2.0 
1,1.0 15,1.0 17,2.0 21,2.0 52,1.0 58,1.0 87,4.0 
1,1.0 4,3.0 9,2.0 15,1.0 18,1.0 19,3.0 24,1.0 84,2.0 86,2.0 87,3.0 95,1.0 99,3.0 100,2.0 135,1.0 
1,1.0 6,2.0 13,1.0 16,2.0 23,1.0 24,2.0 28,1.0 32,1.0 44,1.0 54,1.0 69,1.0 91,1.0 139,2.0 
1,1.0 5,5.0 13,1.0 22,1.0 24,1.0 28,1.0 29,2.0 30,1.0 31,1.0 67,5.0 72,1.0 77,1.0 
1,2.0 18,2.0 21,1.0 22,2.0 23,1.0 44,2.0 54,1.0 59,1.0 
10,5.0 11,2.0 13,9.0 23,1.0 29,2.0 30,2.0 33,1.0 44,1.0 54,1.0 62,2.0 97,1.0 98,2.0 104,1.0 114,1.0 124,1.0 125,1.0 149,1.0 152,1.0 
5,1.0 7,2.0 12,8.0 15,4.0 23,5.0 27,3.0 36,10.0 37,3.0 46,2.0 52,1.0 53,3.0 67,11.0 80,1.0 88,1.0 91,3.0 102,2.0 148,3.0 165,1.0 
1,1.0 7,2.0 15,3.0 18,1.0 46,1.0 52,1.0 
4,1.0 7,4.0 13,5.0 15,3.0 34,2.0 35,1.0 36,8.0 52,1.0 55,1.0 56,1.0 57,1.0 65,1.0 75,1.0 122,1.0 151,2.0 159,1.0 
10,1.0 13,1.0 23,2.0 28,1.0 30,2.0 31,1.0 37,1.0 38,1.0 54,1.0 55,1.0 
19,3.0 21,2.0 23,1.0 29,2.0 31,1.0 54,1.0 55,1.0 83,1.0 86,3.0 87,1.0 104,2.0 106,5.0 109,1.0 
32,2.0 88,2.0 
7,2.0 17,1.0 20,2.0 23,1.0 29,1.0 33,2.0 43,1.0 48,1.0 55,1.0 65,1.0 74,2.0 75,1.0 106,1.0 107,1.0 136,1.0 145,1.0 150,1.0 
4,1.0 6,4.0 7,6.0 13,3.0 15,1.0 28,3.0 32,2.0 39,5.0 40,1.0 53,3.0 70,3.0 145,4.0 150,3.0 166,6.0 167,2.0 168,2.0 169,2.0 170,2.0 171,2.0 172,2.0 173,2.0 
1,1.0 35,1.0 36,2.0 44,1.0 57,1.0 
1,1.0 34,1.0 36,1.0 
1,1.0 23,5.0 26,10.0 34,2.0 35,1.0 37,3.0 44,1.0 57,1.0 67,12.0 71,1.0 78,7.0 80,2.0 101,1.0 102,1.0 138,2.0 
5,3.0 10,3.0 29,1.0 38,3.0 67,3.0 72,4.0 73,4.0 81,1.0 84,1.0 166,1.0 
1,1.0 4,4.0 5,2.0 6,2.0 10,9.0 17,1.0 33,2.0 39,2.0 42,2.0 43,1.0 44,1.0 62,1.0 63,1.0 66,1.0 118,4.0 152,2.0 160,1.0 
4,2.0 6,4.0 7,4.0 15,1.0 33,5.0 40,1.0 63,1.0 64,1.0 91,1.0 
18,1.0 
6,2.0 7,2.0 26,1.0 90,1.0 
1,1.0 38,2.0 43,1.0 44,1.0 66,1.0 
3,2.0 38,1.0 42,1.0 44,1.0 48,1.0 150,1.0 
3,6.0 13,6.0 17,2.0 20,1.0 45,14.0 
1,4.0 2,8.0 12,5.0 25,1.0 146,4.0 
6,6.0 8,12.0 15,6.0 18,3.0 27,1.0 44,6.0 47,2.0 50,2.0 52,2.0 53,1.0 58,1.0 60,1.0 61,1.0 148,1.0 
10,2.0 12,2.0 48,2.0 
2,2.0 15,1.0 31,1.0 43,1.0 65,3.0 150,2.0 
8,2.0 11,2.0 44,2.0 
10,2.0 47,2.0 
8,2.0 11,2.0 44,2.0 
1,3.0 7,1.0 21,1.0 32,2.0 53,2.0 146,2.0 147,1.0 161,1.0 164,1.0 165,1.0 
1,4.0 7,7.0 16,2.0 18,1.0 20,1.0 28,1.0 32,1.0 33,3.0 46,1.0 145,20.0 146,4.0 148,3.0 171,1.0 172,1.0 173,1.0 
22,1.0 24,1.0 29,1.0 30,1.0 44,1.0 55,1.0 
22,1.0 33,1.0 56,1.0 154,1.0 156,1.0 158,1.0 159,1.0 
22,1.0 32,1.0 151,1.0 160,1.0 
34,1.0 36,1.0 44,1.0 
17,1.0 44,1.0 
18,1.0 24,1.0 44,1.0 
15,1.0 44,1.0 46,1.0 
1,1.0 37,1.0 62,2.0 147,1.0 
15,1.0 16,1.0 18,1.0 31,1.0 149,1.0 150,1.0 152,3.0 176,1.0 
4,1.0 39,1.0 64,1.0 
41,1.0 65,2.0 
1,1.0 15,1.0 18,1.0 31,1.0 48,3.0 150,1.0 151,1.0 179,1.0 
1,1.0 38,1.0 42,1.0 
1,1.0 5,13.0 23,5.0 37,3.0 69,1.0 70,1.0 71,1.0 80,2.0 102,2.0 
3,1.0 10,1.0 13,1.0 14,2.0 67,1.0 69,1.0 106,1.0 107,1.0 161,1.0 162,1.0 
13,1.0 17,2.0 22,1.0 28,1.0 67,1.0 70,1.0 103,3.0 118,1.0 120,3.0 140,3.0 156,1.0 
11,1.0 12,5.0 15,1.0 18,1.0 37,4.0 71,1.0 72,5.0 150,1.0 
5,1.0 67,1.0 72,1.0 73,1.0 
23,1.0 37,4.0 71,1.0 73,5.0 77,1.0 
11,5.0 
1,1.0 3,5.0 17,1.0 98,1.0 101,1.0 106,1.0 161,1.0 163,1.0 
3,2.0 13,1.0 52,1.0 69,3.0 78,1.0 80,2.0 101,1.0 111,2.0 120,6.0 126,1.0 136,4.0 138,3.0 164,1.0 
12,1.0 23,1.0 37,1.0 72,1.0 79,7.0 80,1.0 81,7.0 83,5.0 
28,1.0 
19,1.0 30,1.0 41,1.0 76,7.0 79,7.0 85,2.0 89,1.0 90,2.0 112,2.0 119,2.0 
37,1.0 76,7.0 80,1.0 81,7.0 83,5.0 106,2.0 
5,2.0 11,1.0 67,2.0 81,1.0 82,1.0 103,2.0 118,3.0 120,3.0 121,1.0 140,2.0 
37,1.0 80,1.0 82,3.0 83,6.0 84,4.0 102,1.0 121,1.0 132,1.0 
28,3.0 
9,1.0 78,2.0 81,6.0 82,2.0 84,4.0 85,2.0 86,1.0 87,1.0 99,3.0 100,1.0 113,2.0 121,1.0 
28,3.0 85,3.0 88,1.0 
2,2.0 12,3.0 14,4.0 20,2.0 32,1.0 36,1.0 41,1.0 78,2.0 89,1.0 90,2.0 98,1.0 107,2.0 111,8.0 
21,2.0 83,1.0 84,3.0 
9,3.0 19,3.0 30,2.0 89,1.0 92,3.0 94,3.0 95,1.0 96,1.0 98,2.0 103,1.0 134,1.0 
11,2.0 33,2.0 150,2.0 
26,2.0 90,1.0 92,1.0 
26,2.0 41,1.0 89,1.0 
11,1.0 68,1.0 93,2.0 126,2.0 156,1.0 
26,3.0 89,1.0 94,2.0 
21,3.0 
26,2.0 92,2.0 96,1.0 97,1.0 
17,3.0 30,3.0 79,2.0 87,1.0 94,1.0 96,1.0 106,1.0 129,1.0 130,1.0 
94,1.0 97,1.0 126,1.0 127,1.0 
9,1.0 12,1.0 85,1.0 112,4.0 120,1.0 122,1.0 124,1.0 125,1.0 
19,5.0 21,2.0 96,1.0 99,10.0 102,1.0 103,4.0 105,3.0 107,3.0 108,1.0 109,1.0 110,1.0 126,1.0 136,3.0 
21,3.0 83,3.0 100,16.0 102,1.0 105,11.0 107,9.0 110,2.0 113,12.0 135,1.0 
9,9.0 16,1.0 85,5.0 117,1.0 
12,1.0 19,1.0 26,2.0 36,1.0 98,1.0 119,1.0 
1,1.0 5,2.0 67,2.0 81,1.0 99,1.0 100,1.0 132,1.0 
1,5.0 14,2.0 21,1.0 22,1.0 98,4.0 99,6.0 105,3.0 110,2.0 123,1.0 
14,2.0 22,4.0 25,1.0 97,1.0 98,3.0 103,3.0 108,1.0 112,4.0 124,1.0 125,1.0 131,2.0 134,1.0 143,1.0 
99,11.0 100,7.0 113,4.0 132,1.0 133,1.0 
19,3.0 68,1.0 74,1.0 85,1.0 98,3.0 112,6.0 119,4.0 129,1.0 130,1.0 161,2.0 162,1.0 163,1.0 
1,1.0 32,1.0 68,1.0 74,1.0 75,1.0 98,1.0 99,9.0 100,3.0 106,2.0 113,6.0 117,1.0 132,4.0 133,4.0 136,1.0 139,1.0 154,2.0 155,1.0 157,1.0 
98,1.0 99,1.0 105,1.0 
14,1.0 98,1.0 103,2.0 
36,1.0 99,2.0 100,2.0 138,1.0 
78,2.0 97,2.0 106,6.0 
83,2.0 99,12.0 105,4.0 107,6.0 114,4.0 115,2.0 116,2.0 
28,1.0 68,2.0 75,2.0 85,9.0 91,1.0 117,1.0 
12,1.0 97,1.0 113,4.0 115,2.0 116,2.0 
113,2.0 114,2.0 
17,1.0 113,2.0 114,2.0 121,1.0 
4,1.0 25,1.0 107,1.0 126,1.0 154,1.0 155,1.0 
11,1.0 26,1.0 36,2.0 75,2.0 119,1.0 125,3.0 138,3.0 140,3.0 141,1.0 142,3.0 144,1.0 
80,1.0 81,2.0 83,2.0 99,1.0 102,1.0 107,4.0 120,1.0 133,4.0 
69,3.0 80,3.0 103,7.0 121,1.0 122,1.0 126,1.0 
1,1.0 85,2.0 
25,1.0 103,1.0 104,1.0 120,1.0 
28,1.0 
85,1.0 97,1.0 125,1.0 
85,1.0 97,1.0 104,5.0 124,1.0 129,1.0 141,2.0 142,2.0 
1,1.0 17,1.0 95,1.0 96,1.0 103,1.0 107,2.0 117,1.0 120,1.0 127,1.0 140,1.0 153,1.0 156,1.0 
128,1.0 
117,1.0 
85,1.0 104,1.0 106,1.0 125,1.0 130,1.0 
85,1.0 106,1.0 129,1.0 
99,2.0 105,2.0 
9,1.0 95,5.0 
105,1.0 107,4.0 132,5.0 
17,3.0 21,1.0 99,1.0 105,1.0 116,1.0 133,1.0 137,2.0 
25,2.0 74,1.0 
52,1.0 69,2.0 75,4.0 120,3.0 126,1.0 134,3.0 164,1.0 
17,2.0 135,2.0 
36,2.0 67,2.0 69,1.0 71,1.0 75,3.0 80,3.0 120,3.0 
68,1.0 69,2.0 106,1.0 107,1.0 
9,1.0 17,3.0 25,2.0 38,2.0 55,1.0 118,3.0 125,5.0 129,1.0 141,2.0 142,2.0 158,1.0 
104,2.0 125,2.0 
10,1.0 104,2.0 125,2.0 144,1.0 
6,1.0 
10,1.0 142,1.0 
1,2.0 7,7.0 9,2.0 15,1.0 18,1.0 33,6.0 53,17.0 145,1.0 146,6.0 167,1.0 171,1.0 172,1.0 173,1.0 174,1.0 
1,9.0 9,2.0 15,1.0 16,2.0 18,1.0 32,1.0 45,4.0 52,2.0 53,4.0 145,6.0 
1,2.0 52,1.0 61,1.0 
1,2.0 18,1.0 46,1.0 53,3.0 
31,1.0 62,1.0 
7,2.0 13,1.0 18,5.0 28,1.0 32,2.0 33,3.0 
1,1.0 22,1.0 56,1.0 65,1.0 
15,2.0 18,1.0 62,3.0 150,1.0 160,1.0 
107,1.0 117,1.0 126,1.0 
39,2.0 64,1.0 155,1.0 157,1.0 
39,1.0 154,1.0 
1,2.0 17,1.0 69,1.0 107,1.0 126,1.0 140,1.0 
39,1.0 154,1.0 
55,1.0 156,1.0 
22,1.0 55,1.0 
15,1.0 152,1.0 177,1.0 
6,2.0 61,1.0 162,1.0 163,1.0 
6,1.0 161,1.0 
6,1.0 161,1.0 
32,1.0 52,1.0 
1,1.0 52,1.0 
15,5.0 18,2.0 
15,1.0 33,2.0 53,1.0 
53,2.0 169,3.0 170,2.0 171,1.0 172,1.0 180,1.0 
53,2.0 168,2.0 170,2.0 180,1.0 181,1.0 182,1.0 183,1.0 
53,2.0 168,2.0 169,2.0 
53,2.0 145,1.0 168,1.0 169,1.0 172,3.0 173,2.0 180,1.0 
53,2.0 145,1.0 168,1.0 169,1.0 171,3.0 173,2.0 180,1.0 
53,2.0 145,1.0 171,2.0 172,2.0 
175,1.0 
52,1.0 
56,1.0 
178,1.0 
55,1.0 
168,1.0 171,1.0 172,1.0 
169,1.0 181,1.0 182,1.0 183,1.0 
182,1.0 183,1.0 184,1.0 185,1.0 
181,1.0 183,1.0 184,1.0 185,1.0 
181,1.0 182,1.0 184,1.0 185,1.0 
185,1.0 186,1.0 187,1.0 188,1.0 189,1.0 190,1.0 
184,1.0 186,1.0 187,1.0 188,1.0 189,1.0 190,1.0 
187,1.0 188,1.0 189,1.0 190,1.0 
186,1.0 188,1.0 189,1.0 190,1.0 
186,1.0 187,1.0 189,1.0 190,1.0 
186,1.0 187,1.0 188,1.0 190,1.0 
186,1.0 187,1.0 188,1.0 189,1.0 
