1,2.0 2,1.0 3,1.0 4,2.0 5,1.0 9,4.0 10,2.0 11,1.0 12,1.0 24,1.0 40,1.0 75,1.0 82,1.0 114,1.0 150,1.0 207,1.0 218,1.0 220,1.0 222,1.0 323,1.0 372,1.0 
0,1.0 1,1.0 2,3.0 3,1.0 9,1.0 101,1.0 145,1.0 239,1.0 275,1.0 323,1.0 324,2.0 325,2.0 326,2.0 
1,2.0 3,1.0 74,1.0 101,1.0 130,1.0 145,1.0 275,1.0 324,1.0 325,1.0 326,1.0 
0,1.0 4,3.0 5,1.0 8,1.0 9,2.0 10,2.0 11,2.0 20,1.0 22,1.0 24,1.0 59,1.0 79,1.0 80,1.0 81,1.0 84,1.0 106,1.0 118,1.0 119,1.0 225,1.0 236,1.0 390,1.0 391,1.0 392,1.0 393,1.0 394,1.0 
5,3.0 6,1.0 7,1.0 8,1.0 10,3.0 11,3.0 12,2.0 20,1.0 22,1.0 25,1.0 26,1.0 27,1.0 47,1.0 71,1.0 144,1.0 145,1.0 346,1.0 347,1.0 436,1.0 437,1.0 438,1.0 
4,3.0 6,1.0 7,1.0 9,1.0 12,1.0 16,1.0 20,1.0 22,2.0 46,1.0 58,1.0 71,1.0 129,1.0 145,1.0 157,1.0 313,1.0 346,1.0 347,1.0 408,1.0 409,1.0 438,1.0 462,1.0 484,1.0 495,1.0 
3,1.0 6,1.0 7,2.0 8,1.0 9,1.0 12,1.0 13,1.0 16,1.0 17,1.0 25,8.0 28,1.0 29,2.0 35,2.0 56,4.0 57,2.0 58,1.0 64,1.0 67,2.0 70,2.0 73,2.0 74,1.0 77,7.0 78,2.0 120,1.0 126,1.0 129,1.0 130,1.0 132,2.0 157,1.0 204,1.0 242,1.0 245,4.0 250,2.0 319,1.0 320,2.0 321,1.0 335,1.0 354,1.0 462,1.0 
3,1.0 6,2.0 8,1.0 9,1.0 12,2.0 13,2.0 14,1.0 20,1.0 21,1.0 22,2.0 25,1.0 38,1.0 56,11.0 57,3.0 58,2.0 62,4.0 63,3.0 71,1.0 73,6.0 74,1.0 78,1.0 83,5.0 85,3.0 101,1.0 104,1.0 120,2.0 145,7.0 157,1.0 203,1.0 212,1.0 258,1.0 304,2.0 319,1.0 402,2.0 404,2.0 
3,1.0 4,1.0 6,2.0 7,1.0 8,7.0 9,1.0 10,1.0 11,1.0 12,27.0 13,12.0 14,14.0 15,10.0 16,29.0 17,23.0 18,6.0 19,1.0 20,1.0 23,1.0 25,1.0 30,1.0 31,1.0 38,18.0 39,3.0 42,1.0 43,2.0 44,2.0 56,1.0 57,1.0 62,1.0 67,7.0 68,3.0 69,2.0 70,4.0 72,3.0 74,1.0 77,1.0 78,2.0 83,1.0 84,2.0 95,14.0 111,1.0 112,2.0 114,1.0 120,4.0 127,1.0 128,1.0 133,1.0 134,2.0 139,1.0 156,1.0 157,1.0 204,1.0 206,1.0 214,1.0 239,1.0 245,2.0 248,1.0 263,1.0 308,1.0 320,1.0 327,2.0 354,1.0 464,1.0 
0,3.0 3,2.0 4,3.0 5,2.0 8,1.0 10,3.0 11,2.0 12,1.0 16,1.0 24,2.0 25,1.0 26,1.0 45,1.0 46,1.0 52,1.0 58,1.0 63,1.0 64,1.0 75,1.0 94,1.0 97,1.0 102,1.0 114,1.0 129,1.0 204,1.0 313,1.0 323,1.0 341,1.0 342,1.0 372,1.0 408,1.0 409,1.0 462,1.0 484,1.0 495,1.0 
0,1.0 4,4.0 5,1.0 8,1.0 9,1.0 11,6.0 12,2.0 16,1.0 25,2.0 26,2.0 27,3.0 34,1.0 35,1.0 36,1.0 43,1.0 47,1.0 144,1.0 231,1.0 261,2.0 262,2.0 436,1.0 437,1.0 
4,3.0 8,1.0 10,6.0 12,1.0 16,1.0 25,2.0 26,2.0 27,3.0 34,1.0 35,1.0 36,1.0 43,1.0 47,1.0 144,1.0 206,1.0 231,1.0 401,1.0 436,1.0 437,1.0 484,1.0 485,1.0 486,1.0 487,1.0 
0,1.0 4,1.0 5,1.0 7,4.0 8,26.0 9,1.0 10,2.0 11,1.0 12,6.0 13,15.0 14,38.0 15,8.0 16,31.0 17,24.0 18,6.0 19,2.0 20,13.0 21,11.0 22,22.0 23,1.0 30,1.0 31,1.0 38,24.0 39,5.0 41,2.0 43,1.0 44,2.0 56,3.0 62,4.0 63,1.0 71,17.0 72,6.0 73,1.0 74,1.0 77,1.0 80,1.0 82,2.0 83,4.0 84,3.0 85,1.0 105,1.0 106,1.0 108,1.0 109,1.0 116,1.0 117,2.0 120,7.0 124,1.0 129,4.0 130,1.0 143,1.0 144,3.0 145,1.0 146,1.0 150,2.0 155,1.0 168,7.0 169,1.0 187,1.0 191,4.0 192,1.0 196,3.0 229,1.0 304,1.0 335,3.0 354,1.0 361,1.0 362,3.0 363,5.0 365,1.0 366,3.0 369,8.0 
6,2.0 7,2.0 8,5.0 12,18.0 13,2.0 14,18.0 15,11.0 16,13.0 17,27.0 18,5.0 19,3.0 20,4.0 21,4.0 25,6.0 26,1.0 27,2.0 30,4.0 31,1.0 32,6.0 33,1.0 35,1.0 36,1.0 38,7.0 41,1.0 43,1.0 56,2.0 62,1.0 63,1.0 64,2.0 67,4.0 68,2.0 69,1.0 70,3.0 73,2.0 76,1.0 77,2.0 78,1.0 80,2.0 83,1.0 85,1.0 95,1.0 107,4.0 112,1.0 132,4.0 144,4.0 145,1.0 146,1.0 148,3.0 149,3.0 152,1.0 153,1.0 155,1.0 156,1.0 157,6.0 158,1.0 168,3.0 169,2.0 179,3.0 180,1.0 191,2.0 192,2.0 193,1.0 196,5.0 197,1.0 204,1.0 247,6.0 249,4.0 251,1.0 254,1.0 267,3.0 279,5.0 301,3.0 315,1.0 316,5.0 335,1.0 336,1.0 354,1.0 358,1.0 361,5.0 363,6.0 365,2.0 369,3.0 404,2.0 439,1.0 
0,1.0 3,1.0 6,3.0 7,6.0 8,10.0 9,1.0 12,31.0 13,20.0 14,3.0 15,12.0 16,9.0 17,21.0 18,2.0 19,10.0 20,8.0 21,8.0 22,29.0 23,4.0 24,1.0 25,3.0 30,6.0 31,2.0 38,9.0 41,3.0 43,2.0 56,4.0 62,5.0 63,1.0 64,1.0 67,3.0 70,4.0 71,19.0 72,21.0 73,1.0 74,5.0 76,1.0 77,2.0 80,1.0 82,1.0 83,5.0 84,1.0 85,1.0 90,1.0 95,2.0 107,1.0 109,3.0 110,3.0 116,3.0 117,4.0 124,1.0 126,1.0 128,3.0 129,7.0 130,3.0 131,2.0 132,1.0 134,1.0 136,1.0 139,1.0 144,2.0 145,2.0 148,1.0 149,1.0 152,1.0 153,1.0 168,11.0 169,4.0 177,1.0 179,8.0 182,2.0 183,2.0 185,1.0 191,7.0 192,1.0 196,9.0 197,2.0 202,1.0 204,1.0 227,1.0 245,1.0 246,5.0 247,2.0 250,2.0 304,1.0 312,1.0 313,1.0 314,1.0 323,1.0 338,1.0 339,1.0 347,1.0 358,2.0 359,1.0 360,1.0 361,1.0 362,7.0 363,3.0 365,2.0 366,3.0 369,8.0 435,1.0 463,1.0 469,1.0 
8,5.0 12,3.0 13,10.0 14,13.0 16,4.0 17,1.0 18,2.0 19,1.0 20,4.0 21,3.0 25,2.0 26,1.0 27,1.0 30,6.0 31,2.0 32,2.0 33,2.0 35,1.0 38,5.0 41,1.0 43,1.0 44,12.0 45,1.0 46,1.0 47,1.0 72,9.0 95,3.0 128,1.0 132,3.0 148,2.0 149,2.0 152,1.0 153,1.0 168,5.0 169,3.0 179,5.0 182,1.0 183,1.0 185,2.0 190,1.0 191,1.0 193,1.0 196,3.0 197,1.0 204,1.0 251,4.0 259,1.0 270,1.0 279,1.0 282,1.0 335,1.0 336,1.0 353,1.0 358,2.0 359,2.0 361,1.0 363,1.0 401,1.0 404,1.0 439,1.0 468,1.0 471,1.0 
6,2.0 7,1.0 8,29.0 10,2.0 11,2.0 12,34.0 13,20.0 14,12.0 15,8.0 16,9.0 17,23.0 18,6.0 19,4.0 21,4.0 22,4.0 25,2.0 30,8.0 31,6.0 32,6.0 33,7.0 34,1.0 35,1.0 38,18.0 39,5.0 41,5.0 43,13.0 44,3.0 56,2.0 57,1.0 58,2.0 62,1.0 67,19.0 68,8.0 69,7.0 70,3.0 72,3.0 74,1.0 75,1.0 80,2.0 82,1.0 83,1.0 84,3.0 97,1.0 107,1.0 108,1.0 109,2.0 112,3.0 114,3.0 115,1.0 116,3.0 117,1.0 120,4.0 127,1.0 129,3.0 132,2.0 133,2.0 139,2.0 143,1.0 149,1.0 155,1.0 156,1.0 157,2.0 158,1.0 163,1.0 187,1.0 188,1.0 194,1.0 196,2.0 201,2.0 204,2.0 205,1.0 209,1.0 213,1.0 223,1.0 225,2.0 247,2.0 248,1.0 249,1.0 251,1.0 257,1.0 266,1.0 269,1.0 272,1.0 313,1.0 316,1.0 317,2.0 318,1.0 335,3.0 354,1.0 372,1.0 389,1.0 409,1.0 462,1.0 465,1.0 466,1.0 
6,2.0 7,2.0 8,19.0 12,25.0 13,28.0 14,19.0 16,20.0 17,3.0 18,5.0 19,2.0 20,4.0 21,4.0 25,3.0 30,5.0 31,1.0 38,6.0 39,1.0 41,1.0 43,1.0 56,2.0 62,1.0 63,1.0 67,8.0 68,4.0 69,3.0 70,3.0 72,1.0 73,2.0 80,1.0 82,1.0 83,1.0 84,2.0 85,1.0 105,1.0 106,1.0 112,1.0 114,2.0 115,1.0 116,1.0 117,1.0 120,1.0 132,2.0 144,4.0 145,1.0 146,1.0 157,1.0 158,1.0 168,5.0 169,2.0 179,3.0 191,1.0 192,1.0 196,7.0 197,1.0 203,1.0 247,2.0 261,1.0 265,1.0 267,4.0 271,2.0 301,2.0 354,1.0 361,4.0 363,5.0 369,3.0 372,1.0 428,1.0 442,1.0 443,1.0 
6,1.0 8,4.0 12,6.0 13,5.0 14,3.0 15,2.0 16,6.0 17,3.0 19,2.0 20,2.0 21,3.0 22,1.0 25,1.0 30,2.0 32,1.0 33,1.0 38,7.0 39,8.0 40,1.0 41,2.0 51,1.0 68,1.0 72,3.0 95,1.0 99,1.0 101,1.0 114,1.0 120,1.0 130,1.0 134,2.0 139,2.0 144,1.0 168,3.0 169,1.0 179,1.0 192,2.0 204,2.0 208,1.0 210,1.0 243,1.0 245,1.0 275,1.0 316,1.0 322,1.0 323,1.0 358,1.0 
6,1.0 8,2.0 12,3.0 13,4.0 14,11.0 16,4.0 17,1.0 19,1.0 20,12.0 21,6.0 22,18.0 23,4.0 25,1.0 27,1.0 30,27.0 31,1.0 32,8.0 33,2.0 36,1.0 38,1.0 41,11.0 42,3.0 50,1.0 52,1.0 53,1.0 56,1.0 57,1.0 58,1.0 59,1.0 60,1.0 61,1.0 64,1.0 67,4.0 70,1.0 71,7.0 77,1.0 78,1.0 80,1.0 82,1.0 84,2.0 93,1.0 94,1.0 95,1.0 101,1.0 105,1.0 112,1.0 113,2.0 116,2.0 117,11.0 123,1.0 132,8.0 168,4.0 169,9.0 175,1.0 179,7.0 181,1.0 185,1.0 190,1.0 191,1.0 193,1.0 194,1.0 197,1.0 201,1.0 211,1.0 213,1.0 234,1.0 242,1.0 261,1.0 265,4.0 276,1.0 279,2.0 286,1.0 302,1.0 315,1.0 316,2.0 317,2.0 318,2.0 319,1.0 320,1.0 327,1.0 354,2.0 358,1.0 359,1.0 361,2.0 362,1.0 363,2.0 366,10.0 367,2.0 414,1.0 428,2.0 430,1.0 431,1.0 432,1.0 449,1.0 465,1.0 
3,1.0 7,1.0 8,1.0 12,12.0 14,13.0 19,12.0 21,31.0 22,20.0 23,6.0 26,3.0 27,1.0 30,20.0 31,5.0 32,1.0 33,1.0 34,3.0 35,2.0 38,4.0 40,3.0 41,16.0 42,4.0 50,1.0 52,1.0 53,1.0 56,3.0 59,1.0 60,1.0 61,1.0 62,2.0 71,12.0 72,4.0 73,2.0 74,1.0 79,5.0 80,5.0 81,2.0 82,4.0 83,2.0 105,4.0 106,1.0 107,5.0 110,1.0 112,2.0 114,1.0 118,1.0 119,1.0 120,4.0 123,1.0 124,4.0 125,1.0 132,1.0 149,1.0 157,5.0 158,2.0 159,4.0 168,1.0 179,4.0 185,1.0 214,1.0 219,1.0 225,1.0 229,1.0 234,1.0 286,1.0 287,1.0 354,6.0 372,1.0 430,1.0 431,1.0 432,1.0 
7,1.0 8,1.0 12,10.0 14,12.0 16,5.0 17,1.0 19,8.0 20,30.0 21,1.0 22,20.0 23,2.0 26,3.0 27,3.0 30,18.0 31,4.0 32,3.0 33,3.0 34,2.0 35,3.0 38,4.0 41,11.0 56,3.0 62,2.0 67,5.0 68,4.0 69,4.0 71,10.0 72,3.0 73,3.0 74,1.0 79,1.0 80,1.0 82,1.0 83,3.0 105,3.0 106,1.0 110,4.0 112,3.0 114,1.0 120,6.0 123,1.0 124,2.0 125,1.0 132,1.0 157,2.0 189,1.0 206,2.0 214,1.0 219,1.0 225,1.0 227,2.0 229,1.0 234,1.0 259,1.0 286,1.0 287,1.0 354,6.0 370,1.0 372,1.0 430,1.0 431,1.0 432,1.0 
0,1.0 3,2.0 6,1.0 7,1.0 8,2.0 9,1.0 12,18.0 13,2.0 14,33.0 16,6.0 17,3.0 19,16.0 20,15.0 21,12.0 22,1.0 23,5.0 24,1.0 25,1.0 30,12.0 32,4.0 33,1.0 38,2.0 41,3.0 43,3.0 56,3.0 62,3.0 67,5.0 68,4.0 69,4.0 70,3.0 71,27.0 72,2.0 73,1.0 74,1.0 77,1.0 79,1.0 80,2.0 83,3.0 105,1.0 110,2.0 114,1.0 116,1.0 118,1.0 119,1.0 120,1.0 123,1.0 128,1.0 132,2.0 136,2.0 150,1.0 157,4.0 168,9.0 169,5.0 179,9.0 185,2.0 190,1.0 191,6.0 192,1.0 196,1.0 203,2.0 206,1.0 219,1.0 224,1.0 225,1.0 227,1.0 247,4.0 254,2.0 265,1.0 277,1.0 279,4.0 301,2.0 302,1.0 328,3.0 354,1.0 358,2.0 360,1.0 362,8.0 363,1.0 366,1.0 369,5.0 372,1.0 404,2.0 417,1.0 430,1.0 431,1.0 432,1.0 447,1.0 448,1.0 
0,1.0 3,1.0 8,2.0 9,1.0 12,1.0 14,4.0 16,2.0 17,1.0 19,2.0 20,3.0 21,2.0 22,5.0 24,1.0 30,3.0 32,2.0 38,1.0 41,2.0 42,4.0 43,1.0 50,1.0 52,1.0 53,1.0 59,1.0 60,1.0 61,1.0 71,5.0 72,3.0 110,3.0 120,1.0 168,1.0 169,4.0 172,1.0 179,3.0 182,1.0 185,3.0 190,2.0 197,1.0 226,2.0 301,1.0 302,2.0 349,1.0 358,1.0 360,1.0 362,1.0 
0,1.0 3,1.0 4,1.0 9,2.0 10,1.0 11,1.0 25,1.0 26,1.0 64,1.0 74,1.0 94,1.0 130,1.0 204,1.0 244,1.0 
6,7.0 7,1.0 12,1.0 13,2.0 16,4.0 17,1.0 19,2.0 21,1.0 22,1.0 26,5.0 27,6.0 28,1.0 29,2.0 32,2.0 33,1.0 34,2.0 35,5.0 36,4.0 37,2.0 41,3.0 43,1.0 56,4.0 57,3.0 58,2.0 62,1.0 63,1.0 64,6.0 65,1.0 66,1.0 67,5.0 68,1.0 69,1.0 70,2.0 73,3.0 76,1.0 77,6.0 78,5.0 94,1.0 120,1.0 126,1.0 129,1.0 157,1.0 204,2.0 206,1.0 223,1.0 253,1.0 254,1.0 304,3.0 315,2.0 316,1.0 320,1.0 321,1.0 335,1.0 353,1.0 354,1.0 462,1.0 
16,1.0 18,1.0 19,2.0 20,2.0 21,4.0 25,5.0 26,1.0 27,6.0 28,1.0 29,1.0 30,2.0 32,1.0 33,1.0 34,6.0 35,9.0 36,1.0 37,1.0 41,2.0 43,1.0 57,1.0 58,1.0 62,6.0 64,2.0 67,1.0 73,2.0 75,1.0 79,1.0 81,1.0 82,1.0 83,2.0 94,5.0 99,2.0 105,1.0 106,2.0 110,1.0 120,1.0 124,1.0 130,1.0 132,1.0 151,3.0 204,1.0 223,1.0 227,1.0 251,1.0 278,1.0 322,1.0 333,1.0 334,1.0 342,1.0 344,2.0 354,2.0 461,1.0 475,1.0 483,3.0 
8,2.0 12,2.0 13,1.0 14,2.0 16,5.0 17,2.0 19,3.0 21,1.0 25,6.0 26,4.0 28,1.0 29,1.0 30,1.0 32,3.0 33,1.0 34,2.0 35,7.0 36,5.0 37,1.0 38,1.0 41,3.0 57,1.0 58,1.0 63,1.0 64,2.0 67,2.0 73,2.0 78,1.0 83,2.0 112,1.0 147,1.0 231,1.0 253,1.0 304,1.0 315,1.0 316,1.0 354,1.0 
16,1.0 29,3.0 30,1.0 31,1.0 32,2.0 33,2.0 43,1.0 50,1.0 218,1.0 320,1.0 
13,1.0 16,2.0 17,1.0 28,3.0 30,1.0 31,1.0 32,2.0 33,2.0 43,1.0 50,1.0 117,1.0 218,1.0 246,1.0 250,1.0 301,3.0 320,1.0 321,1.0 
8,2.0 13,3.0 14,6.0 16,7.0 17,3.0 19,28.0 20,20.0 21,18.0 22,14.0 23,4.0 25,1.0 26,2.0 31,9.0 32,5.0 33,6.0 34,1.0 35,1.0 36,1.0 38,1.0 41,13.0 42,3.0 45,1.0 48,1.0 49,1.0 50,2.0 51,1.0 52,1.0 53,1.0 59,1.0 60,1.0 61,1.0 62,1.0 71,7.0 72,2.0 74,1.0 79,2.0 82,1.0 93,1.0 96,1.0 101,1.0 105,2.0 106,1.0 110,3.0 112,2.0 113,1.0 116,1.0 117,11.0 123,1.0 128,3.0 132,9.0 134,1.0 139,1.0 158,1.0 168,3.0 169,8.0 179,4.0 185,1.0 190,1.0 197,2.0 214,2.0 219,1.0 225,1.0 226,1.0 234,1.0 302,1.0 354,2.0 359,1.0 361,5.0 363,3.0 366,10.0 367,2.0 370,1.0 430,1.0 431,1.0 432,1.0 
8,1.0 13,1.0 14,2.0 15,2.0 16,4.0 17,1.0 19,2.0 20,4.0 21,3.0 25,1.0 30,10.0 32,3.0 33,3.0 34,1.0 35,1.0 40,2.0 41,12.0 43,2.0 44,2.0 71,1.0 72,1.0 79,3.0 80,4.0 82,3.0 84,1.0 94,1.0 95,1.0 97,1.0 105,1.0 106,1.0 107,2.0 108,1.0 109,1.0 110,2.0 112,2.0 113,1.0 116,1.0 117,1.0 120,2.0 124,2.0 128,3.0 132,1.0 134,2.0 139,1.0 143,1.0 146,5.0 147,2.0 157,1.0 158,1.0 159,1.0 169,1.0 226,2.0 227,2.0 229,1.0 231,1.0 232,1.0 239,1.0 240,1.0 247,1.0 250,1.0 327,2.0 335,1.0 354,2.0 359,1.0 371,1.0 472,1.0 
7,1.0 8,1.0 12,2.0 13,5.0 14,1.0 15,2.0 16,5.0 17,2.0 19,5.0 20,1.0 21,1.0 22,3.0 23,2.0 25,4.0 26,2.0 27,2.0 30,2.0 31,1.0 32,3.0 33,19.0 34,2.0 35,2.0 36,1.0 38,1.0 41,1.0 50,1.0 56,1.0 62,1.0 63,1.0 64,3.0 65,1.0 66,1.0 67,2.0 68,1.0 71,1.0 78,1.0 80,2.0 83,2.0 107,1.0 117,2.0 120,1.0 124,1.0 132,1.0 169,3.0 178,1.0 179,2.0 180,1.0 185,1.0 190,1.0 191,2.0 193,1.0 211,1.0 218,1.0 226,1.0 227,1.0 252,1.0 266,1.0 315,1.0 316,4.0 317,1.0 318,1.0 327,1.0 335,1.0 358,1.0 359,1.0 365,2.0 418,1.0 465,1.0 472,1.0 
7,1.0 8,1.0 12,1.0 15,2.0 16,4.0 17,1.0 20,1.0 21,1.0 25,3.0 26,3.0 27,1.0 30,2.0 31,1.0 32,19.0 33,1.0 34,3.0 35,3.0 38,1.0 50,1.0 56,1.0 62,2.0 63,1.0 64,2.0 65,1.0 66,1.0 67,1.0 83,2.0 117,1.0 132,1.0 141,1.0 151,1.0 169,2.0 178,1.0 190,1.0 218,1.0 252,1.0 263,1.0 265,1.0 266,1.0 267,2.0 273,1.0 317,2.0 318,1.0 335,1.0 359,1.0 472,1.0 483,1.0 
13,1.0 17,1.0 19,2.0 20,3.0 21,2.0 22,1.0 25,2.0 26,6.0 27,3.0 32,1.0 34,1.0 35,7.0 36,3.0 37,1.0 41,1.0 62,3.0 71,1.0 73,1.0 79,1.0 81,1.0 82,1.0 83,1.0 94,1.0 105,1.0 106,1.0 110,1.0 117,2.0 125,1.0 129,1.0 151,3.0 159,1.0 204,2.0 225,1.0 231,9.0 246,1.0 250,1.0 253,1.0 278,2.0 301,5.0 304,1.0 342,1.0 344,2.0 347,1.0 428,2.0 461,1.0 475,1.0 483,3.0 
6,1.0 8,1.0 12,1.0 14,1.0 16,2.0 17,1.0 19,1.0 20,1.0 21,3.0 25,5.0 26,8.0 27,8.0 29,1.0 30,2.0 32,1.0 33,1.0 34,6.0 35,1.0 36,3.0 37,2.0 38,1.0 41,1.0 43,1.0 62,5.0 63,1.0 73,2.0 74,1.0 77,1.0 79,1.0 81,1.0 82,1.0 83,5.0 100,1.0 104,1.0 106,1.0 112,2.0 151,3.0 253,1.0 261,1.0 303,1.0 304,2.0 305,1.0 306,1.0 321,1.0 342,1.0 354,2.0 461,1.0 483,3.0 
8,1.0 12,1.0 13,2.0 14,1.0 16,3.0 18,2.0 19,3.0 25,2.0 27,4.0 30,1.0 31,1.0 32,3.0 34,2.0 35,1.0 37,3.0 38,1.0 39,1.0 41,4.0 64,1.0 67,1.0 72,1.0 78,2.0 95,1.0 117,2.0 134,1.0 139,1.0 141,1.0 142,1.0 147,2.0 231,1.0 253,1.0 304,1.0 315,2.0 316,2.0 320,1.0 
8,1.0 12,1.0 14,1.0 16,2.0 18,2.0 30,1.0 31,1.0 36,3.0 38,1.0 39,1.0 41,1.0 72,1.0 95,1.0 134,1.0 139,1.0 320,1.0 
7,3.0 8,19.0 10,1.0 11,1.0 12,26.0 13,7.0 14,8.0 15,7.0 16,16.0 17,7.0 18,5.0 19,1.0 20,3.0 21,4.0 22,3.0 23,2.0 30,1.0 38,5.0 39,5.0 40,1.0 41,2.0 42,1.0 43,5.0 44,2.0 56,1.0 62,2.0 67,1.0 71,3.0 72,2.0 73,1.0 74,6.0 79,1.0 80,1.0 83,2.0 84,2.0 85,1.0 95,1.0 105,2.0 106,2.0 107,1.0 109,7.0 111,1.0 120,9.0 123,1.0 124,3.0 126,1.0 128,1.0 129,2.0 134,2.0 139,2.0 144,15.0 145,1.0 148,1.0 149,1.0 151,1.0 155,1.0 156,2.0 157,9.0 158,1.0 187,1.0 201,1.0 207,1.0 214,1.0 217,1.0 223,1.0 227,2.0 229,2.0 234,1.0 245,1.0 253,1.0 277,1.0 286,1.0 287,1.0 325,1.0 335,3.0 336,3.0 365,4.0 402,1.0 403,3.0 439,1.0 470,1.0 
8,2.0 12,4.0 14,1.0 16,5.0 18,8.0 19,1.0 20,1.0 21,2.0 22,1.0 30,2.0 32,1.0 33,1.0 38,5.0 40,1.0 41,2.0 51,1.0 74,1.0 99,1.0 101,1.0 243,1.0 275,1.0 323,1.0 
12,1.0 14,2.0 20,4.0 22,1.0 23,2.0 30,2.0 31,2.0 38,1.0 41,4.0 42,1.0 71,1.0 72,2.0 73,1.0 80,1.0 82,1.0 105,1.0 106,1.0 107,1.0 124,2.0 144,1.0 145,1.0 147,3.0 150,1.0 157,1.0 159,2.0 160,1.0 161,1.0 214,1.0 218,1.0 226,1.0 227,2.0 335,1.0 344,1.0 354,1.0 396,2.0 472,1.0 
6,1.0 8,1.0 12,1.0 13,1.0 14,3.0 16,5.0 19,15.0 20,15.0 21,10.0 22,3.0 23,4.0 30,12.0 31,11.0 32,6.0 33,5.0 34,1.0 35,1.0 38,4.0 40,4.0 41,1.0 42,3.0 43,1.0 50,1.0 52,1.0 53,1.0 56,1.0 57,1.0 58,1.0 59,1.0 60,1.0 61,1.0 62,1.0 67,3.0 71,2.0 72,3.0 74,3.0 77,1.0 79,4.0 80,5.0 81,2.0 82,3.0 83,1.0 84,3.0 94,4.0 95,1.0 105,4.0 106,1.0 107,6.0 108,1.0 110,3.0 112,3.0 113,3.0 116,2.0 117,2.0 120,4.0 123,1.0 124,5.0 128,1.0 132,1.0 134,1.0 143,3.0 144,1.0 147,13.0 149,1.0 157,3.0 158,2.0 159,5.0 169,1.0 189,1.0 194,1.0 202,2.0 204,1.0 206,2.0 207,1.0 209,1.0 214,1.0 223,1.0 226,1.0 227,3.0 229,1.0 242,1.0 263,1.0 265,1.0 267,2.0 316,1.0 317,3.0 318,2.0 319,1.0 320,1.0 327,2.0 354,2.0 359,1.0 370,1.0 371,1.0 430,1.0 431,1.0 432,1.0 465,1.0 472,1.0 
8,2.0 12,1.0 16,2.0 17,1.0 19,2.0 20,2.0 21,1.0 23,4.0 30,2.0 38,1.0 41,1.0 43,1.0 50,1.0 52,1.0 53,1.0 59,1.0 60,1.0 61,1.0 
8,1.0 10,1.0 11,1.0 12,1.0 13,2.0 14,1.0 15,2.0 16,15.0 17,1.0 18,1.0 19,1.0 22,2.0 30,3.0 31,3.0 32,2.0 33,1.0 38,5.0 39,1.0 41,1.0 43,1.0 44,1.0 52,1.0 67,2.0 70,3.0 74,6.0 80,1.0 82,3.0 84,5.0 95,2.0 96,3.0 97,1.0 100,2.0 102,1.0 103,2.0 108,3.0 109,6.0 116,1.0 117,1.0 120,4.0 124,1.0 128,1.0 129,1.0 132,2.0 133,2.0 136,12.0 137,1.0 138,2.0 139,2.0 140,1.0 143,3.0 144,1.0 146,1.0 156,1.0 157,6.0 158,1.0 159,1.0 162,1.0 197,1.0 201,3.0 202,1.0 203,2.0 205,1.0 206,1.0 207,1.0 208,1.0 216,1.0 223,3.0 225,3.0 226,4.0 227,2.0 232,1.0 241,3.0 247,2.0 248,1.0 249,1.0 257,1.0 269,1.0 316,1.0 317,1.0 327,1.0 328,6.0 345,1.0 346,1.0 350,1.0 351,1.0 354,1.0 365,2.0 403,1.0 465,1.0 466,1.0 
8,1.0 15,12.0 16,2.0 19,1.0 20,3.0 21,2.0 30,4.0 31,1.0 41,1.0 43,1.0 45,1.0 46,1.0 47,1.0 72,2.0 80,1.0 95,2.0 107,1.0 168,2.0 169,1.0 193,1.0 247,2.0 248,1.0 249,1.0 259,1.0 270,1.0 471,1.0 
9,1.0 30,1.0 46,1.0 47,1.0 48,2.0 49,2.0 50,2.0 51,2.0 52,1.0 53,1.0 54,1.0 55,1.0 63,1.0 102,1.0 341,1.0 342,1.0 
5,1.0 9,1.0 16,1.0 22,1.0 45,1.0 47,1.0 48,1.0 49,1.0 58,1.0 129,1.0 157,1.0 313,1.0 323,1.0 325,1.0 332,1.0 347,1.0 348,1.0 350,1.0 408,1.0 409,1.0 415,2.0 435,1.0 462,1.0 484,1.0 495,1.0 
4,1.0 5,1.0 45,1.0 46,1.0 48,1.0 49,1.0 144,1.0 436,1.0 437,1.0 
6,1.0 7,1.0 45,1.0 49,2.0 50,1.0 51,1.0 56,1.0 
6,1.0 7,1.0 45,1.0 48,2.0 50,1.0 51,1.0 56,1.0 
19,1.0 20,1.0 30,2.0 32,2.0 33,2.0 41,1.0 45,2.0 48,1.0 49,1.0 51,2.0 52,2.0 53,2.0 54,1.0 55,1.0 59,1.0 60,1.0 61,1.0 218,1.0 
1,1.0 18,1.0 30,1.0 39,1.0 45,2.0 48,1.0 49,1.0 50,2.0 52,1.0 53,1.0 54,1.0 55,1.0 80,1.0 239,1.0 240,1.0 243,3.0 323,1.0 
19,1.0 20,1.0 30,2.0 41,1.0 43,1.0 45,1.0 50,2.0 51,1.0 53,2.0 54,1.0 55,1.0 59,1.0 60,1.0 61,1.0 96,1.0 97,1.0 99,1.0 104,1.0 136,1.0 137,1.0 
19,1.0 20,1.0 30,2.0 41,1.0 45,1.0 50,2.0 51,1.0 52,2.0 54,1.0 55,1.0 59,1.0 60,1.0 61,1.0 95,1.0 97,1.0 133,1.0 279,1.0 411,1.0 
30,1.0 45,1.0 50,1.0 51,1.0 52,1.0 53,1.0 55,1.0 247,1.0 277,1.0 
30,1.0 45,1.0 50,1.0 51,1.0 52,1.0 53,1.0 54,1.0 
6,5.0 7,7.0 8,2.0 12,4.0 13,2.0 14,1.0 16,3.0 17,3.0 20,3.0 21,3.0 22,3.0 25,5.0 35,1.0 38,3.0 43,1.0 57,4.0 58,2.0 62,4.0 63,4.0 70,1.0 71,1.0 73,8.0 77,4.0 78,2.0 83,5.0 85,4.0 114,1.0 120,1.0 129,1.0 136,1.0 144,2.0 209,1.0 219,1.0 225,1.0 242,1.0 254,1.0 262,1.0 266,1.0 270,2.0 304,3.0 319,1.0 320,1.0 328,1.0 335,1.0 372,1.0 389,1.0 402,2.0 
12,1.0 13,1.0 15,1.0 16,2.0 19,3.0 20,1.0 23,1.0 26,1.0 30,1.0 38,1.0 41,3.0 42,1.0 58,4.0 67,1.0 73,1.0 78,4.0 94,1.0 99,1.0 116,1.0 129,1.0 160,1.0 201,1.0 212,1.0 254,1.0 317,1.0 318,1.0 320,1.0 335,3.0 336,2.0 404,1.0 
13,1.0 15,1.0 16,2.0 19,3.0 20,1.0 23,1.0 30,1.0 38,1.0 41,3.0 42,1.0 57,4.0 67,1.0 116,1.0 129,1.0 313,1.0 317,1.0 318,1.0 335,2.0 336,1.0 409,1.0 462,1.0 
3,1.0 19,1.0 20,1.0 21,1.0 30,1.0 41,1.0 50,1.0 52,1.0 53,1.0 60,1.0 61,1.0 71,1.0 80,1.0 81,1.0 110,1.0 343,1.0 
19,1.0 20,1.0 30,1.0 41,1.0 50,1.0 52,1.0 53,1.0 59,1.0 61,1.0 
19,1.0 20,1.0 30,1.0 41,1.0 50,1.0 52,1.0 53,1.0 59,1.0 60,1.0 
7,4.0 12,1.0 14,1.0 16,1.0 19,1.0 20,3.0 21,4.0 22,2.0 25,1.0 26,7.0 30,2.0 34,4.0 35,5.0 38,1.0 41,1.0 56,5.0 62,1.0 63,4.0 64,1.0 65,1.0 66,1.0 67,1.0 68,1.0 69,1.0 71,1.0 73,4.0 74,1.0 79,1.0 80,1.0 81,1.0 82,1.0 83,8.0 85,3.0 106,1.0 110,1.0 112,1.0 120,2.0 151,3.0 344,2.0 354,2.0 402,1.0 483,3.0 
7,1.0 8,2.0 12,3.0 13,2.0 14,1.0 16,2.0 17,2.0 20,1.0 21,2.0 22,2.0 25,1.0 27,1.0 35,1.0 38,2.0 56,3.0 59,1.0 62,2.0 64,1.0 65,1.0 66,1.0 67,1.0 68,1.0 69,1.0 71,2.0 73,6.0 83,2.0 85,4.0 86,1.0 87,1.0 88,1.0 95,1.0 110,1.0 144,1.0 151,1.0 187,1.0 219,1.0 265,1.0 342,2.0 343,1.0 354,1.0 
6,1.0 13,1.0 16,3.0 19,2.0 21,1.0 22,1.0 25,6.0 26,2.0 27,2.0 32,1.0 36,1.0 41,3.0 43,1.0 57,1.0 58,1.0 62,1.0 63,1.0 65,1.0 66,1.0 67,5.0 68,1.0 69,1.0 73,1.0 76,1.0 77,2.0 78,2.0 94,1.0 104,2.0 117,1.0 126,1.0 128,2.0 129,1.0 204,1.0 223,3.0 303,1.0 304,2.0 305,1.0 315,2.0 316,2.0 335,1.0 348,1.0 462,1.0 
16,1.0 21,1.0 22,1.0 25,1.0 62,1.0 63,1.0 64,1.0 66,1.0 67,1.0 68,1.0 69,1.0 
16,1.0 21,1.0 22,1.0 25,1.0 62,1.0 63,1.0 64,1.0 65,1.0 67,1.0 68,1.0 69,1.0 
6,4.0 8,6.0 13,6.0 14,2.0 16,18.0 17,9.0 19,4.0 21,4.0 22,3.0 25,4.0 32,3.0 33,2.0 40,1.0 41,3.0 57,1.0 58,1.0 64,1.0 67,5.0 68,8.0 69,7.0 70,9.0 73,2.0 75,1.0 77,1.0 78,1.0 80,1.0 84,1.0 104,1.0 106,1.0 114,3.0 115,1.0 116,1.0 117,2.0 127,1.0 128,3.0 129,2.0 144,1.0 150,1.0 158,1.0 195,1.0 203,2.0 206,1.0 212,1.0 213,2.0 223,4.0 227,1.0 259,1.0 261,2.0 303,1.0 304,1.0 305,1.0 315,1.0 316,4.0 317,1.0 318,1.0 335,1.0 345,1.0 372,1.0 433,1.0 434,1.0 
6,1.0 8,2.0 13,2.0 16,6.0 17,4.0 18,1.0 21,3.0 22,3.0 25,1.0 64,1.0 67,7.0 68,3.0 69,9.0 70,1.0 77,1.0 120,1.0 157,1.0 192,1.0 279,1.0 316,1.0 442,1.0 443,1.0 451,1.0 
6,1.0 8,2.0 13,1.0 16,6.0 17,3.0 21,3.0 22,3.0 25,1.0 64,1.0 67,7.0 68,9.0 69,3.0 77,1.0 
0,1.0 6,3.0 8,1.0 9,1.0 10,1.0 12,1.0 13,3.0 14,2.0 16,1.0 17,3.0 22,2.0 25,3.0 40,1.0 43,3.0 67,6.0 68,1.0 70,1.0 73,2.0 77,1.0 78,1.0 84,3.0 116,3.0 117,3.0 120,1.0 136,2.0 144,1.0 157,1.0 181,2.0 196,2.0 197,1.0 206,1.0 213,1.0 227,2.0 279,1.0 328,3.0 359,4.0 361,2.0 450,2.0 
7,1.0 8,2.0 12,15.0 13,1.0 14,20.0 16,1.0 17,1.0 19,7.0 20,7.0 21,6.0 22,26.0 23,5.0 30,6.0 32,1.0 38,4.0 40,1.0 41,2.0 43,1.0 56,1.0 59,1.0 62,2.0 72,1.0 73,1.0 83,2.0 110,7.0 116,1.0 123,1.0 128,1.0 132,2.0 157,4.0 168,8.0 169,8.0 172,1.0 182,1.0 190,2.0 191,6.0 192,1.0 196,1.0 197,1.0 203,3.0 229,1.0 254,5.0 279,2.0 302,1.0 343,1.0 344,1.0 362,3.0 363,1.0 366,1.0 369,5.0 404,2.0 430,1.0 431,1.0 432,1.0 
6,1.0 7,1.0 8,3.0 12,2.0 14,21.0 15,10.0 16,3.0 18,2.0 19,1.0 20,2.0 21,4.0 22,1.0 23,3.0 30,3.0 31,1.0 34,1.0 38,2.0 40,1.0 41,2.0 43,1.0 44,2.0 56,1.0 62,1.0 71,2.0 72,2.0 83,1.0 90,1.0 95,4.0 105,1.0 110,1.0 116,1.0 117,1.0 124,1.0 125,1.0 129,1.0 131,1.0 134,1.0 139,1.0 156,1.0 157,1.0 168,3.0 169,2.0 177,1.0 179,3.0 182,1.0 183,2.0 185,3.0 190,1.0 191,2.0 193,1.0 196,3.0 197,1.0 202,1.0 204,1.0 227,1.0 245,1.0 282,1.0 301,1.0 302,2.0 304,1.0 309,2.0 311,1.0 323,1.0 338,1.0 339,1.0 347,1.0 353,1.0 356,1.0 358,1.0 435,1.0 463,1.0 468,1.0 469,1.0 
7,2.0 8,5.0 12,9.0 13,3.0 14,5.0 15,1.0 16,5.0 17,5.0 20,4.0 21,3.0 22,4.0 25,1.0 27,2.0 35,1.0 38,5.0 43,1.0 56,4.0 57,1.0 62,1.0 63,6.0 71,3.0 77,1.0 78,3.0 79,1.0 83,1.0 85,4.0 86,1.0 87,1.0 88,1.0 95,1.0 105,1.0 124,1.0 144,1.0 151,1.0 155,2.0 156,1.0 208,1.0 219,1.0 304,1.0 333,1.0 336,1.0 337,1.0 342,1.0 349,1.0 402,3.0 
7,1.0 8,1.0 14,4.0 16,3.0 26,1.0 30,1.0 38,5.0 43,7.0 62,1.0 67,1.0 74,2.0 75,3.0 79,2.0 80,4.0 82,11.0 84,10.0 95,2.0 107,2.0 108,17.0 109,31.0 112,4.0 113,2.0 114,1.0 120,19.0 124,2.0 130,2.0 132,6.0 135,1.0 136,1.0 138,1.0 142,1.0 143,3.0 144,1.0 145,1.0 146,2.0 149,1.0 156,1.0 157,28.0 158,2.0 160,1.0 161,1.0 162,4.0 163,1.0 164,1.0 167,2.0 175,1.0 177,1.0 178,1.0 185,1.0 191,2.0 192,3.0 194,1.0 195,1.0 197,7.0 198,1.0 199,1.0 202,2.0 207,9.0 208,1.0 209,2.0 210,4.0 211,4.0 214,1.0 226,2.0 241,1.0 245,1.0 246,1.0 286,1.0 287,1.0 339,1.0 376,2.0 377,1.0 
0,1.0 9,1.0 13,1.0 14,1.0 16,1.0 21,1.0 67,1.0 74,2.0 79,1.0 84,6.0 106,2.0 108,1.0 109,1.0 114,4.0 120,1.0 157,4.0 158,1.0 182,2.0 183,1.0 191,5.0 192,1.0 196,3.0 197,2.0 206,6.0 209,1.0 226,1.0 227,1.0 372,4.0 
25,1.0 64,1.0 73,1.0 77,1.0 78,1.0 176,1.0 261,1.0 
6,5.0 8,2.0 12,2.0 14,1.0 16,1.0 20,1.0 21,1.0 22,2.0 25,5.0 29,1.0 35,2.0 38,1.0 43,2.0 56,3.0 57,1.0 64,2.0 70,1.0 71,1.0 73,2.0 76,1.0 77,1.0 78,4.0 95,2.0 108,1.0 116,1.0 126,1.0 136,1.0 143,1.0 158,1.0 188,1.0 194,1.0 201,1.0 212,1.0 213,1.0 242,1.0 260,1.0 319,1.0 320,3.0 321,1.0 328,1.0 462,1.0 
12,3.0 13,2.0 14,1.0 16,3.0 19,2.0 20,2.0 21,1.0 22,2.0 25,1.0 26,1.0 27,1.0 32,2.0 36,2.0 38,1.0 41,1.0 43,2.0 57,4.0 64,1.0 67,1.0 71,1.0 73,3.0 77,2.0 94,1.0 95,1.0 99,1.0 129,1.0 136,1.0 160,1.0 201,1.0 212,1.0 315,2.0 316,2.0 320,1.0 335,1.0 336,1.0 
3,1.0 16,1.0 20,3.0 21,2.0 30,1.0 31,2.0 38,1.0 43,1.0 56,1.0 74,3.0 79,1.0 80,14.0 81,5.0 82,3.0 84,2.0 93,1.0 105,3.0 106,7.0 107,6.0 109,4.0 112,1.0 113,1.0 120,1.0 124,3.0 143,3.0 146,1.0 147,1.0 157,5.0 158,1.0 187,1.0 201,1.0 202,2.0 209,3.0 211,4.0 214,7.0 217,2.0 225,3.0 226,1.0 229,1.0 231,1.0 241,1.0 286,1.0 287,1.0 302,1.0 327,1.0 375,1.0 388,1.0 390,1.0 391,1.0 395,1.0 
5,1.0 8,2.0 12,1.0 14,1.0 16,3.0 20,6.0 21,2.0 22,2.0 30,1.0 31,5.0 32,1.0 38,1.0 40,1.0 41,8.0 43,1.0 44,1.0 46,1.0 67,3.0 74,1.0 79,6.0 80,3.0 81,5.0 82,25.0 84,9.0 105,3.0 106,2.0 107,30.0 108,2.0 109,9.0 113,4.0 120,6.0 124,22.0 143,2.0 146,4.0 147,3.0 157,10.0 158,1.0 161,2.0 167,1.0 168,2.0 169,1.0 170,1.0 171,1.0 174,1.0 175,1.0 176,1.0 177,1.0 178,1.0 181,1.0 182,2.0 187,2.0 188,2.0 189,1.0 190,2.0 193,1.0 194,2.0 196,1.0 202,1.0 203,2.0 204,1.0 206,5.0 207,1.0 211,2.0 223,1.0 227,1.0 240,2.0 241,1.0 247,1.0 283,2.0 325,1.0 350,1.0 371,1.0 376,1.0 386,1.0 387,1.0 388,1.0 418,1.0 
3,1.0 14,1.0 16,1.0 20,3.0 21,1.0 22,1.0 30,1.0 41,3.0 43,1.0 57,1.0 59,1.0 78,1.0 79,5.0 80,4.0 82,6.0 84,2.0 106,1.0 107,1.0 109,3.0 113,2.0 124,1.0 128,1.0 143,3.0 147,1.0 150,1.0 155,1.0 159,1.0 161,2.0 201,1.0 202,1.0 214,1.0 217,1.0 225,1.0 226,1.0 229,1.0 241,1.0 327,2.0 371,1.0 375,1.0 388,1.0 
0,1.0 14,2.0 19,1.0 20,5.0 21,1.0 22,2.0 30,1.0 31,3.0 32,1.0 33,1.0 34,1.0 41,6.0 43,4.0 74,10.0 79,2.0 80,23.0 81,4.0 82,2.0 84,18.0 95,1.0 105,3.0 106,2.0 107,14.0 108,9.0 109,9.0 113,1.0 124,14.0 136,1.0 143,2.0 146,5.0 147,2.0 155,2.0 161,1.0 167,1.0 168,2.0 169,1.0 174,1.0 175,1.0 176,1.0 177,1.0 178,1.0 181,1.0 182,2.0 187,1.0 188,2.0 189,1.0 194,2.0 196,1.0 201,1.0 203,1.0 207,1.0 222,1.0 226,1.0 229,1.0 241,1.0 278,1.0 283,1.0 286,1.0 344,1.0 347,1.0 371,1.0 375,1.0 376,2.0 386,1.0 387,1.0 388,1.0 
7,5.0 12,1.0 14,1.0 19,1.0 20,4.0 21,5.0 22,1.0 26,3.0 27,2.0 30,1.0 31,1.0 34,2.0 35,5.0 38,1.0 41,2.0 56,6.0 62,8.0 63,4.0 71,1.0 73,5.0 74,1.0 85,3.0 112,2.0 120,2.0 177,1.0 189,1.0 278,1.0 342,1.0 354,3.0 402,2.0 461,1.0 
3,1.0 8,2.0 12,2.0 13,1.0 14,1.0 15,1.0 17,1.0 21,1.0 31,2.0 38,2.0 41,2.0 43,6.0 44,1.0 67,1.0 70,1.0 72,1.0 74,12.0 75,7.0 79,4.0 80,8.0 81,3.0 82,17.0 84,4.0 92,1.0 95,2.0 105,1.0 106,4.0 108,14.0 109,22.0 113,2.0 120,1.0 132,1.0 134,1.0 136,1.0 139,2.0 143,6.0 146,3.0 147,2.0 150,1.0 155,1.0 156,3.0 157,4.0 158,1.0 168,2.0 169,2.0 182,3.0 183,1.0 191,5.0 193,1.0 194,1.0 196,4.0 197,2.0 201,3.0 202,2.0 203,8.0 206,8.0 207,8.0 208,1.0 217,1.0 225,7.0 226,2.0 227,1.0 236,1.0 241,2.0 251,1.0 283,1.0 286,2.0 287,1.0 335,2.0 339,1.0 349,1.0 368,1.0 371,1.0 376,3.0 377,1.0 386,1.0 387,1.0 394,1.0 419,1.0 
7,1.0 8,1.0 12,3.0 13,2.0 14,1.0 16,1.0 17,2.0 20,1.0 21,1.0 22,1.0 38,3.0 56,3.0 62,1.0 63,4.0 71,1.0 73,4.0 83,1.0 86,1.0 87,1.0 88,1.0 144,1.0 151,1.0 325,1.0 
87,1.0 88,1.0 89,1.0 90,1.0 91,1.0 92,1.0 93,1.0 
86,1.0 88,1.0 89,1.0 90,1.0 91,1.0 92,1.0 93,1.0 147,1.0 262,1.0 264,1.0 
86,1.0 87,1.0 89,1.0 90,1.0 91,1.0 92,1.0 93,1.0 
90,1.0 91,1.0 92,1.0 93,1.0 94,1.0 189,1.0 260,1.0 335,1.0 
89,1.0 91,1.0 92,1.0 93,2.0 94,1.0 131,1.0 463,1.0 
89,1.0 90,1.0 92,1.0 93,1.0 94,1.0 
89,1.0 90,1.0 91,1.0 93,1.0 94,1.0 105,1.0 106,1.0 155,1.0 419,1.0 
19,2.0 30,1.0 79,1.0 89,1.0 90,1.0 91,1.0 92,1.0 94,1.0 113,1.0 117,2.0 132,2.0 201,1.0 251,1.0 302,1.0 428,1.0 
8,1.0 18,1.0 21,1.0 25,1.0 26,5.0 31,1.0 34,1.0 41,5.0 43,1.0 53,1.0 64,1.0 95,3.0 97,1.0 99,2.0 105,1.0 106,1.0 110,1.0 120,1.0 124,1.0 130,1.0 133,1.0 159,1.0 204,1.0 223,1.0 227,2.0 278,1.0 322,1.0 327,1.0 333,1.0 334,1.0 344,1.0 475,1.0 
6,1.0 8,15.0 13,3.0 14,5.0 15,5.0 16,2.0 17,1.0 18,3.0 31,1.0 38,1.0 39,1.0 43,3.0 44,2.0 53,1.0 57,1.0 70,1.0 72,4.0 74,3.0 78,1.0 82,2.0 84,2.0 94,1.0 95,1.0 96,1.0 97,2.0 108,1.0 109,1.0 112,1.0 120,1.0 128,1.0 133,2.0 134,3.0 135,2.0 136,1.0 138,2.0 139,1.0 142,1.0 156,1.0 160,1.0 168,3.0 169,1.0 179,1.0 189,1.0 193,1.0 204,1.0 206,1.0 239,1.0 245,1.0 248,1.0 263,1.0 272,1.0 320,1.0 327,2.0 330,3.0 331,1.0 354,1.0 464,1.0 
30,1.0 43,2.0 52,1.0 97,1.0 98,1.0 99,1.0 101,1.0 103,1.0 136,2.0 137,1.0 140,1.0 247,1.0 274,1.0 
16,1.0 31,1.0 43,1.0 52,1.0 53,1.0 95,1.0 96,1.0 98,1.0 99,2.0 104,1.0 133,2.0 146,1.0 239,1.0 260,1.0 265,1.0 465,1.0 
35,1.0 99,1.0 
18,1.0 26,2.0 27,2.0 35,2.0 36,2.0 37,1.0 94,2.0 98,1.0 101,1.0 104,4.0 120,1.0 130,1.0 139,1.0 157,1.0 206,1.0 247,1.0 275,1.0 301,1.0 304,1.0 320,1.0 322,1.0 333,1.0 334,1.0 335,1.0 348,1.0 354,1.0 446,1.0 
30,1.0 43,2.0 96,1.0 102,1.0 103,1.0 
7,1.0 36,1.0 37,1.0 43,1.0 99,1.0 100,1.0 104,1.0 105,1.0 145,1.0 158,1.0 223,1.0 242,1.0 258,1.0 268,1.0 275,2.0 319,1.0 320,2.0 325,1.0 
9,1.0 45,1.0 63,1.0 99,1.0 103,1.0 104,1.0 341,1.0 342,1.0 
43,1.0 96,1.0 99,1.0 102,1.0 104,1.0 136,1.0 140,1.0 
7,1.0 27,2.0 35,2.0 36,1.0 38,1.0 64,2.0 67,2.0 99,4.0 101,1.0 117,1.0 128,2.0 129,1.0 157,1.0 206,1.0 223,3.0 258,1.0 261,1.0 303,2.0 304,5.0 305,2.0 306,1.0 315,1.0 316,1.0 319,1.0 335,1.0 336,1.0 348,2.0 
3,1.0 12,1.0 19,1.0 21,1.0 22,2.0 30,2.0 32,1.0 33,1.0 34,1.0 38,4.0 40,1.0 41,1.0 73,1.0 74,1.0 79,6.0 80,4.0 82,1.0 84,2.0 106,8.0 107,5.0 108,1.0 120,2.0 124,7.0 143,1.0 144,3.0 150,1.0 155,3.0 156,1.0 157,5.0 158,2.0 187,1.0 213,1.0 214,1.0 225,2.0 226,1.0 227,2.0 229,1.0 241,1.0 278,1.0 344,1.0 347,1.0 356,1.0 420,1.0 
3,2.0 16,1.0 26,2.0 31,2.0 32,1.0 33,1.0 40,1.0 41,1.0 63,1.0 73,1.0 75,4.0 79,6.0 80,1.0 81,1.0 82,2.0 84,4.0 94,1.0 101,1.0 105,6.0 106,1.0 107,8.0 108,1.0 109,1.0 113,1.0 124,2.0 150,2.0 151,1.0 155,1.0 158,3.0 159,1.0 191,2.0 196,2.0 202,1.0 206,2.0 209,1.0 217,1.0 219,1.0 225,4.0 229,1.0 278,2.0 301,1.0 311,1.0 335,1.0 339,1.0 344,1.0 354,1.0 356,1.0 375,1.0 390,1.0 391,1.0 420,1.0 
3,1.0 12,1.0 14,1.0 20,6.0 21,2.0 26,1.0 30,1.0 31,3.0 38,3.0 40,2.0 41,5.0 43,2.0 59,1.0 62,1.0 67,1.0 71,2.0 72,1.0 74,5.0 79,6.0 80,26.0 81,4.0 82,14.0 84,1.0 94,1.0 105,3.0 106,4.0 107,1.0 108,2.0 112,1.0 113,1.0 120,5.0 124,22.0 138,1.0 139,1.0 144,2.0 146,3.0 147,4.0 157,10.0 158,1.0 159,3.0 161,1.0 167,1.0 170,1.0 171,1.0 174,1.0 175,1.0 176,1.0 177,1.0 178,1.0 179,1.0 181,1.0 182,1.0 187,2.0 188,2.0 189,1.0 190,2.0 193,2.0 196,1.0 197,1.0 202,2.0 216,1.0 223,1.0 230,1.0 335,1.0 344,1.0 351,1.0 354,1.0 397,1.0 398,1.0 399,1.0 400,1.0 
12,2.0 13,1.0 16,1.0 17,1.0 30,1.0 31,1.0 43,5.0 70,1.0 74,21.0 75,1.0 77,1.0 79,1.0 82,9.0 84,14.0 95,2.0 108,1.0 109,2.0 116,1.0 117,1.0 132,1.0 135,1.0 136,1.0 138,1.0 139,1.0 142,1.0 143,4.0 146,1.0 157,8.0 158,2.0 160,2.0 161,1.0 162,3.0 175,1.0 177,1.0 178,1.0 191,1.0 194,1.0 197,1.0 201,3.0 202,3.0 206,1.0 207,8.0 212,2.0 213,4.0 226,1.0 241,1.0 245,2.0 286,2.0 327,1.0 339,2.0 373,1.0 376,2.0 377,1.0 
6,1.0 7,1.0 8,1.0 16,2.0 26,1.0 30,1.0 31,2.0 36,1.0 38,5.0 41,2.0 43,4.0 44,1.0 51,1.0 62,1.0 72,1.0 74,24.0 75,1.0 78,1.0 79,3.0 80,14.0 81,2.0 82,9.0 84,20.0 107,2.0 108,1.0 109,2.0 113,3.0 114,1.0 120,20.0 124,3.0 132,2.0 134,1.0 139,2.0 143,3.0 144,1.0 145,1.0 146,2.0 147,1.0 150,1.0 156,6.0 157,22.0 158,3.0 159,1.0 162,1.0 163,1.0 164,1.0 167,2.0 168,2.0 169,2.0 191,1.0 192,2.0 193,1.0 194,2.0 195,1.0 197,6.0 198,1.0 199,1.0 201,3.0 202,1.0 203,10.0 207,8.0 208,2.0 212,1.0 213,2.0 225,3.0 234,1.0 239,1.0 241,1.0 242,1.0 243,1.0 245,1.0 251,1.0 283,1.0 286,1.0 287,1.0 315,1.0 335,2.0 354,1.0 365,1.0 368,1.0 371,1.0 376,2.0 377,1.0 386,1.0 387,1.0 388,1.0 
8,4.0 12,3.0 14,3.0 16,2.0 21,1.0 22,2.0 23,3.0 38,2.0 40,1.0 59,1.0 71,7.0 72,1.0 113,1.0 159,1.0 168,1.0 169,3.0 172,1.0 183,1.0 190,1.0 191,1.0 343,1.0 344,1.0 362,4.0 370,1.0 
21,1.0 27,1.0 35,2.0 41,1.0 62,1.0 83,2.0 123,1.0 126,1.0 
8,4.0 12,4.0 16,4.0 17,1.0 31,1.0 38,3.0 43,1.0 74,4.0 79,1.0 80,2.0 112,2.0 113,4.0 120,2.0 134,1.0 143,2.0 156,5.0 159,1.0 185,1.0 191,1.0 192,2.0 194,1.0 197,1.0 202,2.0 214,1.0 228,1.0 229,1.0 230,2.0 231,1.0 234,2.0 284,1.0 285,1.0 286,1.0 287,1.0 354,5.0 371,1.0 
8,3.0 14,1.0 16,4.0 17,2.0 19,1.0 30,1.0 31,2.0 36,1.0 41,3.0 67,4.0 78,1.0 80,3.0 81,1.0 95,1.0 109,2.0 113,1.0 116,1.0 117,2.0 120,2.0 128,3.0 129,1.0 130,1.0 138,1.0 143,3.0 147,2.0 179,1.0 194,1.0 202,1.0 205,1.0 208,2.0 226,1.0 283,1.0 311,1.0 315,1.0 354,1.0 358,1.0 371,8.0 373,1.0 385,1.0 
6,1.0 12,2.0 16,1.0 17,1.0 20,3.0 21,3.0 22,2.0 25,1.0 67,1.0 74,1.0 109,1.0 115,1.0 120,2.0 127,1.0 157,3.0 192,1.0 197,1.0 204,1.0 208,1.0 215,1.0 346,1.0 354,2.0 372,8.0 
5,1.0 9,1.0 16,1.0 17,1.0 46,1.0 114,1.0 408,1.0 484,1.0 493,1.0 494,1.0 495,1.0 
0,1.0 1,1.0 3,1.0 6,1.0 12,2.0 14,3.0 16,1.0 19,1.0 20,1.0 22,1.0 41,1.0 43,1.0 56,1.0 70,3.0 72,1.0 77,2.0 108,1.0 117,9.0 126,1.0 128,3.0 129,4.0 130,2.0 139,3.0 143,1.0 158,1.0 187,1.0 189,1.0 197,1.0 205,1.0 212,1.0 242,1.0 260,1.0 312,1.0 313,1.0 314,1.0 317,1.0 318,1.0 319,1.0 320,1.0 359,4.0 361,2.0 
3,1.0 12,2.0 14,4.0 17,1.0 19,11.0 20,1.0 22,1.0 26,1.0 30,10.0 32,1.0 36,3.0 41,1.0 64,1.0 67,2.0 68,1.0 70,3.0 72,1.0 81,1.0 84,1.0 93,1.0 94,2.0 95,1.0 99,1.0 104,1.0 106,1.0 113,3.0 116,7.0 117,1.0 126,1.0 128,4.0 129,7.0 130,4.0 131,1.0 132,6.0 134,1.0 141,1.0 142,1.0 147,1.0 197,2.0 205,1.0 209,1.0 223,1.0 244,1.0 247,1.0 248,2.0 254,2.0 267,6.0 271,2.0 280,1.0 286,1.0 301,2.0 303,1.0 304,1.0 305,1.0 312,1.0 313,1.0 314,1.0 315,1.0 316,3.0 317,2.0 335,3.0 336,2.0 345,1.0 359,4.0 361,4.0 363,2.0 366,12.0 367,2.0 371,1.0 
119,1.0 120,1.0 
118,1.0 120,1.0 
0,1.0 7,1.0 8,2.0 9,1.0 12,2.0 17,1.0 18,1.0 20,4.0 21,3.0 23,1.0 26,1.0 30,1.0 31,2.0 35,1.0 38,5.0 40,3.0 41,7.0 43,3.0 56,1.0 62,1.0 74,18.0 75,5.0 79,1.0 80,5.0 81,2.0 83,2.0 84,2.0 99,1.0 105,1.0 107,6.0 108,1.0 109,20.0 112,4.0 113,1.0 114,2.0 120,5.0 121,1.0 122,1.0 123,1.0 124,7.0 134,1.0 135,1.0 139,2.0 143,2.0 144,1.0 147,3.0 152,1.0 153,1.0 155,1.0 156,6.0 157,22.0 158,1.0 159,3.0 160,1.0 162,1.0 163,1.0 164,1.0 167,1.0 170,1.0 171,1.0 183,1.0 185,1.0 191,2.0 192,2.0 193,1.0 196,1.0 197,5.0 198,1.0 199,1.0 201,1.0 202,1.0 205,2.0 207,1.0 208,2.0 209,1.0 210,2.0 212,1.0 225,1.0 226,1.0 227,1.0 229,3.0 241,1.0 259,2.0 270,2.0 278,1.0 283,1.0 304,1.0 330,1.0 335,3.0 336,1.0 344,1.0 349,3.0 352,1.0 354,25.0 371,1.0 372,2.0 427,1.0 
122,1.0 123,1.0 124,1.0 
121,1.0 123,1.0 124,1.0 149,1.0 375,1.0 
35,1.0 41,1.0 62,1.0 83,1.0 111,1.0 121,1.0 122,1.0 124,1.0 126,1.0 203,1.0 208,1.0 211,1.0 430,1.0 431,1.0 432,1.0 
7,1.0 14,1.0 18,1.0 20,6.0 21,2.0 30,1.0 31,2.0 32,1.0 38,2.0 40,1.0 41,5.0 56,1.0 73,1.0 79,6.0 80,21.0 81,2.0 82,14.0 105,8.0 106,1.0 107,24.0 120,6.0 124,2.0 143,1.0 144,2.0 146,2.0 147,3.0 150,1.0 155,1.0 156,1.0 157,7.0 158,2.0 161,1.0 167,1.0 170,1.0 171,1.0 174,1.0 175,1.0 176,1.0 177,1.0 178,1.0 179,1.0 181,1.0 182,1.0 187,2.0 188,2.0 189,1.0 190,1.0 193,1.0 196,1.0 202,1.0 203,1.0 208,2.0 227,2.0 229,4.0 304,1.0 
20,1.0 21,1.0 34,1.0 71,1.0 110,1.0 
20,1.0 21,1.0 22,1.0 35,1.0 41,1.0 56,1.0 62,1.0 83,1.0 109,1.0 111,1.0 113,1.0 123,1.0 208,1.0 312,1.0 313,1.0 314,1.0 462,1.0 
67,1.0 114,1.0 
14,3.0 16,1.0 30,2.0 31,3.0 36,1.0 41,1.0 43,2.0 67,3.0 81,1.0 113,2.0 116,3.0 117,6.0 126,1.0 129,3.0 130,2.0 132,1.0 134,5.0 139,1.0 143,1.0 158,2.0 206,1.0 208,1.0 212,2.0 223,2.0 226,1.0 263,1.0 265,1.0 267,2.0 312,1.0 313,1.0 314,1.0 316,2.0 317,1.0 327,4.0 335,1.0 345,1.0 351,1.0 371,1.0 433,1.0 434,1.0 
7,1.0 10,1.0 11,1.0 12,3.0 13,1.0 14,6.0 15,1.0 16,3.0 43,1.0 56,1.0 58,1.0 64,1.0 67,2.0 72,1.0 104,1.0 116,3.0 117,7.0 126,1.0 128,2.0 130,3.0 131,1.0 136,1.0 145,1.0 149,1.0 157,2.0 205,1.0 217,2.0 223,1.0 261,1.0 265,1.0 303,1.0 304,1.0 305,1.0 312,1.0 313,2.0 314,1.0 315,1.0 316,3.0 335,3.0 345,1.0 365,1.0 366,2.0 409,1.0 462,1.0 
2,1.0 12,1.0 14,3.0 18,1.0 24,1.0 38,1.0 74,4.0 109,2.0 116,1.0 117,4.0 126,1.0 128,1.0 129,3.0 131,1.0 134,2.0 139,1.0 144,1.0 244,1.0 246,2.0 247,4.0 250,2.0 257,2.0 312,1.0 313,1.0 314,1.0 322,1.0 335,2.0 336,2.0 366,2.0 
90,1.0 93,2.0 463,1.0 
8,1.0 13,4.0 15,3.0 16,1.0 17,2.0 19,8.0 20,2.0 21,2.0 22,2.0 30,9.0 31,1.0 32,1.0 33,1.0 41,3.0 43,1.0 71,2.0 74,6.0 94,2.0 95,2.0 117,7.0 123,1.0 128,1.0 141,1.0 152,1.0 153,1.0 168,1.0 179,3.0 185,1.0 191,1.0 197,1.0 210,4.0 211,2.0 247,5.0 250,2.0 251,5.0 256,4.0 257,2.0 273,1.0 317,1.0 359,1.0 361,3.0 363,3.0 366,6.0 367,2.0 430,1.0 431,1.0 432,1.0 
8,1.0 16,2.0 43,2.0 53,1.0 95,2.0 97,2.0 239,1.0 269,1.0 464,1.0 465,1.0 466,1.0 
6,1.0 8,1.0 14,1.0 16,1.0 18,3.0 31,2.0 36,1.0 38,2.0 39,1.0 41,1.0 43,2.0 72,1.0 84,1.0 95,1.0 109,1.0 117,2.0 120,2.0 128,5.0 130,1.0 135,3.0 136,1.0 138,1.0 139,5.0 143,1.0 144,2.0 201,2.0 203,1.0 204,1.0 206,1.0 207,1.0 208,1.0 225,1.0 231,1.0 232,1.0 234,1.0 241,1.0 245,1.0 267,1.0 301,1.0 327,2.0 335,4.0 336,2.0 354,1.0 444,1.0 
43,1.0 74,1.0 95,1.0 108,1.0 116,1.0 134,3.0 136,1.0 138,2.0 157,1.0 175,1.0 187,1.0 207,1.0 241,1.0 245,1.0 248,1.0 267,1.0 301,1.0 330,1.0 444,1.0 
18,1.0 22,2.0 30,1.0 39,1.0 43,11.0 52,1.0 67,2.0 70,2.0 74,1.0 82,1.0 84,1.0 95,1.0 96,2.0 103,1.0 108,1.0 117,1.0 136,1.0 137,1.0 138,1.0 139,1.0 140,1.0 143,1.0 156,1.0 162,1.0 177,1.0 183,1.0 205,1.0 208,1.0 250,1.0 261,2.0 328,4.0 354,1.0 376,1.0 455,2.0 456,2.0 459,1.0 460,1.0 
43,1.0 52,1.0 96,1.0 136,1.0 
43,2.0 73,1.0 79,1.0 80,1.0 82,1.0 84,1.0 95,2.0 106,1.0 107,1.0 108,1.0 109,1.0 120,1.0 134,1.0 135,2.0 136,1.0 139,6.0 146,1.0 147,2.0 158,1.0 209,1.0 225,1.0 226,1.0 241,2.0 248,1.0 259,1.0 283,1.0 330,2.0 331,1.0 333,1.0 354,1.0 
0,1.0 1,1.0 6,1.0 8,2.0 12,3.0 14,1.0 16,1.0 18,2.0 32,1.0 33,1.0 38,3.0 39,1.0 43,3.0 72,1.0 73,1.0 77,1.0 79,1.0 84,2.0 95,1.0 99,1.0 106,1.0 107,1.0 108,2.0 109,2.0 116,4.0 117,2.0 120,2.0 128,1.0 134,5.0 136,1.0 138,6.0 143,1.0 144,2.0 146,1.0 147,2.0 150,1.0 158,1.0 201,2.0 203,2.0 204,1.0 207,2.0 209,1.0 213,1.0 217,1.0 225,3.0 234,1.0 245,1.0 264,1.0 267,1.0 327,1.0 333,1.0 335,4.0 351,1.0 354,2.0 
43,1.0 96,1.0 103,1.0 136,1.0 
84,1.0 142,1.0 143,1.0 273,1.0 467,1.0 
84,1.0 95,1.0 120,1.0 141,1.0 143,1.0 160,1.0 205,1.0 233,1.0 354,1.0 381,1.0 
0,1.0 12,1.0 13,2.0 16,1.0 19,2.0 31,1.0 32,1.0 41,2.0 67,1.0 70,1.0 74,3.0 77,1.0 79,4.0 80,2.0 81,4.0 82,5.0 84,8.0 92,1.0 107,1.0 108,5.0 109,4.0 112,2.0 113,1.0 120,2.0 128,1.0 132,1.0 136,1.0 143,3.0 144,1.0 147,2.0 150,1.0 152,1.0 157,1.0 158,1.0 159,2.0 161,1.0 183,1.0 201,2.0 202,10.0 203,3.0 205,2.0 206,4.0 207,2.0 208,2.0 213,1.0 214,2.0 216,2.0 217,1.0 223,1.0 225,3.0 231,1.0 232,1.0 281,1.0 283,5.0 286,4.0 287,2.0 327,2.0 336,1.0 349,1.0 351,1.0 371,1.0 373,1.0 376,1.0 419,1.0 424,1.0 426,1.0 
4,1.0 5,1.0 7,1.0 10,1.0 11,1.0 12,4.0 13,3.0 14,1.0 17,3.0 18,1.0 20,1.0 38,14.0 39,1.0 40,1.0 43,1.0 47,1.0 71,1.0 74,1.0 80,1.0 89,1.0 106,1.0 107,1.0 109,2.0 120,2.0 124,2.0 134,2.0 139,2.0 143,1.0 144,1.0 145,1.0 155,1.0 157,3.0 158,2.0 175,1.0 208,1.0 227,2.0 229,1.0 234,1.0 260,1.0 265,1.0 270,1.0 277,1.0 286,1.0 287,1.0 335,1.0 349,1.0 365,2.0 403,1.0 436,1.0 437,1.0 
7,7.0 13,2.0 22,1.0 40,1.0 56,1.0 57,1.0 58,1.0 63,1.0 73,1.0 74,1.0 85,1.0 101,1.0 120,1.0 147,1.0 157,1.0 159,1.0 160,1.0 203,1.0 212,1.0 242,1.0 266,1.0 275,1.0 320,1.0 346,1.0 347,1.0 404,2.0 408,1.0 438,1.0 
19,1.0 30,1.0 31,5.0 41,2.0 43,1.0 74,1.0 79,1.0 80,3.0 82,3.0 84,2.0 97,1.0 107,1.0 108,2.0 109,1.0 113,1.0 124,1.0 138,1.0 139,1.0 147,2.0 158,1.0 239,1.0 240,1.0 247,1.0 250,1.0 265,1.0 270,1.0 371,1.0 
12,1.0 19,1.0 20,1.0 22,1.0 31,1.0 38,1.0 40,3.0 41,12.0 72,1.0 74,1.0 79,3.0 80,3.0 82,3.0 84,3.0 105,1.0 106,1.0 107,4.0 108,2.0 112,1.0 117,1.0 124,3.0 138,2.0 139,2.0 143,2.0 144,1.0 145,1.0 146,1.0 157,2.0 158,2.0 159,1.0 160,1.0 161,1.0 201,1.0 202,2.0 206,2.0 207,2.0 209,2.0 214,1.0 227,2.0 257,1.0 260,1.0 262,1.0 317,1.0 472,1.0 
81,1.0 106,1.0 149,3.0 150,1.0 161,1.0 214,1.0 249,1.0 263,1.0 439,1.0 
16,1.0 20,1.0 41,1.0 79,1.0 80,1.0 81,1.0 84,1.0 105,1.0 106,1.0 107,1.0 112,1.0 122,1.0 124,1.0 148,3.0 150,1.0 157,1.0 161,1.0 214,1.0 249,1.0 263,1.0 375,1.0 439,1.0 
8,1.0 30,2.0 38,1.0 40,1.0 63,1.0 73,1.0 105,3.0 106,2.0 124,2.0 139,1.0 143,1.0 151,1.0 155,2.0 158,2.0 212,1.0 213,2.0 218,2.0 226,1.0 229,1.0 336,1.0 339,1.0 
8,1.0 26,3.0 34,3.0 35,3.0 38,1.0 62,3.0 63,1.0 73,1.0 79,1.0 81,1.0 82,1.0 85,1.0 95,1.0 106,1.0 151,1.0 325,1.0 483,3.0 
143,1.0 153,3.0 154,1.0 206,1.0 248,1.0 256,1.0 354,1.0 
152,3.0 154,1.0 248,1.0 256,1.0 299,1.0 301,1.0 310,1.0 354,1.0 
73,1.0 105,1.0 124,1.0 155,1.0 
22,1.0 38,1.0 73,1.0 82,1.0 105,3.0 106,2.0 113,1.0 120,1.0 124,1.0 143,1.0 144,1.0 150,2.0 155,1.0 156,1.0 157,1.0 218,2.0 226,2.0 241,1.0 286,1.0 287,1.0 337,1.0 356,1.0 420,1.0 
8,4.0 11,1.0 12,4.0 13,1.0 15,1.0 16,4.0 17,1.0 38,6.0 72,2.0 74,2.0 84,1.0 95,1.0 109,5.0 112,4.0 120,5.0 150,1.0 152,1.0 153,1.0 156,1.0 157,3.0 158,2.0 164,1.0 165,1.0 202,1.0 203,1.0 205,1.0 212,1.0 213,1.0 225,1.0 230,1.0 241,3.0 251,1.0 286,1.0 287,1.0 354,4.0 374,1.0 375,1.0 484,1.0 
6,1.0 8,1.0 11,1.0 13,6.0 16,3.0 17,1.0 20,2.0 21,1.0 22,4.0 25,1.0 32,1.0 38,6.0 40,1.0 41,2.0 43,3.0 71,4.0 74,28.0 75,1.0 79,6.0 80,14.0 81,2.0 82,2.0 83,1.0 84,5.0 94,1.0 95,1.0 105,4.0 106,1.0 107,13.0 108,8.0 109,21.0 120,24.0 124,8.0 129,2.0 135,1.0 138,1.0 142,2.0 143,2.0 144,1.0 147,1.0 149,2.0 155,1.0 156,2.0 157,6.0 158,4.0 161,1.0 162,4.0 163,1.0 164,2.0 167,3.0 168,1.0 169,1.0 170,1.0 171,1.0 173,1.0 174,1.0 175,1.0 177,1.0 178,1.0 187,1.0 190,1.0 193,2.0 195,1.0 197,4.0 198,1.0 199,1.0 201,1.0 202,1.0 203,21.0 204,1.0 205,1.0 207,21.0 208,1.0 209,6.0 211,7.0 217,2.0 225,2.0 245,1.0 254,1.0 278,1.0 281,1.0 304,1.0 323,1.0 338,1.0 339,1.0 354,3.0 368,1.0 374,1.0 376,2.0 377,2.0 383,1.0 484,1.0 
3,1.0 11,1.0 12,1.0 13,1.0 16,1.0 20,2.0 21,1.0 22,1.0 56,1.0 74,3.0 79,3.0 80,4.0 81,1.0 82,2.0 84,1.0 101,1.0 105,5.0 106,1.0 107,4.0 108,2.0 109,2.0 112,1.0 120,2.0 124,5.0 143,1.0 144,2.0 147,1.0 150,2.0 156,1.0 157,9.0 160,1.0 201,3.0 207,1.0 208,1.0 209,1.0 210,1.0 212,10.0 213,2.0 214,1.0 225,2.0 229,1.0 234,1.0 245,1.0 278,1.0 286,1.0 287,1.0 349,1.0 356,1.0 374,1.0 416,1.0 420,1.0 484,1.0 
7,1.0 20,4.0 31,2.0 34,1.0 40,2.0 41,6.0 43,1.0 56,1.0 62,1.0 83,1.0 107,2.0 110,1.0 113,1.0 120,3.0 122,1.0 138,1.0 139,1.0 143,1.0 145,1.0 147,2.0 149,2.0 158,1.0 160,1.0 167,1.0 168,1.0 172,1.0 174,1.0 185,1.0 186,1.0 191,1.0 192,1.0 193,1.0 196,1.0 197,1.0 202,2.0 213,1.0 216,3.0 223,1.0 228,1.0 229,2.0 232,1.0 351,3.0 354,4.0 374,1.0 
40,1.0 74,1.0 80,1.0 82,1.0 107,1.0 117,1.0 120,1.0 124,1.0 139,1.0 147,1.0 150,1.0 161,1.0 201,3.0 209,1.0 212,3.0 213,1.0 354,1.0 440,1.0 441,1.0 
57,1.0 74,1.0 78,1.0 80,2.0 81,2.0 82,2.0 107,2.0 108,1.0 109,1.0 124,2.0 143,1.0 146,1.0 157,1.0 207,1.0 214,1.0 283,1.0 339,1.0 424,1.0 426,1.0 
67,1.0 74,3.0 108,2.0 109,1.0 120,1.0 136,1.0 157,3.0 163,1.0 175,1.0 177,1.0 207,2.0 259,1.0 261,2.0 
156,1.0 164,1.0 175,1.0 
14,1.0 19,1.0 72,1.0 74,1.0 109,1.0 120,1.0 156,1.0 157,2.0 165,1.0 167,1.0 173,1.0 176,1.0 181,1.0 203,1.0 207,1.0 209,1.0 211,1.0 247,1.0 254,1.0 270,3.0 279,1.0 365,1.0 403,1.0 406,1.0 
166,1.0 
74,1.0 109,1.0 120,1.0 157,1.0 164,1.0 
15,1.0 44,1.0 74,2.0 80,2.0 82,2.0 107,2.0 108,1.0 109,1.0 124,2.0 157,2.0 167,1.0 168,1.0 173,1.0 174,1.0 177,2.0 178,2.0 179,1.0 187,2.0 195,1.0 207,1.0 246,1.0 247,1.0 254,1.0 277,1.0 
12,8.0 13,4.0 14,9.0 15,6.0 17,5.0 18,3.0 19,1.0 20,1.0 22,7.0 23,2.0 30,1.0 31,1.0 32,1.0 41,1.0 44,2.0 71,6.0 72,3.0 80,1.0 82,1.0 84,1.0 95,3.0 109,1.0 110,1.0 132,2.0 159,1.0 168,2.0 169,10.0 172,3.0 173,1.0 179,9.0 185,4.0 192,1.0 193,6.0 205,1.0 233,1.0 251,2.0 358,1.0 359,1.0 368,1.0 369,6.0 
12,1.0 13,2.0 14,5.0 15,5.0 17,2.0 18,1.0 19,7.0 22,4.0 23,2.0 30,6.0 31,1.0 32,3.0 33,2.0 41,1.0 44,2.0 71,6.0 72,3.0 80,2.0 82,1.0 84,1.0 95,3.0 107,1.0 109,1.0 110,2.0 113,1.0 120,1.0 124,1.0 132,1.0 157,2.0 168,10.0 169,3.0 170,1.0 172,1.0 188,1.0 190,8.0 191,2.0 193,4.0 203,1.0 207,1.0 250,1.0 358,1.0 359,5.0 371,1.0 
80,1.0 107,1.0 120,1.0 124,1.0 157,1.0 171,3.0 
168,1.0 170,2.0 
159,1.0 168,3.0 169,1.0 
80,1.0 82,1.0 107,1.0 124,1.0 157,2.0 167,1.0 174,1.0 203,2.0 207,2.0 209,2.0 211,2.0 382,1.0 
22,1.0 80,1.0 82,1.0 107,1.0 124,1.0 157,1.0 159,1.0 167,3.0 174,1.0 175,1.0 187,1.0 188,2.0 203,1.0 207,1.0 209,1.0 211,1.0 246,1.0 301,1.0 
41,1.0 56,1.0 80,2.0 82,2.0 89,1.0 107,2.0 116,1.0 124,2.0 135,1.0 144,1.0 176,1.0 177,1.0 187,2.0 217,1.0 257,2.0 260,1.0 261,1.0 265,2.0 266,2.0 267,3.0 268,1.0 269,1.0 270,1.0 275,1.0 335,1.0 
56,1.0 159,1.0 174,1.0 176,1.0 254,1.0 262,1.0 263,1.0 265,2.0 266,1.0 277,2.0 279,2.0 406,2.0 
15,1.0 44,1.0 67,1.0 80,1.0 82,1.0 107,1.0 124,1.0 136,1.0 167,1.0 178,1.0 187,3.0 261,2.0 263,1.0 266,1.0 267,1.0 270,1.0 277,1.0 396,1.0 
21,1.0 32,1.0 33,1.0 71,1.0 74,1.0 83,1.0 108,1.0 157,1.0 162,1.0 179,1.0 189,2.0 195,1.0 207,1.0 262,2.0 276,1.0 277,1.0 302,1.0 352,1.0 413,1.0 
13,1.0 14,9.0 15,7.0 17,1.0 19,8.0 20,3.0 22,9.0 23,3.0 30,4.0 32,2.0 72,5.0 80,1.0 82,1.0 84,1.0 109,1.0 117,1.0 132,4.0 159,1.0 168,7.0 169,1.0 179,2.0 180,1.0 183,5.0 184,1.0 185,8.0 191,1.0 192,1.0 196,8.0 251,3.0 358,3.0 359,1.0 360,1.0 367,1.0 386,1.0 
12,1.0 14,1.0 22,1.0 71,1.0 80,1.0 82,1.0 107,1.0 124,1.0 181,1.0 182,1.0 192,2.0 197,1.0 309,1.0 
19,2.0 70,3.0 74,2.0 80,1.0 82,1.0 107,1.0 109,1.0 112,1.0 120,3.0 124,1.0 157,1.0 164,1.0 182,1.0 183,2.0 191,2.0 197,6.0 202,1.0 204,1.0 208,1.0 250,2.0 270,1.0 279,1.0 286,1.0 294,1.0 295,3.0 301,1.0 309,1.0 346,1.0 394,1.0 427,1.0 450,2.0 
12,1.0 14,2.0 22,2.0 23,1.0 71,2.0 72,1.0 75,2.0 84,2.0 107,1.0 120,1.0 159,1.0 183,1.0 185,1.0 191,9.0 196,2.0 206,2.0 
12,1.0 13,2.0 14,2.0 16,1.0 17,3.0 70,1.0 75,1.0 84,1.0 109,1.0 120,1.0 156,1.0 179,3.0 181,2.0 184,1.0 196,7.0 206,1.0 288,1.0 295,2.0 299,2.0 452,1.0 453,1.0 
159,1.0 179,1.0 185,1.0 299,1.0 
14,1.0 15,1.0 19,3.0 20,2.0 22,4.0 23,2.0 30,2.0 32,1.0 72,1.0 80,1.0 107,1.0 132,1.0 159,1.0 168,1.0 179,11.0 182,1.0 185,1.0 186,1.0 190,2.0 191,1.0 192,2.0 251,1.0 302,1.0 
80,1.0 107,1.0 124,1.0 157,1.0 187,1.0 190,1.0 216,1.0 293,1.0 
10,1.0 12,1.0 14,1.0 16,1.0 19,1.0 72,1.0 74,1.0 77,1.0 80,2.0 82,2.0 107,2.0 109,1.0 116,1.0 124,2.0 157,1.0 167,3.0 178,3.0 188,3.0 189,1.0 227,1.0 246,1.0 247,3.0 254,1.0 260,1.0 261,2.0 263,2.0 266,1.0 276,2.0 277,1.0 347,1.0 352,1.0 413,1.0 
22,1.0 32,1.0 33,1.0 80,1.0 82,1.0 107,1.0 124,1.0 132,1.0 167,1.0 169,1.0 174,2.0 187,1.0 189,1.0 190,1.0 246,1.0 247,1.0 248,2.0 250,1.0 261,2.0 262,2.0 267,2.0 272,1.0 277,1.0 301,1.0 
16,1.0 21,1.0 76,1.0 83,1.0 95,1.0 175,2.0 177,1.0 245,1.0 259,1.0 261,3.0 262,1.0 272,2.0 276,1.0 277,2.0 
13,1.0 14,2.0 15,1.0 19,3.0 23,1.0 30,2.0 32,2.0 33,1.0 71,1.0 80,1.0 107,1.0 110,1.0 124,1.0 157,1.0 168,1.0 169,8.0 179,1.0 185,1.0 186,1.0 192,1.0 193,1.0 
12,4.0 14,9.0 15,1.0 19,3.0 22,10.0 23,1.0 30,2.0 32,1.0 71,8.0 72,3.0 74,1.0 75,6.0 84,6.0 106,2.0 107,1.0 108,1.0 109,1.0 110,3.0 120,1.0 124,2.0 132,1.0 159,1.0 168,1.0 169,2.0 179,1.0 181,2.0 182,6.0 183,2.0 185,1.0 191,1.0 192,2.0 196,5.0 197,6.0 206,6.0 359,1.0 362,5.0 364,1.0 
12,1.0 14,3.0 22,1.0 23,2.0 71,3.0 74,2.0 75,1.0 109,2.0 112,1.0 114,1.0 120,1.0 179,1.0 182,1.0 185,1.0 190,1.0 191,2.0 196,1.0 197,6.0 208,1.0 360,1.0 
12,3.0 13,2.0 14,3.0 15,1.0 17,2.0 18,2.0 22,2.0 23,1.0 38,1.0 71,3.0 74,1.0 84,1.0 109,2.0 110,1.0 157,2.0 168,8.0 169,2.0 183,1.0 196,1.0 197,1.0 203,1.0 207,1.0 368,1.0 404,1.0 427,1.0 
16,1.0 41,1.0 74,2.0 79,1.0 81,2.0 82,1.0 84,1.0 108,1.0 109,1.0 113,1.0 143,1.0 157,1.0 158,1.0 176,1.0 215,1.0 226,1.0 241,1.0 248,2.0 265,1.0 299,2.0 371,1.0 406,1.0 449,3.0 
15,1.0 44,1.0 54,1.0 74,1.0 108,1.0 157,1.0 162,1.0 178,1.0 179,1.0 207,1.0 218,1.0 247,2.0 261,1.0 262,1.0 276,2.0 279,1.0 
12,5.0 13,9.0 14,12.0 15,4.0 16,1.0 17,9.0 19,1.0 22,1.0 30,1.0 70,1.0 71,1.0 72,4.0 75,3.0 80,2.0 82,2.0 84,5.0 106,2.0 108,1.0 110,1.0 112,1.0 117,1.0 132,1.0 179,5.0 182,4.0 183,4.0 191,10.0 192,1.0 193,1.0 196,5.0 197,2.0 206,3.0 289,1.0 361,1.0 363,4.0 
13,6.0 14,2.0 15,2.0 17,2.0 18,1.0 19,1.0 30,3.0 32,2.0 68,1.0 70,1.0 72,1.0 74,6.0 75,1.0 84,1.0 109,6.0 114,1.0 116,1.0 117,2.0 120,4.0 132,2.0 157,4.0 180,2.0 181,7.0 182,1.0 183,1.0 191,2.0 192,4.0 193,2.0 196,2.0 197,3.0 198,1.0 203,1.0 207,1.0 208,1.0 290,1.0 316,3.0 361,9.0 365,2.0 
74,1.0 109,1.0 120,1.0 157,1.0 199,1.0 
200,1.0 213,1.0 
201,1.0 
16,1.0 18,1.0 38,1.0 43,2.0 74,1.0 79,2.0 80,1.0 81,2.0 84,5.0 93,1.0 107,1.0 109,4.0 112,1.0 117,1.0 120,4.0 124,1.0 129,1.0 134,1.0 143,3.0 147,1.0 157,6.0 158,2.0 160,3.0 197,1.0 201,1.0 202,1.0 203,2.0 207,3.0 209,3.0 211,1.0 212,3.0 213,2.0 225,5.0 234,1.0 286,1.0 356,1.0 420,1.0 428,1.0 440,1.0 441,1.0 
20,1.0 22,1.0 41,2.0 74,2.0 79,2.0 80,1.0 81,1.0 107,2.0 108,2.0 109,2.0 112,2.0 120,1.0 124,1.0 143,9.0 147,1.0 150,1.0 156,2.0 157,1.0 158,3.0 159,2.0 181,1.0 202,4.0 206,2.0 212,3.0 213,5.0 214,2.0 216,2.0 232,1.0 286,7.0 287,5.0 288,1.0 289,1.0 295,1.0 327,1.0 339,3.0 351,2.0 373,1.0 
7,1.0 11,1.0 13,2.0 16,1.0 25,1.0 43,1.0 79,1.0 81,1.0 82,1.0 84,7.0 99,2.0 104,2.0 105,1.0 106,1.0 107,2.0 109,7.0 120,1.0 128,1.0 134,2.0 139,2.0 142,1.0 143,1.0 145,1.0 157,16.0 158,1.0 164,1.0 167,1.0 168,1.0 169,1.0 173,1.0 174,1.0 193,1.0 197,1.0 201,2.0 203,2.0 204,1.0 206,5.0 207,13.0 208,1.0 209,6.0 211,7.0 212,1.0 225,2.0 281,1.0 303,1.0 304,1.0 305,1.0 315,1.0 323,1.0 335,3.0 338,1.0 348,1.0 354,1.0 368,1.0 376,1.0 377,1.0 383,1.0 402,1.0 403,1.0 
6,1.0 15,1.0 16,1.0 19,1.0 23,1.0 25,2.0 26,1.0 28,1.0 29,1.0 31,1.0 34,2.0 41,2.0 43,1.0 44,1.0 64,1.0 70,1.0 77,1.0 94,1.0 97,1.0 113,1.0 120,1.0 129,1.0 146,1.0 181,1.0 205,1.0 223,1.0 231,2.0 245,1.0 264,1.0 265,1.0 308,1.0 320,2.0 346,4.0 347,1.0 428,2.0 
43,1.0 84,1.0 120,3.0 128,1.0 134,1.0 143,2.0 167,1.0 173,1.0 205,1.0 208,2.0 225,1.0 233,4.0 241,1.0 283,1.0 354,1.0 364,1.0 368,1.0 378,1.0 379,1.0 381,1.0 384,1.0 
22,1.0 25,1.0 26,1.0 38,2.0 41,2.0 70,1.0 75,10.0 80,3.0 84,10.0 94,1.0 106,3.0 108,1.0 143,1.0 144,1.0 147,1.0 155,1.0 156,1.0 157,2.0 158,1.0 159,1.0 182,2.0 183,1.0 191,5.0 196,3.0 197,1.0 203,1.0 204,1.0 205,1.0 206,1.0 207,1.0 208,2.0 209,1.0 217,2.0 219,1.0 223,1.0 283,1.0 315,1.0 335,1.0 353,1.0 401,2.0 403,1.0 417,1.0 
0,1.0 31,1.0 38,2.0 40,1.0 41,1.0 43,1.0 74,8.0 79,1.0 81,1.0 84,7.0 94,1.0 95,1.0 106,1.0 108,8.0 109,7.0 129,1.0 134,1.0 135,1.0 138,1.0 139,2.0 142,2.0 143,4.0 150,1.0 152,1.0 157,20.0 158,1.0 161,1.0 162,3.0 164,1.0 167,1.0 168,1.0 169,1.0 173,1.0 174,1.0 175,1.0 177,1.0 178,1.0 193,1.0 197,1.0 201,4.0 203,13.0 207,2.0 209,8.0 210,3.0 211,6.0 217,1.0 218,1.0 225,2.0 245,1.0 281,1.0 335,2.0 339,1.0 356,1.0 368,1.0 376,2.0 377,2.0 383,1.0 420,1.0 
12,1.0 18,1.0 19,1.0 20,1.0 21,2.0 22,1.0 26,1.0 30,1.0 36,1.0 38,2.0 41,3.0 62,1.0 71,1.0 74,1.0 78,1.0 107,1.0 109,2.0 113,1.0 114,2.0 120,1.0 132,1.0 143,1.0 144,1.0 147,1.0 155,1.0 156,1.0 192,1.0 197,1.0 203,1.0 206,1.0 211,4.0 250,1.0 303,1.0 304,1.0 305,1.0 315,2.0 344,1.0 347,1.0 348,1.0 349,3.0 350,1.0 
3,1.0 79,4.0 80,1.0 81,1.0 106,1.0 117,1.0 138,1.0 139,1.0 142,1.0 157,6.0 158,2.0 164,1.0 167,1.0 173,1.0 174,1.0 201,2.0 203,7.0 206,1.0 207,8.0 209,1.0 210,1.0 211,11.0 214,1.0 223,1.0 225,3.0 281,1.0 284,1.0 286,1.0 356,1.0 383,1.0 389,1.0 420,1.0 
7,1.0 8,1.0 14,2.0 31,1.0 39,1.0 41,1.0 43,1.0 74,3.0 79,1.0 95,1.0 134,1.0 145,1.0 147,1.0 159,1.0 201,1.0 225,1.0 235,1.0 236,1.0 237,1.0 238,1.0 
2,1.0 24,1.0 31,1.0 41,1.0 67,2.0 74,2.0 80,2.0 81,1.0 108,1.0 109,1.0 128,3.0 130,4.0 134,2.0 138,1.0 139,2.0 142,1.0 143,3.0 147,1.0 157,6.0 164,1.0 167,1.0 173,1.0 174,1.0 202,1.0 203,10.0 206,1.0 207,7.0 208,1.0 209,7.0 211,1.0 223,2.0 226,1.0 241,1.0 244,1.0 247,1.0 281,1.0 283,1.0 286,1.0 303,1.0 305,1.0 315,1.0 327,1.0 351,1.0 383,1.0 
3,1.0 13,1.0 16,1.0 20,1.0 21,1.0 56,1.0 74,2.0 79,1.0 108,1.0 112,1.0 124,1.0 150,1.0 157,2.0 158,9.0 160,2.0 161,1.0 201,3.0 207,1.0 213,2.0 214,2.0 223,1.0 229,1.0 234,1.0 286,1.0 287,1.0 328,1.0 416,1.0 440,1.0 441,1.0 
0,1.0 12,1.0 70,1.0 74,2.0 77,1.0 84,2.0 108,2.0 109,3.0 112,1.0 132,1.0 139,2.0 143,1.0 150,2.0 156,2.0 158,2.0 160,1.0 201,2.0 202,4.0 203,1.0 207,1.0 212,3.0 213,1.0 216,1.0 217,1.0 234,1.0 286,3.0 287,3.0 288,1.0 289,1.0 351,1.0 
14,1.0 20,2.0 21,2.0 30,1.0 40,1.0 56,1.0 57,1.0 63,1.0 72,1.0 73,1.0 74,1.0 78,1.0 79,7.0 80,1.0 81,1.0 106,2.0 112,1.0 139,1.0 143,2.0 161,1.0 202,2.0 211,1.0 213,1.0 223,1.0 286,1.0 287,1.0 328,1.0 342,1.0 395,1.0 396,1.0 
120,1.0 143,1.0 216,1.0 354,1.0 
43,1.0 107,1.0 109,1.0 143,2.0 156,1.0 159,1.0 186,1.0 202,3.0 206,1.0 213,2.0 223,1.0 232,1.0 286,1.0 287,1.0 293,1.0 351,3.0 
0,1.0 12,1.0 38,1.0 74,1.0 77,1.0 79,3.0 81,1.0 82,1.0 84,1.0 108,1.0 116,1.0 129,1.0 139,1.0 207,6.0 211,1.0 273,1.0 281,1.0 282,1.0 327,1.0 
30,1.0 32,2.0 33,2.0 40,1.0 50,1.0 54,1.0 96,1.0 150,2.0 155,1.0 195,1.0 247,2.0 
40,1.0 67,1.0 79,1.0 84,1.0 116,1.0 128,1.0 157,1.0 209,1.0 213,1.0 214,2.0 225,3.0 396,1.0 417,1.0 
221,1.0 
147,1.0 201,1.0 
143,1.0 223,1.0 
16,2.0 19,1.0 32,2.0 33,1.0 38,1.0 41,1.0 43,3.0 46,1.0 63,1.0 67,7.0 70,1.0 73,1.0 105,1.0 106,1.0 117,1.0 124,1.0 128,3.0 129,1.0 143,2.0 159,1.0 202,1.0 203,2.0 206,1.0 209,1.0 214,1.0 216,1.0 232,1.0 268,1.0 316,2.0 325,1.0 328,2.0 335,1.0 336,1.0 342,1.0 345,1.0 350,1.0 351,1.0 415,1.0 433,1.0 434,1.0 
40,1.0 105,1.0 
3,2.0 11,1.0 16,1.0 43,2.0 67,1.0 79,5.0 81,2.0 84,10.0 92,1.0 105,1.0 106,3.0 108,1.0 109,4.0 116,2.0 120,2.0 128,1.0 139,1.0 143,4.0 156,1.0 157,3.0 158,3.0 197,1.0 201,5.0 203,3.0 207,2.0 209,2.0 214,1.0 219,3.0 225,2.0 236,1.0 286,1.0 287,1.0 327,1.0 374,1.0 394,1.0 419,1.0 484,1.0 
8,1.0 16,1.0 23,1.0 28,1.0 29,1.0 31,1.0 32,1.0 41,2.0 43,3.0 74,3.0 75,1.0 79,2.0 81,1.0 82,2.0 84,2.0 94,2.0 95,2.0 108,2.0 113,1.0 120,2.0 124,1.0 138,1.0 143,1.0 201,1.0 205,1.0 209,1.0 225,1.0 226,1.0 227,1.0 241,7.0 283,1.0 327,1.0 371,1.0 
12,1.0 14,1.0 19,2.0 20,1.0 21,2.0 31,2.0 38,3.0 40,2.0 41,3.0 43,2.0 67,1.0 70,1.0 72,1.0 94,1.0 105,2.0 110,1.0 120,1.0 124,2.0 129,1.0 144,2.0 147,2.0 157,1.0 159,1.0 187,1.0 206,1.0 229,1.0 276,1.0 316,1.0 328,1.0 345,1.0 418,1.0 472,1.0 
31,1.0 159,1.0 
7,2.0 56,2.0 62,1.0 83,1.0 84,1.0 105,1.0 109,1.0 112,2.0 120,2.0 124,4.0 150,1.0 156,1.0 157,1.0 158,2.0 159,2.0 225,1.0 230,1.0 304,1.0 354,2.0 374,2.0 375,1.0 
31,1.0 112,1.0 134,2.0 135,1.0 138,1.0 159,1.0 231,1.0 
13,1.0 17,1.0 19,2.0 22,1.0 27,1.0 31,1.0 32,1.0 34,9.0 36,1.0 77,1.0 108,1.0 117,2.0 129,1.0 134,1.0 143,1.0 204,2.0 232,1.0 246,1.0 250,1.0 301,5.0 428,2.0 
143,1.0 159,1.0 202,2.0 213,1.0 216,1.0 233,1.0 234,1.0 351,1.0 
38,1.0 134,1.0 139,1.0 144,1.0 167,1.0 173,1.0 205,4.0 364,1.0 368,1.0 378,1.0 379,1.0 381,1.0 384,1.0 
74,1.0 112,2.0 113,1.0 132,1.0 210,1.0 232,1.0 234,1.0 284,1.0 285,1.0 371,1.0 
120,1.0 236,1.0 237,1.0 238,1.0 
120,1.0 219,1.0 225,1.0 235,1.0 237,1.0 238,1.0 394,1.0 
120,1.0 235,1.0 236,1.0 238,1.0 
120,1.0 235,1.0 236,1.0 237,1.0 
1,2.0 2,1.0 8,1.0 31,1.0 80,1.0 95,1.0 97,1.0 133,1.0 146,1.0 240,1.0 324,1.0 325,1.0 326,1.0 464,1.0 
80,2.0 81,1.0 161,1.0 174,1.0 188,1.0 241,1.0 252,1.0 
13,1.0 16,2.0 28,1.0 29,1.0 43,3.0 74,2.0 79,1.0 81,1.0 82,2.0 84,2.0 95,1.0 108,2.0 109,1.0 138,1.0 156,3.0 201,1.0 225,1.0 226,7.0 241,1.0 253,1.0 273,1.0 
6,2.0 14,1.0 25,1.0 35,1.0 56,1.0 74,1.0 77,2.0 130,1.0 132,2.0 250,3.0 319,1.0 320,2.0 327,1.0 
1,1.0 18,1.0 39,1.0 51,3.0 80,1.0 239,1.0 240,1.0 323,1.0 
9,1.0 24,2.0 74,1.0 130,1.0 280,1.0 
6,4.0 8,1.0 10,1.0 28,1.0 29,1.0 74,2.0 76,1.0 77,1.0 78,1.0 108,2.0 130,1.0 132,2.0 143,1.0 157,1.0 189,1.0 204,1.0 207,1.0 250,2.0 261,2.0 272,1.0 320,1.0 
6,1.0 16,1.0 25,1.0 31,1.0 43,1.0 44,1.0 56,1.0 132,2.0 146,1.0 167,1.0 175,1.0 187,1.0 242,1.0 245,1.0 247,10.0 248,3.0 250,8.0 251,1.0 253,2.0 254,2.0 304,1.0 308,1.0 332,4.0 
6,2.0 7,1.0 14,2.0 16,1.0 22,4.0 29,2.0 31,1.0 33,1.0 34,3.0 41,1.0 43,1.0 44,1.0 54,1.0 96,1.0 117,2.0 128,1.0 130,2.0 132,2.0 134,1.0 135,1.0 145,1.0 146,1.0 164,1.0 167,1.0 187,2.0 188,1.0 231,3.0 240,2.0 242,3.0 245,2.0 246,4.0 247,4.0 248,2.0 249,8.0 250,19.0 251,1.0 256,3.0 257,4.0 262,1.0 265,2.0 266,1.0 267,13.0 270,3.0 274,1.0 277,3.0 279,6.0 301,11.0 308,1.0 317,1.0 402,1.0 404,4.0 
8,1.0 13,2.0 16,2.0 43,2.0 44,1.0 95,1.0 175,1.0 187,1.0 194,2.0 247,4.0 249,2.0 258,1.0 259,2.0 260,1.0 267,2.0 268,1.0 299,2.0 301,2.0 308,1.0 330,1.0 449,2.0 
29,1.0 34,1.0 71,2.0 148,1.0 149,1.0 231,1.0 247,4.0 250,4.0 263,1.0 279,3.0 402,1.0 404,3.0 
6,2.0 14,3.0 19,1.0 20,1.0 21,1.0 22,1.0 29,1.0 30,1.0 31,1.0 34,1.0 41,1.0 71,1.0 130,4.0 132,7.0 146,1.0 152,1.0 153,1.0 169,1.0 181,1.0 188,1.0 208,1.0 231,1.0 240,2.0 242,3.0 245,2.0 246,6.0 247,11.0 249,2.0 251,1.0 255,1.0 256,2.0 257,2.0 298,1.0 299,2.0 451,1.0 
8,1.0 13,1.0 15,4.0 16,1.0 17,1.0 20,1.0 21,1.0 30,1.0 41,1.0 94,1.0 132,5.0 168,1.0 179,3.0 185,1.0 240,1.0 247,1.0 250,1.0 359,1.0 
8,1.0 246,1.0 248,1.0 253,1.0 308,1.0 472,1.0 473,1.0 
14,1.0 204,1.0 246,1.0 254,1.0 308,6.0 329,1.0 332,3.0 346,1.0 347,1.0 473,2.0 480,1.0 481,1.0 482,1.0 
7,1.0 13,2.0 15,1.0 145,1.0 169,1.0 176,1.0 184,1.0 188,1.0 195,1.0 250,2.0 255,1.0 263,3.0 265,2.0 267,3.0 279,10.0 323,1.0 335,1.0 336,1.0 338,1.0 402,1.0 403,1.0 404,8.0 405,1.0 406,1.0 
132,1.0 250,1.0 
14,2.0 95,1.0 135,1.0 138,1.0 152,1.0 153,1.0 242,1.0 247,3.0 248,1.0 250,3.0 330,1.0 
6,1.0 130,2.0 188,2.0 242,1.0 245,1.0 247,4.0 250,4.0 260,1.0 261,1.0 263,1.0 269,1.0 
14,1.0 79,1.0 93,1.0 193,1.0 209,1.0 259,1.0 260,1.0 
14,1.0 74,1.0 108,1.0 117,1.0 120,2.0 157,1.0 162,1.0 164,1.0 175,1.0 195,1.0 207,1.0 247,2.0 258,1.0 260,4.0 263,1.0 270,4.0 301,1.0 354,2.0 366,1.0 382,1.0 
14,1.0 19,1.0 77,1.0 89,1.0 136,1.0 162,1.0 181,1.0 188,2.0 189,1.0 257,1.0 258,1.0 259,1.0 266,1.0 267,1.0 270,2.0 335,1.0 
10,2.0 17,1.0 19,2.0 34,2.0 38,1.0 67,2.0 76,1.0 144,2.0 175,3.0 176,1.0 177,1.0 187,1.0 188,1.0 189,2.0 195,2.0 204,2.0 231,2.0 246,1.0 259,2.0 262,2.0 265,3.0 272,1.0 307,1.0 428,5.0 
56,1.0 63,1.0 71,1.0 95,1.0 147,1.0 176,1.0 177,1.0 178,1.0 187,1.0 188,1.0 189,1.0 257,1.0 260,1.0 263,2.0 265,2.0 270,1.0 272,1.0 273,1.0 278,1.0 302,1.0 407,1.0 412,1.0 
99,1.0 144,1.0 176,1.0 178,1.0 187,1.0 188,1.0 195,2.0 204,1.0 218,1.0 262,2.0 264,2.0 265,1.0 266,1.0 267,4.0 270,1.0 271,2.0 279,4.0 301,4.0 302,1.0 306,1.0 335,2.0 336,2.0 403,1.0 446,1.0 
70,2.0 87,1.0 97,1.0 116,1.0 117,1.0 139,1.0 147,1.0 175,1.0 181,2.0 187,1.0 204,1.0 248,1.0 259,1.0 262,1.0 265,2.0 267,2.0 275,1.0 
8,1.0 19,3.0 33,1.0 34,1.0 41,1.0 63,1.0 95,1.0 97,1.0 128,1.0 175,2.0 176,1.0 187,1.0 188,1.0 204,1.0 231,1.0 252,1.0 260,2.0 261,5.0 262,1.0 263,2.0 267,4.0 270,2.0 276,1.0 277,1.0 288,1.0 361,1.0 404,2.0 406,1.0 428,3.0 
16,1.0 56,1.0 135,1.0 163,1.0 175,1.0 176,1.0 177,1.0 195,2.0 254,1.0 262,1.0 264,1.0 270,3.0 279,1.0 408,1.0 409,1.0 
13,3.0 17,2.0 22,1.0 29,3.0 33,1.0 34,5.0 41,1.0 99,1.0 117,3.0 128,1.0 134,1.0 135,1.0 146,1.0 162,1.0 175,2.0 188,1.0 231,5.0 244,1.0 245,1.0 247,6.0 248,2.0 259,1.0 262,1.0 263,8.0 264,1.0 265,2.0 267,4.0 270,1.0 271,4.0 272,1.0 278,1.0 280,1.0 301,24.0 306,1.0 317,1.0 328,1.0 444,2.0 446,1.0 
46,1.0 175,1.0 223,1.0 257,1.0 269,1.0 325,1.0 415,1.0 
16,1.0 43,1.0 133,1.0 257,1.0 263,1.0 466,1.0 
12,1.0 13,1.0 16,1.0 19,2.0 38,1.0 120,1.0 144,1.0 146,1.0 164,3.0 167,1.0 176,1.0 181,1.0 187,1.0 247,1.0 254,1.0 259,2.0 261,1.0 263,2.0 264,2.0 265,2.0 266,3.0 267,1.0 271,2.0 276,1.0 279,1.0 354,1.0 361,1.0 365,1.0 382,1.0 403,1.0 404,1.0 406,1.0 
17,2.0 29,1.0 34,1.0 57,1.0 175,1.0 218,1.0 231,1.0 267,4.0 279,4.0 301,4.0 404,4.0 
10,1.0 16,1.0 87,1.0 188,2.0 245,1.0 261,2.0 262,1.0 264,2.0 
19,1.0 30,1.0 79,1.0 93,1.0 117,1.0 141,1.0 214,1.0 272,1.0 282,1.0 467,1.0 
267,1.0 
36,1.0 37,1.0 56,1.0 99,1.0 101,2.0 145,1.0 175,1.0 242,1.0 266,1.0 320,2.0 
19,1.0 101,1.0 136,1.0 145,1.0 177,2.0 181,1.0 189,1.0 195,1.0 204,1.0 245,1.0 270,1.0 277,1.0 346,1.0 
22,1.0 164,1.0 174,1.0 176,1.0 177,2.0 181,1.0 187,2.0 188,1.0 189,1.0 227,1.0 247,1.0 261,1.0 264,1.0 270,1.0 301,2.0 347,1.0 396,1.0 410,1.0 
20,1.0 21,1.0 26,1.0 31,1.0 34,2.0 41,1.0 63,1.0 81,1.0 83,1.0 94,1.0 105,2.0 120,1.0 158,1.0 225,1.0 262,1.0 265,1.0 344,3.0 347,1.0 354,1.0 475,1.0 
7,2.0 13,2.0 15,1.0 19,1.0 22,2.0 53,1.0 57,1.0 71,2.0 139,1.0 145,2.0 176,1.0 189,1.0 247,4.0 249,3.0 254,4.0 259,1.0 263,2.0 264,3.0 270,2.0 271,8.0 276,1.0 279,4.0 284,1.0 301,2.0 323,1.0 335,1.0 336,1.0 338,1.0 366,1.0 401,2.0 402,3.0 403,1.0 404,19.0 411,1.0 414,1.0 
9,1.0 24,1.0 244,1.0 
157,2.0 203,2.0 207,2.0 209,2.0 211,2.0 217,1.0 273,1.0 282,1.0 
79,1.0 84,1.0 214,1.0 273,1.0 353,1.0 468,1.0 
80,1.0 82,1.0 84,1.0 108,1.0 109,1.0 120,1.0 143,5.0 161,1.0 183,1.0 203,1.0 205,2.0 340,1.0 376,1.0 424,1.0 426,1.0 454,1.0 
84,1.0 109,1.0 117,1.0 202,1.0 213,1.0 285,1.0 286,1.0 287,1.0 301,1.0 421,1.0 
202,1.0 213,1.0 284,1.0 286,1.0 287,1.0 
14,1.0 72,1.0 74,1.0 75,2.0 84,2.0 107,1.0 108,3.0 109,1.0 143,3.0 150,1.0 156,1.0 158,3.0 159,1.0 181,1.0 201,1.0 202,5.0 208,1.0 209,1.0 211,1.0 212,3.0 213,2.0 226,1.0 250,1.0 287,7.0 288,1.0 289,1.0 327,1.0 373,1.0 
14,1.0 72,1.0 84,1.0 107,1.0 108,1.0 109,1.0 143,1.0 150,1.0 156,1.0 158,3.0 159,1.0 202,3.0 212,3.0 213,2.0 286,7.0 288,1.0 289,1.0 
13,1.0 181,1.0 196,1.0 289,1.0 404,1.0 
196,1.0 197,1.0 288,1.0 
291,1.0 
292,1.0 
186,1.0 216,1.0 
183,1.0 
295,1.0 
25,1.0 27,1.0 34,1.0 35,1.0 36,1.0 181,2.0 183,2.0 296,1.0 297,1.0 300,1.0 304,1.0 
297,1.0 
298,1.0 301,1.0 302,1.0 
183,1.0 250,1.0 299,1.0 
68,2.0 180,1.0 181,3.0 250,1.0 286,1.0 295,1.0 298,1.0 300,1.0 310,1.0 394,1.0 
295,1.0 297,1.0 
13,5.0 17,4.0 22,4.0 29,3.0 34,5.0 99,1.0 106,1.0 113,1.0 117,7.0 134,1.0 135,1.0 153,1.0 174,1.0 180,1.0 188,1.0 231,5.0 247,8.0 254,2.0 258,1.0 259,1.0 263,2.0 267,11.0 271,2.0 284,1.0 299,1.0 302,2.0 306,1.0 309,1.0 310,1.0 311,1.0 317,1.0 366,1.0 444,2.0 446,1.0 447,1.0 448,1.0 
23,1.0 35,1.0 71,1.0 72,1.0 104,1.0 178,1.0 180,1.0 181,1.0 202,1.0 258,1.0 262,1.0 301,3.0 302,1.0 303,1.0 304,1.0 305,1.0 306,1.0 355,1.0 
35,1.0 38,1.0 64,1.0 67,2.0 104,2.0 117,2.0 128,1.0 129,2.0 223,1.0 261,1.0 304,2.0 305,3.0 306,1.0 315,2.0 316,2.0 335,2.0 336,1.0 
7,2.0 12,1.0 14,1.0 25,3.0 27,1.0 34,1.0 35,2.0 36,1.0 38,1.0 56,3.0 57,2.0 58,1.0 64,2.0 67,2.0 73,1.0 78,1.0 84,1.0 99,1.0 104,5.0 117,1.0 128,2.0 129,1.0 206,1.0 211,1.0 223,3.0 253,1.0 254,1.0 261,1.0 303,3.0 305,2.0 306,1.0 315,1.0 316,1.0 335,1.0 336,1.0 347,2.0 348,2.0 
35,1.0 64,1.0 67,2.0 104,2.0 117,2.0 128,1.0 129,2.0 223,1.0 261,1.0 303,3.0 304,2.0 306,1.0 315,2.0 316,2.0 335,1.0 
35,1.0 104,1.0 247,1.0 261,1.0 301,1.0 303,1.0 304,1.0 305,1.0 
265,1.0 
26,1.0 31,1.0 34,1.0 38,1.0 40,1.0 41,1.0 46,1.0 94,1.0 147,1.0 181,1.0 227,1.0 246,2.0 247,1.0 253,6.0 254,1.0 278,1.0 279,1.0 323,2.0 332,4.0 338,1.0 344,1.0 405,1.0 415,1.0 429,1.0 435,2.0 473,2.0 476,1.0 477,1.0 478,1.0 479,1.0 
106,1.0 153,1.0 250,1.0 301,2.0 311,1.0 356,1.0 
180,1.0 299,1.0 
14,1.0 72,1.0 113,1.0 116,1.0 117,1.0 128,1.0 129,1.0 130,1.0 309,1.0 355,1.0 
109,1.0 113,1.0 126,1.0 208,1.0 313,1.0 314,1.0 
16,1.0 58,1.0 109,1.0 113,1.0 126,1.0 129,1.0 208,1.0 312,1.0 314,1.0 409,1.0 462,1.0 
109,1.0 113,1.0 126,1.0 208,1.0 312,1.0 313,1.0 
13,2.0 16,1.0 19,2.0 25,1.0 27,1.0 32,2.0 36,2.0 41,1.0 64,2.0 67,3.0 78,2.0 104,1.0 117,2.0 128,1.0 129,2.0 211,1.0 223,1.0 303,2.0 304,1.0 305,2.0 316,4.0 335,1.0 353,1.0 
13,5.0 16,1.0 18,1.0 19,2.0 25,1.0 27,1.0 32,5.0 33,1.0 36,1.0 41,1.0 64,3.0 67,3.0 68,1.0 78,1.0 104,2.0 117,2.0 128,1.0 129,2.0 180,1.0 191,1.0 192,1.0 223,1.0 227,1.0 303,1.0 304,2.0 305,1.0 315,2.0 316,1.0 335,1.0 345,3.0 348,1.0 365,2.0 
6,1.0 19,2.0 26,1.0 33,1.0 41,2.0 51,1.0 56,1.0 77,1.0 94,1.0 99,1.0 116,1.0 117,1.0 132,1.0 141,1.0 242,1.0 243,1.0 267,1.0 273,1.0 301,1.0 318,2.0 319,1.0 320,1.0 444,1.0 
6,1.0 19,1.0 41,1.0 51,1.0 56,1.0 77,1.0 116,1.0 242,1.0 243,1.0 317,2.0 319,1.0 320,1.0 
6,2.0 7,1.0 25,1.0 35,1.0 56,1.0 77,2.0 101,1.0 104,1.0 242,1.0 258,1.0 320,1.0 
6,2.0 8,3.0 14,1.0 18,1.0 25,1.0 26,1.0 28,1.0 29,1.0 35,1.0 36,1.0 37,1.0 43,1.0 56,1.0 57,1.0 72,1.0 77,3.0 78,1.0 94,1.0 95,2.0 99,1.0 134,1.0 139,1.0 242,2.0 319,1.0 327,1.0 
16,1.0 29,1.0 
18,1.0 38,1.0 130,1.0 134,1.0 139,1.0 144,1.0 
1,1.0 4,1.0 9,1.0 10,1.0 11,1.0 46,1.0 51,1.0 52,1.0 84,1.0 97,1.0 115,1.0 206,1.0 239,1.0 243,1.0 253,1.0 279,1.0 325,1.0 332,1.0 338,5.0 401,2.0 404,1.0 415,2.0 435,3.0 493,1.0 494,1.0 
1,1.0 2,1.0 101,1.0 145,1.0 275,1.0 325,1.0 326,1.0 
1,1.0 2,1.0 22,2.0 38,1.0 46,2.0 71,1.0 101,1.0 115,1.0 145,1.0 157,1.0 223,1.0 268,1.0 275,1.0 323,1.0 324,1.0 326,1.0 415,2.0 493,1.0 494,1.0 
1,1.0 2,1.0 101,1.0 145,1.0 275,1.0 324,1.0 325,1.0 
43,1.0 79,1.0 108,1.0 113,1.0 117,1.0 128,1.0 136,1.0 143,1.0 201,1.0 202,1.0 205,1.0 209,1.0 211,4.0 217,1.0 226,3.0 241,1.0 258,1.0 286,2.0 328,1.0 371,2.0 372,1.0 
19,1.0 22,2.0 43,5.0 56,1.0 63,1.0 67,1.0 70,3.0 73,1.0 77,1.0 105,1.0 106,1.0 136,4.0 156,1.0 214,1.0 223,2.0 227,1.0 279,1.0 328,1.0 342,1.0 346,1.0 
95,1.0 138,1.0 330,1.0 
8,1.0 74,1.0 95,4.0 108,1.0 120,1.0 135,2.0 138,2.0 157,1.0 207,1.0 248,1.0 331,1.0 354,1.0 
332,1.0 
246,5.0 253,2.0 256,1.0 308,7.0 
73,1.0 117,1.0 130,1.0 134,1.0 155,1.0 334,1.0 335,1.0 336,1.0 337,1.0 
117,1.0 130,1.0 134,1.0 333,1.0 335,1.0 336,1.0 
7,1.0 10,1.0 11,1.0 12,3.0 13,2.0 15,3.0 16,3.0 31,1.0 38,3.0 40,1.0 43,1.0 44,1.0 67,1.0 73,1.0 75,1.0 84,2.0 89,1.0 99,1.0 106,1.0 109,2.0 117,2.0 120,2.0 124,1.0 128,1.0 129,4.0 130,1.0 134,3.0 138,1.0 139,5.0 143,1.0 148,1.0 149,1.0 157,1.0 189,1.0 201,2.0 203,2.0 206,1.0 207,2.0 223,1.0 225,2.0 247,1.0 260,1.0 263,1.0 271,1.0 279,2.0 316,2.0 335,1.0 336,8.0 345,1.0 354,2.0 402,1.0 439,1.0 
12,1.0 13,2.0 15,1.0 16,1.0 38,3.0 67,1.0 73,1.0 117,1.0 128,1.0 130,1.0 134,1.0 138,1.0 139,1.0 143,1.0 148,1.0 149,1.0 157,1.0 223,1.0 247,1.0 263,1.0 271,1.0 279,2.0 335,9.0 336,1.0 402,1.0 439,1.0 
113,1.0 155,1.0 226,1.0 
4,1.0 10,1.0 11,1.0 84,1.0 206,1.0 253,1.0 279,1.0 323,5.0 401,2.0 404,1.0 435,2.0 
22,1.0 74,1.0 108,1.0 157,1.0 158,2.0 202,3.0 206,1.0 207,1.0 212,2.0 283,1.0 
9,1.0 45,1.0 102,1.0 341,1.0 
9,1.0 45,1.0 63,1.0 102,1.0 342,1.0 
8,1.0 12,1.0 16,1.0 18,1.0 38,1.0 39,1.0 59,1.0 63,2.0 71,1.0 73,1.0 110,1.0 219,1.0 343,1.0 461,1.0 
21,1.0 59,1.0 71,1.0 110,1.0 
14,1.0 26,2.0 34,2.0 40,1.0 62,2.0 72,1.0 80,1.0 81,1.0 94,1.0 105,1.0 120,1.0 210,1.0 225,1.0 278,3.0 347,1.0 352,1.0 354,1.0 475,1.0 
64,1.0 104,1.0 227,1.0 304,1.0 316,2.0 348,1.0 
23,1.0 31,1.0 56,1.0 57,1.0 58,1.0 70,1.0 77,1.0 120,1.0 145,1.0 146,1.0 181,1.0 204,4.0 308,1.0 328,1.0 347,2.0 438,1.0 
10,1.0 12,1.0 14,1.0 34,1.0 57,1.0 58,1.0 104,1.0 105,1.0 145,1.0 187,1.0 204,1.0 211,1.0 225,1.0 261,1.0 278,1.0 304,3.0 308,1.0 344,1.0 346,2.0 348,1.0 350,1.0 438,1.0 
64,1.0 67,1.0 99,1.0 104,3.0 109,1.0 128,1.0 206,1.0 223,1.0 304,3.0 347,1.0 350,2.0 
12,1.0 21,1.0 26,1.0 38,1.0 40,1.0 41,1.0 43,1.0 62,1.0 120,1.0 136,1.0 143,1.0 208,3.0 344,1.0 396,1.0 
32,1.0 43,1.0 104,1.0 109,1.0 124,1.0 223,1.0 304,1.0 347,1.0 348,2.0 
43,1.0 107,1.0 109,1.0 128,1.0 139,1.0 143,1.0 156,1.0 159,1.0 202,3.0 213,2.0 216,3.0 223,1.0 232,1.0 286,1.0 287,1.0 327,1.0 
83,1.0 178,1.0 189,1.0 210,1.0 344,1.0 
84,1.0 211,1.0 282,1.0 315,1.0 468,1.0 
0,1.0 7,1.0 8,2.0 9,1.0 12,3.0 13,1.0 16,2.0 17,1.0 19,1.0 20,3.0 21,2.0 26,1.0 27,1.0 30,1.0 31,1.0 35,2.0 38,1.0 41,2.0 56,1.0 62,2.0 63,1.0 71,1.0 72,1.0 74,1.0 75,3.0 83,3.0 84,1.0 99,1.0 105,1.0 107,1.0 108,1.0 112,3.0 114,2.0 116,1.0 117,1.0 120,23.0 122,1.0 124,1.0 129,1.0 134,1.0 135,1.0 139,2.0 143,1.0 147,1.0 149,1.0 155,1.0 156,4.0 157,2.0 159,4.0 160,1.0 205,1.0 207,1.0 208,1.0 212,1.0 225,1.0 227,1.0 229,2.0 259,2.0 270,2.0 330,1.0 335,2.0 349,1.0 354,5.0 372,3.0 374,1.0 375,1.0 
23,1.0 72,2.0 302,1.0 311,1.0 
72,1.0 309,1.0 357,1.0 420,2.0 421,1.0 422,2.0 
72,1.0 356,1.0 
14,1.0 15,1.0 72,1.0 84,1.0 109,1.0 113,1.0 157,1.0 169,1.0 179,4.0 185,1.0 203,1.0 207,1.0 371,1.0 
15,1.0 19,2.0 22,2.0 23,1.0 30,2.0 32,1.0 33,1.0 70,2.0 71,3.0 110,1.0 116,2.0 117,2.0 169,8.0 359,2.0 368,2.0 
14,1.0 22,1.0 23,1.0 361,1.0 362,1.0 
13,4.0 14,2.0 15,1.0 17,2.0 19,1.0 22,1.0 23,1.0 30,3.0 70,1.0 74,1.0 80,1.0 82,1.0 84,1.0 109,1.0 116,1.0 117,2.0 132,2.0 157,1.0 168,1.0 196,1.0 197,6.0 270,1.0 360,1.0 361,3.0 363,2.0 364,1.0 368,1.0 404,1.0 
12,2.0 14,3.0 19,1.0 22,4.0 71,2.0 110,2.0 191,5.0 361,1.0 362,2.0 366,1.0 
12,3.0 13,3.0 14,1.0 17,3.0 19,1.0 30,1.0 117,1.0 132,1.0 196,3.0 361,1.0 362,1.0 363,2.0 364,1.0 369,1.0 
12,1.0 13,1.0 14,1.0 17,1.0 19,6.0 30,7.0 117,7.0 129,1.0 130,1.0 132,4.0 191,1.0 192,1.0 197,2.0 361,2.0 366,6.0 
7,1.0 13,2.0 14,2.0 16,2.0 32,2.0 38,1.0 72,1.0 109,1.0 124,1.0 129,1.0 145,1.0 180,1.0 191,1.0 316,2.0 403,5.0 406,1.0 470,1.0 
12,1.0 14,1.0 19,5.0 30,5.0 117,7.0 129,1.0 130,1.0 132,3.0 179,1.0 259,1.0 301,1.0 364,6.0 366,6.0 
19,1.0 30,1.0 117,1.0 132,1.0 196,1.0 367,1.0 
31,1.0 70,3.0 80,1.0 82,1.0 84,1.0 109,1.0 116,3.0 117,3.0 197,1.0 205,1.0 233,1.0 359,2.0 361,1.0 364,1.0 
12,4.0 13,1.0 14,4.0 17,1.0 22,3.0 71,3.0 168,6.0 363,1.0 369,1.0 
8,1.0 12,1.0 16,1.0 110,1.0 
8,1.0 16,1.0 17,1.0 19,1.0 30,1.0 31,1.0 41,2.0 67,1.0 81,1.0 95,1.0 113,8.0 117,1.0 128,2.0 138,1.0 143,2.0 147,1.0 179,1.0 202,1.0 327,1.0 358,1.0 385,1.0 
6,1.0 12,2.0 20,3.0 21,3.0 22,2.0 25,1.0 31,1.0 43,1.0 114,8.0 120,2.0 128,1.0 157,3.0 215,1.0 354,3.0 
79,1.0 81,1.0 217,1.0 327,1.0 
8,1.0 11,1.0 13,1.0 16,1.0 17,1.0 156,1.0 157,1.0 158,1.0 225,1.0 484,1.0 
106,1.0 107,1.0 156,1.0 157,1.0 158,1.0 159,1.0 225,1.0 229,1.0 354,1.0 374,1.0 
74,1.0 84,1.0 108,1.0 109,1.0 157,2.0 203,1.0 207,2.0 377,10.0 
74,1.0 84,1.0 108,1.0 109,1.0 120,1.0 157,2.0 203,1.0 205,1.0 207,2.0 233,1.0 330,1.0 354,1.0 376,8.0 378,1.0 
205,1.0 233,1.0 379,1.0 380,1.0 
378,1.0 
157,1.0 203,1.0 207,1.0 209,1.0 211,1.0 281,1.0 
173,1.0 205,1.0 233,1.0 
157,1.0 164,3.0 203,1.0 207,1.0 209,1.0 211,1.0 247,1.0 259,1.0 270,1.0 
205,1.0 233,1.0 384,1.0 
167,1.0 205,1.0 233,1.0 
80,1.0 82,1.0 84,1.0 109,1.0 143,1.0 
80,1.0 82,1.0 84,1.0 109,1.0 387,1.0 
199,1.0 
80,1.0 82,1.0 109,1.0 194,1.0 
138,1.0 139,1.0 209,1.0 
84,1.0 225,1.0 391,1.0 
84,1.0 225,1.0 390,1.0 
223,1.0 328,1.0 393,1.0 
223,1.0 328,1.0 392,1.0 
120,1.0 181,1.0 219,1.0 225,1.0 236,1.0 427,1.0 
150,1.0 
14,1.0 40,2.0 72,1.0 177,1.0 214,1.0 261,1.0 354,1.0 
124,1.0 398,1.0 399,1.0 400,1.0 
124,1.0 397,1.0 399,1.0 400,1.0 
124,1.0 397,1.0 398,1.0 400,1.0 
124,1.0 397,1.0 398,1.0 399,1.0 
143,1.0 156,1.0 164,1.0 206,2.0 270,1.0 283,1.0 308,1.0 
7,1.0 8,1.0 12,1.0 13,2.0 14,1.0 15,1.0 16,1.0 22,1.0 25,1.0 38,1.0 56,1.0 71,1.0 73,3.0 157,1.0 208,1.0 304,1.0 349,1.0 404,3.0 
14,1.0 16,2.0 38,1.0 72,1.0 75,1.0 206,1.0 263,1.0 271,1.0 279,2.0 365,5.0 406,1.0 470,1.0 
7,2.0 13,6.0 15,1.0 22,4.0 57,1.0 71,3.0 93,1.0 145,2.0 148,1.0 149,1.0 201,1.0 247,2.0 249,2.0 254,6.0 270,1.0 271,2.0 279,11.0 288,1.0 323,1.0 338,1.0 361,1.0 401,2.0 402,3.0 427,1.0 
254,1.0 265,1.0 
164,1.0 176,2.0 254,1.0 265,2.0 277,1.0 
187,1.0 
5,1.0 9,1.0 16,1.0 46,1.0 58,1.0 129,1.0 266,1.0 313,1.0 409,2.0 462,1.0 484,1.0 495,1.0 
16,1.0 58,1.0 129,1.0 189,1.0 313,1.0 462,1.0 
53,1.0 279,1.0 
178,1.0 
16,1.0 266,1.0 
21,1.0 178,1.0 189,1.0 
279,1.0 
46,2.0 115,1.0 323,2.0 325,1.0 332,1.0 347,1.0 348,1.0 350,1.0 435,1.0 493,1.0 494,1.0 
219,1.0 
157,1.0 219,1.0 
14,1.0 129,1.0 227,1.0 
92,1.0 105,1.0 106,1.0 155,1.0 
356,2.0 421,1.0 422,2.0 
158,1.0 201,1.0 207,1.0 209,1.0 422,1.0 425,1.0 
158,1.0 201,1.0 207,1.0 209,1.0 421,1.0 423,1.0 
424,1.0 
204,1.0 284,1.0 346,1.0 426,1.0 
426,1.0 
7,1.0 101,1.0 104,1.0 204,1.0 319,1.0 346,1.0 424,1.0 
93,1.0 120,1.0 183,1.0 201,1.0 404,1.0 
17,1.0 19,3.0 34,2.0 129,1.0 185,1.0 194,1.0 204,2.0 231,2.0 261,1.0 265,2.0 449,1.0 
332,1.0 
123,1.0 203,1.0 208,1.0 211,1.0 431,1.0 432,1.0 
123,1.0 203,1.0 208,1.0 211,1.0 430,1.0 432,1.0 
123,1.0 203,1.0 208,1.0 211,1.0 430,1.0 431,1.0 
16,1.0 67,1.0 223,1.0 434,1.0 
16,1.0 67,1.0 223,1.0 433,1.0 
4,1.0 10,1.0 11,1.0 46,1.0 253,1.0 323,3.0 332,1.0 338,2.0 415,1.0 
4,1.0 5,1.0 47,1.0 144,1.0 437,1.0 
4,1.0 5,1.0 47,1.0 144,1.0 436,1.0 
57,1.0 58,1.0 145,1.0 346,1.0 347,1.0 
81,1.0 148,1.0 149,1.0 161,1.0 214,1.0 
143,1.0 161,1.0 283,1.0 441,1.0 
143,1.0 161,1.0 283,1.0 440,1.0 
19,1.0 132,1.0 443,1.0 
19,1.0 132,1.0 442,1.0 
259,1.0 382,1.0 445,1.0 
247,1.0 308,1.0 
99,1.0 247,1.0 301,1.0 
167,1.0 187,1.0 247,1.0 448,1.0 
167,1.0 187,1.0 247,1.0 447,1.0 
176,1.0 194,3.0 248,2.0 265,1.0 299,2.0 406,1.0 
194,2.0 248,2.0 449,2.0 
136,1.0 143,1.0 283,1.0 
136,1.0 
454,2.0 
7,1.0 136,2.0 283,1.0 454,1.0 455,2.0 456,2.0 457,1.0 
283,1.0 454,5.0 455,2.0 456,6.0 
283,1.0 454,5.0 455,6.0 456,2.0 
458,1.0 
136,1.0 453,1.0 458,1.0 459,1.0 460,1.0 
458,3.0 459,1.0 460,3.0 
458,3.0 459,3.0 460,1.0 
8,1.0 12,1.0 16,1.0 18,1.0 38,1.0 39,1.0 342,1.0 
16,1.0 20,1.0 21,1.0 22,1.0 56,1.0 58,1.0 126,1.0 129,1.0 313,1.0 409,1.0 
90,1.0 93,1.0 131,1.0 
8,1.0 95,1.0 133,1.0 239,1.0 
12,1.0 14,1.0 16,1.0 32,1.0 43,1.0 97,1.0 133,1.0 
16,1.0 43,1.0 133,1.0 269,1.0 
84,1.0 109,1.0 156,1.0 
84,1.0 282,1.0 353,1.0 
167,1.0 
187,1.0 
167,1.0 
252,1.0 308,2.0 473,1.0 
253,2.0 308,2.0 474,1.0 
252,1.0 
472,1.0 
332,1.0 477,1.0 478,1.0 479,1.0 
332,1.0 476,1.0 478,1.0 479,1.0 
332,1.0 476,1.0 477,1.0 479,1.0 
332,1.0 476,1.0 477,1.0 478,1.0 
308,1.0 481,1.0 482,1.0 
308,1.0 480,1.0 482,1.0 
308,1.0 480,1.0 481,1.0 
26,3.0 34,3.0 35,3.0 62,3.0 79,1.0 81,1.0 82,1.0 106,1.0 151,3.0 483,1.0 
5,1.0 9,1.0 11,1.0 16,1.0 46,1.0 58,1.0 129,1.0 313,1.0 408,1.0 409,1.0 462,1.0 485,1.0 486,1.0 487,1.0 495,1.0 
486,1.0 487,1.0 488,1.0 489,1.0 490,1.0 
323,1.0 325,1.0 415,1.0 485,1.0 487,1.0 488,1.0 489,1.0 490,1.0 491,1.0 492,1.0 
485,1.0 486,1.0 488,1.0 489,1.0 490,1.0 
486,1.0 489,1.0 490,1.0 491,1.0 492,1.0 
486,1.0 488,1.0 490,1.0 491,1.0 492,1.0 
486,1.0 488,1.0 489,1.0 491,1.0 492,1.0 
323,1.0 325,1.0 415,1.0 486,1.0 492,1.0 
323,1.0 325,1.0 415,1.0 486,1.0 491,1.0 
5,1.0 9,1.0 46,1.0 115,1.0 408,1.0 484,1.0 494,1.0 495,1.0 
5,1.0 9,1.0 46,1.0 115,1.0 408,1.0 484,1.0 493,1.0 495,1.0 
5,1.0 9,1.0 16,1.0 46,1.0 58,1.0 129,1.0 313,1.0 408,1.0 409,1.0 462,1.0 484,1.0 
