1,1.0 3,2.0 7,2.0 12,10.0 
2,11.0 4,3.0 7,2.0 9,8.0 10,2.0 14,2.0 28,1.0 39,1.0 
0,2.0 1,1.0 3,11.0 4,2.0 5,2.0 10,6.0 11,1.0 34,1.0 41,1.0 42,1.0 45,3.0 46,4.0 50,1.0 
1,10.0 4,9.0 5,2.0 7,2.0 9,8.0 10,1.0 11,2.0 16,2.0 20,2.0 36,2.0 
5,11.0 6,6.0 7,2.0 8,7.0 12,5.0 13,1.0 18,1.0 19,1.0 30,2.0 31,2.0 32,1.0 35,1.0 52,4.0 58,3.0 59,2.0 60,1.0 61,1.0 62,1.0 
3,10.0 6,6.0 8,5.0 13,1.0 24,2.0 29,2.0 
3,6.0 5,6.0 
0,2.0 2,3.0 3,2.0 10,2.0 14,2.0 20,2.0 29,1.0 33,2.0 36,2.0 
3,4.0 4,1.0 5,5.0 13,2.0 52,2.0 58,1.0 
1,8.0 2,8.0 
2,1.0 3,1.0 4,7.0 12,2.0 14,2.0 20,1.0 27,2.0 31,2.0 34,2.0 41,4.0 56,4.0 
2,1.0 4,2.0 10,3.0 12,2.0 13,4.0 20,1.0 21,2.0 28,1.0 44,1.0 51,1.0 53,1.0 57,1.0 
1,4.0 10,6.0 11,3.0 13,2.0 14,2.0 36,1.0 38,2.0 43,4.0 44,1.0 49,3.0 60,1.0 61,2.0 
1,1.0 10,2.0 20,1.0 52,3.0 56,1.0 57,3.0 62,1.0 63,1.0 64,1.0 65,1.0 66,1.0 67,1.0 68,1.0 
1,2.0 15,2.0 18,4.0 20,2.0 22,1.0 23,1.0 37,4.0 52,1.0 53,1.0 
3,2.0 54,4.0 55,4.0 
3,2.0 17,2.0 20,2.0 
2,2.0 11,1.0 34,1.0 
0,4.0 12,1.0 19,1.0 37,4.0 
12,1.0 18,1.0 
4,2.0 11,1.0 14,4.0 21,2.0 23,2.0 36,4.0 44,1.0 51,1.0 53,1.0 57,1.0 
11,2.0 25,2.0 32,4.0 34,2.0 35,2.0 
2,2.0 23,2.0 24,2.0 
22,4.0 24,4.0 30,2.0 
0,2.0 25,4.0 26,4.0 34,2.0 
1,2.0 7,2.0 16,2.0 26,4.0 32,2.0 
1,2.0 7,2.0 25,4.0 
2,4.0 12,2.0 
22,1.0 23,2.0 30,1.0 
1,1.0 4,2.0 7,2.0 
21,2.0 23,2.0 24,2.0 31,2.0 
21,4.0 30,2.0 34,2.0 
7,2.0 12,1.0 16,2.0 25,2.0 35,3.0 
29,2.0 
2,1.0 4,1.0 7,2.0 15,4.0 21,2.0 24,2.0 31,2.0 
7,2.0 12,1.0 32,3.0 
2,1.0 14,4.0 20,4.0 47,3.0 
0,4.0 18,4.0 
39,2.0 
23,1.0 30,1.0 40,2.0 
16,2.0 
0,4.0 11,4.0 42,1.0 48,3.0 56,4.0 
0,1.0 41,1.0 
27,4.0 44,1.0 49,3.0 
11,1.0 20,1.0 27,1.0 43,1.0 51,1.0 53,1.0 57,1.0 
36,3.0 46,3.0 
36,3.0 45,3.0 50,1.0 51,1.0 
11,1.0 41,3.0 48,3.0 
0,3.0 41,3.0 
27,3.0 43,3.0 
46,1.0 51,1.0 
11,1.0 20,1.0 44,1.0 47,1.0 53,1.0 57,1.0 
4,2.0 8,2.0 11,1.0 13,1.0 34,4.0 53,1.0 57,3.0 58,3.0 59,2.0 
11,1.0 20,1.0 34,1.0 44,1.0 51,1.0 52,1.0 57,1.0 
2,4.0 55,4.0 
2,4.0 54,4.0 
11,4.0 12,1.0 41,4.0 61,1.0 
11,1.0 20,1.0 34,3.0 44,1.0 51,1.0 52,3.0 53,1.0 
4,2.0 8,1.0 11,2.0 20,1.0 44,1.0 51,1.0 52,3.0 53,1.0 57,1.0 59,2.0 
4,1.0 11,1.0 52,2.0 58,2.0 
10,1.0 12,1.0 
10,2.0 12,2.0 
13,1.0 63,1.0 64,1.0 65,1.0 66,1.0 67,1.0 68,1.0 
58,1.0 64,1.0 65,1.0 66,1.0 67,1.0 68,1.0 
58,1.0 63,1.0 65,1.0 66,1.0 67,1.0 68,1.0 
58,1.0 63,1.0 64,1.0 66,1.0 67,1.0 68,1.0 
58,1.0 63,1.0 64,1.0 65,1.0 67,1.0 68,1.0 
58,1.0 63,1.0 64,1.0 65,1.0 66,1.0 68,1.0 
58,1.0 63,1.0 64,1.0 65,1.0 66,1.0 67,1.0 
