1,6.0 
2,10.0 68,2.0 109,2.0 
3,10.0 7,16.0 11,16.0 12,15.0 15,10.0 51,5.0 62,1.0 68,3.0 80,2.0 100,2.0 
4,10.0 
5,10.0 
6,10.0 7,10.0 8,10.0 108,2.0 
7,59.0 8,21.0 9,20.0 11,1.0 18,2.0 48,2.0 54,39.0 57,1.0 62,12.0 63,27.0 75,2.0 103,1.0 104,1.0 
2,1.0 5,1.0 6,59.0 8,25.0 9,22.0 11,39.0 12,35.0 13,15.0 14,17.0 21,2.0 26,10.0 27,12.0 28,13.0 29,5.0 31,1.0 37,13.0 39,4.0 52,5.0 54,51.0 55,10.0 57,1.0 62,13.0 63,27.0 68,1.0 73,2.0 74,4.0 75,15.0 91,4.0 92,4.0 96,4.0 100,6.0 107,4.0 110,2.0 124,2.0 125,2.0 126,2.0 136,1.0 149,2.0 150,2.0 151,2.0 152,2.0 
6,20.0 7,24.0 9,20.0 11,31.0 18,31.0 19,15.0 20,10.0 26,3.0 28,6.0 30,4.0 37,2.0 39,8.0 57,47.0 58,15.0 60,27.0 63,1.0 64,4.0 73,4.0 80,2.0 91,2.0 107,7.0 110,2.0 115,4.0 118,2.0 119,2.0 126,3.0 129,1.0 147,1.0 155,2.0 156,2.0 157,1.0 165,1.0 178,1.0 
1,4.0 2,10.0 10,12.0 11,1.0 18,3.0 37,2.0 54,2.0 75,1.0 
2,14.0 6,10.0 7,10.0 8,11.0 11,1.0 18,1.0 22,2.0 26,1.0 
2,1.0 7,39.0 8,35.0 12,35.0 13,15.0 14,15.0 18,46.0 19,14.0 20,10.0 26,5.0 39,10.0 48,1.0 52,5.0 53,1.0 62,1.0 68,1.0 73,4.0 75,17.0 76,8.0 77,8.0 84,2.0 100,2.0 107,4.0 115,4.0 124,2.0 125,2.0 132,2.0 133,1.0 138,1.0 139,1.0 140,1.0 141,1.0 148,1.0 166,3.0 170,1.0 172,1.0 176,1.0 
7,35.0 11,35.0 13,15.0 14,15.0 18,10.0 27,8.0 37,2.0 48,8.0 52,5.0 73,8.0 74,10.0 87,2.0 134,2.0 
7,15.0 11,15.0 12,15.0 
7,2.0 10,10.0 21,7.0 27,2.0 37,2.0 75,2.0 117,2.0 
16,10.0 
17,10.0 
8,10.0 11,10.0 18,10.0 
6,2.0 8,31.0 11,51.0 12,10.0 19,14.0 20,10.0 21,2.0 26,3.0 27,8.0 30,1.0 35,5.0 37,6.0 39,1.0 40,5.0 48,11.0 54,4.0 73,8.0 74,19.0 75,30.0 76,8.0 77,8.0 84,2.0 88,6.0 89,4.0 90,4.0 95,2.0 96,11.0 100,1.0 107,3.0 115,4.0 117,2.0 132,2.0 133,1.0 134,2.0 138,1.0 139,1.0 140,1.0 141,1.0 167,1.0 183,1.0 
8,18.0 11,14.0 18,14.0 26,5.0 31,5.0 32,5.0 37,2.0 39,4.0 118,2.0 126,2.0 165,1.0 
2,10.0 
14,2.0 22,5.0 113,4.0 130,2.0 143,4.0 146,4.0 147,4.0 
19,2.0 23,5.0 
24,5.0 
25,5.0 
7,5.0 26,5.0 27,5.0 
7,10.0 8,3.0 11,4.0 18,3.0 27,10.0 28,5.0 29,5.0 31,5.0 32,5.0 33,5.0 48,5.0 62,1.0 107,3.0 
7,12.0 12,8.0 14,2.0 18,8.0 21,2.0 26,10.0 28,5.0 29,5.0 37,2.0 48,8.0 70,2.0 71,8.0 73,12.0 74,8.0 75,2.0 77,2.0 80,4.0 81,8.0 82,8.0 83,8.0 84,4.0 85,2.0 86,2.0 
7,13.0 8,6.0 26,5.0 27,5.0 39,4.0 75,4.0 91,6.0 92,4.0 107,4.0 110,2.0 126,2.0 155,2.0 156,2.0 
30,5.0 
2,1.0 7,1.0 11,1.0 18,1.0 19,5.0 21,4.0 39,1.0 62,1.0 68,1.0 114,4.0 146,4.0 147,4.0 167,1.0 168,4.0 183,1.0 
7,1.0 11,5.0 26,5.0 32,5.0 33,5.0 35,10.0 38,5.0 39,5.0 40,10.0 75,1.0 100,1.0 
26,5.0 31,5.0 33,5.0 
34,5.0 163,1.0 173,1.0 182,1.0 
6,1.0 35,5.0 102,1.0 103,1.0 104,1.0 
36,5.0 41,15.0 
37,5.0 
7,8.0 8,2.0 9,2.0 11,2.0 12,2.0 14,2.0 18,11.0 21,2.0 27,2.0 31,10.0 39,2.0 54,6.0 73,2.0 74,3.0 75,2.0 96,7.0 103,1.0 104,1.0 106,1.0 118,2.0 119,2.0 134,2.0 165,1.0 171,1.0 
7,5.0 
7,4.0 8,8.0 18,6.0 19,1.0 28,4.0 30,1.0 31,15.0 37,2.0 40,15.0 73,2.0 88,2.0 89,2.0 90,2.0 95,2.0 96,2.0 99,2.0 107,4.0 110,2.0 118,2.0 119,2.0 126,3.0 129,1.0 147,1.0 157,1.0 165,1.0 167,1.0 183,1.0 
18,5.0 31,10.0 35,15.0 
42,10.0 46,5.0 
43,10.0 
44,5.0 47,5.0 
45,5.0 
39,5.0 167,2.0 
37,5.0 
26,5.0 
8,2.0 11,11.0 18,11.0 26,2.0 49,5.0 50,5.0 73,8.0 74,8.0 75,10.0 101,2.0 138,2.0 139,2.0 140,2.0 141,2.0 151,2.0 153,2.0 156,2.0 164,1.0 
0,5.0 50,5.0 
0,5.0 49,5.0 69,2.0 
7,5.0 11,5.0 12,5.0 
53,5.0 
7,10.0 45,2.0 54,10.0 
6,39.0 7,51.0 8,1.0 12,8.0 18,12.0 27,8.0 37,6.0 48,2.0 55,10.0 57,1.0 62,12.0 63,27.0 72,8.0 73,10.0 74,2.0 96,3.0 100,1.0 
8,10.0 56,10.0 57,10.0 
55,10.0 
8,47.0 58,15.0 60,27.0 63,1.0 64,4.0 178,1.0 
53,5.0 59,10.0 
8,10.0 57,10.0 
61,27.0 
6,27.0 7,27.0 54,27.0 
2,1.0 6,12.0 7,13.0 9,1.0 11,2.0 54,12.0 68,1.0 90,2.0 
8,27.0 57,27.0 178,1.0 
65,4.0 
50,2.0 66,2.0 
67,2.0 
9,2.0 
2,3.0 3,2.0 7,1.0 11,1.0 62,1.0 
27,2.0 70,2.0 
27,2.0 71,2.0 
54,8.0 72,8.0 73,8.0 77,2.0 84,4.0 85,2.0 
7,2.0 12,8.0 18,8.0 27,8.0 37,2.0 54,9.0 73,8.0 89,1.0 96,2.0 
8,4.0 11,8.0 12,8.0 18,22.0 27,16.0 30,4.0 37,2.0 39,4.0 48,8.0 54,10.0 71,2.0 72,8.0 74,12.0 75,12.0 80,8.0 81,8.0 82,8.0 83,8.0 86,2.0 87,6.0 88,6.0 95,2.0 96,2.0 
7,12.0 11,8.0 18,16.0 28,4.0 37,2.0 48,11.0 73,12.0 74,2.0 75,30.0 87,6.0 88,4.0 89,4.0 90,10.0 95,2.0 96,9.0 100,7.0 138,2.0 139,2.0 140,2.0 141,2.0 150,2.0 151,2.0 152,2.0 164,1.0 
5,2.0 6,2.0 7,15.0 11,17.0 14,2.0 18,30.0 21,4.0 27,2.0 28,4.0 31,1.0 37,2.0 48,4.0 74,12.0 76,8.0 77,8.0 84,2.0 88,6.0 89,4.0 90,5.0 91,4.0 92,4.0 95,2.0 96,8.0 100,9.0 117,2.0 124,2.0 125,2.0 132,2.0 133,1.0 136,1.0 149,2.0 150,2.0 151,4.0 152,2.0 153,2.0 156,2.0 
77,8.0 78,8.0 113,4.0 129,4.0 139,4.0 142,4.0 143,4.0 153,4.0 
54,2.0 71,2.0 72,2.0 73,2.0 76,8.0 78,8.0 84,2.0 85,2.0 
27,4.0 73,8.0 79,8.0 80,16.0 81,4.0 82,4.0 83,4.0 
78,8.0 80,8.0 
7,2.0 11,1.0 27,8.0 31,1.0 54,2.0 71,2.0 73,8.0 75,2.0 78,8.0 79,8.0 81,8.0 82,8.0 83,8.0 86,2.0 
27,8.0 71,6.0 73,4.0 77,2.0 80,4.0 82,8.0 83,8.0 84,4.0 85,2.0 86,2.0 
27,8.0 71,6.0 73,4.0 77,2.0 80,4.0 81,8.0 83,8.0 84,4.0 85,2.0 86,2.0 
27,8.0 71,6.0 73,4.0 77,2.0 80,4.0 81,8.0 82,8.0 84,4.0 85,2.0 86,2.0 
54,4.0 71,4.0 72,4.0 73,4.0 77,2.0 85,2.0 133,2.0 
54,2.0 71,2.0 72,2.0 73,2.0 77,2.0 84,2.0 
73,6.0 74,4.0 87,6.0 97,2.0 98,2.0 
18,4.0 39,2.0 73,6.0 74,6.0 75,6.0 88,4.0 
18,6.0 39,2.0 73,2.0 74,6.0 75,6.0 89,4.0 90,4.0 95,4.0 96,2.0 181,1.0 
7,6.0 8,4.0 12,2.0 28,8.0 39,2.0 54,1.0 72,1.0 74,4.0 75,4.0 90,6.0 99,2.0 126,4.0 
5,1.0 7,10.0 12,2.0 28,4.0 37,2.0 54,2.0 74,12.0 75,9.0 89,6.0 99,2.0 100,2.0 138,2.0 139,2.0 140,2.0 141,2.0 
92,4.0 93,4.0 108,2.0 138,2.0 155,2.0 156,2.0 
91,4.0 93,4.0 
18,2.0 39,2.0 73,2.0 75,2.0 88,4.0 94,4.0 95,4.0 
93,4.0 95,4.0 
74,2.0 86,2.0 93,4.0 94,4.0 96,4.0 
7,4.0 9,2.0 11,3.0 18,8.0 21,2.0 37,4.0 74,6.0 75,8.0 86,4.0 95,2.0 97,2.0 98,2.0 117,2.0 123,2.0 135,1.0 137,1.0 
73,2.0 74,2.0 86,2.0 87,2.0 98,2.0 
73,2.0 74,2.0 86,2.0 87,2.0 97,2.0 
12,2.0 89,2.0 90,2.0 
7,5.0 8,2.0 11,5.0 18,3.0 48,4.0 74,7.0 75,10.0 90,3.0 124,2.0 136,1.0 149,2.0 150,2.0 151,2.0 152,2.0 164,1.0 
34,1.0 102,1.0 105,1.0 165,2.0 
6,1.0 34,1.0 103,1.0 104,1.0 
6,1.0 11,2.0 37,1.0 104,2.0 106,1.0 
6,1.0 11,2.0 37,1.0 103,2.0 106,1.0 
37,1.0 103,1.0 104,1.0 106,1.0 
11,1.0 37,1.0 103,1.0 104,1.0 
10,4.0 107,2.0 111,4.0 131,2.0 
109,2.0 138,4.0 157,4.0 
7,2.0 8,2.0 28,2.0 39,2.0 89,2.0 110,2.0 
7,2.0 8,2.0 28,2.0 39,2.0 107,2.0 
112,4.0 
113,4.0 128,2.0 
30,4.0 72,1.0 89,3.0 126,2.0 138,1.0 140,2.0 143,4.0 144,2.0 148,4.0 
8,4.0 11,4.0 18,4.0 
53,1.0 116,4.0 
18,4.0 75,4.0 96,4.0 
72,2.0 127,2.0 176,1.0 
8,2.0 37,2.0 39,2.0 119,2.0 
120,2.0 
76,2.0 121,2.0 153,2.0 154,2.0 
122,2.0 
62,2.0 
6,2.0 18,2.0 75,2.0 
7,2.0 11,2.0 75,2.0 125,2.0 
1,2.0 
7,2.0 8,6.0 19,2.0 28,4.0 39,4.0 89,2.0 107,2.0 165,1.0 
112,2.0 
129,2.0 
7,2.0 14,2.0 27,2.0 37,2.0 75,2.0 76,4.0 113,1.0 138,1.0 139,4.0 147,1.0 157,1.0 
107,2.0 
9,1.0 12,2.0 18,2.0 37,2.0 100,2.0 
11,2.0 18,2.0 75,2.0 
10,1.0 131,2.0 
9,2.0 
9,1.0 
5,1.0 7,1.0 75,1.0 
11,1.0 18,1.0 75,1.0 
72,1.0 76,4.0 89,1.0 108,4.0 113,1.0 139,4.0 140,4.0 141,4.0 142,4.0 157,4.0 
8,1.0 19,2.0 39,1.0 76,4.0 126,2.0 138,4.0 140,4.0 141,4.0 142,4.0 144,2.0 162,2.0 
76,4.0 120,2.0 138,4.0 139,4.0 141,4.0 142,4.0 144,2.0 154,2.0 
76,4.0 138,4.0 139,4.0 140,4.0 142,4.0 
76,4.0 143,4.0 
113,4.0 144,4.0 145,4.0 148,4.0 
11,4.0 120,2.0 140,2.0 145,4.0 154,4.0 162,2.0 163,2.0 
11,4.0 144,4.0 
21,4.0 113,4.0 143,4.0 147,4.0 
21,4.0 113,5.0 129,1.0 138,1.0 143,4.0 146,4.0 157,1.0 
74,4.0 90,4.0 167,7.0 173,1.0 174,1.0 
74,2.0 90,2.0 100,2.0 
76,2.0 151,2.0 152,2.0 153,2.0 
76,4.0 129,2.0 150,2.0 152,2.0 153,4.0 156,2.0 
37,1.0 76,2.0 150,2.0 151,2.0 153,2.0 
76,6.0 113,4.0 129,2.0 151,2.0 156,2.0 
76,4.0 120,2.0 129,2.0 153,2.0 163,2.0 
91,2.0 108,2.0 138,2.0 156,2.0 
76,2.0 91,2.0 108,2.0 129,2.0 138,2.0 151,2.0 153,2.0 155,2.0 
74,2.0 100,2.0 113,1.0 129,1.0 138,1.0 147,1.0 158,2.0 159,2.0 
159,2.0 160,2.0 161,2.0 
158,2.0 160,2.0 161,2.0 
108,2.0 138,2.0 161,2.0 
108,2.0 138,2.0 160,2.0 
144,2.0 154,2.0 163,2.0 
30,1.0 76,2.0 129,2.0 154,2.0 173,1.0 182,1.0 
48,1.0 138,1.0 139,1.0 140,1.0 141,1.0 
11,2.0 101,2.0 172,1.0 
148,3.0 170,1.0 
18,1.0 30,5.0 39,1.0 115,1.0 117,1.0 131,1.0 174,1.0 175,1.0 177,1.0 183,1.0 
169,4.0 
62,1.0 96,3.0 
37,1.0 166,1.0 171,1.0 
37,1.0 165,1.0 
11,1.0 148,1.0 
30,1.0 148,1.0 163,1.0 182,1.0 
167,1.0 175,1.0 
152,1.0 
148,3.0 
176,1.0 
179,2.0 
178,1.0 180,1.0 
88,1.0 
33,1.0 
30,1.0 163,1.0 173,1.0 
18,1.0 30,1.0 39,1.0 167,1.0 
