1,12.0 4,1.0 11,3.0 12,3.0 16,1.0 19,1.0 28,3.0 30,1.0 37,4.0 43,1.0 46,1.0 68,1.0 133,1.0 
0,8.0 2,10.0 10,1.0 11,15.0 12,3.0 13,1.0 17,7.0 22,1.0 28,28.0 29,4.0 30,4.0 32,2.0 33,2.0 34,1.0 35,2.0 36,1.0 37,4.0 40,2.0 43,16.0 47,6.0 48,5.0 50,1.0 51,6.0 53,18.0 54,1.0 77,1.0 79,2.0 80,2.0 83,1.0 84,1.0 85,2.0 86,2.0 89,1.0 103,1.0 108,2.0 109,1.0 110,1.0 174,1.0 207,2.0 208,3.0 
1,2.0 3,9.0 11,1.0 12,1.0 13,4.0 14,1.0 18,1.0 40,7.0 41,2.0 48,2.0 51,2.0 53,2.0 79,1.0 80,1.0 81,2.0 85,4.0 86,2.0 93,1.0 108,4.0 137,1.0 150,1.0 165,2.0 202,1.0 204,1.0 209,1.0 
1,5.0 2,1.0 4,21.0 5,1.0 6,4.0 7,2.0 8,3.0 9,3.0 10,8.0 11,4.0 14,6.0 15,2.0 16,2.0 28,5.0 31,3.0 41,4.0 43,7.0 46,2.0 48,1.0 49,2.0 51,15.0 53,5.0 57,5.0 58,5.0 75,1.0 85,1.0 103,1.0 115,1.0 117,1.0 175,1.0 176,1.0 229,1.0 
0,1.0 3,23.0 5,1.0 6,4.0 7,2.0 8,3.0 9,3.0 11,1.0 13,3.0 14,5.0 15,4.0 16,1.0 30,1.0 31,3.0 41,2.0 43,6.0 46,1.0 93,3.0 117,1.0 140,1.0 170,1.0 
3,1.0 6,1.0 7,1.0 8,1.0 9,1.0 10,1.0 13,2.0 15,2.0 30,1.0 58,1.0 62,1.0 63,1.0 75,2.0 93,1.0 96,2.0 222,1.0 225,1.0 
2,1.0 3,5.0 4,2.0 5,1.0 7,2.0 8,3.0 9,3.0 10,2.0 12,1.0 16,1.0 31,4.0 63,1.0 116,1.0 117,2.0 118,2.0 153,1.0 220,1.0 221,1.0 
3,2.0 4,1.0 5,1.0 6,2.0 8,1.0 9,2.0 10,1.0 31,1.0 
3,3.0 4,1.0 5,1.0 6,3.0 7,1.0 9,2.0 10,2.0 31,2.0 117,1.0 
3,3.0 4,2.0 5,1.0 6,3.0 7,2.0 8,2.0 10,1.0 19,1.0 31,2.0 47,1.0 48,1.0 231,1.0 239,1.0 
1,2.0 2,1.0 11,9.0 12,1.0 16,4.0 17,2.0 18,1.0 24,1.0 26,1.0 40,1.0 46,2.0 48,1.0 49,2.0 51,2.0 77,1.0 103,1.0 109,1.0 110,1.0 125,1.0 126,1.0 
0,3.0 1,7.0 2,3.0 3,4.0 5,2.0 12,18.0 13,24.0 14,4.0 15,13.0 16,3.0 17,14.0 18,4.0 19,9.0 24,1.0 25,1.0 28,1.0 30,1.0 40,1.0 49,4.0 51,13.0 57,3.0 58,3.0 75,4.0 76,2.0 77,2.0 79,2.0 80,1.0 81,2.0 82,1.0 85,1.0 89,4.0 93,3.0 96,2.0 105,1.0 115,1.0 186,2.0 192,1.0 200,1.0 201,1.0 208,1.0 228,1.0 229,1.0 235,1.0 
0,3.0 1,3.0 2,1.0 5,1.0 10,2.0 11,23.0 13,2.0 14,1.0 17,8.0 18,7.0 24,1.0 26,1.0 40,1.0 49,2.0 51,2.0 58,1.0 80,1.0 81,1.0 82,1.0 93,6.0 94,2.0 95,2.0 121,1.0 122,1.0 123,1.0 124,1.0 125,1.0 126,1.0 127,1.0 131,1.0 132,1.0 137,1.0 150,1.0 155,1.0 225,1.0 
2,2.0 3,3.0 4,1.0 5,2.0 11,8.0 12,1.0 14,9.0 15,16.0 17,2.0 19,10.0 20,2.0 21,6.0 40,1.0 43,2.0 47,1.0 48,4.0 49,1.0 51,4.0 53,2.0 59,1.0 60,1.0 61,1.0 63,2.0 75,3.0 79,2.0 84,1.0 85,2.0 86,1.0 87,1.0 89,6.0 90,1.0 91,1.0 92,1.0 93,1.0 96,2.0 117,2.0 119,1.0 130,1.0 163,2.0 164,2.0 202,1.0 204,1.0 207,1.0 208,1.0 209,1.0 212,1.0 213,1.0 214,1.0 215,1.0 236,1.0 237,1.0 
1,2.0 3,6.0 4,4.0 6,1.0 10,2.0 11,4.0 13,2.0 15,51.0 16,10.0 17,11.0 19,1.0 20,10.0 21,4.0 26,8.0 28,2.0 30,1.0 33,1.0 41,1.0 42,1.0 43,2.0 47,4.0 48,42.0 51,1.0 53,7.0 54,5.0 55,4.0 56,4.0 58,4.0 59,8.0 60,8.0 61,8.0 62,3.0 63,4.0 64,3.0 68,4.0 69,1.0 70,1.0 71,1.0 72,1.0 75,4.0 76,2.0 77,2.0 78,1.0 79,3.0 80,1.0 89,3.0 96,1.0 118,1.0 121,1.0 122,1.0 123,2.0 124,1.0 134,1.0 135,1.0 143,1.0 153,1.0 170,1.0 175,1.0 176,1.0 191,3.0 195,3.0 196,2.0 197,2.0 216,1.0 217,1.0 218,1.0 227,1.0 228,2.0 230,1.0 236,1.0 237,1.0 
3,4.0 4,4.0 11,14.0 12,2.0 13,6.0 14,59.0 19,1.0 20,8.0 21,11.0 26,3.0 41,1.0 42,1.0 47,2.0 48,1.0 50,2.0 52,2.0 54,1.0 59,3.0 60,3.0 61,3.0 72,1.0 75,1.0 79,1.0 80,1.0 85,1.0 89,1.0 93,2.0 94,1.0 96,1.0 119,1.0 120,1.0 143,1.0 186,3.0 187,3.0 216,1.0 217,1.0 218,1.0 226,1.0 227,1.0 
0,1.0 4,1.0 5,1.0 10,4.0 11,3.0 12,1.0 13,2.0 14,7.0 15,2.0 17,7.0 18,3.0 19,1.0 30,5.0 32,1.0 43,1.0 46,1.0 47,1.0 48,2.0 49,3.0 50,10.0 51,1.0 62,1.0 63,1.0 74,1.0 75,1.0 76,1.0 77,3.0 78,2.0 79,3.0 84,1.0 89,3.0 100,1.0 101,1.0 102,1.0 103,1.0 104,1.0 105,1.0 106,1.0 107,2.0 166,1.0 222,1.0 223,1.0 224,1.0 228,1.0 
1,5.0 11,14.0 12,4.0 13,9.0 16,1.0 18,17.0 19,18.0 20,2.0 21,1.0 28,5.0 30,2.0 35,2.0 43,9.0 44,3.0 47,23.0 48,42.0 53,5.0 55,3.0 56,3.0 58,2.0 62,2.0 63,2.0 64,1.0 65,2.0 66,1.0 67,1.0 68,2.0 71,1.0 84,1.0 86,1.0 89,1.0 97,1.0 98,1.0 105,1.0 115,2.0 136,1.0 141,1.0 142,1.0 143,1.0 162,1.0 188,1.0 189,1.0 190,2.0 191,2.0 192,1.0 193,3.0 194,3.0 198,1.0 199,1.0 212,1.0 213,1.0 227,2.0 240,1.0 241,1.0 
2,1.0 11,7.0 12,7.0 16,1.0 17,19.0 19,4.0 21,1.0 24,1.0 25,1.0 26,1.0 29,2.0 30,1.0 40,1.0 48,4.0 50,2.0 53,1.0 68,1.0 79,2.0 84,1.0 88,1.0 118,1.0 131,1.0 149,1.0 150,1.0 151,1.0 153,1.0 172,1.0 173,1.0 191,2.0 205,2.0 206,2.0 227,1.0 240,1.0 241,1.0 
0,1.0 1,1.0 9,1.0 11,2.0 13,10.0 14,2.0 15,6.0 17,6.0 20,11.0 21,6.0 37,1.0 43,1.0 47,18.0 48,5.0 50,1.0 53,2.0 54,1.0 68,2.0 74,1.0 75,1.0 78,2.0 88,1.0 103,1.0 105,1.0 107,1.0 109,1.0 110,1.0 111,1.0 133,1.0 157,1.0 158,1.0 162,1.0 170,1.0 207,1.0 208,1.0 219,1.0 221,1.0 228,1.0 231,1.0 238,1.0 239,2.0 242,1.0 
4,2.0 14,10.0 15,6.0 19,2.0 20,1.0 21,10.0 22,3.0 47,8.0 48,4.0 50,1.0 51,1.0 53,1.0 54,1.0 167,1.0 169,1.0 170,1.0 
13,1.0 14,8.0 15,11.0 18,1.0 19,3.0 20,12.0 22,1.0 47,3.0 50,1.0 51,1.0 52,2.0 81,1.0 85,1.0 103,1.0 104,1.0 105,1.0 146,1.0 147,1.0 148,1.0 149,1.0 150,1.0 151,1.0 
1,3.0 23,9.0 24,1.0 25,1.0 26,1.0 27,1.0 28,3.0 29,1.0 30,1.0 159,1.0 160,1.0 
22,7.0 24,3.0 25,3.0 26,3.0 27,3.0 
1,3.0 2,1.0 10,1.0 11,2.0 18,1.0 21,1.0 22,3.0 23,1.0 25,6.0 26,6.0 27,4.0 28,3.0 29,2.0 40,1.0 47,1.0 79,1.0 80,1.0 82,1.0 89,1.0 125,1.0 126,2.0 131,1.0 144,1.0 145,1.0 149,1.0 150,1.0 
1,3.0 11,1.0 18,1.0 19,1.0 21,1.0 22,3.0 23,1.0 24,6.0 26,5.0 27,5.0 28,3.0 29,2.0 47,1.0 50,1.0 79,1.0 80,1.0 82,1.0 131,1.0 149,1.0 150,1.0 154,1.0 155,1.0 
1,6.0 2,1.0 10,1.0 11,1.0 14,3.0 17,3.0 18,1.0 21,1.0 22,3.0 23,1.0 24,6.0 25,5.0 27,4.0 28,6.0 29,2.0 40,1.0 43,4.0 47,1.0 48,8.0 53,4.0 59,8.0 60,8.0 61,8.0 125,1.0 126,1.0 131,1.0 149,1.0 150,1.0 
1,2.0 19,1.0 20,1.0 22,3.0 23,1.0 24,4.0 25,5.0 26,4.0 28,2.0 29,2.0 47,2.0 50,1.0 126,1.0 154,1.0 155,1.0 171,1.0 
0,2.0 1,29.0 2,2.0 11,9.0 17,7.0 22,1.0 29,4.0 30,4.0 32,2.0 33,2.0 34,1.0 35,2.0 37,2.0 38,3.0 39,2.0 40,4.0 43,16.0 47,6.0 48,4.0 50,1.0 51,5.0 53,17.0 54,1.0 79,2.0 80,2.0 83,1.0 84,1.0 174,1.0 207,2.0 208,1.0 243,1.0 
0,1.0 1,2.0 17,2.0 22,1.0 24,1.0 25,1.0 26,1.0 27,1.0 28,2.0 30,4.0 32,2.0 33,2.0 34,1.0 35,2.0 36,2.0 37,2.0 47,3.0 105,1.0 162,1.0 174,1.0 
0,2.0 11,2.0 13,1.0 16,9.0 17,2.0 19,1.0 29,3.0 32,3.0 33,2.0 34,1.0 35,2.0 36,2.0 37,2.0 49,1.0 50,1.0 73,2.0 74,2.0 139,1.0 174,1.0 197,1.0 
2,1.0 3,3.0 4,2.0 6,4.0 7,1.0 8,2.0 9,2.0 10,1.0 116,1.0 117,2.0 118,1.0 
14,1.0 16,1.0 17,1.0 29,2.0 30,2.0 33,2.0 34,1.0 35,2.0 36,2.0 37,2.0 68,1.0 74,3.0 111,1.0 174,1.0 188,1.0 189,1.0 
16,1.0 29,2.0 30,2.0 32,2.0 34,1.0 35,2.0 36,2.0 37,2.0 174,1.0 228,1.0 230,1.0 
29,1.0 30,1.0 32,1.0 33,1.0 35,1.0 36,1.0 37,1.0 
17,2.0 29,2.0 30,2.0 32,2.0 33,2.0 34,1.0 36,2.0 37,2.0 48,3.0 53,1.0 54,1.0 65,3.0 66,1.0 67,1.0 84,1.0 97,1.0 98,1.0 174,1.0 
28,3.0 37,3.0 38,3.0 
0,4.0 1,3.0 19,1.0 28,6.0 36,3.0 38,3.0 68,1.0 133,1.0 
28,3.0 39,2.0 40,2.0 207,1.0 243,1.0 
40,2.0 41,2.0 42,2.0 
2,7.0 3,2.0 11,1.0 12,1.0 13,2.0 18,1.0 19,1.0 39,2.0 41,4.0 42,2.0 48,2.0 53,2.0 79,1.0 80,1.0 93,1.0 150,1.0 202,1.0 204,1.0 209,1.0 
3,4.0 4,2.0 10,2.0 14,1.0 15,1.0 42,5.0 43,4.0 44,2.0 45,2.0 46,4.0 80,1.0 216,1.0 217,1.0 218,1.0 
14,1.0 41,4.0 43,2.0 44,2.0 45,2.0 46,2.0 48,1.0 217,1.0 218,1.0 
0,1.0 1,16.0 3,2.0 4,6.0 11,9.0 13,3.0 16,1.0 17,9.0 28,16.0 30,1.0 41,4.0 42,2.0 44,6.0 46,1.0 47,8.0 48,4.0 51,5.0 53,16.0 93,3.0 140,1.0 162,1.0 170,1.0 219,1.0 
17,1.0 41,2.0 42,2.0 43,6.0 47,3.0 
1,2.0 28,2.0 46,2.0 
0,1.0 1,4.0 4,1.0 10,2.0 11,2.0 16,1.0 28,2.0 30,1.0 43,1.0 45,2.0 
1,2.0 9,1.0 11,1.0 15,1.0 16,3.0 17,28.0 19,19.0 20,1.0 21,2.0 24,1.0 25,1.0 26,1.0 27,2.0 28,1.0 29,4.0 30,3.0 32,1.0 33,1.0 35,3.0 47,1.0 48,7.0 51,1.0 52,2.0 53,1.0 65,2.0 66,1.0 67,1.0 68,6.0 75,2.0 79,1.0 81,2.0 88,1.0 97,1.0 98,1.0 107,2.0 115,2.0 126,1.0 171,1.0 174,1.0 190,2.0 191,2.0 192,2.0 207,1.0 208,1.0 219,1.0 221,2.0 228,1.0 231,1.0 239,3.0 242,2.0 244,1.0 245,1.0 246,1.0 247,1.0 248,1.0 249,1.0 
1,9.0 2,2.0 10,2.0 11,1.0 13,6.0 14,40.0 16,14.0 17,26.0 18,1.0 19,3.0 28,8.0 30,2.0 32,1.0 36,1.0 37,1.0 40,2.0 43,13.0 44,4.0 47,18.0 49,2.0 50,8.0 51,4.0 53,18.0 54,7.0 55,4.0 56,4.0 58,4.0 62,4.0 63,4.0 64,3.0 68,6.0 69,3.0 70,3.0 71,2.0 72,3.0 74,1.0 77,1.0 79,7.0 81,2.0 84,3.0 85,3.0 86,4.0 87,2.0 88,1.0 94,1.0 99,1.0 103,1.0 108,1.0 115,1.0 116,1.0 120,1.0 123,2.0 124,1.0 129,2.0 134,2.0 135,2.0 136,1.0 143,1.0 162,1.0 170,1.0 188,2.0 189,2.0 190,1.0 191,5.0 195,3.0 198,2.0 199,2.0 205,1.0 206,1.0 207,1.0 208,1.0 210,1.0 211,1.0 212,1.0 213,1.0 219,2.0 227,1.0 
1,1.0 3,1.0 4,1.0 6,1.0 10,1.0 11,5.0 12,9.0 17,1.0 18,2.0 50,8.0 75,1.0 77,3.0 81,1.0 82,1.0 84,1.0 85,1.0 86,2.0 100,1.0 101,1.0 102,1.0 103,4.0 104,1.0 108,2.0 111,2.0 113,1.0 114,1.0 115,1.0 131,1.0 132,1.0 150,1.0 155,1.0 220,1.0 221,1.0 234,1.0 
1,2.0 11,1.0 12,2.0 14,1.0 15,3.0 16,8.0 17,4.0 18,6.0 19,2.0 21,1.0 25,1.0 27,1.0 28,1.0 30,1.0 32,1.0 48,6.0 49,9.0 50,6.0 53,1.0 66,1.0 67,1.0 74,1.0 77,3.0 78,1.0 79,2.0 80,1.0 83,1.0 84,4.0 85,1.0 86,1.0 100,1.0 101,1.0 102,1.0 103,3.0 104,2.0 105,1.0 106,1.0 107,1.0 108,1.0 111,3.0 112,1.0 113,1.0 114,1.0 115,1.0 154,1.0 155,1.0 156,1.0 186,1.0 192,1.0 202,1.0 203,1.0 204,1.0 
1,8.0 2,4.0 3,13.0 6,1.0 10,2.0 11,10.0 12,1.0 13,4.0 16,2.0 21,1.0 28,8.0 40,1.0 43,8.0 47,1.0 48,4.0 49,6.0 50,1.0 53,11.0 57,8.0 58,8.0 59,1.0 60,1.0 61,1.0 77,1.0 79,1.0 80,1.0 81,5.0 85,3.0 86,2.0 103,1.0 108,4.0 150,1.0 165,2.0 202,1.0 204,1.0 207,1.0 208,1.0 209,1.0 
17,2.0 47,1.0 52,1.0 256,3.0 257,3.0 258,1.0 259,3.0 260,3.0 261,2.0 
1,18.0 2,3.0 11,8.0 13,4.0 14,5.0 15,5.0 17,7.0 18,2.0 28,17.0 36,1.0 37,1.0 40,3.0 43,16.0 47,5.0 48,8.0 49,1.0 50,1.0 51,9.0 53,1.0 54,11.0 80,2.0 81,1.0 83,1.0 84,1.0 149,1.0 150,2.0 156,1.0 172,1.0 202,1.0 204,1.0 207,3.0 208,3.0 209,1.0 216,1.0 
13,1.0 14,5.0 15,5.0 18,1.0 19,1.0 48,3.0 50,1.0 53,11.0 80,1.0 84,1.0 85,1.0 94,1.0 120,1.0 149,1.0 150,1.0 156,1.0 172,1.0 216,1.0 
17,3.0 43,4.0 44,4.0 48,4.0 56,4.0 
17,3.0 43,4.0 44,4.0 48,4.0 55,4.0 
3,8.0 4,5.0 51,3.0 58,8.0 
3,8.0 4,5.0 5,1.0 17,4.0 43,1.0 47,1.0 48,4.0 51,3.0 57,8.0 62,3.0 63,3.0 64,3.0 71,1.0 93,1.0 115,1.0 162,1.0 190,1.0 191,1.0 225,1.0 227,1.0 
1,4.0 13,1.0 14,3.0 17,3.0 26,8.0 28,4.0 43,4.0 48,9.0 53,4.0 60,9.0 61,9.0 
1,4.0 13,1.0 14,3.0 17,3.0 26,8.0 28,4.0 43,4.0 48,9.0 53,4.0 59,9.0 61,9.0 
1,4.0 13,1.0 14,3.0 17,3.0 26,8.0 28,4.0 43,4.0 48,9.0 53,4.0 59,9.0 60,9.0 
5,1.0 17,3.0 30,1.0 47,2.0 48,3.0 58,3.0 63,5.0 64,3.0 115,1.0 190,1.0 191,1.0 222,1.0 
5,1.0 6,1.0 11,2.0 16,1.0 17,3.0 30,1.0 47,2.0 48,3.0 58,3.0 62,5.0 64,3.0 115,1.0 117,2.0 118,1.0 153,1.0 163,2.0 164,2.0 190,1.0 191,1.0 222,1.0 
17,3.0 47,1.0 48,3.0 58,3.0 62,3.0 63,3.0 115,1.0 190,1.0 191,1.0 
17,2.0 35,3.0 48,3.0 53,1.0 54,1.0 66,1.0 67,1.0 84,1.0 97,1.0 98,1.0 
17,1.0 35,2.0 48,1.0 65,2.0 67,1.0 83,1.0 84,1.0 
17,1.0 35,1.0 48,1.0 49,1.0 50,2.0 65,1.0 66,1.0 111,1.0 112,1.0 
0,1.0 17,1.0 18,1.0 19,3.0 30,2.0 37,1.0 47,3.0 48,10.0 50,1.0 67,1.0 69,2.0 70,2.0 71,1.0 72,2.0 73,2.0 74,1.0 84,1.0 111,1.0 112,1.0 133,1.0 139,1.0 197,1.0 219,1.0 
19,1.0 30,1.0 48,1.0 68,2.0 70,3.0 71,1.0 72,3.0 73,1.0 99,1.0 219,1.0 
19,1.0 30,1.0 48,1.0 68,2.0 69,3.0 71,1.0 72,3.0 73,1.0 99,1.0 219,1.0 
17,1.0 30,1.0 43,1.0 48,1.0 58,1.0 68,1.0 69,1.0 70,1.0 72,1.0 73,1.0 162,1.0 227,1.0 
19,1.0 30,1.0 48,1.0 50,1.0 68,2.0 69,3.0 70,3.0 71,1.0 73,1.0 99,1.0 219,1.0 226,1.0 227,1.0 
16,2.0 30,2.0 32,1.0 74,2.0 139,1.0 197,1.0 
14,1.0 16,2.0 17,1.0 30,1.0 32,3.0 68,1.0 73,1.0 78,1.0 79,1.0 111,2.0 139,1.0 188,1.0 189,1.0 197,1.0 
1,1.0 5,2.0 11,1.0 13,3.0 14,3.0 15,3.0 16,3.0 19,1.0 47,1.0 48,1.0 49,1.0 53,1.0 76,2.0 77,2.0 78,1.0 85,1.0 96,3.0 103,1.0 107,1.0 143,1.0 207,1.0 208,1.0 221,1.0 236,1.0 237,1.0 239,1.0 242,1.0 
14,2.0 16,2.0 75,2.0 77,2.0 78,1.0 
10,1.0 12,1.0 14,2.0 16,2.0 49,3.0 50,3.0 51,1.0 75,2.0 76,2.0 78,1.0 86,2.0 103,4.0 104,1.0 105,1.0 106,1.0 107,1.0 108,2.0 109,1.0 110,1.0 
50,4.0 74,1.0 79,1.0 111,1.0 115,1.0 186,1.0 192,1.0 
1,2.0 11,2.0 15,3.0 18,3.0 28,2.0 47,1.0 48,11.0 50,2.0 51,1.0 80,2.0 81,1.0 82,1.0 89,2.0 93,4.0 115,1.0 118,1.0 123,1.0 124,1.0 129,1.0 143,1.0 153,1.0 186,1.0 192,1.0 202,1.0 203,1.0 204,1.0 219,3.0 
1,2.0 2,1.0 11,1.0 14,1.0 15,1.0 28,2.0 40,1.0 41,1.0 42,1.0 50,1.0 51,1.0 53,2.0 54,1.0 79,3.0 81,1.0 93,1.0 150,1.0 216,2.0 217,1.0 218,1.0 
2,1.0 11,2.0 12,1.0 15,1.0 24,1.0 25,1.0 48,2.0 51,6.0 53,1.0 79,1.0 80,1.0 82,1.0 115,1.0 186,2.0 192,1.0 200,1.0 201,1.0 
1,1.0 2,1.0 11,1.0 12,1.0 13,2.0 24,1.0 25,1.0 28,1.0 40,1.0 43,1.0 79,1.0 80,2.0 93,1.0 131,1.0 132,2.0 137,1.0 138,1.0 139,1.0 150,1.0 155,1.0 
1,1.0 28,1.0 35,1.0 53,1.0 54,1.0 65,1.0 66,1.0 84,2.0 
16,2.0 17,1.0 18,3.0 25,1.0 27,1.0 35,1.0 48,3.0 50,1.0 53,2.0 54,2.0 65,1.0 79,2.0 85,2.0 86,2.0 87,2.0 88,2.0 123,1.0 128,1.0 129,1.0 130,1.0 154,1.0 155,1.0 
1,2.0 2,4.0 11,1.0 13,1.0 19,1.0 21,1.0 48,2.0 49,2.0 50,1.0 51,2.0 54,1.0 75,1.0 79,1.0 81,1.0 84,2.0 86,4.0 87,2.0 88,2.0 94,1.0 103,2.0 104,1.0 106,1.0 107,1.0 108,4.0 120,1.0 152,1.0 165,2.0 
2,2.0 12,1.0 16,1.0 48,2.0 49,2.0 50,1.0 51,2.0 77,2.0 81,1.0 84,2.0 85,4.0 87,2.0 88,2.0 103,2.0 108,4.0 212,1.0 213,1.0 
48,1.0 84,2.0 85,2.0 86,2.0 88,2.0 
17,1.0 18,2.0 27,1.0 47,1.0 126,1.0 166,1.0 171,1.0 191,1.0 205,1.0 206,1.0 219,1.0 231,1.0 
0,1.0 4,3.0 5,1.0 11,1.0 12,2.0 15,4.0 16,2.0 43,3.0 46,1.0 47,1.0 48,4.0 51,1.0 62,1.0 63,1.0 79,2.0 90,1.0 91,1.0 92,1.0 93,5.0 105,1.0 107,1.0 130,1.0 144,1.0 145,1.0 166,1.0 170,1.0 208,1.0 212,1.0 213,1.0 214,1.0 215,1.0 222,1.0 223,1.0 224,1.0 232,1.0 233,1.0 
4,1.0 43,1.0 89,1.0 91,1.0 92,1.0 93,1.0 
4,1.0 43,1.0 89,1.0 90,1.0 92,1.0 93,1.0 
4,1.0 43,1.0 89,1.0 90,1.0 91,1.0 93,1.0 
2,1.0 4,2.0 12,6.0 13,5.0 16,1.0 24,1.0 40,1.0 43,2.0 48,1.0 49,2.0 79,1.0 80,1.0 81,1.0 82,1.0 89,2.0 104,1.0 110,1.0 118,1.0 126,1.0 129,1.0 131,1.0 132,2.0 134,1.0 135,1.0 136,1.0 137,1.0 138,1.0 139,1.0 140,1.0 144,1.0 145,1.0 150,1.0 152,1.0 153,1.0 166,1.0 170,1.0 220,1.0 232,1.0 233,1.0 
11,2.0 19,1.0 48,1.0 54,1.0 85,1.0 95,2.0 120,1.0 
11,2.0 94,2.0 
5,2.0 13,2.0 14,1.0 15,2.0 16,1.0 75,3.0 143,1.0 
17,1.0 35,1.0 48,1.0 65,1.0 98,1.0 
17,1.0 35,1.0 48,1.0 65,1.0 97,1.0 
19,1.0 69,1.0 70,1.0 72,1.0 
49,1.0 50,1.0 101,1.0 102,1.0 
49,1.0 50,1.0 100,1.0 102,1.0 
49,1.0 50,1.0 100,1.0 101,1.0 
10,1.0 11,1.0 12,1.0 21,1.0 49,4.0 50,4.0 51,1.0 75,1.0 77,4.0 85,2.0 86,2.0 104,2.0 108,2.0 109,2.0 110,2.0 
12,1.0 21,1.0 49,1.0 50,2.0 77,1.0 85,1.0 103,2.0 110,1.0 152,1.0 166,1.0 
21,2.0 47,1.0 48,1.0 50,1.0 68,1.0 77,1.0 89,1.0 106,1.0 107,1.0 146,1.0 147,1.0 148,1.0 
49,1.0 50,1.0 77,1.0 85,1.0 105,1.0 107,2.0 152,1.0 
1,1.0 19,1.0 47,1.0 48,1.0 49,1.0 50,1.0 53,1.0 75,1.0 77,1.0 85,1.0 89,1.0 93,1.0 105,1.0 106,2.0 152,1.0 166,1.0 207,1.0 208,1.0 221,1.0 223,1.0 224,1.0 239,1.0 242,1.0 
1,2.0 2,4.0 12,1.0 49,2.0 50,1.0 51,2.0 77,2.0 81,1.0 85,4.0 86,4.0 103,2.0 165,2.0 
10,1.0 50,1.0 51,1.0 77,1.0 103,2.0 110,2.0 
10,1.0 12,1.0 50,1.0 51,1.0 77,1.0 103,2.0 104,1.0 109,2.0 152,1.0 166,1.0 
32,1.0 49,1.0 50,3.0 67,1.0 68,1.0 74,2.0 78,1.0 79,1.0 112,1.0 113,1.0 114,1.0 
49,1.0 50,2.0 67,1.0 111,1.0 
19,1.0 114,1.0 
19,1.0 113,1.0 
6,1.0 11,2.0 17,1.0 31,1.0 47,2.0 50,1.0 79,1.0 81,1.0 116,1.0 117,1.0 118,1.0 186,4.0 190,2.0 191,2.0 192,5.0 200,1.0 201,1.0 
2,1.0 6,1.0 18,1.0 31,1.0 117,1.0 118,1.0 210,1.0 211,1.0 
2,1.0 3,1.0 6,2.0 8,1.0 10,1.0 11,2.0 31,2.0 63,2.0 116,1.0 118,1.0 163,2.0 164,2.0 
2,1.0 6,2.0 16,1.0 18,1.0 19,1.0 31,1.0 63,1.0 79,1.0 116,1.0 117,1.0 153,3.0 220,1.0 
15,1.0 48,1.0 54,1.0 85,1.0 94,1.0 120,1.0 
19,1.0 48,1.0 54,1.0 85,1.0 94,1.0 
14,1.0 15,1.0 122,1.0 123,1.0 124,1.0 
14,1.0 15,1.0 121,1.0 123,1.0 124,1.0 
14,2.0 15,2.0 48,1.0 50,1.0 84,1.0 121,1.0 122,1.0 124,2.0 128,1.0 129,2.0 130,1.0 134,1.0 135,1.0 143,1.0 170,1.0 
14,1.0 15,1.0 48,1.0 84,1.0 121,1.0 122,1.0 123,2.0 129,1.0 143,1.0 
2,1.0 10,1.0 11,1.0 24,1.0 26,1.0 40,1.0 126,1.0 
2,1.0 10,1.0 11,1.0 20,1.0 24,2.0 26,1.0 27,1.0 40,1.0 47,1.0 89,1.0 125,1.0 144,1.0 145,1.0 171,1.0 
4,1.0 
50,1.0 123,1.0 129,1.0 130,1.0 
48,2.0 50,1.0 79,1.0 84,1.0 123,2.0 124,1.0 128,1.0 130,1.0 134,1.0 135,1.0 136,1.0 143,1.0 
50,1.0 79,1.0 89,1.0 123,1.0 128,1.0 129,1.0 212,1.0 213,1.0 
0,1.0 2,1.0 12,1.0 18,1.0 19,1.0 21,1.0 24,1.0 25,1.0 26,1.0 37,1.0 40,1.0 68,1.0 80,1.0 82,1.0 93,1.0 132,2.0 149,1.0 150,2.0 155,1.0 
0,1.0 2,1.0 12,1.0 13,1.0 19,1.0 37,1.0 40,1.0 68,1.0 80,1.0 82,2.0 93,1.0 131,2.0 137,1.0 138,1.0 139,1.0 150,1.0 155,1.0 
19,1.0 
14,1.0 15,1.0 48,1.0 79,1.0 123,1.0 129,1.0 135,2.0 136,1.0 170,1.0 
14,1.0 15,1.0 48,1.0 79,1.0 123,1.0 129,1.0 134,2.0 136,1.0 170,1.0 
18,1.0 48,1.0 79,1.0 129,1.0 134,1.0 135,1.0 141,1.0 142,1.0 143,1.0 
12,1.0 13,1.0 82,1.0 85,1.0 106,1.0 107,1.0 132,1.0 138,1.0 139,1.0 152,1.0 
13,1.0 82,1.0 132,1.0 137,1.0 139,1.0 
13,1.0 16,1.0 30,1.0 73,1.0 74,1.0 82,1.0 132,1.0 137,1.0 138,1.0 197,1.0 
81,1.0 93,1.0 
18,1.0 136,1.0 142,1.0 143,1.0 
18,1.0 136,1.0 141,1.0 143,1.0 
14,1.0 16,1.0 18,1.0 48,1.0 75,1.0 84,1.0 96,1.0 123,1.0 124,1.0 129,1.0 136,1.0 141,1.0 142,1.0 
21,1.0 24,1.0 89,1.0 105,1.0 126,1.0 145,2.0 146,1.0 147,1.0 
21,1.0 24,1.0 89,1.0 105,1.0 126,1.0 144,2.0 146,1.0 147,1.0 
21,1.0 105,1.0 147,1.0 148,1.0 
21,1.0 105,1.0 146,1.0 148,1.0 
4,1.0 
18,1.0 21,1.0 28,1.0 150,2.0 151,1.0 
1,1.0 2,1.0 11,1.0 18,1.0 21,1.0 28,1.0 40,1.0 49,1.0 79,1.0 80,1.0 93,1.0 149,2.0 151,1.0 
2,1.0 
12,1.0 49,1.0 85,1.0 104,1.0 106,1.0 107,1.0 110,1.0 158,1.0 166,2.0 167,1.0 168,1.0 
6,1.0 16,1.0 18,1.0 19,1.0 63,1.0 79,1.0 118,3.0 220,1.0 
19,1.0 25,1.0 27,1.0 50,1.0 155,1.0 
2,1.0 12,1.0 19,1.0 25,1.0 27,1.0 40,1.0 50,1.0 80,1.0 82,1.0 93,1.0 131,1.0 132,1.0 150,1.0 154,1.0 
1,1.0 50,1.0 
158,1.0 
19,1.0 22,1.0 152,1.0 161,2.0 166,1.0 167,1.0 168,1.0 
22,1.0 
161,1.0 
29,1.0 152,1.0 158,2.0 166,1.0 167,1.0 
43,1.0 47,2.0 219,1.0 
11,2.0 63,2.0 117,2.0 164,2.0 
11,2.0 63,2.0 117,2.0 163,2.0 
1,2.0 2,2.0 85,2.0 108,2.0 
12,1.0 29,1.0 89,1.0 93,1.0 104,1.0 107,1.0 110,1.0 152,2.0 158,1.0 167,1.0 168,1.0 223,1.0 224,1.0 231,1.0 
47,1.0 152,1.0 158,1.0 166,1.0 168,1.0 169,1.0 170,1.0 
15,1.0 21,1.0 158,1.0 183,2.0 184,1.0 185,1.0 
47,1.0 167,1.0 170,1.0 
4,1.0 13,1.0 14,1.0 15,1.0 43,1.0 47,2.0 93,1.0 123,1.0 134,1.0 135,1.0 167,1.0 169,1.0 
20,1.0 27,1.0 47,1.0 126,1.0 
18,1.0 173,1.0 
0,1.0 
29,1.0 30,1.0 32,1.0 33,1.0 35,1.0 36,1.0 37,1.0 
176,2.0 177,2.0 178,2.0 
175,2.0 177,2.0 178,2.0 
175,1.0 176,1.0 178,2.0 179,1.0 180,1.0 
175,1.0 176,1.0 177,2.0 179,1.0 180,1.0 
180,2.0 181,2.0 182,2.0 
179,2.0 181,2.0 182,2.0 
168,1.0 179,1.0 180,1.0 182,2.0 183,1.0 
168,1.0 179,1.0 180,1.0 181,2.0 183,1.0 
15,1.0 21,1.0 168,2.0 184,1.0 185,1.0 
168,1.0 183,1.0 185,1.0 
168,1.0 183,1.0 184,1.0 
11,3.0 14,3.0 50,1.0 79,2.0 81,1.0 115,3.0 186,1.0 187,3.0 192,3.0 196,2.0 197,2.0 200,2.0 201,2.0 
14,3.0 186,3.0 196,2.0 197,2.0 
17,2.0 32,1.0 47,1.0 74,1.0 189,2.0 
17,2.0 32,1.0 47,1.0 74,1.0 188,2.0 
17,1.0 47,2.0 115,2.0 191,2.0 192,2.0 
13,1.0 14,3.0 15,3.0 17,1.0 18,1.0 41,1.0 47,2.0 48,2.0 53,1.0 80,1.0 115,2.0 190,2.0 191,1.0 192,2.0 195,3.0 205,3.0 206,3.0 216,1.0 
11,2.0 17,2.0 47,1.0 50,1.0 79,1.0 81,1.0 115,4.0 186,4.0 190,1.0 191,1.0 193,1.0 200,1.0 201,1.0 
17,1.0 48,2.0 194,3.0 
48,3.0 193,2.0 
14,3.0 15,3.0 41,1.0 80,1.0 191,3.0 216,1.0 
14,2.0 48,2.0 197,2.0 
14,2.0 16,1.0 30,1.0 48,2.0 73,1.0 74,1.0 139,1.0 196,2.0 
17,2.0 47,1.0 199,2.0 
17,2.0 47,1.0 198,2.0 
11,1.0 79,1.0 186,1.0 201,1.0 
11,1.0 79,1.0 186,1.0 200,1.0 
2,1.0 13,1.0 40,1.0 48,1.0 50,1.0 53,1.0 203,1.0 204,2.0 209,1.0 
50,1.0 53,1.0 202,1.0 204,1.0 
2,1.0 13,1.0 40,1.0 48,1.0 50,1.0 53,1.0 202,2.0 203,1.0 209,1.0 
13,1.0 18,1.0 48,2.0 53,1.0 191,3.0 205,1.0 206,3.0 
13,1.0 18,1.0 48,2.0 53,1.0 191,3.0 205,3.0 206,1.0 
1,1.0 2,1.0 13,1.0 36,1.0 37,1.0 40,1.0 48,1.0 51,2.0 53,4.0 54,1.0 202,1.0 204,1.0 208,3.0 209,1.0 243,1.0 
1,1.0 2,1.0 13,1.0 36,1.0 37,1.0 40,1.0 48,2.0 51,3.0 53,3.0 89,1.0 202,1.0 204,1.0 207,3.0 209,1.0 
2,1.0 13,1.0 40,1.0 48,1.0 202,1.0 204,1.0 
18,1.0 116,1.0 211,1.0 
18,1.0 116,1.0 210,1.0 
16,1.0 48,1.0 79,1.0 86,1.0 89,1.0 130,1.0 213,2.0 
16,1.0 48,1.0 79,1.0 86,1.0 89,1.0 130,1.0 212,2.0 
4,1.0 43,1.0 89,1.0 93,1.0 170,1.0 215,1.0 
4,1.0 43,1.0 89,1.0 93,1.0 170,1.0 214,1.0 
14,1.0 15,1.0 41,1.0 42,1.0 53,1.0 54,1.0 80,2.0 217,1.0 218,1.0 
14,1.0 42,1.0 48,1.0 218,1.0 
14,1.0 42,1.0 48,1.0 217,1.0 
40,1.0 47,1.0 79,4.0 88,1.0 166,1.0 231,1.0 
6,1.0 12,1.0 79,1.0 118,1.0 153,1.0 221,1.0 
1,1.0 6,1.0 12,1.0 19,1.0 47,1.0 48,1.0 53,1.0 75,1.0 107,1.0 207,1.0 208,1.0 220,1.0 239,1.0 242,1.0 
5,1.0 30,1.0 62,1.0 63,1.0 
89,1.0 93,1.0 107,1.0 166,1.0 224,1.0 
89,1.0 93,1.0 107,1.0 166,1.0 223,1.0 
5,1.0 58,1.0 93,1.0 
50,1.0 72,1.0 227,1.0 
17,2.0 18,1.0 43,1.0 48,1.0 50,1.0 58,1.0 71,1.0 72,1.0 162,1.0 226,1.0 240,1.0 241,1.0 
14,1.0 16,2.0 19,1.0 30,1.0 33,1.0 47,1.0 230,1.0 
3,1.0 11,1.0 
16,1.0 33,1.0 228,1.0 
9,1.0 19,1.0 29,1.0 47,1.0 48,1.0 166,1.0 239,1.0 
13,1.0 93,1.0 233,1.0 
13,1.0 93,1.0 232,1.0 
12,1.0 
13,1.0 
13,1.0 15,1.0 75,1.0 237,1.0 
13,1.0 15,1.0 75,1.0 236,1.0 
47,1.0 
1,1.0 9,1.0 19,2.0 47,2.0 48,2.0 53,1.0 75,1.0 107,1.0 207,1.0 208,1.0 221,1.0 231,1.0 242,1.0 
17,1.0 18,1.0 227,1.0 241,1.0 
17,1.0 18,1.0 227,1.0 240,1.0 
1,1.0 19,1.0 47,1.0 48,1.0 53,1.0 75,1.0 107,1.0 207,1.0 208,1.0 221,1.0 239,1.0 
53,1.0 54,1.0 207,1.0 
245,1.0 246,1.0 247,1.0 248,1.0 249,1.0 250,1.0 251,1.0 252,1.0 253,1.0 254,1.0 255,1.0 
244,1.0 246,1.0 247,1.0 248,1.0 249,1.0 250,1.0 251,1.0 252,1.0 253,1.0 254,1.0 255,1.0 
244,1.0 245,1.0 247,1.0 248,1.0 249,1.0 250,1.0 251,1.0 252,1.0 253,1.0 254,1.0 255,1.0 
244,1.0 245,1.0 246,1.0 248,1.0 249,1.0 250,1.0 251,1.0 252,1.0 253,1.0 254,1.0 255,1.0 
244,1.0 245,1.0 246,1.0 247,1.0 249,1.0 250,1.0 251,1.0 252,1.0 253,1.0 254,1.0 255,1.0 
244,1.0 245,1.0 246,1.0 247,1.0 248,1.0 250,1.0 251,1.0 252,1.0 253,1.0 254,1.0 255,1.0 
52,1.0 251,1.0 252,1.0 253,1.0 254,1.0 255,1.0 256,1.0 257,1.0 258,1.0 259,1.0 260,1.0 
52,1.0 250,1.0 252,1.0 253,1.0 254,1.0 255,1.0 256,1.0 257,1.0 258,1.0 259,1.0 260,1.0 
52,1.0 250,1.0 251,1.0 253,1.0 254,1.0 255,1.0 256,1.0 257,1.0 258,1.0 259,1.0 260,1.0 
52,1.0 250,1.0 251,1.0 252,1.0 254,1.0 255,1.0 256,1.0 257,1.0 258,1.0 259,1.0 260,1.0 
52,1.0 250,1.0 251,1.0 252,1.0 253,1.0 255,1.0 256,1.0 257,1.0 258,1.0 259,1.0 260,1.0 
52,1.0 250,1.0 251,1.0 252,1.0 253,1.0 254,1.0 256,1.0 257,1.0 258,1.0 259,1.0 260,1.0 
52,3.0 256,1.0 257,3.0 258,1.0 259,3.0 260,3.0 261,2.0 
52,3.0 256,3.0 257,1.0 258,1.0 259,3.0 260,3.0 261,2.0 
52,2.0 256,2.0 257,2.0 259,2.0 260,2.0 261,1.0 
52,3.0 256,3.0 257,3.0 258,1.0 259,1.0 260,3.0 261,2.0 
52,3.0 256,3.0 257,3.0 258,1.0 259,3.0 260,1.0 261,2.0 
52,1.0 256,1.0 257,1.0 259,1.0 260,1.0 
