1,4.0 2,3.0 3,1.0 4,1.0 5,1.0 6,1.0 20,2.0 25,1.0 29,1.0 31,1.0 38,1.0 39,2.0 40,3.0 41,2.0 47,1.0 50,1.0 58,1.0 59,1.0 60,1.0 61,1.0 62,1.0 69,1.0 89,1.0 135,2.0 306,1.0 
0,4.0 2,5.0 3,1.0 4,2.0 5,1.0 6,1.0 7,1.0 8,1.0 9,1.0 17,1.0 20,2.0 22,1.0 23,1.0 24,1.0 29,1.0 34,1.0 35,1.0 39,2.0 40,2.0 41,2.0 47,1.0 48,1.0 49,1.0 50,2.0 51,1.0 52,1.0 58,1.0 59,1.0 60,1.0 61,1.0 62,1.0 135,2.0 
0,3.0 1,5.0 3,1.0 4,2.0 5,1.0 6,1.0 7,1.0 8,1.0 9,1.0 17,1.0 20,2.0 22,1.0 23,1.0 24,1.0 34,1.0 35,1.0 39,2.0 40,2.0 41,2.0 48,1.0 49,1.0 50,1.0 51,1.0 52,1.0 135,2.0 
0,1.0 1,1.0 2,1.0 4,1.0 5,1.0 6,1.0 
5,1.0 6,1.0 7,3.0 8,3.0 9,1.0 10,6.0 11,3.0 12,3.0 13,3.0 14,3.0 15,2.0 17,3.0 18,6.0 20,1.0 32,2.0 48,1.0 49,1.0 53,1.0 54,3.0 56,1.0 57,1.0 63,1.0 72,4.0 73,4.0 240,10.0 246,10.0 248,1.0 249,1.0 250,1.0 271,6.0 314,6.0 325,2.0 
1,1.0 2,1.0 4,1.0 5,1.0 6,1.0 7,1.0 8,3.0 9,1.0 10,1.0 12,5.0 13,5.0 14,5.0 15,6.0 16,4.0 18,1.0 19,4.0 20,6.0 23,1.0 24,1.0 28,1.0 31,5.0 32,3.0 33,5.0 36,4.0 37,1.0 38,1.0 39,1.0 40,1.0 45,1.0 48,1.0 49,1.0 50,1.0 51,1.0 52,1.0 53,1.0 92,1.0 146,1.0 147,1.0 234,3.0 236,3.0 238,2.0 239,1.0 243,1.0 307,1.0 308,1.0 309,1.0 
4,1.0 5,1.0 6,1.0 7,1.0 8,1.0 9,1.0 13,1.0 14,3.0 15,3.0 18,2.0 39,2.0 45,1.0 53,3.0 92,1.0 279,1.0 
5,5.0 7,2.0 8,3.0 9,2.0 10,3.0 11,3.0 12,3.0 13,3.0 14,8.0 15,7.0 16,2.0 17,4.0 18,11.0 19,13.0 20,3.0 21,1.0 22,1.0 23,1.0 32,5.0 33,5.0 36,4.0 39,1.0 48,1.0 53,2.0 54,7.0 55,6.0 56,2.0 57,2.0 58,4.0 63,2.0 64,11.0 65,1.0 67,2.0 69,1.0 70,5.0 72,2.0 73,2.0 76,10.0 81,1.0 87,1.0 94,1.0 95,1.0 98,2.0 127,1.0 132,5.0 133,1.0 134,1.0 137,1.0 138,6.0 141,1.0 142,1.0 143,1.0 144,1.0 157,2.0 158,6.0 188,2.0 189,1.0 197,1.0 212,1.0 215,3.0 232,1.0 236,3.0 251,1.0 332,2.0 333,2.0 360,1.0 361,1.0 363,1.0 364,1.0 
4,4.0 7,4.0 8,2.0 9,2.0 10,2.0 11,3.0 12,4.0 13,4.0 14,1.0 15,3.0 16,2.0 17,7.0 18,1.0 20,2.0 36,1.0 39,1.0 48,2.0 49,1.0 53,6.0 54,1.0 55,3.0 57,1.0 58,1.0 65,1.0 87,3.0 98,1.0 108,1.0 130,1.0 172,1.0 177,1.0 241,3.0 347,2.0 366,1.0 367,1.0 370,2.0 371,2.0 
7,2.0 8,2.0 9,2.0 10,8.0 11,2.0 12,2.0 13,5.0 14,6.0 16,3.0 17,9.0 18,2.0 32,6.0 46,1.0 48,2.0 54,5.0 59,1.0 144,1.0 306,2.0 350,1.0 
4,6.0 5,4.0 7,5.0 9,6.0 10,4.0 11,7.0 12,2.0 13,6.0 14,16.0 16,7.0 17,7.0 18,5.0 20,7.0 26,1.0 31,10.0 32,11.0 36,3.0 37,9.0 38,1.0 39,1.0 40,1.0 45,1.0 53,6.0 54,11.0 55,3.0 56,5.0 58,1.0 60,1.0 72,6.0 73,6.0 86,4.0 98,1.0 100,6.0 144,1.0 181,4.0 236,2.0 240,10.0 246,10.0 271,8.0 272,2.0 306,2.0 314,8.0 325,2.0 347,2.0 350,1.0 
4,1.0 5,7.0 7,3.0 10,3.0 11,1.0 12,2.0 13,2.0 14,2.0 16,1.0 17,1.0 18,3.0 20,5.0 31,5.0 36,1.0 54,1.0 362,1.0 
1,1.0 2,1.0 4,1.0 5,2.0 7,3.0 8,2.0 9,2.0 10,8.0 11,2.0 12,1.0 13,4.0 14,10.0 15,1.0 16,8.0 17,3.0 18,10.0 19,3.0 20,34.0 22,1.0 23,1.0 24,1.0 26,5.0 31,12.0 32,4.0 34,1.0 35,1.0 36,1.0 39,1.0 48,2.0 49,1.0 53,6.0 54,3.0 55,4.0 57,1.0 60,1.0 64,14.0 65,1.0 68,4.0 69,8.0 70,4.0 76,9.0 80,1.0 87,9.0 94,1.0 98,1.0 99,4.0 100,1.0 101,4.0 102,1.0 114,1.0 129,1.0 130,1.0 132,7.0 133,4.0 134,11.0 138,14.0 144,1.0 146,1.0 147,1.0 163,10.0 186,1.0 187,2.0 188,4.0 196,3.0 197,3.0 198,3.0 200,3.0 201,3.0 208,3.0 216,3.0 219,3.0 229,3.0 230,6.0 231,3.0 266,1.0 306,2.0 380,1.0 
4,6.0 5,5.0 7,3.0 8,7.0 9,3.0 12,4.0 13,7.0 14,19.0 15,2.0 16,9.0 17,7.0 18,14.0 19,2.0 20,2.0 23,1.0 24,1.0 28,1.0 31,5.0 32,8.0 36,13.0 44,4.0 45,1.0 46,1.0 47,3.0 48,3.0 49,1.0 51,3.0 53,8.0 54,4.0 55,14.0 56,2.0 57,3.0 58,1.0 59,1.0 64,8.0 76,8.0 83,2.0 85,1.0 87,22.0 89,5.0 92,1.0 94,4.0 98,1.0 122,1.0 123,3.0 124,3.0 132,2.0 133,8.0 134,1.0 138,1.0 139,1.0 140,1.0 143,2.0 144,1.0 145,6.0 146,1.0 147,1.0 162,4.0 163,4.0 208,1.0 234,5.0 235,1.0 236,17.0 238,1.0 239,1.0 241,1.0 242,1.0 243,1.0 244,1.0 245,1.0 248,4.0 264,1.0 272,1.0 273,1.0 274,1.0 307,1.0 308,1.0 309,1.0 347,2.0 
4,2.0 5,5.0 6,3.0 7,7.0 8,2.0 9,8.0 10,17.0 12,5.0 13,20.0 14,13.0 15,5.0 16,2.0 17,9.0 18,9.0 19,5.0 20,5.0 21,1.0 22,1.0 23,1.0 26,2.0 28,1.0 32,17.0 36,13.0 37,6.0 39,2.0 45,3.0 53,11.0 54,19.0 55,1.0 57,2.0 58,1.0 60,2.0 64,8.0 68,1.0 69,1.0 77,1.0 87,6.0 92,3.0 94,1.0 98,1.0 99,1.0 109,1.0 123,1.0 132,2.0 142,1.0 143,1.0 144,2.0 146,2.0 147,1.0 197,1.0 198,1.0 209,1.0 234,3.0 236,14.0 243,1.0 248,4.0 251,1.0 252,1.0 253,1.0 254,1.0 266,1.0 272,2.0 306,4.0 309,1.0 345,1.0 347,2.0 350,1.0 365,1.0 
4,2.0 6,5.0 7,9.0 8,4.0 10,5.0 11,1.0 14,3.0 15,1.0 16,2.0 17,3.0 18,14.0 19,5.0 31,5.0 39,2.0 45,1.0 53,6.0 54,6.0 55,8.0 56,2.0 63,3.0 64,5.0 67,2.0 69,2.0 70,9.0 72,2.0 73,2.0 76,8.0 83,1.0 87,2.0 92,1.0 98,2.0 108,1.0 121,2.0 130,1.0 133,2.0 134,2.0 136,1.0 137,1.0 138,3.0 145,4.0 157,2.0 158,3.0 168,3.0 172,1.0 177,1.0 188,2.0 196,2.0 233,2.0 240,4.0 246,4.0 271,2.0 314,2.0 
4,2.0 5,3.0 7,1.0 8,3.0 9,3.0 10,5.0 11,1.0 13,8.0 15,2.0 16,3.0 17,8.0 18,5.0 19,3.0 20,2.0 23,2.0 24,2.0 27,1.0 28,1.0 31,21.0 36,8.0 37,2.0 38,1.0 39,1.0 40,1.0 46,1.0 48,2.0 53,4.0 54,2.0 55,18.0 57,1.0 59,1.0 61,4.0 64,1.0 72,3.0 87,16.0 89,2.0 90,3.0 93,2.0 95,1.0 101,4.0 102,1.0 103,4.0 104,4.0 132,1.0 133,13.0 134,13.0 143,1.0 144,4.0 149,4.0 159,4.0 160,4.0 190,3.0 191,3.0 200,3.0 201,3.0 234,1.0 235,1.0 238,1.0 239,1.0 240,8.0 246,8.0 250,1.0 271,8.0 274,1.0 307,2.0 308,2.0 314,8.0 
4,3.0 7,5.0 8,6.0 9,9.0 10,9.0 11,3.0 12,2.0 13,9.0 14,9.0 16,5.0 17,4.0 18,5.0 19,1.0 20,2.0 27,1.0 28,1.0 32,6.0 36,1.0 39,1.0 46,1.0 48,3.0 53,7.0 54,7.0 55,4.0 58,1.0 59,1.0 64,1.0 65,1.0 87,3.0 95,1.0 98,1.0 132,1.0 143,1.0 144,1.0 236,2.0 281,2.0 292,2.0 293,2.0 306,2.0 347,2.0 350,1.0 
4,5.0 7,16.0 8,1.0 10,1.0 11,1.0 12,13.0 13,16.0 14,9.0 15,8.0 16,8.0 17,1.0 18,2.0 19,8.0 20,7.0 26,1.0 28,4.0 29,3.0 30,1.0 31,4.0 32,3.0 36,3.0 37,2.0 44,4.0 53,2.0 54,9.0 55,19.0 56,3.0 60,1.0 63,2.0 64,4.0 67,2.0 70,5.0 71,1.0 72,5.0 73,5.0 76,32.0 86,2.0 87,10.0 89,3.0 92,1.0 94,11.0 98,2.0 112,1.0 131,2.0 133,13.0 134,7.0 136,1.0 137,1.0 138,6.0 139,1.0 140,2.0 141,1.0 142,2.0 143,1.0 144,3.0 146,1.0 149,4.0 151,1.0 157,2.0 158,5.0 159,4.0 160,4.0 162,4.0 163,6.0 181,2.0 183,1.0 188,5.0 208,3.0 229,3.0 230,6.0 231,3.0 236,3.0 240,4.0 244,1.0 245,1.0 246,4.0 266,1.0 267,1.0 270,2.0 271,4.0 306,2.0 314,4.0 328,1.0 
5,1.0 7,10.0 10,5.0 11,1.0 12,3.0 13,1.0 14,4.0 15,5.0 16,5.0 17,3.0 18,5.0 19,2.0 20,4.0 21,1.0 22,1.0 23,1.0 26,1.0 27,1.0 28,1.0 31,5.0 53,2.0 54,6.0 55,1.0 58,4.0 60,1.0 64,4.0 69,1.0 70,6.0 71,7.0 72,1.0 73,1.0 76,2.0 94,1.0 99,1.0 125,4.0 126,1.0 132,8.0 138,6.0 142,1.0 158,6.0 197,3.0 206,3.0 207,3.0 215,6.0 266,1.0 306,2.0 361,1.0 364,1.0 
1,1.0 2,1.0 4,1.0 5,6.0 7,4.0 8,2.0 10,5.0 11,5.0 12,36.0 13,4.0 14,6.0 15,1.0 16,10.0 17,1.0 18,10.0 19,4.0 20,2.0 21,1.0 22,2.0 23,2.0 24,1.0 26,5.0 31,20.0 34,1.0 35,1.0 37,1.0 38,1.0 39,4.0 40,3.0 41,2.0 48,2.0 49,1.0 53,3.0 54,2.0 55,5.0 57,1.0 60,1.0 64,13.0 65,1.0 68,4.0 69,1.0 76,8.0 80,1.0 81,2.0 85,2.0 87,14.0 89,4.0 94,3.0 98,1.0 99,4.0 100,1.0 101,4.0 102,1.0 114,2.0 127,1.0 129,1.0 130,1.0 132,5.0 133,1.0 134,14.0 135,13.0 136,2.0 137,2.0 138,5.0 142,2.0 144,3.0 147,1.0 157,1.0 163,8.0 186,2.0 187,3.0 188,1.0 197,3.0 198,3.0 200,3.0 201,3.0 208,3.0 212,3.0 215,3.0 217,3.0 228,3.0 229,3.0 230,3.0 266,1.0 267,2.0 279,1.0 280,1.0 306,2.0 380,1.0 
15,2.0 22,7.0 23,6.0 24,11.0 25,1.0 26,1.0 27,1.0 34,2.0 42,1.0 55,2.0 58,1.0 61,1.0 62,1.0 66,1.0 67,1.0 68,1.0 70,2.0 72,2.0 73,2.0 240,14.0 246,14.0 248,4.0 271,14.0 311,2.0 312,2.0 313,2.0 314,14.0 315,2.0 321,4.0 322,6.0 332,2.0 333,2.0 
1,1.0 2,1.0 7,1.0 8,1.0 9,1.0 21,7.0 23,2.0 24,6.0 25,1.0 34,3.0 35,1.0 41,1.0 42,1.0 43,1.0 44,1.0 45,1.0 46,1.0 47,1.0 240,4.0 246,4.0 248,2.0 271,4.0 311,2.0 312,2.0 313,2.0 314,4.0 
1,1.0 2,1.0 7,1.0 8,1.0 9,1.0 21,6.0 22,2.0 24,15.0 25,1.0 26,1.0 27,1.0 34,1.0 35,1.0 42,1.0 58,1.0 61,1.0 62,1.0 66,1.0 67,1.0 68,1.0 240,4.0 246,4.0 271,4.0 307,9.0 308,9.0 309,9.0 310,9.0 311,9.0 314,4.0 
1,1.0 2,1.0 7,1.0 8,1.0 9,1.0 15,2.0 21,10.0 22,5.0 23,14.0 25,1.0 26,1.0 27,1.0 28,1.0 29,1.0 30,1.0 34,3.0 35,1.0 50,4.0 55,2.0 70,2.0 240,12.0 246,12.0 271,12.0 307,9.0 308,9.0 309,9.0 310,9.0 311,11.0 312,2.0 313,2.0 314,12.0 320,4.0 322,2.0 
0,1.0 24,1.0 26,1.0 27,1.0 28,1.0 29,1.0 30,1.0 64,1.0 66,2.0 69,1.0 132,1.0 
10,1.0 12,4.0 16,4.0 18,4.0 20,4.0 27,21.0 28,4.0 29,17.0 30,7.0 31,1.0 39,2.0 43,1.0 45,1.0 46,1.0 55,4.0 58,7.0 59,1.0 60,3.0 61,2.0 62,2.0 64,8.0 67,13.0 68,21.0 69,1.0 70,5.0 72,4.0 73,4.0 82,4.0 84,5.0 87,10.0 93,2.0 94,1.0 96,1.0 98,6.0 114,2.0 129,1.0 132,2.0 133,4.0 134,6.0 138,3.0 171,1.0 179,4.0 180,4.0 187,5.0 188,4.0 189,3.0 219,3.0 232,3.0 233,1.0 243,1.0 247,2.0 253,1.0 257,1.0 258,1.0 266,1.0 269,2.0 288,1.0 332,4.0 333,4.0 339,2.0 341,2.0 344,1.0 
10,1.0 16,5.0 18,4.0 20,1.0 26,21.0 28,6.0 29,18.0 30,21.0 31,3.0 39,2.0 44,8.0 46,2.0 47,5.0 54,3.0 55,8.0 58,6.0 61,6.0 62,2.0 64,3.0 67,19.0 68,19.0 69,5.0 70,4.0 84,2.0 87,6.0 89,1.0 92,20.0 94,3.0 95,1.0 96,1.0 97,1.0 98,6.0 105,1.0 106,1.0 107,1.0 108,3.0 109,1.0 110,1.0 111,1.0 113,5.0 114,2.0 118,2.0 129,3.0 132,3.0 133,8.0 134,4.0 135,1.0 138,3.0 144,6.0 145,4.0 146,1.0 148,1.0 158,3.0 167,4.0 168,4.0 180,2.0 187,2.0 188,9.0 189,5.0 192,6.0 196,3.0 205,2.0 215,3.0 216,3.0 219,3.0 232,3.0 237,1.0 253,1.0 256,1.0 269,1.0 278,1.0 328,3.0 332,2.0 333,2.0 344,1.0 345,2.0 346,2.0 369,1.0 
6,1.0 7,1.0 9,1.0 10,4.0 13,4.0 14,7.0 15,1.0 17,2.0 18,3.0 20,1.0 26,1.0 27,7.0 28,2.0 29,14.0 30,5.0 31,2.0 32,1.0 36,3.0 37,1.0 44,1.0 45,5.0 46,3.0 47,1.0 53,2.0 54,3.0 55,2.0 61,4.0 64,3.0 68,4.0 70,3.0 77,1.0 87,3.0 89,1.0 92,7.0 94,2.0 96,2.0 97,1.0 113,2.0 123,1.0 129,4.0 132,2.0 135,1.0 141,1.0 142,1.0 146,6.0 147,4.0 157,1.0 158,3.0 236,3.0 243,5.0 261,1.0 269,1.0 309,3.0 345,2.0 346,1.0 353,1.0 
7,1.0 10,2.0 13,2.0 14,1.0 16,5.0 18,8.0 26,10.0 27,17.0 28,14.0 30,11.0 31,4.0 36,2.0 37,1.0 38,2.0 44,9.0 45,5.0 47,5.0 53,3.0 54,8.0 55,10.0 58,13.0 59,5.0 60,3.0 61,2.0 62,1.0 64,3.0 65,2.0 67,2.0 68,27.0 69,3.0 70,4.0 72,2.0 73,2.0 74,2.0 75,2.0 76,1.0 81,1.0 82,2.0 87,6.0 89,2.0 92,12.0 94,4.0 98,4.0 109,1.0 112,1.0 113,10.0 114,3.0 115,1.0 116,1.0 129,2.0 132,4.0 133,5.0 134,5.0 136,1.0 137,1.0 138,1.0 140,4.0 141,1.0 142,4.0 145,3.0 146,1.0 148,4.0 153,1.0 157,1.0 158,3.0 168,3.0 170,3.0 171,1.0 175,1.0 179,2.0 187,2.0 194,6.0 196,3.0 215,3.0 236,1.0 261,1.0 269,1.0 270,1.0 278,1.0 353,1.0 358,1.0 
10,1.0 12,1.0 13,2.0 14,1.0 18,1.0 19,1.0 20,2.0 26,3.0 27,19.0 28,5.0 29,10.0 30,1.0 31,2.0 44,7.0 46,1.0 47,9.0 55,3.0 58,1.0 59,2.0 61,5.0 63,1.0 67,8.0 68,2.0 69,4.0 70,1.0 72,1.0 79,1.0 83,5.0 87,2.0 89,1.0 92,17.0 94,4.0 95,1.0 96,5.0 98,5.0 108,1.0 112,4.0 118,4.0 129,3.0 135,1.0 140,4.0 144,10.0 145,3.0 149,4.0 150,4.0 151,8.0 152,4.0 153,4.0 158,3.0 168,3.0 170,3.0 188,6.0 189,1.0 192,6.0 196,3.0 241,1.0 242,1.0 269,1.0 278,1.0 328,4.0 343,4.0 344,4.0 
1,1.0 2,1.0 5,5.0 7,5.0 10,10.0 11,5.0 13,6.0 14,1.0 15,4.0 16,19.0 18,1.0 19,4.0 20,5.0 23,1.0 24,1.0 32,5.0 48,1.0 49,1.0 50,1.0 51,1.0 52,1.0 55,12.0 57,1.0 61,4.0 72,3.0 76,1.0 87,13.0 89,13.0 90,9.0 91,1.0 93,2.0 94,1.0 101,4.0 102,1.0 103,4.0 104,4.0 122,1.0 133,7.0 134,7.0 143,1.0 144,5.0 145,2.0 190,7.0 191,7.0 200,3.0 201,3.0 234,1.0 235,1.0 245,1.0 250,1.0 274,1.0 307,2.0 308,1.0 345,1.0 378,1.0 379,1.0 
4,2.0 5,8.0 7,5.0 8,1.0 9,8.0 10,8.0 12,3.0 13,8.0 14,15.0 17,8.0 18,3.0 28,1.0 32,4.0 33,5.0 36,3.0 45,1.0 54,9.0 76,1.0 87,1.0 92,1.0 94,1.0 144,2.0 145,1.0 146,1.0 147,1.0 234,3.0 236,5.0 243,1.0 244,2.0 245,1.0 306,2.0 309,1.0 350,1.0 365,1.0 366,1.0 
5,5.0 12,5.0 20,5.0 94,1.0 99,1.0 127,1.0 261,1.0 
1,1.0 2,1.0 7,1.0 8,1.0 9,1.0 22,1.0 23,1.0 24,1.0 35,1.0 79,2.0 140,2.0 240,2.0 245,2.0 246,2.0 260,2.0 271,2.0 311,2.0 313,2.0 
1,1.0 2,1.0 7,1.0 8,1.0 9,1.0 22,1.0 23,1.0 24,1.0 34,1.0 
5,7.0 7,3.0 10,4.0 13,12.0 14,12.0 15,1.0 16,11.0 20,1.0 23,1.0 24,1.0 28,1.0 32,3.0 36,4.0 37,1.0 45,1.0 55,6.0 56,1.0 57,2.0 60,1.0 63,3.0 64,7.0 72,2.0 73,2.0 86,2.0 87,8.0 92,1.0 100,2.0 127,2.0 131,6.0 132,2.0 146,1.0 147,1.0 171,1.0 181,2.0 233,1.0 234,5.0 236,9.0 238,1.0 239,1.0 240,10.0 243,1.0 246,10.0 248,4.0 271,10.0 281,1.0 288,1.0 292,1.0 293,1.0 307,1.0 308,1.0 309,1.0 314,10.0 
5,1.0 10,7.0 13,1.0 14,6.0 16,1.0 18,2.0 20,1.0 26,1.0 37,2.0 38,1.0 39,1.0 40,1.0 45,1.0 53,6.0 54,6.0 58,1.0 60,1.0 76,2.0 94,2.0 98,1.0 140,1.0 183,1.0 270,2.0 272,2.0 347,2.0 
0,1.0 7,2.0 19,2.0 22,1.0 31,1.0 39,1.0 40,2.0 41,1.0 42,1.0 65,2.0 74,2.0 75,2.0 89,1.0 306,1.0 
6,1.0 13,2.0 14,1.0 15,1.0 16,2.0 20,2.0 21,1.0 22,1.0 23,1.0 26,2.0 27,2.0 31,2.0 38,1.0 40,3.0 41,3.0 42,3.0 45,1.0 48,1.0 53,1.0 55,2.0 65,1.0 66,1.0 72,2.0 73,2.0 82,2.0 84,2.0 85,1.0 89,2.0 92,2.0 98,1.0 135,2.0 144,1.0 146,1.0 147,1.0 150,1.0 176,1.0 179,2.0 180,2.0 233,1.0 268,1.0 272,2.0 332,2.0 333,2.0 342,2.0 
0,1.0 13,2.0 16,2.0 20,2.0 22,1.0 31,3.0 38,2.0 39,3.0 41,3.0 42,1.0 55,2.0 89,3.0 135,2.0 306,1.0 
13,2.0 16,2.0 20,2.0 22,1.0 31,2.0 39,2.0 40,2.0 42,1.0 43,1.0 44,1.0 45,1.0 46,1.0 47,1.0 55,2.0 69,1.0 70,1.0 88,1.0 89,2.0 135,2.0 
21,1.0 22,1.0 23,1.0 26,1.0 27,1.0 39,1.0 41,1.0 43,1.0 44,1.0 45,1.0 46,1.0 47,1.0 58,1.0 61,1.0 62,1.0 66,1.0 67,1.0 68,1.0 146,1.0 147,2.0 150,1.0 233,2.0 283,1.0 
15,1.0 19,1.0 26,1.0 44,3.0 45,1.0 46,4.0 47,1.0 59,1.0 60,1.0 67,1.0 72,2.0 73,2.0 85,2.0 86,2.0 140,2.0 181,2.0 184,2.0 188,1.0 247,1.0 257,1.0 269,1.0 
15,3.0 19,1.0 26,2.0 27,5.0 29,4.0 30,6.0 43,3.0 45,7.0 46,8.0 47,33.0 55,2.0 57,2.0 58,1.0 59,2.0 60,5.0 61,1.0 67,9.0 68,5.0 69,4.0 70,2.0 72,8.0 73,8.0 76,1.0 85,2.0 86,6.0 92,27.0 93,2.0 94,1.0 95,1.0 96,6.0 97,1.0 98,14.0 99,1.0 108,1.0 109,4.0 113,5.0 114,4.0 123,2.0 129,2.0 130,1.0 133,6.0 140,2.0 141,4.0 142,4.0 146,1.0 149,4.0 150,4.0 151,4.0 152,4.0 153,4.0 163,3.0 181,6.0 184,2.0 187,3.0 188,4.0 189,4.0 192,2.0 193,6.0 196,2.0 209,1.0 230,1.0 240,4.0 246,4.0 266,1.0 271,4.0 277,1.0 314,4.0 348,1.0 368,1.0 
13,1.0 14,1.0 15,1.0 19,1.0 26,1.0 27,1.0 28,9.0 29,6.0 36,1.0 43,1.0 44,5.0 45,1.0 46,1.0 47,10.0 55,4.0 58,1.0 61,1.0 64,1.0 67,1.0 68,1.0 72,4.0 73,4.0 74,1.0 79,1.0 83,2.0 86,4.0 87,1.0 92,12.0 95,2.0 98,2.0 113,1.0 129,1.0 140,2.0 143,2.0 145,2.0 146,5.0 147,3.0 148,1.0 181,4.0 240,4.0 243,5.0 246,4.0 247,1.0 261,1.0 271,4.0 309,3.0 314,4.0 345,1.0 
10,1.0 14,1.0 15,1.0 18,1.0 19,1.0 26,1.0 27,2.0 28,4.0 30,1.0 37,2.0 43,3.0 44,7.0 45,1.0 47,8.0 53,1.0 54,2.0 59,2.0 67,1.0 72,8.0 73,8.0 76,1.0 85,2.0 86,8.0 113,2.0 118,1.0 132,1.0 140,4.0 181,8.0 182,4.0 184,2.0 240,2.0 243,1.0 246,2.0 260,4.0 268,2.0 269,3.0 270,1.0 271,2.0 295,2.0 314,2.0 328,5.0 344,1.0 345,1.0 346,1.0 353,1.0 358,1.0 
9,1.0 10,1.0 13,6.0 15,1.0 16,2.0 17,1.0 18,2.0 19,3.0 26,1.0 27,2.0 29,5.0 30,8.0 31,1.0 36,1.0 43,1.0 44,25.0 45,10.0 46,8.0 51,5.0 53,3.0 56,8.0 57,2.0 58,1.0 59,7.0 60,8.0 61,2.0 62,1.0 63,1.0 67,4.0 68,2.0 69,6.0 71,1.0 72,11.0 73,10.0 74,1.0 76,8.0 77,1.0 79,4.0 83,8.0 85,1.0 86,9.0 87,1.0 89,1.0 92,28.0 93,2.0 94,5.0 95,1.0 96,11.0 97,1.0 98,3.0 109,1.0 113,14.0 123,12.0 124,9.0 129,2.0 137,1.0 140,6.0 143,4.0 144,4.0 145,1.0 146,2.0 147,1.0 149,4.0 150,4.0 151,4.0 152,4.0 153,4.0 157,4.0 163,3.0 181,8.0 184,1.0 188,3.0 189,2.0 193,6.0 196,3.0 240,4.0 246,4.0 256,1.0 269,1.0 271,4.0 295,2.0 314,4.0 332,1.0 346,2.0 349,1.0 353,1.0 369,1.0 
0,1.0 1,2.0 2,1.0 4,1.0 9,1.0 13,1.0 16,1.0 17,2.0 21,1.0 23,1.0 29,8.0 39,1.0 42,1.0 46,1.0 49,2.0 50,2.0 51,3.0 52,1.0 57,1.0 59,1.0 65,5.0 66,1.0 70,2.0 113,8.0 
0,1.0 1,2.0 2,1.0 4,1.0 17,1.0 48,2.0 50,2.0 51,1.0 52,1.0 54,1.0 55,7.0 57,1.0 87,2.0 148,1.0 359,9.0 
0,1.0 1,2.0 2,1.0 4,1.0 17,1.0 24,4.0 29,1.0 47,1.0 48,1.0 49,1.0 51,1.0 52,1.0 58,1.0 59,1.0 60,1.0 61,1.0 62,1.0 240,4.0 246,4.0 271,4.0 314,4.0 320,4.0 
1,1.0 2,1.0 4,1.0 13,3.0 17,1.0 47,5.0 48,3.0 49,1.0 50,1.0 52,1.0 70,2.0 92,1.0 123,5.0 124,5.0 133,1.0 320,1.0 
1,1.0 2,1.0 4,1.0 17,1.0 48,1.0 49,1.0 50,1.0 51,1.0 
4,3.0 6,3.0 7,3.0 8,9.0 10,6.0 12,4.0 13,6.0 14,10.0 15,4.0 16,1.0 17,7.0 19,1.0 20,4.0 26,1.0 27,1.0 28,1.0 29,3.0 37,6.0 39,3.0 45,2.0 47,4.0 48,2.0 49,1.0 53,5.0 54,15.0 55,6.0 57,1.0 58,2.0 59,4.0 60,1.0 64,4.0 65,1.0 69,17.0 70,3.0 82,2.0 84,2.0 87,3.0 92,3.0 94,4.0 98,2.0 108,2.0 113,3.0 121,3.0 123,2.0 129,4.0 130,1.0 132,4.0 144,1.0 162,3.0 172,1.0 177,4.0 179,2.0 180,2.0 196,6.0 272,2.0 347,4.0 
4,2.0 7,7.0 9,3.0 10,10.0 12,3.0 13,6.0 14,21.0 15,6.0 16,1.0 17,5.0 18,13.0 19,1.0 20,1.0 26,1.0 27,3.0 29,11.0 30,1.0 32,7.0 37,6.0 45,5.0 49,8.0 53,9.0 54,4.0 55,10.0 56,2.0 58,1.0 60,1.0 63,7.0 64,6.0 67,2.0 68,1.0 69,1.0 70,1.0 71,1.0 72,6.0 73,6.0 74,1.0 75,1.0 76,9.0 77,1.0 81,1.0 82,3.0 83,1.0 84,1.0 87,2.0 92,9.0 94,1.0 95,4.0 98,3.0 99,2.0 109,1.0 112,1.0 123,1.0 132,17.0 133,5.0 134,2.0 136,1.0 137,1.0 138,1.0 142,1.0 143,2.0 144,1.0 146,1.0 148,4.0 151,1.0 154,4.0 157,1.0 179,2.0 188,2.0 197,1.0 198,1.0 199,3.0 209,1.0 215,6.0 236,2.0 251,1.0 252,1.0 253,1.0 254,1.0 272,2.0 328,1.0 347,2.0 350,1.0 359,8.0 
7,4.0 8,3.0 10,3.0 12,1.0 13,15.0 15,5.0 16,18.0 17,4.0 18,19.0 19,1.0 20,1.0 23,1.0 24,1.0 27,3.0 31,10.0 36,8.0 44,4.0 47,9.0 49,1.0 53,6.0 54,11.0 55,5.0 56,3.0 58,1.0 59,1.0 60,5.0 63,4.0 64,13.0 69,4.0 70,6.0 71,1.0 72,9.0 73,9.0 76,14.0 79,1.0 80,1.0 81,1.0 82,3.0 84,2.0 86,6.0 87,24.0 89,3.0 90,1.0 92,12.0 94,4.0 98,1.0 100,6.0 108,2.0 113,6.0 121,2.0 127,2.0 129,1.0 130,1.0 131,8.0 133,36.0 134,13.0 141,4.0 142,1.0 144,2.0 148,1.0 149,4.0 155,4.0 157,1.0 159,4.0 160,4.0 162,4.0 163,4.0 179,2.0 180,2.0 181,6.0 190,1.0 191,1.0 196,2.0 216,6.0 221,3.0 233,2.0 234,1.0 235,1.0 240,8.0 246,8.0 271,8.0 279,2.0 307,1.0 308,1.0 314,8.0 332,2.0 333,2.0 346,1.0 347,2.0 359,1.0 
4,2.0 7,2.0 8,1.0 10,4.0 12,9.0 13,2.0 15,3.0 18,3.0 20,9.0 25,1.0 26,4.0 29,2.0 36,1.0 53,1.0 55,2.0 59,1.0 63,2.0 64,9.0 66,2.0 68,6.0 72,2.0 73,2.0 76,6.0 86,2.0 92,1.0 100,4.0 127,1.0 138,4.0 157,6.0 181,2.0 205,1.0 240,2.0 246,2.0 248,1.0 249,1.0 250,1.0 271,2.0 314,2.0 346,1.0 
0,1.0 1,1.0 7,1.0 13,1.0 14,1.0 16,3.0 31,2.0 36,1.0 48,1.0 49,1.0 50,1.0 55,1.0 64,1.0 72,3.0 73,2.0 93,3.0 144,1.0 236,1.0 
7,4.0 10,1.0 16,1.0 19,4.0 26,5.0 27,6.0 28,2.0 29,17.0 30,1.0 31,2.0 36,1.0 38,2.0 44,1.0 45,2.0 47,1.0 55,1.0 59,1.0 60,4.0 61,4.0 62,3.0 65,2.0 67,4.0 68,17.0 69,1.0 70,2.0 72,2.0 73,2.0 74,2.0 75,2.0 82,2.0 87,1.0 89,1.0 92,2.0 93,2.0 98,2.0 101,3.0 105,1.0 106,1.0 107,1.0 108,1.0 109,6.0 112,1.0 113,5.0 114,2.0 115,1.0 129,5.0 132,3.0 133,1.0 138,1.0 146,1.0 153,4.0 158,4.0 160,3.0 164,3.0 169,3.0 171,1.0 175,1.0 179,2.0 186,3.0 187,3.0 194,6.0 215,3.0 269,1.0 
8,1.0 10,1.0 13,1.0 17,1.0 18,1.0 26,1.0 28,1.0 29,5.0 36,1.0 43,1.0 44,1.0 46,4.0 47,8.0 53,5.0 55,1.0 56,1.0 58,1.0 60,2.0 61,1.0 62,1.0 64,1.0 69,3.0 70,5.0 76,1.0 87,1.0 92,1.0 94,1.0 95,1.0 99,2.0 113,3.0 129,1.0 163,1.0 188,1.0 196,3.0 205,1.0 243,1.0 247,1.0 256,1.0 257,1.0 266,1.0 267,1.0 328,1.0 346,16.0 351,2.0 353,3.0 358,1.0 
10,1.0 26,4.0 27,1.0 28,2.0 29,6.0 36,1.0 43,1.0 44,5.0 46,1.0 47,11.0 55,1.0 56,4.0 58,7.0 59,3.0 60,1.0 61,1.0 62,1.0 64,1.0 67,4.0 68,13.0 69,1.0 70,2.0 76,4.0 87,1.0 92,9.0 98,6.0 108,5.0 109,14.0 110,1.0 112,2.0 113,34.0 114,5.0 115,1.0 120,1.0 121,1.0 123,3.0 129,2.0 130,2.0 131,4.0 133,1.0 139,1.0 143,6.0 146,1.0 147,1.0 153,1.0 157,4.0 166,1.0 170,1.0 171,3.0 172,1.0 175,1.0 187,1.0 188,1.0 189,3.0 192,4.0 208,6.0 209,6.0 230,1.0 233,2.0 243,1.0 247,1.0 256,1.0 257,1.0 266,2.0 269,2.0 277,1.0 288,2.0 344,1.0 346,1.0 355,2.0 357,2.0 
10,1.0 12,1.0 14,1.0 18,1.0 19,1.0 20,2.0 26,2.0 27,6.0 28,3.0 29,1.0 30,5.0 31,1.0 36,1.0 44,1.0 47,2.0 58,4.0 59,1.0 60,1.0 61,1.0 62,12.0 67,5.0 68,3.0 69,9.0 70,3.0 83,1.0 89,1.0 92,1.0 94,1.0 96,1.0 97,1.0 103,11.0 104,4.0 105,1.0 107,1.0 122,4.0 128,3.0 129,12.0 135,1.0 145,4.0 158,6.0 168,3.0 176,1.0 186,3.0 196,6.0 202,3.0 269,1.0 345,1.0 
10,1.0 26,1.0 27,1.0 29,1.0 31,1.0 36,1.0 47,1.0 58,2.0 59,1.0 60,1.0 61,12.0 67,1.0 68,1.0 69,9.0 70,3.0 89,1.0 94,1.0 158,6.0 196,6.0 
7,3.0 11,1.0 15,3.0 18,2.0 28,2.0 29,1.0 46,1.0 54,8.0 59,1.0 63,1.0 64,2.0 69,1.0 72,3.0 76,5.0 79,3.0 83,3.0 100,2.0 127,2.0 138,2.0 240,2.0 246,2.0 271,2.0 314,2.0 346,1.0 
6,1.0 7,15.0 8,1.0 12,12.0 13,7.0 14,8.0 15,8.0 16,1.0 17,3.0 18,7.0 19,3.0 20,14.0 26,7.0 27,3.0 28,2.0 30,2.0 36,6.0 47,1.0 49,1.0 53,5.0 54,7.0 55,15.0 56,2.0 59,1.0 60,2.0 61,2.0 62,2.0 64,2.0 68,7.0 69,4.0 70,6.0 71,1.0 72,2.0 73,2.0 76,8.0 81,1.0 82,2.0 84,2.0 85,1.0 86,1.0 87,19.0 92,8.0 99,1.0 113,4.0 121,4.0 127,1.0 129,4.0 132,7.0 133,1.0 134,4.0 137,1.0 138,24.0 139,4.0 140,1.0 146,6.0 148,2.0 157,1.0 158,2.0 168,1.0 169,4.0 170,1.0 171,1.0 179,2.0 180,2.0 183,1.0 189,1.0 197,1.0 212,1.0 219,6.0 220,3.0 222,3.0 223,3.0 232,1.0 236,3.0 241,1.0 248,4.0 251,1.0 279,2.0 332,2.0 333,2.0 346,2.0 359,1.0 
7,2.0 19,2.0 21,1.0 23,1.0 29,4.0 38,2.0 39,1.0 42,1.0 48,5.0 66,1.0 74,2.0 75,2.0 113,4.0 
21,1.0 23,1.0 25,2.0 26,1.0 27,1.0 42,1.0 58,1.0 61,1.0 62,1.0 64,1.0 67,1.0 68,1.0 92,1.0 100,2.0 132,1.0 205,1.0 
12,3.0 20,3.0 26,13.0 27,16.0 29,8.0 30,2.0 43,1.0 44,14.0 45,1.0 46,1.0 47,9.0 58,9.0 61,2.0 62,2.0 68,7.0 69,1.0 70,1.0 84,2.0 87,2.0 92,14.0 96,1.0 98,11.0 99,6.0 106,3.0 107,3.0 108,4.0 109,6.0 112,3.0 113,4.0 114,2.0 129,2.0 132,2.0 134,2.0 144,6.0 146,4.0 148,2.0 159,3.0 163,6.0 164,3.0 167,3.0 180,2.0 186,3.0 187,3.0 188,18.0 189,7.0 192,10.0 197,6.0 198,6.0 201,3.0 202,3.0 203,3.0 205,1.0 232,3.0 237,1.0 243,1.0 253,1.0 268,1.0 269,2.0 332,2.0 333,2.0 339,2.0 341,2.0 368,1.0 369,1.0 
6,1.0 12,4.0 13,1.0 14,2.0 15,1.0 16,5.0 18,4.0 20,4.0 26,21.0 27,18.0 28,3.0 29,32.0 30,5.0 31,3.0 38,2.0 44,5.0 47,3.0 53,1.0 54,1.0 55,6.0 58,13.0 60,8.0 61,3.0 62,2.0 64,9.0 65,2.0 67,6.0 69,1.0 70,6.0 74,2.0 75,2.0 85,1.0 87,10.0 89,2.0 92,1.0 94,2.0 96,1.0 97,1.0 98,2.0 108,1.0 109,6.0 112,1.0 113,11.0 114,9.0 115,1.0 116,1.0 118,1.0 121,1.0 123,8.0 124,3.0 129,5.0 130,1.0 133,5.0 134,5.0 136,1.0 138,4.0 143,6.0 144,1.0 166,1.0 170,1.0 172,1.0 176,1.0 187,2.0 189,2.0 192,1.0 194,6.0 204,3.0 205,2.0 208,6.0 209,6.0 219,3.0 237,1.0 251,1.0 265,1.0 345,1.0 358,1.0 
7,1.0 12,4.0 14,2.0 15,3.0 19,1.0 20,1.0 29,2.0 41,1.0 44,2.0 45,2.0 47,1.0 53,14.0 54,10.0 55,6.0 60,5.0 63,2.0 64,5.0 68,5.0 70,19.0 71,1.0 72,3.0 73,1.0 76,5.0 77,1.0 78,1.0 79,3.0 80,1.0 82,2.0 83,2.0 84,2.0 85,1.0 86,1.0 87,2.0 88,1.0 92,2.0 94,9.0 98,2.0 108,3.0 113,9.0 114,1.0 121,5.0 129,3.0 131,4.0 132,7.0 133,5.0 134,3.0 138,3.0 144,1.0 158,15.0 162,12.0 168,3.0 177,3.0 179,2.0 180,2.0 196,23.0 214,3.0 233,2.0 241,1.0 
14,1.0 15,10.0 18,4.0 19,1.0 20,1.0 26,8.0 27,4.0 29,8.0 30,4.0 31,2.0 33,1.0 41,1.0 47,1.0 53,4.0 54,4.0 55,10.0 59,1.0 60,4.0 61,8.0 62,8.0 64,4.0 68,8.0 69,20.0 71,1.0 72,2.0 73,2.0 76,12.0 77,1.0 78,1.0 79,1.0 80,1.0 83,1.0 87,6.0 88,1.0 89,2.0 92,5.0 94,2.0 95,2.0 99,3.0 100,2.0 113,6.0 121,5.0 123,1.0 127,2.0 129,3.0 132,2.0 133,6.0 134,3.0 135,1.0 138,12.0 145,4.0 146,4.0 157,1.0 158,22.0 163,3.0 168,3.0 177,3.0 196,2.0 233,2.0 240,2.0 246,2.0 346,1.0 
7,1.0 16,1.0 17,1.0 18,1.0 19,7.0 54,2.0 55,1.0 64,1.0 72,1.0 73,1.0 76,1.0 94,1.0 99,1.0 125,4.0 126,1.0 132,1.0 142,1.0 206,3.0 207,3.0 
7,2.0 10,4.0 16,4.0 18,4.0 26,4.0 27,3.0 30,1.0 31,2.0 36,2.0 39,2.0 43,2.0 44,6.0 45,5.0 46,8.0 47,8.0 54,4.0 55,10.0 56,2.0 57,3.0 63,3.0 64,2.0 67,5.0 69,2.0 72,3.0 73,123.0 74,1.0 75,1.0 76,9.0 77,2.0 78,1.0 79,4.0 83,4.0 85,4.0 86,82.0 87,1.0 90,1.0 92,1.0 93,4.0 94,4.0 100,4.0 112,1.0 122,2.0 131,2.0 134,1.0 140,2.0 142,1.0 143,4.0 144,7.0 151,1.0 163,1.0 181,82.0 182,8.0 183,2.0 184,2.0 190,1.0 191,1.0 193,6.0 194,6.0 240,2.0 245,2.0 246,2.0 250,1.0 259,2.0 260,10.0 268,1.0 274,1.0 307,2.0 308,2.0 317,10.0 318,2.0 319,10.0 323,2.0 324,4.0 325,4.0 326,2.0 327,4.0 328,3.0 329,2.0 330,2.0 331,2.0 332,18.0 333,18.0 334,2.0 335,2.0 336,2.0 337,2.0 339,2.0 341,2.0 
7,2.0 10,4.0 16,2.0 18,4.0 26,4.0 27,3.0 30,1.0 31,2.0 36,2.0 39,2.0 43,2.0 44,6.0 45,5.0 46,8.0 47,8.0 54,4.0 55,8.0 56,2.0 57,2.0 64,2.0 67,4.0 69,1.0 72,119.0 73,2.0 74,5.0 75,1.0 76,5.0 77,2.0 80,1.0 85,4.0 86,82.0 87,1.0 93,3.0 94,4.0 95,1.0 96,1.0 97,1.0 100,4.0 112,1.0 122,2.0 131,2.0 138,1.0 140,2.0 144,4.0 151,1.0 168,1.0 181,82.0 182,8.0 183,2.0 184,2.0 188,1.0 192,1.0 193,6.0 194,6.0 199,1.0 219,1.0 231,1.0 232,1.0 240,2.0 245,2.0 246,2.0 250,1.0 259,2.0 260,10.0 274,1.0 307,2.0 308,2.0 317,10.0 318,2.0 319,10.0 323,2.0 324,4.0 325,4.0 326,2.0 327,4.0 328,3.0 329,2.0 330,2.0 331,2.0 332,18.0 333,18.0 334,2.0 335,2.0 336,2.0 337,2.0 339,2.0 341,2.0 380,1.0 383,2.0 
7,2.0 9,1.0 10,1.0 14,1.0 17,1.0 19,2.0 27,1.0 32,1.0 38,2.0 44,2.0 54,1.0 60,1.0 65,2.0 68,1.0 69,1.0 70,1.0 72,1.0 74,3.0 75,16.0 76,1.0 77,1.0 78,1.0 79,2.0 80,1.0 83,9.0 87,1.0 94,5.0 95,1.0 98,2.0 140,8.0 142,5.0 143,6.0 144,3.0 145,5.0 194,6.0 210,6.0 256,1.0 332,1.0 349,1.0 
7,2.0 19,2.0 27,1.0 38,2.0 60,1.0 65,2.0 68,1.0 69,1.0 70,1.0 73,2.0 74,12.0 75,1.0 76,1.0 77,5.0 78,1.0 86,1.0 93,1.0 94,3.0 98,1.0 133,1.0 134,1.0 138,1.0 144,3.0 194,6.0 210,6.0 216,1.0 219,1.0 250,1.0 274,1.0 382,2.0 383,2.0 
7,8.0 12,18.0 13,9.0 15,8.0 16,5.0 18,33.0 19,2.0 20,15.0 27,8.0 28,1.0 29,1.0 30,5.0 31,7.0 32,1.0 36,2.0 37,2.0 41,1.0 44,6.0 47,1.0 54,9.0 55,15.0 56,7.0 60,3.0 63,3.0 64,11.0 69,5.0 70,9.0 71,1.0 72,11.0 73,10.0 74,1.0 75,1.0 76,3.0 77,1.0 78,1.0 79,1.0 80,1.0 82,4.0 83,2.0 84,1.0 85,1.0 86,3.0 87,10.0 89,3.0 92,5.0 94,11.0 95,2.0 98,3.0 99,7.0 100,3.0 108,4.0 112,1.0 113,3.0 120,4.0 127,1.0 131,2.0 132,3.0 133,9.0 134,16.0 135,1.0 138,11.0 140,1.0 142,1.0 144,3.0 151,1.0 157,7.0 158,2.0 162,4.0 163,19.0 179,4.0 181,2.0 183,1.0 197,3.0 198,3.0 241,1.0 244,1.0 245,1.0 267,1.0 268,1.0 270,2.0 328,3.0 346,1.0 380,1.0 
0,2.0 1,2.0 2,2.0 4,1.0 5,1.0 13,1.0 14,2.0 32,1.0 36,1.0 54,1.0 55,1.0 56,1.0 58,1.0 67,1.0 69,1.0 70,1.0 74,1.0 77,3.0 78,8.0 79,3.0 80,1.0 82,1.0 83,5.0 84,3.0 85,2.0 86,2.0 99,1.0 109,1.0 131,2.0 134,2.0 137,1.0 140,1.0 142,6.0 143,2.0 180,3.0 181,2.0 183,4.0 197,1.0 198,1.0 209,1.0 214,2.0 234,1.0 236,1.0 245,3.0 246,3.0 251,1.0 259,1.0 260,4.0 271,2.0 314,2.0 332,2.0 349,2.0 
5,1.0 13,1.0 14,1.0 26,1.0 32,1.0 36,1.0 55,1.0 67,1.0 69,1.0 70,1.0 72,1.0 75,2.0 77,4.0 78,1.0 79,1.0 80,1.0 83,3.0 84,3.0 98,1.0 132,1.0 133,1.0 134,2.0 180,3.0 182,4.0 215,1.0 216,1.0 234,1.0 236,1.0 245,3.0 246,4.0 268,1.0 381,2.0 382,2.0 
4,2.0 10,2.0 43,1.0 54,1.0 55,1.0 60,1.0 63,3.0 67,1.0 69,1.0 72,7.0 73,2.0 74,1.0 76,4.0 79,4.0 80,1.0 81,1.0 82,1.0 83,9.0 85,3.0 86,3.0 92,1.0 94,2.0 95,1.0 140,6.0 142,2.0 143,6.0 145,5.0 184,1.0 240,4.0 245,2.0 246,4.0 260,4.0 271,5.0 314,2.0 
26,1.0 44,2.0 45,1.0 54,1.0 55,1.0 67,1.0 74,1.0 78,2.0 79,1.0 81,1.0 82,1.0 95,1.0 98,2.0 132,1.0 134,1.0 168,1.0 176,1.0 199,1.0 215,1.0 246,1.0 247,1.0 380,2.0 381,2.0 
7,4.0 13,1.0 15,1.0 18,1.0 54,2.0 55,2.0 64,5.0 72,2.0 73,2.0 76,3.0 81,6.0 82,9.0 83,1.0 84,3.0 85,6.0 87,1.0 94,6.0 127,1.0 132,2.0 136,6.0 137,18.0 138,2.0 142,6.0 144,6.0 145,4.0 163,2.0 179,4.0 180,2.0 197,1.0 212,1.0 215,2.0 
7,2.0 18,2.0 26,4.0 29,2.0 39,2.0 54,5.0 55,2.0 58,3.0 64,2.0 67,1.0 72,18.0 73,18.0 76,7.0 77,1.0 81,3.0 83,5.0 84,1.0 93,2.0 132,2.0 137,2.0 179,22.0 187,2.0 272,2.0 342,2.0 
5,1.0 9,1.0 10,1.0 13,9.0 14,2.0 17,1.0 18,8.0 32,2.0 36,1.0 44,1.0 47,1.0 51,1.0 54,1.0 55,8.0 60,2.0 63,3.0 64,1.0 68,1.0 69,2.0 72,5.0 74,9.0 76,13.0 77,4.0 78,3.0 79,9.0 83,7.0 84,10.0 85,1.0 86,1.0 87,5.0 92,1.0 94,12.0 95,2.0 98,1.0 108,2.0 114,1.0 130,2.0 133,4.0 137,1.0 139,4.0 140,20.0 142,2.0 143,11.0 144,8.0 145,17.0 162,4.0 163,4.0 172,2.0 180,4.0 184,4.0 234,1.0 236,1.0 240,1.0 245,3.0 246,3.0 256,1.0 261,1.0 332,3.0 349,3.0 
5,1.0 13,1.0 14,1.0 26,4.0 27,1.0 29,2.0 32,1.0 36,1.0 39,2.0 53,2.0 54,2.0 55,2.0 58,2.0 64,3.0 68,1.0 69,3.0 76,5.0 77,3.0 78,3.0 81,4.0 82,18.0 83,4.0 84,1.0 85,5.0 86,1.0 87,2.0 93,2.0 98,2.0 126,2.0 132,4.0 134,2.0 137,4.0 179,18.0 180,26.0 187,2.0 234,1.0 236,1.0 240,1.0 245,4.0 246,3.0 272,2.0 338,2.0 339,4.0 340,2.0 342,2.0 
0,2.0 1,2.0 2,2.0 7,1.0 15,1.0 18,1.0 27,1.0 28,2.0 39,2.0 54,2.0 60,1.0 64,3.0 69,1.0 75,1.0 76,2.0 77,2.0 79,3.0 81,6.0 85,5.0 86,13.0 92,1.0 93,2.0 94,12.0 98,1.0 113,2.0 136,6.0 137,6.0 138,2.0 140,4.0 142,6.0 143,3.0 144,20.0 145,3.0 176,6.0 181,4.0 182,4.0 184,3.0 233,2.0 268,1.0 271,4.0 286,2.0 289,2.0 314,4.0 
4,6.0 10,8.0 15,2.0 16,8.0 18,4.0 21,14.0 22,4.0 23,4.0 24,12.0 36,10.0 44,4.0 45,4.0 46,2.0 47,4.0 50,4.0 54,1.0 55,8.0 56,2.0 60,2.0 63,2.0 64,1.0 69,1.0 75,1.0 77,2.0 79,5.0 85,8.0 86,1.0 94,2.0 98,1.0 100,8.0 122,2.0 127,2.0 131,4.0 140,4.0 143,3.0 144,10.0 145,2.0 181,86.0 182,12.0 183,4.0 184,3.0 245,2.0 248,2.0 259,4.0 260,16.0 268,2.0 271,82.0 307,2.0 308,2.0 314,82.0 315,4.0 316,2.0 317,10.0 318,2.0 319,10.0 320,4.0 321,2.0 322,6.0 327,2.0 328,2.0 329,2.0 330,2.0 
7,1.0 8,3.0 12,2.0 13,23.0 14,6.0 15,2.0 16,5.0 17,3.0 18,13.0 20,6.0 26,4.0 27,2.0 30,1.0 31,4.0 32,1.0 36,6.0 47,4.0 48,2.0 51,2.0 53,3.0 54,2.0 55,16.0 58,1.0 59,2.0 60,4.0 64,19.0 66,1.0 68,4.0 69,1.0 70,19.0 72,1.0 73,1.0 76,11.0 82,2.0 83,2.0 84,2.0 85,1.0 87,4.0 89,3.0 92,3.0 94,4.0 98,1.0 100,4.0 108,1.0 113,9.0 114,1.0 120,1.0 122,1.0 123,2.0 127,1.0 131,1.0 132,9.0 133,17.0 134,25.0 135,2.0 136,4.0 137,1.0 138,9.0 143,1.0 144,2.0 145,6.0 149,4.0 157,1.0 158,12.0 159,4.0 160,4.0 162,4.0 163,4.0 179,2.0 180,2.0 186,1.0 187,1.0 205,1.0 217,3.0 218,3.0 221,1.0 234,5.0 235,1.0 236,5.0 238,1.0 239,1.0 241,2.0 242,1.0 244,1.0 245,1.0 248,4.0 272,1.0 273,1.0 274,1.0 328,2.0 346,3.0 347,2.0 
64,1.0 
13,5.0 16,2.0 18,1.0 23,1.0 24,1.0 31,13.0 55,3.0 76,1.0 87,4.0 90,7.0 91,1.0 94,1.0 122,1.0 134,1.0 143,1.0 144,1.0 145,2.0 190,5.0 191,5.0 234,1.0 235,1.0 245,1.0 307,2.0 308,1.0 378,1.0 379,1.0 
12,5.0 18,1.0 20,4.0 72,1.0 76,10.0 87,1.0 91,1.0 134,8.0 144,1.0 163,8.0 190,8.0 191,8.0 307,1.0 378,1.0 379,1.0 
76,1.0 87,1.0 90,1.0 
8,1.0 13,3.0 14,3.0 15,2.0 17,1.0 18,1.0 27,18.0 28,8.0 29,9.0 30,16.0 36,5.0 44,23.0 45,11.0 47,35.0 51,1.0 53,1.0 54,1.0 55,11.0 56,9.0 57,2.0 58,3.0 59,3.0 60,7.0 61,1.0 64,5.0 66,1.0 67,14.0 68,1.0 69,5.0 70,3.0 72,2.0 73,2.0 74,2.0 76,5.0 77,1.0 79,2.0 83,4.0 85,1.0 86,1.0 87,8.0 92,1.0 93,2.0 95,2.0 96,6.0 97,1.0 98,12.0 100,7.0 109,8.0 112,3.0 113,16.0 123,4.0 124,1.0 129,1.0 133,5.0 137,1.0 140,7.0 143,4.0 144,6.0 145,5.0 146,22.0 147,4.0 148,4.0 149,4.0 150,4.0 151,4.0 152,4.0 153,4.0 157,4.0 158,3.0 163,3.0 164,3.0 167,6.0 168,3.0 184,1.0 188,10.0 189,1.0 192,6.0 193,6.0 196,5.0 201,3.0 205,2.0 209,1.0 216,3.0 236,1.0 243,3.0 256,1.0 268,1.0 309,3.0 328,3.0 332,1.0 345,1.0 346,2.0 348,1.0 349,1.0 358,1.0 368,1.0 
16,4.0 26,2.0 27,1.0 31,2.0 55,2.0 57,3.0 58,2.0 72,6.0 73,5.0 80,1.0 82,2.0 85,1.0 95,1.0 144,3.0 168,1.0 176,1.0 179,2.0 187,2.0 199,1.0 250,2.0 274,2.0 380,1.0 383,1.0 
7,1.0 13,8.0 15,2.0 18,12.0 27,3.0 28,3.0 29,3.0 36,2.0 44,1.0 54,1.0 55,10.0 59,4.0 60,1.0 64,2.0 67,2.0 68,1.0 70,1.0 72,5.0 73,4.0 74,4.0 75,3.0 76,11.0 77,1.0 78,1.0 79,2.0 80,1.0 81,6.0 82,1.0 83,10.0 85,6.0 87,4.0 94,5.0 95,11.0 96,3.0 97,3.0 98,1.0 129,3.0 130,3.0 131,2.0 133,4.0 136,6.0 137,6.0 138,2.0 139,4.0 140,13.0 142,7.0 143,2.0 144,32.0 145,6.0 162,14.0 163,4.0 164,4.0 165,4.0 166,4.0 168,3.0 182,1.0 183,1.0 184,2.0 199,3.0 205,1.0 240,5.0 245,1.0 246,6.0 256,4.0 271,4.0 305,1.0 314,2.0 328,1.0 346,3.0 
27,3.0 28,3.0 29,6.0 30,1.0 33,1.0 44,3.0 45,1.0 46,1.0 47,4.0 53,4.0 59,3.0 60,2.0 61,1.0 62,1.0 68,1.0 69,1.0 70,1.0 74,2.0 76,2.0 78,1.0 79,2.0 80,1.0 83,4.0 92,1.0 94,6.0 95,1.0 96,2.0 97,2.0 113,1.0 128,1.0 129,3.0 130,3.0 132,1.0 134,1.0 140,4.0 141,1.0 143,9.0 145,4.0 168,1.0 199,8.0 213,3.0 215,1.0 224,3.0 261,2.0 266,1.0 277,1.0 303,1.0 354,1.0 380,1.0 381,1.0 
13,2.0 18,1.0 28,1.0 30,5.0 31,3.0 44,1.0 47,11.0 63,1.0 67,3.0 69,1.0 72,1.0 76,6.0 77,1.0 78,1.0 79,1.0 83,6.0 84,1.0 87,2.0 89,3.0 92,1.0 94,4.0 97,10.0 98,2.0 123,4.0 124,4.0 134,3.0 140,4.0 144,4.0 149,4.0 150,4.0 151,4.0 152,4.0 153,4.0 163,6.0 180,1.0 188,4.0 192,1.0 205,1.0 231,1.0 232,1.0 245,1.0 246,1.0 
44,1.0 47,1.0 67,3.0 76,5.0 77,1.0 78,1.0 83,1.0 84,1.0 92,1.0 96,10.0 98,2.0 134,3.0 163,6.0 180,1.0 188,4.0 192,1.0 231,1.0 232,1.0 245,1.0 246,1.0 
12,1.0 15,2.0 20,1.0 26,6.0 27,7.0 28,4.0 29,2.0 30,7.0 44,15.0 45,5.0 47,7.0 55,2.0 58,6.0 59,1.0 60,8.0 67,11.0 68,3.0 69,4.0 70,2.0 76,3.0 84,1.0 92,17.0 96,7.0 99,3.0 100,3.0 108,2.0 109,10.0 110,1.0 112,3.0 113,9.0 114,1.0 123,1.0 133,2.0 146,1.0 149,4.0 150,4.0 151,4.0 152,4.0 153,4.0 164,3.0 167,3.0 187,1.0 188,6.0 189,10.0 192,3.0 196,2.0 201,3.0 209,1.0 232,3.0 237,1.0 243,2.0 247,1.0 258,1.0 268,1.0 348,1.0 
7,1.0 12,4.0 16,5.0 17,1.0 19,1.0 20,4.0 27,8.0 28,2.0 29,1.0 30,8.0 31,4.0 33,1.0 44,1.0 46,1.0 54,1.0 59,1.0 64,1.0 71,1.0 77,2.0 87,2.0 92,7.0 100,3.0 101,4.0 102,1.0 113,1.0 127,1.0 131,1.0 132,1.0 134,1.0 142,2.0 197,10.0 198,10.0 200,3.0 201,3.0 214,1.0 346,1.0 348,1.0 
10,6.0 12,1.0 16,1.0 20,1.0 27,2.0 30,2.0 31,1.0 55,4.0 56,5.0 63,2.0 72,2.0 73,2.0 86,4.0 87,10.0 92,3.0 99,3.0 101,1.0 102,1.0 127,2.0 146,3.0 181,4.0 240,6.0 246,6.0 271,8.0 314,8.0 
16,4.0 31,4.0 61,10.0 102,1.0 103,10.0 104,4.0 129,6.0 153,3.0 160,3.0 164,3.0 166,3.0 169,3.0 200,3.0 201,3.0 223,3.0 
16,1.0 31,1.0 61,1.0 101,1.0 103,1.0 104,1.0 233,2.0 298,2.0 300,2.0 
27,1.0 58,1.0 61,11.0 67,3.0 83,1.0 104,4.0 105,1.0 122,3.0 128,3.0 129,7.0 145,4.0 168,3.0 186,3.0 202,3.0 
27,1.0 58,1.0 61,4.0 67,3.0 103,4.0 105,1.0 186,3.0 202,3.0 
27,1.0 58,1.0 106,1.0 107,1.0 108,1.0 
27,1.0 60,1.0 67,3.0 98,1.0 107,4.0 108,4.0 109,1.0 110,2.0 112,1.0 113,1.0 159,3.0 203,3.0 
27,1.0 61,1.0 67,3.0 106,4.0 108,4.0 109,1.0 110,1.0 122,1.0 129,1.0 159,3.0 176,1.0 203,3.0 
8,1.0 13,1.0 15,5.0 27,1.0 29,1.0 30,1.0 53,1.0 54,9.0 58,5.0 60,3.0 67,3.0 68,5.0 70,4.0 74,1.0 75,1.0 76,1.0 87,1.0 94,1.0 106,4.0 107,4.0 109,4.0 110,1.0 112,1.0 113,5.0 114,5.0 120,13.0 121,2.0 127,4.0 130,6.0 132,4.0 144,1.0 158,3.0 159,3.0 163,3.0 166,1.0 170,1.0 172,6.0 177,1.0 186,3.0 203,3.0 212,3.0 241,1.0 242,1.0 
14,1.0 27,1.0 29,6.0 44,4.0 47,2.0 54,1.0 58,15.0 60,8.0 67,6.0 68,12.0 92,3.0 98,6.0 101,6.0 108,3.0 109,3.0 110,1.0 111,1.0 112,3.0 113,9.0 114,5.0 123,2.0 129,4.0 130,1.0 143,6.0 153,3.0 160,3.0 164,9.0 166,3.0 167,3.0 169,3.0 186,3.0 189,4.0 192,3.0 201,3.0 208,9.0 209,8.0 223,3.0 251,1.0 252,1.0 253,1.0 254,1.0 
27,1.0 58,1.0 60,2.0 98,1.0 109,1.0 111,1.0 114,1.0 
106,1.0 112,1.0 113,1.0 
30,4.0 58,3.0 60,1.0 61,1.0 67,3.0 92,3.0 98,4.0 106,1.0 107,1.0 109,6.0 110,1.0 113,4.0 118,4.0 121,1.0 129,1.0 151,4.0 153,1.0 164,3.0 166,1.0 167,3.0 170,1.0 171,1.0 173,1.0 174,1.0 175,1.0 201,3.0 328,4.0 343,4.0 344,4.0 
8,1.0 13,2.0 17,1.0 27,5.0 28,2.0 29,12.0 32,1.0 44,3.0 45,1.0 46,2.0 47,14.0 53,4.0 54,4.0 55,1.0 56,5.0 58,6.0 59,1.0 60,29.0 64,4.0 67,4.0 68,16.0 69,6.0 70,6.0 74,4.0 75,1.0 76,3.0 79,1.0 83,3.0 87,3.0 92,16.0 94,1.0 95,1.0 98,4.0 106,1.0 108,6.0 109,17.0 110,1.0 112,4.0 114,8.0 115,1.0 116,1.0 120,1.0 121,10.0 123,2.0 129,14.0 131,4.0 133,2.0 138,4.0 139,1.0 140,3.0 142,4.0 143,7.0 144,1.0 145,5.0 146,1.0 147,2.0 157,1.0 164,3.0 167,7.0 168,4.0 169,4.0 170,1.0 171,1.0 177,3.0 201,3.0 204,3.0 208,9.0 209,6.0 222,3.0 223,3.0 243,1.0 244,1.0 256,2.0 268,2.0 295,2.0 348,2.0 355,2.0 357,3.0 
12,1.0 20,1.0 26,2.0 27,2.0 29,4.0 44,2.0 58,4.0 60,4.0 67,3.0 68,10.0 69,1.0 87,1.0 98,1.0 101,3.0 108,1.0 109,4.0 112,1.0 113,2.0 115,1.0 121,1.0 123,3.0 124,3.0 129,2.0 130,2.0 131,1.0 164,3.0 166,4.0 170,1.0 172,1.0 186,1.0 187,4.0 188,1.0 189,1.0 192,1.0 208,3.0 223,3.0 251,1.0 265,1.0 
29,1.0 68,1.0 113,1.0 116,1.0 
117,1.0 118,1.0 119,1.0 204,3.0 
116,1.0 
5,1.0 16,1.0 27,1.0 30,3.0 36,1.0 46,1.0 60,4.0 85,1.0 109,3.0 112,3.0 113,1.0 119,1.0 144,1.0 151,3.0 176,1.0 205,4.0 238,1.0 239,1.0 269,1.0 328,4.0 343,4.0 344,5.0 345,1.0 
60,1.0 113,1.0 118,1.0 
54,8.0 76,1.0 108,13.0 121,1.0 127,4.0 132,4.0 163,3.0 212,3.0 
53,3.0 64,4.0 69,3.0 70,3.0 77,2.0 85,2.0 109,3.0 112,1.0 113,10.0 114,3.0 122,1.0 129,10.0 138,4.0 166,1.0 169,4.0 170,2.0 171,1.0 173,1.0 174,1.0 177,3.0 208,3.0 222,3.0 223,3.0 233,2.0 
8,1.0 15,1.0 53,4.0 69,3.0 70,3.0 72,2.0 73,2.0 80,1.0 86,2.0 108,1.0 113,3.0 121,3.0 123,1.0 124,1.0 128,3.0 129,3.0 130,1.0 144,2.0 145,1.0 172,1.0 176,2.0 181,2.0 182,6.0 240,2.0 245,2.0 246,2.0 260,6.0 271,2.0 314,2.0 
6,1.0 13,1.0 14,2.0 15,1.0 19,4.0 26,1.0 27,1.0 28,1.0 36,2.0 44,1.0 47,3.0 48,8.0 53,1.0 54,1.0 65,4.0 67,1.0 68,3.0 70,2.0 71,4.0 79,1.0 85,1.0 86,1.0 87,1.0 92,4.0 98,1.0 113,2.0 124,13.0 143,1.0 184,1.0 189,1.0 237,1.0 238,1.0 239,1.0 261,1.0 281,1.0 292,1.0 295,1.0 
19,4.0 48,8.0 65,4.0 71,4.0 123,13.0 281,1.0 292,1.0 295,1.0 
69,4.0 70,1.0 126,1.0 158,3.0 196,3.0 206,3.0 207,3.0 
54,2.0 69,1.0 70,1.0 76,2.0 82,2.0 84,2.0 125,1.0 179,2.0 180,2.0 339,2.0 
12,1.0 20,2.0 28,1.0 29,2.0 63,2.0 68,1.0 69,1.0 76,1.0 81,2.0 87,1.0 95,4.0 100,2.0 113,1.0 114,1.0 131,1.0 132,1.0 135,1.0 137,2.0 157,1.0 163,4.0 186,1.0 187,1.0 197,1.0 199,3.0 205,1.0 212,4.0 213,3.0 215,1.0 240,2.0 246,2.0 268,1.0 271,2.0 314,2.0 328,1.0 
53,3.0 59,1.0 69,3.0 70,3.0 95,1.0 113,3.0 121,3.0 122,3.0 129,4.0 130,1.0 346,1.0 
12,2.0 13,1.0 14,1.0 16,1.0 18,3.0 19,3.0 20,3.0 27,3.0 28,2.0 29,3.0 30,2.0 44,3.0 47,3.0 53,3.0 58,1.0 60,1.0 61,11.0 64,4.0 68,4.0 69,7.0 70,3.0 71,1.0 76,1.0 81,1.0 83,1.0 87,1.0 92,1.0 96,1.0 97,1.0 103,7.0 107,1.0 109,4.0 113,14.0 114,5.0 121,10.0 122,4.0 128,3.0 130,15.0 134,4.0 135,1.0 137,1.0 138,4.0 145,4.0 158,3.0 168,3.0 169,4.0 170,1.0 171,1.0 176,1.0 177,3.0 196,3.0 204,3.0 208,3.0 217,3.0 222,3.0 223,3.0 290,2.0 302,2.0 305,1.0 345,1.0 
8,1.0 15,1.0 20,1.0 27,1.0 29,2.0 31,1.0 44,1.0 53,1.0 58,5.0 60,2.0 68,1.0 69,4.0 87,1.0 89,1.0 108,6.0 109,3.0 112,1.0 114,2.0 121,1.0 129,14.0 134,4.0 158,3.0 166,1.0 170,1.0 172,6.0 177,1.0 186,3.0 196,3.0 217,3.0 290,2.0 302,2.0 305,1.0 
14,1.0 36,6.0 54,1.0 55,6.0 59,2.0 60,4.0 63,2.0 68,3.0 69,2.0 72,2.0 73,2.0 76,2.0 77,1.0 86,2.0 87,1.0 99,1.0 100,2.0 109,1.0 113,4.0 127,2.0 134,4.0 142,1.0 181,2.0 209,1.0 214,4.0 240,4.0 246,4.0 251,1.0 271,4.0 314,4.0 346,2.0 
0,1.0 7,2.0 12,3.0 15,1.0 16,1.0 17,1.0 18,1.0 19,4.0 20,2.0 25,1.0 29,4.0 44,2.0 45,4.0 53,3.0 54,15.0 55,5.0 64,2.0 69,5.0 70,7.0 71,1.0 72,2.0 73,2.0 75,1.0 76,3.0 78,1.0 81,1.0 82,4.0 84,2.0 87,8.0 92,4.0 95,4.0 98,2.0 99,1.0 127,2.0 131,1.0 133,9.0 134,9.0 135,2.0 137,1.0 138,7.0 143,1.0 157,3.0 158,7.0 163,1.0 179,4.0 180,2.0 196,3.0 197,3.0 199,3.0 215,11.0 216,4.0 242,1.0 381,1.0 382,1.0 
7,1.0 12,4.0 13,4.0 15,2.0 16,5.0 18,11.0 20,1.0 31,1.0 44,4.0 47,4.0 55,21.0 60,4.0 64,1.0 69,5.0 70,10.0 73,1.0 75,1.0 76,7.0 87,17.0 92,4.0 94,4.0 108,3.0 113,1.0 121,2.0 127,2.0 129,4.0 130,4.0 132,1.0 134,13.0 138,12.0 141,8.0 142,5.0 144,1.0 149,4.0 158,8.0 159,4.0 160,4.0 162,4.0 163,7.0 196,2.0 216,10.0 219,1.0 221,3.0 233,2.0 242,1.0 382,1.0 383,1.0 
7,1.0 12,10.0 13,1.0 14,1.0 15,2.0 16,8.0 18,12.0 20,10.0 27,3.0 30,3.0 31,3.0 54,2.0 55,6.0 60,3.0 64,3.0 68,3.0 70,12.0 73,1.0 75,2.0 76,18.0 77,1.0 78,1.0 80,1.0 82,2.0 84,2.0 87,26.0 92,3.0 99,3.0 108,3.0 109,1.0 113,3.0 120,3.0 131,4.0 132,8.0 133,14.0 134,1.0 135,7.0 136,4.0 137,1.0 138,15.0 142,1.0 149,4.0 158,12.0 159,4.0 160,4.0 163,20.0 179,2.0 180,2.0 197,3.0 198,3.0 208,3.0 209,1.0 212,3.0 214,4.0 215,4.0 216,2.0 217,6.0 218,3.0 219,4.0 228,3.0 229,3.0 230,3.0 234,2.0 235,1.0 236,1.0 251,1.0 380,1.0 381,1.0 382,2.0 383,1.0 
12,4.0 13,2.0 15,1.0 16,2.0 18,4.0 20,14.0 31,2.0 39,2.0 40,2.0 41,2.0 54,1.0 55,2.0 76,1.0 81,2.0 85,2.0 87,5.0 89,2.0 94,2.0 114,1.0 127,1.0 132,1.0 134,7.0 136,2.0 137,2.0 142,2.0 144,2.0 157,1.0 163,5.0 186,1.0 187,1.0 208,3.0 212,3.0 215,3.0 217,3.0 228,3.0 229,3.0 230,3.0 267,2.0 279,1.0 280,1.0 
7,1.0 15,1.0 18,1.0 26,3.0 27,3.0 54,1.0 64,6.0 68,3.0 76,2.0 81,6.0 85,6.0 94,6.0 136,2.0 137,10.0 138,3.0 142,6.0 144,6.0 168,1.0 185,1.0 218,3.0 
7,4.0 13,1.0 15,1.0 18,1.0 54,1.0 55,2.0 56,2.0 64,6.0 72,2.0 73,2.0 74,1.0 76,2.0 77,1.0 81,22.0 82,4.0 83,2.0 84,2.0 85,6.0 87,1.0 94,6.0 108,4.0 120,4.0 127,1.0 132,2.0 136,7.0 137,6.0 138,3.0 140,5.0 142,6.0 143,2.0 144,6.0 163,2.0 168,3.0 179,4.0 180,2.0 197,1.0 212,1.0 215,2.0 332,2.0 349,2.0 
7,4.0 12,14.0 13,1.0 15,4.0 18,7.0 19,3.0 20,6.0 25,1.0 28,1.0 29,1.0 31,2.0 51,1.0 53,3.0 54,7.0 55,3.0 56,1.0 61,6.0 62,6.0 64,18.0 66,1.0 69,3.0 70,12.0 73,1.0 76,11.0 87,6.0 89,2.0 96,1.0 97,1.0 113,4.0 121,4.0 127,1.0 129,4.0 132,11.0 133,3.0 134,11.0 135,1.0 139,4.0 140,1.0 157,3.0 158,11.0 163,9.0 168,1.0 169,4.0 170,1.0 171,1.0 183,1.0 188,1.0 192,1.0 196,3.0 197,3.0 215,3.0 216,3.0 219,10.0 220,3.0 222,3.0 223,3.0 227,3.0 231,1.0 232,1.0 320,1.0 383,1.0 
13,4.0 18,4.0 27,3.0 55,8.0 76,4.0 83,4.0 87,4.0 92,3.0 94,4.0 133,5.0 136,1.0 140,5.0 141,1.0 144,4.0 145,4.0 162,4.0 163,4.0 220,3.0 242,1.0 
9,1.0 10,1.0 13,8.0 14,1.0 17,1.0 18,8.0 32,1.0 36,2.0 44,1.0 54,1.0 55,11.0 60,1.0 72,5.0 73,4.0 74,8.0 76,9.0 79,8.0 83,20.0 85,2.0 86,2.0 87,5.0 94,17.0 95,2.0 98,1.0 122,2.0 131,2.0 133,5.0 137,8.0 139,5.0 140,5.0 142,5.0 143,9.0 144,12.0 145,12.0 146,4.0 147,4.0 162,4.0 163,4.0 181,2.0 182,4.0 184,2.0 240,6.0 245,2.0 246,6.0 256,1.0 260,6.0 271,7.0 314,4.0 332,1.0 349,1.0 
27,3.0 29,3.0 47,4.0 54,4.0 96,4.0 128,2.0 132,1.0 139,1.0 142,10.0 221,3.0 242,1.0 
4,1.0 7,1.0 14,1.0 15,1.0 18,1.0 47,4.0 53,1.0 54,3.0 56,1.0 59,1.0 63,2.0 64,2.0 72,1.0 76,2.0 77,12.0 79,1.0 81,6.0 82,1.0 83,1.0 85,6.0 92,1.0 94,7.0 96,4.0 99,1.0 109,1.0 131,2.0 132,1.0 134,2.0 136,6.0 137,6.0 138,2.0 140,8.0 141,5.0 142,4.0 144,6.0 185,4.0 197,1.0 198,1.0 209,1.0 214,2.0 251,1.0 262,1.0 
7,6.0 9,1.0 10,1.0 14,1.0 17,1.0 18,1.0 19,6.0 29,6.0 30,3.0 32,1.0 44,1.0 47,3.0 53,1.0 54,1.0 58,10.0 60,2.0 61,1.0 64,2.0 68,6.0 69,1.0 74,11.0 76,1.0 77,1.0 79,6.0 80,1.0 83,10.0 85,3.0 86,3.0 87,1.0 92,3.0 94,4.0 95,3.0 98,1.0 109,6.0 137,1.0 140,9.0 141,4.0 142,1.0 143,4.0 144,2.0 145,10.0 184,1.0 208,6.0 209,6.0 269,1.0 294,1.0 332,3.0 349,3.0 
7,1.0 13,8.0 15,2.0 16,8.0 18,9.0 27,4.0 31,6.0 36,2.0 39,2.0 44,6.0 47,6.0 54,1.0 55,18.0 57,1.0 64,2.0 67,8.0 68,1.0 70,1.0 72,12.0 73,4.0 74,3.0 75,3.0 76,11.0 78,1.0 81,6.0 83,8.0 85,14.0 87,4.0 90,1.0 92,7.0 93,4.0 94,28.0 95,4.0 98,1.0 122,2.0 129,2.0 130,2.0 131,2.0 133,4.0 134,1.0 136,6.0 137,6.0 138,2.0 139,4.0 140,10.0 142,6.0 143,5.0 144,7.0 145,4.0 162,4.0 163,5.0 176,6.0 182,4.0 188,6.0 190,1.0 191,1.0 192,6.0 240,9.0 246,9.0 250,1.0 260,2.0 268,1.0 271,6.0 274,1.0 314,6.0 
13,7.0 18,4.0 44,1.0 47,4.0 51,4.0 55,4.0 60,3.0 64,4.0 68,1.0 74,5.0 75,1.0 76,5.0 78,1.0 79,4.0 80,2.0 83,21.0 84,2.0 85,2.0 86,2.0 87,5.0 94,8.0 95,2.0 98,1.0 108,5.0 113,7.0 114,1.0 121,7.0 122,1.0 129,7.0 130,5.0 133,4.0 138,4.0 139,4.0 140,11.0 143,9.0 144,4.0 145,2.0 162,4.0 163,4.0 168,13.0 172,5.0 176,1.0 180,1.0 213,3.0 240,1.0 245,1.0 246,1.0 
7,1.0 10,2.0 12,1.0 13,2.0 14,4.0 17,2.0 20,1.0 27,1.0 28,7.0 29,1.0 36,2.0 44,1.0 45,3.0 47,1.0 53,8.0 60,1.0 61,1.0 64,3.0 67,3.0 68,1.0 69,5.0 87,6.0 92,21.0 98,3.0 100,6.0 109,4.0 112,3.0 113,3.0 129,1.0 146,1.0 147,15.0 167,3.0 201,3.0 236,3.0 243,3.0 281,3.0 292,1.0 293,1.0 297,2.0 309,3.0 345,1.0 
12,1.0 17,1.0 20,1.0 27,1.0 28,4.0 45,3.0 53,8.0 61,1.0 68,1.0 69,4.0 92,3.0 129,2.0 146,14.0 147,1.0 243,3.0 281,5.0 285,2.0 292,1.0 293,1.0 297,2.0 309,3.0 345,1.0 
18,1.0 29,4.0 32,1.0 49,1.0 54,1.0 55,2.0 76,1.0 92,4.0 94,1.0 140,4.0 144,1.0 237,1.0 240,1.0 243,1.0 244,1.0 246,1.0 359,1.0 
30,4.0 47,4.0 83,4.0 94,4.0 96,4.0 140,4.0 144,4.0 150,4.0 151,8.0 152,8.0 153,8.0 159,4.0 160,4.0 161,4.0 
30,4.0 39,2.0 42,2.0 47,4.0 83,4.0 94,4.0 96,4.0 140,4.0 144,4.0 146,1.0 147,1.0 149,4.0 150,3.0 151,4.0 152,4.0 153,4.0 171,3.0 233,7.0 296,2.0 
30,8.0 47,4.0 83,8.0 94,8.0 96,4.0 112,4.0 118,4.0 139,4.0 140,8.0 144,8.0 145,4.0 149,4.0 150,4.0 152,8.0 153,8.0 161,4.0 162,4.0 328,4.0 343,4.0 344,4.0 
30,4.0 47,4.0 83,8.0 94,8.0 96,4.0 139,4.0 140,8.0 144,8.0 145,4.0 149,4.0 150,4.0 151,8.0 153,8.0 161,4.0 162,4.0 
30,4.0 47,4.0 61,4.0 83,8.0 94,8.0 96,4.0 101,3.0 103,3.0 107,1.0 112,1.0 129,4.0 139,4.0 140,8.0 144,8.0 145,4.0 149,4.0 150,4.0 151,8.0 152,8.0 160,3.0 161,4.0 162,4.0 169,3.0 171,1.0 175,1.0 
146,4.0 147,4.0 155,4.0 
108,4.0 120,4.0 154,4.0 156,4.0 
155,4.0 
7,2.0 12,5.0 15,2.0 18,2.0 20,6.0 56,6.0 60,1.0 63,2.0 64,4.0 76,6.0 87,1.0 113,1.0 114,1.0 127,1.0 132,2.0 134,1.0 135,1.0 138,4.0 186,1.0 187,1.0 
15,3.0 18,2.0 20,3.0 26,4.0 27,4.0 29,5.0 31,2.0 60,3.0 61,6.0 62,6.0 68,8.0 69,18.0 70,21.0 76,5.0 89,2.0 94,3.0 113,3.0 131,3.0 132,3.0 133,6.0 134,9.0 135,3.0 138,11.0 145,3.0 162,9.0 163,3.0 168,6.0 196,15.0 212,3.0 214,3.0 215,6.0 216,3.0 219,3.0 228,3.0 
67,3.0 146,3.0 149,4.0 151,4.0 152,4.0 153,4.0 160,4.0 161,4.0 203,3.0 
61,3.0 101,3.0 103,3.0 129,3.0 149,4.0 151,4.0 152,4.0 153,7.0 159,4.0 161,4.0 169,3.0 
83,4.0 94,4.0 139,4.0 140,4.0 144,4.0 145,4.0 151,4.0 152,4.0 153,4.0 162,4.0 
0,1.0 13,4.0 18,7.0 28,3.0 29,3.0 38,1.0 40,1.0 55,4.0 76,4.0 83,4.0 87,4.0 94,17.0 96,3.0 97,3.0 133,4.0 139,4.0 140,4.0 144,4.0 145,4.0 163,4.0 164,4.0 165,4.0 166,4.0 168,3.0 199,6.0 306,1.0 
7,1.0 12,14.0 13,4.0 16,4.0 18,7.0 20,12.0 27,3.0 30,3.0 31,3.0 55,8.0 64,4.0 67,6.0 76,20.0 80,1.0 81,3.0 85,2.0 87,7.0 92,3.0 94,6.0 95,3.0 99,9.0 108,3.0 120,3.0 127,3.0 132,1.0 133,7.0 134,20.0 135,5.0 136,2.0 137,3.0 138,6.0 142,2.0 144,2.0 162,4.0 188,6.0 197,9.0 198,9.0 199,3.0 212,3.0 213,3.0 215,4.0 216,3.0 217,3.0 219,3.0 267,3.0 380,1.0 
27,4.0 58,3.0 61,3.0 68,3.0 92,3.0 101,3.0 103,3.0 109,3.0 113,7.0 129,6.0 165,4.0 166,7.0 167,4.0 223,3.0 
27,4.0 92,3.0 113,4.0 164,4.0 166,4.0 167,4.0 
27,4.0 61,3.0 92,3.0 101,3.0 103,3.0 112,1.0 113,4.0 121,1.0 129,3.0 164,7.0 165,4.0 167,4.0 170,1.0 173,1.0 174,1.0 223,3.0 
27,4.0 58,3.0 67,3.0 92,6.0 98,3.0 109,6.0 112,3.0 113,7.0 145,4.0 164,3.0 168,4.0 201,3.0 
13,3.0 47,3.0 51,3.0 64,4.0 70,1.0 78,1.0 80,1.0 94,3.0 95,1.0 96,3.0 97,3.0 108,3.0 113,7.0 121,7.0 129,7.0 130,3.0 132,2.0 134,1.0 138,5.0 145,16.0 162,3.0 172,3.0 199,1.0 213,1.0 215,1.0 263,1.0 380,1.0 381,1.0 
29,3.0 30,3.0 61,4.0 101,3.0 103,4.0 129,4.0 153,3.0 160,3.0 170,4.0 171,1.0 222,3.0 223,3.0 
29,3.0 30,3.0 61,1.0 103,1.0 112,1.0 121,1.0 129,1.0 145,3.0 166,1.0 168,3.0 169,1.0 171,1.0 173,1.0 174,1.0 
26,2.0 60,1.0 61,2.0 64,1.0 103,1.0 107,1.0 112,1.0 129,2.0 150,4.0 153,1.0 169,1.0 170,1.0 171,2.0 175,1.0 233,7.0 288,3.0 296,2.0 
8,1.0 15,1.0 29,1.0 53,1.0 58,4.0 60,2.0 68,1.0 108,6.0 109,3.0 112,1.0 114,1.0 121,1.0 130,6.0 166,1.0 170,1.0 177,1.0 186,3.0 
83,1.0 145,1.0 174,1.0 
83,1.0 145,1.0 173,1.0 
61,1.0 107,1.0 112,1.0 129,1.0 153,1.0 171,1.0 
8,1.0 15,1.0 26,1.0 27,1.0 39,2.0 45,1.0 53,1.0 80,1.0 85,6.0 92,1.0 93,2.0 98,2.0 108,1.0 122,1.0 130,1.0 144,6.0 172,1.0 176,2.0 247,1.0 268,1.0 
81,4.0 178,4.0 
82,4.0 
7,2.0 18,2.0 26,4.0 29,2.0 39,2.0 54,4.0 55,2.0 58,2.0 64,2.0 72,18.0 73,18.0 76,6.0 81,2.0 82,18.0 84,4.0 93,2.0 132,2.0 137,2.0 187,2.0 272,2.0 342,2.0 
5,1.0 13,1.0 14,1.0 26,4.0 29,2.0 32,1.0 36,1.0 39,2.0 53,2.0 54,2.0 55,2.0 58,2.0 64,2.0 68,1.0 69,2.0 76,4.0 77,3.0 78,3.0 81,4.0 82,18.0 83,3.0 84,22.0 86,4.0 87,2.0 93,2.0 98,1.0 126,2.0 132,4.0 134,2.0 137,4.0 179,18.0 180,1.0 187,2.0 234,1.0 236,1.0 245,3.0 246,3.0 272,2.0 338,2.0 339,4.0 340,2.0 342,2.0 
4,6.0 10,8.0 15,2.0 16,8.0 18,4.0 21,14.0 22,4.0 23,4.0 24,12.0 36,10.0 44,4.0 45,4.0 46,2.0 47,4.0 50,4.0 55,8.0 56,2.0 63,2.0 72,4.0 77,2.0 79,2.0 85,4.0 86,82.0 94,2.0 100,8.0 122,2.0 127,2.0 131,4.0 140,4.0 144,6.0 182,12.0 183,4.0 184,2.0 245,2.0 248,2.0 259,4.0 260,16.0 268,2.0 271,82.0 307,2.0 308,2.0 314,82.0 315,4.0 316,2.0 317,10.0 318,2.0 319,10.0 320,4.0 321,2.0 322,6.0 327,2.0 328,2.0 329,2.0 330,2.0 
4,2.0 10,2.0 26,1.0 58,1.0 67,1.0 72,4.0 73,4.0 85,2.0 86,8.0 122,8.0 137,4.0 140,2.0 144,8.0 177,4.0 181,8.0 182,10.0 187,1.0 240,8.0 245,4.0 246,8.0 260,20.0 271,13.0 314,12.0 
10,2.0 56,2.0 64,1.0 86,2.0 94,1.0 100,2.0 136,3.0 138,1.0 168,1.0 181,2.0 182,5.0 183,2.0 240,2.0 246,2.0 259,6.0 260,6.0 271,5.0 314,4.0 
47,2.0 60,2.0 79,2.0 85,8.0 86,4.0 94,6.0 113,2.0 140,4.0 143,2.0 144,2.0 145,1.0 162,3.0 181,2.0 271,2.0 314,2.0 
60,1.0 64,1.0 113,1.0 138,4.0 183,4.0 219,3.0 226,3.0 
12,1.0 20,1.0 58,3.0 67,3.0 98,1.0 101,3.0 106,3.0 107,3.0 108,3.0 109,3.0 114,1.0 153,3.0 160,3.0 169,3.0 187,2.0 188,1.0 202,3.0 
12,1.0 20,1.0 26,6.0 27,4.0 29,3.0 30,1.0 58,5.0 67,4.0 68,2.0 72,2.0 73,2.0 82,2.0 93,2.0 98,2.0 114,3.0 129,1.0 179,2.0 186,1.0 187,1.0 188,2.0 192,1.0 230,1.0 
12,3.0 20,3.0 26,4.0 27,7.0 29,2.0 30,1.0 44,8.0 47,7.0 60,3.0 67,18.0 68,2.0 77,1.0 78,1.0 83,1.0 84,1.0 92,6.0 96,1.0 97,1.0 98,10.0 99,6.0 109,3.0 144,6.0 163,6.0 180,1.0 187,1.0 189,3.0 192,7.0 197,6.0 198,6.0 230,3.0 231,4.0 232,4.0 245,1.0 246,1.0 247,1.0 257,1.0 258,1.0 369,1.0 
44,7.0 60,4.0 67,4.0 68,1.0 92,5.0 98,9.0 108,1.0 109,4.0 113,3.0 114,1.0 188,3.0 192,4.0 209,1.0 232,4.0 251,1.0 253,1.0 275,1.0 276,1.0 348,1.0 368,1.0 
12,4.0 18,1.0 20,3.0 72,1.0 76,8.0 90,8.0 134,8.0 144,1.0 163,8.0 191,8.0 
12,4.0 18,1.0 20,3.0 72,1.0 76,8.0 90,8.0 134,8.0 144,1.0 163,8.0 190,8.0 
26,1.0 27,1.0 44,10.0 47,6.0 67,11.0 77,1.0 78,1.0 83,1.0 84,1.0 92,10.0 96,1.0 97,1.0 98,3.0 144,6.0 180,1.0 187,1.0 188,7.0 189,4.0 230,1.0 231,1.0 232,1.0 245,1.0 246,1.0 368,1.0 
72,6.0 73,6.0 194,6.0 195,6.0 290,2.0 
72,6.0 73,6.0 74,6.0 75,6.0 193,6.0 210,6.0 211,6.0 
144,6.0 
12,3.0 15,2.0 53,3.0 55,2.0 60,3.0 68,3.0 69,23.0 70,2.0 94,6.0 113,3.0 121,2.0 131,3.0 132,3.0 133,2.0 134,3.0 138,3.0 158,15.0 162,12.0 168,3.0 214,3.0 233,2.0 
12,3.0 16,3.0 19,3.0 20,3.0 27,6.0 30,6.0 31,3.0 54,3.0 77,2.0 81,2.0 92,6.0 99,10.0 101,3.0 127,1.0 131,1.0 132,4.0 134,1.0 137,2.0 138,3.0 142,2.0 163,1.0 198,10.0 200,3.0 201,3.0 212,1.0 214,1.0 215,4.0 
12,3.0 16,3.0 20,3.0 27,6.0 30,6.0 31,3.0 77,2.0 92,6.0 99,10.0 101,3.0 131,1.0 134,1.0 142,2.0 197,10.0 200,3.0 201,3.0 214,1.0 
29,3.0 44,4.0 47,6.0 53,3.0 59,3.0 60,1.0 78,1.0 80,1.0 92,3.0 95,11.0 96,3.0 97,3.0 129,3.0 130,3.0 132,1.0 134,1.0 168,1.0 213,3.0 215,1.0 266,1.0 277,1.0 380,1.0 381,1.0 
16,3.0 31,3.0 61,3.0 101,3.0 103,3.0 104,3.0 201,3.0 
16,3.0 31,3.0 58,3.0 61,3.0 67,3.0 92,3.0 98,3.0 101,3.0 103,3.0 104,3.0 109,6.0 112,3.0 113,3.0 164,3.0 167,3.0 200,3.0 
67,3.0 106,3.0 107,3.0 108,3.0 186,3.0 
67,3.0 146,3.0 159,3.0 
60,3.0 113,3.0 116,3.0 118,3.0 205,3.0 357,3.0 
18,1.0 31,1.0 56,1.0 59,1.0 60,3.0 66,1.0 68,1.0 76,1.0 85,2.0 89,1.0 92,2.0 96,1.0 100,1.0 109,3.0 118,4.0 131,1.0 144,2.0 176,2.0 256,1.0 328,3.0 353,1.0 
69,3.0 125,3.0 158,3.0 196,3.0 207,3.0 
69,3.0 125,3.0 158,3.0 196,3.0 206,3.0 
12,3.0 18,3.0 29,6.0 58,6.0 68,7.0 101,3.0 109,9.0 114,4.0 143,6.0 164,3.0 166,3.0 188,3.0 209,6.0 223,3.0 229,3.0 230,6.0 231,3.0 264,1.0 
14,1.0 29,6.0 44,1.0 54,1.0 58,6.0 68,7.0 109,8.0 114,1.0 143,6.0 189,1.0 208,6.0 251,1.0 252,1.0 253,1.0 254,1.0 
74,6.0 75,6.0 194,6.0 
143,6.0 
12,3.0 18,3.0 20,3.0 81,2.0 95,3.0 127,4.0 132,1.0 134,3.0 135,3.0 137,2.0 163,4.0 197,1.0 199,3.0 208,3.0 213,3.0 215,1.0 228,3.0 229,3.0 230,3.0 
95,3.0 129,3.0 130,3.0 162,1.0 184,3.0 199,3.0 
14,1.0 54,1.0 60,3.0 68,3.0 77,1.0 109,1.0 113,3.0 131,4.0 134,4.0 142,1.0 209,1.0 251,1.0 
7,1.0 19,3.0 20,6.0 54,3.0 64,1.0 75,1.0 78,1.0 81,1.0 87,3.0 95,3.0 132,11.0 133,4.0 134,8.0 135,6.0 137,1.0 138,3.0 158,6.0 163,4.0 197,3.0 199,3.0 212,3.0 216,4.0 217,3.0 219,3.0 228,3.0 381,1.0 382,1.0 
12,3.0 55,3.0 73,1.0 75,1.0 129,3.0 130,3.0 133,10.0 134,1.0 138,4.0 141,3.0 163,3.0 219,1.0 221,3.0 382,1.0 383,1.0 
20,3.0 87,3.0 134,6.0 135,3.0 136,3.0 163,3.0 215,3.0 218,3.0 
26,3.0 27,3.0 64,3.0 68,3.0 136,3.0 
12,3.0 20,3.0 64,3.0 73,1.0 96,1.0 97,1.0 134,6.0 135,3.0 138,10.0 139,3.0 158,3.0 163,3.0 188,1.0 192,1.0 212,3.0 215,3.0 220,3.0 227,3.0 228,3.0 231,1.0 232,1.0 383,1.0 
27,3.0 55,3.0 92,3.0 139,3.0 
27,3.0 29,3.0 54,3.0 141,3.0 227,1.0 
29,3.0 30,3.0 169,3.0 170,3.0 223,3.0 
29,3.0 30,3.0 61,3.0 101,3.0 103,3.0 129,3.0 164,3.0 166,3.0 169,3.0 170,3.0 222,3.0 
225,3.0 
185,3.0 226,3.0 
138,3.0 185,3.0 219,3.0 
13,1.0 158,3.0 215,3.0 219,3.0 
12,3.0 18,3.0 20,3.0 134,3.0 135,3.0 208,3.0 212,3.0 229,3.0 230,3.0 
12,3.0 18,3.0 188,3.0 208,3.0 230,6.0 231,3.0 
12,3.0 18,3.0 26,4.0 27,4.0 67,4.0 98,3.0 187,1.0 188,6.0 192,1.0 208,3.0 229,3.0 230,3.0 231,6.0 
26,3.0 27,3.0 67,3.0 77,1.0 78,1.0 83,1.0 84,1.0 96,1.0 97,1.0 98,3.0 180,1.0 188,4.0 192,1.0 230,3.0 232,1.0 245,1.0 246,1.0 
60,3.0 77,1.0 78,1.0 83,1.0 84,1.0 96,1.0 97,1.0 98,3.0 109,3.0 180,1.0 188,4.0 189,4.0 192,1.0 231,1.0 245,1.0 246,1.0 251,1.0 253,1.0 275,1.0 276,1.0 
26,2.0 39,2.0 42,4.0 60,1.0 64,1.0 77,2.0 85,4.0 102,2.0 121,2.0 146,1.0 147,2.0 150,7.0 171,6.0 233,7.0 283,7.0 284,2.0 286,4.0 287,4.0 288,5.0 289,2.0 296,2.0 298,4.0 299,2.0 300,2.0 301,2.0 
5,3.0 13,5.0 14,3.0 28,1.0 32,3.0 36,3.0 45,1.0 64,2.0 83,1.0 87,5.0 92,1.0 134,1.0 145,1.0 146,1.0 147,1.0 234,2.0 235,1.0 236,5.0 243,1.0 309,1.0 
13,1.0 87,2.0 134,1.0 234,2.0 236,1.0 
4,2.0 5,3.0 7,6.0 10,1.0 13,14.0 14,14.0 15,1.0 17,1.0 18,2.0 28,1.0 32,5.0 36,9.0 45,1.0 54,2.0 57,2.0 64,4.0 83,1.0 87,4.0 92,1.0 132,1.0 143,1.0 145,1.0 146,1.0 147,1.0 234,4.0 236,4.0 243,1.0 248,2.0 309,1.0 360,1.0 363,1.0 
13,1.0 20,2.0 87,1.0 94,1.0 123,1.0 135,2.0 144,1.0 148,1.0 163,2.0 238,1.0 239,1.0 240,1.0 246,1.0 267,2.0 377,2.0 
5,1.0 13,1.0 16,2.0 23,1.0 24,1.0 36,1.0 83,1.0 87,1.0 145,1.0 239,2.0 307,1.0 308,1.0 
5,1.0 13,1.0 16,1.0 23,1.0 24,1.0 36,1.0 83,1.0 87,1.0 145,1.0 238,2.0 307,1.0 308,1.0 
4,4.0 10,6.0 15,2.0 18,2.0 21,2.0 27,2.0 36,2.0 43,2.0 44,6.0 45,4.0 46,8.0 47,8.0 55,6.0 56,2.0 67,1.0 70,2.0 72,84.0 73,84.0 76,2.0 79,2.0 84,1.0 94,3.0 98,1.0 100,2.0 122,2.0 131,2.0 140,4.0 144,3.0 182,4.0 240,1.0 245,2.0 246,89.0 248,2.0 260,6.0 271,2.0 321,2.0 323,2.0 324,4.0 325,4.0 326,2.0 327,2.0 328,2.0 331,2.0 332,2.0 333,2.0 
6,1.0 8,2.0 13,1.0 55,1.0 64,1.0 70,1.0 76,1.0 85,1.0 87,1.0 145,1.0 242,3.0 357,2.0 367,1.0 370,2.0 371,2.0 373,2.0 
13,1.0 85,1.0 87,1.0 127,1.0 128,1.0 132,1.0 141,1.0 145,1.0 241,3.0 357,2.0 373,2.0 
9,1.0 10,1.0 13,1.0 14,1.0 17,1.0 18,1.0 27,1.0 28,6.0 32,3.0 45,3.0 61,1.0 68,1.0 76,1.0 77,1.0 87,1.0 92,3.0 113,1.0 129,1.0 142,1.0 146,3.0 147,3.0 148,1.0 243,1.0 244,2.0 309,3.0 345,1.0 346,1.0 
13,1.0 18,1.0 32,2.0 76,1.0 87,1.0 94,1.0 144,1.0 145,1.0 245,1.0 
5,1.0 13,1.0 14,1.0 32,1.0 36,1.0 72,2.0 73,2.0 77,3.0 78,4.0 79,2.0 80,1.0 83,3.0 84,3.0 86,2.0 94,1.0 122,2.0 140,2.0 141,1.0 144,2.0 145,1.0 180,3.0 181,2.0 182,4.0 234,1.0 236,1.0 240,2.0 245,1.0 246,8.0 260,6.0 271,4.0 314,2.0 
4,4.0 5,1.0 10,6.0 13,1.0 14,1.0 15,2.0 18,2.0 21,2.0 26,1.0 27,1.0 32,1.0 36,3.0 43,2.0 44,7.0 45,4.0 46,8.0 47,8.0 55,6.0 56,2.0 67,2.0 70,2.0 72,84.0 73,84.0 76,2.0 77,3.0 78,4.0 79,2.0 80,1.0 83,3.0 84,3.0 94,3.0 98,1.0 100,2.0 122,2.0 131,2.0 140,4.0 142,1.0 144,3.0 180,3.0 182,4.0 234,1.0 236,1.0 240,89.0 245,5.0 246,2.0 248,2.0 260,6.0 271,2.0 321,2.0 323,2.0 324,4.0 325,4.0 326,2.0 327,2.0 328,2.0 331,2.0 332,2.0 333,2.0 
26,2.0 28,1.0 45,1.0 98,2.0 188,1.0 243,1.0 257,1.0 258,1.0 
13,2.0 14,3.0 21,4.0 22,2.0 36,2.0 54,1.0 64,2.0 72,2.0 73,2.0 87,2.0 132,2.0 236,1.0 240,2.0 246,2.0 249,1.0 250,1.0 271,2.0 314,2.0 321,2.0 332,2.0 333,2.0 
14,1.0 54,1.0 248,1.0 250,1.0 
14,1.0 16,1.0 54,1.0 55,1.0 72,1.0 73,1.0 80,1.0 93,2.0 95,1.0 144,1.0 168,1.0 199,1.0 248,1.0 249,1.0 274,2.0 380,1.0 383,1.0 
14,1.0 54,1.0 59,1.0 109,1.0 189,1.0 209,1.0 232,1.0 252,1.0 253,2.0 254,1.0 265,1.0 266,1.0 275,1.0 276,1.0 
253,1.0 254,1.0 255,1.0 256,1.0 
44,1.0 95,2.0 199,1.0 252,1.0 254,1.0 255,1.0 256,1.0 275,1.0 276,1.0 
252,1.0 253,1.0 255,1.0 256,1.0 
26,1.0 43,1.0 59,1.0 60,1.0 256,1.0 
26,2.0 27,1.0 29,2.0 43,1.0 44,1.0 47,1.0 59,3.0 60,1.0 68,1.0 74,2.0 83,2.0 94,5.0 140,2.0 143,1.0 145,1.0 255,1.0 346,1.0 
26,1.0 98,1.0 188,1.0 247,1.0 258,1.0 
26,1.0 84,1.0 98,1.0 
10,2.0 56,2.0 86,2.0 100,2.0 168,1.0 181,2.0 183,6.0 240,2.0 246,2.0 259,2.0 260,7.0 271,4.0 314,4.0 
4,4.0 10,6.0 56,2.0 72,6.0 73,6.0 77,2.0 79,6.0 86,10.0 100,2.0 122,8.0 140,4.0 144,4.0 145,1.0 181,10.0 182,20.0 183,6.0 240,12.0 245,6.0 246,12.0 259,6.0 260,12.0 271,18.0 314,16.0 
28,1.0 29,1.0 33,1.0 46,1.0 47,1.0 94,1.0 95,3.0 205,1.0 245,1.0 328,1.0 
259,1.0 
87,1.0 
68,1.0 114,1.0 208,1.0 
59,1.0 251,1.0 266,1.0 
18,1.0 26,1.0 44,1.0 59,1.0 60,2.0 76,1.0 163,1.0 187,1.0 192,1.0 230,1.0 267,1.0 269,1.0 277,1.0 344,1.0 
12,1.0 18,2.0 20,3.0 76,2.0 81,2.0 85,2.0 94,2.0 135,2.0 136,2.0 137,2.0 142,2.0 144,2.0 163,3.0 
30,1.0 46,2.0 47,1.0 67,1.0 92,1.0 96,2.0 98,1.0 113,2.0 133,1.0 140,2.0 182,2.0 205,1.0 240,2.0 246,2.0 260,2.0 271,2.0 314,2.0 328,2.0 357,1.0 
5,1.0 10,2.0 14,2.0 16,1.0 18,2.0 27,1.0 28,2.0 29,1.0 30,2.0 36,1.0 37,4.0 46,2.0 53,2.0 54,2.0 61,2.0 76,2.0 118,1.0 129,1.0 238,1.0 239,1.0 270,2.0 344,2.0 
18,2.0 37,2.0 76,2.0 94,2.0 140,1.0 183,1.0 
4,10.0 10,10.0 15,4.0 16,8.0 18,4.0 21,14.0 22,4.0 23,4.0 24,12.0 26,1.0 36,10.0 43,1.0 44,4.0 45,4.0 46,2.0 47,4.0 50,4.0 55,8.0 56,2.0 58,1.0 63,2.0 67,2.0 70,2.0 72,2.0 73,2.0 79,5.0 94,2.0 100,6.0 122,2.0 127,2.0 131,4.0 140,6.0 144,6.0 182,9.0 183,2.0 187,1.0 240,84.0 245,2.0 246,84.0 248,2.0 259,2.0 260,12.0 268,2.0 314,82.0 315,4.0 316,2.0 320,4.0 321,2.0 322,6.0 328,2.0 
7,1.0 10,1.0 14,1.0 26,1.0 37,1.0 39,2.0 53,1.0 54,1.0 60,1.0 64,1.0 72,2.0 73,2.0 82,2.0 179,2.0 273,1.0 274,1.0 342,2.0 
7,1.0 64,1.0 272,1.0 274,1.0 
7,1.0 16,1.0 55,1.0 64,1.0 72,1.0 73,1.0 80,1.0 93,2.0 95,1.0 144,1.0 168,1.0 199,1.0 250,2.0 272,1.0 273,1.0 380,1.0 383,1.0 
95,1.0 199,1.0 253,1.0 276,1.0 
95,1.0 199,1.0 253,1.0 275,1.0 
44,1.0 60,1.0 187,1.0 192,1.0 230,1.0 266,1.0 
47,1.0 143,1.0 
12,1.0 54,2.0 55,2.0 146,1.0 280,1.0 281,1.0 282,1.0 
279,1.0 281,1.0 282,1.0 
17,1.0 36,2.0 60,1.0 150,1.0 171,2.0 233,7.0 281,7.0 282,3.0 283,1.0 285,6.0 286,2.0 287,4.0 288,1.0 292,6.0 293,3.0 295,3.0 297,6.0 298,2.0 299,2.0 
233,1.0 281,3.0 282,1.0 283,1.0 
42,2.0 147,1.0 233,7.0 283,3.0 284,2.0 
233,2.0 283,2.0 
233,2.0 281,6.0 285,2.0 286,2.0 287,2.0 
85,2.0 233,4.0 287,2.0 288,2.0 289,2.0 
102,2.0 233,4.0 286,2.0 288,2.0 298,2.0 299,2.0 
26,2.0 60,1.0 64,1.0 85,2.0 171,3.0 233,5.0 286,2.0 288,1.0 
85,2.0 
193,2.0 291,2.0 
85,2.0 
17,1.0 36,2.0 60,1.0 150,1.0 171,2.0 233,2.0 281,6.0 288,1.0 292,2.0 293,3.0 295,3.0 
17,1.0 36,2.0 60,1.0 171,1.0 233,1.0 281,3.0 288,1.0 292,3.0 293,1.0 
47,1.0 51,1.0 92,1.0 294,1.0 
8,2.0 150,1.0 171,1.0 233,1.0 241,2.0 281,3.0 292,3.0 295,1.0 370,2.0 
150,2.0 171,1.0 233,2.0 
233,2.0 281,6.0 287,2.0 297,2.0 298,2.0 299,2.0 
102,2.0 233,4.0 287,2.0 299,2.0 300,2.0 301,2.0 
102,2.0 233,2.0 287,2.0 298,2.0 
233,2.0 298,2.0 301,2.0 
184,2.0 
256,1.0 303,2.0 304,2.0 305,1.0 
123,1.0 302,2.0 305,2.0 354,1.0 
184,2.0 
302,2.0 303,2.0 346,1.0 
0,1.0 9,1.0 10,1.0 12,1.0 14,2.0 17,1.0 18,1.0 19,1.0 20,1.0 26,1.0 31,1.0 32,1.0 38,1.0 40,1.0 60,1.0 89,1.0 144,1.0 266,1.0 
12,1.0 20,1.0 23,9.0 24,9.0 36,2.0 55,2.0 76,1.0 86,2.0 90,1.0 131,2.0 181,2.0 271,2.0 308,9.0 309,9.0 310,9.0 311,9.0 314,2.0 317,2.0 327,2.0 378,1.0 379,1.0 
10,2.0 16,2.0 23,9.0 24,9.0 86,2.0 181,2.0 271,2.0 307,9.0 309,9.0 310,9.0 311,9.0 314,2.0 319,2.0 
21,2.0 22,2.0 23,7.0 24,9.0 27,1.0 28,4.0 45,3.0 61,1.0 68,1.0 92,3.0 129,1.0 146,3.0 147,3.0 243,3.0 307,7.0 308,7.0 309,1.0 310,9.0 311,9.0 312,2.0 345,1.0 
21,2.0 22,2.0 23,7.0 24,9.0 307,7.0 308,7.0 309,9.0 311,9.0 312,2.0 
21,2.0 22,2.0 23,7.0 24,9.0 34,2.0 79,2.0 140,2.0 240,2.0 245,2.0 246,2.0 260,2.0 271,2.0 307,7.0 308,7.0 309,9.0 310,9.0 312,2.0 313,2.0 
21,2.0 22,2.0 24,2.0 34,2.0 311,2.0 313,2.0 
34,2.0 79,2.0 140,2.0 240,2.0 245,2.0 246,2.0 260,2.0 271,2.0 311,2.0 
4,10.0 10,10.0 15,4.0 16,8.0 18,4.0 21,14.0 22,4.0 23,4.0 24,12.0 36,10.0 44,4.0 45,4.0 46,2.0 47,4.0 50,4.0 55,8.0 56,2.0 63,2.0 70,2.0 79,2.0 94,2.0 100,6.0 122,2.0 127,2.0 131,4.0 140,4.0 144,6.0 182,8.0 183,2.0 240,82.0 246,82.0 248,2.0 259,2.0 260,10.0 268,2.0 271,82.0 315,4.0 316,2.0 320,4.0 321,2.0 322,6.0 328,2.0 
21,2.0 240,4.0 246,4.0 271,4.0 314,4.0 316,2.0 322,2.0 
240,2.0 246,2.0 271,2.0 314,2.0 315,2.0 
4,2.0 10,2.0 16,6.0 36,8.0 55,2.0 86,10.0 131,2.0 181,10.0 271,10.0 307,2.0 314,10.0 318,2.0 319,6.0 327,2.0 
4,2.0 10,2.0 86,2.0 181,2.0 271,2.0 314,2.0 317,2.0 
10,2.0 15,2.0 16,8.0 36,6.0 86,10.0 181,10.0 271,10.0 308,2.0 314,10.0 317,6.0 
24,4.0 50,4.0 51,1.0 133,1.0 240,4.0 246,4.0 271,4.0 314,4.0 
21,4.0 72,2.0 73,2.0 240,2.0 246,2.0 248,2.0 271,2.0 314,2.0 322,2.0 332,2.0 333,2.0 
15,2.0 21,6.0 24,2.0 55,2.0 70,2.0 240,6.0 246,6.0 271,6.0 314,6.0 315,2.0 321,2.0 
72,2.0 73,2.0 86,2.0 181,2.0 183,2.0 259,2.0 260,2.0 324,2.0 325,2.0 326,2.0 
72,4.0 73,4.0 77,2.0 86,4.0 181,4.0 183,2.0 259,2.0 260,4.0 323,2.0 325,2.0 326,2.0 331,2.0 
72,4.0 73,4.0 86,4.0 181,4.0 183,2.0 259,2.0 260,2.0 323,2.0 324,2.0 326,2.0 
72,2.0 73,2.0 86,2.0 181,2.0 183,2.0 259,2.0 260,2.0 323,2.0 324,2.0 325,2.0 
21,2.0 36,2.0 55,2.0 86,2.0 131,2.0 181,2.0 240,2.0 246,2.0 248,2.0 271,2.0 307,2.0 314,2.0 317,2.0 321,2.0 332,2.0 333,2.0 
27,3.0 30,4.0 36,1.0 46,5.0 59,1.0 64,1.0 70,1.0 72,2.0 73,2.0 86,2.0 87,1.0 92,3.0 112,4.0 118,5.0 131,1.0 140,2.0 151,4.0 181,2.0 182,4.0 205,3.0 240,2.0 246,2.0 256,1.0 260,4.0 268,2.0 269,1.0 271,2.0 314,2.0 343,4.0 344,5.0 345,1.0 353,1.0 358,1.0 
55,2.0 86,2.0 100,2.0 181,2.0 271,2.0 314,2.0 330,2.0 
55,2.0 86,2.0 100,2.0 181,2.0 271,2.0 314,2.0 329,2.0 
72,2.0 73,2.0 77,2.0 86,2.0 181,2.0 260,2.0 324,2.0 
9,1.0 10,1.0 14,1.0 17,1.0 21,2.0 26,4.0 27,2.0 32,1.0 39,2.0 53,2.0 54,1.0 55,2.0 64,2.0 67,2.0 69,2.0 72,2.0 73,2.0 74,2.0 77,1.0 81,2.0 83,3.0 84,18.0 87,2.0 126,2.0 132,2.0 134,2.0 137,3.0 140,2.0 143,3.0 180,18.0 248,2.0 321,2.0 332,1.0 333,20.0 334,2.0 335,2.0 336,2.0 337,2.0 338,2.0 339,6.0 340,2.0 341,2.0 349,3.0 
21,2.0 26,4.0 27,2.0 39,2.0 53,2.0 55,2.0 64,2.0 67,2.0 69,2.0 72,2.0 73,2.0 81,2.0 84,18.0 87,2.0 126,2.0 132,2.0 134,2.0 137,2.0 180,18.0 248,2.0 321,2.0 332,20.0 334,2.0 335,2.0 336,2.0 337,2.0 338,2.0 339,6.0 340,2.0 341,2.0 
84,2.0 180,2.0 332,2.0 333,2.0 335,2.0 336,2.0 337,2.0 
84,2.0 180,2.0 332,2.0 333,2.0 334,2.0 336,2.0 337,2.0 
84,2.0 180,2.0 332,2.0 333,2.0 334,2.0 335,2.0 337,2.0 
84,2.0 180,2.0 332,2.0 333,2.0 334,2.0 335,2.0 336,2.0 
76,2.0 82,2.0 84,2.0 132,2.0 179,2.0 180,2.0 339,2.0 340,2.0 
26,2.0 54,2.0 67,2.0 76,4.0 82,4.0 84,6.0 87,2.0 126,2.0 132,4.0 134,2.0 179,4.0 180,6.0 332,2.0 333,2.0 338,2.0 340,2.0 341,2.0 
76,2.0 82,2.0 84,2.0 132,2.0 179,2.0 180,2.0 338,2.0 339,2.0 
26,2.0 67,2.0 84,2.0 87,2.0 132,2.0 134,2.0 180,2.0 332,2.0 333,2.0 339,2.0 
39,2.0 72,2.0 73,2.0 82,2.0 179,2.0 272,2.0 
27,1.0 30,3.0 46,1.0 112,3.0 118,4.0 151,3.0 328,4.0 344,4.0 345,1.0 
5,1.0 10,1.0 14,1.0 16,1.0 27,1.0 30,3.0 36,1.0 37,1.0 46,1.0 53,1.0 54,1.0 112,3.0 118,5.0 151,3.0 238,1.0 239,1.0 269,2.0 328,4.0 343,4.0 345,1.0 
14,1.0 27,2.0 28,1.0 32,1.0 44,1.0 46,1.0 47,1.0 61,1.0 68,1.0 92,1.0 96,1.0 97,1.0 118,1.0 129,1.0 269,1.0 328,1.0 344,1.0 365,1.0 
9,2.0 10,1.0 13,1.0 14,1.0 16,1.0 17,2.0 27,2.0 28,1.0 32,1.0 47,2.0 56,1.0 59,15.0 64,1.0 69,1.0 70,5.0 77,1.0 83,1.0 92,1.0 94,1.0 95,1.0 99,2.0 137,1.0 143,1.0 243,1.0 256,1.0 332,1.0 349,1.0 351,2.0 353,3.0 
8,1.0 10,1.0 13,1.0 14,1.0 17,1.0 37,1.0 45,1.0 53,2.0 54,1.0 55,1.0 58,2.0 87,1.0 98,2.0 
44,1.0 74,1.0 83,1.0 92,1.0 109,1.0 113,2.0 140,1.0 256,1.0 
9,1.0 10,1.0 14,1.0 17,1.0 32,1.0 54,1.0 74,2.0 77,1.0 83,3.0 137,1.0 140,2.0 143,3.0 332,3.0 349,1.0 
87,1.0 
352,2.0 
142,2.0 
94,3.0 261,3.0 
146,1.0 303,1.0 
356,2.0 
137,2.0 
29,1.0 46,1.0 59,1.0 68,1.0 92,1.0 204,6.0 241,2.0 242,2.0 328,1.0 373,2.0 
357,3.0 
49,9.0 54,1.0 55,7.0 87,2.0 148,1.0 
7,1.0 19,1.0 361,1.0 
11,1.0 19,1.0 
13,1.0 
7,1.0 19,1.0 364,1.0 
5,1.0 19,1.0 
12,1.0 32,1.0 
8,1.0 241,1.0 367,1.0 
6,1.0 241,1.0 
44,1.0 67,1.0 92,1.0 188,1.0 
27,1.0 47,1.0 98,1.0 189,1.0 
8,2.0 241,2.0 371,2.0 
372,2.0 
241,2.0 242,2.0 357,2.0 
374,2.0 
375,2.0 
376,2.0 
237,2.0 377,2.0 
20,2.0 135,2.0 163,2.0 237,2.0 267,2.0 
12,1.0 20,1.0 76,1.0 90,1.0 307,1.0 379,1.0 
12,1.0 20,1.0 76,1.0 90,1.0 307,1.0 378,1.0 
78,2.0 80,2.0 95,1.0 132,1.0 134,1.0 168,1.0 199,1.0 215,1.0 381,2.0 
75,2.0 78,2.0 132,1.0 133,1.0 134,2.0 215,1.0 216,1.0 382,2.0 
73,2.0 75,2.0 93,1.0 133,1.0 134,1.0 138,1.0 216,1.0 219,1.0 250,1.0 274,1.0 383,2.0 
73,2.0 80,1.0 93,1.0 95,1.0 96,1.0 97,1.0 138,1.0 168,1.0 188,1.0 192,1.0 199,1.0 219,1.0 231,1.0 232,1.0 250,1.0 274,1.0 380,1.0 
