1,1.0 2,1.0 3,1.0 142,1.0 143,1.0 157,1.0 158,1.0 
0,1.0 2,1.0 3,1.0 
3,2.0 4,25.0 7,14.0 12,2.0 14,14.0 20,2.0 32,1.0 36,1.0 41,2.0 46,8.0 48,4.0 93,2.0 94,1.0 125,1.0 
2,1.0 4,2.0 32,2.0 94,1.0 
2,26.0 5,20.0 8,12.0 9,2.0 11,8.0 12,32.0 15,24.0 16,10.0 19,8.0 21,4.0 28,4.0 31,2.0 32,2.0 33,24.0 36,4.0 40,2.0 42,4.0 47,4.0 55,8.0 60,4.0 75,2.0 76,2.0 93,2.0 95,8.0 96,1.0 98,2.0 105,2.0 118,1.0 124,1.0 128,2.0 129,2.0 
4,8.0 6,4.0 9,12.0 10,14.0 11,18.0 14,12.0 15,8.0 17,2.0 18,12.0 20,2.0 21,6.0 22,4.0 26,4.0 28,1.0 31,4.0 37,4.0 38,2.0 40,4.0 55,12.0 58,2.0 75,2.0 99,1.0 100,4.0 103,4.0 110,1.0 111,2.0 113,2.0 116,4.0 121,3.0 123,2.0 132,2.0 
5,4.0 7,14.0 10,14.0 29,4.0 
4,24.0 5,24.0 9,2.0 11,2.0 16,2.0 24,4.0 34,4.0 37,4.0 44,8.0 50,2.0 69,50.0 77,2.0 80,2.0 91,1.0 92,1.0 136,4.0 138,12.0 141,2.0 142,1.0 151,4.0 152,4.0 153,1.0 
7,34.0 17,14.0 24,4.0 33,4.0 52,2.0 54,4.0 84,2.0 116,4.0 
4,2.0 6,14.0 7,2.0 45,2.0 87,2.0 
2,14.0 4,14.0 5,28.0 11,14.0 12,4.0 14,2.0 15,2.0 16,4.0 17,2.0 19,4.0 24,18.0 32,4.0 37,4.0 48,14.0 68,2.0 79,2.0 93,2.0 
4,26.0 6,4.0 12,10.0 13,4.0 15,14.0 21,2.0 24,2.0 39,2.0 49,10.0 51,10.0 56,4.0 67,2.0 78,2.0 
4,2.0 5,8.0 9,2.0 10,16.0 13,14.0 16,12.0 17,6.0 18,40.0 24,4.0 28,6.0 38,4.0 44,2.0 50,2.0 51,2.0 
7,6.0 10,14.0 18,2.0 34,6.0 
5,2.0 6,12.0 10,28.0 12,4.0 16,2.0 30,2.0 32,2.0 33,4.0 34,2.0 44,4.0 
2,16.0 4,20.0 5,4.0 6,2.0 7,2.0 13,6.0 16,6.0 17,2.0 18,2.0 21,4.0 24,8.0 28,2.0 29,2.0 33,2.0 36,2.0 42,6.0 76,2.0 77,2.0 
2,2.0 4,15.0 7,2.0 8,10.0 10,5.0 11,2.0 12,22.0 14,10.0 18,8.0 19,4.0 20,4.0 24,1.0 29,2.0 31,4.0 32,6.0 34,6.0 35,4.0 36,4.0 40,2.0 41,2.0 60,2.0 76,2.0 96,3.0 106,6.0 116,1.0 124,3.0 126,2.0 127,2.0 128,2.0 
10,6.0 18,16.0 20,6.0 21,2.0 23,4.0 24,6.0 34,2.0 45,6.0 50,4.0 
2,2.0 4,8.0 5,4.0 11,2.0 16,20.0 17,2.0 19,8.0 20,8.0 24,34.0 32,4.0 33,4.0 47,6.0 
14,2.0 15,2.0 18,2.0 20,6.0 28,4.0 33,4.0 47,2.0 98,4.0 102,4.0 103,4.0 117,3.0 
4,2.0 5,8.0 12,2.0 15,10.0 16,6.0 19,2.0 21,2.0 24,12.0 30,2.0 49,2.0 54,2.0 
5,12.0 10,2.0 16,4.0 17,2.0 22,4.0 24,4.0 26,2.0 31,2.0 68,2.0 75,2.0 
16,6.0 17,4.0 21,4.0 24,2.0 28,4.0 57,6.0 
24,4.0 
7,2.0 8,10.0 10,2.0 11,4.0 12,22.0 14,18.0 15,2.0 18,6.0 20,4.0 25,4.0 28,4.0 31,2.0 32,2.0 34,8.0 36,4.0 37,5.0 45,18.0 51,4.0 53,4.0 118,1.0 130,2.0 
5,4.0 26,2.0 
15,2.0 27,4.0 59,2.0 60,2.0 61,2.0 62,2.0 63,2.0 72,2.0 
21,4.0 28,4.0 29,2.0 64,2.0 
15,2.0 18,2.0 20,2.0 27,4.0 29,4.0 33,3.0 38,2.0 40,2.0 42,2.0 99,3.0 102,4.0 104,4.0 117,1.0 
5,4.0 11,2.0 22,2.0 30,4.0 37,2.0 67,2.0 73,2.0 74,2.0 
10,2.0 12,2.0 15,2.0 18,2.0 22,4.0 
4,2.0 5,2.0 12,2.0 16,6.0 22,2.0 24,4.0 32,4.0 40,2.0 
2,2.0 3,1.0 4,1.0 10,4.0 15,2.0 16,14.0 21,2.0 22,4.0 31,2.0 34,2.0 36,1.0 60,2.0 96,2.0 125,1.0 
2,4.0 4,17.0 7,4.0 19,11.0 20,6.0 28,2.0 31,4.0 42,2.0 95,2.0 99,7.0 104,1.0 115,3.0 118,1.0 122,2.0 
11,8.0 12,4.0 13,4.0 16,6.0 36,2.0 37,2.0 39,4.0 53,4.0 
2,4.0 
4,2.0 7,2.0 8,2.0 16,2.0 37,4.0 39,2.0 49,2.0 54,2.0 
2,2.0 4,4.0 5,4.0 9,2.0 10,2.0 11,2.0 14,2.0 16,4.0 22,2.0 24,5.0 41,6.0 93,4.0 107,4.0 108,4.0 111,4.0 131,2.0 133,2.0 134,1.0 
4,2.0 10,4.0 30,2.0 39,2.0 
7,2.0 12,8.0 18,2.0 40,4.0 41,2.0 
16,4.0 24,4.0 38,2.0 39,2.0 41,6.0 43,2.0 65,2.0 66,2.0 67,2.0 68,2.0 
4,2.0 5,2.0 12,2.0 15,2.0 16,4.0 20,2.0 24,4.0 28,2.0 32,2.0 33,2.0 65,2.0 66,2.0 67,2.0 68,2.0 
5,2.0 16,2.0 18,6.0 28,2.0 37,2.0 
41,2.0 
15,8.0 16,2.0 22,2.0 31,4.0 47,6.0 
8,8.0 17,14.0 39,2.0 51,10.0 
7,2.0 44,6.0 49,2.0 50,4.0 
2,6.0 5,4.0 11,2.0 16,2.0 30,2.0 55,8.0 
7,44.0 8,2.0 9,2.0 16,1.0 49,3.0 59,2.0 69,2.0 70,2.0 71,2.0 79,2.0 82,2.0 136,4.0 137,4.0 139,6.0 
7,10.0 10,3.0 34,2.0 41,2.0 47,2.0 
7,4.0 39,4.0 48,54.0 82,1.0 90,2.0 136,2.0 139,2.0 141,2.0 152,2.0 
10,2.0 50,6.0 52,4.0 78,2.0 81,2.0 136,6.0 137,2.0 139,6.0 140,2.0 
11,4.0 20,2.0 
34,2.0 40,4.0 93,4.0 135,2.0 
15,2.0 16,2.0 20,4.0 41,2.0 
5,12.0 11,4.0 15,4.0 55,4.0 76,4.0 101,4.0 103,4.0 114,4.0 
47,4.0 
4,4.0 21,2.0 
4,2.0 26,2.0 59,2.0 60,2.0 61,2.0 62,2.0 
8,2.0 26,2.0 60,2.0 61,2.0 62,2.0 63,2.0 
4,2.0 16,2.0 26,2.0 33,4.0 59,2.0 61,2.0 62,2.0 63,2.0 
26,2.0 59,2.0 60,2.0 62,2.0 63,2.0 
26,2.0 59,2.0 60,2.0 61,2.0 63,2.0 
27,2.0 
29,2.0 
20,2.0 41,2.0 66,2.0 67,2.0 68,2.0 
20,2.0 41,2.0 65,2.0 67,2.0 68,2.0 
18,2.0 20,2.0 27,2.0 41,2.0 65,2.0 66,2.0 68,2.0 73,2.0 78,2.0 
12,2.0 20,2.0 22,2.0 41,2.0 65,2.0 66,2.0 67,2.0 75,2.0 79,2.0 
3,1.0 25,2.0 50,23.0 70,2.0 71,2.0 79,2.0 80,7.0 82,1.0 83,6.0 91,2.0 92,2.0 137,4.0 139,2.0 140,2.0 142,1.0 143,1.0 144,1.0 145,1.0 146,1.0 147,1.0 148,1.0 149,1.0 150,1.0 
25,2.0 69,2.0 71,2.0 
25,2.0 69,2.0 70,2.0 
29,2.0 
27,2.0 67,2.0 
21,2.0 
5,2.0 22,2.0 55,2.0 68,2.0 
4,6.0 20,2.0 33,2.0 77,2.0 101,4.0 
8,2.0 20,2.0 76,2.0 80,2.0 
18,2.0 45,2.0 67,2.0 81,2.0 
12,2.0 50,4.0 68,2.0 82,2.0 
8,2.0 50,7.0 77,2.0 83,6.0 
45,2.0 78,2.0 
48,1.0 50,3.0 79,2.0 
50,6.0 80,6.0 
85,2.0 86,2.0 
50,2.0 86,2.0 
50,2.0 85,2.0 
88,2.0 89,2.0 
50,2.0 89,2.0 
50,2.0 88,2.0 
7,2.0 
3,1.0 50,1.0 69,1.0 92,2.0 
3,1.0 50,1.0 69,1.0 91,2.0 
2,2.0 4,2.0 32,4.0 37,4.0 55,4.0 109,2.0 134,2.0 
3,1.0 4,1.0 
4,2.0 16,8.0 
4,2.0 97,6.0 121,3.0 
2,1.0 5,1.0 16,2.0 32,3.0 124,2.0 
33,4.0 93,2.0 
4,5.0 37,2.0 107,4.0 116,1.0 119,3.0 
4,4.0 
4,4.0 76,4.0 
4,4.0 37,4.0 
4,4.0 17,4.0 33,4.0 
4,1.0 37,4.0 
10,2.0 
24,6.0 
37,4.0 112,4.0 113,4.0 
93,4.0 
37,1.0 110,2.0 
4,1.0 53,2.0 115,4.0 
58,2.0 107,4.0 
99,4.0 
4,2.0 37,4.0 
97,1.0 120,3.0 
4,3.0 110,4.0 
5,5.0 32,1.0 126,4.0 
5,1.0 33,3.0 
2,1.0 4,1.0 16,1.0 
33,3.0 
5,3.0 
4,3.0 96,3.0 
4,2.0 
4,2.0 
2,1.0 8,2.0 32,1.0 125,4.0 
16,2.0 96,2.0 124,2.0 
8,2.0 12,2.0 14,2.0 
2,2.0 
16,4.0 
97,2.0 
37,2.0 
5,2.0 
37,2.0 
24,2.0 
37,1.0 53,2.0 111,1.0 135,2.0 
37,1.0 109,1.0 134,3.0 
7,6.0 10,6.0 11,2.0 12,2.0 
8,10.0 
10,6.0 11,6.0 
8,4.0 45,6.0 50,4.0 51,2.0 
8,2.0 51,2.0 
7,2.0 12,2.0 
0,2.0 46,1.0 50,1.0 142,2.0 143,5.0 152,1.0 153,1.0 154,2.0 155,2.0 156,2.0 157,2.0 158,2.0 
0,2.0 50,1.0 142,4.0 143,1.0 154,1.0 155,1.0 156,1.0 157,2.0 158,2.0 
50,1.0 
50,1.0 
50,1.0 
50,1.0 
50,1.0 
50,1.0 
50,1.0 
50,3.0 142,1.0 
46,3.0 142,2.0 143,1.0 153,1.0 154,1.0 155,1.0 156,1.0 
142,2.0 143,1.0 152,1.0 154,1.0 155,1.0 156,1.0 
0,1.0 142,2.0 143,2.0 155,1.0 156,1.0 157,1.0 158,1.0 
0,1.0 142,2.0 143,2.0 154,1.0 156,1.0 157,1.0 158,1.0 
0,1.0 142,2.0 143,2.0 154,1.0 155,1.0 157,1.0 158,1.0 
0,1.0 142,1.0 143,1.0 158,1.0 
0,1.0 142,1.0 143,1.0 157,1.0 
