1,6.0 4,8.0 9,8.0 10,8.0 11,8.0 21,1.0 39,3.0 51,2.0 
2,6.0 
3,6.0 4,3.0 43,3.0 
4,8.0 5,8.0 6,15.0 16,2.0 30,2.0 31,2.0 43,2.0 46,5.0 47,5.0 53,2.0 55,5.0 59,2.0 68,5.0 
0,8.0 3,4.0 5,21.0 6,24.0 7,8.0 8,8.0 9,21.0 10,11.0 11,8.0 12,8.0 13,2.0 14,6.0 21,1.0 22,7.0 23,5.0 28,2.0 30,2.0 36,2.0 37,2.0 41,10.0 42,5.0 55,4.0 63,2.0 66,1.0 78,1.0 79,1.0 80,1.0 86,6.0 87,2.0 95,2.0 
3,7.0 4,21.0 6,21.0 7,8.0 8,8.0 10,5.0 16,18.0 17,28.0 18,8.0 20,8.0 22,5.0 28,2.0 30,2.0 31,10.0 39,6.0 41,9.0 46,5.0 49,5.0 64,2.0 68,2.0 74,3.0 83,3.0 
0,8.0 3,7.0 4,24.0 5,16.0 7,8.0 8,8.0 9,8.0 16,4.0 30,2.0 31,2.0 46,5.0 47,5.0 52,12.0 59,4.0 60,2.0 61,2.0 72,12.0 
4,8.0 5,8.0 6,8.0 
4,8.0 6,8.0 9,8.0 
0,8.0 3,2.0 4,21.0 6,8.0 10,8.0 11,8.0 12,8.0 16,8.0 17,7.0 21,4.0 23,8.0 24,3.0 30,2.0 36,10.0 41,15.0 42,5.0 44,5.0 45,5.0 50,4.0 51,1.0 55,10.0 56,4.0 58,4.0 
4,11.0 5,5.0 9,8.0 11,8.0 12,8.0 13,1.0 17,5.0 21,1.0 22,2.0 30,4.0 31,5.0 50,1.0 59,2.0 62,2.0 66,2.0 
4,8.0 9,8.0 10,8.0 12,8.0 13,8.0 
11,8.0 
14,8.0 28,6.0 43,3.0 69,9.0 95,10.0 96,6.0 
6,2.0 15,8.0 52,2.0 54,4.0 68,4.0 86,6.0 87,2.0 110,2.0 111,2.0 116,2.0 
5,8.0 16,8.0 17,8.0 44,2.0 109,2.0 
3,2.0 5,18.0 6,4.0 9,8.0 17,16.0 18,8.0 20,8.0 31,2.0 36,2.0 41,4.0 52,2.0 55,8.0 56,4.0 58,4.0 59,2.0 60,2.0 64,2.0 
5,23.0 9,11.0 10,1.0 16,16.0 17,4.0 18,8.0 20,8.0 21,8.0 23,3.0 24,3.0 28,2.0 30,10.0 31,16.0 32,3.0 38,3.0 49,5.0 50,5.0 51,1.0 66,3.0 67,2.0 77,3.0 84,6.0 85,6.0 
5,2.0 17,2.0 19,5.0 30,2.0 40,3.0 41,2.0 66,2.0 68,2.0 
5,5.0 16,5.0 17,17.0 25,9.0 30,6.0 31,6.0 33,6.0 34,3.0 
4,5.0 5,5.0 21,3.0 41,5.0 
0,1.0 1,1.0 4,1.0 9,4.0 10,1.0 17,4.0 22,3.0 50,6.0 51,2.0 66,1.0 75,9.0 76,9.0 94,2.0 
4,7.0 9,8.0 17,3.0 23,8.0 36,2.0 37,2.0 41,5.0 
4,5.0 9,8.0 17,3.0 24,3.0 25,3.0 26,3.0 27,3.0 37,2.0 41,5.0 42,5.0 43,5.0 82,6.0 102,6.0 103,6.0 105,6.0 
23,3.0 81,6.0 104,6.0 
17,9.0 19,9.0 26,3.0 27,3.0 28,3.0 29,3.0 
25,3.0 27,3.0 28,3.0 29,3.0 
25,3.0 26,3.0 28,3.0 29,3.0 
13,6.0 18,2.0 19,3.0 29,3.0 69,6.0 95,6.0 96,6.0 
19,3.0 28,3.0 
3,2.0 4,2.0 5,2.0 6,2.0 9,2.0 10,4.0 14,2.0 17,10.0 22,2.0 28,2.0 31,11.0 32,3.0 33,3.0 36,3.0 38,3.0 43,2.0 53,2.0 55,2.0 59,4.0 61,2.0 62,2.0 66,2.0 67,2.0 
3,2.0 5,5.0 6,2.0 9,4.0 10,1.0 14,2.0 16,2.0 17,23.0 21,4.0 30,14.0 31,3.0 32,3.0 33,6.0 36,3.0 37,3.0 38,3.0 43,2.0 49,5.0 50,1.0 53,2.0 66,1.0 
19,3.0 33,3.0 110,2.0 111,2.0 
17,3.0 19,3.0 30,6.0 31,9.0 34,3.0 36,3.0 37,3.0 
35,3.0 
19,3.0 
4,2.0 9,10.0 16,2.0 31,3.0 33,3.0 37,5.0 41,12.0 44,5.0 45,5.0 52,2.0 63,2.0 
4,2.0 13,2.0 17,3.0 28,2.0 30,3.0 31,6.0 33,3.0 36,2.0 63,2.0 95,2.0 105,2.0 106,4.0 107,4.0 108,4.0 
0,3.0 39,3.0 
0,3.0 1,3.0 21,11.0 44,1.0 66,1.0 
5,3.0 16,3.0 17,3.0 40,3.0 
3,2.0 4,10.0 5,9.0 9,15.0 16,4.0 22,5.0 23,5.0 36,12.0 42,5.0 44,5.0 45,5.0 52,2.0 64,2.0 68,2.0 
23,5.0 
2,3.0 4,5.0 9,5.0 14,2.0 30,2.0 31,2.0 36,5.0 41,5.0 53,2.0 69,3.0 70,1.0 71,1.0 
0,1.0 9,5.0 15,2.0 21,1.0 36,5.0 41,5.0 51,1.0 66,1.0 109,2.0 113,2.0 114,2.0 
5,5.0 
3,5.0 6,5.0 47,5.0 
48,5.0 
5,5.0 10,5.0 
5,5.0 17,5.0 31,5.0 
0,1.0 4,3.0 10,1.0 21,1.0 51,4.0 52,2.0 66,1.0 94,2.0 
0,2.0 1,2.0 21,1.0 50,1.0 52,2.0 53,2.0 
5,2.0 6,12.0 16,2.0 41,2.0 51,2.0 53,2.0 72,12.0 
14,4.0 30,2.0 31,2.0 43,2.0 
9,4.0 16,4.0 55,4.0 
3,7.0 9,10.0 16,8.0 30,2.0 56,4.0 58,4.0 68,5.0 
57,4.0 
9,4.0 16,4.0 55,4.0 
6,2.0 9,2.0 16,2.0 30,2.0 31,2.0 55,2.0 
6,4.0 10,2.0 16,2.0 30,4.0 60,2.0 61,2.0 62,2.0 
6,2.0 30,2.0 59,2.0 
10,2.0 30,2.0 59,2.0 
4,2.0 10,2.0 30,2.0 
16,2.0 36,2.0 41,2.0 
65,2.0 
5,2.0 17,2.0 30,2.0 
0,1.0 4,1.0 10,2.0 13,1.0 17,2.0 21,2.0 30,2.0 44,1.0 50,1.0 51,1.0 67,2.0 
18,2.0 
3,2.0 5,2.0 6,9.0 41,2.0 52,9.0 
4,2.0 43,3.0 70,1.0 71,1.0 96,6.0 97,6.0 
3,1.0 55,1.0 71,1.0 
3,1.0 55,1.0 70,1.0 
73,3.0 81,3.0 88,6.0 89,6.0 
5,3.0 13,2.0 74,3.0 98,10.0 100,10.0 101,8.0 
5,3.0 39,3.0 
19,9.0 25,9.0 76,9.0 
19,9.0 25,9.0 75,9.0 
2,3.0 43,3.0 
6,1.0 52,1.0 73,10.0 79,1.0 80,1.0 98,20.0 99,10.0 100,10.0 
6,1.0 52,1.0 78,1.0 80,1.0 
6,1.0 52,1.0 78,1.0 79,1.0 
24,6.0 82,3.0 104,6.0 
5,3.0 23,6.0 37,2.0 83,3.0 105,6.0 
5,3.0 39,3.0 
4,3.0 84,6.0 85,21.0 92,3.0 
4,6.0 84,18.0 85,12.0 92,6.0 93,6.0 
6,2.0 14,6.0 52,2.0 68,4.0 87,2.0 
6,2.0 14,2.0 52,2.0 86,2.0 
89,12.0 90,6.0 
39,6.0 88,6.0 89,12.0 90,12.0 91,12.0 
89,12.0 91,6.0 
39,6.0 89,6.0 
85,6.0 93,3.0 
4,3.0 85,3.0 
4,2.0 50,2.0 
13,6.0 15,2.0 28,6.0 44,2.0 69,6.0 96,6.0 112,2.0 
69,6.0 97,6.0 
78,6.0 98,6.0 99,6.0 
13,2.0 73,20.0 78,10.0 98,10.0 99,10.0 100,20.0 101,8.0 
73,10.0 78,10.0 98,20.0 100,10.0 
13,2.0 73,10.0 98,10.0 101,8.0 
13,2.0 23,6.0 28,2.0 95,2.0 102,6.0 
23,6.0 103,6.0 
24,6.0 81,6.0 
23,6.0 82,6.0 
37,2.0 78,4.0 98,4.0 99,4.0 106,2.0 107,2.0 
37,4.0 107,4.0 108,4.0 
37,4.0 106,4.0 108,4.0 
13,2.0 28,2.0 37,4.0 95,2.0 106,2.0 107,2.0 
32,2.0 110,2.0 
14,2.0 32,2.0 111,4.0 116,2.0 
13,4.0 116,2.0 
44,2.0 113,2.0 
44,2.0 114,2.0 
115,2.0 
14,2.0 110,2.0 
13,2.0 111,2.0 
