1,31.0 2,16.0 3,4.0 8,1.0 10,1.0 22,4.0 29,4.0 
0,35.0 8,1.0 19,1.0 28,15.0 
0,1.0 3,16.0 4,4.0 5,14.0 6,1.0 8,4.0 28,1.0 78,1.0 119,1.0 141,1.0 
4,20.0 5,4.0 9,1.0 17,4.0 18,1.0 43,1.0 48,1.0 
2,8.0 3,4.0 5,16.0 10,1.0 12,4.0 
6,22.0 7,34.0 16,8.0 
2,4.0 7,22.0 8,22.0 9,16.0 56,1.0 64,2.0 78,6.0 98,1.0 101,3.0 103,1.0 106,1.0 114,1.0 115,1.0 119,1.0 141,1.0 
2,4.0 6,22.0 8,31.0 9,16.0 10,24.0 13,20.0 14,16.0 16,8.0 26,4.0 27,4.0 
0,9.0 2,4.0 3,5.0 4,4.0 7,1.0 9,20.0 10,28.0 19,1.0 21,1.0 27,1.0 30,1.0 31,1.0 32,1.0 43,2.0 57,1.0 
0,1.0 1,1.0 6,1.0 8,16.0 10,16.0 20,4.0 21,4.0 44,2.0 45,1.0 57,1.0 
0,8.0 3,5.0 4,8.0 8,12.0 11,16.0 14,16.0 15,8.0 18,2.0 21,1.0 28,8.0 43,1.0 
12,16.0 43,1.0 
7,20.0 13,20.0 
7,20.0 10,16.0 14,16.0 27,4.0 34,1.0 63,1.0 77,1.0 78,1.0 101,1.0 102,1.0 103,1.0 104,1.0 118,1.0 
4,8.0 10,16.0 15,8.0 
2,8.0 
7,8.0 8,8.0 10,8.0 63,1.0 78,1.0 101,2.0 102,1.0 
18,4.0 
0,1.0 4,1.0 10,1.0 19,4.0 23,4.0 43,2.0 44,1.0 48,2.0 60,1.0 
2,2.0 9,5.0 20,4.0 
9,4.0 21,4.0 
0,4.0 18,1.0 43,1.0 48,1.0 49,1.0 59,1.0 
18,4.0 
24,4.0 25,4.0 
0,4.0 25,4.0 
0,4.0 24,4.0 35,1.0 
8,4.0 10,4.0 
10,4.0 30,3.0 31,2.0 32,1.0 33,1.0 34,1.0 62,2.0 65,2.0 66,2.0 67,1.0 78,2.0 96,2.0 97,1.0 119,1.0 120,1.0 
0,4.0 1,16.0 10,4.0 63,1.0 64,1.0 72,1.0 78,4.0 86,2.0 87,2.0 88,3.0 121,1.0 
1,4.0 63,1.0 64,1.0 72,1.0 123,1.0 125,1.0 135,1.0 
27,2.0 28,2.0 30,1.0 31,3.0 32,1.0 33,2.0 34,2.0 35,1.0 36,1.0 37,1.0 67,1.0 78,2.0 96,2.0 97,2.0 106,2.0 111,1.0 
27,2.0 30,3.0 31,1.0 32,1.0 33,2.0 34,2.0 35,1.0 36,1.0 37,1.0 
27,1.0 30,2.0 31,2.0 33,1.0 34,1.0 
30,2.0 31,1.0 34,1.0 35,3.0 36,1.0 37,1.0 46,2.0 62,4.0 65,4.0 67,2.0 88,1.0 106,2.0 111,1.0 
30,1.0 31,2.0 33,1.0 35,1.0 36,1.0 37,1.0 
27,2.0 36,1.0 37,1.0 38,1.0 39,1.0 40,1.0 41,1.0 62,4.0 65,2.0 
9,1.0 35,1.0 37,1.0 38,1.0 39,1.0 40,1.0 41,1.0 62,2.0 
35,1.0 36,1.0 38,1.0 39,1.0 40,1.0 41,1.0 
39,1.0 40,1.0 41,1.0 42,1.0 
38,1.0 40,1.0 41,1.0 42,1.0 
38,1.0 39,1.0 41,1.0 42,1.0 
38,1.0 39,1.0 40,1.0 42,1.0 
43,1.0 
0,1.0 4,1.0 8,2.0 18,3.0 47,1.0 48,2.0 54,1.0 55,1.0 
8,2.0 10,1.0 
46,1.0 
8,1.0 61,2.0 62,2.0 71,1.0 72,2.0 73,2.0 74,1.0 76,3.0 77,1.0 
48,1.0 
0,1.0 4,1.0 18,2.0 43,2.0 49,2.0 53,1.0 
11,1.0 50,1.0 51,1.0 59,1.0 
48,1.0 78,3.0 91,2.0 92,1.0 106,1.0 
52,1.0 
48,1.0 62,2.0 
43,1.0 
10,1.0 
8,1.0 
8,1.0 
36,1.0 58,1.0 62,2.0 63,1.0 64,2.0 
8,1.0 
11,1.0 49,1.0 
61,1.0 
25,1.0 33,2.0 46,2.0 62,2.0 65,2.0 
27,2.0 33,4.0 35,2.0 36,2.0 46,2.0 57,2.0 61,2.0 63,1.0 64,2.0 65,6.0 66,2.0 67,2.0 68,2.0 71,4.0 
13,1.0 16,1.0 34,1.0 52,2.0 57,1.0 62,1.0 64,9.0 70,2.0 72,6.0 77,1.0 78,1.0 101,2.0 102,1.0 118,1.0 120,1.0 121,2.0 122,1.0 125,1.0 126,1.0 130,1.0 132,1.0 133,1.0 
6,2.0 52,2.0 57,2.0 62,2.0 63,9.0 70,2.0 72,6.0 78,4.0 98,1.0 101,3.0 120,1.0 121,2.0 122,1.0 125,1.0 126,1.0 130,1.0 132,1.0 133,1.0 
27,2.0 33,4.0 35,2.0 46,2.0 62,6.0 66,2.0 67,2.0 
33,2.0 62,4.0 65,2.0 67,2.0 74,2.0 75,2.0 
33,2.0 46,2.0 62,2.0 65,2.0 78,2.0 96,1.0 97,1.0 98,1.0 
69,2.0 
63,2.0 64,2.0 70,2.0 
52,2.0 63,2.0 64,2.0 
46,3.0 66,2.0 
63,6.0 64,6.0 66,2.0 73,2.0 120,1.0 121,2.0 122,1.0 125,1.0 126,1.0 130,1.0 132,1.0 133,1.0 
66,2.0 72,2.0 
35,1.0 46,2.0 61,1.0 75,2.0 77,1.0 
35,1.0 46,1.0 74,2.0 
19,1.0 46,2.0 74,1.0 77,1.0 
13,1.0 34,1.0 46,1.0 61,1.0 63,1.0 74,1.0 118,1.0 
6,6.0 16,2.0 27,2.0 28,4.0 30,2.0 50,4.0 63,2.0 64,4.0 67,2.0 78,68.0 79,4.0 80,4.0 81,4.0 82,4.0 83,10.0 84,6.0 85,6.0 86,4.0 87,4.0 88,4.0 89,4.0 90,2.0 91,4.0 92,2.0 93,2.0 94,2.0 95,4.0 96,12.0 97,2.0 98,12.0 99,2.0 100,2.0 101,9.0 102,1.0 104,1.0 105,2.0 106,1.0 
78,4.0 80,2.0 81,2.0 82,2.0 
78,4.0 79,2.0 81,2.0 82,2.0 
78,4.0 79,2.0 80,2.0 82,2.0 
78,4.0 79,2.0 80,2.0 81,2.0 
27,1.0 28,2.0 30,1.0 78,10.0 84,2.0 85,3.0 86,2.0 89,2.0 90,1.0 96,2.0 
13,1.0 28,2.0 63,1.0 77,1.0 78,6.0 83,2.0 85,2.0 86,2.0 98,2.0 99,1.0 100,2.0 116,1.0 117,1.0 118,1.0 
27,1.0 28,2.0 30,1.0 78,6.0 83,3.0 84,2.0 86,2.0 90,1.0 96,2.0 106,2.0 112,1.0 113,2.0 115,2.0 
28,2.0 78,4.0 87,2.0 88,2.0 
0,1.0 78,4.0 88,2.0 
30,2.0 33,1.0 78,4.0 87,2.0 106,2.0 111,1.0 
78,4.0 83,2.0 90,1.0 
78,2.0 83,1.0 85,1.0 89,1.0 113,1.0 115,2.0 
50,2.0 78,3.0 92,1.0 106,1.0 
50,1.0 78,2.0 84,1.0 91,1.0 100,1.0 103,1.0 114,1.0 115,1.0 116,1.0 117,1.0 
78,2.0 94,1.0 95,1.0 96,1.0 
78,2.0 93,1.0 95,1.0 96,1.0 
78,4.0 93,1.0 94,1.0 96,1.0 105,1.0 
27,2.0 30,2.0 67,2.0 78,12.0 83,2.0 85,2.0 96,5.0 97,2.0 98,1.0 
63,1.0 64,1.0 67,1.0 72,1.0 78,2.0 96,1.0 98,1.0 
6,2.0 64,2.0 78,12.0 84,2.0 98,5.0 99,2.0 100,2.0 101,1.0 
78,2.0 84,1.0 98,2.0 100,1.0 
13,1.0 63,1.0 77,1.0 78,2.0 84,2.0 98,2.0 99,1.0 116,1.0 117,1.0 118,1.0 
6,2.0 13,2.0 16,2.0 63,2.0 64,2.0 78,8.0 101,5.0 102,4.0 103,2.0 104,1.0 
13,2.0 78,1.0 101,3.0 102,1.0 103,2.0 104,1.0 
6,1.0 13,1.0 78,1.0 84,1.0 92,1.0 100,1.0 101,1.0 102,1.0 104,1.0 106,1.0 114,2.0 115,2.0 116,1.0 117,1.0 
78,2.0 
78,2.0 95,1.0 
6,2.0 30,2.0 33,2.0 85,2.0 88,2.0 103,2.0 106,17.0 107,2.0 108,2.0 109,2.0 110,2.0 111,2.0 112,2.0 113,2.0 114,2.0 115,1.0 
106,2.0 108,1.0 
106,2.0 107,1.0 
33,1.0 88,1.0 106,2.0 110,1.0 
33,1.0 88,1.0 106,2.0 109,1.0 
30,1.0 106,2.0 
85,1.0 106,2.0 113,1.0 
85,2.0 90,1.0 106,2.0 112,1.0 115,2.0 
6,1.0 84,1.0 92,1.0 100,1.0 103,2.0 106,1.0 115,2.0 116,1.0 117,1.0 
84,1.0 85,2.0 90,2.0 92,2.0 100,1.0 103,2.0 113,2.0 114,2.0 115,5.0 116,1.0 117,1.0 
13,1.0 63,1.0 77,1.0 84,1.0 100,1.0 117,1.0 118,1.0 
13,1.0 63,1.0 77,1.0 84,1.0 100,1.0 116,1.0 118,1.0 
13,1.0 34,1.0 63,1.0 77,1.0 
6,1.0 30,1.0 120,1.0 141,1.0 
30,2.0 119,1.0 
63,1.0 64,1.0 72,1.0 122,2.0 138,1.0 
29,2.0 124,2.0 
122,1.0 136,1.0 
63,1.0 64,1.0 72,1.0 137,1.0 
63,1.0 64,1.0 72,1.0 126,1.0 131,1.0 
127,1.0 129,1.0 
128,1.0 
126,1.0 
63,1.0 64,1.0 72,1.0 
125,1.0 
63,1.0 64,1.0 72,1.0 132,1.0 
63,1.0 64,1.0 72,1.0 133,1.0 
134,1.0 
29,1.0 
123,1.0 
122,1.0 
121,1.0 
139,1.0 
140,1.0 
87,1.0 
6,1.0 119,1.0 
