1,8.0 
1,4.0 2,8.0 3,8.0 4,8.0 9,4.0 10,4.0 16,2.0 17,2.0 23,2.0 29,2.0 107,26.0 108,4.0 112,4.0 113,2.0 114,6.0 126,2.0 171,2.0 172,2.0 173,2.0 174,2.0 175,2.0 176,2.0 177,2.0 178,2.0 213,4.0 
1,12.0 3,6.0 9,4.0 
1,6.0 4,8.0 7,2.0 15,4.0 19,4.0 20,4.0 25,4.0 26,4.0 27,4.0 33,2.0 42,2.0 213,4.0 
3,2.0 5,4.0 7,4.0 33,4.0 42,4.0 213,4.0 
6,4.0 7,4.0 22,2.0 43,4.0 44,4.0 45,2.0 65,2.0 
7,4.0 8,4.0 22,2.0 30,2.0 64,2.0 94,2.0 97,2.0 125,2.0 141,4.0 142,12.0 146,2.0 157,8.0 216,2.0 217,2.0 
6,4.0 8,4.0 14,4.0 24,4.0 33,4.0 42,4.0 214,4.0 215,4.0 
0,4.0 
1,4.0 5,4.0 10,8.0 28,4.0 43,4.0 
11,4.0 12,4.0 13,4.0 20,4.0 33,4.0 88,4.0 89,4.0 
12,4.0 13,4.0 14,4.0 
11,4.0 13,4.0 14,4.0 
11,4.0 12,4.0 14,4.0 
7,4.0 15,4.0 24,4.0 
16,4.0 28,10.0 
3,4.0 17,4.0 18,4.0 100,2.0 107,6.0 115,2.0 126,2.0 179,4.0 
1,2.0 16,4.0 17,2.0 18,4.0 41,6.0 107,4.0 114,10.0 142,2.0 157,2.0 169,2.0 170,2.0 171,2.0 172,2.0 173,2.0 174,2.0 175,2.0 
3,4.0 16,4.0 
20,4.0 21,4.0 
19,4.0 21,4.0 30,4.0 31,4.0 
22,4.0 23,4.0 46,2.0 197,4.0 198,4.0 199,4.0 200,4.0 
7,4.0 14,4.0 23,4.0 30,2.0 31,4.0 38,2.0 44,4.0 45,4.0 48,4.0 69,2.0 70,2.0 71,2.0 72,2.0 89,2.0 185,2.0 
1,2.0 6,2.0 7,4.0 14,4.0 22,4.0 45,2.0 94,2.0 96,2.0 97,2.0 98,2.0 99,2.0 100,2.0 101,2.0 107,2.0 112,2.0 113,2.0 114,2.0 
3,4.0 25,4.0 26,4.0 27,4.0 
3,4.0 15,4.0 26,4.0 27,4.0 
3,4.0 15,4.0 25,4.0 27,4.0 53,4.0 
3,4.0 15,4.0 25,4.0 26,4.0 51,2.0 59,4.0 60,4.0 61,4.0 62,4.0 63,4.0 102,1.0 104,2.0 218,2.0 219,2.0 
9,4.0 10,4.0 29,8.0 33,4.0 34,4.0 108,2.0 
9,4.0 28,8.0 33,4.0 104,2.0 107,2.0 
6,2.0 27,2.0 31,4.0 32,4.0 51,2.0 59,2.0 64,2.0 65,4.0 67,2.0 69,2.0 70,2.0 71,2.0 72,2.0 73,2.0 94,2.0 108,2.0 126,2.0 131,2.0 132,2.0 133,2.0 146,2.0 149,2.0 218,2.0 219,2.0 
30,4.0 32,4.0 38,2.0 46,4.0 
15,4.0 81,2.0 84,2.0 90,4.0 91,4.0 92,4.0 93,2.0 94,2.0 95,2.0 
7,4.0 28,4.0 32,4.0 34,4.0 42,4.0 90,4.0 91,4.0 92,4.0 214,4.0 215,4.0 
35,4.0 36,4.0 37,4.0 
36,4.0 37,4.0 38,4.0 
35,4.0 37,4.0 38,4.0 
35,4.0 36,4.0 38,4.0 
31,2.0 39,4.0 46,2.0 
40,4.0 
9,4.0 41,4.0 42,4.0 127,2.0 
17,10.0 40,4.0 41,2.0 42,4.0 107,2.0 114,4.0 126,2.0 134,2.0 142,6.0 143,2.0 157,2.0 168,2.0 169,2.0 
7,4.0 9,4.0 33,4.0 40,4.0 214,4.0 215,4.0 
5,4.0 22,2.0 44,4.0 45,2.0 64,6.0 
22,4.0 31,2.0 45,4.0 48,2.0 49,4.0 50,2.0 51,2.0 
22,4.0 23,2.0 30,2.0 31,4.0 38,2.0 44,2.0 96,2.0 97,2.0 98,2.0 99,2.0 100,2.0 101,2.0 181,2.0 
47,4.0 200,2.0 201,2.0 
22,4.0 
5,2.0 30,2.0 44,4.0 49,4.0 50,2.0 
44,2.0 50,2.0 51,4.0 
44,2.0 49,2.0 51,2.0 
27,2.0 52,4.0 102,1.0 218,2.0 219,2.0 
53,8.0 74,2.0 191,4.0 206,2.0 207,2.0 
21,2.0 27,4.0 30,2.0 52,2.0 54,8.0 56,2.0 59,4.0 60,4.0 61,4.0 62,4.0 66,2.0 110,2.0 154,2.0 165,2.0 186,2.0 187,2.0 188,2.0 197,2.0 198,2.0 199,2.0 203,2.0 204,2.0 205,2.0 
55,8.0 56,8.0 
56,8.0 57,4.0 58,8.0 
55,8.0 57,4.0 58,8.0 66,2.0 186,2.0 187,2.0 188,2.0 189,2.0 
26,4.0 58,4.0 
26,4.0 43,4.0 57,4.0 
27,4.0 60,4.0 61,6.0 62,6.0 63,4.0 65,2.0 66,2.0 
27,4.0 45,2.0 59,4.0 61,4.0 62,4.0 63,4.0 
27,4.0 59,4.0 60,6.0 62,6.0 63,4.0 66,2.0 
27,4.0 59,4.0 60,6.0 61,6.0 63,4.0 66,2.0 
52,4.0 195,2.0 196,2.0 
27,2.0 30,2.0 51,2.0 53,6.0 94,2.0 146,2.0 218,2.0 219,2.0 
59,2.0 61,2.0 62,2.0 66,2.0 73,2.0 158,2.0 
56,2.0 60,2.0 61,2.0 62,2.0 63,2.0 186,2.0 187,2.0 188,2.0 189,2.0 192,4.0 193,4.0 194,4.0 195,4.0 
68,2.0 
23,2.0 182,2.0 
30,2.0 70,2.0 71,2.0 72,2.0 73,2.0 
30,2.0 69,2.0 71,2.0 72,2.0 73,2.0 
30,2.0 69,2.0 70,2.0 72,2.0 73,2.0 
30,2.0 69,2.0 70,2.0 71,2.0 73,2.0 
53,4.0 74,2.0 75,2.0 76,2.0 154,2.0 203,2.0 204,2.0 205,2.0 
74,6.0 75,6.0 76,2.0 77,8.0 78,4.0 79,2.0 206,8.0 207,2.0 208,6.0 209,2.0 
74,8.0 75,2.0 76,2.0 77,6.0 78,2.0 
74,4.0 75,4.0 77,2.0 
74,6.0 75,2.0 77,2.0 78,4.0 79,2.0 
74,2.0 77,2.0 79,2.0 
80,2.0 
81,2.0 82,2.0 83,2.0 97,2.0 152,2.0 211,2.0 
23,2.0 45,2.0 82,2.0 83,2.0 84,2.0 93,2.0 94,2.0 95,2.0 96,2.0 97,2.0 
81,2.0 83,2.0 84,2.0 
81,2.0 82,2.0 84,2.0 
85,4.0 
86,4.0 
87,4.0 
10,4.0 88,4.0 89,4.0 
10,4.0 33,4.0 89,4.0 
0,2.0 10,4.0 33,4.0 88,4.0 185,2.0 
32,4.0 81,2.0 84,2.0 91,4.0 92,4.0 93,2.0 94,2.0 95,2.0 
32,4.0 81,2.0 84,2.0 90,4.0 92,4.0 93,2.0 94,2.0 95,2.0 
32,4.0 81,2.0 84,2.0 90,4.0 91,4.0 93,2.0 94,2.0 95,2.0 
23,2.0 45,2.0 81,2.0 94,2.0 95,2.0 96,2.0 97,2.0 
23,2.0 27,2.0 30,2.0 45,2.0 51,2.0 64,2.0 81,2.0 93,2.0 95,2.0 96,2.0 97,2.0 106,2.0 141,4.0 142,8.0 146,2.0 157,4.0 218,2.0 219,2.0 
23,2.0 45,2.0 81,2.0 93,2.0 94,2.0 96,2.0 97,2.0 107,2.0 114,2.0 179,2.0 
23,2.0 45,2.0 97,2.0 98,2.0 99,2.0 100,2.0 101,2.0 
6,2.0 23,2.0 30,2.0 45,2.0 64,2.0 94,2.0 96,2.0 98,2.0 99,2.0 100,2.0 101,2.0 107,2.0 112,2.0 114,2.0 146,2.0 179,2.0 212,2.0 216,2.0 217,2.0 
0,1.0 99,2.0 100,2.0 101,2.0 102,1.0 
0,1.0 98,2.0 100,2.0 101,2.0 102,1.0 
0,1.0 98,2.0 99,2.0 101,2.0 102,1.0 124,2.0 128,2.0 
0,1.0 98,2.0 99,2.0 100,2.0 102,1.0 
103,2.0 
1,2.0 
105,2.0 109,2.0 
23,2.0 
29,2.0 
1,26.0 16,6.0 17,2.0 41,2.0 95,2.0 97,2.0 107,8.0 108,6.0 112,4.0 114,16.0 115,2.0 126,2.0 133,2.0 171,2.0 172,2.0 173,2.0 174,2.0 175,2.0 176,2.0 177,2.0 178,2.0 179,14.0 180,2.0 
1,4.0 16,2.0 27,2.0 30,2.0 41,2.0 107,4.0 112,2.0 126,4.0 131,2.0 132,2.0 133,2.0 176,2.0 177,2.0 
110,2.0 111,2.0 
1,2.0 23,2.0 48,2.0 111,2.0 112,2.0 113,2.0 
1,2.0 23,2.0 110,2.0 112,2.0 113,2.0 
1,4.0 23,2.0 97,2.0 107,6.0 108,2.0 113,2.0 114,4.0 176,2.0 179,2.0 
1,2.0 23,2.0 107,2.0 112,2.0 114,2.0 
1,8.0 17,6.0 41,2.0 95,2.0 97,2.0 107,20.0 112,2.0 114,2.0 133,2.0 142,2.0 170,2.0 179,4.0 
116,2.0 117,4.0 118,2.0 
115,2.0 117,2.0 
115,2.0 116,2.0 117,2.0 118,6.0 119,2.0 120,2.0 
117,6.0 118,4.0 119,2.0 120,6.0 121,2.0 122,4.0 134,2.0 135,2.0 136,6.0 137,2.0 
117,2.0 118,2.0 
118,6.0 121,2.0 122,2.0 123,2.0 
118,2.0 120,2.0 
118,2.0 120,2.0 123,2.0 136,2.0 
15,2.0 142,6.0 157,6.0 167,2.0 
30,2.0 
16,2.0 
1,2.0 40,2.0 41,2.0 107,2.0 108,2.0 133,2.0 134,2.0 
100,2.0 
129,2.0 130,2.0 142,2.0 157,2.0 
30,2.0 108,2.0 130,2.0 131,2.0 132,2.0 
30,2.0 108,2.0 129,2.0 131,2.0 132,2.0 
30,2.0 108,2.0 126,2.0 132,2.0 133,2.0 
30,2.0 108,2.0 126,2.0 131,2.0 133,2.0 
107,2.0 108,2.0 114,2.0 126,2.0 
118,4.0 135,2.0 136,2.0 
118,2.0 134,2.0 
118,6.0 122,2.0 136,2.0 137,6.0 138,2.0 139,2.0 
136,6.0 138,2.0 139,2.0 140,2.0 
136,2.0 137,2.0 
137,2.0 140,2.0 
141,2.0 142,2.0 
6,2.0 94,2.0 141,14.0 142,32.0 143,16.0 144,2.0 145,8.0 146,2.0 147,2.0 148,2.0 149,2.0 151,32.0 152,2.0 153,2.0 154,2.0 155,2.0 156,2.0 157,2.0 
6,6.0 17,4.0 41,10.0 94,4.0 114,2.0 123,6.0 141,32.0 142,28.0 143,24.0 144,4.0 145,8.0 146,4.0 147,4.0 148,2.0 149,4.0 151,2.0 157,86.0 158,2.0 159,2.0 160,2.0 161,2.0 162,2.0 163,2.0 164,2.0 165,2.0 166,6.0 167,2.0 168,2.0 
41,2.0 141,16.0 142,24.0 151,8.0 157,14.0 
145,4.0 
6,4.0 94,4.0 128,2.0 141,14.0 142,20.0 146,4.0 150,2.0 151,8.0 152,2.0 153,2.0 154,2.0 155,2.0 156,2.0 157,14.0 159,2.0 160,2.0 161,2.0 162,2.0 163,2.0 164,2.0 
27,2.0 30,2.0 51,2.0 64,2.0 94,2.0 141,4.0 142,8.0 157,4.0 218,2.0 219,2.0 
145,4.0 
145,2.0 
45,2.0 145,4.0 
141,2.0 142,2.0 
141,30.0 142,2.0 143,8.0 145,8.0 151,6.0 152,2.0 153,2.0 154,2.0 155,2.0 156,2.0 157,2.0 
80,2.0 97,2.0 141,4.0 151,4.0 211,2.0 
141,2.0 145,2.0 151,2.0 154,2.0 155,2.0 156,2.0 
52,2.0 53,2.0 141,2.0 145,2.0 151,2.0 153,2.0 155,2.0 156,2.0 203,2.0 204,2.0 205,2.0 
141,2.0 145,2.0 151,2.0 153,2.0 154,2.0 156,2.0 
141,2.0 145,2.0 151,2.0 153,2.0 154,2.0 155,2.0 
6,4.0 17,2.0 41,4.0 94,2.0 123,6.0 142,88.0 143,14.0 144,2.0 145,8.0 146,2.0 147,2.0 149,2.0 157,20.0 158,2.0 159,2.0 160,2.0 161,2.0 162,2.0 163,2.0 164,2.0 165,2.0 166,6.0 167,2.0 
68,2.0 145,2.0 
142,4.0 157,4.0 
142,2.0 145,2.0 157,2.0 161,2.0 162,2.0 163,2.0 164,2.0 184,2.0 
142,2.0 145,2.0 157,2.0 160,2.0 162,2.0 163,2.0 164,2.0 
142,2.0 145,2.0 157,2.0 160,2.0 161,2.0 163,2.0 164,2.0 
142,2.0 145,2.0 157,2.0 160,2.0 161,2.0 162,2.0 164,2.0 
142,4.0 157,4.0 
48,2.0 166,2.0 
6,2.0 142,8.0 157,8.0 
142,4.0 157,4.0 
41,2.0 142,2.0 
17,2.0 41,2.0 
17,2.0 114,2.0 
1,2.0 17,2.0 107,2.0 172,2.0 173,2.0 174,2.0 175,2.0 
1,2.0 17,2.0 107,2.0 171,2.0 173,2.0 174,2.0 175,2.0 
1,2.0 17,2.0 107,2.0 171,2.0 172,2.0 174,2.0 175,2.0 
1,2.0 17,2.0 107,2.0 171,2.0 172,2.0 173,2.0 175,2.0 
1,2.0 17,2.0 107,2.0 171,2.0 172,2.0 173,2.0 174,2.0 
1,2.0 107,2.0 108,2.0 112,2.0 
1,2.0 107,2.0 108,2.0 
107,2.0 179,2.0 
2,4.0 16,4.0 95,2.0 97,2.0 107,14.0 112,2.0 114,4.0 179,2.0 180,2.0 
30,2.0 
53,2.0 
183,2.0 
160,2.0 
22,2.0 
0,2.0 89,2.0 
56,2.0 66,2.0 187,2.0 188,2.0 189,2.0 
56,2.0 66,2.0 186,2.0 188,2.0 189,2.0 
56,2.0 66,2.0 186,2.0 187,2.0 189,2.0 
190,2.0 
52,4.0 191,2.0 
21,2.0 66,4.0 73,2.0 192,4.0 193,4.0 194,4.0 197,2.0 198,2.0 199,2.0 
63,2.0 66,4.0 193,4.0 194,4.0 195,4.0 
63,2.0 66,4.0 192,4.0 194,4.0 195,4.0 
63,2.0 66,4.0 192,4.0 193,4.0 195,4.0 
63,2.0 196,2.0 202,2.0 
191,2.0 
21,4.0 46,2.0 198,4.0 199,4.0 200,4.0 
21,4.0 46,2.0 197,4.0 199,4.0 200,4.0 
21,4.0 46,2.0 197,4.0 198,4.0 200,4.0 
43,2.0 46,2.0 201,2.0 
190,2.0 
190,2.0 
52,2.0 53,2.0 154,2.0 204,2.0 205,2.0 
52,2.0 53,2.0 154,2.0 203,2.0 205,2.0 
52,2.0 53,2.0 154,2.0 203,2.0 204,2.0 
74,6.0 206,4.0 207,2.0 208,8.0 209,4.0 210,2.0 
74,4.0 206,4.0 208,2.0 
74,2.0 206,6.0 208,2.0 209,4.0 210,2.0 
206,2.0 208,2.0 210,2.0 
80,2.0 152,2.0 211,2.0 
80,2.0 97,2.0 152,2.0 
179,4.0 
3,2.0 4,4.0 7,4.0 33,4.0 42,4.0 
6,2.0 97,2.0 212,2.0 215,4.0 216,2.0 217,2.0 
6,2.0 97,2.0 212,2.0 214,4.0 216,2.0 217,2.0 
6,2.0 30,2.0 64,2.0 94,2.0 97,2.0 146,2.0 217,2.0 
6,2.0 30,2.0 64,2.0 94,2.0 97,2.0 146,2.0 216,2.0 
27,2.0 51,2.0 102,1.0 219,2.0 
27,2.0 51,2.0 102,1.0 218,2.0 
