1,8.0 3,3.0 17,2.0 18,1.0 27,2.0 50,1.0 60,1.0 64,1.0 65,1.0 81,2.0 243,2.0 249,1.0 
2,26.0 3,22.0 4,3.0 8,3.0 14,3.0 16,3.0 17,2.0 19,1.0 20,2.0 23,5.0 29,1.0 30,2.0 46,1.0 48,1.0 56,2.0 57,2.0 60,2.0 61,1.0 68,1.0 70,3.0 71,1.0 73,1.0 75,1.0 76,1.0 96,3.0 135,1.0 163,1.0 185,1.0 198,1.0 201,1.0 236,1.0 240,1.0 
1,22.0 5,3.0 10,3.0 11,1.0 13,1.0 15,3.0 17,1.0 18,1.0 21,3.0 29,1.0 40,1.0 42,1.0 43,3.0 53,1.0 57,1.0 61,1.0 64,2.0 65,2.0 70,1.0 71,1.0 72,1.0 73,1.0 77,1.0 82,1.0 84,2.0 90,1.0 93,1.0 97,1.0 99,3.0 105,2.0 120,1.0 125,1.0 128,1.0 131,1.0 143,1.0 145,1.0 148,1.0 163,1.0 174,1.0 196,1.0 217,1.0 236,1.0 240,1.0 
1,3.0 2,1.0 4,18.0 5,3.0 6,3.0 10,2.0 11,3.0 13,1.0 17,7.0 19,3.0 21,7.0 23,2.0 25,2.0 27,2.0 36,1.0 43,5.0 50,1.0 51,2.0 52,2.0 53,1.0 57,3.0 62,4.0 63,2.0 64,1.0 73,2.0 75,1.0 78,1.0 92,1.0 94,1.0 96,1.0 105,2.0 112,1.0 123,1.0 125,1.0 132,2.0 133,1.0 145,1.0 150,1.0 151,1.0 152,1.0 153,1.0 157,1.0 197,2.0 199,1.0 243,2.0 246,1.0 250,1.0 252,1.0 
0,4.0 5,18.0 10,1.0 12,3.0 18,1.0 20,1.0 26,2.0 31,4.0 43,4.0 45,1.0 47,1.0 48,1.0 53,1.0 60,1.0 62,1.0 64,2.0 66,1.0 67,1.0 72,1.0 74,1.0 78,1.0 79,1.0 81,1.0 83,1.0 85,2.0 86,1.0 87,2.0 90,1.0 92,1.0 93,1.0 136,1.0 149,1.0 159,1.0 200,1.0 201,1.0 203,1.0 206,1.0 208,1.0 238,1.0 242,1.0 244,2.0 247,1.0 248,1.0 249,1.0 253,1.0 254,1.0 
1,11.0 2,1.0 3,3.0 7,3.0 9,3.0 13,5.0 18,3.0 23,1.0 25,2.0 28,2.0 44,1.0 49,2.0 50,1.0 60,1.0 61,2.0 69,2.0 78,1.0 80,1.0 81,1.0 88,1.0 93,1.0 114,1.0 121,1.0 135,1.0 154,1.0 155,3.0 198,2.0 201,1.0 203,1.0 204,1.0 224,1.0 225,1.0 237,2.0 241,1.0 251,1.0 
4,3.0 224,1.0 235,1.0 258,1.0 
1,6.0 3,1.0 20,3.0 21,3.0 43,2.0 58,4.0 86,3.0 89,1.0 115,1.0 176,1.0 
3,3.0 
1,3.0 
1,6.0 4,1.0 11,2.0 18,1.0 43,2.0 55,1.0 59,1.0 116,1.0 117,1.0 121,1.0 132,1.0 157,3.0 208,1.0 223,1.0 
1,2.0 3,1.0 4,3.0 10,2.0 18,4.0 45,1.0 89,3.0 120,2.0 
5,3.0 
1,3.0 3,2.0 15,1.0 18,1.0 20,2.0 23,1.0 43,1.0 80,1.0 81,2.0 114,1.0 148,1.0 
2,3.0 17,1.0 18,1.0 19,1.0 42,1.0 47,1.0 158,1.0 159,1.0 163,1.0 
0,2.0 1,3.0 13,1.0 17,1.0 18,3.0 23,1.0 33,1.0 45,4.0 49,2.0 109,2.0 120,2.0 
0,2.0 2,2.0 3,3.0 27,1.0 36,1.0 45,2.0 49,1.0 112,1.0 123,1.0 
1,1.0 4,5.0 14,1.0 15,1.0 21,2.0 23,2.0 26,1.0 27,2.0 33,1.0 36,1.0 37,1.0 46,1.0 47,1.0 49,2.0 54,1.0 57,4.0 111,1.0 112,2.0 121,1.0 132,2.0 163,1.0 
2,1.0 3,2.0 13,3.0 15,1.0 19,8.0 20,13.0 23,10.0 26,2.0 27,3.0 40,1.0 47,1.0 48,1.0 49,1.0 53,2.0 56,1.0 60,2.0 62,1.0 64,3.0 71,1.0 73,1.0 82,1.0 84,1.0 91,4.0 92,2.0 100,1.0 110,1.0 136,1.0 137,1.0 140,1.0 179,1.0 220,1.0 221,1.0 
5,1.0 10,4.0 11,1.0 14,1.0 16,1.0 18,4.0 20,2.0 21,3.0 27,1.0 29,2.0 31,1.0 38,1.0 39,2.0 42,1.0 43,2.0 59,1.0 61,1.0 64,1.0 65,1.0 72,2.0 92,1.0 105,1.0 107,1.0 109,2.0 112,1.0 122,1.0 132,1.0 140,1.0 157,2.0 192,1.0 193,1.0 
2,2.0 4,1.0 7,3.0 19,6.0 21,17.0 22,1.0 23,1.0 24,2.0 27,2.0 35,2.0 36,2.0 42,2.0 44,1.0 46,1.0 48,1.0 49,6.0 53,1.0 58,1.0 59,1.0 64,1.0 71,2.0 72,2.0 73,1.0 77,1.0 86,1.0 90,4.0 92,2.0 93,2.0 96,1.0 100,1.0 107,1.0 138,1.0 145,1.0 185,1.0 190,1.0 219,1.0 
0,1.0 3,2.0 5,6.0 7,1.0 10,1.0 15,4.0 17,1.0 18,1.0 19,1.0 20,5.0 24,2.0 26,2.0 27,3.0 28,2.0 30,1.0 31,1.0 36,1.0 37,4.0 42,1.0 43,4.0 49,2.0 50,1.0 58,1.0 60,3.0 62,1.0 64,1.0 71,1.0 73,1.0 75,1.0 77,1.0 79,1.0 81,1.0 82,1.0 86,2.0 88,1.0 89,1.0 90,1.0 91,1.0 92,1.0 95,2.0 108,1.0 109,1.0 111,1.0 112,2.0 113,1.0 116,1.0 120,3.0 125,1.0 127,2.0 137,1.0 140,1.0 141,1.0 143,1.0 154,1.0 157,1.0 190,1.0 191,1.0 193,1.0 226,1.0 233,1.0 
19,1.0 21,1.0 
1,3.0 4,1.0 5,1.0 11,1.0 14,1.0 15,2.0 17,2.0 18,5.0 27,3.0 36,2.0 38,2.0 43,2.0 46,1.0 50,1.0 54,2.0 57,2.0 62,2.0 64,5.0 70,1.0 72,3.0 74,1.0 75,4.0 82,1.0 88,2.0 89,2.0 90,1.0 91,3.0 96,4.0 98,2.0 105,1.0 107,1.0 121,1.0 168,2.0 208,1.0 
5,2.0 21,2.0 222,1.0 225,1.0 226,1.0 
4,2.0 18,2.0 
17,1.0 23,2.0 27,2.0 43,2.0 45,2.0 48,2.0 53,2.0 132,1.0 244,1.0 
3,4.0 16,1.0 17,2.0 18,1.0 21,5.0 23,3.0 26,2.0 31,1.0 36,7.0 37,1.0 38,2.0 43,5.0 48,2.0 53,2.0 57,1.0 78,2.0 91,6.0 112,4.0 127,1.0 
7,2.0 16,1.0 18,2.0 20,2.0 
1,2.0 3,1.0 4,2.0 18,2.0 69,1.0 238,1.0 240,1.0 
2,1.0 3,2.0 18,1.0 31,1.0 56,3.0 72,1.0 78,1.0 99,1.0 
7,4.0 10,2.0 11,1.0 13,1.0 15,1.0 17,1.0 27,1.0 30,1.0 32,1.0 36,1.0 55,1.0 57,1.0 58,3.0 66,1.0 74,2.0 78,1.0 80,1.0 91,1.0 96,4.0 97,2.0 115,1.0 
1,1.0 4,1.0 33,1.0 34,1.0 81,1.0 106,1.0 
1,1.0 5,1.0 18,1.0 32,1.0 34,1.0 201,3.0 
4,1.0 32,1.0 33,1.0 160,1.0 161,1.0 162,1.0 
36,2.0 42,1.0 100,1.0 182,1.0 219,1.0 
3,2.0 18,2.0 20,4.0 21,4.0 36,2.0 38,3.0 42,7.0 43,4.0 47,1.0 48,2.0 49,1.0 53,1.0 54,3.0 84,1.0 124,2.0 181,1.0 
3,2.0 18,2.0 20,1.0 45,1.0 113,1.0 114,1.0 121,1.0 176,1.0 177,1.0 
18,3.0 20,1.0 36,3.0 39,1.0 40,1.0 83,1.0 181,1.0 205,1.0 211,1.0 
18,1.0 38,1.0 43,1.0 
2,1.0 38,2.0 41,1.0 53,1.0 100,1.0 125,1.0 163,1.0 213,1.0 
3,1.0 
5,2.0 18,1.0 21,4.0 36,7.0 42,1.0 43,4.0 44,1.0 54,1.0 126,2.0 
0,5.0 2,1.0 3,3.0 5,3.0 11,3.0 13,1.0 15,3.0 16,2.0 17,1.0 18,1.0 20,1.0 24,1.0 26,2.0 27,7.0 31,1.0 36,2.0 37,1.0 38,1.0 44,1.0 45,9.0 48,3.0 49,1.0 53,4.0 54,1.0 57,1.0 58,1.0 62,1.0 63,1.0 68,1.0 78,1.0 86,3.0 89,3.0 90,1.0 91,5.0 109,2.0 111,1.0 112,4.0 113,1.0 114,1.0 115,1.0 117,1.0 118,1.0 119,1.0 123,1.0 127,1.0 180,1.0 181,2.0 183,1.0 184,1.0 186,2.0 218,1.0 225,1.0 226,1.0 227,1.0 230,1.0 238,2.0 
3,1.0 4,1.0 42,1.0 43,1.0 45,1.0 77,1.0 81,1.0 125,1.0 132,1.0 
0,3.0 2,2.0 3,1.0 11,1.0 15,2.0 16,4.0 31,1.0 35,1.0 46,1.0 49,3.0 62,1.0 68,1.0 75,2.0 81,1.0 89,1.0 90,1.0 112,1.0 120,1.0 121,2.0 123,1.0 134,1.0 149,1.0 182,1.0 239,1.0 245,2.0 255,1.0 256,1.0 257,1.0 
1,1.0 18,1.0 20,1.0 44,1.0 48,1.0 54,1.0 77,1.0 123,1.0 163,1.0 169,1.0 
2,1.0 4,1.0 43,1.0 48,2.0 100,1.0 121,2.0 163,1.0 
4,1.0 20,1.0 43,1.0 44,1.0 46,2.0 47,2.0 49,1.0 53,3.0 77,1.0 81,3.0 
2,2.0 7,1.0 16,1.0 21,5.0 27,4.0 36,1.0 42,1.0 43,2.0 44,1.0 45,1.0 53,1.0 56,1.0 64,1.0 65,1.0 75,1.0 78,2.0 86,2.0 89,2.0 90,1.0 91,2.0 95,1.0 107,1.0 108,2.0 110,2.0 183,1.0 198,1.0 231,1.0 232,1.0 239,1.0 
3,1.0 23,1.0 42,2.0 51,1.0 52,1.0 125,2.0 126,2.0 155,1.0 203,1.0 
3,2.0 5,2.0 50,1.0 
51,2.0 53,1.0 
4,1.0 5,1.0 20,2.0 23,1.0 36,3.0 42,2.0 44,1.0 48,4.0 49,1.0 54,1.0 81,3.0 83,3.0 84,1.0 100,1.0 110,1.0 123,2.0 124,2.0 132,1.0 163,1.0 
1,1.0 4,1.0 36,2.0 43,1.0 46,1.0 47,1.0 48,2.0 53,2.0 84,1.0 
1,1.0 10,1.0 
2,2.0 3,2.0 30,3.0 43,1.0 72,1.0 99,1.0 110,1.0 
1,1.0 4,3.0 17,4.0 23,2.0 27,1.0 28,1.0 31,1.0 36,1.0 46,1.0 54,1.0 91,1.0 
1,3.0 4,1.0 7,4.0 20,1.0 49,1.0 59,1.0 86,1.0 
4,1.0 10,1.0 58,1.0 121,1.0 
2,1.0 3,4.0 18,1.0 20,1.0 23,2.0 31,2.0 43,1.0 61,4.0 64,5.0 71,2.0 74,2.0 81,2.0 84,1.0 85,1.0 95,2.0 96,2.0 98,2.0 107,1.0 249,1.0 
3,2.0 18,1.0 23,1.0 49,1.0 60,4.0 63,1.0 65,2.0 69,1.0 75,1.0 81,1.0 95,1.0 
0,1.0 1,1.0 3,1.0 5,1.0 18,1.0 23,1.0 49,1.0 60,3.0 61,1.0 63,2.0 64,3.0 65,1.0 81,3.0 82,2.0 84,2.0 85,1.0 86,1.0 87,1.0 90,9.0 94,2.0 96,2.0 107,3.0 149,2.0 150,1.0 164,1.0 
1,1.0 5,2.0 18,1.0 62,2.0 64,1.0 65,1.0 75,1.0 
3,1.0 4,1.0 18,2.0 20,2.0 21,3.0 23,1.0 32,1.0 43,2.0 45,1.0 60,5.0 62,3.0 65,2.0 75,5.0 81,1.0 85,1.0 90,3.0 92,3.0 95,2.0 106,1.0 198,1.0 
3,1.0 4,1.0 29,1.0 43,1.0 61,2.0 63,1.0 64,2.0 69,2.0 75,1.0 95,1.0 
2,1.0 67,1.0 222,1.0 
1,1.0 3,1.0 86,1.0 
5,2.0 49,1.0 121,2.0 
1,1.0 29,1.0 68,2.0 72,1.0 84,1.0 95,2.0 121,1.0 
20,1.0 23,3.0 43,1.0 71,2.0 72,4.0 74,1.0 96,4.0 105,2.0 107,1.0 121,1.0 201,1.0 
4,4.0 19,1.0 20,2.0 21,1.0 23,3.0 70,1.0 71,2.0 72,2.0 73,3.0 96,2.0 98,2.0 105,4.0 107,1.0 132,1.0 141,1.0 143,1.0 144,1.0 
2,1.0 3,1.0 19,2.0 20,1.0 23,3.0 31,1.0 70,1.0 71,2.0 72,2.0 73,2.0 74,1.0 84,1.0 96,5.0 97,1.0 98,3.0 99,2.0 105,5.0 107,2.0 132,1.0 143,1.0 164,1.0 174,1.0 175,1.0 
2,1.0 19,1.0 20,1.0 71,1.0 72,1.0 84,2.0 96,4.0 99,3.0 105,3.0 141,2.0 
2,1.0 4,1.0 18,1.0 31,3.0 43,1.0 72,1.0 96,4.0 97,3.0 105,2.0 107,1.0 
1,1.0 2,1.0 4,1.0 19,1.0 21,2.0 32,1.0 43,1.0 49,1.0 61,1.0 62,3.0 63,1.0 64,4.0 76,1.0 90,4.0 93,1.0 94,2.0 106,1.0 197,2.0 
19,1.0 75,1.0 
4,1.0 44,1.0 77,1.0 121,1.0 167,1.0 
3,2.0 5,1.0 18,1.0 27,2.0 30,1.0 31,1.0 43,3.0 79,1.0 80,2.0 121,2.0 
31,1.0 78,1.0 140,1.0 222,1.0 
5,1.0 13,1.0 78,2.0 81,1.0 121,2.0 
2,1.0 3,2.0 21,2.0 36,1.0 44,1.0 45,2.0 53,1.0 54,1.0 60,2.0 61,1.0 62,4.0 70,1.0 73,1.0 83,1.0 84,3.0 90,3.0 96,2.0 101,3.0 102,3.0 107,1.0 146,1.0 147,1.0 149,1.0 247,1.0 
3,1.0 20,1.0 60,2.0 61,1.0 62,1.0 63,1.0 
5,1.0 20,1.0 40,1.0 53,3.0 54,1.0 84,1.0 205,1.0 207,1.0 209,1.0 210,1.0 
2,3.0 22,1.0 32,1.0 34,1.0 36,1.0 44,1.0 47,1.0 48,1.0 53,1.0 54,2.0 60,2.0 71,3.0 72,1.0 83,1.0 84,1.0 96,5.0 98,1.0 99,2.0 107,3.0 125,1.0 130,2.0 174,1.0 185,2.0 
62,2.0 86,2.0 87,2.0 94,1.0 133,1.0 178,1.0 
3,1.0 7,3.0 18,3.0 19,1.0 20,2.0 21,1.0 43,3.0 58,1.0 67,1.0 87,2.0 89,1.0 115,1.0 121,1.0 156,1.0 157,1.0 176,1.0 183,1.0 184,1.0 218,1.0 
3,2.0 18,2.0 86,2.0 206,1.0 
18,2.0 84,2.0 89,2.0 204,1.0 
7,1.0 11,3.0 18,6.0 20,1.0 43,2.0 86,1.0 88,2.0 154,1.0 
0,1.0 2,1.0 4,2.0 19,1.0 23,2.0 43,1.0 49,1.0 60,2.0 62,8.0 64,3.0 75,2.0 81,3.0 84,2.0 92,1.0 93,3.0 94,2.0 96,1.0 107,2.0 239,1.0 
18,1.0 21,2.0 23,4.0 27,6.0 31,1.0 36,5.0 38,2.0 43,1.0 49,2.0 57,1.0 112,2.0 127,1.0 
4,1.0 20,2.0 21,2.0 45,1.0 64,3.0 93,1.0 149,1.0 195,1.0 252,1.0 253,1.0 
3,2.0 4,1.0 18,1.0 45,1.0 64,1.0 75,2.0 90,3.0 92,1.0 94,2.0 174,1.0 251,1.0 
18,1.0 21,2.0 62,2.0 75,2.0 107,1.0 164,1.0 
21,1.0 31,2.0 43,2.0 60,2.0 69,2.0 72,1.0 74,2.0 84,1.0 96,2.0 121,1.0 
1,2.0 3,1.0 4,2.0 23,5.0 31,2.0 32,1.0 34,1.0 70,3.0 71,4.0 72,5.0 73,2.0 74,2.0 81,2.0 84,5.0 96,10.0 97,4.0 98,4.0 99,4.0 105,2.0 107,1.0 150,1.0 151,1.0 202,1.0 
1,1.0 2,2.0 49,1.0 70,1.0 74,1.0 81,1.0 96,2.0 98,1.0 105,2.0 132,1.0 175,1.0 
1,1.0 2,1.0 3,1.0 4,2.0 71,2.0 81,1.0 96,2.0 97,1.0 105,1.0 
2,1.0 71,3.0 72,1.0 84,2.0 96,4.0 99,1.0 105,4.0 121,1.0 143,3.0 175,1.0 181,1.0 
20,2.0 36,1.0 42,1.0 47,1.0 53,1.0 121,1.0 211,1.0 
102,3.0 103,3.0 104,3.0 
101,3.0 103,3.0 104,3.0 
71,3.0 104,3.0 105,3.0 
71,3.0 103,3.0 105,3.0 
1,1.0 2,3.0 3,1.0 4,1.0 19,1.0 23,4.0 70,3.0 71,5.0 72,3.0 73,1.0 74,2.0 97,2.0 98,2.0 99,3.0 105,7.0 107,2.0 121,2.0 132,1.0 142,2.0 143,1.0 151,1.0 175,2.0 181,2.0 
32,1.0 81,1.0 
21,1.0 32,1.0 34,1.0 43,1.0 60,2.0 71,2.0 72,1.0 74,1.0 84,3.0 96,1.0 98,1.0 105,1.0 132,2.0 143,1.0 145,2.0 164,1.0 
3,1.0 21,2.0 109,1.0 
3,1.0 15,2.0 43,2.0 49,2.0 108,1.0 238,2.0 
42,1.0 43,1.0 44,1.0 49,1.0 53,1.0 56,1.0 
17,1.0 20,1.0 49,1.0 112,2.0 121,1.0 
0,1.0 16,1.0 17,2.0 20,1.0 27,4.0 36,4.0 49,1.0 91,2.0 111,2.0 121,1.0 127,1.0 132,1.0 
3,1.0 19,1.0 20,1.0 114,2.0 
3,2.0 13,1.0 19,1.0 113,2.0 
3,1.0 7,1.0 19,1.0 86,1.0 
10,1.0 43,1.0 117,1.0 
43,1.0 45,1.0 
2,1.0 119,1.0 
2,1.0 118,1.0 
3,1.0 11,2.0 15,2.0 43,1.0 45,3.0 
2,1.0 3,2.0 14,1.0 17,1.0 19,4.0 23,1.0 26,1.0 27,1.0 30,1.0 40,1.0 56,1.0 69,1.0 72,2.0 74,1.0 78,1.0 81,2.0 93,1.0 95,1.0 105,2.0 125,2.0 132,3.0 163,1.0 164,1.0 165,1.0 166,1.0 170,1.0 171,1.0 174,1.0 
42,1.0 
18,1.0 36,2.0 46,1.0 53,2.0 124,2.0 169,1.0 
3,1.0 36,2.0 43,1.0 
2,1.0 40,1.0 42,2.0 44,1.0 50,2.0 53,1.0 84,1.0 121,1.0 126,2.0 132,1.0 163,2.0 167,1.0 
21,1.0 42,2.0 43,1.0 
20,2.0 27,1.0 36,1.0 84,1.0 91,1.0 112,1.0 129,1.0 
127,1.0 129,1.0 
40,1.0 84,1.0 127,1.0 159,1.0 
2,1.0 84,1.0 
132,1.0 
3,1.0 5,1.0 14,1.0 17,1.0 37,4.0 45,2.0 46,1.0 78,2.0 80,2.0 85,1.0 86,1.0 99,1.0 105,1.0 111,1.0 123,1.0 125,1.0 133,2.0 156,1.0 157,2.0 158,1.0 167,1.0 168,1.0 207,1.0 238,2.0 
3,1.0 18,1.0 19,1.0 121,1.0 168,1.0 178,1.0 
49,1.0 
2,1.0 45,1.0 
18,1.0 19,1.0 
18,1.0 23,1.0 40,1.0 204,1.0 
139,1.0 
21,1.0 139,1.0 
19,1.0 79,1.0 149,1.0 222,1.0 
20,1.0 73,1.0 142,1.0 
2,1.0 105,1.0 121,1.0 
2,1.0 21,1.0 71,1.0 73,1.0 74,1.0 99,1.0 105,1.0 121,1.0 141,1.0 185,1.0 
97,1.0 
21,1.0 70,1.0 71,1.0 107,1.0 143,2.0 151,1.0 228,1.0 
2,1.0 147,1.0 
2,1.0 146,1.0 
13,1.0 81,1.0 
0,1.0 3,1.0 4,1.0 62,2.0 96,1.0 150,1.0 194,1.0 249,1.0 253,1.0 254,1.0 
3,1.0 4,1.0 96,1.0 105,1.0 151,1.0 
4,1.0 105,1.0 150,1.0 
2,1.0 153,1.0 
2,1.0 152,1.0 
20,1.0 89,1.0 121,1.0 155,1.0 
23,1.0 50,1.0 121,2.0 154,1.0 203,1.0 
86,1.0 121,1.0 
3,2.0 10,3.0 18,1.0 20,1.0 43,1.0 86,1.0 132,1.0 207,1.0 
14,1.0 159,1.0 
1,2.0 34,1.0 160,1.0 
34,1.0 161,1.0 162,1.0 
47,1.0 100,1.0 162,1.0 
47,1.0 100,1.0 161,1.0 
47,1.0 53,1.0 84,1.0 121,1.0 125,1.0 129,1.0 132,1.0 167,1.0 
19,1.0 72,2.0 105,1.0 107,1.0 132,1.0 
132,1.0 166,1.0 
132,1.0 165,1.0 
1,1.0 23,1.0 121,1.0 125,1.0 
121,1.0 132,2.0 133,1.0 238,2.0 
14,1.0 17,1.0 
171,1.0 172,1.0 173,1.0 
170,1.0 172,1.0 173,1.0 
97,1.0 98,1.0 173,1.0 
97,1.0 98,1.0 172,1.0 
3,1.0 64,1.0 93,1.0 97,1.0 175,1.0 
43,1.0 72,1.0 97,1.0 105,2.0 132,1.0 142,1.0 181,1.0 
7,1.0 43,1.0 86,1.0 121,1.0 177,1.0 
121,1.0 176,1.0 
18,1.0 133,1.0 
3,1.0 
45,1.0 
3,2.0 20,1.0 36,1.0 38,1.0 105,2.0 142,1.0 175,1.0 
35,1.0 100,1.0 
4,1.0 43,1.0 86,1.0 184,1.0 
20,1.0 
7,1.0 29,2.0 86,1.0 145,1.0 176,1.0 183,1.0 
187,1.0 189,1.0 
188,1.0 
20,2.0 
188,1.0 
19,1.0 20,1.0 
19,1.0 192,1.0 
16,1.0 19,1.0 27,1.0 112,1.0 
19,1.0 140,1.0 
20,1.0 
2,1.0 196,1.0 
2,1.0 93,1.0 
4,1.0 5,1.0 18,1.0 75,1.0 90,1.0 93,1.0 250,1.0 
1,1.0 2,1.0 49,1.0 62,1.0 64,1.0 
4,1.0 
5,1.0 
33,5.0 70,1.0 72,1.0 
143,1.0 
23,1.0 50,1.0 155,1.0 204,1.0 205,1.0 
83,1.0 84,1.0 88,1.0 203,1.0 205,1.0 206,1.0 
38,1.0 83,1.0 206,1.0 207,1.0 208,1.0 210,1.0 212,1.0 214,1.0 
3,1.0 87,1.0 137,1.0 205,1.0 207,1.0 
3,1.0 83,1.0 157,1.0 205,1.0 208,2.0 
10,1.0 31,1.0 83,1.0 204,2.0 206,1.0 223,1.0 
207,1.0 215,1.0 
38,1.0 205,1.0 208,1.0 
53,1.0 210,1.0 
129,1.0 
137,1.0 
205,1.0 209,1.0 
216,1.0 
214,1.0 
1,1.0 
18,1.0 86,1.0 
35,1.0 36,1.0 42,1.0 
20,1.0 221,1.0 
20,1.0 220,1.0 
23,1.0 53,1.0 83,1.0 181,1.0 
23,1.0 
6,1.0 45,1.0 66,1.0 225,1.0 234,1.0 235,2.0 258,1.0 
24,1.0 66,1.0 222,1.0 224,1.0 226,1.0 
24,1.0 43,1.0 222,1.0 225,1.0 
175,1.0 
3,1.0 229,1.0 
43,1.0 228,1.0 
229,1.0 
43,1.0 
21,1.0 
224,1.0 234,1.0 235,1.0 
45,1.0 224,1.0 235,1.0 
45,1.0 224,1.0 234,1.0 244,1.0 248,1.0 258,1.0 259,1.0 260,1.0 
1,1.0 3,1.0 
20,2.0 241,1.0 
4,1.0 5,2.0 43,2.0 87,1.0 132,2.0 157,2.0 207,1.0 
0,1.0 2,1.0 90,1.0 
1,1.0 3,1.0 29,1.0 
20,1.0 237,1.0 
45,1.0 
5,2.0 49,2.0 
26,1.0 45,2.0 248,2.0 259,1.0 260,1.0 
0,2.0 
5,1.0 
45,1.0 81,1.0 
45,1.0 244,2.0 259,1.0 260,1.0 
3,1.0 45,1.0 60,1.0 254,1.0 
5,1.0 197,1.0 
3,1.0 93,1.0 
4,1.0 92,1.0 149,1.0 253,1.0 
4,1.0 149,1.0 249,1.0 254,1.0 
45,1.0 249,1.0 
6,1.0 224,1.0 256,1.0 257,1.0 
6,1.0 224,1.0 255,1.0 257,1.0 
6,1.0 224,1.0 255,1.0 256,1.0 
235,1.0 244,1.0 248,1.0 259,1.0 260,1.0 
244,1.0 248,1.0 260,1.0 
244,1.0 248,1.0 259,1.0 
