1,5.0 10,2.0 11,2.0 78,2.0 
2,5.0 3,5.0 4,5.0 5,5.0 11,2.0 
1,5.0 3,5.0 54,6.0 
1,5.0 4,10.0 5,5.0 7,4.0 11,1.0 12,1.0 13,1.0 17,1.0 32,2.0 33,2.0 
3,1.0 5,5.0 6,5.0 7,5.0 11,2.0 12,7.0 13,2.0 14,1.0 18,4.0 
4,5.0 6,5.0 
7,5.0 47,2.0 48,2.0 
3,1.0 4,6.0 8,3.0 9,3.0 12,7.0 18,4.0 
0,2.0 9,3.0 10,2.0 26,1.0 
0,2.0 8,3.0 10,2.0 26,1.0 
0,2.0 1,2.0 11,2.0 26,1.0 31,1.0 
1,2.0 2,2.0 3,1.0 4,1.0 7,1.0 13,3.0 14,1.0 15,1.0 16,1.0 27,1.0 28,1.0 
3,1.0 4,3.0 7,1.0 11,2.0 12,1.0 13,6.0 14,1.0 18,5.0 28,2.0 36,6.0 41,2.0 42,2.0 
3,3.0 4,1.0 7,1.0 11,3.0 12,2.0 14,1.0 15,1.0 16,1.0 19,9.0 20,9.0 21,1.0 22,1.0 27,3.0 28,1.0 29,3.0 30,3.0 32,2.0 33,2.0 34,3.0 45,2.0 46,2.0 47,2.0 
11,1.0 13,1.0 15,1.0 16,1.0 
3,1.0 16,1.0 17,1.0 
3,1.0 15,1.0 17,1.0 
3,1.0 4,1.0 
12,4.0 13,11.0 19,4.0 20,4.0 27,3.0 29,3.0 
10,1.0 13,6.0 18,4.0 19,1.0 20,9.0 21,2.0 22,2.0 23,1.0 31,1.0 34,3.0 
3,2.0 13,6.0 19,5.0 20,3.0 21,1.0 22,1.0 28,6.0 32,5.0 33,2.0 34,6.0 35,6.0 40,4.0 48,2.0 49,4.0 55,2.0 57,2.0 64,2.0 72,2.0 
19,1.0 22,1.0 23,1.0 32,3.0 35,6.0 36,3.0 37,3.0 
19,1.0 20,2.0 21,1.0 23,1.0 32,2.0 40,2.0 51,2.0 52,2.0 61,2.0 62,2.0 63,2.0 
24,1.0 25,1.0 26,1.0 
25,3.0 26,1.0 27,1.0 38,2.0 39,2.0 
24,1.0 26,1.0 27,1.0 38,2.0 39,2.0 40,2.0 
11,1.0 13,1.0 24,1.0 25,1.0 27,3.0 32,1.0 33,1.0 75,2.0 76,2.0 
11,1.0 12,2.0 13,6.0 18,3.0 28,3.0 29,3.0 32,1.0 33,1.0 45,2.0 46,2.0 47,2.0 
6,2.0 18,3.0 20,6.0 27,3.0 40,4.0 47,2.0 55,2.0 
13,3.0 30,3.0 43,2.0 
19,3.0 47,2.0 50,2.0 63,2.0 65,2.0 
10,1.0 26,1.0 
3,2.0 4,2.0 7,2.0 20,2.0 21,3.0 22,2.0 27,1.0 28,1.0 33,3.0 35,9.0 36,3.0 37,3.0 61,2.0 62,2.0 63,2.0 
3,2.0 4,2.0 7,2.0 27,1.0 28,1.0 32,3.0 
20,3.0 21,3.0 32,6.0 35,3.0 
20,6.0 21,3.0 24,2.0 32,3.0 34,3.0 35,3.0 36,6.0 37,6.0 49,4.0 72,2.0 79,1.0 80,1.0 81,1.0 
20,6.0 24,2.0 35,9.0 37,3.0 79,1.0 80,1.0 81,1.0 
24,2.0 35,3.0 36,3.0 49,2.0 69,2.0 70,2.0 79,1.0 80,1.0 81,1.0 
25,2.0 39,2.0 40,2.0 
25,2.0 38,2.0 40,2.0 
12,2.0 41,2.0 53,6.0 
12,2.0 42,2.0 
29,2.0 
44,2.0 
13,2.0 27,2.0 45,2.0 46,2.0 47,2.0 49,2.0 
12,2.0 13,2.0 27,2.0 46,2.0 47,2.0 
12,2.0 13,2.0 27,2.0 45,2.0 47,2.0 
6,2.0 12,2.0 13,2.0 22,2.0 27,2.0 45,2.0 46,2.0 48,2.0 50,2.0 51,2.0 52,2.0 
44,2.0 58,2.0 
30,2.0 71,6.0 
22,2.0 47,2.0 51,2.0 52,2.0 
22,2.0 40,2.0 52,2.0 
22,2.0 40,2.0 51,2.0 
2,6.0 
20,6.0 28,6.0 
56,2.0 
20,2.0 57,2.0 
20,2.0 48,2.0 
59,2.0 
60,2.0 
22,2.0 32,2.0 61,2.0 62,2.0 63,2.0 66,2.0 
20,2.0 22,2.0 32,2.0 62,2.0 63,2.0 
20,2.0 22,2.0 32,2.0 61,2.0 63,2.0 
20,2.0 22,2.0 30,2.0 32,2.0 37,2.0 61,2.0 62,2.0 65,2.0 68,2.0 69,2.0 70,2.0 
30,2.0 63,2.0 
60,2.0 
67,2.0 
63,2.0 68,2.0 
37,2.0 63,2.0 69,2.0 70,2.0 
37,2.0 49,2.0 70,2.0 
37,2.0 49,2.0 69,2.0 
12,6.0 
73,2.0 
74,2.0 
26,2.0 75,2.0 
26,2.0 76,2.0 
77,2.0 
0,2.0 78,2.0 
0,2.0 1,2.0 
80,1.0 81,1.0 
79,1.0 81,1.0 
79,1.0 80,1.0 
