1,1.0 2,1.0 3,1.0 10,1.0 11,1.0 12,1.0 13,1.0 14,1.0 15,1.0 16,1.0 
0,1.0 2,1.0 3,1.0 
3,2.0 4,1.0 5,1.0 6,1.0 7,1.0 8,1.0 94,1.0 111,1.0 
2,2.0 4,1.0 5,1.0 6,1.0 7,1.0 8,1.0 94,1.0 111,1.0 
5,1.0 6,1.0 7,1.0 8,1.0 9,1.0 
4,1.0 6,1.0 7,1.0 8,1.0 9,1.0 
4,1.0 5,1.0 7,1.0 8,1.0 9,1.0 
4,1.0 5,1.0 6,1.0 8,1.0 9,1.0 
4,1.0 5,1.0 6,1.0 7,1.0 9,1.0 50,1.0 82,1.0 89,1.0 92,1.0 93,4.0 94,2.0 104,2.0 105,2.0 106,4.0 107,4.0 108,2.0 121,1.0 131,2.0 132,2.0 134,1.0 144,1.0 174,1.0 311,1.0 312,1.0 335,1.0 
0,1.0 10,1.0 19,8.0 20,18.0 21,16.0 22,14.0 23,4.0 25,2.0 27,2.0 30,2.0 31,2.0 37,4.0 38,2.0 39,2.0 40,2.0 41,2.0 42,4.0 43,2.0 45,2.0 62,2.0 64,3.0 72,4.0 77,2.0 78,2.0 79,2.0 86,4.0 107,2.0 119,2.0 139,3.0 153,3.0 154,2.0 170,2.0 177,2.0 184,2.0 209,2.0 217,2.0 222,2.0 225,2.0 327,1.0 
0,1.0 11,1.0 12,1.0 13,1.0 14,1.0 15,1.0 16,1.0 
12,1.0 13,1.0 14,1.0 15,1.0 16,1.0 17,2.0 18,2.0 63,1.0 116,4.0 117,6.0 118,2.0 128,2.0 308,1.0 309,2.0 310,2.0 
11,1.0 13,1.0 14,1.0 15,1.0 16,1.0 17,1.0 18,1.0 
11,1.0 12,1.0 14,1.0 15,1.0 16,1.0 17,1.0 18,1.0 
11,1.0 12,1.0 13,1.0 15,1.0 16,1.0 17,1.0 18,1.0 
11,1.0 12,1.0 13,1.0 14,1.0 16,1.0 17,1.0 18,1.0 
11,1.0 12,1.0 13,1.0 14,1.0 15,1.0 17,1.0 18,1.0 
9,1.0 18,22.0 19,50.0 20,6.0 21,10.0 22,2.0 23,4.0 24,10.0 26,2.0 28,1.0 35,5.0 37,2.0 39,12.0 40,6.0 42,4.0 46,4.0 51,4.0 52,14.0 53,4.0 55,2.0 56,4.0 63,2.0 64,2.0 71,2.0 72,2.0 80,2.0 82,2.0 89,2.0 98,1.0 99,1.0 107,1.0 131,1.0 138,1.0 139,1.0 178,2.0 179,2.0 196,2.0 215,1.0 217,2.0 221,1.0 223,2.0 224,2.0 279,1.0 324,1.0 341,3.0 345,1.0 360,1.0 390,1.0 455,2.0 456,1.0 460,1.0 
17,22.0 19,16.0 28,1.0 56,2.0 72,2.0 98,1.0 99,1.0 107,1.0 131,1.0 138,1.0 139,1.0 215,1.0 221,1.0 279,1.0 324,1.0 341,3.0 345,1.0 360,1.0 390,1.0 455,2.0 456,1.0 460,1.0 
8,2.0 9,16.0 17,1.0 19,2.0 20,40.0 21,46.0 22,6.0 23,16.0 24,10.0 25,4.0 26,2.0 27,2.0 29,4.0 30,2.0 31,2.0 32,4.0 34,6.0 36,4.0 37,6.0 38,2.0 39,18.0 40,14.0 41,2.0 42,2.0 46,2.0 47,8.0 49,4.0 51,4.0 52,14.0 53,4.0 59,4.0 63,2.0 64,1.0 69,2.0 71,2.0 72,10.0 73,2.0 81,2.0 82,1.0 102,2.0 103,2.0 104,2.0 105,2.0 107,1.0 108,2.0 111,2.0 116,1.0 119,1.0 124,2.0 138,5.0 166,1.0 177,1.0 182,1.0 191,3.0 197,2.0 206,2.0 221,1.0 224,1.0 226,1.0 236,1.0 260,1.0 327,1.0 346,2.0 347,1.0 389,2.0 390,1.0 406,2.0 420,1.0 421,1.0 
9,16.0 19,10.0 21,32.0 22,20.0 23,4.0 25,16.0 33,7.0 34,4.0 35,4.0 39,2.0 41,6.0 46,6.0 47,2.0 49,6.0 50,1.0 52,7.0 56,2.0 59,2.0 60,1.0 72,1.0 79,6.0 81,2.0 85,6.0 86,6.0 94,4.0 119,2.0 133,4.0 167,6.0 168,2.0 173,2.0 176,2.0 177,2.0 178,4.0 186,4.0 187,4.0 189,4.0 190,2.0 191,4.0 192,2.0 193,2.0 198,2.0 199,2.0 206,2.0 207,2.0 220,2.0 225,2.0 290,1.0 383,2.0 
9,18.0 17,6.0 19,20.0 20,42.0 22,16.0 23,9.0 25,8.0 31,1.0 35,4.0 36,4.0 39,14.0 44,4.0 45,9.0 46,2.0 47,2.0 48,1.0 49,4.0 50,2.0 52,12.0 54,2.0 59,4.0 60,1.0 62,5.0 67,2.0 69,4.0 73,1.0 74,2.0 75,1.0 82,2.0 83,2.0 85,8.0 86,4.0 92,2.0 139,2.0 162,3.0 169,1.0 179,1.0 250,1.0 283,2.0 284,1.0 361,1.0 362,1.0 380,1.0 381,1.0 
17,15.0 18,14.0 19,6.0 23,10.0 41,2.0 56,1.0 64,1.0 66,1.0 77,2.0 78,2.0 79,2.0 80,2.0 81,2.0 86,1.0 94,2.0 98,1.0 99,1.0 108,2.0 111,3.0 113,1.0 119,1.0 171,1.0 182,1.0 186,1.0 197,2.0 220,2.0 221,3.0 305,1.0 315,1.0 324,1.0 327,1.0 336,4.0 337,1.0 338,1.0 347,2.0 422,1.0 
17,26.0 19,2.0 20,4.0 21,13.0 25,4.0 28,10.0 30,4.0 31,2.0 32,1.0 35,10.0 39,7.0 40,3.0 42,6.0 43,8.0 45,4.0 46,6.0 47,2.0 49,4.0 52,8.0 59,4.0 60,2.0 62,4.0 66,1.0 74,2.0 85,4.0 86,2.0 158,1.0 162,1.0 166,1.0 169,2.0 184,1.0 229,1.0 257,1.0 269,1.0 279,1.0 367,1.0 
9,2.0 19,10.0 20,10.0 21,10.0 26,2.0 28,2.0 
17,4.0 19,8.0 22,6.0 23,2.0 27,1.0 28,2.0 30,4.0 31,16.0 32,18.0 33,9.0 34,2.0 35,2.0 39,2.0 40,8.0 47,9.0 48,18.0 49,16.0 50,2.0 56,2.0 59,13.0 60,5.0 62,2.0 65,2.0 67,1.0 79,2.0 85,2.0 86,4.0 87,2.0 88,2.0 89,2.0 92,2.0 137,2.0 165,2.0 192,2.0 229,1.0 255,2.0 261,1.0 279,1.0 285,1.0 291,1.0 292,1.0 315,1.0 351,1.0 369,1.0 370,2.0 372,1.0 408,3.0 409,1.0 
9,2.0 19,2.0 20,2.0 21,2.0 24,2.0 28,2.0 
19,8.0 25,1.0 28,4.0 34,5.0 40,5.0 59,4.0 164,4.0 166,2.0 175,1.0 218,1.0 221,1.0 229,2.0 269,5.0 270,2.0 279,2.0 280,1.0 283,1.0 285,1.0 298,1.0 315,1.0 363,2.0 408,1.0 409,1.0 
9,6.0 24,2.0 25,3.0 26,2.0 29,14.0 30,14.0 33,8.0 34,6.0 35,10.0 36,2.0 38,1.0 47,2.0 48,2.0 50,1.0 56,1.0 57,4.0 58,2.0 59,2.0 61,2.0 64,1.0 70,2.0 71,2.0 72,2.0 77,1.0 78,1.0 89,1.0 92,1.0 116,1.0 171,1.0 183,1.0 193,1.0 213,1.0 226,1.0 311,1.0 324,1.0 327,1.0 341,1.0 345,4.0 404,2.0 
30,12.0 31,14.0 32,18.0 35,8.0 36,4.0 47,4.0 48,4.0 51,4.0 63,2.0 64,2.0 
9,2.0 21,3.0 25,12.0 29,12.0 31,18.0 32,23.0 33,8.0 34,13.0 36,2.0 40,2.0 48,8.0 49,12.0 51,4.0 59,2.0 70,2.0 71,2.0 72,3.0 73,2.0 74,2.0 75,2.0 82,1.0 89,2.0 92,2.0 135,2.0 139,4.0 162,2.0 170,2.0 181,4.0 217,2.0 218,4.0 314,1.0 382,1.0 
20,2.0 23,10.0 25,17.0 30,9.0 32,30.0 33,2.0 34,2.0 39,4.0 45,1.0 47,1.0 48,13.0 49,12.0 56,1.0 59,2.0 83,1.0 162,3.0 164,1.0 314,1.0 349,1.0 350,1.0 
19,2.0 21,3.0 23,21.0 25,4.0 28,8.0 30,10.0 31,16.0 33,16.0 34,2.0 35,2.0 39,2.0 41,2.0 47,2.0 48,1.0 49,6.0 52,2.0 73,2.0 74,1.0 75,3.0 79,3.0 82,4.0 84,2.0 92,2.0 107,1.0 138,1.0 139,2.0 158,1.0 184,1.0 189,2.0 380,1.0 381,1.0 382,2.0 
17,2.0 19,4.0 21,2.0 23,1.0 25,9.0 28,10.0 30,8.0 32,5.0 34,7.0 35,4.0 49,6.0 50,10.0 52,1.0 56,1.0 59,1.0 64,2.0 67,4.0 74,6.0 75,4.0 86,6.0 92,4.0 111,2.0 116,2.0 137,2.0 139,2.0 144,2.0 167,2.0 189,4.0 190,2.0 221,1.0 283,1.0 
20,2.0 25,2.0 27,5.0 28,6.0 30,3.0 31,2.0 32,2.0 33,7.0 35,6.0 46,2.0 49,11.0 50,8.0 52,2.0 54,1.0 59,2.0 60,1.0 62,1.0 67,2.0 73,4.0 74,2.0 75,4.0 82,2.0 133,2.0 164,3.0 218,1.0 221,2.0 269,3.0 270,2.0 280,1.0 283,2.0 382,1.0 
19,1.0 20,6.0 21,4.0 22,1.0 23,4.0 25,10.0 29,6.0 30,3.0 31,13.0 32,10.0 33,8.0 34,7.0 35,4.0 39,2.0 40,2.0 46,2.0 47,6.0 48,6.0 49,16.0 52,2.0 56,1.0 72,2.0 73,2.0 74,2.0 76,5.0 79,2.0 83,3.0 85,9.0 86,11.0 87,2.0 88,2.0 89,6.0 94,1.0 119,1.0 133,4.0 170,4.0 171,2.0 178,1.0 186,4.0 210,2.0 213,2.0 226,2.0 227,2.0 324,1.0 382,1.0 
21,4.0 29,4.0 30,2.0 31,2.0 32,2.0 44,4.0 45,4.0 47,4.0 48,4.0 
19,6.0 20,2.0 21,2.0 31,2.0 38,2.0 39,4.0 41,2.0 47,2.0 51,2.0 53,2.0 
19,2.0 31,2.0 37,2.0 39,2.0 72,1.0 226,1.0 404,1.0 
9,4.0 19,16.0 20,12.0 21,15.0 22,2.0 23,3.0 30,2.0 31,2.0 33,4.0 40,8.0 47,2.0 52,14.0 65,2.0 69,4.0 74,1.0 81,2.0 86,6.0 128,2.0 153,2.0 169,1.0 194,3.0 195,3.0 197,2.0 200,2.0 201,2.0 333,1.0 424,1.0 
9,2.0 19,8.0 20,2.0 21,4.0 23,3.0 25,8.0 27,7.0 30,4.0 32,2.0 39,10.0 46,9.0 47,6.0 48,4.0 49,2.0 52,6.0 54,1.0 55,4.0 56,2.0 59,7.0 60,1.0 62,2.0 65,3.0 69,2.0 74,2.0 75,2.0 76,2.0 165,1.0 166,1.0 178,1.0 184,2.0 186,2.0 229,3.0 255,3.0 257,1.0 270,1.0 279,5.0 285,1.0 367,1.0 369,1.0 370,1.0 
9,4.0 17,6.0 19,2.0 20,2.0 35,2.0 37,2.0 39,2.0 79,14.0 81,2.0 84,2.0 85,2.0 
20,2.0 23,6.0 43,8.0 46,2.0 55,2.0 127,1.0 163,1.0 166,1.0 169,1.0 182,2.0 184,2.0 
19,10.0 21,8.0 23,4.0 27,8.0 36,4.0 40,4.0 44,6.0 53,2.0 59,4.0 62,4.0 68,2.0 71,2.0 84,2.0 95,1.0 122,1.0 138,1.0 212,1.0 214,2.0 215,2.0 220,2.0 221,1.0 245,2.0 
19,2.0 21,4.0 36,4.0 43,2.0 45,4.0 68,2.0 
17,1.0 18,1.0 20,2.0 23,4.0 31,1.0 46,8.0 54,2.0 62,3.0 66,2.0 72,1.0 85,1.0 108,1.0 134,1.0 164,1.0 220,2.0 225,2.0 313,1.0 345,1.0 349,1.0 363,1.0 383,2.0 404,1.0 
19,2.0 20,2.0 21,4.0 23,6.0 27,3.0 32,2.0 34,2.0 39,4.0 40,8.0 42,2.0 43,8.0 49,2.0 52,8.0 55,2.0 56,4.0 59,3.0 60,2.0 62,4.0 74,2.0 75,2.0 165,2.0 166,3.0 182,2.0 184,4.0 221,2.0 229,1.0 261,1.0 279,2.0 280,1.0 351,1.0 363,2.0 366,1.0 
25,10.0 28,2.0 29,4.0 31,3.0 34,2.0 35,2.0 36,4.0 40,4.0 45,2.0 47,1.0 48,8.0 49,4.0 59,4.0 65,2.0 66,2.0 77,1.0 78,1.0 79,2.0 85,2.0 86,2.0 87,2.0 88,2.0 89,2.0 116,1.0 133,2.0 217,2.0 229,2.0 285,1.0 292,1.0 351,1.0 
19,8.0 21,1.0 23,1.0 25,15.0 30,2.0 31,14.0 32,14.0 45,1.0 47,1.0 49,12.0 54,2.0 56,1.0 60,1.0 75,2.0 175,1.0 208,2.0 209,2.0 269,1.0 270,4.0 280,2.0 350,1.0 352,2.0 
20,2.0 21,2.0 23,2.0 25,18.0 30,3.0 31,12.0 32,19.0 33,4.0 34,6.0 35,10.0 40,2.0 43,2.0 47,4.0 48,13.0 49,2.0 50,8.0 52,2.0 54,1.0 64,1.0 69,1.0 74,5.0 75,4.0 76,2.0 79,2.0 82,4.0 85,6.0 86,8.0 87,2.0 88,2.0 89,2.0 129,1.0 133,2.0 166,1.0 175,1.0 327,1.0 385,1.0 429,1.0 
8,1.0 17,1.0 18,1.0 22,2.0 23,2.0 25,2.0 29,6.0 30,7.0 40,2.0 43,5.0 49,2.0 51,4.0 52,4.0 53,2.0 54,4.0 63,2.0 64,2.0 67,4.0 71,2.0 82,6.0 83,1.0 92,1.0 110,1.0 132,1.0 133,1.0 144,1.0 171,2.0 174,1.0 219,2.0 305,1.0 311,16.0 312,5.0 328,4.0 336,2.0 337,1.0 341,1.0 404,1.0 457,2.0 458,1.0 459,1.0 
19,4.0 21,4.0 29,4.0 30,4.0 32,4.0 37,2.0 53,4.0 
9,2.0 17,4.0 19,14.0 20,13.0 21,16.0 23,9.0 30,2.0 32,1.0 33,1.0 34,2.0 35,1.0 39,16.0 40,6.0 46,8.0 49,4.0 50,1.0 54,3.0 55,2.0 56,2.0 64,1.0 76,3.0 107,1.0 153,2.0 166,1.0 186,2.0 290,1.0 327,1.0 
19,6.0 21,4.0 25,1.0 27,1.0 37,2.0 43,2.0 51,4.0 59,1.0 71,2.0 408,1.0 
17,5.0 18,1.0 23,1.0 27,3.0 34,4.0 40,1.0 45,2.0 48,2.0 49,1.0 52,3.0 60,2.0 62,6.0 64,1.0 69,6.0 73,1.0 74,1.0 85,2.0 164,2.0 166,1.0 175,1.0 229,1.0 269,3.0 270,4.0 280,6.0 283,2.0 285,1.0 290,2.0 327,1.0 345,1.0 353,1.0 363,2.0 364,1.0 365,1.0 376,1.0 377,1.0 404,1.0 
40,4.0 42,2.0 46,2.0 52,2.0 56,2.0 59,2.0 76,2.0 127,1.0 128,1.0 163,1.0 165,1.0 166,2.0 169,1.0 184,1.0 186,2.0 229,2.0 255,1.0 279,2.0 300,1.0 368,1.0 
24,2.0 26,2.0 28,9.0 41,2.0 45,1.0 50,4.0 52,1.0 57,4.0 58,2.0 61,2.0 64,2.0 66,1.0 72,2.0 77,2.0 78,2.0 79,2.0 83,2.0 85,3.0 98,1.0 99,1.0 107,1.0 108,1.0 110,1.0 113,1.0 133,1.0 212,1.0 221,1.0 229,1.0 261,1.0 279,1.0 291,1.0 311,4.0 313,3.0 314,1.0 324,15.0 325,1.0 326,1.0 327,1.0 340,1.0 341,1.0 343,2.0 344,1.0 345,1.0 346,1.0 360,1.0 405,1.0 425,1.0 451,1.0 452,1.0 
9,4.0 28,4.0 58,2.0 61,2.0 
9,2.0 28,2.0 57,2.0 
9,2.0 19,2.0 21,4.0 23,4.0 25,13.0 27,4.0 31,2.0 32,2.0 33,1.0 34,2.0 40,5.0 45,4.0 47,4.0 48,4.0 55,2.0 56,2.0 60,2.0 62,4.0 65,4.0 110,1.0 128,2.0 132,1.0 164,1.0 165,3.0 166,2.0 178,2.0 192,2.0 229,3.0 255,6.0 261,1.0 269,1.0 279,2.0 291,2.0 300,1.0 315,1.0 341,1.0 369,1.0 370,2.0 371,2.0 372,1.0 392,1.0 408,3.0 409,1.0 414,1.0 
23,1.0 25,3.0 27,1.0 32,2.0 33,1.0 34,2.0 46,3.0 56,1.0 59,2.0 60,1.0 62,8.0 65,3.0 73,1.0 74,1.0 162,2.0 164,2.0 165,3.0 175,1.0 178,1.0 221,1.0 229,1.0 255,3.0 261,5.0 269,2.0 273,1.0 279,1.0 283,1.0 291,2.0 298,1.0 353,1.0 370,1.0 372,1.0 374,1.0 375,1.0 
9,2.0 28,2.0 57,2.0 
17,1.0 18,1.0 20,2.0 21,4.0 23,4.0 27,5.0 34,4.0 35,3.0 45,7.0 46,4.0 54,5.0 59,5.0 60,6.0 73,5.0 74,1.0 164,3.0 165,4.0 166,3.0 175,1.0 221,3.0 229,2.0 261,6.0 269,2.0 273,1.0 280,4.0 283,4.0 362,1.0 364,1.0 365,1.0 373,1.0 374,1.0 375,1.0 
11,1.0 19,2.0 29,2.0 30,2.0 35,2.0 64,2.0 71,2.0 117,1.0 309,1.0 310,1.0 
20,1.0 29,2.0 35,4.0 40,2.0 46,2.0 52,1.0 56,2.0 62,2.0 63,2.0 67,2.0 69,1.0 74,2.0 75,3.0 76,2.0 85,2.0 94,1.0 133,1.0 186,2.0 204,2.0 205,2.0 211,3.0 212,3.0 313,2.0 318,1.0 324,2.0 327,9.0 328,1.0 341,1.0 347,1.0 348,1.0 390,1.0 400,1.0 404,1.0 410,1.0 430,1.0 
25,2.0 40,3.0 46,2.0 59,4.0 60,3.0 62,2.0 64,2.0 66,2.0 67,2.0 178,4.0 255,8.0 279,2.0 291,2.0 369,1.0 370,2.0 372,1.0 
17,1.0 18,1.0 21,1.0 23,1.0 64,1.0 65,2.0 67,2.0 74,1.0 86,1.0 113,1.0 162,2.0 165,2.0 194,2.0 203,2.0 315,1.0 327,1.0 346,1.0 
9,1.0 32,2.0 33,2.0 35,2.0 43,2.0 44,2.0 49,4.0 56,3.0 68,2.0 74,4.0 75,3.0 85,2.0 107,1.0 113,1.0 119,1.0 138,1.0 139,1.0 153,1.0 212,1.0 313,2.0 324,3.0 328,7.0 329,1.0 343,1.0 344,1.0 427,1.0 428,1.0 461,1.0 462,1.0 
19,2.0 43,2.0 44,2.0 
19,2.0 20,1.0 25,2.0 33,2.0 48,2.0 49,1.0 52,1.0 54,6.0 64,1.0 75,1.0 85,2.0 95,1.0 175,1.0 195,1.0 201,1.0 211,1.0 212,1.0 285,1.0 290,2.0 318,2.0 319,1.0 320,1.0 321,1.0 347,1.0 348,1.0 353,1.0 424,1.0 426,1.0 
30,2.0 71,2.0 72,2.0 
19,4.0 30,4.0 43,2.0 53,2.0 63,2.0 70,2.0 72,2.0 
17,1.0 18,1.0 19,2.0 22,1.0 25,2.0 32,2.0 45,1.0 56,2.0 59,2.0 72,1.0 76,1.0 81,3.0 84,1.0 85,1.0 86,4.0 95,1.0 107,2.0 108,1.0 124,2.0 138,2.0 139,2.0 176,2.0 182,2.0 192,2.0 197,1.0 214,1.0 221,2.0 229,3.0 261,1.0 275,1.0 279,2.0 291,1.0 313,1.0 314,2.0 327,1.0 341,2.0 356,1.0 360,2.0 389,1.0 394,1.0 404,2.0 405,2.0 408,2.0 410,2.0 420,1.0 
30,4.0 34,4.0 35,1.0 49,2.0 54,1.0 60,1.0 62,6.0 64,2.0 74,1.0 75,2.0 164,4.0 189,2.0 221,3.0 261,3.0 280,1.0 283,4.0 353,2.0 362,1.0 363,2.0 371,2.0 373,1.0 374,1.0 375,1.0 376,1.0 377,1.0 
21,2.0 32,3.0 33,5.0 34,1.0 35,4.0 39,2.0 40,2.0 46,4.0 48,2.0 49,5.0 54,3.0 60,3.0 67,2.0 69,2.0 73,1.0 75,8.0 76,2.0 164,2.0 261,1.0 269,1.0 282,2.0 283,2.0 361,1.0 363,1.0 376,1.0 377,1.0 
30,2.0 32,4.0 33,2.0 34,2.0 35,2.0 39,2.0 40,2.0 46,2.0 48,2.0 49,3.0 54,2.0 67,1.0 69,2.0 73,2.0 74,8.0 82,2.0 189,4.0 270,2.0 282,2.0 329,1.0 352,2.0 382,2.0 
19,1.0 22,1.0 32,2.0 35,3.0 56,1.0 75,2.0 77,2.0 78,2.0 82,2.0 85,1.0 86,1.0 119,1.0 178,1.0 206,2.0 207,2.0 211,1.0 212,1.0 324,1.0 
17,6.0 25,1.0 28,1.0 35,2.0 47,2.0 78,11.0 80,2.0 81,2.0 83,2.0 86,2.0 116,1.0 139,2.0 
17,6.0 25,1.0 28,1.0 35,2.0 47,2.0 77,11.0 80,2.0 81,2.0 83,2.0 86,2.0 89,1.0 116,1.0 122,1.0 139,2.0 147,1.0 183,1.0 219,3.0 226,1.0 315,1.0 347,1.0 423,1.0 
9,6.0 17,6.0 35,2.0 41,14.0 72,2.0 81,3.0 84,2.0 85,3.0 87,2.0 88,2.0 89,3.0 90,2.0 91,2.0 107,1.0 121,6.0 122,2.0 128,2.0 138,1.0 164,2.0 170,5.0 171,2.0 219,1.0 313,1.0 315,1.0 347,1.0 348,1.0 356,1.0 357,1.0 358,1.0 359,1.0 397,2.0 419,4.0 423,1.0 431,3.0 
17,2.0 43,2.0 77,2.0 78,2.0 196,2.0 
17,8.0 21,2.0 23,2.0 28,2.0 41,2.0 56,1.0 69,1.0 77,2.0 78,2.0 79,3.0 86,2.0 121,1.0 122,3.0 124,3.0 139,2.0 171,1.0 197,10.0 200,2.0 201,2.0 226,1.0 347,1.0 397,1.0 400,1.0 410,1.0 419,1.0 
8,1.0 9,1.0 22,2.0 30,3.0 32,2.0 33,2.0 50,2.0 67,2.0 74,2.0 75,2.0 77,2.0 78,2.0 81,6.0 85,4.0 122,2.0 144,1.0 174,1.0 197,2.0 311,2.0 312,6.0 313,4.0 314,1.0 
17,1.0 18,1.0 20,1.0 21,2.0 31,1.0 32,1.0 35,2.0 47,1.0 56,1.0 77,2.0 78,2.0 82,2.0 92,5.0 94,4.0 107,2.0 110,4.0 111,1.0 129,1.0 133,6.0 134,1.0 138,1.0 139,2.0 147,2.0 148,2.0 149,2.0 169,1.0 184,1.0 186,3.0 193,2.0 314,3.0 324,1.0 329,1.0 341,1.0 392,2.0 393,1.0 405,1.0 414,2.0 418,2.0 457,1.0 459,1.0 463,1.0 
20,2.0 21,1.0 35,2.0 41,2.0 79,2.0 214,3.0 215,2.0 
9,6.0 17,1.0 18,1.0 20,2.0 21,2.0 22,2.0 23,2.0 25,4.0 32,2.0 33,2.0 35,14.0 41,2.0 47,4.0 49,6.0 50,5.0 64,2.0 72,1.0 79,7.0 85,2.0 86,9.0 87,2.0 88,2.0 89,4.0 95,2.0 98,1.0 99,1.0 107,2.0 116,1.0 121,1.0 135,2.0 170,2.0 178,3.0 179,2.0 180,1.0 182,2.0 226,2.0 227,2.0 311,5.0 313,16.0 315,2.0 327,2.0 329,2.0 336,2.0 356,2.0 357,2.0 358,1.0 359,1.0 390,2.0 453,4.0 454,4.0 
9,2.0 17,5.0 18,1.0 19,2.0 20,20.0 21,4.0 22,4.0 25,2.0 35,2.0 39,6.0 47,2.0 49,6.0 50,2.0 66,1.0 79,2.0 82,2.0 83,2.0 85,7.0 86,4.0 87,2.0 88,2.0 89,2.0 92,2.0 107,2.0 110,2.0 113,1.0 116,1.0 119,2.0 135,4.0 137,2.0 138,4.0 139,6.0 147,2.0 168,2.0 171,2.0 173,2.0 174,2.0 176,2.0 178,1.0 179,2.0 180,3.0 181,2.0 182,2.0 184,2.0 185,2.0 188,4.0 202,2.0 228,2.0 315,2.0 
79,2.0 88,2.0 89,2.0 90,2.0 91,2.0 108,2.0 109,1.0 122,2.0 123,1.0 
79,2.0 87,2.0 89,2.0 90,2.0 91,2.0 165,2.0 
9,2.0 28,1.0 35,2.0 47,1.0 77,1.0 78,2.0 79,3.0 86,4.0 87,4.0 88,2.0 90,2.0 91,2.0 106,1.0 108,2.0 110,2.0 112,2.0 115,1.0 116,1.0 121,5.0 122,2.0 133,2.0 139,2.0 170,5.0 183,1.0 216,2.0 219,2.0 226,3.0 227,2.0 419,1.0 423,1.0 431,1.0 435,1.0 
11,2.0 43,1.0 91,2.0 92,2.0 93,2.0 94,2.0 95,2.0 116,2.0 117,2.0 184,1.0 221,1.0 436,1.0 
43,1.0 90,2.0 92,2.0 93,2.0 94,4.0 95,3.0 138,1.0 341,1.0 404,1.0 
8,1.0 17,1.0 18,1.0 21,4.0 25,2.0 32,2.0 33,4.0 35,1.0 56,1.0 82,2.0 83,5.0 86,2.0 93,2.0 94,3.0 95,2.0 96,2.0 97,2.0 110,6.0 111,4.0 112,2.0 133,3.0 134,2.0 137,2.0 139,4.0 145,1.0 155,1.0 187,1.0 193,2.0 314,1.0 324,1.0 329,1.0 335,1.0 390,1.0 392,1.0 405,2.0 414,2.0 457,1.0 459,1.0 
8,2.0 89,1.0 92,2.0 94,4.0 95,2.0 96,2.0 97,2.0 106,4.0 107,4.0 108,4.0 109,2.0 121,1.0 123,2.0 131,2.0 133,1.0 330,1.0 
8,2.0 20,1.0 28,1.0 56,3.0 83,4.0 86,4.0 91,1.0 92,4.0 93,2.0 94,2.0 95,7.0 96,2.0 97,2.0 107,7.0 108,5.0 110,2.0 111,7.0 113,2.0 122,1.0 131,6.0 132,4.0 133,1.0 134,1.0 138,4.0 139,3.0 150,4.0 151,3.0 155,1.0 156,1.0 167,4.0 168,2.0 186,11.0 192,2.0 193,3.0 212,1.0 279,1.0 315,1.0 324,3.0 325,1.0 326,1.0 341,4.0 390,9.0 391,1.0 392,3.0 396,1.0 399,1.0 404,4.0 414,1.0 418,3.0 438,1.0 463,1.0 
19,2.0 50,1.0 56,2.0 85,1.0 91,1.0 92,3.0 93,2.0 94,9.0 96,2.0 97,2.0 107,5.0 111,1.0 138,4.0 155,1.0 193,1.0 311,1.0 313,1.0 318,1.0 319,1.0 320,1.0 321,1.0 322,1.0 323,1.0 324,2.0 329,2.0 341,1.0 390,5.0 404,1.0 453,2.0 454,2.0 
97,3.0 98,2.0 99,2.0 100,3.0 101,2.0 140,1.0 385,1.0 407,1.0 
96,3.0 98,2.0 99,2.0 100,3.0 101,2.0 140,1.0 385,1.0 407,1.0 
19,2.0 22,1.0 45,1.0 56,1.0 66,1.0 72,1.0 86,1.0 99,4.0 100,2.0 101,2.0 102,2.0 103,2.0 108,1.0 113,1.0 315,1.0 324,1.0 336,1.0 
19,2.0 22,1.0 45,1.0 56,1.0 66,1.0 72,1.0 86,1.0 98,4.0 100,2.0 101,2.0 102,4.0 103,4.0 108,1.0 113,1.0 140,2.0 152,2.0 315,1.0 324,1.0 336,1.0 
19,2.0 98,2.0 99,2.0 101,4.0 102,3.0 103,3.0 136,2.0 140,1.0 157,2.0 158,2.0 159,2.0 180,1.0 181,1.0 224,2.0 260,1.0 270,1.0 385,1.0 407,1.0 
19,2.0 45,1.0 98,2.0 99,2.0 100,4.0 102,2.0 103,2.0 136,2.0 157,2.0 158,2.0 159,2.0 181,1.0 224,1.0 255,1.0 340,1.0 
8,2.0 19,2.0 39,2.0 49,1.0 52,3.0 54,1.0 103,5.0 104,2.0 105,2.0 
8,2.0 19,2.0 39,2.0 49,1.0 52,3.0 54,1.0 102,5.0 104,2.0 105,2.0 
8,2.0 93,2.0 105,2.0 106,2.0 107,2.0 108,2.0 
8,2.0 93,2.0 94,1.0 104,2.0 106,2.0 107,3.0 108,2.0 320,1.0 390,1.0 393,1.0 399,1.0 464,1.0 467,1.0 
87,1.0 89,2.0 93,2.0 107,2.0 108,3.0 109,2.0 121,2.0 122,1.0 
8,2.0 22,1.0 35,1.0 50,1.0 52,1.0 56,2.0 76,1.0 79,1.0 83,1.0 85,1.0 86,2.0 89,1.0 93,6.0 94,8.0 95,5.0 96,1.0 97,1.0 106,4.0 108,2.0 109,2.0 110,2.0 111,1.0 119,3.0 121,2.0 123,2.0 126,1.0 129,2.0 138,9.0 139,4.0 145,2.0 146,2.0 150,1.0 154,2.0 155,3.0 156,2.0 169,1.0 176,2.0 181,2.0 184,1.0 186,1.0 260,1.0 264,1.0 279,1.0 311,1.0 313,1.0 314,1.0 324,2.0 329,2.0 341,2.0 389,1.0 390,10.0 391,1.0 399,1.0 404,1.0 406,1.0 414,2.0 419,1.0 431,1.0 447,1.0 453,2.0 454,2.0 461,1.0 462,1.0 
45,1.0 72,1.0 85,1.0 87,2.0 93,2.0 94,4.0 106,2.0 107,2.0 109,3.0 111,2.0 112,2.0 113,2.0 122,2.0 123,1.0 131,3.0 132,2.0 139,2.0 150,2.0 151,2.0 160,2.0 313,1.0 314,1.0 405,1.0 
92,2.0 110,2.0 111,2.0 124,1.0 125,1.0 
17,1.0 18,1.0 21,2.0 28,1.0 56,2.0 83,4.0 89,2.0 92,5.0 94,2.0 107,2.0 111,4.0 112,4.0 121,2.0 129,2.0 132,1.0 133,5.0 134,3.0 139,2.0 182,1.0 186,2.0 314,1.0 324,2.0 329,1.0 340,1.0 341,1.0 345,1.0 346,1.0 390,2.0 392,2.0 405,2.0 406,2.0 410,1.0 414,4.0 457,1.0 459,1.0 
33,2.0 56,1.0 81,1.0 83,3.0 92,4.0 94,5.0 95,1.0 108,2.0 110,4.0 112,4.0 116,2.0 124,1.0 133,2.0 134,1.0 144,2.0 150,1.0 155,1.0 160,2.0 186,2.0 193,2.0 314,1.0 324,1.0 392,1.0 396,1.0 400,1.0 405,1.0 414,1.0 438,1.0 
94,1.0 113,4.0 160,2.0 161,2.0 186,1.0 390,1.0 404,1.0 415,1.0 
17,1.0 18,1.0 28,1.0 56,1.0 66,1.0 85,1.0 86,1.0 94,2.0 105,1.0 108,2.0 114,4.0 128,2.0 139,2.0 150,2.0 151,2.0 167,2.0 168,2.0 180,1.0 185,1.0 212,1.0 313,1.0 315,1.0 320,1.0 324,1.0 330,1.0 343,1.0 344,1.0 345,1.0 389,2.0 393,1.0 394,2.0 399,1.0 453,1.0 454,1.0 464,1.0 466,1.0 467,1.0 
115,4.0 
90,2.0 122,1.0 126,2.0 212,1.0 419,1.0 435,1.0 
11,4.0 19,1.0 22,2.0 25,1.0 28,1.0 33,2.0 47,2.0 77,1.0 78,1.0 111,2.0 117,4.0 118,2.0 128,2.0 144,2.0 145,1.0 180,1.0 182,1.0 226,2.0 285,1.0 314,1.0 315,2.0 421,2.0 439,1.0 
11,6.0 17,1.0 18,1.0 63,1.0 116,4.0 118,2.0 128,2.0 308,1.0 309,2.0 310,2.0 
119,2.0 120,2.0 
8,2.0 19,1.0 22,1.0 85,2.0 86,2.0 93,2.0 107,5.0 120,2.0 126,1.0 129,2.0 130,2.0 138,5.0 139,3.0 154,2.0 155,2.0 156,2.0 165,2.0 168,2.0 347,1.0 447,1.0 461,1.0 462,1.0 
8,2.0 93,2.0 107,2.0 119,2.0 
78,1.0 79,4.0 81,1.0 85,1.0 87,2.0 89,6.0 106,1.0 108,2.0 110,2.0 112,2.0 122,3.0 170,1.0 219,2.0 226,2.0 279,1.0 313,1.0 315,1.0 347,1.0 348,1.0 356,1.0 357,1.0 358,1.0 359,1.0 397,2.0 419,4.0 423,1.0 431,3.0 
19,1.0 28,2.0 78,1.0 79,2.0 81,3.0 87,2.0 90,1.0 94,1.0 108,2.0 109,1.0 111,1.0 121,2.0 123,1.0 124,3.0 147,1.0 165,2.0 212,4.0 219,1.0 279,2.0 315,1.0 347,1.0 397,2.0 419,4.0 431,1.0 432,1.0 433,1.0 436,1.0 
93,2.0 94,2.0 108,2.0 124,1.0 125,1.0 131,2.0 
81,3.0 86,2.0 89,2.0 110,2.0 121,2.0 122,3.0 125,2.0 138,2.0 139,2.0 165,4.0 171,1.0 206,2.0 212,1.0 216,2.0 226,1.0 347,1.0 400,1.0 432,1.0 433,1.0 
78,1.0 89,3.0 110,2.0 121,2.0 124,2.0 285,1.0 434,1.0 
83,1.0 107,1.0 126,1.0 127,2.0 138,1.0 157,2.0 166,3.0 177,1.0 180,1.0 182,1.0 185,2.0 218,2.0 229,4.0 250,1.0 255,2.0 256,2.0 260,4.0 264,1.0 267,1.0 268,2.0 270,5.0 275,1.0 279,1.0 281,1.0 285,1.0 291,3.0 296,3.0 314,1.0 440,1.0 444,1.0 447,4.0 
11,2.0 40,1.0 46,2.0 62,1.0 110,1.0 116,2.0 117,2.0 166,17.0 172,6.0 177,2.0 180,4.0 182,4.0 184,1.0 185,1.0 218,2.0 221,2.0 229,6.0 232,1.0 253,1.0 255,3.0 269,6.0 275,8.0 279,7.0 280,1.0 291,1.0 293,1.0 301,3.0 386,1.0 436,1.0 
9,2.0 40,1.0 60,1.0 65,2.0 119,2.0 129,2.0 165,5.0 169,2.0 172,4.0 175,2.0 177,2.0 178,2.0 179,1.0 185,1.0 224,1.0 229,2.0 232,2.0 233,2.0 236,2.0 237,2.0 244,2.0 245,2.0 255,2.0 256,2.0 257,2.0 259,2.0 265,2.0 266,2.0 279,1.0 281,2.0 291,1.0 300,3.0 354,1.0 
8,1.0 92,1.0 94,1.0 107,2.0 110,2.0 119,2.0 130,2.0 146,1.0 180,1.0 186,1.0 260,1.0 301,1.0 390,1.0 406,1.0 414,2.0 
8,2.0 94,2.0 131,2.0 
8,2.0 50,1.0 67,1.0 94,4.0 108,3.0 132,4.0 133,1.0 139,1.0 215,2.0 311,1.0 314,1.0 328,1.0 341,2.0 405,1.0 411,1.0 412,1.0 455,1.0 460,1.0 
17,1.0 18,1.0 67,1.0 110,3.0 133,2.0 140,2.0 141,2.0 328,1.0 342,1.0 390,1.0 392,1.0 405,1.0 410,1.0 414,1.0 
17,1.0 18,1.0 31,1.0 34,2.0 47,1.0 49,2.0 50,1.0 52,1.0 56,1.0 82,2.0 83,6.0 86,6.0 89,2.0 92,2.0 94,1.0 107,2.0 110,5.0 111,1.0 112,1.0 129,1.0 131,1.0 134,3.0 170,2.0 176,2.0 186,1.0 187,5.0 193,2.0 215,1.0 311,1.0 314,1.0 324,1.0 330,1.0 331,1.0 341,2.0 390,1.0 392,1.0 393,1.0 405,2.0 414,2.0 415,1.0 457,1.0 459,1.0 
83,1.0 92,1.0 94,1.0 101,1.0 110,1.0 111,1.0 133,1.0 135,2.0 314,1.0 315,1.0 330,1.0 335,1.0 340,1.0 341,1.0 405,1.0 414,1.0 
9,2.0 20,4.0 21,2.0 39,1.0 49,1.0 136,2.0 143,2.0 178,2.0 179,2.0 181,2.0 188,4.0 218,2.0 332,1.0 339,1.0 349,1.0 411,1.0 416,1.0 417,1.0 
25,2.0 33,2.0 92,2.0 100,2.0 101,2.0 157,2.0 158,2.0 159,2.0 
86,2.0 107,2.0 138,2.0 139,2.0 
19,3.0 47,3.0 79,1.0 83,1.0 85,2.0 91,1.0 93,2.0 94,6.0 95,5.0 96,1.0 97,1.0 107,10.0 111,1.0 119,5.0 121,1.0 123,2.0 124,2.0 126,1.0 139,5.0 145,2.0 146,2.0 150,1.0 151,1.0 155,1.0 165,2.0 168,2.0 169,1.0 184,1.0 186,1.0 191,3.0 206,2.0 216,2.0 314,1.0 341,2.0 390,3.0 404,1.0 410,1.0 419,1.0 431,1.0 447,1.0 461,1.0 462,1.0 
21,6.0 32,2.0 33,2.0 67,1.0 72,1.0 77,2.0 78,2.0 81,2.0 82,2.0 83,2.0 86,4.0 89,2.0 92,4.0 93,2.0 94,3.0 107,3.0 108,2.0 110,2.0 113,2.0 119,3.0 123,2.0 124,2.0 126,1.0 131,2.0 138,5.0 150,2.0 151,2.0 165,2.0 170,2.0 215,1.0 216,2.0 328,1.0 341,2.0 404,1.0 447,1.0 455,1.0 460,1.0 461,1.0 462,1.0 
99,2.0 100,1.0 102,3.0 103,3.0 141,2.0 142,2.0 152,2.0 385,1.0 407,1.0 
140,2.0 142,4.0 162,2.0 
135,2.0 163,2.0 
33,2.0 111,2.0 116,2.0 
8,1.0 50,1.0 82,1.0 107,2.0 138,2.0 174,1.0 311,1.0 312,1.0 
83,2.0 92,1.0 116,1.0 133,1.0 146,2.0 147,2.0 155,1.0 187,1.0 314,1.0 315,1.0 390,1.0 405,1.0 414,1.0 439,1.0 
83,2.0 129,1.0 145,2.0 147,2.0 301,1.0 
83,2.0 85,2.0 128,2.0 129,1.0 146,1.0 148,2.0 149,2.0 171,4.0 174,4.0 219,1.0 285,1.0 302,2.0 315,1.0 347,1.0 397,1.0 398,1.0 403,1.0 
94,2.0 108,2.0 113,2.0 139,2.0 149,2.0 
94,2.0 108,2.0 113,2.0 139,2.0 148,2.0 
83,2.0 94,3.0 99,2.0 107,1.0 111,1.0 139,1.0 140,2.0 151,3.0 152,2.0 186,2.0 193,2.0 341,1.0 404,1.0 
83,1.0 94,1.0 99,2.0 140,2.0 150,3.0 152,2.0 186,1.0 193,1.0 
99,2.0 102,2.0 103,2.0 140,2.0 
9,3.0 64,1.0 107,2.0 119,2.0 154,2.0 327,1.0 
107,2.0 119,2.0 155,2.0 156,2.0 
92,2.0 94,1.0 95,1.0 100,2.0 101,2.0 111,1.0 133,1.0 136,2.0 145,1.0 156,2.0 157,2.0 187,1.0 193,1.0 390,1.0 405,1.0 414,1.0 
100,2.0 101,2.0 136,2.0 155,2.0 157,2.0 316,1.0 317,1.0 
100,2.0 101,2.0 126,2.0 136,2.0 158,2.0 159,2.0 185,2.0 218,2.0 
21,2.0 39,2.0 86,2.0 159,2.0 178,1.0 180,1.0 184,1.0 185,2.0 218,2.0 270,2.0 
21,2.0 39,2.0 86,2.0 158,2.0 
112,2.0 161,2.0 
141,2.0 162,2.0 
21,2.0 39,5.0 60,2.0 66,2.0 67,2.0 141,2.0 142,2.0 165,2.0 298,1.0 353,1.0 
40,1.0 46,1.0 164,2.0 169,9.0 184,1.0 229,3.0 256,1.0 257,1.0 258,1.0 260,8.0 261,5.0 268,1.0 270,8.0 279,1.0 367,1.0 446,1.0 
27,1.0 33,1.0 34,2.0 46,2.0 49,1.0 54,3.0 60,3.0 62,7.0 69,1.0 73,4.0 74,2.0 119,2.0 121,1.0 122,1.0 124,2.0 138,2.0 139,2.0 164,1.0 165,4.0 166,1.0 172,4.0 182,2.0 184,8.0 221,2.0 231,4.0 233,6.0 235,8.0 236,10.0 237,8.0 239,2.0 244,6.0 259,2.0 260,2.0 261,4.0 262,2.0 267,4.0 269,14.0 270,2.0 271,4.0 272,2.0 275,2.0 276,2.0 277,2.0 279,1.0 280,3.0 283,2.0 349,1.0 353,2.0 362,2.0 363,5.0 364,1.0 365,1.0 376,1.0 377,1.0 394,1.0 419,1.0 420,1.0 
25,2.0 32,2.0 40,2.0 55,1.0 59,6.0 60,3.0 65,7.0 74,2.0 75,2.0 79,2.0 113,2.0 128,5.0 147,2.0 166,8.0 167,2.0 168,2.0 169,14.0 170,2.0 171,4.0 172,2.0 174,2.0 177,11.0 178,16.0 184,18.0 185,12.0 217,4.0 224,4.0 229,14.0 230,2.0 231,2.0 232,12.0 233,4.0 234,2.0 235,8.0 236,2.0 237,2.0 240,8.0 241,8.0 244,2.0 255,3.0 256,2.0 257,2.0 259,2.0 261,4.0 266,2.0 269,2.0 275,2.0 278,4.0 279,1.0 280,2.0 281,3.0 282,3.0 284,2.0 291,2.0 369,1.0 370,2.0 371,1.0 372,1.0 
19,1.0 21,1.0 23,2.0 27,2.0 34,1.0 40,2.0 42,3.0 46,4.0 54,2.0 55,2.0 59,1.0 62,3.0 88,2.0 110,1.0 122,2.0 124,2.0 126,2.0 127,13.0 164,2.0 165,2.0 166,3.0 169,3.0 172,12.0 173,2.0 177,5.0 180,6.0 182,9.0 184,10.0 185,3.0 217,2.0 218,2.0 221,6.0 224,2.0 229,13.0 236,2.0 255,5.0 256,4.0 257,1.0 261,1.0 265,1.0 268,4.0 269,8.0 275,8.0 279,8.0 280,3.0 285,1.0 287,1.0 291,4.0 292,1.0 296,4.0 298,1.0 299,1.0 362,1.0 363,1.0 367,1.0 368,1.0 450,1.0 
33,2.0 86,6.0 94,4.0 113,2.0 128,2.0 168,4.0 186,4.0 189,2.0 190,2.0 192,2.0 
85,2.0 86,2.0 94,2.0 113,2.0 119,2.0 128,2.0 138,2.0 167,4.0 186,2.0 
21,2.0 23,2.0 39,1.0 40,1.0 46,1.0 60,1.0 74,1.0 94,1.0 107,1.0 138,1.0 162,1.0 163,9.0 164,2.0 165,14.0 175,6.0 177,12.0 178,8.0 182,5.0 184,28.0 185,6.0 217,7.0 224,6.0 229,15.0 230,2.0 231,2.0 232,2.0 233,2.0 234,2.0 256,1.0 257,1.0 258,1.0 260,9.0 261,4.0 268,1.0 270,9.0 279,1.0 367,1.0 
9,2.0 20,2.0 72,2.0 79,5.0 86,2.0 89,5.0 121,1.0 128,2.0 133,2.0 139,2.0 171,2.0 186,2.0 210,2.0 216,2.0 419,1.0 431,1.0 
9,2.0 20,2.0 72,1.0 79,2.0 85,2.0 90,1.0 94,1.0 122,1.0 125,1.0 128,4.0 147,4.0 170,2.0 174,4.0 186,2.0 212,1.0 213,3.0 219,3.0 226,2.0 285,1.0 347,5.0 392,1.0 404,1.0 434,1.0 
110,1.0 127,6.0 128,2.0 164,6.0 165,2.0 166,13.0 177,4.0 178,6.0 180,9.0 182,2.0 184,12.0 185,3.0 217,2.0 218,2.0 221,4.0 224,3.0 229,4.0 232,2.0 235,4.0 236,4.0 237,6.0 255,7.0 256,2.0 257,2.0 269,2.0 275,4.0 292,6.0 347,1.0 
86,4.0 165,2.0 
8,1.0 50,1.0 82,1.0 85,2.0 128,2.0 144,1.0 147,4.0 171,4.0 311,1.0 312,1.0 
27,1.0 31,1.0 34,2.0 48,2.0 54,2.0 79,2.0 169,6.0 177,4.0 181,1.0 182,4.0 184,8.0 185,2.0 217,2.0 224,2.0 229,4.0 235,1.0 237,1.0 249,1.0 259,1.0 260,1.0 264,1.0 269,2.0 270,2.0 272,1.0 280,2.0 291,1.0 293,1.0 298,1.0 350,1.0 
32,2.0 86,4.0 107,2.0 133,2.0 187,2.0 193,2.0 202,2.0 
19,1.0 86,4.0 100,1.0 164,4.0 165,14.0 166,6.0 169,18.0 172,6.0 175,6.0 178,15.0 180,6.0 182,6.0 184,24.0 185,8.0 217,3.0 220,2.0 221,10.0 222,4.0 224,8.0 229,32.0 230,2.0 240,2.0 242,2.0 250,1.0 255,2.0 260,3.0 264,2.0 265,1.0 269,4.0 270,2.0 273,2.0 278,2.0 279,3.0 280,1.0 281,3.0 282,2.0 283,1.0 285,2.0 287,1.0 442,2.0 
9,4.0 25,2.0 40,1.0 55,1.0 59,2.0 60,1.0 72,2.0 85,1.0 86,5.0 116,1.0 128,1.0 135,2.0 165,24.0 169,12.0 172,6.0 177,15.0 179,10.0 180,20.0 184,12.0 185,12.0 217,2.0 224,8.0 229,14.0 232,8.0 235,8.0 240,8.0 241,12.0 246,4.0 251,4.0 252,4.0 255,22.0 261,3.0 269,3.0 273,2.0 275,1.0 280,1.0 283,1.0 290,12.0 291,13.0 292,6.0 315,1.0 371,1.0 
9,4.0 86,2.0 128,3.0 135,2.0 165,3.0 178,8.0 180,3.0 217,2.0 220,1.0 222,3.0 224,5.0 225,1.0 241,4.0 246,4.0 250,1.0 251,4.0 252,4.0 261,1.0 265,4.0 269,3.0 273,3.0 275,1.0 279,2.0 281,1.0 282,2.0 283,1.0 284,2.0 285,1.0 291,1.0 351,2.0 366,1.0 
19,1.0 22,1.0 86,2.0 100,1.0 110,1.0 116,1.0 127,4.0 128,1.0 158,2.0 164,4.0 165,8.0 166,7.0 172,8.0 177,6.0 178,27.0 179,3.0 181,10.0 182,7.0 185,10.0 218,2.0 220,4.0 221,4.0 224,4.0 229,4.0 230,2.0 240,2.0 242,2.0 250,3.0 255,31.0 260,9.0 261,2.0 264,1.0 265,1.0 269,4.0 270,5.0 273,1.0 275,3.0 279,5.0 285,1.0 287,1.0 290,16.0 291,16.0 292,6.0 315,1.0 379,1.0 442,2.0 
21,4.0 85,2.0 126,2.0 135,2.0 164,2.0 165,8.0 166,1.0 175,1.0 177,1.0 178,8.0 179,1.0 180,12.0 182,4.0 185,8.0 217,4.0 218,6.0 223,1.0 224,4.0 225,1.0 245,1.0 249,1.0 250,3.0 260,3.0 261,2.0 264,3.0 269,3.0 270,1.0 275,2.0 278,1.0 279,2.0 281,1.0 350,1.0 354,1.0 
19,1.0 22,1.0 23,1.0 40,1.0 55,1.0 56,1.0 64,1.0 85,2.0 86,2.0 110,1.0 127,1.0 164,4.0 166,8.0 169,8.0 172,4.0 175,6.0 177,6.0 178,2.0 180,1.0 181,2.0 183,2.0 184,14.0 185,6.0 208,1.0 209,1.0 217,1.0 218,1.0 224,2.0 229,8.0 239,2.0 240,4.0 245,2.0 250,1.0 255,2.0 256,4.0 258,4.0 261,4.0 269,4.0 275,3.0 279,1.0 285,1.0 287,1.0 292,1.0 298,2.0 299,1.0 324,1.0 327,1.0 368,1.0 386,1.0 450,1.0 
28,1.0 47,1.0 77,1.0 78,1.0 89,1.0 116,1.0 122,1.0 124,1.0 178,2.0 212,1.0 219,1.0 270,1.0 396,1.0 
23,1.0 27,2.0 30,2.0 40,3.0 46,2.0 55,2.0 59,3.0 85,1.0 86,2.0 94,1.0 107,1.0 127,2.0 128,2.0 138,1.0 158,1.0 164,8.0 165,14.0 166,12.0 169,22.0 172,10.0 175,6.0 177,16.0 178,9.0 179,1.0 180,1.0 182,6.0 184,8.0 185,8.0 217,19.0 218,2.0 221,5.0 224,8.0 225,1.0 229,18.0 230,2.0 231,6.0 232,2.0 233,2.0 234,2.0 235,8.0 236,8.0 237,8.0 260,1.0 264,1.0 279,3.0 290,1.0 291,3.0 298,2.0 299,2.0 300,2.0 301,2.0 302,2.0 303,2.0 304,2.0 305,2.0 313,1.0 368,1.0 437,1.0 
85,2.0 126,1.0 127,2.0 128,2.0 129,1.0 164,4.0 165,14.0 166,4.0 169,6.0 172,9.0 175,3.0 178,8.0 180,1.0 181,1.0 182,4.0 184,20.0 217,13.0 218,6.0 221,4.0 224,9.0 232,8.0 235,12.0 239,4.0 240,8.0 241,8.0 246,4.0 255,3.0 260,3.0 264,1.0 270,3.0 273,1.0 275,4.0 279,2.0 283,1.0 285,6.0 291,1.0 
20,4.0 28,1.0 40,2.0 52,2.0 55,2.0 76,2.0 83,3.0 86,6.0 92,1.0 94,11.0 107,1.0 110,1.0 111,2.0 133,1.0 134,1.0 138,1.0 150,3.0 151,1.0 167,4.0 168,2.0 170,2.0 171,2.0 192,2.0 193,2.0 210,2.0 211,2.0 212,2.0 213,2.0 325,1.0 326,1.0 390,4.0 392,1.0 404,1.0 410,1.0 414,1.0 418,2.0 463,1.0 
86,4.0 112,1.0 133,5.0 176,2.0 193,2.0 390,1.0 405,1.0 415,1.0 
20,4.0 135,4.0 
30,2.0 32,2.0 33,6.0 73,2.0 86,4.0 167,2.0 190,2.0 382,2.0 
33,2.0 86,2.0 167,2.0 189,2.0 
39,2.0 47,3.0 86,2.0 138,3.0 206,2.0 207,2.0 
19,2.0 25,2.0 59,2.0 86,2.0 94,2.0 105,1.0 167,2.0 186,2.0 201,1.0 285,1.0 330,2.0 389,3.0 394,1.0 399,1.0 408,2.0 464,1.0 
35,1.0 83,2.0 86,2.0 92,2.0 94,3.0 110,1.0 111,1.0 133,2.0 176,2.0 186,2.0 187,2.0 392,2.0 418,2.0 463,1.0 
25,3.0 33,2.0 195,3.0 203,2.0 424,1.0 
25,3.0 48,1.0 194,3.0 424,2.0 
43,2.0 80,2.0 
17,4.0 21,2.0 23,2.0 56,1.0 69,1.0 81,10.0 200,2.0 201,2.0 410,1.0 
162,2.0 199,2.0 
162,2.0 198,2.0 
23,2.0 81,2.0 197,2.0 201,2.0 
23,2.0 52,1.0 81,2.0 113,1.0 192,1.0 197,2.0 200,2.0 211,1.0 212,1.0 389,2.0 394,2.0 399,1.0 426,1.0 464,1.0 465,1.0 466,1.0 
32,2.0 176,2.0 
33,2.0 194,2.0 
31,2.0 205,2.0 
31,2.0 204,2.0 
17,2.0 39,2.0 124,2.0 138,2.0 191,2.0 207,4.0 216,2.0 
17,2.0 39,2.0 191,2.0 206,4.0 
40,2.0 52,2.0 55,2.0 186,2.0 209,3.0 222,1.0 250,1.0 260,1.0 385,1.0 
30,2.0 40,2.0 52,2.0 55,2.0 186,2.0 208,3.0 217,2.0 222,1.0 225,2.0 250,1.0 260,1.0 385,1.0 
20,2.0 170,2.0 186,2.0 
20,1.0 52,1.0 56,2.0 86,2.0 186,2.0 201,1.0 212,6.0 426,1.0 
19,1.0 20,1.0 28,1.0 52,1.0 56,3.0 86,2.0 90,1.0 94,1.0 111,1.0 113,1.0 122,4.0 124,1.0 186,2.0 201,1.0 211,6.0 324,1.0 343,1.0 344,1.0 345,1.0 419,1.0 426,1.0 432,1.0 433,1.0 436,1.0 
20,2.0 72,1.0 171,3.0 186,2.0 404,1.0 
20,2.0 21,1.0 84,3.0 215,2.0 
20,2.0 50,1.0 67,1.0 84,2.0 131,2.0 133,1.0 139,1.0 214,2.0 311,1.0 328,1.0 341,2.0 455,1.0 460,1.0 
17,2.0 85,2.0 
9,2.0 21,2.0 30,2.0 113,1.0 127,2.0 128,2.0 165,4.0 166,3.0 169,3.0 177,3.0 178,2.0 179,2.0 181,4.0 182,4.0 184,13.0 185,4.0 209,2.0 218,2.0 221,8.0 225,3.0 229,4.0 235,8.0 239,8.0 243,4.0 246,8.0 260,1.0 261,2.0 265,1.0 279,1.0 283,1.0 291,1.0 298,2.0 299,2.0 300,2.0 301,2.0 302,2.0 303,2.0 304,2.0 305,2.0 
21,4.0 48,1.0 54,1.0 126,1.0 127,3.0 128,4.0 135,2.0 164,2.0 165,4.0 166,6.0 172,5.0 175,1.0 180,3.0 181,6.0 182,1.0 184,2.0 185,6.0 217,2.0 235,1.0 246,1.0 255,5.0 259,1.0 262,1.0 269,6.0 270,4.0 272,1.0 275,3.0 283,1.0 285,4.0 291,3.0 293,1.0 298,1.0 350,1.0 
9,2.0 79,2.0 81,1.0 89,1.0 115,1.0 121,1.0 122,3.0 124,1.0 125,1.0 129,1.0 146,1.0 147,1.0 171,3.0 183,1.0 212,1.0 226,1.0 315,1.0 347,2.0 423,2.0 434,1.0 435,1.0 
20,2.0 21,2.0 45,2.0 85,2.0 107,1.0 164,2.0 177,2.0 180,2.0 182,2.0 221,4.0 222,2.0 224,1.0 225,4.0 240,1.0 243,1.0 245,2.0 255,2.0 260,1.0 261,2.0 269,2.0 278,5.0 279,3.0 282,1.0 283,2.0 383,4.0 
19,1.0 22,1.0 54,2.0 56,1.0 60,2.0 62,4.0 72,1.0 73,3.0 74,1.0 85,2.0 126,2.0 164,9.0 166,10.0 172,6.0 177,8.0 180,4.0 182,2.0 184,7.0 185,6.0 217,8.0 220,2.0 224,3.0 229,10.0 235,8.0 239,8.0 243,4.0 246,8.0 255,6.0 261,2.0 269,8.0 273,3.0 275,2.0 279,1.0 283,7.0 290,5.0 291,8.0 360,1.0 362,2.0 363,2.0 371,1.0 374,1.0 375,1.0 389,1.0 423,1.0 437,1.0 
86,2.0 128,2.0 164,2.0 177,4.0 179,3.0 181,1.0 220,2.0 221,2.0 250,2.0 260,1.0 264,1.0 269,2.0 278,2.0 279,1.0 285,1.0 351,1.0 354,1.0 385,1.0 
9,2.0 126,1.0 177,2.0 180,2.0 181,1.0 224,2.0 229,2.0 250,1.0 264,3.0 281,1.0 384,1.0 
9,2.0 22,1.0 107,2.0 165,4.0 166,2.0 169,6.0 172,3.0 175,3.0 178,4.0 179,4.0 180,3.0 181,4.0 184,16.0 185,14.0 217,12.0 218,1.0 220,1.0 221,5.0 223,2.0 229,4.0 241,4.0 245,5.0 246,4.0 250,1.0 251,4.0 252,4.0 255,5.0 260,5.0 264,1.0 273,1.0 275,1.0 278,1.0 279,7.0 283,1.0 291,1.0 389,1.0 
21,2.0 30,2.0 45,2.0 128,1.0 179,1.0 182,1.0 209,2.0 217,3.0 220,4.0 224,1.0 250,1.0 264,1.0 383,4.0 
22,1.0 35,2.0 38,1.0 72,1.0 78,1.0 86,2.0 89,3.0 115,1.0 116,2.0 171,2.0 183,1.0 219,2.0 227,2.0 285,2.0 347,2.0 392,1.0 404,1.0 421,2.0 435,1.0 
35,2.0 86,2.0 89,2.0 226,2.0 
37,2.0 
19,2.0 23,1.0 25,1.0 27,1.0 28,1.0 40,3.0 42,2.0 43,1.0 46,2.0 55,2.0 59,3.0 65,3.0 100,1.0 126,3.0 127,6.0 163,3.0 164,2.0 165,20.0 166,16.0 169,23.0 172,6.0 175,6.0 177,31.0 178,13.0 180,6.0 182,6.0 184,27.0 185,8.0 217,2.0 221,8.0 224,8.0 230,6.0 240,2.0 242,2.0 255,8.0 256,4.0 257,1.0 260,7.0 261,1.0 264,1.0 269,9.0 270,10.0 273,2.0 274,4.0 275,9.0 278,2.0 279,15.0 283,1.0 285,1.0 287,1.0 291,1.0 345,1.0 363,1.0 367,1.0 368,1.0 369,1.0 370,1.0 379,1.0 440,4.0 442,2.0 447,3.0 
180,2.0 181,2.0 182,4.0 185,4.0 217,2.0 220,2.0 229,1.0 230,17.0 231,8.0 232,9.0 233,8.0 234,8.0 236,5.0 238,4.0 239,4.0 240,2.0 241,4.0 242,2.0 244,1.0 253,13.0 256,13.0 257,15.0 259,10.0 269,1.0 274,4.0 275,1.0 277,4.0 293,2.0 364,2.0 367,15.0 440,29.0 442,2.0 443,7.0 448,6.0 449,2.0 
180,8.0 181,8.0 182,4.0 185,9.0 218,2.0 224,4.0 230,8.0 231,6.0 232,8.0 233,8.0 234,8.0 235,14.0 236,9.0 237,18.0 238,10.0 239,10.0 241,4.0 242,4.0 243,4.0 244,4.0 245,4.0 253,4.0 254,4.0 255,3.0 258,1.0 260,1.0 268,3.0 270,3.0 272,1.0 283,1.0 293,1.0 296,2.0 297,2.0 443,1.0 445,1.0 
177,2.0 178,2.0 182,4.0 184,2.0 185,4.0 218,2.0 229,2.0 230,10.0 231,13.0 232,25.0 233,18.0 234,22.0 235,16.0 237,2.0 240,8.0 241,47.0 242,2.0 243,3.0 244,8.0 253,5.0 256,2.0 257,2.0 258,33.0 259,10.0 260,4.0 261,4.0 262,2.0 263,3.0 268,3.0 271,1.0 272,2.0 293,26.0 294,19.0 295,12.0 296,4.0 297,4.0 436,1.0 440,3.0 445,1.0 
177,4.0 180,4.0 181,2.0 182,4.0 185,4.0 218,2.0 220,2.0 221,2.0 222,2.0 229,2.0 230,8.0 231,8.0 232,12.0 233,10.0 234,8.0 236,4.0 238,4.0 239,10.0 240,8.0 244,16.0 247,4.0 250,2.0 251,4.0 253,4.0 256,4.0 258,8.0 259,8.0 260,4.0 261,4.0 262,2.0 266,2.0 267,20.0 268,4.0 269,2.0 271,8.0 272,2.0 273,2.0 274,4.0 275,2.0 276,6.0 277,6.0 278,2.0 
182,4.0 185,4.0 218,2.0 230,8.0 231,8.0 232,20.0 233,8.0 234,6.0 235,2.0 236,2.0 237,2.0 241,12.0 253,2.0 254,2.0 255,2.0 258,10.0 293,2.0 294,2.0 295,10.0 
177,2.0 178,3.0 180,8.0 181,8.0 229,2.0 230,2.0 231,26.0 232,18.0 233,4.0 234,4.0 235,13.0 236,16.0 237,29.0 238,16.0 239,28.0 240,8.0 241,18.0 242,2.0 243,14.0 244,6.0 246,18.0 247,8.0 248,8.0 249,4.0 250,4.0 253,4.0 254,4.0 258,4.0 259,7.0 261,1.0 262,4.0 263,2.0 267,3.0 269,1.0 272,5.0 274,3.0 275,1.0 293,13.0 294,8.0 296,2.0 297,2.0 442,1.0 
22,1.0 180,2.0 185,3.0 218,4.0 220,2.0 221,2.0 224,4.0 230,2.0 231,14.0 232,2.0 233,8.0 234,4.0 235,14.0 236,11.0 237,20.0 238,6.0 239,26.0 241,2.0 243,5.0 244,6.0 247,2.0 253,10.0 254,8.0 255,7.0 256,7.0 258,21.0 259,6.0 260,4.0 262,2.0 266,2.0 267,4.0 268,6.0 270,1.0 274,2.0 277,2.0 293,18.0 294,16.0 296,9.0 297,2.0 440,2.0 443,3.0 
180,8.0 181,8.0 185,2.0 218,4.0 231,20.0 232,4.0 233,2.0 234,4.0 235,22.0 236,16.0 237,8.0 238,12.0 239,12.0 253,8.0 254,8.0 255,4.0 256,2.0 257,2.0 258,2.0 259,4.0 267,1.0 272,2.0 274,1.0 293,2.0 
180,10.0 181,12.0 217,2.0 230,2.0 231,8.0 233,2.0 235,8.0 237,8.0 239,10.0 241,2.0 247,2.0 250,2.0 258,2.0 259,2.0 267,2.0 274,2.0 275,2.0 
180,14.0 181,10.0 218,2.0 220,2.0 223,2.0 230,2.0 231,12.0 232,2.0 233,8.0 235,26.0 236,19.0 237,12.0 238,16.0 239,13.0 240,5.0 241,2.0 243,9.0 244,2.0 246,12.0 247,8.0 248,4.0 250,2.0 253,2.0 256,6.0 258,21.0 259,4.0 262,2.0 263,3.0 264,2.0 267,6.0 268,2.0 269,2.0 274,4.0 275,2.0 277,2.0 293,16.0 294,16.0 296,1.0 441,3.0 
177,4.0 220,2.0 221,2.0 222,2.0 223,2.0 229,2.0 230,6.0 231,4.0 232,12.0 233,8.0 234,2.0 235,8.0 236,3.0 238,1.0 239,7.0 240,2.0 241,13.0 242,4.0 243,5.0 244,8.0 251,2.0 256,12.0 258,8.0 259,4.0 262,2.0 263,6.0 264,2.0 267,4.0 271,2.0 273,2.0 276,2.0 277,3.0 278,2.0 296,2.0 386,1.0 441,4.0 442,2.0 
177,2.0 178,2.0 181,2.0 217,2.0 224,4.0 229,2.0 230,4.0 231,10.0 232,47.0 233,4.0 234,14.0 235,16.0 238,2.0 240,8.0 241,24.0 242,8.0 243,9.0 244,20.0 245,4.0 246,4.0 251,4.0 252,4.0 253,1.0 258,26.0 259,5.0 262,8.0 263,9.0 264,4.0 265,4.0 268,1.0 271,1.0 272,1.0 293,20.0 294,18.0 295,12.0 296,4.0 297,4.0 
224,4.0 230,4.0 231,4.0 236,1.0 238,1.0 239,1.0 240,2.0 241,5.0 243,4.0 244,4.0 245,4.0 259,2.0 277,1.0 442,2.0 
224,9.0 231,6.0 235,12.0 236,4.0 237,2.0 238,2.0 239,6.0 240,1.0 241,4.0 242,4.0 243,2.0 244,4.0 245,4.0 246,10.0 247,6.0 248,6.0 249,4.0 250,4.0 253,1.0 256,4.0 258,5.0 260,5.0 263,1.0 264,1.0 271,1.0 272,1.0 273,1.0 293,1.0 296,4.0 386,1.0 
177,4.0 220,2.0 221,4.0 222,2.0 224,4.0 229,2.0 231,4.0 232,4.0 233,20.0 235,2.0 236,6.0 238,2.0 239,6.0 240,8.0 241,12.0 242,4.0 243,4.0 244,4.0 245,4.0 247,2.0 251,4.0 253,2.0 255,2.0 256,4.0 258,2.0 259,4.0 262,6.0 263,4.0 264,4.0 265,4.0 266,2.0 267,16.0 268,2.0 271,8.0 272,2.0 273,2.0 274,2.0 276,6.0 277,6.0 278,2.0 293,4.0 294,2.0 296,2.0 297,2.0 440,2.0 443,2.0 
20,2.0 107,1.0 165,2.0 182,2.0 184,2.0 185,4.0 217,4.0 220,2.0 221,4.0 224,5.0 280,2.0 281,2.0 
179,1.0 231,6.0 235,21.0 237,4.0 238,4.0 239,12.0 241,8.0 242,2.0 243,14.0 244,4.0 246,5.0 247,8.0 248,8.0 249,4.0 250,4.0 251,4.0 252,4.0 259,3.0 262,5.0 263,2.0 265,1.0 267,2.0 272,3.0 274,2.0 275,1.0 281,1.0 293,3.0 442,2.0 
180,2.0 181,2.0 233,2.0 235,4.0 238,2.0 239,2.0 243,4.0 246,4.0 248,4.0 249,4.0 250,6.0 258,2.0 267,2.0 274,2.0 275,2.0 
235,4.0 243,4.0 246,4.0 247,4.0 249,4.0 250,4.0 
178,4.0 179,4.0 181,1.0 224,4.0 250,4.0 269,1.0 
100,1.0 164,2.0 177,1.0 178,4.0 179,5.0 180,3.0 181,5.0 222,2.0 223,1.0 224,5.0 249,4.0 255,1.0 260,4.0 264,2.0 269,2.0 275,2.0 278,1.0 279,2.0 281,1.0 284,1.0 285,2.0 288,2.0 289,2.0 290,2.0 354,1.0 385,1.0 
177,2.0 220,2.0 222,2.0 231,2.0 233,2.0 240,2.0 241,8.0 242,2.0 243,2.0 244,6.0 246,4.0 252,4.0 262,2.0 263,2.0 267,2.0 276,2.0 277,2.0 278,2.0 
231,2.0 241,8.0 242,2.0 243,2.0 244,4.0 246,4.0 251,4.0 262,2.0 263,2.0 
180,2.0 184,2.0 185,2.0 218,8.0 224,1.0 230,12.0 231,2.0 232,4.0 233,2.0 234,2.0 236,4.0 237,4.0 239,2.0 243,1.0 253,6.0 254,4.0 255,4.0 256,1.0 257,6.0 258,1.0 260,1.0 263,1.0 264,1.0 267,2.0 268,2.0 269,2.0 271,1.0 272,1.0 273,1.0 293,5.0 367,6.0 436,1.0 440,15.0 443,6.0 448,6.0 
185,2.0 218,4.0 231,2.0 234,2.0 236,4.0 237,4.0 253,4.0 255,4.0 
25,4.0 40,3.0 46,2.0 55,1.0 59,3.0 60,5.0 62,4.0 65,2.0 73,1.0 83,1.0 101,1.0 107,1.0 126,3.0 127,3.0 128,4.0 138,1.0 158,2.0 165,8.0 166,8.0 172,9.0 177,1.0 178,22.0 180,28.0 181,2.0 182,5.0 185,3.0 218,5.0 221,6.0 224,1.0 229,7.0 230,4.0 240,2.0 256,6.0 258,2.0 260,1.0 261,4.0 270,4.0 274,4.0 279,12.0 285,2.0 290,16.0 291,21.0 292,6.0 314,1.0 371,3.0 440,4.0 
177,2.0 221,2.0 223,2.0 224,4.0 229,3.0 230,16.0 231,2.0 232,5.0 233,4.0 236,13.0 237,2.0 238,1.0 239,7.0 240,10.0 241,1.0 243,8.0 244,3.0 253,2.0 256,9.0 257,12.0 258,15.0 259,5.0 260,4.0 263,4.0 264,2.0 267,2.0 268,7.0 269,1.0 271,2.0 273,2.0 274,4.0 275,1.0 277,1.0 293,2.0 296,14.0 297,2.0 364,1.0 367,10.0 440,16.0 441,4.0 443,2.0 449,1.0 
42,1.0 55,1.0 230,17.0 232,4.0 233,2.0 237,2.0 253,7.0 256,11.0 257,7.0 258,3.0 259,4.0 268,1.0 364,1.0 367,17.0 440,17.0 443,1.0 448,1.0 449,1.0 
180,2.0 181,2.0 185,1.0 224,5.0 230,1.0 231,1.0 232,31.0 233,6.0 234,12.0 235,2.0 236,16.0 238,2.0 239,16.0 240,6.0 241,27.0 243,8.0 247,2.0 250,2.0 253,2.0 256,14.0 257,2.0 258,19.0 259,5.0 260,10.0 261,4.0 263,4.0 264,1.0 267,2.0 268,3.0 270,1.0 271,2.0 272,3.0 273,1.0 274,2.0 275,2.0 283,1.0 293,28.0 294,24.0 295,12.0 296,6.0 367,2.0 440,1.0 441,2.0 445,1.0 
178,1.0 179,1.0 180,2.0 181,2.0 217,2.0 220,2.0 230,6.0 231,1.0 232,6.0 233,12.0 235,4.0 236,6.0 237,1.0 238,4.0 239,8.0 241,3.0 243,1.0 244,4.0 246,3.0 247,2.0 253,3.0 256,1.0 257,1.0 258,9.0 259,2.0 260,4.0 261,5.0 262,5.0 263,1.0 265,1.0 266,2.0 267,8.0 268,5.0 269,1.0 271,1.0 272,8.0 274,6.0 275,2.0 277,2.0 281,1.0 293,10.0 294,1.0 364,1.0 367,1.0 440,2.0 442,2.0 445,1.0 449,1.0 
19,1.0 100,1.0 101,1.0 113,1.0 126,5.0 157,2.0 163,8.0 164,6.0 169,8.0 175,1.0 177,3.0 180,5.0 181,3.0 184,4.0 185,3.0 217,1.0 218,1.0 220,2.0 222,1.0 224,7.0 229,11.0 233,2.0 240,1.0 243,1.0 244,2.0 250,1.0 255,5.0 260,1.0 261,9.0 264,3.0 265,1.0 267,2.0 269,2.0 270,14.0 271,2.0 273,2.0 275,1.0 276,2.0 277,2.0 279,5.0 283,2.0 285,1.0 287,1.0 291,2.0 297,1.0 354,1.0 378,1.0 379,1.0 385,1.0 447,3.0 
25,1.0 27,1.0 28,1.0 33,1.0 34,2.0 59,3.0 60,5.0 62,1.0 65,3.0 73,2.0 74,1.0 163,5.0 164,7.0 165,4.0 169,5.0 178,1.0 182,4.0 184,4.0 221,3.0 229,1.0 239,2.0 240,4.0 255,3.0 256,4.0 258,4.0 260,9.0 265,1.0 269,2.0 270,5.0 273,2.0 275,1.0 283,4.0 291,4.0 345,1.0 353,1.0 363,1.0 370,1.0 371,2.0 372,1.0 373,1.0 
179,1.0 233,4.0 235,1.0 236,2.0 238,2.0 239,4.0 241,4.0 244,6.0 246,3.0 247,2.0 258,2.0 259,5.0 262,1.0 263,4.0 264,4.0 265,5.0 267,4.0 272,3.0 274,4.0 275,1.0 281,1.0 293,3.0 442,2.0 
223,2.0 224,1.0 239,2.0 240,2.0 241,4.0 243,1.0 244,4.0 253,1.0 256,2.0 258,1.0 260,1.0 262,4.0 264,7.0 265,4.0 271,1.0 272,1.0 273,1.0 293,1.0 441,2.0 
101,1.0 126,2.0 163,1.0 177,4.0 179,1.0 180,4.0 181,2.0 185,1.0 217,4.0 218,1.0 221,4.0 222,1.0 223,3.0 224,2.0 225,1.0 229,2.0 250,3.0 255,3.0 260,3.0 265,4.0 273,1.0 279,3.0 283,1.0 285,1.0 291,1.0 354,1.0 384,2.0 446,1.0 
165,3.0 179,4.0 180,1.0 217,5.0 221,4.0 224,1.0 260,1.0 261,2.0 264,4.0 269,3.0 275,1.0 281,1.0 282,1.0 283,1.0 291,3.0 353,1.0 354,1.0 
233,4.0 236,2.0 239,2.0 244,2.0 253,2.0 259,2.0 267,2.0 268,2.0 
177,4.0 178,1.0 179,1.0 180,4.0 181,2.0 218,2.0 220,2.0 221,2.0 222,2.0 229,2.0 233,16.0 235,1.0 236,1.0 238,2.0 239,4.0 240,8.0 244,13.0 246,1.0 247,2.0 250,2.0 251,4.0 253,2.0 256,4.0 258,2.0 259,2.0 261,1.0 262,1.0 265,1.0 267,4.0 268,2.0 269,3.0 271,8.0 272,4.0 273,2.0 274,4.0 275,4.0 276,6.0 277,6.0 278,2.0 281,1.0 293,3.0 296,1.0 440,2.0 442,1.0 443,1.0 444,1.0 
180,2.0 185,3.0 218,2.0 230,1.0 231,6.0 232,2.0 233,2.0 236,6.0 239,2.0 241,1.0 243,3.0 253,3.0 255,1.0 256,8.0 257,2.0 258,7.0 259,2.0 260,1.0 263,1.0 267,2.0 268,3.0 269,2.0 270,3.0 271,1.0 272,3.0 283,1.0 293,5.0 294,1.0 296,10.0 297,4.0 367,2.0 440,1.0 443,2.0 445,2.0 
27,2.0 34,1.0 40,1.0 46,2.0 48,1.0 54,4.0 62,4.0 73,3.0 74,1.0 127,10.0 164,16.0 165,2.0 166,10.0 172,3.0 175,2.0 177,2.0 178,3.0 179,3.0 180,5.0 182,3.0 218,5.0 221,3.0 229,6.0 233,4.0 236,2.0 239,2.0 244,4.0 255,3.0 259,2.0 260,2.0 261,2.0 262,2.0 267,2.0 270,4.0 271,2.0 273,4.0 275,12.0 276,2.0 277,2.0 279,9.0 280,4.0 281,2.0 283,3.0 291,2.0 362,3.0 363,6.0 364,1.0 365,1.0 376,1.0 377,1.0 386,1.0 
23,1.0 27,2.0 34,1.0 40,1.0 48,2.0 54,3.0 60,2.0 62,1.0 66,2.0 100,1.0 126,8.0 157,2.0 158,2.0 162,2.0 163,8.0 164,3.0 169,8.0 175,2.0 177,2.0 180,3.0 185,5.0 218,3.0 222,1.0 224,1.0 229,11.0 233,2.0 244,2.0 250,2.0 255,3.0 260,15.0 261,5.0 264,3.0 267,2.0 269,2.0 270,1.0 271,2.0 272,2.0 279,3.0 280,4.0 283,1.0 285,3.0 291,1.0 352,2.0 363,1.0 447,3.0 
177,2.0 221,2.0 224,1.0 229,2.0 233,10.0 240,6.0 243,1.0 244,10.0 251,2.0 253,1.0 256,4.0 258,1.0 260,1.0 263,1.0 264,1.0 267,10.0 271,2.0 272,3.0 273,3.0 276,4.0 277,4.0 293,1.0 
178,1.0 179,1.0 185,1.0 224,1.0 231,1.0 233,4.0 235,4.0 237,1.0 240,2.0 243,1.0 244,4.0 246,3.0 253,1.0 256,2.0 258,2.0 259,6.0 260,2.0 261,1.0 262,3.0 263,1.0 264,1.0 265,1.0 267,8.0 268,1.0 269,1.0 270,1.0 271,5.0 272,2.0 273,1.0 274,4.0 275,2.0 281,1.0 283,1.0 293,8.0 442,2.0 445,1.0 
73,1.0 164,2.0 177,2.0 179,3.0 185,1.0 218,1.0 221,4.0 224,1.0 229,3.0 260,2.0 261,1.0 264,1.0 269,2.0 275,1.0 279,2.0 282,1.0 283,3.0 291,1.0 371,1.0 
178,1.0 179,1.0 180,2.0 181,2.0 230,6.0 232,1.0 233,2.0 235,1.0 236,2.0 238,3.0 239,3.0 241,1.0 244,1.0 246,1.0 247,2.0 250,2.0 253,1.0 256,4.0 258,2.0 259,4.0 261,1.0 262,1.0 265,1.0 267,4.0 269,1.0 272,2.0 275,4.0 277,1.0 281,1.0 293,4.0 440,6.0 442,1.0 443,1.0 
19,1.0 127,12.0 128,1.0 129,1.0 164,2.0 166,12.0 172,6.0 175,1.0 178,3.0 179,1.0 180,6.0 181,2.0 182,3.0 185,4.0 217,1.0 218,3.0 229,7.0 250,2.0 255,3.0 260,3.0 261,2.0 265,1.0 269,16.0 278,3.0 279,7.0 280,2.0 281,2.0 283,2.0 291,2.0 
177,2.0 220,2.0 222,2.0 233,6.0 240,4.0 244,6.0 251,4.0 267,6.0 271,2.0 276,2.0 277,6.0 278,2.0 
177,2.0 180,2.0 220,4.0 222,2.0 230,2.0 233,6.0 236,2.0 239,2.0 240,4.0 244,6.0 251,4.0 259,2.0 267,6.0 271,2.0 276,6.0 277,2.0 278,2.0 
128,1.0 164,2.0 177,2.0 181,1.0 220,5.0 221,2.0 222,2.0 224,1.0 245,1.0 269,2.0 275,3.0 279,3.0 280,2.0 282,1.0 283,2.0 284,2.0 285,4.0 286,2.0 287,2.0 
25,1.0 27,3.0 40,5.0 46,3.0 48,1.0 54,2.0 55,1.0 56,1.0 59,4.0 60,1.0 62,2.0 65,1.0 72,1.0 116,1.0 125,1.0 126,1.0 127,6.0 164,4.0 166,8.0 171,1.0 177,3.0 179,4.0 180,3.0 181,1.0 182,4.0 184,3.0 192,1.0 217,3.0 221,1.0 222,3.0 225,1.0 226,2.0 229,10.0 230,4.0 232,1.0 245,1.0 255,11.0 256,4.0 259,1.0 260,1.0 261,1.0 267,1.0 268,1.0 269,7.0 270,3.0 273,1.0 274,4.0 275,5.0 278,1.0 280,2.0 282,1.0 283,3.0 285,4.0 287,1.0 291,1.0 293,1.0 294,1.0 296,1.0 330,1.0 347,1.0 360,1.0 363,1.0 371,1.0 379,1.0 389,1.0 401,1.0 421,1.0 440,5.0 444,1.0 
23,1.0 27,6.0 34,4.0 40,1.0 42,1.0 46,1.0 48,1.0 54,5.0 55,1.0 59,1.0 60,2.0 62,5.0 165,2.0 166,3.0 179,2.0 182,1.0 222,1.0 250,1.0 264,1.0 265,2.0 270,4.0 275,1.0 278,2.0 283,3.0 284,2.0 363,1.0 
165,2.0 175,1.0 177,3.0 179,1.0 181,1.0 225,1.0 245,2.0 261,1.0 264,1.0 265,1.0 269,1.0 275,2.0 280,2.0 282,2.0 283,1.0 285,1.0 291,1.0 
54,2.0 69,2.0 74,2.0 75,2.0 165,1.0 177,2.0 179,1.0 217,1.0 220,2.0 222,1.0 278,2.0 279,1.0 281,1.0 
27,3.0 34,2.0 49,1.0 52,1.0 54,3.0 60,2.0 62,5.0 73,3.0 74,1.0 164,3.0 175,1.0 177,1.0 178,1.0 179,2.0 182,1.0 185,1.0 218,2.0 221,7.0 222,2.0 229,1.0 232,1.0 235,1.0 241,1.0 246,1.0 258,1.0 259,2.0 260,1.0 261,2.0 262,1.0 268,1.0 269,3.0 270,1.0 272,1.0 273,1.0 275,1.0 278,1.0 279,3.0 280,3.0 291,4.0 293,2.0 361,1.0 362,1.0 363,2.0 371,1.0 374,1.0 375,1.0 
179,2.0 250,1.0 278,2.0 285,3.0 351,1.0 366,1.0 
23,1.0 32,1.0 48,1.0 54,1.0 66,1.0 74,1.0 91,2.0 94,1.0 95,1.0 126,2.0 127,1.0 138,1.0 166,1.0 172,1.0 181,2.0 182,1.0 184,2.0 217,2.0 218,2.0 220,1.0 223,1.0 229,2.0 232,1.0 250,2.0 259,1.0 264,1.0 267,1.0 268,1.0 269,1.0 270,1.0 275,1.0 278,3.0 279,5.0 280,1.0 286,2.0 287,4.0 288,2.0 293,1.0 294,1.0 296,1.0 384,1.0 440,1.0 444,1.0 
278,2.0 285,2.0 287,2.0 
30,1.0 49,1.0 218,1.0 229,1.0 250,2.0 269,1.0 275,1.0 285,4.0 288,2.0 
250,2.0 289,2.0 290,2.0 
180,2.0 221,2.0 255,2.0 290,2.0 
2,1.0 3,1.0 21,1.0 48,1.0 54,2.0 69,2.0 178,12.0 180,16.0 221,4.0 235,2.0 236,2.0 239,2.0 255,16.0 289,2.0 291,17.0 293,2.0 294,2.0 437,1.0 
2,1.0 3,1.0 25,1.0 28,1.0 46,1.0 60,3.0 62,2.0 65,1.0 73,1.0 94,1.0 107,1.0 122,1.0 126,2.0 166,4.0 175,1.0 178,12.0 180,14.0 182,1.0 218,1.0 221,3.0 229,1.0 232,1.0 235,4.0 236,4.0 237,1.0 239,2.0 241,1.0 245,1.0 246,1.0 255,17.0 256,4.0 258,1.0 259,3.0 261,2.0 262,1.0 268,5.0 269,1.0 272,2.0 273,1.0 279,2.0 283,3.0 290,17.0 293,5.0 294,2.0 296,4.0 345,1.0 354,1.0 355,1.0 371,1.0 390,1.0 437,1.0 
49,1.0 74,1.0 172,6.0 178,6.0 180,6.0 218,1.0 255,6.0 269,1.0 275,1.0 450,1.0 
178,1.0 179,1.0 184,2.0 185,1.0 218,2.0 221,2.0 224,1.0 231,2.0 232,28.0 234,2.0 235,10.0 236,16.0 237,1.0 239,14.0 241,23.0 243,2.0 244,6.0 246,3.0 253,6.0 255,2.0 258,31.0 259,8.0 260,2.0 261,1.0 262,3.0 263,2.0 264,1.0 265,1.0 267,4.0 268,4.0 269,1.0 270,1.0 271,2.0 272,10.0 273,1.0 274,4.0 275,2.0 281,1.0 283,1.0 293,19.0 294,33.0 295,2.0 296,2.0 297,2.0 436,1.0 440,5.0 442,2.0 443,2.0 445,2.0 
231,1.0 232,23.0 234,2.0 235,6.0 236,14.0 239,14.0 241,22.0 244,4.0 258,27.0 259,1.0 268,2.0 272,1.0 293,34.0 294,14.0 295,2.0 296,2.0 297,2.0 445,1.0 
232,12.0 234,10.0 235,2.0 241,12.0 258,10.0 293,2.0 294,2.0 295,4.0 
177,2.0 178,2.0 185,2.0 224,4.0 229,2.0 231,4.0 232,2.0 235,2.0 236,11.0 241,2.0 243,6.0 244,1.0 255,1.0 256,10.0 258,6.0 260,4.0 267,1.0 268,8.0 270,2.0 293,1.0 296,4.0 297,6.0 440,2.0 443,3.0 444,1.0 
177,3.0 178,2.0 180,1.0 185,2.0 229,2.0 231,2.0 232,2.0 235,2.0 236,1.0 241,2.0 255,1.0 260,1.0 268,2.0 270,2.0 296,4.0 378,1.0 443,1.0 
34,1.0 54,1.0 60,1.0 162,1.0 175,1.0 177,2.0 182,2.0 184,1.0 185,1.0 217,1.0 229,2.0 270,1.0 275,1.0 280,1.0 299,3.0 
177,2.0 182,2.0 185,1.0 229,2.0 275,1.0 298,3.0 
40,1.0 65,1.0 128,3.0 177,2.0 178,2.0 229,2.0 255,1.0 279,1.0 
46,1.0 62,1.0 127,3.0 166,1.0 177,2.0 221,2.0 229,2.0 280,1.0 291,1.0 
147,2.0 285,1.0 303,2.0 304,2.0 305,2.0 306,2.0 307,2.0 397,1.0 398,1.0 403,1.0 
302,2.0 304,2.0 305,2.0 306,2.0 307,2.0 
302,2.0 303,2.0 305,2.0 306,2.0 307,2.0 
22,1.0 302,2.0 303,2.0 304,2.0 306,2.0 307,2.0 336,1.0 337,1.0 338,1.0 
11,1.0 117,1.0 307,2.0 308,2.0 309,1.0 310,1.0 
11,1.0 117,1.0 306,2.0 308,2.0 309,1.0 310,1.0 
11,2.0 17,1.0 18,1.0 63,1.0 117,2.0 309,1.0 310,1.0 
11,1.0 17,1.0 18,1.0 50,1.0 117,1.0 308,1.0 310,2.0 311,1.0 
11,1.0 17,1.0 18,1.0 50,1.0 117,1.0 308,1.0 309,2.0 311,1.0 
8,1.0 17,1.0 18,1.0 22,2.0 30,1.0 50,16.0 67,4.0 82,6.0 83,1.0 92,1.0 110,1.0 132,1.0 133,1.0 144,1.0 174,1.0 305,1.0 312,5.0 328,5.0 336,2.0 337,1.0 457,2.0 458,1.0 459,1.0 
8,1.0 50,2.0 82,6.0 85,4.0 144,1.0 174,1.0 311,2.0 313,4.0 
17,1.0 18,1.0 22,2.0 50,5.0 64,2.0 72,1.0 79,1.0 85,16.0 95,2.0 98,1.0 99,1.0 107,2.0 121,1.0 311,5.0 315,1.0 327,2.0 329,2.0 336,2.0 356,2.0 357,2.0 358,1.0 359,1.0 390,2.0 453,4.0 454,4.0 
17,1.0 19,2.0 32,1.0 83,3.0 107,2.0 110,2.0 116,1.0 129,1.0 133,1.0 134,1.0 138,1.0 145,1.0 169,1.0 184,1.0 315,1.0 405,5.0 414,1.0 439,1.0 
17,1.0 18,1.0 19,1.0 22,1.0 66,1.0 79,1.0 85,1.0 86,1.0 94,1.0 113,1.0 116,2.0 121,1.0 129,1.0 145,1.0 146,1.0 147,1.0 156,1.0 180,1.0 182,1.0 186,1.0 219,1.0 313,1.0 314,1.0 347,1.0 356,1.0 357,1.0 358,1.0 359,1.0 390,1.0 409,1.0 410,1.0 439,1.0 
69,1.0 317,1.0 
69,1.0 316,1.0 
20,1.0 52,1.0 64,1.0 69,1.0 95,1.0 319,1.0 320,1.0 321,1.0 322,1.0 323,1.0 347,1.0 348,1.0 
95,1.0 318,1.0 320,1.0 321,1.0 322,1.0 323,1.0 
95,1.0 105,1.0 318,1.0 319,1.0 321,1.0 322,1.0 323,1.0 393,1.0 399,1.0 464,1.0 467,1.0 
95,1.0 318,1.0 319,1.0 320,1.0 322,1.0 323,1.0 
56,1.0 323,1.0 324,1.0 
56,1.0 322,1.0 324,1.0 
28,1.0 45,1.0 50,4.0 52,1.0 56,15.0 64,2.0 66,1.0 72,1.0 85,3.0 98,1.0 99,1.0 107,1.0 108,1.0 110,1.0 113,1.0 133,1.0 212,1.0 311,5.0 313,3.0 325,1.0 326,1.0 327,2.0 340,1.0 341,1.0 343,1.0 344,1.0 345,1.0 346,1.0 451,1.0 452,1.0 
135,1.0 326,2.0 327,1.0 411,1.0 416,1.0 
135,1.0 325,2.0 327,1.0 411,1.0 416,1.0 
35,2.0 56,2.0 64,9.0 67,2.0 75,1.0 76,2.0 85,2.0 94,1.0 133,1.0 211,1.0 212,1.0 313,2.0 324,3.0 328,1.0 341,1.0 
9,1.0 56,3.0 67,7.0 85,2.0 107,1.0 113,1.0 119,1.0 138,1.0 139,1.0 153,1.0 212,1.0 313,2.0 324,4.0 343,1.0 344,1.0 461,1.0 462,1.0 
50,1.0 56,1.0 83,1.0 85,1.0 92,1.0 93,1.0 95,2.0 107,2.0 110,1.0 311,1.0 313,1.0 324,1.0 390,2.0 453,2.0 454,2.0 
85,1.0 105,1.0 113,1.0 132,1.0 133,1.0 192,2.0 285,1.0 313,1.0 331,1.0 341,1.0 342,1.0 389,3.0 394,1.0 453,1.0 454,1.0 
135,1.0 332,1.0 
39,1.0 135,1.0 
334,1.0 335,1.0 
50,1.0 311,1.0 335,1.0 
50,1.0 101,1.0 134,1.0 311,1.0 334,1.0 340,1.0 
22,4.0 56,1.0 66,1.0 86,1.0 94,1.0 98,1.0 99,1.0 111,1.0 113,1.0 305,1.0 315,1.0 324,1.0 337,1.0 338,1.0 
22,1.0 305,1.0 336,1.0 338,1.0 
135,1.0 339,1.0 
49,1.0 135,1.0 
28,1.0 45,1.0 101,1.0 110,1.0 341,1.0 345,1.0 
19,2.0 28,3.0 50,1.0 59,1.0 67,1.0 83,1.0 89,1.0 94,3.0 96,1.0 97,1.0 107,1.0 108,1.0 110,2.0 131,4.0 132,2.0 133,2.0 138,1.0 139,2.0 183,1.0 215,2.0 311,1.0 328,1.0 330,1.0 340,1.0 342,1.0 345,2.0 389,1.0 390,1.0 392,3.0 393,1.0 394,1.0 404,5.0 414,1.0 418,1.0 455,1.0 460,1.0 
67,1.0 132,1.0 328,1.0 
9,1.0 28,1.0 56,1.0 113,1.0 212,1.0 324,1.0 344,1.0 345,1.0 425,1.0 
28,1.0 56,1.0 113,1.0 212,1.0 324,1.0 343,1.0 345,1.0 
28,4.0 50,1.0 56,1.0 64,1.0 81,1.0 89,1.0 183,1.0 197,1.0 311,1.0 324,1.0 327,1.0 341,1.0 
64,1.0 66,1.0 72,2.0 327,1.0 406,3.0 407,1.0 
17,1.0 20,1.0 52,1.0 64,2.0 69,2.0 79,1.0 90,1.0 94,1.0 121,1.0 122,1.0 125,1.0 129,1.0 146,1.0 147,1.0 171,5.0 212,1.0 219,3.0 226,2.0 285,1.0 291,1.0 315,1.0 318,2.0 347,1.0 348,4.0 392,1.0 423,1.0 434,1.0 
17,1.0 20,1.0 52,1.0 64,1.0 69,1.0 79,1.0 121,1.0 219,1.0 318,1.0 347,3.0 423,1.0 
45,1.0 49,1.0 54,1.0 62,1.0 69,1.0 164,1.0 417,1.0 
25,1.0 31,1.0 47,1.0 48,1.0 181,1.0 224,1.0 353,1.0 
25,1.0 47,1.0 54,1.0 62,1.0 166,1.0 179,1.0 264,1.0 280,1.0 284,1.0 354,1.0 366,2.0 384,1.0 
66,2.0 162,2.0 270,2.0 
23,1.0 33,1.0 39,1.0 52,1.0 54,1.0 60,1.0 62,2.0 147,1.0 164,3.0 169,1.0 217,1.0 261,1.0 265,1.0 280,1.0 283,1.0 302,1.0 403,1.0 
163,1.0 181,1.0 184,1.0 223,1.0 250,1.0 264,1.0 265,1.0 291,1.0 355,1.0 384,1.0 446,1.0 
184,1.0 354,1.0 
79,1.0 82,1.0 85,1.0 121,1.0 312,1.0 313,1.0 315,1.0 347,1.0 348,1.0 357,2.0 358,1.0 359,1.0 
79,1.0 82,1.0 85,1.0 121,1.0 312,1.0 313,1.0 315,1.0 356,2.0 358,1.0 359,1.0 
79,1.0 85,1.0 121,1.0 313,1.0 315,1.0 356,1.0 357,1.0 359,1.0 
79,1.0 85,1.0 121,1.0 313,1.0 315,1.0 356,1.0 357,1.0 358,1.0 
56,1.0 72,1.0 221,1.0 229,1.0 261,1.0 279,1.0 291,1.0 
49,1.0 52,1.0 283,1.0 
35,1.0 62,1.0 73,1.0 127,1.0 164,2.0 166,1.0 269,2.0 280,2.0 283,1.0 301,1.0 363,3.0 
27,2.0 45,1.0 46,2.0 54,2.0 62,1.0 73,2.0 127,1.0 164,3.0 166,2.0 175,1.0 221,1.0 269,3.0 270,1.0 279,1.0 280,4.0 283,2.0 298,1.0 301,1.0 345,1.0 351,1.0 353,1.0 362,3.0 366,1.0 376,1.0 377,1.0 404,1.0 
46,1.0 229,1.0 230,1.0 256,1.0 269,1.0 275,1.0 363,1.0 365,1.0 440,1.0 449,1.0 
46,1.0 363,1.0 364,1.0 
54,1.0 62,1.0 166,1.0 264,1.0 280,1.0 351,2.0 354,1.0 384,1.0 
42,1.0 55,1.0 230,17.0 253,7.0 256,9.0 257,17.0 258,1.0 259,2.0 268,1.0 364,1.0 367,7.0 440,17.0 443,1.0 448,1.0 449,1.0 
55,1.0 166,1.0 184,1.0 229,1.0 279,1.0 
25,1.0 40,1.0 59,1.0 65,1.0 255,1.0 279,1.0 370,1.0 
25,2.0 40,1.0 59,2.0 60,1.0 65,2.0 255,2.0 279,1.0 291,1.0 369,1.0 372,1.0 
59,2.0 73,2.0 128,1.0 164,2.0 165,2.0 221,1.0 255,1.0 261,2.0 283,1.0 291,1.0 353,1.0 
25,1.0 59,1.0 60,1.0 65,1.0 255,1.0 291,1.0 370,1.0 
60,1.0 221,1.0 261,1.0 283,1.0 
60,1.0 62,1.0 73,1.0 74,1.0 164,1.0 261,1.0 375,1.0 
60,1.0 62,1.0 73,1.0 74,1.0 164,1.0 261,1.0 374,1.0 
54,1.0 62,1.0 73,1.0 280,1.0 283,1.0 363,1.0 377,1.0 
54,1.0 62,1.0 73,1.0 280,1.0 283,1.0 363,1.0 376,1.0 
177,1.0 180,1.0 260,1.0 297,1.0 
270,1.0 279,1.0 
21,1.0 75,1.0 381,1.0 
21,1.0 75,1.0 380,1.0 
30,1.0 32,2.0 33,2.0 34,1.0 49,1.0 189,2.0 
21,2.0 45,2.0 220,4.0 225,4.0 
126,1.0 163,1.0 223,1.0 264,2.0 354,1.0 446,1.0 
45,1.0 54,1.0 100,1.0 102,1.0 103,1.0 140,1.0 181,1.0 222,1.0 250,1.0 260,1.0 354,1.0 363,1.0 404,1.0 407,1.0 429,1.0 
127,1.0 232,1.0 253,1.0 293,1.0 387,1.0 436,1.0 
388,1.0 
192,1.0 330,1.0 389,1.0 
19,1.0 22,2.0 85,1.0 105,2.0 107,1.0 113,2.0 192,3.0 201,1.0 221,1.0 224,1.0 285,1.0 313,1.0 320,1.0 330,3.0 341,1.0 390,1.0 393,1.0 394,3.0 399,2.0 404,1.0 453,1.0 454,1.0 464,2.0 466,1.0 467,1.0 
22,1.0 31,1.0 50,1.0 56,2.0 85,1.0 92,1.0 94,8.0 95,4.0 96,1.0 97,1.0 107,10.0 111,1.0 112,1.0 133,1.0 138,2.0 145,1.0 150,3.0 151,1.0 155,1.0 186,4.0 187,1.0 279,1.0 311,1.0 313,1.0 324,2.0 325,1.0 326,1.0 329,2.0 341,1.0 389,1.0 391,1.0 399,1.0 404,1.0 405,2.0 410,3.0 414,1.0 415,1.0 453,2.0 454,2.0 
83,1.0 133,1.0 341,1.0 
78,1.0 83,1.0 94,2.0 110,2.0 111,1.0 122,1.0 132,1.0 133,1.0 138,1.0 186,2.0 390,2.0 393,1.0 394,1.0 397,1.0 405,1.0 410,1.0 414,1.0 418,2.0 
105,1.0 320,1.0 392,1.0 394,1.0 399,1.0 464,1.0 467,1.0 
19,1.0 85,1.0 105,1.0 113,2.0 192,1.0 201,1.0 279,1.0 313,1.0 320,1.0 330,1.0 341,1.0 389,3.0 393,1.0 395,1.0 399,2.0 404,1.0 453,1.0 454,1.0 464,2.0 466,1.0 467,1.0 
183,1.0 
116,1.0 145,1.0 147,1.0 302,1.0 314,1.0 315,1.0 438,1.0 
78,1.0 89,1.0 94,1.0 95,1.0 121,2.0 138,1.0 183,1.0 219,1.0 226,2.0 398,1.0 419,2.0 431,1.0 
94,1.0 95,1.0 138,1.0 397,1.0 
105,1.0 171,1.0 201,1.0 320,1.0 347,1.0 393,1.0 464,2.0 465,1.0 467,1.0 
72,1.0 81,1.0 124,1.0 171,1.0 226,1.0 347,1.0 404,1.0 430,1.0 
402,1.0 
350,1.0 
147,1.0 285,1.0 302,1.0 
19,2.0 28,1.0 38,1.0 45,1.0 54,1.0 72,3.0 94,3.0 108,1.0 131,2.0 139,1.0 171,1.0 186,1.0 213,1.0 226,1.0 325,1.0 326,1.0 341,5.0 345,1.0 363,1.0 389,1.0 390,1.0 394,1.0 400,1.0 430,1.0 
17,1.0 19,2.0 83,1.0 92,1.0 107,1.0 110,2.0 112,1.0 129,1.0 133,2.0 145,1.0 155,1.0 187,1.0 314,5.0 390,2.0 410,1.0 414,2.0 415,1.0 
59,1.0 72,2.0 341,1.0 346,3.0 407,1.0 
53,1.0 100,1.0 102,1.0 103,1.0 140,1.0 385,1.0 
19,2.0 25,3.0 27,1.0 59,3.0 192,2.0 315,1.0 409,1.0 
186,1.0 315,1.0 390,1.0 410,1.0 
19,1.0 31,1.0 69,1.0 81,1.0 92,1.0 107,1.0 138,1.0 145,1.0 150,1.0 155,1.0 186,1.0 197,1.0 390,3.0 405,1.0 414,1.0 
135,1.0 349,1.0 412,1.0 413,1.0 416,1.0 417,1.0 
411,1.0 413,1.0 
107,1.0 110,1.0 129,1.0 414,1.0 
83,1.0 92,2.0 94,1.0 107,2.0 110,4.0 111,1.0 129,2.0 132,1.0 133,2.0 134,1.0 145,1.0 155,1.0 186,1.0 187,1.0 314,1.0 390,3.0 392,1.0 405,3.0 406,1.0 410,1.0 
94,1.0 112,1.0 186,1.0 390,1.0 404,1.0 
135,1.0 349,1.0 411,1.0 417,1.0 
45,1.0 54,1.0 62,1.0 349,1.0 
78,1.0 94,1.0 122,1.0 138,1.0 186,1.0 192,1.0 201,1.0 389,1.0 390,1.0 392,2.0 394,1.0 463,1.0 
78,1.0 79,2.0 89,2.0 90,1.0 121,4.0 122,2.0 170,1.0 212,1.0 219,1.0 226,2.0 279,1.0 347,1.0 348,1.0 397,2.0 431,3.0 436,1.0 
19,2.0 279,1.0 
22,1.0 116,2.0 226,2.0 285,1.0 
43,1.0 
79,2.0 81,1.0 121,1.0 122,2.0 219,2.0 229,1.0 
25,1.0 48,1.0 194,1.0 195,2.0 
9,1.0 343,1.0 
52,1.0 201,1.0 211,1.0 212,1.0 
30,1.0 428,1.0 
30,1.0 427,1.0 
45,1.0 54,1.0 363,1.0 385,1.0 404,1.0 
72,1.0 400,1.0 404,1.0 
79,2.0 89,2.0 121,3.0 170,1.0 219,1.0 226,1.0 347,1.0 348,1.0 397,1.0 419,3.0 
171,1.0 219,1.0 347,1.0 433,1.0 
171,1.0 219,1.0 347,1.0 432,1.0 
78,1.0 89,1.0 125,1.0 
115,1.0 122,1.0 212,1.0 419,1.0 
90,1.0 184,1.0 221,1.0 232,2.0 253,2.0 293,2.0 440,1.0 
2,1.0 3,1.0 290,1.0 291,1.0 
116,1.0 145,1.0 314,1.0 315,1.0 396,1.0 
182,1.0 269,1.0 
184,2.0 218,2.0 221,2.0 229,1.0 230,29.0 232,3.0 236,5.0 238,1.0 239,1.0 241,1.0 244,4.0 253,15.0 255,2.0 256,13.0 257,15.0 259,4.0 267,1.0 269,1.0 274,4.0 275,1.0 277,1.0 293,7.0 296,1.0 364,2.0 367,15.0 440,14.0 443,10.0 444,1.0 448,6.0 449,2.0 
223,2.0 239,2.0 240,2.0 256,2.0 263,2.0 264,2.0 
179,1.0 230,4.0 236,1.0 238,1.0 239,1.0 240,2.0 241,1.0 242,2.0 246,1.0 259,3.0 262,1.0 265,1.0 267,1.0 272,1.0 274,1.0 275,1.0 277,1.0 281,1.0 293,1.0 
185,1.0 221,2.0 230,6.0 231,1.0 236,2.0 244,2.0 253,5.0 255,2.0 256,1.0 257,1.0 268,1.0 270,1.0 293,2.0 296,1.0 297,1.0 367,1.0 440,8.0 443,2.0 448,5.0 
236,1.0 244,1.0 267,1.0 293,1.0 296,1.0 440,2.0 443,1.0 
185,1.0 231,1.0 258,1.0 260,1.0 268,1.0 270,1.0 272,1.0 283,1.0 293,1.0 
163,1.0 260,1.0 261,1.0 270,1.0 
126,5.0 229,3.0 255,1.0 260,3.0 270,3.0 
230,6.0 253,5.0 256,1.0 257,1.0 367,1.0 440,6.0 443,5.0 448,2.0 
229,1.0 230,1.0 256,1.0 269,1.0 275,1.0 364,1.0 440,1.0 
218,1.0 269,1.0 275,1.0 292,1.0 
113,1.0 330,1.0 389,1.0 394,1.0 452,2.0 453,2.0 454,2.0 
113,1.0 330,1.0 389,1.0 394,1.0 451,2.0 453,2.0 454,2.0 
50,1.0 85,2.0 94,2.0 95,4.0 107,4.0 113,1.0 311,1.0 313,2.0 329,2.0 330,1.0 389,1.0 390,4.0 394,1.0 454,6.0 455,1.0 456,1.0 
50,1.0 85,2.0 94,2.0 95,4.0 107,4.0 113,1.0 311,1.0 313,2.0 329,2.0 330,1.0 389,1.0 390,4.0 394,1.0 453,6.0 455,1.0 456,1.0 
67,1.0 131,2.0 133,1.0 139,1.0 215,2.0 328,1.0 341,2.0 451,1.0 452,1.0 456,2.0 460,1.0 
131,1.0 133,1.0 215,1.0 341,1.0 451,1.0 452,1.0 455,2.0 
17,1.0 18,1.0 83,2.0 92,2.0 110,2.0 133,1.0 329,1.0 458,1.0 459,1.0 
83,1.0 92,1.0 110,1.0 329,1.0 457,1.0 
17,1.0 18,1.0 83,1.0 92,1.0 110,1.0 133,1.0 457,1.0 
67,1.0 131,1.0 139,1.0 215,1.0 328,1.0 341,1.0 455,1.0 
107,1.0 119,1.0 126,1.0 138,1.0 139,1.0 447,1.0 462,1.0 
107,1.0 119,1.0 126,1.0 138,1.0 139,1.0 447,1.0 461,1.0 
192,1.0 201,1.0 389,1.0 394,1.0 418,1.0 
105,1.0 201,1.0 320,1.0 393,1.0 399,2.0 465,1.0 467,1.0 
113,1.0 201,1.0 389,1.0 394,1.0 466,1.0 
105,1.0 113,1.0 320,1.0 389,1.0 393,1.0 394,1.0 399,1.0 464,1.0 467,1.0 
105,1.0 320,1.0 393,1.0 399,1.0 464,1.0 
