0,6.0 1,9.0 2,4.0 5,1.0 6,1.0 11,42.0 12,19.0 13,15.0 18,19.0 20,1.0 25,4.0 27,2.0 29,11.0 30,5.0 33,31.0 34,8.0 41,47.0 42,69.0 47,6.0 65,82.0 66,6.0 76,15.0 77,7.0 84,2.0 85,60.0 87,2.0 88,1.0 89,4.0 93,4.0 100,6.0 102,4.0 103,2.0 104,2.0 114,1.0 115,6.0 118,7.0 149,1.0 150,1.0 152,1.0 185,3.0 186,1.0 187,2.0 188,2.0 189,2.0 208,4.0 209,2.0 213,1.0 218,1.0 228,1.0 
0,1.0 1,1.0 2,14.0 3,2.0 4,2.0 11,6.0 12,3.0 13,2.0 14,2.0 19,3.0 22,1.0 25,4.0 29,19.0 33,4.0 34,4.0 35,4.0 36,4.0 42,18.0 47,1.0 65,27.0 76,4.0 79,2.0 80,2.0 81,2.0 85,31.0 90,2.0 91,2.0 105,2.0 106,2.0 145,1.0 211,2.0 212,2.0 267,1.0 268,1.0 
1,14.0 3,2.0 4,2.0 13,2.0 14,2.0 22,1.0 25,2.0 29,2.0 80,2.0 81,2.0 90,2.0 91,2.0 105,2.0 106,2.0 145,1.0 211,2.0 212,2.0 267,1.0 268,1.0 
3,24.0 4,36.0 5,6.0 6,6.0 7,6.0 8,6.0 9,12.0 10,12.0 11,12.0 12,6.0 13,6.0 35,18.0 37,3.0 39,9.0 41,6.0 42,6.0 57,9.0 58,6.0 69,9.0 70,18.0 71,9.0 76,3.0 78,6.0 110,18.0 111,18.0 112,3.0 113,3.0 114,3.0 
3,36.0 4,12.0 5,6.0 6,6.0 7,12.0 8,6.0 9,12.0 10,12.0 11,6.0 12,6.0 57,6.0 67,12.0 68,6.0 69,6.0 70,6.0 71,6.0 74,6.0 75,6.0 108,6.0 109,6.0 233,30.0 234,6.0 
3,6.0 4,6.0 6,7.0 7,6.0 8,6.0 12,8.0 13,2.0 26,2.0 42,2.0 65,4.0 66,4.0 84,2.0 85,3.0 149,1.0 152,1.0 219,1.0 220,1.0 
3,6.0 4,6.0 5,7.0 7,6.0 8,6.0 149,1.0 152,1.0 219,1.0 220,1.0 
0,3.0 3,12.0 4,12.0 8,6.0 9,6.0 10,6.0 18,3.0 19,3.0 29,3.0 34,3.0 47,3.0 57,3.0 63,3.0 67,6.0 68,3.0 69,3.0 70,3.0 71,3.0 75,6.0 76,3.0 97,3.0 108,3.0 109,3.0 
3,12.0 4,12.0 7,6.0 9,6.0 10,6.0 
3,6.0 4,6.0 10,6.0 11,6.0 12,6.0 
3,6.0 4,6.0 9,6.0 11,6.0 12,6.0 
0,36.0 1,8.0 5,3.0 11,4.0 12,52.0 13,6.0 14,6.0 17,2.0 18,20.0 19,45.0 20,3.0 21,2.0 22,4.0 23,2.0 25,13.0 29,36.0 30,3.0 31,2.0 33,18.0 41,24.0 42,60.0 43,3.0 47,18.0 50,1.0 52,3.0 63,2.0 64,15.0 65,58.0 76,6.0 77,2.0 79,2.0 80,18.0 81,3.0 82,3.0 84,2.0 85,29.0 88,1.0 89,2.0 93,2.0 97,2.0 107,4.0 113,3.0 114,12.0 118,3.0 125,2.0 132,1.0 133,1.0 149,2.0 150,1.0 154,1.0 184,1.0 185,1.0 186,1.0 195,2.0 208,2.0 209,2.0 213,1.0 215,1.0 216,1.0 217,1.0 218,1.0 229,2.0 
0,22.0 1,3.0 5,11.0 11,61.0 12,9.0 13,8.0 14,6.0 18,3.0 19,35.0 20,4.0 21,4.0 23,2.0 24,2.0 25,15.0 26,4.0 27,4.0 28,4.0 29,49.0 33,11.0 42,6.0 47,21.0 65,11.0 66,4.0 80,12.0 84,2.0 85,12.0 115,12.0 118,6.0 132,1.0 133,1.0 150,1.0 154,1.0 185,1.0 186,1.0 213,1.0 215,1.0 254,2.0 
0,28.0 3,10.0 4,4.0 5,2.0 11,4.0 12,2.0 13,1.0 14,22.0 15,2.0 16,2.0 18,4.0 19,5.0 25,2.0 33,7.0 35,9.0 36,6.0 37,9.0 38,6.0 39,3.0 41,11.0 42,12.0 47,11.0 64,5.0 65,6.0 70,3.0 71,3.0 76,2.0 77,3.0 84,2.0 85,17.0 89,14.0 91,2.0 93,1.0 101,2.0 102,8.0 103,2.0 104,2.0 107,1.0 110,3.0 111,3.0 112,3.0 125,2.0 276,1.0 277,1.0 
0,2.0 3,4.0 4,4.0 11,4.0 13,22.0 14,1.0 15,2.0 16,2.0 18,4.0 19,4.0 25,1.0 33,4.0 35,6.0 36,6.0 37,6.0 38,6.0 41,1.0 89,1.0 93,1.0 107,1.0 276,1.0 277,1.0 
11,2.0 16,2.0 17,2.0 18,2.0 19,2.0 
11,2.0 15,2.0 17,2.0 18,2.0 19,2.0 
11,2.0 18,2.0 19,2.0 20,2.0 21,2.0 22,2.0 23,2.0 
0,19.0 1,3.0 11,15.0 12,3.0 13,7.0 17,2.0 19,72.0 20,2.0 21,2.0 22,2.0 23,2.0 25,5.0 29,37.0 33,36.0 34,9.0 41,1.0 42,7.0 47,8.0 49,2.0 50,2.0 53,2.0 56,2.0 57,6.0 58,6.0 63,5.0 64,4.0 65,35.0 66,9.0 76,8.0 77,7.0 85,45.0 89,8.0 93,4.0 95,6.0 96,3.0 97,14.0 98,4.0 99,4.0 104,2.0 107,5.0 114,10.0 115,1.0 117,3.0 118,1.0 142,2.0 146,2.0 149,2.0 230,3.0 232,6.0 
0,3.0 4,12.0 5,3.0 11,49.0 12,35.0 13,7.0 17,2.0 18,73.0 19,7.0 20,6.0 21,7.0 22,6.0 23,2.0 25,14.0 27,4.0 28,5.0 29,80.0 30,4.0 31,2.0 33,46.0 34,8.0 41,16.0 42,47.0 47,35.0 49,2.0 50,6.0 53,3.0 56,2.0 57,6.0 58,6.0 63,3.0 64,8.0 65,62.0 66,12.0 72,3.0 77,3.0 80,6.0 83,1.0 85,69.0 87,1.0 88,2.0 89,9.0 93,10.0 95,2.0 97,6.0 101,8.0 107,4.0 115,11.0 117,2.0 119,2.0 128,1.0 129,1.0 132,1.0 133,1.0 149,1.0 154,2.0 158,2.0 184,3.0 185,1.0 186,1.0 192,1.0 193,1.0 215,1.0 216,4.0 217,2.0 230,3.0 232,12.0 254,2.0 255,2.0 256,2.0 257,2.0 272,1.0 
12,2.0 18,1.0 21,20.0 22,6.0 23,10.0 24,2.0 25,2.0 26,4.0 27,10.0 28,6.0 29,1.0 30,6.0 31,6.0 49,6.0 50,6.0 53,6.0 54,6.0 55,6.0 76,1.0 80,2.0 81,2.0 83,2.0 84,2.0 96,1.0 117,1.0 121,2.0 130,4.0 134,2.0 146,2.0 203,2.0 208,1.0 209,1.0 218,1.0 244,2.0 
12,2.0 19,1.0 20,18.0 21,8.0 22,7.0 23,12.0 24,2.0 25,2.0 26,10.0 27,22.0 28,11.0 29,2.0 30,6.0 31,8.0 50,1.0 53,3.0 55,8.0 65,1.0 80,2.0 81,2.0 83,15.0 84,8.0 87,1.0 121,6.0 127,5.0 130,8.0 134,6.0 142,7.0 146,6.0 148,6.0 188,1.0 203,2.0 204,2.0 205,2.0 206,11.0 207,7.0 208,4.0 209,4.0 229,1.0 273,1.0 
12,2.0 20,8.0 21,9.0 23,10.0 24,2.0 25,2.0 26,8.0 30,4.0 31,8.0 41,1.0 49,2.0 50,3.0 53,1.0 63,1.0 83,1.0 85,1.0 87,1.0 128,1.0 129,1.0 145,1.0 154,1.0 188,1.0 216,1.0 217,1.0 229,1.0 273,1.0 
12,6.0 19,4.0 20,8.0 21,10.0 22,6.0 23,6.0 24,2.0 25,6.0 26,22.0 27,6.0 28,2.0 30,1.0 31,5.0 33,4.0 34,1.0 41,1.0 43,2.0 44,2.0 53,2.0 54,1.0 55,3.0 64,2.0 83,2.0 84,4.0 86,2.0 88,1.0 114,2.0 117,1.0 143,4.0 146,1.0 147,4.0 148,3.0 150,2.0 151,2.0 152,2.0 204,2.0 205,2.0 206,2.0 207,2.0 
12,2.0 23,2.0 25,2.0 26,2.0 47,1.0 85,1.0 89,1.0 230,1.0 274,1.0 
0,2.0 12,9.0 13,6.0 14,2.0 19,16.0 20,8.0 21,8.0 22,4.0 23,6.0 24,2.0 26,2.0 27,4.0 28,4.0 29,4.0 33,9.0 41,2.0 42,3.0 47,6.0 65,4.0 76,1.0 77,2.0 85,5.0 93,1.0 107,8.0 149,1.0 
12,4.0 19,4.0 20,2.0 21,8.0 23,16.0 25,4.0 26,2.0 27,6.0 28,2.0 30,2.0 31,6.0 33,4.0 42,2.0 43,2.0 44,2.0 49,4.0 53,2.0 55,8.0 83,6.0 84,16.0 86,2.0 114,2.0 132,4.0 137,4.0 141,2.0 142,2.0 143,12.0 146,10.0 147,6.0 148,8.0 150,2.0 151,2.0 152,2.0 167,2.0 171,2.0 173,2.0 174,2.0 175,2.0 176,2.0 177,2.0 178,2.0 200,2.0 201,2.0 202,2.0 204,4.0 205,2.0 206,6.0 207,4.0 208,2.0 209,2.0 238,4.0 
18,2.0 19,2.0 20,8.0 21,22.0 23,4.0 26,2.0 27,4.0 28,6.0 29,1.0 30,8.0 31,8.0 42,2.0 53,2.0 83,6.0 84,8.0 85,4.0 86,2.0 121,6.0 127,4.0 130,8.0 142,4.0 147,2.0 148,2.0 203,2.0 204,2.0 205,2.0 206,4.0 207,2.0 208,4.0 209,4.0 
19,1.0 20,6.0 21,7.0 27,6.0 29,2.0 30,16.0 31,14.0 34,1.0 41,1.0 42,2.0 47,1.0 49,6.0 50,6.0 51,2.0 52,2.0 55,4.0 65,1.0 97,1.0 127,4.0 128,3.0 129,3.0 216,1.0 217,1.0 272,1.0 
0,9.0 1,4.0 5,4.0 6,1.0 11,48.0 12,49.0 13,5.0 18,29.0 19,72.0 20,4.0 21,1.0 22,2.0 25,10.0 29,7.0 30,1.0 31,1.0 32,2.0 33,19.0 34,24.0 35,5.0 36,5.0 41,4.0 42,8.0 47,35.0 49,5.0 50,7.0 52,4.0 53,5.0 56,2.0 57,6.0 58,6.0 65,49.0 72,1.0 76,3.0 77,5.0 80,35.0 81,6.0 83,1.0 84,4.0 85,51.0 87,1.0 97,1.0 107,1.0 114,3.0 115,9.0 117,2.0 121,1.0 128,1.0 129,1.0 130,5.0 132,1.0 133,1.0 149,1.0 152,1.0 154,2.0 158,2.0 184,1.0 194,2.0 195,2.0 196,2.0 215,1.0 216,1.0 217,1.0 254,2.0 255,2.0 256,2.0 257,2.0 
1,4.0 18,1.0 20,6.0 21,4.0 22,4.0 23,1.0 27,6.0 28,6.0 29,10.0 30,8.0 31,29.0 32,2.0 33,6.0 34,12.0 41,2.0 42,6.0 49,10.0 50,10.0 51,2.0 52,6.0 53,2.0 54,1.0 55,7.0 63,2.0 64,2.0 76,3.0 83,4.0 84,4.0 85,6.0 87,4.0 88,5.0 96,1.0 97,1.0 115,1.0 116,1.0 117,2.0 119,2.0 130,2.0 135,1.0 136,1.0 146,1.0 148,1.0 149,1.0 150,4.0 159,1.0 192,1.0 193,1.0 201,2.0 202,2.0 203,2.0 208,1.0 209,1.0 271,1.0 
0,2.0 1,4.0 20,6.0 21,6.0 22,8.0 23,9.0 26,8.0 27,6.0 29,10.0 30,27.0 31,6.0 32,2.0 33,6.0 34,11.0 41,1.0 42,4.0 49,4.0 50,4.0 52,4.0 53,8.0 54,1.0 55,7.0 63,2.0 64,4.0 65,4.0 83,10.0 84,8.0 85,2.0 88,1.0 117,3.0 119,2.0 130,2.0 141,1.0 146,3.0 148,3.0 185,1.0 186,1.0 200,2.0 201,4.0 202,4.0 203,2.0 204,2.0 205,2.0 206,2.0 207,2.0 
29,1.0 33,2.0 34,2.0 35,2.0 36,2.0 
0,28.0 1,7.0 3,6.0 5,1.0 6,1.0 11,18.0 12,7.0 13,2.0 18,41.0 19,44.0 20,5.0 21,4.0 25,8.0 27,4.0 28,4.0 29,7.0 32,2.0 33,11.0 34,13.0 35,9.0 36,6.0 41,14.0 47,9.0 50,1.0 57,3.0 63,2.0 64,6.0 65,23.0 66,6.0 69,3.0 70,3.0 76,11.0 77,18.0 85,30.0 89,7.0 90,2.0 91,2.0 93,8.0 101,8.0 107,4.0 110,3.0 111,3.0 114,13.0 115,2.0 118,2.0 149,1.0 152,1.0 184,1.0 195,2.0 208,1.0 209,1.0 211,2.0 212,2.0 216,1.0 217,1.0 218,1.0 228,1.0 229,2.0 
0,11.0 1,4.0 5,1.0 6,1.0 18,9.0 19,10.0 20,4.0 28,2.0 29,24.0 30,4.0 32,2.0 33,17.0 34,2.0 35,6.0 36,6.0 41,9.0 42,6.0 47,10.0 48,2.0 49,6.0 50,6.0 52,4.0 53,4.0 64,2.0 65,4.0 72,4.0 73,5.0 76,3.0 77,5.0 80,8.0 81,5.0 88,2.0 97,1.0 117,9.0 118,2.0 119,2.0 120,4.0 149,1.0 152,1.0 158,4.0 192,1.0 193,1.0 194,2.0 195,2.0 196,2.0 
3,18.0 11,3.0 13,9.0 14,6.0 35,18.0 36,36.0 37,6.0 38,6.0 39,15.0 40,12.0 41,9.0 42,9.0 58,6.0 69,9.0 70,18.0 71,3.0 76,3.0 78,6.0 
13,6.0 14,6.0 35,36.0 36,12.0 37,6.0 38,6.0 39,12.0 40,12.0 41,6.0 42,6.0 
3,6.0 35,12.0 36,12.0 38,6.0 39,9.0 40,6.0 71,3.0 110,6.0 111,6.0 112,3.0 
35,12.0 36,12.0 37,6.0 39,6.0 40,6.0 
3,9.0 11,3.0 35,12.0 36,6.0 40,6.0 41,9.0 42,6.0 58,3.0 70,6.0 71,6.0 78,3.0 110,3.0 111,3.0 113,3.0 114,3.0 
35,6.0 36,6.0 39,6.0 41,6.0 42,6.0 
0,59.0 1,3.0 11,24.0 12,1.0 13,16.0 14,1.0 18,3.0 19,10.0 28,2.0 29,6.0 30,6.0 33,8.0 34,11.0 42,69.0 43,10.0 44,6.0 47,8.0 48,2.0 49,2.0 50,2.0 52,5.0 63,5.0 64,16.0 65,53.0 66,6.0 72,1.0 76,10.0 79,2.0 80,6.0 81,5.0 82,3.0 85,36.0 87,4.0 89,9.0 90,2.0 91,2.0 92,4.0 93,21.0 97,3.0 100,6.0 101,8.0 102,8.0 113,3.0 114,7.0 115,4.0 116,2.0 117,2.0 123,2.0 124,2.0 141,2.0 149,5.0 158,2.0 220,2.0 
0,60.0 1,28.0 3,6.0 4,12.0 5,2.0 11,35.0 12,6.0 13,24.0 14,1.0 18,15.0 19,48.0 20,4.0 22,1.0 23,2.0 25,6.0 28,1.0 29,13.0 30,4.0 31,4.0 33,2.0 34,6.0 35,3.0 37,3.0 39,3.0 41,59.0 42,26.0 43,7.0 44,6.0 47,4.0 49,6.0 50,7.0 51,2.0 52,10.0 53,9.0 54,3.0 55,1.0 63,3.0 64,6.0 65,144.0 66,5.0 70,3.0 71,3.0 72,1.0 76,4.0 77,2.0 80,1.0 82,2.0 85,116.0 86,2.0 88,2.0 89,4.0 91,2.0 93,6.0 100,11.0 102,2.0 107,1.0 110,3.0 111,3.0 112,3.0 114,4.0 115,4.0 117,2.0 118,2.0 121,3.0 128,1.0 129,1.0 130,2.0 135,1.0 136,1.0 142,1.0 145,1.0 150,1.0 154,1.0 184,2.0 185,2.0 186,2.0 187,2.0 188,2.0 189,2.0 208,1.0 209,1.0 213,1.0 216,1.0 217,1.0 227,3.0 232,6.0 272,1.0 275,2.0 
11,1.0 29,4.0 30,1.0 34,4.0 41,7.0 42,1.0 44,14.0 45,2.0 46,2.0 47,4.0 55,2.0 57,6.0 58,6.0 59,6.0 60,6.0 63,3.0 64,4.0 65,1.0 88,1.0 115,2.0 116,2.0 135,1.0 136,1.0 144,2.0 149,1.0 153,2.0 
29,4.0 34,4.0 41,4.0 43,14.0 45,2.0 46,2.0 47,4.0 55,2.0 57,6.0 58,6.0 59,6.0 60,6.0 144,2.0 153,2.0 
34,2.0 41,2.0 46,2.0 47,2.0 48,2.0 
34,2.0 41,2.0 45,2.0 47,2.0 48,2.0 
0,3.0 5,3.0 11,19.0 12,24.0 13,1.0 18,6.0 19,53.0 25,1.0 28,2.0 29,42.0 30,2.0 33,27.0 34,10.0 41,9.0 42,4.0 48,2.0 49,4.0 50,2.0 65,17.0 72,1.0 76,3.0 77,3.0 80,8.0 81,7.0 85,32.0 89,18.0 93,1.0 95,3.0 97,3.0 107,1.0 115,8.0 131,2.0 142,2.0 144,2.0 145,2.0 149,2.0 153,2.0 154,2.0 155,2.0 254,2.0 
28,2.0 30,2.0 34,2.0 41,2.0 47,2.0 49,2.0 50,2.0 
11,2.0 18,1.0 19,2.0 20,6.0 21,4.0 24,1.0 26,8.0 27,2.0 28,6.0 30,10.0 31,4.0 42,2.0 47,1.0 50,23.0 51,2.0 52,2.0 53,15.0 54,6.0 55,6.0 64,2.0 85,1.0 86,2.0 121,2.0 130,1.0 131,5.0 132,3.0 133,3.0 142,1.0 144,2.0 145,3.0 146,8.0 147,2.0 153,2.0 154,2.0 155,2.0 156,2.0 157,2.0 164,2.0 230,1.0 274,1.0 
11,2.0 13,1.0 14,1.0 18,1.0 19,2.0 20,6.0 21,1.0 22,1.0 26,4.0 27,2.0 28,6.0 30,10.0 31,4.0 41,2.0 42,2.0 47,1.0 49,23.0 51,2.0 52,2.0 53,11.0 54,6.0 55,6.0 64,2.0 76,1.0 83,1.0 85,1.0 86,2.0 87,1.0 89,1.0 93,2.0 121,1.0 130,1.0 146,4.0 147,2.0 149,1.0 164,2.0 184,3.0 185,1.0 186,1.0 188,1.0 216,1.0 217,1.0 229,1.0 273,1.0 
30,2.0 31,2.0 42,2.0 52,2.0 
20,4.0 21,2.0 23,1.0 29,4.0 30,3.0 31,3.0 34,6.0 42,8.0 49,4.0 50,4.0 51,2.0 53,4.0 54,1.0 55,1.0 82,4.0 83,2.0 84,2.0 88,1.0 114,2.0 117,2.0 118,2.0 146,1.0 148,1.0 258,1.0 264,1.0 
0,2.0 20,6.0 21,9.0 22,1.0 24,1.0 27,4.0 31,8.0 41,4.0 49,15.0 50,11.0 53,4.0 54,8.0 55,6.0 64,2.0 83,7.0 86,4.0 87,1.0 121,3.0 130,2.0 142,3.0 145,1.0 147,2.0 164,2.0 188,1.0 206,4.0 207,2.0 229,1.0 230,1.0 273,1.0 274,1.0 
18,6.0 19,6.0 23,1.0 29,6.0 30,1.0 31,1.0 34,1.0 41,4.0 47,1.0 53,4.0 54,2.0 55,10.0 56,2.0 65,4.0 83,2.0 85,1.0 88,3.0 89,2.0 117,1.0 121,1.0 130,1.0 144,2.0 146,1.0 148,1.0 
18,6.0 19,6.0 20,2.0 21,6.0 23,5.0 26,10.0 27,4.0 28,4.0 29,6.0 30,9.0 31,13.0 34,1.0 41,2.0 42,2.0 47,1.0 54,10.0 55,4.0 56,2.0 65,4.0 83,8.0 85,3.0 88,1.0 117,1.0 121,1.0 130,3.0 134,2.0 135,2.0 136,2.0 144,10.0 146,3.0 148,3.0 153,4.0 200,2.0 201,4.0 202,4.0 203,2.0 206,2.0 207,2.0 208,2.0 209,2.0 
18,2.0 19,2.0 29,2.0 57,2.0 58,2.0 
3,9.0 4,3.0 7,6.0 13,3.0 18,3.0 19,3.0 42,3.0 43,6.0 44,6.0 57,21.0 58,36.0 59,6.0 60,6.0 61,12.0 62,12.0 63,9.0 64,6.0 67,18.0 72,3.0 73,3.0 74,3.0 75,6.0 97,3.0 108,18.0 109,18.0 110,9.0 111,9.0 
3,3.0 11,3.0 35,3.0 41,3.0 43,6.0 44,6.0 57,36.0 58,12.0 59,6.0 60,6.0 61,12.0 62,12.0 63,6.0 64,6.0 70,3.0 76,3.0 78,3.0 
57,12.0 58,12.0 60,6.0 61,6.0 62,6.0 
57,12.0 58,12.0 59,6.0 61,6.0 62,6.0 
57,6.0 58,6.0 62,6.0 63,6.0 64,6.0 
57,6.0 58,6.0 61,6.0 63,6.0 64,6.0 
1,1.0 11,3.0 13,2.0 18,5.0 19,3.0 33,5.0 41,6.0 42,6.0 47,2.0 49,1.0 52,3.0 53,1.0 54,2.0 64,7.0 65,7.0 66,6.0 77,3.0 82,1.0 85,3.0 88,2.0 89,2.0 92,2.0 93,2.0 94,2.0 95,2.0 97,3.0 98,2.0 100,3.0 113,2.0 114,4.0 115,2.0 116,2.0 117,2.0 121,3.0 142,1.0 145,1.0 146,2.0 149,1.0 151,2.0 220,2.0 241,2.0 
1,1.0 11,13.0 13,5.0 18,4.0 19,6.0 22,2.0 23,2.0 26,2.0 30,11.0 31,2.0 33,6.0 34,2.0 41,11.0 42,6.0 43,4.0 47,3.0 52,2.0 54,1.0 55,7.0 63,9.0 64,2.0 65,13.0 66,6.0 77,1.0 82,2.0 85,7.0 87,2.0 88,3.0 89,3.0 93,4.0 97,2.0 101,2.0 102,4.0 114,6.0 115,2.0 116,2.0 119,4.0 121,1.0 125,2.0 130,1.0 135,1.0 136,1.0 144,2.0 149,1.0 150,2.0 153,2.0 158,2.0 192,1.0 193,1.0 
0,69.0 1,35.0 2,4.0 5,4.0 11,36.0 12,10.0 13,22.0 18,36.0 19,59.0 21,1.0 22,1.0 25,5.0 27,2.0 29,53.0 30,5.0 31,2.0 33,20.0 34,4.0 41,50.0 42,148.0 43,1.0 47,10.0 49,3.0 50,4.0 53,5.0 54,1.0 55,3.0 57,7.0 58,4.0 64,7.0 65,33.0 66,23.0 67,6.0 68,3.0 69,3.0 70,3.0 71,3.0 77,1.0 80,16.0 83,1.0 84,2.0 85,152.0 87,1.0 88,1.0 89,8.0 93,6.0 100,6.0 105,2.0 106,2.0 108,3.0 109,3.0 114,5.0 117,2.0 121,2.0 130,2.0 135,1.0 136,1.0 227,3.0 255,2.0 256,2.0 257,2.0 
1,4.0 2,4.0 5,4.0 12,4.0 18,7.0 19,11.0 31,4.0 49,2.0 50,2.0 53,6.0 57,3.0 65,18.0 67,6.0 68,3.0 69,3.0 70,3.0 71,3.0 97,1.0 105,2.0 106,2.0 108,3.0 109,3.0 122,2.0 230,6.0 
0,3.0 4,6.0 7,12.0 18,3.0 19,3.0 29,3.0 34,3.0 47,3.0 57,18.0 63,3.0 67,12.0 68,18.0 69,18.0 70,18.0 71,18.0 72,6.0 73,6.0 74,6.0 75,12.0 76,3.0 97,3.0 108,18.0 109,18.0 
0,3.0 4,3.0 7,6.0 29,3.0 34,3.0 47,3.0 67,18.0 68,6.0 69,18.0 70,18.0 71,18.0 72,3.0 73,3.0 74,3.0 75,6.0 76,3.0 
0,3.0 3,9.0 4,3.0 7,6.0 13,3.0 29,3.0 34,3.0 35,9.0 42,3.0 47,3.0 67,18.0 68,18.0 69,9.0 70,27.0 71,18.0 72,3.0 73,3.0 74,3.0 75,6.0 76,3.0 
0,3.0 3,18.0 4,3.0 7,6.0 11,3.0 13,3.0 29,3.0 34,3.0 35,18.0 39,3.0 41,3.0 42,3.0 47,3.0 58,6.0 67,18.0 68,18.0 69,27.0 70,12.0 71,21.0 72,3.0 73,3.0 74,3.0 75,6.0 76,6.0 78,6.0 
0,3.0 3,9.0 4,3.0 7,6.0 11,3.0 29,3.0 34,3.0 35,6.0 39,6.0 41,3.0 47,3.0 58,3.0 67,18.0 68,18.0 69,18.0 70,24.0 71,6.0 72,3.0 73,3.0 74,3.0 75,6.0 76,3.0 78,3.0 110,3.0 111,3.0 113,3.0 114,3.0 
4,6.0 19,1.0 22,1.0 29,1.0 34,2.0 42,1.0 57,3.0 67,6.0 68,3.0 69,3.0 70,3.0 71,3.0 73,9.0 74,6.0 108,3.0 109,3.0 120,2.0 128,1.0 129,1.0 154,1.0 261,1.0 262,1.0 
4,6.0 57,3.0 67,6.0 68,3.0 69,3.0 70,3.0 71,3.0 72,7.0 74,6.0 83,2.0 108,3.0 109,3.0 120,4.0 127,2.0 134,2.0 261,1.0 262,1.0 
4,6.0 7,6.0 57,6.0 67,12.0 68,6.0 69,6.0 70,6.0 71,6.0 75,6.0 108,6.0 109,6.0 
0,3.0 7,6.0 18,3.0 19,3.0 29,3.0 34,3.0 47,3.0 57,3.0 63,3.0 67,6.0 68,3.0 69,3.0 70,3.0 71,3.0 76,3.0 97,3.0 108,3.0 109,3.0 
0,19.0 1,7.0 2,4.0 11,9.0 12,1.0 18,6.0 19,2.0 29,4.0 33,17.0 34,4.0 41,8.0 42,4.0 47,5.0 66,1.0 77,7.0 79,2.0 80,2.0 85,11.0 86,2.0 88,2.0 89,2.0 91,4.0 92,2.0 93,4.0 94,2.0 95,2.0 96,2.0 100,2.0 115,1.0 117,1.0 118,5.0 149,7.0 228,1.0 
0,2.0 3,6.0 11,1.0 18,5.0 19,2.0 33,12.0 34,1.0 35,3.0 57,3.0 63,1.0 65,2.0 66,2.0 69,3.0 70,3.0 90,2.0 91,2.0 110,3.0 111,3.0 211,2.0 212,2.0 
3,3.0 11,3.0 35,3.0 41,3.0 58,3.0 70,3.0 76,3.0 
1,2.0 11,2.0 76,2.0 
0,6.0 1,5.0 2,2.0 11,17.0 12,12.0 18,1.0 19,6.0 22,2.0 28,5.0 29,8.0 30,6.0 31,2.0 34,2.0 41,3.0 42,19.0 47,3.0 49,4.0 50,4.0 64,2.0 65,19.0 72,2.0 76,2.0 81,14.0 85,17.0 89,1.0 91,2.0 96,1.0 97,1.0 119,2.0 149,2.0 216,1.0 217,1.0 272,1.0 
1,2.0 2,2.0 11,2.0 18,1.0 22,2.0 28,4.0 30,6.0 31,2.0 41,3.0 42,2.0 49,4.0 50,4.0 64,2.0 76,2.0 80,14.0 85,1.0 89,1.0 91,2.0 96,1.0 97,1.0 149,1.0 
21,2.0 23,1.0 30,1.0 31,1.0 52,4.0 54,1.0 55,1.0 83,2.0 84,2.0 88,1.0 146,1.0 148,1.0 258,1.0 264,1.0 
21,17.0 22,1.0 26,2.0 27,8.0 31,4.0 49,2.0 50,3.0 53,5.0 55,2.0 63,2.0 65,2.0 66,4.0 83,8.0 84,14.0 87,1.0 121,8.0 122,2.0 130,4.0 131,2.0 142,12.0 144,2.0 146,4.0 148,2.0 160,2.0 161,2.0 162,2.0 163,2.0 165,2.0 166,2.0 167,2.0 168,2.0 188,1.0 206,10.0 207,4.0 208,6.0 209,2.0 220,2.0 229,1.0 273,1.0 
21,4.0 23,4.0 26,16.0 27,4.0 29,4.0 31,2.0 83,12.0 84,4.0 86,2.0 115,2.0 121,6.0 125,2.0 127,4.0 128,2.0 130,4.0 131,4.0 141,4.0 142,8.0 143,12.0 144,2.0 145,2.0 147,6.0 148,2.0 150,2.0 151,2.0 152,2.0 153,2.0 160,2.0 161,2.0 162,2.0 163,2.0 165,2.0 166,2.0 167,2.0 168,2.0 204,6.0 205,2.0 206,4.0 208,2.0 209,2.0 238,2.0 242,2.0 243,2.0 250,2.0 251,2.0 
0,62.0 1,29.0 11,9.0 12,9.0 13,19.0 18,46.0 19,68.0 23,2.0 25,9.0 26,2.0 29,52.0 33,40.0 41,34.0 42,96.0 43,1.0 47,32.0 49,2.0 50,4.0 53,6.0 54,4.0 55,4.0 63,3.0 64,8.0 65,127.0 66,9.0 76,10.0 77,3.0 80,16.0 84,2.0 85,5.0 86,4.0 88,4.0 89,27.0 93,1.0 95,6.0 97,5.0 102,4.0 103,2.0 104,2.0 107,1.0 114,4.0 115,8.0 118,4.0 119,4.0 142,2.0 144,2.0 153,2.0 184,2.0 185,1.0 186,1.0 187,2.0 188,2.0 189,2.0 227,3.0 228,1.0 275,2.0 
18,2.0 19,2.0 23,2.0 26,2.0 27,2.0 41,2.0 53,4.0 84,2.0 85,2.0 86,2.0 88,2.0 89,2.0 143,2.0 147,2.0 150,2.0 151,2.0 152,2.0 
21,1.0 22,1.0 30,8.0 50,1.0 53,1.0 83,1.0 188,1.0 229,1.0 273,1.0 
18,1.0 23,1.0 30,5.0 31,1.0 34,2.0 41,2.0 54,5.0 55,1.0 76,1.0 86,4.0 96,1.0 97,1.0 115,1.0 116,1.0 117,2.0 135,1.0 136,1.0 146,1.0 148,1.0 149,1.0 159,1.0 192,1.0 193,1.0 208,1.0 209,1.0 271,1.0 
0,8.0 11,2.0 13,3.0 18,10.0 19,17.0 33,15.0 41,8.0 42,11.0 43,1.0 47,18.0 64,3.0 65,22.0 84,2.0 85,29.0 90,2.0 91,2.0 92,9.0 93,4.0 95,11.0 97,8.0 98,1.0 102,2.0 103,2.0 104,4.0 115,4.0 123,2.0 124,2.0 125,2.0 146,2.0 
13,2.0 14,2.0 65,2.0 66,2.0 76,2.0 91,6.0 92,2.0 93,2.0 
1,2.0 2,2.0 13,2.0 14,2.0 33,2.0 65,2.0 66,2.0 76,6.0 77,2.0 90,6.0 92,2.0 93,2.0 
18,4.0 63,2.0 76,2.0 85,4.0 89,5.0 90,2.0 91,2.0 93,5.0 94,4.0 95,9.0 96,4.0 97,8.0 98,1.0 123,2.0 124,2.0 
0,8.0 11,2.0 12,1.0 13,15.0 19,2.0 34,2.0 41,21.0 42,9.0 63,5.0 64,7.0 65,1.0 76,6.0 85,4.0 89,4.0 92,4.0 94,4.0 95,4.0 97,2.0 98,5.0 99,4.0 100,5.0 101,8.0 102,8.0 115,2.0 149,2.0 158,2.0 
92,4.0 95,4.0 96,4.0 97,4.0 
11,1.0 18,8.0 19,3.0 29,1.0 33,1.0 42,2.0 47,3.0 85,6.0 89,11.0 92,9.0 93,1.0 94,4.0 96,4.0 97,13.0 98,1.0 115,2.0 149,1.0 
0,2.0 11,1.0 18,3.0 25,1.0 29,1.0 33,2.0 34,1.0 76,2.0 89,4.0 92,4.0 95,4.0 97,5.0 107,1.0 117,1.0 149,2.0 
11,2.0 12,1.0 18,14.0 19,10.0 25,1.0 29,7.0 33,4.0 34,5.0 41,3.0 42,1.0 47,6.0 63,3.0 64,2.0 72,1.0 77,3.0 85,6.0 89,8.0 92,4.0 93,6.0 95,9.0 96,5.0 98,4.0 99,4.0 107,1.0 115,2.0 116,4.0 149,3.0 158,4.0 214,1.0 
42,5.0 63,3.0 76,2.0 93,5.0 99,4.0 100,5.0 124,2.0 151,2.0 199,2.0 
42,4.0 63,2.0 76,2.0 93,4.0 98,4.0 100,4.0 
41,6.0 42,11.0 47,4.0 49,1.0 53,1.0 63,3.0 65,6.0 76,2.0 89,4.0 121,1.0 142,1.0 145,1.0 
0,4.0 13,8.0 41,8.0 64,4.0 85,2.0 89,2.0 93,8.0 102,10.0 125,2.0 126,2.0 
0,4.0 13,8.0 25,1.0 28,2.0 42,1.0 47,4.0 64,4.0 85,7.0 89,6.0 101,2.0 103,2.0 104,2.0 107,1.0 125,2.0 126,2.0 127,2.0 275,1.0 
25,2.0 29,2.0 104,4.0 131,2.0 241,2.0 
18,2.0 25,2.0 29,2.0 84,2.0 89,2.0 103,4.0 131,2.0 142,2.0 146,2.0 220,2.0 238,2.0 241,4.0 249,2.0 
1,2.0 2,2.0 80,2.0 81,2.0 106,2.0 278,1.0 279,1.0 280,1.0 281,1.0 282,1.0 
1,2.0 2,2.0 80,2.0 81,2.0 105,2.0 
13,2.0 14,2.0 20,4.0 21,4.0 22,4.0 23,4.0 25,8.0 41,2.0 42,1.0 76,1.0 93,1.0 149,1.0 
4,3.0 7,6.0 18,3.0 19,3.0 57,18.0 63,3.0 67,18.0 72,3.0 73,3.0 74,3.0 75,6.0 97,3.0 108,6.0 109,18.0 
4,3.0 7,6.0 18,3.0 19,3.0 57,18.0 63,3.0 67,18.0 72,3.0 73,3.0 74,3.0 75,6.0 97,3.0 108,18.0 109,6.0 
3,18.0 11,3.0 13,3.0 37,3.0 39,6.0 41,3.0 42,3.0 57,9.0 71,6.0 110,6.0 111,18.0 112,3.0 113,3.0 114,3.0 
3,18.0 11,3.0 13,3.0 37,3.0 39,6.0 41,3.0 42,3.0 57,9.0 71,6.0 110,18.0 111,6.0 112,3.0 113,3.0 114,3.0 
3,6.0 37,3.0 39,3.0 71,3.0 110,6.0 111,6.0 
11,3.0 41,3.0 43,3.0 52,1.0 63,2.0 64,3.0 82,1.0 98,2.0 114,4.0 151,2.0 
1,2.0 11,10.0 12,3.0 18,10.0 19,3.0 23,2.0 29,3.0 30,2.0 31,2.0 33,11.0 34,2.0 41,4.0 42,4.0 43,3.0 52,3.0 63,2.0 64,7.0 65,3.0 77,2.0 82,1.0 113,4.0 114,2.0 117,2.0 118,2.0 150,2.0 195,2.0 210,2.0 229,2.0 
0,8.0 11,9.0 12,21.0 19,11.0 29,17.0 33,1.0 34,2.0 41,2.0 42,6.0 47,6.0 50,2.0 52,2.0 63,2.0 76,1.0 77,1.0 85,8.0 97,2.0 114,2.0 116,4.0 118,4.0 130,2.0 131,4.0 158,2.0 184,2.0 185,1.0 186,1.0 187,2.0 188,2.0 189,2.0 238,2.0 
29,2.0 34,2.0 41,2.0 42,2.0 47,2.0 52,2.0 63,2.0 97,4.0 114,2.0 115,4.0 158,2.0 
0,1.0 18,3.0 19,5.0 29,3.0 33,1.0 34,10.0 41,4.0 42,1.0 63,2.0 65,2.0 72,1.0 73,3.0 76,1.0 80,4.0 81,1.0 96,1.0 118,2.0 119,2.0 120,2.0 
0,3.0 11,3.0 12,3.0 19,2.0 23,2.0 25,3.0 26,2.0 33,1.0 34,2.0 76,1.0 77,1.0 80,2.0 84,2.0 85,4.0 86,2.0 97,2.0 115,1.0 116,2.0 117,2.0 119,2.0 143,2.0 147,2.0 150,2.0 
19,2.0 23,2.0 26,2.0 34,2.0 55,4.0 64,4.0 72,2.0 80,2.0 85,4.0 144,2.0 153,2.0 
73,4.0 83,2.0 127,2.0 134,2.0 
13,2.0 18,1.0 21,2.0 23,2.0 24,1.0 26,4.0 27,2.0 31,2.0 41,1.0 47,2.0 49,4.0 50,1.0 53,1.0 54,1.0 55,1.0 63,2.0 66,2.0 83,2.0 84,6.0 85,2.0 103,2.0 104,2.0 122,2.0 130,8.0 131,4.0 141,4.0 142,3.0 145,1.0 148,2.0 200,4.0 204,4.0 205,2.0 230,1.0 241,4.0 242,2.0 274,1.0 
31,2.0 53,2.0 66,2.0 
63,2.0 92,2.0 93,2.0 124,2.0 
26,2.0 31,2.0 55,2.0 63,2.0 92,2.0 93,2.0 123,2.0 146,2.0 199,2.0 200,2.0 
11,2.0 84,2.0 89,2.0 101,2.0 102,2.0 126,2.0 252,2.0 
28,2.0 102,2.0 127,2.0 
19,1.0 21,1.0 22,4.0 28,4.0 29,1.0 30,2.0 31,6.0 49,2.0 50,2.0 65,1.0 128,3.0 129,3.0 134,8.0 141,8.0 145,8.0 147,4.0 
22,1.0 34,1.0 41,1.0 53,2.0 63,1.0 83,2.0 85,1.0 117,1.0 129,4.0 154,1.0 210,2.0 
22,1.0 34,1.0 41,1.0 53,2.0 63,1.0 83,2.0 85,1.0 117,1.0 128,4.0 154,1.0 
18,1.0 20,2.0 21,6.0 23,2.0 26,4.0 27,6.0 29,2.0 31,2.0 41,1.0 47,2.0 49,3.0 50,1.0 54,1.0 55,1.0 84,12.0 85,2.0 115,2.0 121,10.0 130,2.0 131,6.0 132,2.0 141,2.0 142,2.0 148,2.0 203,2.0 204,4.0 205,2.0 
18,2.0 19,2.0 20,2.0 21,6.0 23,2.0 26,2.0 41,2.0 49,5.0 83,4.0 84,2.0 89,2.0 104,2.0 132,3.0 133,3.0 141,6.0 142,2.0 144,4.0 145,8.0 146,4.0 153,4.0 154,2.0 155,2.0 156,2.0 157,2.0 200,2.0 220,2.0 244,2.0 
29,3.0 47,2.0 55,2.0 95,1.0 97,1.0 115,2.0 121,2.0 130,8.0 133,4.0 134,2.0 149,1.0 154,1.0 215,1.0 
29,1.0 47,2.0 55,2.0 95,1.0 97,1.0 132,4.0 134,2.0 149,1.0 154,1.0 215,1.0 
1,2.0 2,2.0 30,2.0 31,6.0 55,2.0 83,4.0 127,8.0 135,2.0 136,2.0 141,8.0 146,4.0 206,2.0 207,2.0 210,2.0 
30,1.0 34,1.0 41,1.0 88,1.0 117,1.0 136,3.0 137,2.0 138,2.0 
30,1.0 34,1.0 41,1.0 88,1.0 117,1.0 135,3.0 137,2.0 138,2.0 
26,4.0 132,8.0 138,2.0 139,2.0 140,2.0 238,8.0 239,2.0 240,4.0 
137,2.0 139,2.0 140,2.0 
34,2.0 117,2.0 140,2.0 
34,2.0 117,2.0 139,2.0 
11,2.0 18,2.0 26,6.0 31,1.0 34,2.0 47,2.0 83,4.0 84,8.0 85,2.0 89,2.0 104,2.0 125,2.0 127,2.0 131,2.0 134,2.0 142,4.0 185,1.0 186,1.0 204,2.0 206,2.0 238,4.0 241,4.0 
21,5.0 24,1.0 26,4.0 49,1.0 53,1.0 55,2.0 83,6.0 84,6.0 114,2.0 121,3.0 127,2.0 130,2.0 131,4.0 134,4.0 141,2.0 142,10.0 145,1.0 146,2.0 148,2.0 204,2.0 206,9.0 207,5.0 210,8.0 230,1.0 274,1.0 
23,2.0 26,4.0 84,8.0 86,2.0 127,2.0 134,2.0 144,6.0 145,4.0 147,2.0 150,2.0 151,2.0 152,2.0 153,2.0 
23,2.0 26,2.0 30,2.0 31,2.0 49,8.0 50,2.0 53,4.0 55,8.0 83,6.0 131,12.0 145,12.0 153,12.0 154,2.0 155,2.0 156,2.0 157,2.0 
20,2.0 21,2.0 22,1.0 23,2.0 24,1.0 26,6.0 30,2.0 31,2.0 49,9.0 50,2.0 53,1.0 63,2.0 121,3.0 127,4.0 131,12.0 142,1.0 144,8.0 153,4.0 154,2.0 155,2.0 156,2.0 157,2.0 216,1.0 217,1.0 230,1.0 241,2.0 250,2.0 274,1.0 
0,2.0 1,2.0 2,2.0 20,2.0 21,4.0 23,1.0 26,6.0 30,5.0 31,7.0 34,1.0 41,1.0 54,1.0 55,9.0 84,2.0 88,1.0 104,2.0 117,1.0 134,8.0 144,4.0 145,2.0 146,2.0 148,2.0 167,2.0 171,2.0 173,2.0 174,2.0 175,2.0 176,2.0 177,2.0 178,2.0 200,3.0 201,3.0 202,2.0 206,2.0 207,2.0 210,2.0 220,2.0 244,2.0 245,2.0 249,2.0 
23,2.0 26,2.0 65,2.0 66,2.0 76,2.0 84,2.0 86,2.0 127,8.0 143,2.0 144,4.0 145,8.0 148,4.0 149,2.0 150,2.0 151,2.0 152,2.0 164,6.0 
21,6.0 23,3.0 26,4.0 27,4.0 30,1.0 31,3.0 34,1.0 41,1.0 53,2.0 54,1.0 55,3.0 83,4.0 88,1.0 117,1.0 144,4.0 146,2.0 147,4.0 200,1.0 201,1.0 204,2.0 205,2.0 206,4.0 207,4.0 208,2.0 209,2.0 
0,3.0 5,1.0 6,1.0 11,7.0 12,2.0 18,2.0 19,2.0 25,1.0 29,2.0 33,2.0 41,3.0 42,2.0 47,2.0 52,1.0 63,1.0 76,7.0 80,1.0 81,1.0 82,1.0 93,2.0 95,1.0 96,2.0 97,3.0 107,1.0 118,4.0 152,1.0 214,1.0 219,1.0 220,1.0 
23,2.0 26,2.0 30,2.0 63,2.0 84,2.0 86,2.0 97,1.0 113,2.0 143,2.0 147,2.0 149,1.0 150,2.0 151,2.0 152,2.0 185,1.0 186,1.0 213,1.0 214,1.0 
5,2.0 12,2.0 98,2.0 124,2.0 152,2.0 199,2.0 
5,3.0 6,1.0 12,2.0 149,1.0 151,2.0 219,1.0 220,1.0 
23,2.0 26,2.0 30,2.0 31,2.0 49,2.0 55,4.0 131,8.0 144,12.0 145,8.0 154,2.0 155,2.0 156,2.0 157,2.0 
22,1.0 41,1.0 47,1.0 49,2.0 63,1.0 85,1.0 95,1.0 97,1.0 128,1.0 129,1.0 131,2.0 132,1.0 133,1.0 144,2.0 145,2.0 149,1.0 153,2.0 155,2.0 156,2.0 157,2.0 215,1.0 
49,2.0 131,2.0 144,2.0 145,2.0 153,2.0 154,2.0 156,2.0 157,2.0 
157,2.0 158,2.0 159,2.0 
156,2.0 158,2.0 159,2.0 
19,2.0 29,2.0 30,2.0 34,4.0 64,2.0 88,2.0 144,2.0 153,2.0 159,2.0 192,1.0 193,1.0 194,2.0 195,2.0 196,2.0 
97,1.0 115,1.0 116,1.0 144,2.0 153,2.0 158,2.0 271,1.0 
147,2.0 160,6.0 161,16.0 162,16.0 163,16.0 164,2.0 171,2.0 176,2.0 177,2.0 178,2.0 
147,2.0 160,16.0 161,6.0 162,16.0 163,16.0 164,2.0 171,2.0 176,2.0 177,2.0 178,2.0 
147,2.0 160,16.0 161,16.0 162,6.0 163,16.0 164,2.0 171,2.0 176,2.0 177,2.0 178,2.0 
147,2.0 160,16.0 161,16.0 162,16.0 163,6.0 164,2.0 171,2.0 176,2.0 177,2.0 178,2.0 
65,2.0 66,2.0 127,4.0 145,4.0 147,6.0 
147,2.0 164,2.0 165,2.0 166,8.0 167,8.0 168,8.0 169,2.0 170,2.0 171,2.0 172,2.0 
147,2.0 164,2.0 165,8.0 166,2.0 167,8.0 168,8.0 169,2.0 170,2.0 171,2.0 172,2.0 
54,2.0 55,2.0 147,2.0 164,2.0 165,8.0 166,8.0 167,8.0 168,8.0 169,2.0 170,2.0 171,2.0 172,2.0 173,14.0 174,14.0 175,14.0 
147,2.0 164,2.0 165,8.0 166,8.0 167,8.0 168,2.0 169,2.0 170,2.0 171,2.0 172,2.0 
165,2.0 166,2.0 167,2.0 168,2.0 170,2.0 171,2.0 172,2.0 
165,2.0 166,2.0 167,2.0 168,2.0 169,2.0 171,2.0 172,2.0 
160,2.0 161,2.0 162,2.0 163,2.0 165,2.0 166,2.0 167,2.0 168,2.0 169,2.0 170,2.0 171,2.0 172,2.0 176,8.0 177,8.0 178,8.0 179,2.0 180,2.0 181,2.0 
165,2.0 166,2.0 167,2.0 168,2.0 169,2.0 170,2.0 171,2.0 
54,2.0 55,2.0 167,14.0 173,6.0 174,14.0 175,14.0 
54,2.0 55,2.0 167,14.0 173,14.0 174,6.0 175,14.0 
54,2.0 55,2.0 167,14.0 173,14.0 174,14.0 175,6.0 
160,2.0 161,2.0 162,2.0 163,2.0 171,8.0 176,2.0 177,8.0 178,8.0 179,2.0 180,2.0 181,2.0 
160,2.0 161,2.0 162,2.0 163,2.0 171,8.0 176,8.0 177,2.0 178,8.0 179,2.0 180,2.0 181,2.0 
160,2.0 161,2.0 162,2.0 163,2.0 171,8.0 176,8.0 177,8.0 178,2.0 179,2.0 180,2.0 181,2.0 
180,2.0 181,2.0 182,2.0 183,2.0 
179,2.0 181,2.0 182,2.0 183,2.0 
179,2.0 180,2.0 182,2.0 183,2.0 
18,2.0 19,2.0 85,2.0 183,2.0 
18,2.0 19,2.0 85,2.0 182,2.0 
13,1.0 14,1.0 41,2.0 50,3.0 76,1.0 89,1.0 93,2.0 149,1.0 185,1.0 186,1.0 216,1.0 217,1.0 
41,1.0 50,1.0 89,1.0 93,1.0 97,1.0 149,1.0 150,1.0 184,1.0 186,3.0 213,1.0 214,1.0 223,1.0 224,1.0 225,1.0 226,1.0 253,2.0 
41,1.0 50,1.0 89,1.0 93,1.0 97,1.0 149,1.0 150,1.0 184,1.0 185,3.0 213,1.0 214,1.0 223,1.0 224,1.0 225,1.0 226,1.0 
188,2.0 189,2.0 190,2.0 191,2.0 
89,1.0 92,1.0 95,1.0 187,2.0 189,2.0 190,2.0 191,2.0 229,1.0 273,1.0 
187,2.0 188,2.0 190,2.0 191,2.0 
11,2.0 19,2.0 64,2.0 191,2.0 
11,2.0 19,2.0 64,2.0 190,2.0 
30,1.0 88,1.0 97,1.0 115,1.0 116,1.0 193,1.0 
30,1.0 88,1.0 97,1.0 115,1.0 116,1.0 192,1.0 
195,2.0 196,2.0 197,2.0 198,2.0 
11,1.0 33,1.0 77,1.0 114,1.0 194,2.0 196,2.0 197,2.0 198,2.0 229,1.0 
194,2.0 195,2.0 197,2.0 198,2.0 
64,2.0 85,2.0 119,2.0 198,2.0 
64,2.0 85,2.0 119,2.0 197,2.0 
26,2.0 31,2.0 55,2.0 124,2.0 146,2.0 200,2.0 
26,2.0 30,2.0 31,4.0 55,4.0 83,4.0 113,1.0 114,1.0 146,2.0 201,3.0 202,2.0 208,4.0 
20,2.0 21,2.0 27,2.0 30,2.0 31,2.0 55,2.0 113,1.0 114,1.0 130,2.0 200,1.0 202,2.0 203,2.0 
20,2.0 21,2.0 27,2.0 30,2.0 31,2.0 55,2.0 130,2.0 201,2.0 203,2.0 
20,2.0 21,4.0 27,4.0 84,2.0 121,2.0 130,4.0 
21,2.0 23,2.0 26,4.0 27,2.0 31,2.0 53,2.0 83,4.0 84,4.0 141,2.0 142,2.0 148,2.0 205,2.0 206,4.0 207,2.0 
21,2.0 23,2.0 26,2.0 27,2.0 31,2.0 53,2.0 83,2.0 148,2.0 204,2.0 206,2.0 207,2.0 
1,2.0 2,2.0 21,12.0 26,4.0 27,4.0 31,1.0 53,2.0 55,4.0 83,10.0 84,2.0 134,2.0 141,1.0 142,8.0 146,2.0 148,4.0 206,4.0 207,9.0 208,2.0 209,2.0 210,2.0 
1,2.0 2,2.0 21,8.0 26,2.0 27,4.0 31,1.0 53,2.0 55,2.0 83,6.0 134,2.0 141,1.0 142,2.0 146,2.0 148,2.0 206,9.0 208,2.0 209,2.0 210,2.0 
0,1.0 18,2.0 20,1.0 21,3.0 26,4.0 27,2.0 30,1.0 76,3.0 83,2.0 84,2.0 88,1.0 96,2.0 117,1.0 121,2.0 130,2.0 137,8.0 142,3.0 149,1.0 209,6.0 218,1.0 238,8.0 239,2.0 240,4.0 248,2.0 
0,1.0 18,2.0 20,1.0 21,3.0 27,2.0 30,1.0 76,3.0 83,2.0 84,2.0 88,1.0 96,2.0 117,1.0 121,2.0 130,2.0 142,3.0 149,1.0 208,6.0 218,1.0 
1,2.0 2,2.0 84,2.0 121,6.0 134,2.0 146,4.0 206,2.0 207,2.0 
13,2.0 42,2.0 80,2.0 81,2.0 212,4.0 
13,2.0 42,2.0 80,2.0 81,2.0 211,4.0 
97,1.0 149,1.0 150,1.0 185,1.0 186,1.0 214,1.0 
11,1.0 12,1.0 19,1.0 29,1.0 97,1.0 149,1.0 
47,1.0 95,1.0 97,1.0 132,1.0 133,1.0 149,1.0 154,1.0 
27,1.0 28,1.0 34,1.0 41,2.0 47,1.0 50,1.0 76,1.0 84,1.0 93,1.0 97,1.0 149,1.0 184,1.0 217,3.0 250,2.0 272,1.0 
27,1.0 28,1.0 34,1.0 41,2.0 47,1.0 50,1.0 76,1.0 84,1.0 93,1.0 97,1.0 149,1.0 184,1.0 216,3.0 272,1.0 
18,1.0 20,1.0 76,1.0 96,1.0 117,1.0 208,1.0 209,1.0 
220,1.0 221,1.0 222,1.0 
41,2.0 63,2.0 84,2.0 104,2.0 141,2.0 146,2.0 219,1.0 221,1.0 222,1.0 249,2.0 
0,1.0 76,1.0 222,1.0 
0,1.0 76,1.0 221,1.0 
14,1.0 224,1.0 225,1.0 226,1.0 
14,1.0 223,1.0 225,1.0 226,1.0 
14,1.0 223,1.0 224,1.0 226,1.0 
14,1.0 223,1.0 224,1.0 225,1.0 
13,3.0 
0,1.0 33,1.0 76,1.0 
11,1.0 33,1.0 77,1.0 89,1.0 92,1.0 95,1.0 114,1.0 188,1.0 195,1.0 273,1.0 
24,1.0 47,1.0 85,1.0 89,1.0 231,6.0 274,1.0 
18,6.0 19,6.0 
19,6.0 29,6.0 85,6.0 233,6.0 237,6.0 
4,24.0 19,12.0 42,12.0 
235,6.0 
236,6.0 
232,6.0 
19,6.0 42,6.0 
26,4.0 104,2.0 115,2.0 131,2.0 132,8.0 137,8.0 142,4.0 239,2.0 240,4.0 241,4.0 
132,2.0 137,2.0 238,2.0 240,2.0 
132,4.0 137,4.0 238,4.0 239,2.0 
13,2.0 63,2.0 103,2.0 104,4.0 121,2.0 131,2.0 142,4.0 238,4.0 
131,2.0 200,2.0 250,2.0 251,2.0 
146,2.0 
20,2.0 83,2.0 143,2.0 
246,2.0 247,2.0 
142,2.0 247,2.0 
142,2.0 246,2.0 
142,2.0 
84,2.0 104,2.0 220,2.0 
84,2.0 131,2.0 142,2.0 242,2.0 251,2.0 
131,2.0 242,2.0 250,2.0 
141,2.0 
121,2.0 
12,2.0 29,2.0 47,2.0 
21,1.0 28,1.0 127,1.0 256,2.0 257,2.0 258,1.0 259,1.0 260,1.0 
21,1.0 28,1.0 127,1.0 255,2.0 257,2.0 258,1.0 259,1.0 260,1.0 
21,1.0 28,1.0 127,1.0 255,2.0 256,2.0 258,1.0 259,1.0 260,1.0 
28,1.0 127,1.0 259,1.0 260,1.0 264,1.0 265,1.0 266,1.0 
28,1.0 127,1.0 258,1.0 260,1.0 
28,1.0 127,1.0 146,1.0 148,1.0 258,1.0 259,1.0 263,1.0 
260,1.0 262,1.0 263,1.0 
260,1.0 261,1.0 263,1.0 
146,1.0 148,1.0 260,1.0 
258,1.0 265,1.0 266,1.0 
27,1.0 84,1.0 266,1.0 
27,1.0 84,1.0 265,1.0 
268,1.0 269,1.0 270,1.0 
267,1.0 269,1.0 270,1.0 
49,1.0 131,1.0 270,1.0 
49,1.0 131,1.0 269,1.0 
97,1.0 115,1.0 116,1.0 159,1.0 
28,1.0 34,1.0 41,1.0 47,1.0 97,1.0 216,1.0 217,1.0 
89,1.0 92,1.0 95,1.0 188,1.0 229,1.0 
24,1.0 47,1.0 85,1.0 89,1.0 230,1.0 
25,1.0 42,1.0 85,1.0 102,1.0 107,1.0 
105,1.0 277,1.0 278,1.0 279,1.0 280,1.0 281,1.0 282,1.0 
105,1.0 276,1.0 278,1.0 279,1.0 280,1.0 281,1.0 282,1.0 
105,1.0 279,1.0 280,1.0 281,1.0 282,1.0 
105,1.0 278,1.0 280,1.0 281,1.0 282,1.0 
105,1.0 278,1.0 279,1.0 281,1.0 282,1.0 
105,1.0 278,1.0 279,1.0 280,1.0 282,1.0 
105,1.0 278,1.0 279,1.0 280,1.0 281,1.0 
