1,3.0 2,1.0 3,1.0 33,3.0 37,1.0 46,3.0 50,1.0 108,1.0 111,3.0 127,3.0 128,3.0 144,1.0 
0,3.0 2,1.0 3,2.0 33,1.0 37,1.0 57,1.0 58,1.0 59,1.0 60,1.0 61,1.0 83,1.0 127,2.0 137,2.0 144,1.0 149,1.0 
3,5.0 4,1.0 5,1.0 60,1.0 80,1.0 96,1.0 106,1.0 109,1.0 123,1.0 124,2.0 144,1.0 300,1.0 301,1.0 328,2.0 
2,5.0 4,1.0 5,1.0 46,2.0 48,2.0 60,2.0 61,1.0 62,1.0 63,1.0 71,1.0 80,1.0 90,2.0 91,2.0 96,2.0 106,1.0 124,2.0 139,1.0 144,1.0 188,1.0 328,2.0 
5,1.0 6,1.0 7,1.0 30,1.0 64,1.0 65,1.0 66,1.0 92,3.0 104,1.0 111,1.0 113,3.0 131,1.0 237,1.0 250,1.0 
4,1.0 6,1.0 7,1.0 17,1.0 34,1.0 45,1.0 46,1.0 47,1.0 49,1.0 100,1.0 319,1.0 
7,1.0 8,1.0 
6,1.0 8,1.0 
9,1.0 
10,1.0 11,1.0 50,1.0 77,1.0 100,1.0 110,1.0 121,1.0 122,1.0 250,1.0 
11,6.0 12,1.0 13,3.0 14,2.0 18,1.0 25,2.0 27,2.0 28,10.0 30,6.0 34,1.0 39,2.0 48,7.0 49,5.0 50,4.0 86,1.0 88,6.0 92,6.0 94,1.0 96,1.0 100,3.0 108,3.0 110,1.0 119,1.0 122,1.0 123,1.0 124,6.0 135,1.0 143,1.0 150,1.0 195,1.0 228,2.0 230,1.0 231,1.0 302,2.0 329,4.0 
10,6.0 12,3.0 13,1.0 14,2.0 17,1.0 19,2.0 28,1.0 45,1.0 48,3.0 50,3.0 88,6.0 91,6.0 93,1.0 108,3.0 118,1.0 124,2.0 139,1.0 141,6.0 206,2.0 207,2.0 208,2.0 
11,2.0 13,2.0 14,2.0 15,1.0 16,1.0 17,3.0 28,2.0 45,1.0 50,1.0 93,1.0 108,1.0 118,1.0 139,1.0 
10,3.0 12,2.0 13,2.0 14,1.0 15,1.0 16,2.0 17,2.0 18,9.0 26,1.0 28,3.0 33,2.0 46,2.0 47,3.0 48,8.0 49,1.0 50,2.0 87,1.0 88,3.0 89,2.0 90,4.0 91,2.0 92,3.0 93,1.0 94,4.0 95,1.0 96,7.0 99,3.0 100,1.0 101,2.0 102,9.0 103,5.0 110,2.0 118,2.0 122,1.0 123,3.0 124,5.0 131,1.0 141,3.0 150,1.0 212,1.0 285,1.0 302,2.0 303,1.0 304,2.0 329,3.0 
10,6.0 11,4.0 12,3.0 13,1.0 14,5.0 15,1.0 17,2.0 18,1.0 27,11.0 28,5.0 30,2.0 33,2.0 34,1.0 35,2.0 36,1.0 37,1.0 39,4.0 40,1.0 45,19.0 46,2.0 47,3.0 48,15.0 49,1.0 51,1.0 52,1.0 57,2.0 80,2.0 89,1.0 91,2.0 92,2.0 95,6.0 96,1.0 98,5.0 100,2.0 104,2.0 106,1.0 107,1.0 110,1.0 114,3.0 115,3.0 116,3.0 117,3.0 118,7.0 122,1.0 123,6.0 124,2.0 135,1.0 139,1.0 176,1.0 190,1.0 193,1.0 195,1.0 200,1.0 203,1.0 212,1.0 228,1.0 230,2.0 231,1.0 286,2.0 290,1.0 302,1.0 307,1.0 308,1.0 
12,1.0 13,1.0 16,1.0 
10,1.0 12,1.0 13,1.0 17,1.0 47,1.0 48,1.0 74,1.0 76,1.0 86,1.0 116,1.0 192,1.0 262,1.0 316,1.0 
10,2.0 11,2.0 12,3.0 14,2.0 18,4.0 19,1.0 25,1.0 27,1.0 28,3.0 32,2.0 43,2.0 45,2.0 47,2.0 48,1.0 49,3.0 50,6.0 78,1.0 80,2.0 81,1.0 94,3.0 96,1.0 100,2.0 102,1.0 103,2.0 108,3.0 110,9.0 118,1.0 122,2.0 131,4.0 139,1.0 176,7.0 189,2.0 190,4.0 193,2.0 200,2.0 228,1.0 240,1.0 
10,1.0 13,8.0 14,6.0 16,1.0 17,2.0 19,1.0 20,1.0 28,1.0 31,1.0 33,1.0 35,1.0 37,1.0 42,1.0 45,4.0 46,2.0 47,2.0 48,6.0 50,1.0 81,1.0 88,1.0 89,1.0 90,7.0 91,1.0 92,1.0 93,1.0 94,1.0 95,1.0 96,4.0 99,3.0 102,13.0 103,2.0 117,1.0 119,1.0 122,1.0 123,2.0 124,4.0 203,6.0 329,1.0 
11,2.0 18,1.0 20,1.0 206,2.0 207,2.0 208,2.0 
17,1.0 21,1.0 24,1.0 108,1.0 250,1.0 258,1.0 317,1.0 
22,1.0 74,1.0 
16,1.0 23,1.0 
20,1.0 
25,1.0 26,2.0 110,1.0 
10,2.0 26,1.0 27,2.0 39,1.0 48,1.0 83,1.0 122,1.0 124,1.0 
13,2.0 14,1.0 18,1.0 25,1.0 26,2.0 27,3.0 33,2.0 34,2.0 39,2.0 46,2.0 48,1.0 50,2.0 69,3.0 70,3.0 71,3.0 72,1.0 73,1.0 74,1.0 87,1.0 88,1.0 93,1.0 108,1.0 110,1.0 117,1.0 118,1.0 
0,3.0 10,6.0 11,2.0 13,1.0 14,11.0 26,3.0 27,2.0 28,13.0 30,1.0 31,2.0 32,1.0 35,2.0 39,12.0 42,1.0 45,1.0 47,1.0 48,4.0 49,1.0 50,3.0 51,1.0 52,1.0 57,2.0 68,1.0 69,2.0 74,4.0 87,1.0 89,2.0 90,1.0 91,5.0 92,1.0 94,5.0 96,1.0 100,2.0 103,1.0 104,1.0 108,3.0 110,6.0 111,1.0 112,1.0 118,1.0 125,3.0 126,3.0 127,3.0 152,1.0 181,2.0 193,1.0 200,1.0 203,1.0 246,1.0 290,1.0 298,1.0 331,1.0 
10,10.0 11,1.0 12,2.0 13,4.0 14,1.0 17,1.0 18,2.0 27,8.0 28,2.0 29,1.0 35,1.0 37,1.0 39,1.0 45,1.0 47,1.0 48,3.0 49,5.0 50,1.0 89,1.0 93,1.0 96,2.0 100,3.0 103,3.0 108,1.0 109,1.0 110,2.0 118,2.0 119,1.0 124,2.0 141,1.0 152,1.0 181,2.0 193,1.0 195,1.0 203,1.0 228,2.0 230,1.0 259,1.0 285,1.0 290,1.0 298,3.0 305,1.0 306,1.0 331,1.0 
27,1.0 30,2.0 31,1.0 
27,1.0 31,1.0 32,1.0 35,1.0 37,3.0 74,1.0 77,1.0 80,3.0 88,10.0 91,15.0 92,4.0 96,4.0 100,2.0 102,10.0 104,5.0 109,10.0 110,1.0 119,6.0 122,2.0 124,1.0 141,4.0 150,1.0 153,14.0 183,1.0 199,2.0 218,2.0 219,2.0 229,1.0 285,1.0 310,1.0 
26,2.0 27,1.0 30,1.0 32,1.0 42,4.0 47,1.0 95,1.0 104,1.0 117,3.0 118,3.0 
14,1.0 33,1.0 34,1.0 103,2.0 110,2.0 135,1.0 200,2.0 205,1.0 
1,1.0 3,1.0 13,4.0 14,3.0 17,2.0 18,2.0 28,1.0 34,1.0 35,2.0 36,1.0 37,1.0 45,3.0 46,10.0 48,2.0 49,10.0 50,1.0 55,1.0 57,1.0 58,1.0 59,1.0 60,1.0 61,1.0 80,2.0 88,1.0 89,1.0 90,2.0 91,7.0 92,1.0 93,1.0 94,4.0 95,6.0 100,1.0 102,2.0 103,3.0 104,1.0 111,3.0 118,3.0 124,1.0 128,3.0 129,3.0 130,3.0 141,2.0 195,6.0 215,2.0 216,2.0 217,2.0 
5,1.0 10,1.0 13,1.0 14,1.0 18,2.0 25,1.0 26,1.0 33,1.0 35,6.0 36,1.0 37,1.0 44,1.0 45,1.0 46,1.0 47,1.0 50,1.0 70,1.0 71,1.0 72,1.0 95,5.0 96,1.0 108,1.0 117,2.0 122,1.0 272,1.0 
3,1.0 18,1.0 27,2.0 28,1.0 30,1.0 31,2.0 34,5.0 36,1.0 37,2.0 38,1.0 42,3.0 49,2.0 50,2.0 74,1.0 90,1.0 91,4.0 95,5.0 100,1.0 103,1.0 104,1.0 108,1.0 122,6.0 188,1.0 271,1.0 
35,1.0 37,1.0 38,1.0 
2,1.0 3,1.0 17,1.0 30,3.0 35,1.0 36,1.0 38,1.0 41,4.0 50,2.0 80,7.0 89,2.0 91,2.0 94,3.0 95,2.0 96,8.0 104,12.0 105,2.0 106,5.0 107,1.0 109,1.0 118,2.0 131,3.0 140,2.0 144,3.0 149,2.0 175,2.0 176,4.0 193,1.0 194,2.0 199,1.0 240,1.0 290,1.0 
39,1.0 80,1.0 89,2.0 95,1.0 111,1.0 134,1.0 144,1.0 147,2.0 149,4.0 183,2.0 275,2.0 280,3.0 
10,3.0 13,1.0 14,6.0 26,2.0 27,13.0 28,4.0 41,1.0 42,1.0 43,1.0 45,3.0 47,3.0 48,5.0 49,1.0 69,1.0 74,1.0 80,1.0 83,1.0 87,1.0 89,1.0 94,3.0 100,4.0 103,2.0 110,3.0 118,1.0 191,2.0 193,1.0 195,1.0 200,1.0 203,1.0 228,1.0 290,1.0 
39,1.0 41,1.0 42,1.0 
0,1.0 1,1.0 37,2.0 39,1.0 41,2.0 42,1.0 43,1.0 89,2.0 92,2.0 95,2.0 98,3.0 104,4.0 106,3.0 140,4.0 144,8.0 149,4.0 175,2.0 176,6.0 177,2.0 183,1.0 294,1.0 
11,4.0 26,2.0 31,5.0 39,2.0 41,1.0 43,1.0 44,1.0 47,1.0 88,4.0 91,4.0 95,1.0 117,3.0 118,3.0 190,1.0 193,1.0 271,1.0 
17,2.0 44,1.0 45,1.0 46,1.0 49,2.0 195,1.0 235,1.0 
5,1.0 18,1.0 34,2.0 39,1.0 42,1.0 45,1.0 46,1.0 49,1.0 80,1.0 94,2.0 98,1.0 107,1.0 108,1.0 117,1.0 118,1.0 131,1.0 143,1.0 321,1.0 
5,1.0 10,3.0 11,4.0 12,2.0 14,20.0 17,4.0 27,3.0 28,2.0 30,1.0 34,1.0 39,4.0 44,1.0 45,2.0 46,2.0 47,4.0 48,6.0 83,1.0 89,1.0 91,3.0 95,3.0 98,3.0 100,1.0 110,1.0 117,4.0 118,5.0 122,1.0 139,1.0 176,1.0 193,4.0 200,1.0 203,1.0 292,1.0 
3,2.0 5,1.0 13,2.0 14,2.0 18,3.0 28,1.0 33,12.0 34,1.0 35,1.0 42,1.0 44,2.0 45,2.0 47,3.0 48,6.0 49,1.0 50,2.0 88,1.0 89,1.0 90,1.0 91,1.0 92,1.0 93,1.0 94,1.0 95,6.0 96,2.0 100,6.0 103,2.0 109,2.0 111,3.0 118,5.0 128,3.0 129,3.0 130,3.0 133,1.0 152,2.0 177,1.0 227,1.0 228,1.0 229,1.0 230,1.0 236,1.0 268,1.0 
11,1.0 12,1.0 13,4.0 14,7.0 17,3.0 18,3.0 26,1.0 31,1.0 42,2.0 44,1.0 45,5.0 46,5.0 48,17.0 49,1.0 80,3.0 88,1.0 90,1.0 91,1.0 94,2.0 95,11.0 98,1.0 100,6.0 101,1.0 102,3.0 104,1.0 117,2.0 118,2.0 121,2.0 123,8.0 124,2.0 131,5.0 151,3.0 152,4.0 188,2.0 191,2.0 192,3.0 193,3.0 212,1.0 216,1.0 230,1.0 267,2.0 291,1.0 292,3.0 
3,2.0 10,8.0 11,4.0 12,1.0 13,11.0 14,16.0 16,1.0 17,1.0 18,8.0 26,1.0 27,4.0 28,4.0 30,1.0 33,2.0 37,1.0 39,5.0 41,2.0 45,4.0 46,5.0 47,15.0 49,5.0 50,4.0 80,2.0 86,1.0 87,1.0 88,1.0 89,2.0 90,2.0 91,5.0 92,4.0 93,1.0 94,1.0 95,22.0 96,3.0 98,2.0 100,6.0 101,1.0 102,10.0 103,3.0 104,1.0 106,1.0 108,3.0 117,1.0 118,11.0 123,13.0 124,1.0 131,2.0 144,1.0 190,1.0 212,1.0 216,3.0 230,3.0 302,1.0 
3,1.0 13,2.0 17,1.0 18,6.0 27,1.0 28,1.0 30,1.0 33,10.0 35,7.0 39,1.0 42,1.0 45,2.0 48,5.0 49,3.0 50,5.0 55,1.0 77,3.0 80,5.0 89,1.0 90,1.0 91,8.0 92,4.0 94,3.0 95,5.0 98,3.0 100,23.0 101,1.0 102,8.0 103,2.0 104,3.0 117,1.0 118,2.0 119,2.0 120,3.0 121,3.0 122,9.0 124,2.0 150,2.0 188,1.0 195,7.0 203,4.0 271,1.0 
10,2.0 13,5.0 17,6.0 18,2.0 25,2.0 27,4.0 33,1.0 34,1.0 35,4.0 37,2.0 39,1.0 42,1.0 46,1.0 47,1.0 48,4.0 49,6.0 50,1.0 80,2.0 88,1.0 89,1.0 90,2.0 91,2.0 92,1.0 93,1.0 94,1.0 95,1.0 96,1.0 100,3.0 102,4.0 103,1.0 104,3.0 108,13.0 110,3.0 118,2.0 119,2.0 122,3.0 131,2.0 176,5.0 195,1.0 271,1.0 276,1.0 324,1.0 
51,1.0 52,1.0 53,1.0 95,1.0 104,1.0 137,1.0 144,1.0 154,2.0 155,2.0 156,2.0 157,2.0 158,2.0 159,2.0 160,4.0 162,1.0 163,1.0 164,4.0 165,1.0 167,6.0 169,3.0 170,3.0 171,3.0 172,6.0 278,3.0 279,3.0 280,1.0 
51,1.0 53,1.0 
54,1.0 56,1.0 
33,1.0 49,1.0 
53,1.0 
1,1.0 33,1.0 57,1.0 58,1.0 59,1.0 
1,1.0 3,1.0 33,1.0 49,2.0 58,1.0 59,1.0 60,1.0 61,1.0 
1,1.0 3,1.0 33,1.0 37,2.0 57,1.0 59,3.0 60,1.0 61,1.0 
1,1.0 3,1.0 33,1.0 37,2.0 57,1.0 58,3.0 60,1.0 61,1.0 
2,1.0 3,2.0 61,1.0 62,1.0 63,3.0 90,1.0 124,1.0 144,1.0 195,1.0 214,2.0 230,1.0 
3,1.0 60,1.0 62,1.0 63,1.0 91,1.0 299,1.0 
4,1.0 63,1.0 64,1.0 
4,1.0 60,2.0 62,1.0 64,1.0 90,1.0 195,1.0 214,2.0 227,2.0 228,2.0 229,2.0 230,3.0 
4,1.0 65,1.0 66,1.0 
66,1.0 67,1.0 91,2.0 95,2.0 
65,1.0 67,1.0 
27,1.0 68,1.0 
26,1.0 27,1.0 69,1.0 
26,3.0 27,1.0 34,1.0 39,1.0 70,1.0 71,1.0 74,1.0 
26,3.0 27,1.0 34,1.0 39,1.0 69,1.0 71,2.0 72,1.0 73,1.0 
5,1.0 26,3.0 27,1.0 34,1.0 39,1.0 69,1.0 70,2.0 72,1.0 73,1.0 98,3.0 139,5.0 176,1.0 319,1.0 
26,1.0 70,1.0 71,1.0 73,1.0 
26,2.0 27,1.0 39,1.0 69,1.0 70,1.0 71,1.0 
0,3.0 16,1.0 25,1.0 27,4.0 39,1.0 48,1.0 75,1.0 77,1.0 125,3.0 126,3.0 127,3.0 
76,1.0 
21,1.0 82,1.0 
9,1.0 13,1.0 49,7.0 50,1.0 100,5.0 110,1.0 120,3.0 121,4.0 122,1.0 250,1.0 
30,1.0 79,1.0 103,2.0 204,3.0 
17,1.0 80,1.0 
13,2.0 14,3.0 17,2.0 18,1.0 27,1.0 30,3.0 33,1.0 37,3.0 38,1.0 45,1.0 47,2.0 48,4.0 49,5.0 50,1.0 80,2.0 81,1.0 83,1.0 91,9.0 92,4.0 94,2.0 95,4.0 96,6.0 97,6.0 98,3.0 99,3.0 100,2.0 101,1.0 102,1.0 104,9.0 105,1.0 109,1.0 111,1.0 118,1.0 119,5.0 131,3.0 134,1.0 144,3.0 150,4.0 186,1.0 189,2.0 190,3.0 195,2.0 196,2.0 197,2.0 198,2.0 229,2.0 230,3.0 277,1.0 288,1.0 289,1.0 
18,1.0 46,1.0 48,1.0 
22,1.0 
1,1.0 18,2.0 39,1.0 45,1.0 80,1.0 84,1.0 89,1.0 91,1.0 102,2.0 124,2.0 145,2.0 148,1.0 149,1.0 150,1.0 188,4.0 296,2.0 327,1.0 328,2.0 
85,1.0 150,2.0 201,2.0 
74,1.0 
10,1.0 34,1.0 50,1.0 
13,2.0 18,1.0 26,1.0 33,1.0 46,1.0 48,1.0 50,1.0 88,1.0 
10,7.0 11,6.0 13,3.0 18,1.0 30,16.0 33,1.0 46,1.0 48,1.0 50,1.0 89,1.0 90,2.0 91,11.0 92,7.0 93,1.0 94,4.0 95,1.0 96,1.0 101,1.0 102,10.0 123,1.0 124,2.0 131,1.0 141,8.0 143,2.0 153,6.0 212,1.0 302,1.0 329,1.0 
27,2.0 35,1.0 46,1.0 50,2.0 61,1.0 63,2.0 80,5.0 83,1.0 89,1.0 90,1.0 91,8.0 92,2.0 93,1.0 94,1.0 95,2.0 96,4.0 97,2.0 98,1.0 99,1.0 100,2.0 103,5.0 106,2.0 107,1.0 108,2.0 109,7.0 110,1.0 118,1.0 141,2.0 143,1.0 144,2.0 151,2.0 152,2.0 181,1.0 219,1.0 227,2.0 228,3.0 231,1.0 246,1.0 298,1.0 299,1.0 332,1.0 
3,2.0 10,1.0 13,4.0 14,3.0 27,1.0 28,1.0 30,6.0 37,2.0 46,2.0 47,1.0 48,3.0 60,1.0 63,1.0 80,2.0 88,1.0 89,1.0 91,10.0 92,4.0 93,1.0 94,4.0 95,5.0 96,14.0 97,1.0 98,1.0 99,1.0 100,1.0 101,1.0 103,4.0 104,3.0 105,2.0 107,3.0 114,3.0 115,3.0 116,3.0 123,1.0 124,5.0 131,3.0 141,3.0 143,1.0 145,2.0 146,2.0 179,2.0 181,1.0 205,1.0 212,1.0 214,1.0 230,1.0 249,1.0 257,1.0 264,2.0 265,2.0 266,2.0 277,1.0 282,1.0 283,2.0 284,1.0 302,1.0 329,1.0 
0,1.0 1,1.0 3,2.0 10,1.0 11,6.0 13,8.0 14,5.0 18,1.0 27,3.0 28,3.0 30,7.0 33,6.0 37,6.0 42,2.0 45,3.0 46,2.0 47,1.0 48,2.0 49,8.0 50,1.0 78,1.0 80,9.0 88,8.0 89,7.0 90,9.0 91,7.0 92,5.0 93,1.0 94,1.0 95,7.0 96,15.0 97,8.0 98,4.0 99,4.0 100,7.0 101,1.0 102,1.0 103,10.0 104,4.0 105,5.0 106,2.0 107,1.0 108,1.0 109,1.0 118,3.0 122,1.0 123,3.0 124,6.0 135,1.0 141,29.0 148,1.0 150,3.0 180,2.0 183,3.0 186,2.0 187,2.0 195,3.0 199,2.0 200,2.0 203,2.0 204,1.0 228,1.0 229,1.0 231,1.0 246,2.0 247,1.0 248,2.0 281,2.0 298,1.0 301,1.0 
10,6.0 30,8.0 41,2.0 47,3.0 80,9.0 88,6.0 89,5.0 90,7.0 91,13.0 93,1.0 94,1.0 95,2.0 96,2.0 97,2.0 98,1.0 99,1.0 103,1.0 104,4.0 107,3.0 108,1.0 114,1.0 124,5.0 131,3.0 151,2.0 188,2.0 
17,4.0 47,1.0 48,1.0 50,1.0 80,1.0 89,1.0 90,1.0 91,2.0 92,1.0 94,1.0 95,9.0 96,1.0 97,1.0 98,1.0 99,1.0 100,1.0 104,4.0 108,1.0 109,2.0 110,1.0 132,6.0 133,6.0 134,2.0 140,2.0 176,4.0 179,4.0 190,2.0 198,1.0 205,1.0 242,1.0 251,2.0 252,1.0 273,1.0 304,1.0 
10,3.0 11,4.0 13,5.0 14,2.0 19,2.0 27,3.0 28,1.0 30,2.0 33,4.0 44,1.0 46,1.0 47,2.0 48,7.0 49,3.0 80,1.0 88,1.0 89,1.0 90,6.0 91,2.0 92,4.0 93,1.0 94,1.0 95,3.0 96,2.0 97,1.0 98,4.0 99,4.0 101,1.0 102,4.0 104,3.0 106,3.0 109,3.0 110,2.0 116,1.0 118,5.0 119,2.0 121,2.0 123,1.0 124,2.0 131,3.0 143,10.0 150,1.0 181,1.0 206,2.0 208,2.0 212,3.0 227,2.0 234,2.0 257,2.0 263,3.0 267,2.0 302,1.0 303,1.0 310,1.0 312,1.0 319,3.0 329,1.0 
13,1.0 14,4.0 17,2.0 27,1.0 28,1.0 37,2.0 38,2.0 41,4.0 45,1.0 47,11.0 48,17.0 49,1.0 50,2.0 80,6.0 89,1.0 90,2.0 91,7.0 92,1.0 93,14.0 94,8.0 95,3.0 96,6.0 97,4.0 98,4.0 99,16.0 100,1.0 101,1.0 102,1.0 104,3.0 111,1.0 118,5.0 123,11.0 124,8.0 129,1.0 131,19.0 134,12.0 137,7.0 138,5.0 140,2.0 144,3.0 149,2.0 175,2.0 176,4.0 181,1.0 210,2.0 216,3.0 251,1.0 280,1.0 281,2.0 319,1.0 330,1.0 
2,2.0 3,2.0 10,4.0 13,4.0 14,2.0 16,1.0 17,3.0 18,4.0 25,1.0 27,2.0 28,1.0 33,1.0 35,1.0 37,2.0 43,2.0 44,1.0 48,3.0 49,2.0 50,3.0 51,2.0 78,2.0 80,6.0 89,6.0 90,11.0 91,14.0 93,2.0 95,3.0 96,4.0 97,6.0 98,4.0 99,3.0 100,2.0 101,1.0 102,1.0 103,9.0 104,1.0 105,2.0 106,6.0 107,2.0 108,2.0 109,2.0 110,1.0 111,1.0 112,1.0 116,1.0 122,1.0 123,3.0 124,3.0 127,1.0 140,2.0 141,1.0 147,2.0 148,2.0 150,1.0 154,2.0 155,2.0 188,1.0 203,2.0 204,2.0 205,3.0 212,1.0 222,2.0 257,1.0 262,1.0 287,1.0 298,2.0 300,1.0 301,1.0 302,2.0 316,1.0 325,2.0 329,1.0 
13,1.0 33,1.0 48,2.0 49,2.0 80,6.0 91,6.0 95,3.0 96,6.0 97,2.0 98,3.0 99,3.0 100,2.0 101,1.0 102,1.0 
13,1.0 37,3.0 44,1.0 47,1.0 48,1.0 49,1.0 80,3.0 89,1.0 91,3.0 93,1.0 94,4.0 95,4.0 96,3.0 97,3.0 98,1.0 99,3.0 100,1.0 101,1.0 102,1.0 107,1.0 109,3.0 120,1.0 123,3.0 124,11.0 127,3.0 131,2.0 134,5.0 135,1.0 137,4.0 140,3.0 142,3.0 143,2.0 144,3.0 183,1.0 205,1.0 218,2.0 224,2.0 229,1.0 250,1.0 257,1.0 292,1.0 321,1.0 
13,1.0 14,3.0 47,10.0 48,16.0 49,1.0 80,3.0 91,3.0 93,2.0 95,18.0 96,3.0 97,3.0 98,6.0 99,1.0 100,1.0 101,1.0 102,1.0 118,5.0 123,3.0 223,2.0 242,1.0 319,3.0 
3,1.0 13,1.0 14,1.0 17,2.0 18,6.0 30,5.0 33,7.0 35,8.0 39,1.0 46,8.0 47,6.0 48,7.0 49,25.0 50,3.0 88,4.0 89,1.0 90,1.0 91,5.0 92,1.0 95,5.0 98,3.0 100,1.0 101,1.0 102,8.0 103,4.0 104,1.0 108,1.0 109,2.0 110,1.0 118,3.0 122,9.0 123,1.0 131,1.0 151,1.0 152,3.0 176,1.0 188,1.0 189,2.0 190,2.0 191,2.0 192,2.0 195,4.0 270,1.0 293,1.0 
10,1.0 13,3.0 48,1.0 49,1.0 88,1.0 89,1.0 90,1.0 91,1.0 92,1.0 94,1.0 96,1.0 100,1.0 102,1.0 103,1.0 123,1.0 124,2.0 131,1.0 212,1.0 302,1.0 329,1.0 
13,9.0 14,5.0 17,1.0 18,13.0 30,10.0 45,3.0 47,4.0 48,8.0 49,1.0 88,10.0 89,1.0 91,5.0 92,1.0 94,2.0 96,2.0 99,3.0 100,1.0 101,1.0 103,1.0 110,2.0 119,2.0 124,4.0 153,6.0 203,4.0 209,2.0 210,2.0 211,2.0 
13,6.0 17,2.0 18,2.0 27,2.0 28,3.0 29,1.0 30,3.0 32,2.0 33,4.0 37,7.0 39,2.0 46,2.0 50,1.0 60,1.0 63,3.0 80,1.0 84,2.0 89,3.0 90,4.0 91,8.0 92,1.0 94,3.0 96,13.0 97,1.0 100,2.0 102,2.0 104,2.0 105,2.0 109,1.0 110,4.0 114,1.0 115,1.0 116,1.0 118,2.0 124,1.0 127,1.0 131,1.0 145,2.0 149,2.0 150,8.0 200,2.0 201,2.0 202,2.0 203,2.0 205,2.0 214,1.0 227,2.0 228,2.0 246,1.0 247,1.0 248,1.0 285,3.0 311,1.0 318,1.0 
2,1.0 3,1.0 10,6.0 11,2.0 14,2.0 30,7.0 33,2.0 34,1.0 37,11.0 38,1.0 41,2.0 47,1.0 49,2.0 58,2.0 59,2.0 80,8.0 88,14.0 90,3.0 91,6.0 92,9.0 93,4.0 95,2.0 96,3.0 102,6.0 103,4.0 105,2.0 106,4.0 118,2.0 123,3.0 131,3.0 134,1.0 137,1.0 140,2.0 141,1.0 144,3.0 149,2.0 150,1.0 176,2.0 177,2.0 179,4.0 186,1.0 194,2.0 195,2.0 198,2.0 272,1.0 280,1.0 286,4.0 309,1.0 310,1.0 328,1.0 
20,1.0 37,2.0 89,2.0 91,2.0 96,4.0 106,2.0 107,1.0 109,1.0 150,1.0 250,1.0 258,1.0 317,1.0 
2,1.0 3,1.0 27,2.0 35,1.0 37,1.0 41,3.0 48,1.0 50,2.0 89,2.0 90,1.0 96,5.0 98,3.0 100,1.0 103,3.0 104,3.0 107,1.0 108,2.0 109,1.0 110,1.0 111,1.0 112,1.0 123,3.0 124,1.0 144,3.0 151,1.0 152,1.0 153,3.0 181,1.0 230,1.0 231,1.0 270,1.0 295,1.0 296,1.0 297,1.0 326,3.0 328,1.0 333,1.0 
14,4.0 27,1.0 35,1.0 50,1.0 89,1.0 90,3.0 96,1.0 98,1.0 106,1.0 108,1.0 114,3.0 115,3.0 116,3.0 257,1.0 259,1.0 307,1.0 308,1.0 
13,3.0 17,3.0 18,2.0 27,5.0 34,1.0 35,2.0 44,1.0 47,1.0 48,3.0 49,1.0 50,14.0 90,1.0 91,2.0 100,1.0 102,4.0 103,1.0 104,1.0 108,1.0 110,3.0 117,1.0 131,1.0 176,3.0 193,1.0 291,1.0 324,1.0 
17,1.0 27,4.0 39,3.0 49,6.0 50,3.0 77,3.0 83,2.0 89,3.0 90,5.0 91,3.0 92,7.0 94,2.0 96,3.0 100,3.0 103,1.0 106,4.0 108,2.0 110,1.0 114,1.0 115,1.0 116,1.0 119,3.0 120,3.0 121,3.0 124,7.0 131,1.0 143,1.0 159,1.0 160,1.0 161,1.0 176,4.0 220,3.0 223,2.0 304,1.0 318,1.0 
10,1.0 11,2.0 14,1.0 17,5.0 19,2.0 26,1.0 27,5.0 28,2.0 30,1.0 32,2.0 33,1.0 35,1.0 46,1.0 49,1.0 50,3.0 77,1.0 89,1.0 91,2.0 94,5.0 100,2.0 103,2.0 108,2.0 111,1.0 112,1.0 122,3.0 131,1.0 141,1.0 176,2.0 200,2.0 206,2.0 228,1.0 230,1.0 246,1.0 
4,4.0 33,3.0 46,3.0 65,2.0 112,3.0 113,3.0 128,3.0 129,3.0 130,3.0 131,1.0 250,1.0 
4,3.0 111,3.0 113,3.0 
4,3.0 92,3.0 
14,6.0 33,1.0 45,4.0 48,1.0 115,4.0 116,4.0 118,1.0 318,1.0 
14,6.0 45,4.0 48,1.0 114,4.0 116,4.0 318,1.0 
14,6.0 16,1.0 45,4.0 47,1.0 48,1.0 93,1.0 114,4.0 115,4.0 192,1.0 227,1.0 234,1.0 257,1.0 262,1.0 316,1.0 318,1.0 
18,1.0 26,1.0 30,4.0 31,2.0 34,1.0 42,1.0 44,1.0 47,1.0 49,2.0 50,1.0 80,1.0 91,1.0 100,1.0 104,1.0 108,2.0 118,6.0 122,1.0 150,1.0 176,1.0 192,1.0 
11,1.0 12,1.0 13,2.0 14,3.0 17,2.0 26,1.0 27,1.0 28,3.0 30,4.0 31,1.0 33,3.0 37,2.0 45,1.0 46,2.0 48,10.0 49,3.0 50,2.0 80,1.0 89,1.0 91,1.0 92,1.0 93,2.0 95,10.0 100,3.0 103,2.0 104,5.0 106,1.0 109,3.0 117,6.0 123,3.0 124,2.0 141,2.0 150,3.0 153,1.0 216,2.0 286,2.0 298,2.0 
14,2.0 27,4.0 30,2.0 49,3.0 77,3.0 92,3.0 94,4.0 98,2.0 104,3.0 109,3.0 120,3.0 121,3.0 124,8.0 251,1.0 
49,6.0 77,3.0 100,3.0 107,1.0 121,3.0 176,1.0 226,1.0 227,1.0 228,1.0 229,1.0 231,1.0 232,1.0 257,1.0 259,1.0 
9,1.0 44,1.0 47,2.0 49,6.0 50,1.0 77,4.0 94,1.0 100,4.0 110,1.0 120,3.0 122,1.0 131,2.0 250,1.0 267,2.0 
3,1.0 10,1.0 13,1.0 14,1.0 17,1.0 18,1.0 25,1.0 30,2.0 31,1.0 34,1.0 35,7.0 42,1.0 44,1.0 45,1.0 49,2.0 50,1.0 74,1.0 77,1.0 91,3.0 96,2.0 100,3.0 103,1.0 108,1.0 110,2.0 117,1.0 122,1.0 124,1.0 150,1.0 188,1.0 203,2.0 231,1.0 275,1.0 
10,1.0 13,1.0 14,1.0 17,1.0 18,1.0 27,3.0 37,3.0 74,3.0 80,3.0 94,5.0 95,12.0 96,1.0 98,3.0 103,1.0 110,1.0 119,2.0 124,5.0 125,3.0 126,3.0 131,2.0 143,2.0 183,2.0 208,2.0 212,1.0 221,2.0 275,2.0 302,2.0 329,1.0 
9,1.0 10,4.0 13,4.0 14,9.0 18,4.0 27,3.0 28,3.0 30,3.0 31,1.0 33,2.0 42,1.0 45,6.0 48,2.0 49,4.0 71,1.0 74,3.0 77,1.0 80,5.0 83,2.0 88,1.0 89,1.0 90,2.0 94,5.0 95,4.0 96,3.0 98,6.0 101,1.0 102,4.0 104,1.0 109,6.0 119,5.0 121,1.0 123,8.0 124,2.0 125,3.0 126,3.0 127,2.0 131,1.0 139,1.0 143,2.0 144,1.0 150,2.0 176,4.0 185,2.0 203,2.0 212,2.0 213,2.0 214,2.0 250,1.0 285,1.0 300,1.0 301,1.0 302,3.0 304,1.0 329,2.0 
0,3.0 27,3.0 74,3.0 119,1.0 126,3.0 127,3.0 
0,3.0 27,3.0 74,3.0 125,3.0 127,3.0 216,2.0 
0,3.0 1,2.0 2,1.0 33,3.0 46,3.0 96,1.0 109,2.0 111,3.0 128,3.0 137,2.0 142,3.0 143,3.0 185,2.0 300,1.0 301,1.0 
33,3.0 46,3.0 106,1.0 111,3.0 129,3.0 130,3.0 237,1.0 269,1.0 
27,3.0 39,3.0 48,3.0 90,1.0 94,1.0 95,1.0 130,3.0 131,1.0 138,1.0 319,1.0 330,1.0 
27,3.0 39,3.0 48,3.0 129,3.0 
2,1.0 10,1.0 13,3.0 27,1.0 28,1.0 33,4.0 44,1.0 46,7.0 49,2.0 50,4.0 88,1.0 90,2.0 94,6.0 95,15.0 96,2.0 100,3.0 101,1.0 108,1.0 118,2.0 123,4.0 124,2.0 143,1.0 176,6.0 181,1.0 208,1.0 212,1.0 262,2.0 302,1.0 309,1.0 329,1.0 
95,6.0 98,1.0 133,7.0 
95,6.0 98,1.0 128,1.0 132,7.0 177,1.0 236,1.0 237,1.0 268,1.0 269,1.0 
1,2.0 38,1.0 47,1.0 80,1.0 95,4.0 98,5.0 111,1.0 127,2.0 132,1.0 133,1.0 135,6.0 136,6.0 144,1.0 176,2.0 222,2.0 292,1.0 315,2.0 320,2.0 
14,1.0 27,1.0 43,1.0 50,1.0 95,4.0 98,3.0 131,1.0 136,8.0 138,2.0 183,1.0 205,1.0 227,1.0 228,3.0 229,1.0 230,1.0 231,5.0 232,3.0 233,1.0 235,1.0 248,2.0 276,1.0 301,1.0 313,1.0 
95,4.0 98,3.0 135,9.0 228,1.0 229,1.0 232,1.0 275,1.0 
38,1.0 44,1.0 49,4.0 71,3.0 80,1.0 93,2.0 95,4.0 98,1.0 100,4.0 104,1.0 134,1.0 139,3.0 144,2.0 176,2.0 198,1.0 205,1.0 280,1.0 311,1.0 321,1.0 
34,4.0 35,4.0 90,1.0 94,1.0 95,1.0 99,2.0 129,1.0 131,1.0 319,1.0 330,1.0 
5,1.0 11,1.0 12,1.0 14,1.0 17,1.0 28,1.0 45,1.0 71,5.0 98,3.0 118,1.0 176,1.0 319,1.0 
17,3.0 41,2.0 93,2.0 104,2.0 109,2.0 110,3.0 149,2.0 176,2.0 177,2.0 241,1.0 
16,1.0 24,1.0 30,5.0 39,2.0 91,23.0 96,6.0 100,4.0 103,2.0 104,2.0 109,3.0 116,1.0 180,2.0 181,2.0 182,4.0 183,2.0 184,2.0 216,1.0 262,1.0 316,1.0 
127,3.0 143,3.0 
14,2.0 41,3.0 47,2.0 48,2.0 94,8.0 95,2.0 99,3.0 103,1.0 106,3.0 109,2.0 120,1.0 121,2.0 125,1.0 212,2.0 214,2.0 228,1.0 229,1.0 231,1.0 257,1.0 267,2.0 319,3.0 
2,1.0 3,1.0 14,2.0 37,5.0 38,2.0 41,4.0 48,1.0 50,2.0 60,1.0 80,4.0 94,3.0 95,3.0 104,2.0 106,4.0 111,1.0 118,3.0 124,2.0 134,2.0 137,1.0 144,1.0 147,2.0 150,2.0 181,1.0 183,1.0 195,2.0 196,1.0 197,1.0 228,2.0 230,1.0 231,1.0 280,1.0 294,1.0 297,1.0 326,2.0 333,1.0 334,1.0 
96,2.0 146,2.0 147,1.0 148,1.0 149,2.0 150,2.0 181,1.0 327,2.0 337,1.0 
96,2.0 145,2.0 148,2.0 
1,1.0 38,4.0 83,3.0 89,2.0 103,2.0 145,1.0 148,2.0 188,2.0 296,1.0 
83,2.0 91,2.0 103,2.0 145,1.0 147,2.0 181,1.0 188,2.0 291,1.0 296,1.0 328,2.0 337,1.0 
38,3.0 41,2.0 104,2.0 140,2.0 145,2.0 147,3.0 150,2.0 176,2.0 177,2.0 
10,1.0 13,1.0 20,1.0 30,1.0 38,2.0 39,1.0 45,1.0 48,1.0 83,1.0 89,3.0 90,1.0 91,1.0 96,4.0 98,1.0 103,7.0 104,2.0 105,1.0 106,2.0 122,1.0 124,2.0 141,2.0 147,2.0 153,2.0 181,1.0 202,2.0 219,2.0 250,1.0 258,1.0 285,1.0 317,1.0 332,1.0 
47,3.0 48,3.0 80,2.0 108,1.0 152,5.0 188,2.0 293,1.0 
45,1.0 47,4.0 48,3.0 100,2.0 108,1.0 151,5.0 192,2.0 193,1.0 293,1.0 
30,8.0 103,3.0 104,6.0 106,3.0 
51,2.0 155,2.0 156,2.0 157,2.0 158,2.0 
51,2.0 154,2.0 156,2.0 157,2.0 158,2.0 
157,2.0 158,2.0 159,6.0 160,4.0 161,2.0 162,2.0 163,2.0 164,2.0 165,2.0 
51,3.0 156,2.0 158,2.0 159,2.0 160,5.0 161,2.0 164,3.0 167,3.0 168,3.0 169,3.0 170,3.0 
156,2.0 157,2.0 159,2.0 160,2.0 161,2.0 
51,2.0 156,4.0 157,3.0 159,9.0 160,18.0 161,3.0 162,6.0 163,6.0 164,12.0 165,6.0 166,6.0 167,3.0 168,3.0 
37,2.0 41,2.0 51,5.0 95,2.0 156,2.0 157,6.0 159,15.0 160,9.0 161,3.0 162,3.0 163,3.0 164,12.0 165,3.0 166,6.0 167,16.0 168,6.0 169,3.0 170,3.0 171,3.0 172,8.0 173,6.0 174,6.0 175,2.0 176,2.0 278,1.0 279,1.0 
51,1.0 156,2.0 159,6.0 160,3.0 162,3.0 163,3.0 
51,1.0 156,2.0 159,6.0 160,3.0 163,3.0 164,3.0 165,3.0 
51,1.0 156,2.0 159,6.0 160,3.0 162,3.0 164,3.0 165,3.0 
51,3.0 157,3.0 159,9.0 160,15.0 164,3.0 165,3.0 166,6.0 167,6.0 168,3.0 169,3.0 170,3.0 171,3.0 172,3.0 
159,6.0 160,6.0 164,6.0 166,3.0 
157,3.0 159,3.0 160,6.0 164,3.0 167,3.0 168,3.0 
37,2.0 41,2.0 51,7.0 95,3.0 104,1.0 137,1.0 144,1.0 157,3.0 160,12.0 164,3.0 167,5.0 168,3.0 169,3.0 170,3.0 171,3.0 172,11.0 173,6.0 174,6.0 175,2.0 176,2.0 278,4.0 279,4.0 280,1.0 
51,3.0 157,3.0 160,3.0 164,3.0 167,3.0 169,3.0 170,3.0 
51,3.0 160,3.0 164,3.0 167,3.0 170,3.0 171,3.0 172,3.0 
51,3.0 160,3.0 164,3.0 167,3.0 169,3.0 171,3.0 172,3.0 
160,6.0 167,6.0 172,5.0 173,3.0 174,3.0 278,2.0 
37,2.0 41,2.0 51,3.0 95,3.0 104,1.0 137,1.0 144,1.0 160,8.0 167,11.0 171,3.0 172,3.0 173,5.0 174,5.0 175,2.0 176,2.0 278,3.0 279,3.0 280,1.0 
37,2.0 41,2.0 51,1.0 95,2.0 160,3.0 167,4.0 172,3.0 174,3.0 175,2.0 176,2.0 278,1.0 279,1.0 
37,2.0 41,2.0 51,1.0 95,2.0 160,3.0 167,4.0 172,3.0 173,3.0 175,2.0 176,2.0 278,1.0 279,1.0 
37,2.0 41,4.0 95,2.0 104,2.0 140,2.0 149,2.0 176,4.0 
4,1.0 17,4.0 37,2.0 41,6.0 50,1.0 89,2.0 90,2.0 91,1.0 93,4.0 95,3.0 98,1.0 100,1.0 103,1.0 104,4.0 108,1.0 109,4.0 110,1.0 111,1.0 123,1.0 124,5.0 126,1.0 131,5.0 134,4.0 137,3.0 140,4.0 143,2.0 149,4.0 175,2.0 176,8.0 177,2.0 190,2.0 202,1.0 205,2.0 207,2.0 219,3.0 225,2.0 226,1.0 227,6.0 228,2.0 229,3.0 230,7.0 232,1.0 243,1.0 244,1.0 245,1.0 246,1.0 247,1.0 250,14.0 251,1.0 257,1.0 275,1.0 276,1.0 
128,1.0 133,1.0 178,4.0 236,1.0 237,1.0 268,1.0 269,1.0 
93,4.0 104,4.0 
47,1.0 90,2.0 91,4.0 94,1.0 100,1.0 143,1.0 264,2.0 265,2.0 266,2.0 
141,2.0 181,2.0 182,2.0 
27,1.0 28,1.0 38,2.0 89,1.0 91,1.0 96,1.0 144,1.0 148,1.0 177,2.0 181,1.0 182,2.0 198,1.0 291,2.0 292,2.0 302,1.0 331,2.0 332,1.0 333,1.0 334,1.0 337,3.0 338,2.0 341,2.0 342,1.0 343,1.0 
42,2.0 177,2.0 181,2.0 184,2.0 
14,1.0 28,1.0 48,1.0 91,1.0 98,2.0 118,1.0 135,1.0 141,2.0 144,1.0 182,2.0 184,2.0 205,1.0 229,2.0 230,2.0 233,1.0 250,1.0 251,1.0 275,4.0 280,2.0 294,1.0 298,1.0 
42,2.0 182,2.0 
109,2.0 127,2.0 
14,1.0 30,2.0 48,1.0 80,1.0 187,2.0 
30,2.0 186,2.0 
3,1.0 47,2.0 71,1.0 80,2.0 83,4.0 91,1.0 103,1.0 139,1.0 145,2.0 148,1.0 151,2.0 287,1.0 296,2.0 327,1.0 328,2.0 
39,2.0 49,2.0 100,2.0 190,6.0 193,2.0 
17,3.0 39,2.0 49,2.0 50,1.0 80,1.0 100,3.0 131,2.0 176,2.0 189,6.0 193,3.0 
46,2.0 47,2.0 100,2.0 
45,2.0 47,3.0 49,1.0 117,2.0 176,1.0 
27,2.0 28,2.0 39,1.0 42,1.0 45,5.0 47,3.0 49,2.0 100,1.0 106,1.0 152,1.0 189,2.0 190,3.0 193,2.0 195,1.0 199,1.0 228,1.0 290,4.0 291,1.0 292,1.0 
33,2.0 49,2.0 104,2.0 195,2.0 
10,1.0 27,2.0 28,4.0 32,1.0 33,6.0 49,7.0 80,2.0 91,3.0 92,2.0 122,1.0 124,1.0 193,2.0 205,1.0 228,5.0 231,1.0 290,2.0 298,2.0 326,2.0 
41,1.0 104,2.0 197,3.0 
41,1.0 104,2.0 196,3.0 
47,1.0 49,2.0 80,2.0 176,2.0 195,2.0 205,2.0 292,1.0 302,1.0 342,1.0 343,1.0 
33,2.0 49,2.0 91,2.0 106,1.0 193,1.0 290,1.0 
10,2.0 32,2.0 103,2.0 110,2.0 141,2.0 203,4.0 329,2.0 
84,2.0 150,2.0 
18,2.0 102,2.0 103,2.0 203,2.0 226,1.0 227,1.0 228,1.0 250,1.0 257,1.0 
10,2.0 18,6.0 90,2.0 96,4.0 102,4.0 122,2.0 124,2.0 141,2.0 200,4.0 229,1.0 230,1.0 329,3.0 
30,1.0 78,3.0 103,2.0 
18,2.0 32,1.0 90,2.0 96,2.0 135,1.0 136,1.0 176,2.0 183,1.0 198,2.0 203,2.0 226,2.0 227,1.0 229,3.0 230,2.0 250,3.0 251,1.0 257,1.0 275,2.0 283,1.0 284,1.0 
11,2.0 19,2.0 207,2.0 208,2.0 
89,2.0 102,2.0 103,2.0 208,2.0 209,2.0 210,2.0 
33,2.0 102,2.0 134,2.0 137,1.0 176,2.0 207,2.0 209,2.0 210,2.0 215,2.0 216,2.0 
102,2.0 210,2.0 211,2.0 
95,1.0 102,2.0 135,1.0 136,1.0 209,2.0 211,2.0 241,1.0 253,1.0 256,1.0 260,1.0 261,1.0 
88,2.0 
10,1.0 13,2.0 33,1.0 49,1.0 88,1.0 90,2.0 94,2.0 96,1.0 101,1.0 103,1.0 118,2.0 123,1.0 124,2.0 131,1.0 302,1.0 329,1.0 
119,2.0 
60,2.0 63,2.0 90,1.0 109,2.0 143,2.0 195,1.0 230,1.0 
33,2.0 216,2.0 217,2.0 
33,2.0 95,3.0 140,1.0 210,1.0 215,2.0 217,2.0 250,1.0 258,1.0 
18,2.0 
109,4.0 219,2.0 
109,2.0 123,4.0 131,2.0 218,2.0 
89,1.0 150,2.0 
96,2.0 
98,4.0 
176,4.0 
99,2.0 
226,2.0 
117,1.0 192,1.0 208,2.0 242,6.0 
46,1.0 63,2.0 93,1.0 99,1.0 116,1.0 120,1.0 136,1.0 176,4.0 202,1.0 205,1.0 226,2.0 228,6.0 229,3.0 230,9.0 232,2.0 234,4.0 235,2.0 250,6.0 257,3.0 259,1.0 263,1.0 275,1.0 276,1.0 314,1.0 315,1.0 
10,2.0 27,2.0 28,4.0 46,1.0 63,2.0 89,1.0 110,1.0 118,1.0 120,1.0 135,1.0 183,1.0 193,2.0 195,5.0 202,1.0 226,3.0 227,8.0 229,4.0 230,4.0 231,2.0 232,4.0 234,2.0 250,2.0 257,2.0 276,1.0 290,2.0 298,2.0 314,1.0 315,1.0 326,2.0 
28,1.0 91,1.0 92,2.0 118,1.0 120,1.0 135,4.0 136,1.0 183,2.0 195,1.0 205,3.0 226,4.0 228,2.0 230,9.0 231,3.0 248,1.0 250,4.0 251,1.0 257,1.0 275,1.0 298,1.0 313,1.0 329,1.0 
14,2.0 37,1.0 48,3.0 60,1.0 63,1.0 80,1.0 92,2.0 106,1.0 111,1.0 112,1.0 135,3.0 136,1.0 176,4.0 195,2.0 205,2.0 214,1.0 226,3.0 227,4.0 228,1.0 229,9.0 231,2.0 232,1.0 233,1.0 235,2.0 236,1.0 237,1.0 250,7.0 259,1.0 275,1.0 276,1.0 329,1.0 
14,1.0 27,1.0 48,1.0 89,1.0 106,1.0 118,1.0 120,1.0 122,1.0 135,5.0 138,2.0 226,1.0 228,4.0 229,1.0 230,1.0 232,2.0 257,1.0 275,1.0 297,1.0 298,1.0 
120,1.0 135,1.0 176,1.0 183,1.0 226,1.0 227,4.0 228,4.0 234,2.0 250,1.0 276,2.0 322,1.0 323,1.0 
111,1.0 112,1.0 230,1.0 
93,1.0 99,1.0 116,1.0 227,4.0 230,2.0 235,2.0 257,2.0 263,1.0 
43,1.0 195,1.0 230,2.0 232,1.0 236,1.0 237,1.0 276,1.0 
128,1.0 133,1.0 177,1.0 237,2.0 238,1.0 239,1.0 268,1.0 269,1.0 
4,1.0 30,1.0 104,1.0 106,1.0 128,1.0 236,1.0 238,1.0 239,1.0 269,1.0 
92,1.0 239,1.0 
92,1.0 238,1.0 
10,1.0 17,1.0 28,1.0 110,1.0 228,1.0 
98,1.0 253,1.0 256,1.0 257,1.0 260,1.0 261,1.0 
176,8.0 243,1.0 244,1.0 245,1.0 
91,1.0 103,1.0 176,1.0 244,1.0 245,1.0 246,1.0 247,1.0 
91,1.0 103,1.0 176,1.0 243,1.0 245,1.0 246,1.0 247,1.0 
91,1.0 103,1.0 176,1.0 243,1.0 244,1.0 246,1.0 247,1.0 
89,1.0 91,2.0 103,2.0 109,1.0 135,1.0 247,1.0 248,2.0 301,1.0 
91,1.0 94,1.0 103,1.0 246,1.0 248,1.0 
135,1.0 205,2.0 227,2.0 228,1.0 301,1.0 313,1.0 
141,1.0 
4,1.0 9,1.0 17,1.0 20,1.0 50,1.0 77,1.0 100,1.0 108,1.0 109,1.0 110,1.0 111,1.0 121,1.0 122,1.0 131,1.0 176,7.0 183,1.0 202,1.0 205,3.0 226,5.0 227,6.0 228,2.0 229,4.0 230,7.0 232,1.0 251,1.0 257,1.0 258,1.0 259,1.0 275,1.0 276,1.0 317,1.0 
34,1.0 35,1.0 49,1.0 100,1.0 135,2.0 231,2.0 252,1.0 253,1.0 254,1.0 255,1.0 256,1.0 274,1.0 
143,1.0 205,1.0 253,1.0 254,1.0 255,1.0 256,1.0 
205,1.0 241,1.0 252,1.0 254,1.0 255,1.0 256,2.0 257,1.0 260,1.0 261,1.0 
205,1.0 252,1.0 253,1.0 255,1.0 256,1.0 
205,1.0 252,1.0 253,1.0 254,1.0 256,1.0 
205,1.0 241,1.0 252,1.0 253,2.0 254,1.0 255,1.0 257,1.0 260,1.0 261,1.0 
90,1.0 93,1.0 98,1.0 99,1.0 116,1.0 120,1.0 135,2.0 202,1.0 216,1.0 226,2.0 227,3.0 228,2.0 229,1.0 231,1.0 234,2.0 250,1.0 263,1.0 282,1.0 283,1.0 
17,1.0 20,1.0 96,1.0 108,1.0 250,1.0 317,1.0 
28,1.0 120,2.0 126,1.0 143,1.0 227,1.0 232,1.0 305,1.0 306,1.0 
241,1.0 253,1.0 256,1.0 257,1.0 261,1.0 
241,1.0 253,1.0 256,1.0 257,1.0 260,1.0 
16,1.0 47,1.0 103,2.0 116,1.0 192,1.0 316,1.0 
90,2.0 99,1.0 179,2.0 227,1.0 234,1.0 257,1.0 264,2.0 265,2.0 266,2.0 
47,1.0 90,2.0 94,1.0 100,1.0 143,1.0 179,2.0 265,2.0 266,2.0 
47,1.0 90,2.0 94,1.0 100,1.0 143,1.0 179,2.0 264,2.0 266,2.0 
47,1.0 90,2.0 94,1.0 100,1.0 143,1.0 179,2.0 264,2.0 265,2.0 
44,1.0 47,2.0 94,1.0 121,2.0 131,2.0 
128,1.0 133,1.0 177,1.0 236,1.0 237,1.0 269,1.0 
106,1.0 128,1.0 237,1.0 
35,1.0 49,1.0 50,1.0 100,1.0 
31,1.0 42,1.0 117,1.0 118,1.0 
34,1.0 117,1.0 122,1.0 
247,1.0 
259,1.0 
46,1.0 98,2.0 135,1.0 136,1.0 183,4.0 205,1.0 226,1.0 227,1.0 228,1.0 229,2.0 230,1.0 250,1.0 280,2.0 
50,1.0 195,1.0 226,1.0 227,1.0 228,1.0 232,2.0 250,1.0 322,1.0 323,1.0 
80,1.0 109,1.0 
51,3.0 95,1.0 104,1.0 137,1.0 144,1.0 167,3.0 172,3.0 278,1.0 279,3.0 280,1.0 339,2.0 
51,3.0 95,1.0 104,1.0 137,1.0 144,1.0 167,3.0 172,3.0 278,3.0 279,1.0 280,1.0 
38,3.0 41,1.0 80,1.0 95,2.0 104,1.0 134,1.0 137,1.0 144,2.0 171,2.0 
96,2.0 
111,1.0 283,1.0 
34,1.0 111,1.0 282,1.0 284,1.0 
34,1.0 283,1.0 
9,1.0 77,1.0 91,1.0 103,2.0 121,1.0 124,1.0 250,1.0 
104,2.0 144,2.0 
103,1.0 188,1.0 
104,1.0 289,1.0 
104,1.0 288,1.0 
27,2.0 28,2.0 47,1.0 106,1.0 152,1.0 193,4.0 195,1.0 199,1.0 228,1.0 290,1.0 
45,1.0 47,1.0 181,2.0 193,1.0 292,2.0 338,2.0 
13,1.0 38,2.0 42,1.0 47,3.0 88,1.0 90,1.0 94,1.0 98,1.0 101,1.0 124,2.0 131,1.0 181,2.0 193,1.0 212,1.0 338,2.0 
48,1.0 151,1.0 152,1.0 
14,1.0 48,1.0 144,1.0 183,1.0 230,1.0 
144,1.0 296,1.0 
83,2.0 144,1.0 145,1.0 188,2.0 295,1.0 327,1.0 328,1.0 
48,1.0 106,1.0 230,1.0 231,1.0 
14,1.0 27,2.0 28,3.0 89,1.0 90,2.0 118,2.0 150,1.0 203,1.0 325,2.0 
61,1.0 91,1.0 
2,1.0 109,1.0 150,1.0 301,2.0 
2,1.0 109,1.0 135,1.0 150,1.0 205,1.0 227,1.0 248,1.0 300,2.0 
10,2.0 13,1.0 27,1.0 47,1.0 96,1.0 123,1.0 124,1.0 150,1.0 198,1.0 292,1.0 329,1.0 342,1.0 343,1.0 
28,1.0 91,1.0 246,1.0 259,1.0 304,1.0 305,1.0 
14,1.0 28,1.0 94,1.0 107,1.0 176,1.0 259,1.0 303,1.0 305,1.0 307,1.0 
28,1.0 259,1.0 306,1.0 
13,1.0 
14,1.0 107,1.0 308,1.0 
118,1.0 
103,2.0 310,1.0 
103,1.0 109,2.0 309,1.0 
94,2.0 
93,1.0 
227,1.0 228,1.0 248,1.0 
4,1.0 237,1.0 315,1.0 
4,1.0 176,2.0 237,1.0 314,1.0 320,2.0 
16,1.0 47,1.0 116,1.0 192,1.0 262,1.0 
17,1.0 20,1.0 108,1.0 250,1.0 258,1.0 
45,1.0 48,1.0 114,1.0 115,1.0 116,1.0 
5,1.0 17,1.0 49,1.0 90,1.0 94,1.0 95,1.0 98,3.0 99,3.0 100,1.0 123,3.0 129,1.0 131,1.0 138,1.0 330,1.0 
176,2.0 315,2.0 
44,1.0 98,1.0 107,1.0 
0,1.0 323,1.0 
0,1.0 322,1.0 
100,1.0 
90,2.0 298,2.0 
41,3.0 144,4.0 
146,2.0 148,1.0 
2,2.0 3,2.0 80,1.0 83,2.0 91,1.0 124,1.0 148,1.0 188,2.0 296,1.0 327,1.0 
10,4.0 13,1.0 14,1.0 28,1.0 94,1.0 96,1.0 123,1.0 124,1.0 135,1.0 143,1.0 195,2.0 228,2.0 229,1.0 230,1.0 231,1.0 302,1.0 
90,1.0 94,1.0 95,1.0 129,1.0 131,1.0 138,1.0 319,1.0 
96,1.0 181,1.0 
89,1.0 91,1.0 181,1.0 
144,1.0 181,1.0 334,1.0 
335,1.0 
336,1.0 
149,1.0 
148,1.0 181,3.0 198,1.0 291,2.0 302,1.0 341,2.0 342,1.0 343,1.0 
38,2.0 181,2.0 292,2.0 
340,2.0 
181,2.0 337,2.0 341,2.0 
181,2.0 198,1.0 291,1.0 302,1.0 337,2.0 342,1.0 343,1.0 
47,1.0 198,1.0 292,1.0 302,1.0 343,1.0 
47,1.0 198,1.0 292,1.0 302,1.0 342,1.0 
