1,43.0 2,37.0 3,41.0 4,37.0 7,2.0 8,10.0 9,10.0 10,10.0 15,28.0 16,2.0 27,4.0 28,14.0 39,4.0 40,6.0 43,4.0 47,4.0 48,4.0 49,1.0 50,1.0 52,4.0 77,4.0 78,4.0 81,4.0 86,4.0 87,4.0 88,4.0 89,4.0 
0,40.0 1,5.0 2,47.0 3,51.0 4,47.0 6,10.0 8,5.0 10,2.0 15,23.0 16,2.0 28,6.0 38,1.0 39,8.0 43,4.0 46,4.0 47,8.0 48,8.0 49,1.0 50,1.0 51,2.0 52,4.0 77,4.0 78,4.0 81,4.0 86,4.0 87,8.0 88,8.0 89,8.0 90,4.0 101,4.0 
0,9.0 1,5.0 3,71.0 4,75.0 5,22.0 7,10.0 11,10.0 12,18.0 15,8.0 17,6.0 22,2.0 26,4.0 35,4.0 37,2.0 38,4.0 40,4.0 41,8.0 43,6.0 46,2.0 47,2.0 48,2.0 49,1.0 50,1.0 52,4.0 114,2.0 115,2.0 
0,5.0 1,1.0 2,67.0 4,71.0 5,26.0 7,10.0 11,10.0 12,18.0 15,8.0 17,2.0 22,2.0 26,4.0 35,4.0 37,2.0 38,4.0 40,4.0 41,4.0 43,2.0 46,2.0 47,2.0 48,2.0 49,1.0 50,1.0 81,4.0 82,4.0 83,4.0 84,4.0 85,4.0 114,2.0 115,2.0 
0,5.0 1,1.0 2,71.0 3,71.0 5,26.0 7,10.0 11,10.0 12,18.0 15,8.0 17,6.0 22,2.0 26,4.0 35,4.0 37,2.0 38,4.0 40,4.0 41,8.0 43,6.0 46,2.0 47,2.0 48,2.0 49,1.0 50,1.0 52,4.0 114,2.0 115,2.0 
6,26.0 7,22.0 8,1.0 12,6.0 16,2.0 24,4.0 25,4.0 37,4.0 41,4.0 42,4.0 
1,10.0 2,12.0 3,12.0 4,12.0 7,22.0 8,26.0 9,26.0 10,26.0 16,4.0 28,2.0 37,4.0 42,6.0 
0,2.0 6,22.0 8,44.0 9,44.0 10,44.0 11,10.0 13,2.0 16,4.0 20,2.0 22,2.0 28,4.0 29,6.0 46,8.0 47,8.0 94,4.0 96,8.0 97,4.0 100,4.0 
0,32.0 1,37.0 2,1.0 3,1.0 4,1.0 6,1.0 7,1.0 9,66.0 10,70.0 14,12.0 15,13.0 21,2.0 23,8.0 28,14.0 30,4.0 38,5.0 39,4.0 40,6.0 45,6.0 46,4.0 52,4.0 61,4.0 101,4.0 
0,31.0 1,31.0 2,1.0 3,1.0 4,1.0 8,65.0 10,66.0 11,1.0 14,12.0 15,8.0 21,2.0 23,8.0 28,14.0 30,4.0 38,4.0 39,4.0 40,6.0 45,2.0 111,4.0 112,1.0 166,1.0 167,1.0 168,1.0 
0,31.0 1,31.0 2,1.0 3,1.0 4,1.0 8,69.0 9,66.0 11,1.0 14,12.0 15,8.0 17,4.0 21,2.0 23,8.0 28,14.0 30,4.0 38,4.0 39,4.0 40,6.0 43,4.0 45,6.0 51,4.0 52,8.0 61,4.0 112,1.0 166,1.0 167,1.0 168,1.0 
7,10.0 8,10.0 9,10.0 10,10.0 22,2.0 112,5.0 113,4.0 166,1.0 167,1.0 168,1.0 
0,2.0 5,6.0 6,2.0 7,6.0 13,8.0 16,4.0 17,2.0 18,8.0 19,2.0 24,4.0 25,4.0 26,4.0 37,2.0 41,4.0 43,2.0 44,2.0 53,4.0 54,4.0 55,4.0 56,8.0 66,4.0 114,2.0 115,2.0 116,2.0 117,2.0 
7,2.0 8,4.0 9,4.0 10,4.0 28,4.0 37,2.0 39,4.0 44,2.0 48,4.0 56,4.0 57,6.0 66,4.0 67,4.0 68,4.0 69,4.0 70,4.0 73,4.0 74,4.0 118,2.0 119,2.0 120,2.0 
1,10.0 6,12.0 16,2.0 21,2.0 28,2.0 42,2.0 44,4.0 45,2.0 55,4.0 59,4.0 71,4.0 72,4.0 
0,29.0 1,28.0 2,8.0 3,12.0 4,8.0 8,17.0 9,12.0 10,16.0 27,4.0 28,16.0 38,7.0 39,4.0 40,4.0 43,4.0 46,4.0 47,4.0 48,4.0 51,4.0 52,4.0 77,4.0 78,4.0 81,4.0 86,4.0 87,4.0 88,4.0 89,8.0 101,4.0 105,4.0 107,4.0 
0,2.0 1,2.0 2,2.0 3,2.0 4,2.0 6,4.0 7,4.0 8,4.0 9,4.0 10,4.0 12,4.0 26,4.0 41,4.0 42,4.0 56,4.0 64,3.0 65,3.0 
12,6.0 18,2.0 19,2.0 41,4.0 42,4.0 43,8.0 52,8.0 53,8.0 54,8.0 60,4.0 75,4.0 76,4.0 
7,8.0 19,2.0 20,2.0 29,6.0 
7,2.0 18,2.0 20,2.0 
7,2.0 8,2.0 9,2.0 10,2.0 
1,2.0 6,2.0 14,2.0 16,5.0 26,4.0 42,3.0 45,4.0 53,4.0 56,3.0 59,4.0 62,4.0 63,4.0 64,4.0 65,4.0 
7,2.0 8,2.0 9,2.0 10,2.0 11,2.0 
5,4.0 12,4.0 24,8.0 30,8.0 31,4.0 122,2.0 146,6.0 
5,4.0 12,4.0 25,4.0 31,4.0 32,4.0 
2,4.0 3,4.0 4,4.0 
0,4.0 12,4.0 13,4.0 15,4.0 16,3.0 21,4.0 27,4.0 41,4.0 42,3.0 45,4.0 56,7.0 64,4.0 65,4.0 66,4.0 
0,4.0 8,8.0 9,8.0 10,8.0 15,4.0 36,4.0 37,4.0 38,4.0 49,4.0 50,4.0 
0,14.0 1,6.0 2,20.0 3,20.0 4,20.0 6,2.0 7,4.0 10,4.0 15,16.0 38,6.0 39,8.0 40,6.0 42,2.0 46,4.0 47,8.0 48,4.0 51,4.0 74,4.0 81,4.0 89,8.0 94,4.0 96,4.0 105,4.0 107,8.0 108,4.0 
7,6.0 8,6.0 9,6.0 10,6.0 
23,4.0 24,4.0 31,4.0 121,4.0 
24,4.0 32,4.0 
33,4.0 
34,4.0 
2,4.0 3,4.0 4,4.0 
27,4.0 36,4.0 37,4.0 38,4.0 
8,4.0 9,4.0 10,4.0 27,4.0 37,4.0 38,4.0 
6,4.0 8,10.0 9,10.0 10,10.0 13,2.0 27,4.0 36,4.0 38,4.0 42,4.0 44,2.0 46,2.0 47,2.0 48,2.0 49,2.0 50,2.0 
0,1.0 1,2.0 2,4.0 3,4.0 4,4.0 8,9.0 9,8.0 10,10.0 15,7.0 27,4.0 28,6.0 36,4.0 37,4.0 39,4.0 40,4.0 51,2.0 90,3.0 121,7.0 146,2.0 
1,4.0 2,8.0 3,4.0 4,8.0 28,8.0 38,4.0 47,4.0 48,8.0 74,4.0 87,4.0 88,4.0 89,4.0 90,4.0 122,2.0 162,2.0 
0,6.0 2,6.0 3,6.0 4,6.0 8,4.0 9,4.0 10,4.0 15,4.0 28,6.0 38,4.0 144,2.0 145,2.0 
5,4.0 6,4.0 12,4.0 13,4.0 17,4.0 26,4.0 37,4.0 42,4.0 43,4.0 52,4.0 56,4.0 66,4.0 75,4.0 76,4.0 
2,2.0 3,2.0 4,2.0 6,6.0 8,8.0 9,4.0 10,8.0 12,4.0 16,4.0 26,4.0 28,2.0 37,4.0 41,4.0 56,8.0 60,8.0 64,3.0 65,3.0 
12,6.0 13,2.0 17,12.0 37,2.0 41,4.0 42,4.0 44,6.0 52,12.0 53,8.0 54,8.0 58,4.0 59,4.0 60,4.0 75,4.0 76,4.0 77,4.0 78,4.0 
8,2.0 9,2.0 10,2.0 13,6.0 37,2.0 55,4.0 57,4.0 72,4.0 73,4.0 162,2.0 164,2.0 
6,2.0 14,2.0 16,3.0 21,8.0 26,4.0 28,2.0 42,5.0 52,4.0 53,4.0 56,3.0 58,4.0 59,4.0 61,8.0 64,4.0 65,4.0 79,4.0 80,4.0 
1,4.0 7,8.0 8,4.0 15,4.0 28,4.0 37,2.0 47,10.0 48,2.0 49,2.0 50,2.0 94,4.0 96,8.0 97,4.0 100,4.0 101,4.0 130,2.0 154,2.0 
1,4.0 7,8.0 28,8.0 37,2.0 39,4.0 46,10.0 48,6.0 49,2.0 50,2.0 87,4.0 88,4.0 89,8.0 90,4.0 94,4.0 96,8.0 97,4.0 100,4.0 107,4.0 108,4.0 
1,4.0 2,4.0 4,4.0 28,4.0 37,2.0 39,8.0 46,2.0 47,6.0 49,2.0 50,2.0 74,4.0 87,4.0 88,4.0 89,4.0 90,4.0 111,2.0 121,4.0 146,2.0 154,2.0 160,2.0 
15,2.0 21,4.0 26,4.0 28,2.0 38,2.0 45,4.0 50,7.0 113,1.0 
15,2.0 21,4.0 26,4.0 28,2.0 38,2.0 45,4.0 49,7.0 113,1.0 
10,4.0 17,4.0 43,4.0 52,4.0 
12,4.0 17,8.0 41,4.0 42,4.0 43,12.0 45,4.0 53,4.0 54,4.0 60,4.0 61,4.0 75,4.0 76,4.0 77,4.0 78,4.0 79,4.0 80,4.0 
12,4.0 17,4.0 21,4.0 42,4.0 54,8.0 55,4.0 56,4.0 59,4.0 60,4.0 62,4.0 63,4.0 
12,4.0 17,4.0 42,4.0 53,8.0 55,4.0 56,4.0 60,4.0 
13,4.0 44,4.0 56,4.0 57,8.0 72,4.0 73,4.0 
12,4.0 13,4.0 16,4.0 26,4.0 41,4.0 42,4.0 45,4.0 55,4.0 57,4.0 58,4.0 61,4.0 64,3.0 65,3.0 66,4.0 67,4.0 68,4.0 69,4.0 70,4.0 
13,6.0 28,4.0 39,4.0 43,4.0 48,4.0 58,4.0 59,4.0 73,4.0 74,4.0 80,4.0 118,2.0 119,2.0 120,2.0 148,4.0 
17,4.0 21,4.0 43,4.0 45,4.0 53,8.0 54,4.0 59,8.0 61,4.0 
14,4.0 17,4.0 21,4.0 43,4.0 44,4.0 53,8.0 54,4.0 55,4.0 58,4.0 62,4.0 63,4.0 71,4.0 72,4.0 
8,4.0 10,4.0 42,8.0 56,4.0 
21,4.0 45,8.0 52,4.0 53,4.0 58,4.0 59,4.0 79,4.0 80,4.0 
27,4.0 63,4.0 
27,4.0 62,4.0 
12,3.0 16,4.0 26,3.0 41,3.0 42,4.0 56,4.0 65,4.0 122,8.0 144,2.0 162,2.0 
12,3.0 16,4.0 26,3.0 41,3.0 42,4.0 56,4.0 64,4.0 
13,4.0 56,4.0 67,4.0 68,4.0 69,4.0 70,4.0 
14,4.0 59,4.0 68,4.0 69,4.0 70,4.0 71,4.0 
14,4.0 59,4.0 67,4.0 69,4.0 70,4.0 71,4.0 
14,4.0 59,4.0 67,4.0 68,4.0 70,4.0 71,4.0 
14,4.0 59,4.0 67,4.0 68,4.0 69,4.0 71,4.0 
14,4.0 44,4.0 55,4.0 59,4.0 72,4.0 
13,4.0 44,4.0 55,4.0 57,8.0 73,4.0 148,4.0 
13,4.0 28,4.0 39,4.0 48,4.0 57,4.0 74,4.0 
2,4.0 4,4.0 28,4.0 39,4.0 48,4.0 
0,4.0 1,4.0 15,4.0 76,4.0 
0,4.0 1,4.0 15,4.0 75,4.0 
42,4.0 43,4.0 52,4.0 60,4.0 78,4.0 
42,4.0 43,4.0 52,4.0 60,4.0 77,4.0 
0,4.0 1,4.0 15,4.0 28,4.0 80,4.0 
0,4.0 1,4.0 15,4.0 23,4.0 28,4.0 79,4.0 140,4.0 149,4.0 
3,4.0 82,4.0 83,4.0 84,4.0 85,4.0 
0,4.0 1,4.0 15,4.0 83,4.0 84,4.0 85,4.0 86,4.0 
0,4.0 1,4.0 15,4.0 82,4.0 84,4.0 85,4.0 86,4.0 
0,4.0 1,4.0 15,4.0 82,4.0 83,4.0 85,4.0 86,4.0 
0,4.0 1,4.0 15,4.0 82,4.0 83,4.0 84,4.0 86,4.0 
0,4.0 1,8.0 15,4.0 39,4.0 47,4.0 48,4.0 87,4.0 88,4.0 89,4.0 137,2.0 
1,4.0 39,4.0 47,4.0 48,4.0 88,4.0 89,4.0 90,4.0 
1,4.0 39,4.0 47,4.0 48,4.0 87,4.0 89,4.0 90,4.0 160,2.0 
1,4.0 15,4.0 28,8.0 39,4.0 47,8.0 48,4.0 87,4.0 88,4.0 90,4.0 105,4.0 107,8.0 108,4.0 
64,8.0 91,4.0 122,3.0 126,4.0 131,4.0 135,4.0 147,2.0 
92,4.0 
93,4.0 
94,4.0 
94,4.0 95,36.0 97,4.0 
7,4.0 28,4.0 46,4.0 47,4.0 94,24.0 95,4.0 96,4.0 97,8.0 98,4.0 
7,8.0 28,4.0 46,8.0 47,8.0 94,4.0 97,4.0 100,4.0 
1,4.0 8,4.0 15,4.0 46,4.0 95,4.0 98,4.0 
99,4.0 
7,4.0 46,4.0 47,4.0 96,4.0 100,4.0 
7,4.0 46,4.0 47,4.0 96,4.0 97,4.0 
102,4.0 125,2.0 147,2.0 
103,4.0 
104,4.0 
105,4.0 
105,4.0 106,36.0 108,4.0 
15,4.0 28,4.0 89,4.0 105,24.0 106,4.0 107,4.0 108,8.0 109,4.0 
15,4.0 28,8.0 47,4.0 89,8.0 105,4.0 108,4.0 
9,4.0 106,4.0 109,4.0 
110,4.0 
28,4.0 47,4.0 89,4.0 107,4.0 
11,4.0 48,2.0 112,4.0 157,2.0 
11,5.0 113,4.0 166,1.0 167,1.0 168,1.0 
0,4.0 1,4.0 2,4.0 38,7.0 101,2.0 121,15.0 124,6.0 
12,2.0 115,2.0 116,2.0 117,2.0 
12,2.0 114,2.0 116,2.0 117,2.0 
13,2.0 57,2.0 117,2.0 118,2.0 
13,2.0 57,2.0 116,2.0 118,2.0 
13,2.0 57,2.0 119,2.0 120,2.0 
1,2.0 15,2.0 28,2.0 120,2.0 
1,2.0 15,2.0 28,2.0 119,2.0 
23,2.0 38,3.0 90,19.0 124,4.0 125,4.0 128,16.0 134,4.0 146,2.0 
80,4.0 113,9.0 123,8.0 125,2.0 127,4.0 132,2.0 136,4.0 150,4.0 159,2.0 
113,6.0 121,4.0 130,4.0 136,4.0 145,4.0 
101,2.0 121,4.0 128,4.0 137,4.0 144,4.0 147,4.0 
90,4.0 127,4.0 128,4.0 130,4.0 136,2.0 138,4.0 147,2.0 
122,4.0 132,2.0 137,2.0 162,2.0 
38,2.0 48,4.0 121,4.0 143,4.0 161,2.0 
124,4.0 125,4.0 129,4.0 131,4.0 133,4.0 147,2.0 155,4.0 161,2.0 
130,4.0 
1,1.0 8,1.0 15,1.0 38,1.0 113,9.0 126,2.0 127,4.0 132,4.0 134,4.0 136,2.0 153,4.0 154,2.0 
122,4.0 130,4.0 
121,10.0 123,4.0 157,2.0 
130,4.0 
132,4.0 146,4.0 
122,4.0 
86,2.0 124,4.0 126,2.0 137,4.0 
125,8.0 146,4.0 152,2.0 157,2.0 
46,2.0 139,4.0 
140,4.0 
141,4.0 148,4.0 
142,4.0 
125,4.0 
137,4.0 
40,2.0 113,2.0 123,4.0 145,2.0 159,2.0 
23,4.0 48,2.0 157,2.0 
39,2.0 64,2.0 123,4.0 124,4.0 138,2.0 147,4.0 153,2.0 155,2.0 156,2.0 
40,2.0 43,4.0 48,2.0 64,2.0 72,4.0 126,2.0 144,2.0 154,2.0 
57,4.0 80,8.0 
122,4.0 149,4.0 150,32.0 151,4.0 
80,4.0 122,8.0 149,24.0 150,4.0 152,4.0 
150,4.0 
23,2.0 149,4.0 158,2.0 
130,2.0 154,4.0 
48,2.0 111,2.0 113,2.0 130,2.0 132,4.0 
122,2.0 130,4.0 
130,2.0 
121,2.0 152,2.0 163,4.0 
122,2.0 
88,2.0 160,2.0 
128,2.0 146,2.0 165,2.0 
144,2.0 146,2.0 
123,2.0 127,4.0 145,2.0 
90,2.0 128,2.0 
111,2.0 
39,2.0 
11,1.0 112,1.0 167,1.0 168,1.0 
11,1.0 112,1.0 166,1.0 168,1.0 
11,1.0 112,1.0 166,1.0 167,1.0 
