1,35.0 2,4.0 3,4.0 4,6.0 5,2.0 6,1.0 7,3.0 8,5.0 9,3.0 14,5.0 15,5.0 16,15.0 17,18.0 18,11.0 19,7.0 20,2.0 22,4.0 23,3.0 24,1.0 28,4.0 29,5.0 30,2.0 32,1.0 33,39.0 34,2.0 38,1.0 39,3.0 43,2.0 44,4.0 45,6.0 47,1.0 53,2.0 54,2.0 63,2.0 74,1.0 92,1.0 93,1.0 95,1.0 97,4.0 103,2.0 105,4.0 115,1.0 120,1.0 136,2.0 137,2.0 
0,35.0 2,4.0 3,4.0 4,4.0 5,2.0 7,2.0 8,3.0 9,3.0 14,2.0 15,2.0 16,2.0 17,6.0 18,7.0 19,7.0 24,1.0 29,1.0 45,3.0 47,1.0 63,2.0 92,1.0 93,1.0 95,1.0 97,4.0 103,2.0 105,4.0 120,1.0 136,2.0 137,2.0 
0,1.0 3,13.0 4,5.0 5,5.0 6,3.0 7,3.0 12,5.0 13,5.0 14,1.0 18,1.0 22,1.0 29,1.0 31,1.0 33,1.0 46,3.0 47,5.0 51,2.0 63,1.0 77,3.0 78,3.0 80,14.0 92,2.0 93,2.0 94,1.0 
2,13.0 4,5.0 5,5.0 12,5.0 13,5.0 29,1.0 47,2.0 63,1.0 93,3.0 94,1.0 99,1.0 100,1.0 
0,4.0 1,3.0 2,1.0 3,1.0 5,28.0 6,11.0 7,6.0 8,3.0 12,2.0 13,1.0 14,7.0 15,5.0 18,1.0 22,1.0 25,1.0 26,2.0 28,4.0 29,5.0 30,29.0 31,2.0 33,1.0 35,3.0 38,2.0 39,2.0 43,3.0 46,2.0 47,3.0 48,2.0 49,5.0 50,1.0 53,2.0 54,2.0 63,2.0 69,2.0 70,2.0 71,2.0 79,2.0 83,3.0 86,1.0 90,1.0 93,1.0 94,1.0 95,2.0 101,4.0 118,1.0 136,6.0 138,2.0 
0,5.0 1,4.0 2,1.0 3,1.0 4,26.0 6,8.0 7,6.0 12,1.0 13,1.0 14,5.0 15,7.0 28,1.0 29,3.0 33,1.0 47,1.0 49,3.0 63,2.0 83,4.0 93,2.0 94,1.0 95,3.0 100,1.0 101,7.0 102,2.0 122,1.0 124,1.0 136,4.0 138,2.0 
0,1.0 1,1.0 7,47.0 8,8.0 9,4.0 10,4.0 11,2.0 12,5.0 13,4.0 14,14.0 15,8.0 16,9.0 17,9.0 20,2.0 21,1.0 22,2.0 23,4.0 24,1.0 25,1.0 26,3.0 27,2.0 28,2.0 29,1.0 31,6.0 34,1.0 35,15.0 36,2.0 43,5.0 44,4.0 45,10.0 47,1.0 49,1.0 51,2.0 52,1.0 54,1.0 67,1.0 69,1.0 77,5.0 78,4.0 83,1.0 84,1.0 92,2.0 93,1.0 103,2.0 105,3.0 109,1.0 110,1.0 
0,5.0 1,5.0 6,45.0 8,8.0 9,4.0 10,4.0 11,2.0 12,4.0 13,4.0 14,8.0 15,11.0 16,9.0 17,14.0 20,1.0 21,2.0 23,4.0 24,2.0 26,2.0 27,3.0 28,2.0 29,1.0 43,4.0 44,1.0 45,11.0 47,1.0 49,1.0 51,2.0 54,1.0 77,4.0 78,4.0 83,2.0 92,3.0 93,1.0 97,5.0 98,2.0 102,3.0 103,19.0 104,1.0 105,8.0 119,1.0 120,1.0 122,1.0 128,1.0 
0,3.0 1,1.0 2,4.0 3,2.0 4,1.0 5,1.0 6,1.0 7,2.0 9,8.0 10,5.0 11,4.0 14,1.0 15,1.0 16,1.0 17,2.0 20,2.0 23,3.0 24,3.0 28,2.0 29,1.0 33,2.0 34,2.0 38,2.0 39,2.0 43,22.0 44,1.0 45,1.0 46,1.0 47,1.0 57,2.0 77,1.0 78,1.0 79,1.0 80,2.0 92,1.0 97,1.0 98,1.0 103,1.0 105,1.0 
0,1.0 1,1.0 2,2.0 3,2.0 7,1.0 8,8.0 10,4.0 11,4.0 17,1.0 92,1.0 97,1.0 98,1.0 103,1.0 
2,2.0 3,2.0 6,1.0 7,1.0 8,4.0 9,4.0 11,4.0 48,2.0 49,2.0 
0,2.0 1,2.0 2,2.0 3,2.0 8,2.0 9,2.0 10,2.0 
0,1.0 1,1.0 4,6.0 5,3.0 6,2.0 7,2.0 13,18.0 14,8.0 15,8.0 16,1.0 18,1.0 22,1.0 23,2.0 24,2.0 25,14.0 26,4.0 30,3.0 32,1.0 38,3.0 39,2.0 44,1.0 45,1.0 46,1.0 47,1.0 49,1.0 50,1.0 51,1.0 63,2.0 74,3.0 83,1.0 92,1.0 94,1.0 98,1.0 
0,1.0 1,1.0 4,3.0 5,4.0 6,2.0 7,2.0 12,18.0 14,4.0 15,4.0 23,2.0 24,2.0 49,1.0 63,2.0 74,3.0 83,1.0 92,1.0 94,1.0 98,1.0 101,1.0 123,1.0 
0,1.0 1,1.0 2,1.0 3,1.0 4,6.0 5,3.0 6,11.0 7,8.0 8,2.0 15,39.0 16,13.0 17,10.0 18,1.0 19,1.0 20,1.0 26,6.0 27,4.0 29,2.0 30,3.0 31,20.0 32,3.0 33,1.0 34,2.0 35,3.0 37,1.0 38,2.0 39,2.0 43,2.0 44,1.0 45,7.0 48,1.0 49,1.0 50,2.0 51,4.0 54,1.0 63,1.0 69,1.0 77,1.0 78,1.0 81,1.0 86,1.0 89,1.0 92,2.0 105,5.0 109,1.0 119,1.0 
0,1.0 1,1.0 2,1.0 3,1.0 4,3.0 5,4.0 6,8.0 7,14.0 8,1.0 14,39.0 16,10.0 17,10.0 18,1.0 19,1.0 20,1.0 26,6.0 27,5.0 29,2.0 34,1.0 43,1.0 45,6.0 51,2.0 54,1.0 63,1.0 77,1.0 78,1.0 92,3.0 95,1.0 98,1.0 101,1.0 102,10.0 103,6.0 105,6.0 106,1.0 119,2.0 121,1.0 
0,9.0 4,4.0 5,1.0 6,11.0 7,10.0 8,2.0 14,2.0 15,2.0 17,48.0 18,9.0 19,4.0 20,5.0 22,6.0 23,6.0 24,4.0 28,4.0 29,1.0 30,3.0 32,14.0 33,9.0 34,2.0 35,1.0 36,1.0 38,1.0 39,2.0 43,3.0 44,2.0 45,4.0 46,1.0 47,3.0 48,1.0 49,1.0 51,4.0 52,1.0 53,2.0 59,1.0 62,2.0 63,2.0 77,4.0 78,1.0 84,3.0 85,1.0 92,2.0 93,2.0 110,1.0 114,1.0 136,2.0 
0,14.0 1,7.0 4,2.0 5,2.0 6,10.0 7,14.0 8,2.0 14,2.0 15,3.0 16,48.0 18,9.0 19,4.0 20,5.0 22,5.0 23,6.0 24,5.0 28,4.0 29,1.0 30,1.0 33,7.0 39,2.0 43,2.0 44,1.0 45,5.0 46,1.0 47,3.0 51,4.0 62,2.0 63,2.0 77,1.0 78,1.0 83,1.0 92,5.0 93,3.0 97,18.0 98,2.0 100,1.0 101,1.0 102,1.0 103,4.0 105,2.0 122,1.0 136,2.0 
0,11.0 1,4.0 2,1.0 3,1.0 4,4.0 5,2.0 6,1.0 8,1.0 12,5.0 13,2.0 16,3.0 17,4.0 19,19.0 20,4.0 21,4.0 22,35.0 23,3.0 25,3.0 26,3.0 30,2.0 33,7.0 35,1.0 43,1.0 44,1.0 45,1.0 46,1.0 47,3.0 48,1.0 49,1.0 51,5.0 53,3.0 54,3.0 63,2.0 67,2.0 69,3.0 77,1.0 78,3.0 92,6.0 93,2.0 94,2.0 96,2.0 97,1.0 98,1.0 
0,4.0 1,4.0 2,1.0 3,1.0 4,1.0 5,1.0 17,1.0 18,19.0 20,4.0 21,4.0 45,1.0 47,2.0 63,2.0 77,1.0 78,3.0 92,1.0 93,2.0 94,2.0 96,2.0 97,1.0 98,1.0 
4,3.0 6,1.0 7,1.0 14,1.0 18,4.0 19,4.0 21,5.0 28,1.0 30,3.0 31,1.0 55,1.0 73,1.0 
2,2.0 3,2.0 4,2.0 5,2.0 7,1.0 14,1.0 15,1.0 103,1.0 128,1.0 
0,7.0 4,3.0 5,1.0 6,1.0 8,1.0 12,5.0 13,2.0 16,3.0 17,3.0 18,35.0 23,3.0 25,3.0 26,3.0 30,2.0 33,12.0 35,1.0 36,7.0 37,5.0 43,1.0 44,1.0 46,1.0 47,1.0 48,1.0 49,1.0 51,5.0 53,3.0 54,3.0 67,2.0 69,3.0 80,2.0 85,2.0 87,2.0 88,2.0 92,5.0 
6,2.0 7,1.0 8,3.0 12,2.0 13,2.0 16,4.0 17,4.0 24,11.0 34,1.0 35,1.0 42,1.0 43,3.0 77,1.0 78,1.0 
0,1.0 1,1.0 2,1.0 4,1.0 6,4.0 7,3.0 18,2.0 22,2.0 30,1.0 35,2.0 75,3.0 80,1.0 103,1.0 120,2.0 
4,3.0 12,14.0 14,4.0 15,4.0 16,1.0 18,1.0 22,1.0 26,4.0 30,3.0 32,1.0 38,3.0 39,2.0 44,1.0 45,1.0 46,1.0 47,1.0 50,1.0 51,1.0 
6,3.0 7,2.0 14,4.0 15,4.0 27,7.0 35,1.0 43,1.0 52,1.0 70,1.0 77,1.0 78,1.0 114,3.0 
0,1.0 6,2.0 7,3.0 12,1.0 13,1.0 18,2.0 22,2.0 33,1.0 47,1.0 93,1.0 103,1.0 104,1.0 
0,4.0 4,2.0 6,1.0 7,1.0 8,1.0 16,1.0 17,1.0 29,9.0 30,2.0 33,6.0 37,2.0 43,1.0 80,1.0 87,1.0 
0,1.0 1,1.0 4,3.0 5,2.0 8,1.0 12,5.0 13,2.0 25,3.0 30,1.0 42,1.0 43,1.0 46,1.0 47,2.0 93,1.0 95,4.0 
4,29.0 6,3.0 8,3.0 12,1.0 14,2.0 18,1.0 22,1.0 25,1.0 26,2.0 28,3.0 29,2.0 31,2.0 35,3.0 38,2.0 39,2.0 43,3.0 46,4.0 47,2.0 48,2.0 49,2.0 50,1.0 53,2.0 54,2.0 69,2.0 70,2.0 71,2.0 79,2.0 86,1.0 90,1.0 112,2.0 113,2.0 118,1.0 
4,3.0 6,3.0 8,1.0 14,20.0 16,3.0 30,5.0 32,3.0 33,1.0 34,1.0 35,3.0 37,1.0 38,2.0 39,2.0 43,1.0 44,1.0 45,1.0 48,1.0 49,1.0 50,2.0 51,2.0 69,1.0 81,1.0 86,1.0 89,1.0 109,1.0 111,2.0 112,2.0 
0,2.0 4,2.0 6,1.0 16,14.0 22,1.0 30,2.0 33,2.0 34,2.0 35,1.0 36,1.0 38,1.0 43,1.0 44,1.0 48,1.0 49,1.0 52,1.0 53,2.0 59,1.0 77,3.0 84,3.0 85,1.0 110,1.0 114,1.0 
0,39.0 4,3.0 6,1.0 7,1.0 8,2.0 12,1.0 14,5.0 15,3.0 16,15.0 17,12.0 18,4.0 20,2.0 22,5.0 23,3.0 25,1.0 28,6.0 29,4.0 30,3.0 31,2.0 32,3.0 34,2.0 36,1.0 37,13.0 38,3.0 39,3.0 43,3.0 44,4.0 45,3.0 52,1.0 53,2.0 54,2.0 59,2.0 74,1.0 85,2.0 86,2.0 89,1.0 115,1.0 
0,2.0 6,1.0 8,2.0 14,1.0 15,1.0 20,6.0 33,2.0 35,1.0 43,2.0 73,1.0 
6,15.0 12,1.0 14,6.0 20,1.0 22,2.0 25,1.0 26,1.0 31,6.0 34,1.0 36,2.0 43,1.0 44,3.0 52,1.0 67,1.0 69,1.0 77,1.0 84,1.0 109,1.0 110,1.0 
22,7.0 33,5.0 37,5.0 80,2.0 85,2.0 87,2.0 88,2.0 
4,1.0 12,1.0 14,2.0 16,2.0 22,1.0 25,1.0 28,2.0 30,1.0 31,2.0 32,2.0 33,13.0 36,1.0 38,2.0 43,1.0 52,1.0 59,2.0 85,2.0 86,2.0 89,1.0 
0,1.0 4,2.0 8,2.0 12,2.0 14,2.0 25,2.0 30,2.0 31,2.0 33,1.0 39,11.0 43,2.0 46,1.0 47,1.0 77,1.0 84,1.0 
12,1.0 16,3.0 17,2.0 18,1.0 22,1.0 25,1.0 32,1.0 40,1.0 41,2.0 48,1.0 49,1.0 67,1.0 73,1.0 90,2.0 108,1.0 136,2.0 
23,1.0 41,1.0 42,1.0 
23,1.0 40,1.0 42,3.0 
6,1.0 14,1.0 23,1.0 31,1.0 34,1.0 35,1.0 48,1.0 49,1.0 64,3.0 
0,2.0 2,3.0 4,1.0 5,1.0 6,1.0 7,1.0 8,22.0 10,1.0 14,1.0 15,1.0 16,4.0 17,1.0 20,2.0 23,3.0 24,3.0 28,2.0 29,1.0 32,3.0 33,4.0 34,2.0 37,2.0 38,2.0 39,2.0 44,1.0 45,1.0 46,1.0 47,1.0 52,6.0 57,2.0 77,1.0 78,1.0 79,1.0 80,3.0 86,2.0 105,1.0 
0,3.0 6,1.0 7,1.0 12,1.0 14,1.0 16,1.0 17,1.0 25,1.0 31,2.0 33,3.0 45,7.0 55,1.0 111,1.0 
0,2.0 1,2.0 6,3.0 7,4.0 8,1.0 14,5.0 15,5.0 17,1.0 43,1.0 46,5.0 47,5.0 49,1.0 73,1.0 83,1.0 90,1.0 97,1.0 103,1.0 105,14.0 
0,2.0 2,4.0 6,1.0 7,1.0 12,1.0 14,1.0 15,1.0 16,1.0 17,1.0 22,2.0 25,1.0 33,3.0 36,2.0 37,1.0 38,2.0 39,1.0 44,1.0 47,23.0 48,2.0 49,3.0 50,2.0 51,4.0 59,2.0 60,2.0 75,1.0 80,4.0 83,1.0 108,3.0 113,2.0 
0,6.0 1,3.0 2,4.0 4,3.0 5,3.0 6,2.0 7,3.0 12,2.0 13,1.0 14,1.0 15,2.0 16,1.0 17,2.0 18,1.0 19,1.0 25,1.0 29,1.0 33,4.0 37,1.0 38,2.0 39,1.0 44,1.0 45,2.0 46,23.0 48,2.0 49,3.0 50,2.0 51,5.0 59,2.0 60,2.0 75,1.0 80,4.0 83,1.0 92,2.0 93,15.0 95,1.0 97,1.0 102,1.0 103,1.0 108,3.0 
4,1.0 14,4.0 18,1.0 22,1.0 30,1.0 31,4.0 33,1.0 37,1.0 43,2.0 49,12.0 50,1.0 52,2.0 57,2.0 77,1.0 78,1.0 
4,1.0 6,1.0 7,1.0 14,7.0 15,3.0 18,1.0 22,1.0 26,1.0 30,1.0 31,4.0 33,1.0 37,1.0 43,2.0 45,1.0 48,12.0 50,1.0 52,2.0 57,2.0 77,2.0 78,2.0 79,1.0 83,6.0 105,1.0 
12,1.0 14,2.0 25,1.0 31,2.0 46,2.0 47,2.0 51,5.0 
2,2.0 14,2.0 15,2.0 16,3.0 17,2.0 18,5.0 22,5.0 32,1.0 46,2.0 47,3.0 73,2.0 80,2.0 92,12.0 93,1.0 
2,1.0 16,3.0 32,3.0 33,2.0 37,2.0 43,6.0 80,1.0 86,2.0 
0,2.0 4,2.0 18,3.0 22,3.0 30,2.0 33,2.0 54,9.0 77,2.0 78,2.0 
14,1.0 15,1.0 41,1.0 55,3.0 65,2.0 67,2.0 116,1.0 119,1.0 
56,6.0 
0,1.0 4,2.0 12,2.0 16,1.0 25,2.0 30,2.0 32,1.0 33,1.0 61,2.0 110,1.0 
58,4.0 
46,2.0 47,2.0 53,2.0 59,2.0 77,2.0 78,2.0 
22,1.0 31,1.0 33,1.0 36,1.0 37,1.0 46,2.0 47,2.0 60,2.0 111,1.0 
56,2.0 
16,2.0 17,2.0 62,2.0 
16,2.0 17,2.0 63,2.0 80,1.0 87,1.0 89,1.0 
2,1.0 3,1.0 4,1.0 5,1.0 12,1.0 13,1.0 18,2.0 19,2.0 42,2.0 94,5.0 
0,3.0 33,3.0 44,1.0 53,2.0 
66,3.0 
14,1.0 15,1.0 18,2.0 22,2.0 34,1.0 53,2.0 
68,6.0 
4,4.0 8,2.0 28,1.0 30,4.0 38,3.0 43,2.0 69,2.0 107,5.0 
4,2.0 6,1.0 18,3.0 22,3.0 26,6.0 30,2.0 35,1.0 
71,3.0 
0,1.0 33,1.0 46,2.0 47,2.0 50,2.0 72,3.0 
0,1.0 1,1.0 8,2.0 34,2.0 43,2.0 133,1.0 
74,6.0 
2,3.0 6,1.0 16,2.0 17,2.0 35,1.0 80,3.0 110,1.0 131,6.0 
14,1.0 18,3.0 22,3.0 31,1.0 50,1.0 69,3.0 76,4.0 
2,3.0 77,1.0 78,1.0 79,1.0 80,3.0 
0,3.0 6,2.0 8,2.0 10,2.0 14,1.0 15,1.0 16,3.0 17,2.0 18,1.0 22,1.0 23,1.0 24,1.0 26,1.0 27,1.0 28,1.0 32,1.0 33,3.0 35,2.0 38,1.0 39,1.0 43,2.0 53,2.0 54,2.0 65,1.0 78,16.0 79,2.0 84,4.0 85,1.0 
0,3.0 8,2.0 10,2.0 14,1.0 15,1.0 16,2.0 17,3.0 18,1.0 22,1.0 23,1.0 24,1.0 26,1.0 27,1.0 28,1.0 33,3.0 43,2.0 53,2.0 54,2.0 65,1.0 77,16.0 79,2.0 82,1.0 92,1.0 96,2.0 97,1.0 
8,1.0 10,3.0 43,1.0 55,1.0 77,2.0 78,2.0 
0,1.0 2,14.0 6,3.0 7,3.0 14,2.0 18,1.0 22,1.0 31,2.0 33,1.0 46,3.0 47,3.0 48,1.0 49,1.0 51,2.0 62,2.0 77,3.0 78,3.0 87,4.0 88,2.0 92,2.0 
4,1.0 14,1.0 30,1.0 31,1.0 38,1.0 46,1.0 47,1.0 82,1.0 118,1.0 
18,1.0 22,1.0 53,1.0 134,1.0 
6,1.0 7,2.0 14,3.0 15,3.0 26,1.0 45,1.0 49,6.0 77,1.0 78,1.0 79,1.0 103,1.0 105,2.0 106,1.0 122,3.0 131,1.0 
6,2.0 16,1.0 32,1.0 35,2.0 38,1.0 39,1.0 77,4.0 85,1.0 
16,1.0 32,1.0 33,2.0 37,2.0 59,3.0 
4,1.0 28,3.0 30,1.0 33,2.0 37,2.0 
14,1.0 31,1.0 48,1.0 49,1.0 62,2.0 80,4.0 88,2.0 
62,2.0 80,2.0 87,2.0 
81,3.0 
91,4.0 
12,1.0 14,1.0 15,1.0 16,2.0 17,2.0 25,1.0 38,1.0 51,1.0 
4,3.0 5,1.0 7,2.0 8,1.0 9,1.0 12,1.0 13,1.0 14,1.0 15,2.0 16,2.0 17,4.0 18,2.0 19,1.0 22,1.0 30,2.0 68,2.0 71,1.0 74,2.0 97,2.0 98,8.0 102,1.0 103,2.0 
0,4.0 1,3.0 4,3.0 5,4.0 6,1.0 7,3.0 12,1.0 13,1.0 15,1.0 17,1.0 18,1.0 19,1.0 29,1.0 33,1.0 45,2.0 47,15.0 51,1.0 92,2.0 95,1.0 97,1.0 100,4.0 101,1.0 102,1.0 103,2.0 105,1.0 106,1.0 107,1.0 
2,1.0 3,1.0 4,1.0 5,1.0 6,1.0 7,1.0 8,1.0 9,1.0 14,1.0 15,1.0 
0,3.0 1,3.0 2,1.0 3,1.0 5,1.0 101,1.0 124,1.0 
17,1.0 78,2.0 82,1.0 92,1.0 97,1.0 
0,7.0 1,7.0 5,1.0 7,4.0 15,1.0 17,18.0 24,1.0 45,1.0 83,1.0 92,3.0 93,1.0 98,2.0 100,1.0 101,1.0 102,1.0 103,4.0 105,2.0 122,1.0 
3,1.0 15,1.0 17,3.0 18,2.0 19,2.0 97,3.0 99,1.0 102,1.0 117,1.0 
3,1.0 93,1.0 100,1.0 
5,1.0 7,1.0 93,4.0 101,1.0 103,1.0 105,1.0 106,1.0 107,1.0 
0,1.0 1,1.0 5,7.0 15,3.0 83,1.0 93,1.0 95,1.0 100,1.0 102,3.0 122,1.0 124,1.0 136,4.0 138,4.0 
5,1.0 7,6.0 15,10.0 27,1.0 92,1.0 95,1.0 98,1.0 101,1.0 103,6.0 105,1.0 106,1.0 119,1.0 121,1.0 
0,4.0 1,4.0 7,19.0 15,3.0 17,5.0 21,1.0 24,1.0 27,1.0 45,1.0 83,1.0 92,3.0 97,5.0 98,2.0 102,3.0 104,1.0 105,5.0 119,1.0 120,1.0 122,1.0 128,1.0 
0,1.0 1,1.0 
0,2.0 1,2.0 4,2.0 6,1.0 7,1.0 8,1.0 12,1.0 13,1.0 15,1.0 17,1.0 18,1.0 22,1.0 43,1.0 46,1.0 47,6.0 68,3.0 83,1.0 93,6.0 97,1.0 100,1.0 102,1.0 106,3.0 122,1.0 
13,1.0 18,1.0 19,1.0 93,1.0 100,1.0 123,1.0 
0,3.0 6,2.0 7,2.0 33,3.0 127,1.0 
75,4.0 
14,1.0 31,1.0 34,1.0 
6,1.0 16,1.0 32,1.0 35,1.0 44,2.0 
30,2.0 31,2.0 112,2.0 
30,2.0 46,2.0 113,2.0 
22,2.0 36,2.0 46,2.0 
115,4.0 
0,4.0 33,4.0 38,1.0 129,1.0 
117,1.0 
6,1.0 7,1.0 135,1.0 
4,1.0 30,1.0 79,1.0 
15,1.0 18,1.0 22,1.0 102,1.0 121,1.0 
18,1.0 19,1.0 72,1.0 
18,1.0 19,1.0 
7,1.0 83,3.0 103,1.0 105,1.0 106,1.0 131,1.0 
5,1.0 13,1.0 101,1.0 
125,1.0 
126,1.0 
5,1.0 101,1.0 
7,1.0 21,1.0 103,1.0 
129,1.0 
18,1.0 22,1.0 51,1.0 130,1.0 
17,1.0 97,1.0 
18,6.0 22,6.0 51,4.0 132,1.0 
0,1.0 1,1.0 24,1.0 
18,1.0 19,1.0 
12,1.0 13,1.0 92,1.0 
6,1.0 7,1.0 
4,4.0 5,6.0 6,2.0 15,2.0 101,4.0 102,2.0 138,4.0 
4,2.0 
5,1.0 15,3.0 101,2.0 102,3.0 136,2.0 139,1.0 140,1.0 
140,1.0 141,1.0 142,1.0 143,1.0 144,1.0 145,1.0 146,1.0 
139,1.0 141,1.0 142,1.0 143,1.0 144,1.0 145,1.0 146,1.0 
142,1.0 143,1.0 144,1.0 145,1.0 146,1.0 
141,1.0 143,1.0 144,1.0 145,1.0 146,1.0 
141,1.0 142,1.0 144,1.0 145,1.0 146,1.0 
141,1.0 142,1.0 143,1.0 145,1.0 146,1.0 
141,1.0 142,1.0 143,1.0 144,1.0 146,1.0 
141,1.0 142,1.0 143,1.0 144,1.0 145,1.0 
