1,18.0 2,18.0 4,3.0 8,3.0 11,6.0 13,3.0 15,3.0 
0,9.0 1,18.0 2,66.0 3,3.0 4,7.0 6,6.0 7,3.0 9,12.0 10,3.0 11,6.0 12,1.0 14,6.0 16,3.0 17,3.0 18,3.0 19,3.0 21,2.0 67,2.0 
0,9.0 1,66.0 2,18.0 3,3.0 6,6.0 7,3.0 10,3.0 11,6.0 12,1.0 14,3.0 16,3.0 17,3.0 18,3.0 19,3.0 67,2.0 
0,3.0 
0,6.0 5,3.0 10,4.0 11,1.0 85,1.0 86,1.0 87,1.0 
1,12.0 2,6.0 9,6.0 21,3.0 68,2.0 80,1.0 
1,6.0 2,6.0 10,3.0 16,3.0 18,1.0 19,3.0 21,3.0 22,3.0 76,3.0 
0,3.0 70,3.0 
5,3.0 
1,12.0 4,7.0 14,3.0 21,2.0 
0,3.0 1,6.0 9,6.0 21,3.0 68,2.0 69,2.0 80,1.0 81,1.0 82,1.0 88,1.0 
0,6.0 1,6.0 2,6.0 10,1.0 34,3.0 37,3.0 38,3.0 85,1.0 86,1.0 87,1.0 
0,1.0 29,1.0 47,1.0 68,4.0 72,4.0 73,4.0 83,1.0 84,1.0 
5,3.0 
1,3.0 2,3.0 4,3.0 6,6.0 16,6.0 19,6.0 20,3.0 21,3.0 57,1.0 68,2.0 69,2.0 70,1.0 
5,3.0 
6,6.0 14,6.0 16,6.0 17,3.0 18,3.0 19,15.0 20,6.0 21,6.0 22,3.0 
14,3.0 16,6.0 18,3.0 19,6.0 20,3.0 79,1.0 
14,3.0 16,6.0 17,3.0 19,9.0 20,6.0 21,3.0 30,6.0 31,6.0 32,3.0 68,3.0 69,3.0 
6,6.0 14,6.0 16,15.0 17,3.0 18,6.0 19,6.0 20,9.0 21,6.0 22,3.0 30,6.0 31,6.0 32,3.0 
6,3.0 14,3.0 16,6.0 19,6.0 21,6.0 30,6.0 31,6.0 32,3.0 33,3.0 
6,3.0 10,2.0 12,6.0 14,2.0 16,3.0 19,3.0 21,3.0 22,3.0 24,3.0 30,3.0 31,3.0 33,3.0 54,1.0 68,3.0 69,3.0 
23,3.0 
24,3.0 
25,3.0 26,3.0 34,3.0 
26,3.0 27,3.0 28,3.0 29,3.0 
25,3.0 27,3.0 28,3.0 29,3.0 
18,3.0 19,3.0 28,3.0 29,3.0 30,3.0 31,3.0 48,3.0 49,3.0 50,3.0 
11,3.0 18,3.0 19,3.0 27,6.0 29,3.0 30,3.0 31,3.0 36,3.0 37,3.0 38,3.0 47,3.0 48,3.0 
18,3.0 19,3.0 27,3.0 28,3.0 30,3.0 31,3.0 47,1.0 81,1.0 82,1.0 
18,3.0 19,3.0 20,6.0 21,6.0 24,3.0 30,6.0 31,15.0 32,6.0 33,6.0 
18,3.0 19,3.0 20,6.0 21,6.0 24,3.0 30,15.0 31,6.0 32,6.0 33,6.0 
20,3.0 21,3.0 30,6.0 31,6.0 33,3.0 
21,3.0 24,3.0 30,3.0 31,3.0 
35,6.0 
28,3.0 36,3.0 39,3.0 
11,3.0 28,3.0 37,3.0 38,3.0 
11,3.0 34,3.0 38,3.0 
11,3.0 34,3.0 37,3.0 
40,3.0 41,3.0 
0,1.0 18,2.0 41,3.0 42,3.0 43,3.0 68,1.0 69,1.0 70,3.0 
40,3.0 42,3.0 43,3.0 
43,3.0 44,3.0 
42,3.0 44,3.0 
45,3.0 46,6.0 59,3.0 60,6.0 61,3.0 62,3.0 63,3.0 
28,3.0 46,3.0 47,3.0 
28,3.0 45,3.0 47,6.0 60,3.0 62,3.0 63,3.0 64,3.0 65,2.0 66,2.0 
0,1.0 7,2.0 27,3.0 28,3.0 29,1.0 48,3.0 64,3.0 65,3.0 66,3.0 68,7.0 69,3.0 72,4.0 73,4.0 81,1.0 82,1.0 
27,3.0 49,3.0 50,3.0 
50,3.0 51,3.0 52,3.0 
49,3.0 51,3.0 52,3.0 
52,3.0 53,3.0 54,3.0 55,3.0 56,3.0 
51,3.0 53,3.0 54,3.0 55,3.0 56,3.0 
44,3.0 53,3.0 54,3.0 55,9.0 56,3.0 57,6.0 58,6.0 59,3.0 60,3.0 61,3.0 
53,6.0 55,6.0 56,3.0 57,3.0 58,3.0 68,1.0 69,1.0 
44,3.0 53,9.0 54,3.0 55,3.0 56,3.0 57,6.0 58,6.0 59,3.0 60,3.0 61,3.0 
53,6.0 54,3.0 55,6.0 57,3.0 58,3.0 
44,3.0 53,3.0 55,3.0 58,3.0 59,3.0 60,3.0 61,3.0 68,1.0 69,1.0 
44,3.0 53,3.0 55,3.0 57,3.0 59,3.0 60,3.0 61,3.0 
44,3.0 46,3.0 60,6.0 61,3.0 62,3.0 63,3.0 
44,3.0 46,6.0 47,3.0 59,3.0 60,3.0 61,3.0 62,6.0 63,6.0 64,3.0 65,2.0 66,2.0 
44,3.0 46,3.0 59,3.0 60,6.0 62,3.0 63,3.0 
46,3.0 47,3.0 60,3.0 63,3.0 64,3.0 65,2.0 66,2.0 
46,3.0 47,3.0 60,3.0 62,3.0 64,3.0 65,2.0 66,2.0 
0,1.0 47,3.0 65,3.0 66,3.0 68,1.0 69,1.0 
0,1.0 40,1.0 47,2.0 64,2.0 66,3.0 68,1.0 69,1.0 
0,1.0 40,1.0 47,2.0 64,2.0 65,3.0 68,1.0 69,1.0 
0,2.0 
0,1.0 5,2.0 6,1.0 7,2.0 10,2.0 14,2.0 17,1.0 21,10.0 40,6.0 47,8.0 68,12.0 69,28.0 72,12.0 73,12.0 74,2.0 75,2.0 77,6.0 78,2.0 
0,1.0 6,1.0 10,2.0 14,2.0 17,1.0 21,8.0 40,6.0 68,26.0 69,6.0 77,6.0 78,2.0 
68,3.0 69,1.0 70,1.0 71,3.0 74,3.0 
10,3.0 68,2.0 69,2.0 80,1.0 
7,2.0 47,8.0 68,14.0 69,2.0 72,4.0 73,12.0 
7,2.0 47,8.0 68,14.0 69,2.0 72,12.0 73,4.0 
6,1.0 68,2.0 75,2.0 
6,2.0 
5,3.0 68,2.0 80,1.0 
14,2.0 68,4.0 69,4.0 
17,1.0 68,1.0 69,1.0 
68,1.0 69,1.0 
5,1.0 10,1.0 21,2.0 
4,1.0 7,1.0 82,3.0 89,1.0 90,1.0 91,1.0 
4,1.0 7,1.0 81,3.0 89,1.0 90,1.0 91,1.0 
10,1.0 84,1.0 
10,1.0 83,1.0 
10,1.0 11,1.0 86,1.0 87,1.0 
10,1.0 11,1.0 85,1.0 87,1.0 
10,1.0 11,1.0 85,1.0 86,1.0 
81,1.0 82,1.0 89,1.0 90,1.0 
81,1.0 82,1.0 90,1.0 91,1.0 
81,1.0 82,1.0 89,1.0 91,1.0 

