1,1.0 5,8.0 9,2.0 32,6.0 88,8.0 89,2.0 
2,2.0 3,1.0 42,1.0 54,1.0 96,2.0 
3,2.0 
4,2.0 52,1.0 56,1.0 57,1.0 58,1.0 68,2.0 
5,2.0 
0,8.0 6,2.0 9,2.0 32,6.0 69,2.0 85,2.0 88,8.0 89,2.0 97,2.0 98,2.0 99,2.0 
7,2.0 8,2.0 
8,2.0 9,10.0 10,2.0 34,2.0 68,8.0 89,6.0 90,8.0 100,2.0 
7,2.0 9,2.0 10,2.0 28,1.0 29,1.0 48,2.0 
10,2.0 11,1.0 14,1.0 32,2.0 34,2.0 68,2.0 80,2.0 87,4.0 89,8.0 
9,2.0 11,1.0 14,1.0 
12,1.0 43,6.0 
13,1.0 
1,1.0 
11,2.0 15,3.0 27,2.0 32,2.0 71,4.0 72,4.0 79,2.0 
16,3.0 
17,3.0 27,4.0 28,5.0 29,3.0 40,2.0 55,1.0 104,2.0 
18,3.0 19,3.0 
19,3.0 20,3.0 65,1.0 66,1.0 67,1.0 68,1.0 
18,3.0 20,3.0 
21,3.0 22,3.0 
22,3.0 23,3.0 102,2.0 
21,3.0 23,3.0 
24,3.0 25,3.0 
25,3.0 26,3.0 
24,3.0 26,3.0 69,2.0 
16,3.0 27,3.0 
16,4.0 25,2.0 28,3.0 29,3.0 55,1.0 71,2.0 72,2.0 
14,8.0 29,3.0 30,3.0 31,3.0 49,1.0 76,2.0 77,2.0 
28,3.0 30,3.0 31,3.0 51,1.0 
31,3.0 32,3.0 33,3.0 34,3.0 
30,3.0 32,3.0 33,3.0 
7,8.0 30,3.0 33,3.0 68,8.0 71,2.0 72,2.0 73,2.0 90,8.0 
30,3.0 32,3.0 
9,2.0 35,3.0 68,2.0 94,2.0 95,2.0 
36,3.0 37,3.0 38,3.0 39,3.0 
37,3.0 38,3.0 39,3.0 40,1.0 68,1.0 
36,3.0 38,3.0 39,4.0 40,1.0 53,1.0 68,1.0 
36,3.0 37,3.0 39,3.0 40,1.0 68,1.0 
1,1.0 36,3.0 37,3.0 38,3.0 40,1.0 42,1.0 68,1.0 
41,1.0 76,2.0 77,2.0 78,4.0 104,2.0 
42,2.0 
1,1.0 11,2.0 54,1.0 
28,2.0 40,2.0 44,2.0 76,4.0 77,4.0 
45,2.0 
46,2.0 47,2.0 
8,2.0 47,2.0 48,2.0 
8,2.0 46,2.0 48,2.0 
8,2.0 28,1.0 29,1.0 
50,1.0 
41,1.0 
3,1.0 
37,1.0 53,1.0 
37,1.0 39,1.0 
16,1.0 27,1.0 
3,1.0 56,1.0 
3,1.0 16,2.0 57,1.0 58,1.0 
58,1.0 59,1.0 60,1.0 
57,1.0 59,1.0 60,1.0 
60,1.0 61,1.0 62,1.0 63,1.0 
59,1.0 61,1.0 62,1.0 
59,1.0 62,1.0 
59,1.0 61,1.0 101,2.0 
64,1.0 
18,1.0 65,1.0 66,1.0 67,1.0 
18,1.0 66,1.0 67,1.0 68,1.0 
18,1.0 65,1.0 67,1.0 68,1.0 
18,1.0 65,1.0 66,1.0 68,1.0 
5,6.0 7,8.0 9,8.0 34,2.0 89,6.0 90,8.0 91,2.0 92,2.0 93,2.0 
70,4.0 
28,4.0 
25,2.0 27,2.0 32,2.0 72,4.0 73,2.0 
25,2.0 27,2.0 32,2.0 71,4.0 73,2.0 
74,2.0 
75,2.0 
11,2.0 
14,2.0 28,2.0 40,2.0 77,4.0 78,2.0 
14,2.0 28,2.0 40,2.0 76,4.0 78,2.0 
79,2.0 93,2.0 105,2.0 106,2.0 107,2.0 
80,4.0 
81,6.0 82,6.0 83,6.0 
82,6.0 83,6.0 84,6.0 
81,6.0 83,6.0 84,6.0 
81,6.0 82,6.0 84,6.0 
68,2.0 87,4.0 
86,2.0 
56,2.0 
0,8.0 5,8.0 88,8.0 
0,8.0 5,8.0 9,2.0 32,6.0 89,2.0 
9,8.0 32,2.0 80,2.0 87,4.0 
7,8.0 9,8.0 34,2.0 68,8.0 89,6.0 
34,2.0 92,2.0 93,2.0 94,2.0 
34,2.0 91,2.0 93,2.0 94,2.0 
34,2.0 91,2.0 92,2.0 94,2.0 105,2.0 106,2.0 107,2.0 108,2.0 
34,2.0 95,2.0 
1,2.0 96,1.0 
1,1.0 3,2.0 
7,2.0 98,2.0 99,2.0 
7,2.0 97,2.0 99,2.0 
7,2.0 97,2.0 98,2.0 
62,2.0 
21,2.0 
16,2.0 103,2.0 
102,2.0 
40,2.0 78,2.0 
93,2.0 106,2.0 107,2.0 108,2.0 
93,2.0 105,2.0 107,2.0 108,2.0 
93,2.0 105,2.0 106,2.0 108,2.0 
14,2.0 
