1,6.0 2,6.0 69,1.0 
0,6.0 2,18.0 16,12.0 23,2.0 24,2.0 33,12.0 34,4.0 40,2.0 49,4.0 51,4.0 54,4.0 55,2.0 
1,12.0 3,6.0 4,2.0 12,2.0 13,2.0 33,12.0 44,5.0 
4,6.0 5,6.0 6,12.0 12,6.0 22,6.0 23,6.0 24,6.0 
1,18.0 2,12.0 5,36.0 6,60.0 7,6.0 8,8.0 9,35.0 12,59.0 13,59.0 14,6.0 16,6.0 26,6.0 27,6.0 29,12.0 31,11.0 32,12.0 35,6.0 36,14.0 37,6.0 40,6.0 41,6.0 42,6.0 43,6.0 44,2.0 45,3.0 46,1.0 54,1.0 66,2.0 67,2.0 69,2.0 
4,36.0 6,36.0 7,6.0 8,6.0 9,18.0 29,12.0 31,6.0 43,6.0 
3,6.0 4,60.0 5,36.0 7,6.0 8,6.0 9,29.0 12,6.0 22,6.0 23,6.0 24,6.0 29,12.0 31,11.0 35,6.0 36,12.0 37,6.0 42,6.0 43,6.0 54,1.0 
4,6.0 5,6.0 6,6.0 
9,6.0 10,6.0 47,2.0 74,4.0 77,4.0 
2,5.0 8,6.0 10,6.0 15,6.0 16,6.0 26,24.0 31,17.0 37,6.0 38,6.0 43,12.0 
4,2.0 6,2.0 11,6.0 36,2.0 70,2.0 71,2.0 
4,6.0 12,6.0 13,6.0 
1,18.0 2,12.0 3,6.0 4,59.0 6,6.0 8,2.0 9,6.0 13,59.0 14,6.0 15,2.0 16,6.0 22,6.0 23,6.0 24,6.0 26,6.0 27,6.0 32,12.0 34,2.0 40,6.0 41,6.0 44,2.0 45,3.0 46,1.0 53,4.0 62,2.0 63,2.0 64,2.0 69,2.0 
1,18.0 2,12.0 4,59.0 8,2.0 9,6.0 12,59.0 14,6.0 16,6.0 26,6.0 27,6.0 32,12.0 40,6.0 41,6.0 44,2.0 45,3.0 46,1.0 69,2.0 
4,12.0 6,12.0 9,6.0 15,6.0 
1,2.0 9,6.0 16,6.0 36,4.0 39,2.0 50,2.0 54,4.0 59,2.0 60,2.0 
1,6.0 4,6.0 5,6.0 6,6.0 16,6.0 17,6.0 18,6.0 
18,6.0 19,6.0 
17,6.0 19,6.0 
20,6.0 48,2.0 
21,30.0 
3,6.0 6,6.0 12,6.0 20,18.0 22,6.0 23,6.0 26,6.0 
3,6.0 6,6.0 12,6.0 23,6.0 24,6.0 
1,2.0 3,6.0 6,6.0 12,6.0 22,6.0 24,6.0 40,2.0 
1,2.0 12,2.0 25,6.0 55,4.0 56,2.0 57,2.0 62,2.0 63,2.0 
0,2.0 1,2.0 4,6.0 6,6.0 9,6.0 25,6.0 26,6.0 36,6.0 
4,12.0 5,6.0 6,6.0 9,12.0 12,6.0 13,6.0 26,12.0 39,6.0 
28,6.0 
4,6.0 12,6.0 13,6.0 31,4.0 54,2.0 
30,12.0 
4,6.0 5,6.0 6,6.0 42,6.0 
2,5.0 4,6.0 9,11.0 12,6.0 13,6.0 31,6.0 34,4.0 48,2.0 
4,12.0 12,12.0 13,12.0 70,2.0 71,2.0 
34,12.0 
4,4.0 6,4.0 14,12.0 36,4.0 54,6.0 59,4.0 60,4.0 70,6.0 71,6.0 
19,2.0 25,6.0 
4,14.0 6,12.0 9,11.0 24,4.0 31,5.0 35,2.0 37,6.0 50,8.0 51,4.0 54,1.0 66,2.0 67,2.0 
9,6.0 38,6.0 
20,6.0 
1,2.0 4,6.0 12,6.0 13,6.0 23,2.0 
4,6.0 12,6.0 13,6.0 41,6.0 56,2.0 57,2.0 61,8.0 
4,6.0 12,6.0 13,6.0 40,6.0 
4,6.0 5,6.0 6,6.0 28,6.0 
4,6.0 9,6.0 12,6.0 13,6.0 36,2.0 43,14.0 50,2.0 70,8.0 71,8.0 
4,5.0 12,5.0 13,5.0 45,3.0 69,2.0 
4,3.0 8,2.0 12,3.0 13,3.0 46,1.0 
0,1.0 1,1.0 63,2.0 82,2.0 
31,2.0 70,2.0 71,2.0 
49,4.0 52,2.0 
1,4.0 36,4.0 50,4.0 51,4.0 
24,2.0 35,2.0 36,8.0 51,4.0 
15,6.0 43,2.0 59,2.0 60,2.0 
12,2.0 53,2.0 
12,4.0 15,2.0 34,2.0 
0,1.0 1,8.0 10,2.0 12,2.0 34,4.0 48,2.0 49,4.0 53,2.0 59,4.0 60,4.0 
1,2.0 24,4.0 
40,2.0 57,4.0 58,2.0 61,2.0 
40,2.0 56,4.0 58,2.0 61,2.0 
1,2.0 54,2.0 
1,4.0 15,2.0 39,2.0 49,4.0 54,4.0 60,6.0 
1,4.0 15,2.0 39,2.0 49,4.0 54,4.0 59,6.0 
15,2.0 40,6.0 56,2.0 57,2.0 
12,2.0 63,2.0 64,2.0 
0,2.0 1,2.0 12,2.0 62,2.0 64,2.0 82,2.0 
65,2.0 
4,2.0 36,2.0 66,2.0 
4,2.0 36,2.0 67,2.0 
68,2.0 
25,2.0 
43,2.0 83,1.0 84,1.0 85,1.0 86,1.0 87,1.0 
8,8.0 32,2.0 43,6.0 70,2.0 71,44.0 72,8.0 73,6.0 75,4.0 78,4.0 80,2.0 81,2.0 
8,8.0 32,2.0 43,6.0 70,44.0 71,2.0 72,8.0 73,6.0 75,4.0 78,4.0 80,2.0 
70,8.0 71,8.0 
34,6.0 
70,4.0 71,4.0 
76,10.0 
47,2.0 70,2.0 71,2.0 75,6.0 
70,4.0 71,4.0 
70,4.0 71,2.0 79,4.0 
78,4.0 
10,2.0 
46,2.0 
0,2.0 1,2.0 63,2.0 
84,1.0 85,1.0 86,1.0 87,1.0 
83,1.0 85,1.0 86,1.0 87,1.0 
83,1.0 84,1.0 86,1.0 87,1.0 
83,1.0 84,1.0 85,1.0 87,1.0 
83,1.0 84,1.0 85,1.0 86,1.0 
