1,2.0 2,11.0 7,2.0 8,10.0 23,2.0 34,9.0 35,3.0 41,3.0 42,3.0 53,2.0 54,2.0 55,2.0 57,1.0 63,2.0 85,2.0 97,3.0 104,2.0 
0,2.0 2,7.0 8,3.0 25,5.0 27,5.0 34,5.0 35,2.0 49,5.0 50,5.0 59,2.0 60,2.0 77,3.0 83,3.0 119,2.0 
0,9.0 1,8.0 3,2.0 4,2.0 7,2.0 8,12.0 25,5.0 34,9.0 35,2.0 36,8.0 37,1.0 38,11.0 41,3.0 43,1.0 47,5.0 48,5.0 49,9.0 50,5.0 52,2.0 57,8.0 60,2.0 61,2.0 73,3.0 75,2.0 76,2.0 77,3.0 83,3.0 
4,2.0 5,2.0 6,2.0 7,2.0 26,2.0 27,2.0 
3,2.0 5,2.0 6,2.0 7,2.0 38,6.0 39,6.0 56,3.0 77,3.0 
2,3.0 6,2.0 7,5.0 8,8.0 27,2.0 37,2.0 38,3.0 43,3.0 53,3.0 56,3.0 59,2.0 61,3.0 67,3.0 68,3.0 69,3.0 70,3.0 
5,2.0 7,2.0 8,2.0 44,5.0 50,5.0 51,5.0 52,5.0 53,5.0 
0,2.0 5,2.0 6,2.0 8,5.0 24,2.0 25,2.0 40,3.0 41,3.0 42,3.0 49,2.0 53,2.0 54,2.0 55,2.0 58,3.0 61,2.0 
0,8.0 1,3.0 2,10.0 7,3.0 9,2.0 10,2.0 11,2.0 24,3.0 25,3.0 34,6.0 35,6.0 37,1.0 38,3.0 40,11.0 42,3.0 43,1.0 44,3.0 49,2.0 52,2.0 55,8.0 56,8.0 58,3.0 63,2.0 65,6.0 73,3.0 75,2.0 76,2.0 77,3.0 81,3.0 82,3.0 83,3.0 85,2.0 87,3.0 88,3.0 89,1.0 90,1.0 97,2.0 104,2.0 
2,3.0 10,2.0 11,5.0 12,4.0 13,4.0 14,2.0 15,2.0 16,2.0 18,3.0 21,2.0 22,2.0 33,2.0 47,3.0 48,3.0 78,3.0 
0,2.0 8,6.0 9,4.0 11,4.0 12,4.0 13,2.0 14,2.0 15,2.0 16,4.0 17,4.0 18,2.0 19,2.0 20,2.0 21,8.0 22,6.0 23,2.0 29,6.0 32,2.0 33,2.0 40,6.0 79,6.0 
0,2.0 2,3.0 9,5.0 10,4.0 12,2.0 13,2.0 14,2.0 15,2.0 18,3.0 22,2.0 23,2.0 47,3.0 48,3.0 78,3.0 
9,2.0 10,4.0 13,6.0 14,2.0 15,2.0 16,4.0 17,2.0 18,4.0 19,2.0 21,2.0 22,4.0 29,2.0 30,2.0 31,2.0 32,2.0 33,2.0 34,2.0 35,2.0 
10,2.0 12,6.0 14,2.0 15,2.0 16,2.0 17,2.0 18,4.0 19,2.0 21,2.0 29,2.0 30,2.0 31,2.0 34,2.0 35,2.0 
10,2.0 12,2.0 13,2.0 15,2.0 16,2.0 17,2.0 18,2.0 
10,2.0 12,2.0 13,2.0 14,2.0 16,2.0 17,2.0 18,2.0 
9,2.0 10,2.0 12,2.0 13,2.0 17,4.0 18,2.0 19,2.0 20,2.0 21,4.0 22,2.0 33,2.0 
10,4.0 11,2.0 16,2.0 17,2.0 18,2.0 19,4.0 20,4.0 21,4.0 22,2.0 
2,3.0 9,3.0 10,4.0 11,3.0 12,2.0 16,2.0 17,4.0 19,4.0 20,2.0 21,2.0 22,2.0 30,2.0 31,2.0 32,2.0 47,3.0 48,3.0 78,3.0 
10,4.0 11,2.0 12,2.0 17,2.0 18,2.0 20,2.0 21,2.0 22,4.0 30,2.0 31,2.0 32,2.0 
10,2.0 11,2.0 17,2.0 19,2.0 21,2.0 22,2.0 
8,6.0 10,8.0 11,2.0 12,2.0 13,2.0 17,2.0 19,2.0 20,2.0 22,2.0 29,6.0 34,2.0 35,2.0 40,6.0 79,6.0 
0,2.0 9,4.0 10,4.0 11,2.0 12,4.0 13,2.0 16,4.0 21,2.0 22,2.0 23,2.0 32,2.0 33,4.0 
0,2.0 7,2.0 8,3.0 28,3.0 40,3.0 
3,2.0 25,2.0 36,3.0 38,3.0 65,3.0 
1,5.0 3,2.0 24,2.0 27,7.0 36,2.0 37,2.0 49,5.0 50,5.0 65,3.0 66,3.0 
0,2.0 8,2.0 27,2.0 28,2.0 37,3.0 43,5.0 58,3.0 
6,5.0 26,2.0 28,2.0 37,4.0 38,2.0 39,2.0 50,5.0 51,7.0 53,2.0 59,2.0 62,2.0 63,2.0 94,2.0 95,2.0 
8,3.0 12,2.0 13,2.0 23,3.0 29,2.0 40,3.0 
8,6.0 10,6.0 12,2.0 13,2.0 18,2.0 19,2.0 21,6.0 30,2.0 31,2.0 40,6.0 79,6.0 
10,2.0 12,2.0 18,2.0 19,2.0 22,2.0 31,2.0 32,2.0 
10,2.0 12,2.0 18,2.0 19,2.0 22,2.0 30,2.0 32,2.0 
9,2.0 10,2.0 12,2.0 16,2.0 22,4.0 33,2.0 
9,2.0 12,2.0 13,2.0 16,2.0 21,2.0 22,2.0 
0,3.0 1,5.0 2,3.0 4,3.0 5,3.0 8,3.0 25,2.0 35,5.0 36,2.0 41,3.0 56,3.0 59,3.0 69,3.0 77,6.0 83,3.0 119,2.0 
0,1.0 2,3.0 4,3.0 5,3.0 7,2.0 8,3.0 25,2.0 34,5.0 36,2.0 49,2.0 60,2.0 61,5.0 70,3.0 77,3.0 87,3.0 88,3.0 89,1.0 90,1.0 
8,3.0 25,2.0 26,3.0 27,2.0 37,2.0 38,11.0 42,3.0 43,5.0 49,3.0 80,3.0 81,3.0 
1,2.0 2,2.0 10,6.0 21,6.0 27,4.0 29,6.0 38,3.0 39,2.0 43,1.0 45,2.0 46,2.0 47,2.0 48,2.0 58,8.0 59,2.0 79,6.0 94,2.0 95,2.0 133,1.0 
0,4.0 2,3.0 7,3.0 8,4.0 26,3.0 36,11.0 39,8.0 40,5.0 42,3.0 43,8.0 49,3.0 68,3.0 70,3.0 73,3.0 80,3.0 81,3.0 133,1.0 
0,3.0 2,3.0 7,3.0 38,8.0 40,5.0 
7,3.0 8,11.0 24,3.0 41,5.0 42,5.0 50,3.0 55,8.0 56,8.0 62,3.0 65,3.0 74,3.0 
9,3.0 11,3.0 18,3.0 34,3.0 42,5.0 43,2.0 44,2.0 56,3.0 59,3.0 78,3.0 
5,3.0 8,3.0 9,3.0 11,3.0 18,3.0 41,5.0 43,2.0 44,5.0 53,3.0 67,3.0 78,3.0 81,3.0 82,3.0 
0,2.0 8,2.0 26,5.0 34,3.0 37,8.0 38,1.0 44,2.0 45,2.0 46,2.0 58,8.0 68,6.0 133,1.0 
1,3.0 2,3.0 8,3.0 34,3.0 37,2.0 43,2.0 45,2.0 46,2.0 52,5.0 53,5.0 54,5.0 82,3.0 83,3.0 
2,2.0 37,2.0 46,2.0 47,2.0 48,2.0 
2,2.0 37,2.0 45,2.0 47,2.0 48,2.0 
1,5.0 2,5.0 25,5.0 48,5.0 49,5.0 50,5.0 70,2.0 96,2.0 121,2.0 
1,5.0 2,5.0 25,5.0 47,5.0 49,5.0 50,5.0 
0,4.0 1,5.0 7,2.0 8,2.0 25,5.0 27,5.0 37,3.0 50,5.0 51,3.0 52,2.0 53,2.0 54,2.0 55,2.0 58,3.0 61,2.0 75,2.0 76,2.0 80,3.0 84,3.0 
1,5.0 2,3.0 6,5.0 8,3.0 25,5.0 27,5.0 44,5.0 49,5.0 51,5.0 52,5.0 53,5.0 74,3.0 
6,5.0 44,5.0 50,5.0 52,5.0 53,5.0 59,2.0 63,2.0 64,2.0 84,3.0 85,3.0 86,3.0 
0,2.0 8,2.0 44,5.0 49,2.0 53,5.0 54,5.0 75,2.0 76,2.0 
0,2.0 5,3.0 27,2.0 43,3.0 44,5.0 51,2.0 52,5.0 54,7.0 55,2.0 57,1.0 59,2.0 62,2.0 63,2.0 67,3.0 68,3.0 97,1.0 
0,2.0 8,2.0 23,3.0 28,3.0 40,2.0 53,2.0 55,2.0 57,1.0 97,1.0 
0,2.0 2,8.0 53,2.0 54,2.0 56,10.0 57,9.0 70,2.0 97,1.0 100,2.0 
2,11.0 4,3.0 5,3.0 8,3.0 38,3.0 39,3.0 55,10.0 57,8.0 59,3.0 70,2.0 71,3.0 72,3.0 100,2.0 
2,8.0 27,1.0 36,8.0 38,8.0 53,1.0 62,1.0 
1,2.0 4,3.0 10,6.0 21,6.0 29,6.0 37,8.0 56,3.0 59,2.0 68,3.0 79,6.0 
1,2.0 2,2.0 5,2.0 27,2.0 35,2.0 37,2.0 51,2.0 56,3.0 60,2.0 63,2.0 64,2.0 71,3.0 72,3.0 
2,2.0 7,2.0 35,2.0 49,2.0 61,2.0 
0,2.0 5,3.0 7,5.0 8,3.0 40,3.0 49,2.0 53,2.0 54,2.0 55,2.0 62,5.0 70,3.0 126,2.0 127,2.0 
27,2.0 40,3.0 50,3.0 51,2.0 53,2.0 59,2.0 61,2.0 63,2.0 74,3.0 126,2.0 127,2.0 
51,2.0 59,2.0 64,2.0 97,2.0 98,2.0 99,2.0 
0,2.0 2,2.0 
24,3.0 25,3.0 36,3.0 38,3.0 61,2.0 62,2.0 66,3.0 88,2.0 118,4.0 
0,3.0 2,3.0 
5,3.0 43,3.0 53,3.0 68,3.0 
34,3.0 35,3.0 43,6.0 58,3.0 
5,3.0 38,3.0 47,2.0 70,2.0 120,2.0 
5,3.0 7,3.0 8,3.0 47,2.0 61,6.0 96,2.0 100,2.0 101,2.0 121,2.0 
5,3.0 56,3.0 72,3.0 90,2.0 106,2.0 107,2.0 108,2.0 113,2.0 114,2.0 
5,3.0 56,3.0 71,5.0 84,2.0 113,2.0 
38,3.0 70,3.0 
2,3.0 8,3.0 50,3.0 
0,2.0 8,2.0 49,2.0 52,2.0 76,2.0 
0,2.0 8,2.0 49,2.0 52,2.0 75,2.0 
4,3.0 38,3.0 39,3.0 49,3.0 
2,3.0 9,3.0 11,3.0 18,3.0 47,3.0 48,3.0 
8,6.0 10,6.0 21,6.0 29,6.0 40,6.0 
37,3.0 49,3.0 58,3.0 
8,3.0 42,3.0 44,3.0 82,3.0 
1,3.0 2,3.0 8,3.0 34,3.0 44,3.0 83,3.0 
1,3.0 2,3.0 8,3.0 34,3.0 77,3.0 
51,3.0 71,2.0 72,2.0 85,7.0 86,3.0 92,10.0 93,4.0 113,2.0 125,2.0 
8,3.0 35,3.0 65,2.0 86,3.0 87,3.0 88,3.0 89,6.0 90,5.0 104,2.0 105,1.0 118,2.0 121,2.0 
8,3.0 26,2.0 35,3.0 43,2.0 85,3.0 87,3.0 88,3.0 
0,1.0 2,1.0 8,3.0 35,3.0 69,2.0 88,3.0 89,1.0 90,1.0 120,2.0 
0,1.0 1,2.0 2,1.0 8,3.0 34,2.0 35,3.0 87,3.0 89,1.0 90,1.0 
71,2.0 90,8.0 91,4.0 105,2.0 106,2.0 117,2.0 122,2.0 
89,8.0 91,4.0 114,2.0 115,2.0 116,2.0 117,2.0 122,2.0 
84,4.0 92,4.0 
84,10.0 85,4.0 93,4.0 125,2.0 
5,2.0 55,2.0 56,2.0 59,2.0 
95,2.0 96,2.0 
94,2.0 96,2.0 
0,2.0 8,2.0 115,2.0 116,2.0 121,2.0 
27,1.0 53,1.0 62,1.0 63,2.0 98,2.0 99,2.0 
89,2.0 90,2.0 99,2.0 
89,2.0 90,2.0 98,2.0 
70,2.0 101,2.0 
102,2.0 103,2.0 
86,2.0 103,2.0 
86,2.0 102,2.0 128,2.0 129,2.0 130,2.0 131,2.0 132,2.0 
85,2.0 89,2.0 90,1.0 105,1.0 
71,2.0 89,2.0 106,2.0 
71,2.0 107,2.0 108,2.0 
108,2.0 109,2.0 110,2.0 
107,2.0 109,2.0 110,2.0 
110,2.0 111,2.0 112,2.0 
109,2.0 111,2.0 112,2.0 
72,2.0 84,2.0 112,2.0 
72,2.0 84,2.0 111,2.0 
71,2.0 90,2.0 114,2.0 
90,2.0 115,2.0 116,2.0 
116,4.0 117,4.0 
115,4.0 117,4.0 
84,6.0 92,6.0 
61,2.0 62,2.0 65,4.0 88,2.0 
87,2.0 
47,2.0 69,2.0 70,2.0 
85,2.0 89,2.0 90,2.0 96,2.0 115,2.0 116,2.0 
123,2.0 124,2.0 
85,2.0 121,2.0 124,2.0 
85,2.0 121,2.0 123,2.0 
65,2.0 118,2.0 
103,2.0 127,2.0 128,2.0 129,2.0 
103,2.0 126,2.0 128,2.0 129,2.0 
103,2.0 129,2.0 130,2.0 131,2.0 132,2.0 
103,2.0 128,2.0 130,2.0 131,2.0 132,2.0 
0,1.0 1,1.0 89,1.0 105,1.0 131,2.0 132,2.0 
0,1.0 1,1.0 89,1.0 105,1.0 130,2.0 132,2.0 
0,1.0 1,1.0 89,1.0 105,1.0 130,2.0 131,2.0 
0,1.0 8,1.0 38,1.0 
