1,25.0 2,4.0 3,9.0 6,7.0 7,8.0 8,2.0 9,2.0 10,2.0 13,2.0 15,2.0 16,1.0 22,10.0 23,3.0 24,2.0 29,1.0 31,2.0 32,1.0 37,3.0 48,1.0 51,2.0 73,1.0 74,1.0 76,1.0 
0,17.0 1,4.0 2,21.0 3,2.0 4,6.0 5,17.0 6,40.0 7,22.0 8,8.0 9,3.0 10,4.0 11,2.0 12,2.0 14,11.0 16,10.0 18,2.0 19,2.0 20,2.0 21,2.0 22,12.0 23,9.0 29,1.0 31,1.0 34,2.0 35,4.0 36,2.0 37,3.0 38,10.0 39,2.0 51,10.0 52,18.0 59,4.0 60,4.0 61,2.0 62,2.0 63,2.0 64,2.0 65,2.0 76,1.0 
0,15.0 1,39.0 2,3.0 3,14.0 4,1.0 6,9.0 7,2.0 8,6.0 9,1.0 10,6.0 11,2.0 12,2.0 13,2.0 14,8.0 16,1.0 22,4.0 23,1.0 24,2.0 27,2.0 28,8.0 29,8.0 31,1.0 32,2.0 37,2.0 48,1.0 76,1.0 80,2.0 81,2.0 82,2.0 83,2.0 84,2.0 
0,10.0 1,16.0 2,24.0 4,14.0 5,28.0 6,22.0 7,26.0 8,8.0 10,10.0 11,2.0 12,2.0 14,12.0 22,20.0 24,2.0 26,8.0 27,4.0 29,2.0 35,2.0 44,1.0 51,10.0 52,2.0 60,2.0 
0,1.0 1,22.0 3,10.0 5,3.0 6,2.0 8,2.0 10,8.0 13,2.0 14,24.0 15,2.0 22,6.0 27,4.0 28,8.0 29,8.0 37,1.0 
1,18.0 2,1.0 3,24.0 4,10.0 6,2.0 8,2.0 13,2.0 14,4.0 15,2.0 26,8.0 28,8.0 37,3.0 38,2.0 39,2.0 40,2.0 
0,3.0 1,18.0 2,19.0 3,12.0 7,2.0 8,4.0 9,2.0 10,2.0 11,2.0 12,2.0 13,2.0 14,10.0 15,2.0 22,6.0 23,6.0 29,1.0 31,1.0 36,4.0 37,2.0 38,2.0 39,2.0 72,1.0 73,1.0 75,1.0 76,1.0 
1,2.0 3,12.0 4,8.0 9,2.0 14,16.0 22,9.0 23,4.0 24,6.0 25,8.0 27,2.0 34,2.0 35,2.0 
0,4.0 1,10.0 2,6.0 4,2.0 5,2.0 6,6.0 7,2.0 
0,3.0 1,1.0 2,1.0 3,2.0 6,1.0 7,1.0 22,2.0 24,2.0 31,2.0 33,1.0 37,1.0 76,1.0 
3,10.0 22,4.0 23,4.0 24,8.0 27,2.0 31,2.0 34,2.0 35,2.0 
1,4.0 2,2.0 6,2.0 
1,2.0 2,4.0 6,2.0 
0,4.0 2,2.0 4,2.0 5,2.0 6,2.0 16,1.0 37,1.0 61,2.0 
1,8.0 2,8.0 3,18.0 4,12.0 5,2.0 6,8.0 7,8.0 10,6.0 13,2.0 22,6.0 25,8.0 27,8.0 29,18.0 32,3.0 35,2.0 40,2.0 44,1.0 
0,4.0 2,2.0 5,2.0 41,2.0 51,2.0 61,3.0 
0,1.0 1,8.0 2,1.0 9,1.0 13,1.0 14,1.0 17,2.0 22,1.0 23,1.0 37,3.0 38,2.0 42,2.0 48,2.0 
1,2.0 
0,1.0 10,1.0 19,2.0 20,2.0 21,2.0 
0,1.0 10,1.0 18,2.0 20,2.0 21,2.0 
0,1.0 10,1.0 18,2.0 19,2.0 21,2.0 
0,1.0 10,1.0 18,2.0 19,2.0 20,2.0 
0,2.0 1,14.0 3,18.0 4,8.0 5,18.0 6,16.0 7,6.0 9,1.0 10,2.0 14,2.0 23,1.0 24,1.0 27,2.0 35,4.0 38,2.0 43,1.0 46,2.0 48,1.0 51,8.0 52,12.0 59,2.0 60,4.0 61,2.0 65,2.0 71,1.0 
0,1.0 1,7.0 2,9.0 3,2.0 6,2.0 9,3.0 15,2.0 16,1.0 30,4.0 35,1.0 36,2.0 37,10.0 38,4.0 46,2.0 48,2.0 51,6.0 52,16.0 59,6.0 60,2.0 63,2.0 
7,2.0 9,2.0 10,2.0 25,8.0 30,8.0 31,2.0 33,4.0 35,1.0 52,1.0 65,1.0 
0,8.0 3,10.0 14,8.0 27,2.0 29,6.0 
3,12.0 7,6.0 10,2.0 22,6.0 
1,2.0 3,4.0 22,2.0 24,4.0 32,2.0 
2,8.0 3,2.0 4,8.0 10,12.0 24,2.0 29,4.0 51,6.0 
1,2.0 3,8.0 22,3.0 24,4.0 27,2.0 31,2.0 32,6.0 33,1.0 
2,8.0 3,4.0 14,4.0 28,8.0 
0,2.0 3,2.0 6,1.0 9,1.0 32,2.0 71,1.0 76,1.0 
0,1.0 1,2.0 6,8.0 16,1.0 29,2.0 31,2.0 
1,1.0 4,4.0 6,2.0 9,1.0 14,4.0 
1,2.0 4,4.0 36,2.0 38,2.0 52,2.0 62,2.0 
1,6.0 3,2.0 5,4.0 16,2.0 22,3.0 24,1.0 37,1.0 38,6.0 43,1.0 46,2.0 48,1.0 51,2.0 52,12.0 59,2.0 64,2.0 65,2.0 
1,2.0 14,4.0 22,2.0 39,4.0 48,2.0 52,2.0 60,4.0 
0,2.0 1,1.0 2,6.0 6,2.0 9,1.0 13,1.0 14,1.0 15,2.0 16,2.0 23,5.0 31,1.0 33,1.0 34,2.0 36,2.0 46,2.0 48,4.0 51,4.0 52,6.0 59,2.0 76,1.0 77,1.0 
1,8.0 4,4.0 22,2.0 23,6.0 34,2.0 35,4.0 41,2.0 52,8.0 61,3.0 62,2.0 63,2.0 64,2.0 
1,2.0 26,4.0 35,2.0 36,2.0 48,2.0 51,2.0 52,2.0 60,2.0 
3,2.0 5,2.0 
15,2.0 16,2.0 47,2.0 
43,2.0 49,2.0 
35,1.0 44,2.0 52,1.0 65,1.0 
0,1.0 4,1.0 45,2.0 
46,2.0 
23,2.0 35,2.0 37,4.0 39,2.0 41,2.0 51,2.0 
48,2.0 
0,1.0 1,2.0 2,1.0 9,1.0 13,2.0 16,2.0 23,2.0 32,1.0 35,2.0 37,2.0 38,1.0 39,2.0 42,2.0 
50,2.0 
51,2.0 
1,8.0 3,2.0 22,16.0 23,20.0 35,10.0 36,2.0 37,6.0 52,10.0 59,8.0 60,2.0 
0,2.0 1,24.0 3,10.0 15,5.0 22,8.0 23,12.0 28,4.0 34,2.0 35,4.0 36,2.0 37,4.0 38,6.0 39,2.0 53,2.0 59,8.0 60,2.0 61,2.0 62,2.0 63,2.0 64,2.0 65,20.0 66,2.0 67,1.0 
54,2.0 
55,2.0 
56,2.0 
57,2.0 
58,2.0 
37,2.0 
1,6.0 3,2.0 15,2.0 22,2.0 23,6.0 35,2.0 37,4.0 52,8.0 
1,6.0 3,4.0 22,4.0 28,2.0 52,2.0 65,2.0 
1,2.0 34,2.0 35,1.0 36,2.0 37,3.0 38,2.0 52,2.0 
1,2.0 23,2.0 38,2.0 52,2.0 
1,2.0 35,2.0 38,2.0 52,2.0 
1,2.0 36,2.0 39,2.0 52,2.0 
24,1.0 35,2.0 43,1.0 52,20.0 66,1.0 68,2.0 69,1.0 70,1.0 
10,1.0 52,1.0 65,1.0 67,1.0 
10,1.0 66,1.0 
52,2.0 69,1.0 70,1.0 
52,1.0 68,1.0 
52,1.0 68,1.0 
0,1.0 9,1.0 72,1.0 
0,1.0 31,1.0 
6,2.0 31,1.0 75,6.0 
6,1.0 73,2.0 76,6.0 
74,6.0 
0,1.0 6,1.0 31,1.0 73,5.0 74,1.0 
78,1.0 
79,1.0 
2,1.0 
0,1.0 2,1.0 16,1.0 23,1.0 48,1.0 81,1.0 82,1.0 83,1.0 84,1.0 
0,1.0 2,1.0 16,1.0 23,1.0 48,1.0 80,1.0 82,1.0 83,1.0 84,1.0 
0,1.0 2,1.0 16,1.0 23,1.0 48,1.0 80,1.0 81,1.0 83,1.0 84,1.0 
0,1.0 2,1.0 16,1.0 23,1.0 48,1.0 80,1.0 81,1.0 82,1.0 84,1.0 
0,1.0 2,1.0 16,1.0 23,1.0 48,1.0 80,1.0 81,1.0 82,1.0 83,1.0 
