1,6.0 2,2.0 59,2.0 
2,6.0 4,2.0 
1,2.0 3,6.0 4,1.0 30,6.0 73,1.0 
4,10.0 5,4.0 6,2.0 8,4.0 10,4.0 12,2.0 15,2.0 27,2.0 28,2.0 30,2.0 48,2.0 67,2.0 
3,6.0 5,6.0 10,4.0 11,2.0 15,2.0 48,6.0 69,1.0 
4,4.0 6,14.0 7,8.0 8,4.0 10,14.0 11,4.0 12,2.0 13,2.0 14,4.0 15,2.0 16,2.0 17,10.0 20,1.0 21,2.0 24,2.0 27,2.0 28,4.0 30,2.0 40,2.0 41,1.0 46,2.0 48,2.0 49,4.0 50,2.0 65,2.0 69,1.0 
3,2.0 5,8.0 7,8.0 8,8.0 10,8.0 11,4.0 13,4.0 15,2.0 16,7.0 17,2.0 22,2.0 24,2.0 28,2.0 39,2.0 41,2.0 48,2.0 58,2.0 71,1.0 
6,6.0 8,10.0 11,4.0 12,6.0 17,8.0 22,2.0 28,10.0 
3,2.0 5,2.0 6,4.0 7,2.0 9,8.0 10,4.0 11,16.0 12,6.0 13,4.0 14,2.0 15,2.0 22,6.0 24,8.0 27,6.0 28,14.0 29,4.0 39,2.0 41,1.0 44,6.0 58,4.0 68,1.0 
10,8.0 13,2.0 29,2.0 
3,4.0 4,8.0 5,12.0 6,8.0 8,4.0 11,10.0 12,4.0 15,6.0 16,13.0 17,8.0 21,2.0 22,2.0 24,2.0 25,4.0 28,8.0 29,2.0 37,3.0 39,4.0 48,4.0 49,4.0 50,2.0 
3,2.0 5,4.0 6,4.0 7,4.0 8,14.0 10,4.0 12,8.0 13,2.0 15,2.0 17,4.0 22,2.0 24,8.0 28,12.0 29,8.0 39,2.0 44,4.0 67,2.0 
3,2.0 6,4.0 7,6.0 8,6.0 13,8.0 17,4.0 20,2.0 22,2.0 27,2.0 28,14.0 57,4.0 
8,6.0 9,2.0 10,4.0 14,10.0 15,8.0 20,2.0 21,8.0 22,4.0 24,4.0 25,4.0 29,10.0 39,2.0 44,2.0 55,2.0 
13,10.0 20,4.0 28,2.0 31,6.0 51,2.0 
5,6.0 6,4.0 10,15.0 16,2.0 45,4.0 46,2.0 47,2.0 49,4.0 
3,2.0 5,11.0 6,6.0 10,4.0 15,2.0 24,2.0 26,4.0 27,1.0 37,1.0 41,1.0 71,1.0 75,1.0 
5,2.0 6,2.0 7,2.0 8,2.0 10,6.0 13,6.0 16,4.0 18,4.0 22,12.0 23,2.0 28,4.0 37,2.0 39,2.0 43,2.0 
19,8.0 
20,8.0 36,2.0 
5,1.0 13,12.0 25,4.0 45,2.0 53,2.0 64,2.0 66,2.0 69,1.0 
5,2.0 10,2.0 15,2.0 22,8.0 51,4.0 
17,2.0 19,2.0 23,8.0 24,1.0 34,2.0 35,2.0 36,2.0 38,2.0 39,6.0 43,2.0 46,12.0 
8,2.0 13,2.0 17,2.0 20,8.0 24,2.0 28,2.0 
0,4.0 2,1.0 5,2.0 6,2.0 8,4.0 10,6.0 11,8.0 16,2.0 18,4.0 28,4.0 29,2.0 39,2.0 44,2.0 60,2.0 73,1.0 
10,4.0 24,4.0 28,4.0 
27,4.0 
3,2.0 6,2.0 8,6.0 10,4.0 12,6.0 28,2.0 40,2.0 41,1.0 
3,2.0 5,6.0 6,2.0 7,10.0 8,14.0 10,4.0 11,12.0 12,10.0 17,12.0 22,10.0 24,4.0 27,2.0 29,6.0 30,2.0 31,2.0 32,2.0 39,6.0 44,2.0 46,2.0 55,2.0 57,4.0 
5,2.0 8,4.0 9,2.0 10,2.0 11,6.0 13,8.0 30,4.0 39,2.0 44,2.0 55,6.0 
8,2.0 14,6.0 17,6.0 23,2.0 
28,2.0 32,6.0 
2,4.0 33,4.0 55,2.0 
21,2.0 32,4.0 63,2.0 
2,2.0 6,2.0 11,2.0 28,2.0 
15,1.0 36,2.0 
8,2.0 10,2.0 11,2.0 24,2.0 
5,2.0 7,2.0 15,6.0 16,1.0 17,2.0 20,1.0 
39,2.0 
5,4.0 7,8.0 8,8.0 11,8.0 12,6.0 23,2.0 24,2.0 27,4.0 28,14.0 34,2.0 56,4.0 
6,2.0 27,2.0 70,1.0 
16,1.0 35,1.0 40,1.0 42,2.0 72,1.0 75,1.0 
17,2.0 22,2.0 
0,1.0 22,1.0 
0,2.0 8,4.0 11,4.0 24,2.0 28,2.0 29,2.0 55,2.0 58,2.0 59,2.0 
3,4.0 4,6.0 10,4.0 
5,4.0 10,2.0 12,2.0 21,2.0 39,12.0 
6,2.0 10,2.0 16,2.0 
15,2.0 37,6.0 
4,4.0 5,4.0 10,4.0 
10,2.0 39,2.0 
5,4.0 52,2.0 61,2.0 65,2.0 
20,2.0 
54,2.0 
13,2.0 28,2.0 
11,2.0 13,2.0 28,2.0 29,4.0 51,2.0 
10,4.0 17,4.0 28,4.0 
22,4.0 28,4.0 
0,2.0 6,2.0 22,2.0 44,2.0 59,2.0 
0,2.0 2,2.0 
3,2.0 
62,2.0 
33,2.0 
33,2.0 
21,2.0 
5,2.0 14,2.0 
54,2.0 
3,2.0 8,2.0 
37,1.0 
22,1.0 74,1.0 
6,1.0 
16,1.0 27,1.0 
22,1.0 
2,1.0 4,1.0 
16,1.0 41,1.0 

