0,20.0 1,35.0 2,35.0 3,46.0 4,10.0 5,10.0 6,5.0 19,1.0 32,1.0 38,1.0 
0,35.0 1,18.0 2,31.0 3,39.0 4,5.0 5,5.0 6,5.0 8,4.0 19,28.0 20,24.0 21,28.0 22,5.0 54,1.0 56,1.0 
0,35.0 1,32.0 2,16.0 3,47.0 4,5.0 5,7.0 6,9.0 7,2.0 8,10.0 9,7.0 10,9.0 11,5.0 12,7.0 13,5.0 22,1.0 23,14.0 24,4.0 31,9.0 32,9.0 38,13.0 39,4.0 40,19.0 41,4.0 50,13.0 51,2.0 52,2.0 53,2.0 56,1.0 
0,46.0 1,39.0 2,47.0 3,20.0 4,10.0 5,10.0 6,5.0 8,12.0 9,9.0 10,5.0 12,6.0 19,9.0 20,4.0 21,8.0 22,4.0 25,2.0 32,1.0 38,1.0 41,2.0 
0,10.0 1,5.0 2,5.0 3,10.0 5,5.0 
0,10.0 1,5.0 2,7.0 3,10.0 4,5.0 12,6.0 24,6.0 31,1.0 32,1.0 38,2.0 39,6.0 40,2.0 50,2.0 51,1.0 
2,4.0 7,7.0 23,4.0 37,8.0 38,8.0 39,8.0 41,4.0 
2,9.0 3,5.0 8,5.0 9,2.0 15,1.0 23,2.0 39,2.0 40,4.0 43,1.0 
2,15.0 3,14.0 9,7.0 10,21.0 12,13.0 13,4.0 23,4.0 24,12.0 25,6.0 27,18.0 31,1.0 32,13.0 38,1.0 40,1.0 41,2.0 50,1.0 
2,7.0 3,9.0 8,5.0 12,5.0 41,2.0 46,1.0 
2,9.0 8,12.0 11,5.0 12,5.0 13,4.0 23,4.0 24,4.0 25,4.0 26,4.0 27,8.0 28,4.0 29,2.0 30,2.0 
2,5.0 12,5.0 13,5.0 
2,7.0 3,4.0 5,6.0 8,10.0 9,2.0 11,5.0 13,5.0 14,5.0 15,5.0 16,5.0 24,14.0 25,2.0 32,8.0 35,1.0 39,6.0 
2,4.0 8,9.0 10,8.0 24,4.0 25,4.0 
15,5.0 16,5.0 17,5.0 
7,1.0 9,1.0 14,5.0 16,5.0 17,5.0 43,1.0 
14,5.0 15,5.0 17,5.0 
18,5.0 
1,4.0 19,4.0 20,4.0 21,4.0 42,1.0 
1,28.0 3,8.0 8,4.0 19,16.0 20,28.0 21,36.0 22,8.0 55,1.0 
1,24.0 3,4.0 8,4.0 19,28.0 20,8.0 21,28.0 22,4.0 
1,28.0 3,8.0 8,4.0 19,36.0 20,28.0 21,16.0 22,8.0 
1,5.0 2,1.0 3,4.0 19,8.0 20,4.0 21,8.0 56,1.0 
2,8.0 6,4.0 7,2.0 10,4.0 13,4.0 24,8.0 26,4.0 39,4.0 40,4.0 41,4.0 
5,6.0 8,12.0 10,8.0 12,12.0 13,4.0 23,4.0 26,4.0 27,6.0 32,12.0 39,6.0 
2,4.0 3,2.0 8,6.0 10,4.0 12,2.0 13,4.0 
8,4.0 10,4.0 27,4.0 
0,2.0 1,2.0 2,2.0 3,2.0 8,16.0 10,12.0 24,4.0 32,4.0 
8,4.0 27,4.0 
0,2.0 1,2.0 2,2.0 3,2.0 
31,2.0 
1,1.0 2,9.0 5,1.0 31,10.0 32,29.0 33,4.0 34,4.0 35,4.0 38,9.0 40,9.0 50,9.0 51,1.0 52,1.0 53,1.0 
0,1.0 1,1.0 2,9.0 3,1.0 5,1.0 8,12.0 12,6.0 19,1.0 24,12.0 27,6.0 31,27.0 32,8.0 33,4.0 34,4.0 35,4.0 38,10.0 40,9.0 50,9.0 51,1.0 52,1.0 53,1.0 
31,4.0 32,4.0 34,4.0 36,4.0 37,4.0 39,4.0 
31,4.0 32,4.0 33,4.0 
36,4.0 37,8.0 39,8.0 40,8.0 43,1.0 44,1.0 45,1.0 
6,4.0 8,1.0 33,4.0 37,8.0 38,4.0 39,4.0 
6,8.0 33,4.0 35,8.0 36,4.0 38,8.0 39,20.0 40,8.0 
0,1.0 1,1.0 2,13.0 3,1.0 5,2.0 6,8.0 19,1.0 31,9.0 32,10.0 37,8.0 38,6.0 39,8.0 40,13.0 50,13.0 51,2.0 52,2.0 53,2.0 
2,4.0 5,6.0 6,6.0 8,2.0 12,6.0 23,4.0 24,6.0 31,2.0 32,2.0 33,4.0 35,8.0 36,4.0 37,16.0 38,4.0 40,12.0 
1,1.0 2,19.0 5,2.0 7,2.0 23,6.0 31,9.0 32,9.0 35,8.0 37,8.0 38,13.0 39,12.0 40,6.0 50,13.0 51,2.0 52,2.0 53,2.0 
2,4.0 3,2.0 6,4.0 9,2.0 12,2.0 23,4.0 
7,1.0 15,1.0 43,1.0 
7,2.0 9,1.0 15,1.0 44,1.0 45,1.0 
7,1.0 36,1.0 43,1.0 45,1.0 47,1.0 48,1.0 49,1.0 
7,1.0 43,1.0 44,1.0 
44,1.0 47,1.0 48,1.0 49,1.0 
36,1.0 44,1.0 48,1.0 49,1.0 
36,1.0 44,1.0 47,1.0 49,1.0 
36,1.0 44,1.0 47,1.0 48,1.0 
1,1.0 2,13.0 5,2.0 31,9.0 32,9.0 38,13.0 40,13.0 50,6.0 51,2.0 52,2.0 53,2.0 
2,2.0 5,1.0 31,1.0 32,1.0 38,2.0 40,2.0 50,2.0 
2,2.0 31,1.0 32,1.0 38,2.0 40,2.0 50,2.0 53,1.0 
2,2.0 31,1.0 32,1.0 38,2.0 40,2.0 50,2.0 52,1.0 
0,1.0 3,1.0 32,1.0 38,1.0 
1,1.0 2,1.0 22,1.0 56,1.0 
1,1.0 2,1.0 22,1.0 
