1,20.0 2,13.0 3,13.0 4,24.0 5,24.0 6,12.0 7,6.0 8,6.0 9,3.0 10,3.0 11,15.0 12,6.0 13,12.0 14,6.0 15,3.0 16,3.0 17,1.0 38,1.0 44,1.0 45,3.0 46,1.0 77,2.0 
0,20.0 1,2.0 3,6.0 4,15.0 5,12.0 6,9.0 8,6.0 9,3.0 10,3.0 11,6.0 12,3.0 13,9.0 15,3.0 16,3.0 38,9.0 42,4.0 43,2.0 49,2.0 51,8.0 60,4.0 61,8.0 62,2.0 79,2.0 
0,19.0 4,10.0 5,19.0 6,7.0 7,6.0 12,9.0 13,9.0 14,6.0 50,6.0 56,4.0 57,2.0 58,2.0 59,2.0 
0,6.0 1,6.0 2,7.0 3,7.0 4,9.0 5,5.0 6,12.0 8,2.0 38,6.0 42,8.0 60,6.0 65,2.0 
0,27.0 1,12.0 2,13.0 3,6.0 4,32.0 5,30.0 6,9.0 7,9.0 8,12.0 11,18.0 13,10.0 14,11.0 25,2.0 26,8.0 42,8.0 51,8.0 60,14.0 65,22.0 66,8.0 67,2.0 68,2.0 
0,33.0 1,12.0 2,15.0 3,3.0 4,29.0 5,12.0 6,15.0 7,3.0 11,9.0 12,11.0 13,9.0 14,11.0 25,1.0 26,1.0 51,6.0 65,6.0 
0,18.0 1,6.0 2,6.0 3,12.0 4,11.0 5,15.0 6,11.0 7,3.0 11,1.0 42,6.0 60,8.0 65,8.0 
0,6.0 1,3.0 2,3.0 4,9.0 8,3.0 
0,6.0 1,3.0 2,3.0 3,4.0 4,12.0 7,3.0 8,63.0 13,26.0 14,34.0 19,2.0 25,24.0 38,12.0 42,12.0 60,4.0 61,6.0 67,2.0 69,126.0 71,58.0 72,30.0 73,34.0 74,26.0 75,4.0 76,4.0 
0,3.0 10,3.0 11,3.0 
0,3.0 9,3.0 11,3.0 
0,6.0 1,6.0 2,9.0 4,14.0 5,10.0 6,1.0 11,19.0 12,3.0 13,30.0 14,8.0 18,2.0 25,8.0 26,9.0 35,1.0 36,1.0 60,8.0 65,8.0 66,8.0 67,8.0 69,2.0 70,2.0 71,8.0 
0,12.0 1,3.0 2,3.0 5,9.0 11,3.0 12,2.0 13,23.0 14,3.0 17,7.0 18,5.0 20,2.0 25,1.0 26,4.0 27,1.0 28,1.0 67,8.0 77,4.0 
0,18.0 1,6.0 2,6.0 4,8.0 5,11.0 8,24.0 11,26.0 12,23.0 13,67.0 14,35.0 17,8.0 18,76.0 19,6.0 25,10.0 26,4.0 29,1.0 30,1.0 51,2.0 62,2.0 65,8.0 67,90.0 69,32.0 71,48.0 72,12.0 73,2.0 74,10.0 77,32.0 78,4.0 
0,6.0 1,3.0 2,3.0 4,11.0 5,9.0 8,38.0 11,8.0 13,30.0 14,12.0 18,6.0 25,4.0 26,2.0 66,2.0 69,46.0 71,12.0 72,20.0 73,6.0 74,4.0 
0,3.0 1,3.0 16,3.0 
0,3.0 1,3.0 15,3.0 
12,7.0 13,8.0 18,10.0 26,3.0 27,2.0 67,8.0 71,2.0 77,6.0 92,2.0 
12,1.0 13,74.0 14,8.0 17,5.0 18,30.0 19,5.0 20,3.0 21,3.0 22,3.0 25,1.0 62,2.0 67,66.0 69,2.0 71,36.0 72,2.0 74,2.0 77,30.0 78,4.0 
12,4.0 13,8.0 17,4.0 18,3.0 20,3.0 67,8.0 74,4.0 77,2.0 85,2.0 86,2.0 87,2.0 88,2.0 
18,3.0 19,3.0 96,2.0 97,2.0 
22,3.0 23,1.0 24,3.0 28,1.0 31,2.0 35,3.0 54,1.0 55,1.0 56,2.0 71,2.0 87,2.0 91,2.0 98,2.0 
21,3.0 23,1.0 24,3.0 71,2.0 91,2.0 
12,1.0 24,1.0 
12,1.0 17,2.0 23,1.0 33,2.0 51,2.0 71,2.0 91,2.0 
8,24.0 11,8.0 12,1.0 13,16.0 14,8.0 18,1.0 25,2.0 52,1.0 53,1.0 67,2.0 69,24.0 71,4.0 72,2.0 74,12.0 
4,6.0 5,1.0 11,9.0 12,4.0 13,5.0 17,3.0 25,2.0 26,2.0 31,3.0 32,3.0 66,6.0 
13,1.0 28,1.0 29,1.0 30,1.0 92,2.0 93,2.0 94,2.0 
13,1.0 21,1.0 27,1.0 29,1.0 30,1.0 35,1.0 54,1.0 55,1.0 56,1.0 
13,1.0 26,1.0 30,1.0 37,1.0 38,1.0 
13,1.0 26,1.0 29,1.0 
21,2.0 24,2.0 32,3.0 33,3.0 34,1.0 35,2.0 56,1.0 87,2.0 98,2.0 
24,2.0 31,3.0 33,3.0 34,1.0 
11,1.0 24,2.0 34,1.0 51,2.0 
11,1.0 33,1.0 
21,3.0 28,1.0 29,1.0 31,2.0 36,1.0 37,1.0 54,1.0 55,1.0 56,2.0 87,2.0 98,2.0 
29,1.0 35,1.0 37,1.0 
29,1.0 38,1.0 
1,8.0 3,6.0 4,2.0 8,10.0 38,30.0 39,6.0 40,1.0 42,50.0 45,8.0 49,8.0 50,2.0 51,9.0 60,22.0 61,38.0 62,8.0 65,8.0 66,8.0 68,2.0 
0,1.0 38,3.0 40,2.0 42,2.0 44,2.0 
38,2.0 41,9.0 42,2.0 
38,4.0 39,3.0 40,2.0 42,3.0 68,2.0 95,2.0 
3,8.0 4,10.0 6,6.0 8,12.0 11,2.0 38,44.0 42,34.0 43,9.0 45,8.0 50,2.0 51,2.0 60,46.0 61,14.0 65,24.0 66,8.0 67,8.0 68,8.0 70,2.0 
40,7.0 41,2.0 42,2.0 51,2.0 80,2.0 
0,4.0 38,1.0 51,2.0 61,2.0 
8,2.0 38,8.0 42,8.0 44,1.0 45,2.0 46,3.0 47,2.0 60,2.0 61,2.0 66,6.0 
44,1.0 45,1.0 47,1.0 48,1.0 49,1.0 50,5.0 57,2.0 58,2.0 63,6.0 64,2.0 
44,1.0 48,1.0 49,2.0 
44,1.0 47,1.0 
1,5.0 38,8.0 42,2.0 49,2.0 50,1.0 51,4.0 61,8.0 62,6.0 66,2.0 
1,1.0 2,4.0 38,2.0 42,2.0 46,6.0 49,1.0 50,2.0 56,2.0 57,2.0 58,2.0 59,2.0 65,2.0 
1,14.0 3,2.0 4,9.0 5,6.0 11,2.0 14,2.0 38,8.0 49,2.0 51,5.0 60,2.0 61,8.0 62,2.0 65,6.0 
21,1.0 28,1.0 35,1.0 53,1.0 54,1.0 55,1.0 
21,1.0 28,1.0 35,1.0 52,1.0 54,1.0 55,1.0 
21,1.0 28,1.0 35,1.0 55,1.0 56,1.0 
21,1.0 28,1.0 35,1.0 54,1.0 56,1.0 
2,6.0 38,2.0 56,2.0 60,2.0 61,2.0 
50,4.0 56,2.0 58,4.0 59,2.0 63,2.0 64,2.0 
50,4.0 56,2.0 57,4.0 59,2.0 63,2.0 64,2.0 
50,2.0 56,2.0 57,2.0 58,2.0 
1,2.0 3,4.0 4,18.0 6,8.0 8,2.0 11,8.0 13,2.0 38,18.0 42,42.0 49,6.0 51,2.0 60,32.0 61,8.0 65,42.0 67,8.0 68,8.0 69,8.0 70,8.0 
1,8.0 8,6.0 38,38.0 42,16.0 45,2.0 49,8.0 50,2.0 51,8.0 60,8.0 61,16.0 62,8.0 
38,8.0 42,4.0 49,6.0 61,8.0 62,2.0 
46,4.0 50,2.0 57,2.0 58,2.0 64,2.0 
50,2.0 57,2.0 58,2.0 63,2.0 
4,26.0 5,8.0 6,8.0 11,10.0 13,8.0 14,2.0 38,8.0 42,22.0 45,2.0 51,8.0 60,38.0 65,28.0 66,2.0 69,8.0 70,8.0 
4,6.0 8,2.0 11,8.0 13,2.0 25,2.0 26,6.0 38,8.0 42,8.0 45,8.0 61,2.0 66,4.0 
3,2.0 8,2.0 11,6.0 12,8.0 13,90.0 14,2.0 17,8.0 18,70.0 19,6.0 38,2.0 42,8.0 60,6.0 62,2.0 67,42.0 68,6.0 71,42.0 74,6.0 77,32.0 78,4.0 
3,2.0 8,2.0 38,2.0 42,8.0 44,4.0 60,6.0 67,6.0 68,2.0 95,2.0 
6,2.0 8,126.0 13,32.0 14,40.0 19,2.0 25,24.0 42,2.0 60,8.0 65,8.0 67,2.0 69,62.0 70,6.0 71,58.0 72,36.0 73,36.0 74,26.0 75,4.0 76,4.0 
6,2.0 40,2.0 42,2.0 60,8.0 65,8.0 69,6.0 70,2.0 
8,58.0 11,6.0 13,40.0 14,6.0 17,4.0 18,30.0 19,4.0 24,2.0 25,8.0 62,2.0 67,38.0 69,58.0 71,20.0 72,22.0 73,28.0 74,12.0 77,10.0 78,4.0 91,2.0 
8,32.0 13,6.0 14,10.0 25,4.0 69,38.0 71,28.0 72,2.0 73,12.0 74,4.0 
8,32.0 13,2.0 14,8.0 19,2.0 25,4.0 67,2.0 69,32.0 71,22.0 72,4.0 73,4.0 74,6.0 
8,24.0 12,4.0 13,16.0 14,8.0 17,4.0 19,4.0 25,12.0 67,8.0 69,24.0 71,2.0 72,2.0 
8,2.0 69,2.0 73,2.0 76,2.0 
8,2.0 69,2.0 73,2.0 75,2.0 
13,36.0 17,2.0 18,38.0 19,4.0 67,36.0 71,18.0 
13,4.0 18,4.0 67,4.0 77,4.0 
43,2.0 
81,2.0 
82,2.0 
83,2.0 84,2.0 
3,2.0 84,2.0 
3,2.0 83,2.0 
19,2.0 86,2.0 
19,2.0 85,2.0 
21,2.0 31,2.0 35,2.0 56,1.0 88,2.0 89,2.0 90,2.0 98,2.0 
87,2.0 89,2.0 90,2.0 
18,2.0 90,2.0 
18,2.0 89,2.0 
17,2.0 24,2.0 71,2.0 
27,2.0 93,2.0 94,2.0 
26,2.0 94,2.0 
26,2.0 93,2.0 
44,2.0 68,2.0 
21,2.0 31,2.0 35,2.0 87,2.0 97,2.0 98,2.0 
21,2.0 31,2.0 35,2.0 87,2.0 96,2.0 98,2.0 
21,2.0 31,2.0 35,2.0 56,1.0 87,2.0 
