1,2.0 10,2.0 12,2.0 20,4.0 24,2.0 25,2.0 32,2.0 55,2.0 83,2.0 
0,2.0 1,2.0 2,10.0 4,8.0 5,4.0 7,2.0 10,4.0 12,4.0 16,18.0 17,2.0 18,2.0 19,6.0 23,4.0 24,2.0 26,2.0 32,2.0 46,2.0 55,4.0 79,2.0 82,2.0 83,2.0 84,2.0 85,4.0 86,4.0 87,10.0 88,2.0 112,2.0 114,2.0 130,4.0 146,10.0 148,2.0 150,2.0 151,2.0 154,2.0 155,2.0 
1,4.0 3,2.0 4,6.0 10,12.0 11,4.0 16,8.0 19,2.0 23,2.0 24,2.0 26,2.0 51,2.0 74,2.0 78,2.0 87,10.0 112,6.0 113,4.0 114,4.0 127,2.0 130,4.0 141,2.0 145,2.0 146,6.0 
4,2.0 12,2.0 20,2.0 22,6.0 57,2.0 58,2.0 69,2.0 70,2.0 71,2.0 80,2.0 
1,18.0 2,4.0 4,2.0 10,4.0 12,2.0 16,6.0 19,4.0 23,2.0 24,2.0 26,2.0 55,2.0 79,2.0 82,2.0 87,8.0 112,8.0 114,4.0 115,2.0 127,2.0 130,8.0 139,2.0 142,4.0 145,2.0 146,2.0 148,2.0 
6,4.0 16,2.0 53,1.0 72,1.0 187,1.0 
1,2.0 7,2.0 26,4.0 30,4.0 31,2.0 46,2.0 55,2.0 56,2.0 68,2.0 
8,4.0 
9,4.0 87,2.0 112,2.0 127,2.0 
2,4.0 81,2.0 87,2.0 112,4.0 114,2.0 127,2.0 130,2.0 140,2.0 
0,2.0 1,4.0 2,8.0 3,2.0 4,4.0 11,2.0 12,2.0 13,2.0 16,8.0 19,12.0 20,2.0 24,6.0 45,2.0 51,2.0 59,2.0 60,2.0 61,2.0 69,2.0 74,2.0 87,4.0 88,2.0 95,2.0 98,2.0 102,2.0 112,2.0 127,2.0 130,2.0 146,10.0 148,2.0 150,2.0 151,2.0 152,2.0 153,2.0 158,2.0 
3,4.0 10,2.0 15,2.0 53,1.0 57,2.0 98,1.0 207,1.0 
4,4.0 11,2.0 13,2.0 14,4.0 17,4.0 21,8.0 32,8.0 47,4.0 55,8.0 84,28.0 85,6.0 86,4.0 87,2.0 88,2.0 89,2.0 91,2.0 92,2.0 94,4.0 102,2.0 103,2.0 104,2.0 105,2.0 106,2.0 108,2.0 109,2.0 112,2.0 127,2.0 130,2.0 142,2.0 
14,2.0 53,1.0 57,2.0 58,2.0 63,2.0 98,1.0 
15,6.0 17,4.0 41,4.0 57,4.0 60,4.0 198,4.0 201,4.0 
1,4.0 2,2.0 12,4.0 26,2.0 41,4.0 57,6.0 78,2.0 87,2.0 112,2.0 127,2.0 
1,14.0 2,6.0 4,4.0 5,2.0 6,4.0 10,10.0 12,4.0 17,2.0 19,4.0 24,6.0 26,4.0 32,2.0 46,2.0 51,2.0 55,2.0 67,2.0 68,2.0 74,2.0 79,2.0 85,4.0 86,4.0 87,4.0 88,2.0 95,2.0 98,2.0 143,2.0 146,16.0 150,4.0 151,4.0 154,2.0 155,2.0 159,4.0 160,4.0 
1,2.0 14,4.0 15,4.0 18,2.0 41,4.0 57,4.0 
10,2.0 24,1.0 199,5.0 
0,4.0 1,4.0 2,4.0 4,4.0 10,10.0 16,6.0 24,14.0 26,8.0 33,2.0 45,2.0 55,2.0 69,2.0 87,2.0 88,2.0 95,4.0 98,4.0 102,2.0 104,2.0 106,2.0 112,4.0 113,2.0 114,2.0 146,8.0 149,4.0 150,2.0 151,2.0 152,2.0 153,2.0 156,2.0 157,2.0 158,2.0 163,2.0 
3,2.0 19,2.0 21,2.0 25,2.0 34,1.0 57,2.0 58,2.0 69,2.0 70,2.0 71,2.0 
3,2.0 12,14.0 32,4.0 47,4.0 55,4.0 84,8.0 85,8.0 86,6.0 88,4.0 89,4.0 90,4.0 91,16.0 92,10.0 93,4.0 95,2.0 97,4.0 98,2.0 99,4.0 100,2.0 101,2.0 102,2.0 103,2.0 104,4.0 105,2.0 106,2.0 107,2.0 108,2.0 109,2.0 
23,2.0 27,4.0 34,2.0 35,1.0 36,1.0 37,2.0 38,2.0 78,1.0 208,1.0 
1,2.0 2,2.0 19,2.0 87,2.0 146,2.0 
0,2.0 1,2.0 4,2.0 6,4.0 10,2.0 16,6.0 18,1.0 19,8.0 20,2.0 24,2.0 25,2.0 26,10.0 27,2.0 33,2.0 45,2.0 53,1.0 54,1.0 60,4.0 95,6.0 98,6.0 104,4.0 106,4.0 146,6.0 149,16.0 155,2.0 156,2.0 157,2.0 158,2.0 159,2.0 160,2.0 161,4.0 162,4.0 163,2.0 166,2.0 167,6.0 170,2.0 171,2.0 199,1.0 206,1.0 
19,2.0 20,2.0 
1,2.0 2,4.0 3,4.0 4,4.0 6,4.0 14,4.0 16,4.0 18,1.0 19,4.0 24,4.0 30,4.0 31,2.0 50,2.0 60,12.0 78,6.0 85,2.0 86,2.0 89,2.0 95,2.0 98,2.0 104,2.0 106,2.0 107,2.0 146,8.0 149,2.0 150,4.0 151,4.0 153,2.0 156,2.0 157,2.0 159,4.0 160,4.0 164,8.0 165,8.0 167,4.0 168,2.0 198,4.0 
28,4.0 51,2.0 
2,2.0 10,2.0 16,2.0 26,4.0 29,4.0 51,4.0 
24,4.0 
19,2.0 31,2.0 32,2.0 33,2.0 98,1.0 149,2.0 202,2.0 205,1.0 
30,2.0 32,2.0 33,2.0 
12,6.0 14,4.0 17,4.0 21,4.0 22,2.0 33,2.0 34,2.0 42,2.0 53,2.0 55,8.0 56,2.0 76,2.0 77,2.0 84,4.0 91,6.0 92,4.0 100,2.0 102,4.0 103,4.0 104,2.0 105,2.0 
19,2.0 22,2.0 24,2.0 26,2.0 32,2.0 34,2.0 104,2.0 106,2.0 146,2.0 149,4.0 163,2.0 
22,2.0 35,1.0 36,1.0 37,2.0 38,2.0 98,1.0 201,1.0 209,1.0 210,1.0 
0,1.0 36,1.0 37,1.0 38,1.0 
0,1.0 35,1.0 37,1.0 38,1.0 
0,1.0 35,1.0 36,1.0 38,2.0 39,1.0 40,1.0 
0,1.0 35,1.0 36,1.0 37,2.0 39,1.0 40,1.0 
40,1.0 41,1.0 42,1.0 43,1.0 44,1.0 
39,1.0 41,1.0 42,1.0 43,1.0 44,1.0 
12,4.0 15,4.0 42,1.0 43,1.0 44,1.0 45,1.0 57,4.0 
12,2.0 32,2.0 41,1.0 43,1.0 44,1.0 45,1.0 55,2.0 92,2.0 102,2.0 
41,1.0 42,1.0 44,1.0 45,1.0 
41,1.0 42,1.0 43,1.0 45,1.0 
10,2.0 16,2.0 19,2.0 24,4.0 46,2.0 48,2.0 49,2.0 95,2.0 98,2.0 146,2.0 158,2.0 
1,2.0 3,2.0 10,2.0 16,2.0 19,2.0 20,2.0 47,2.0 52,2.0 53,2.0 54,2.0 55,2.0 56,2.0 69,4.0 88,2.0 91,1.0 102,4.0 110,4.0 146,4.0 167,4.0 170,4.0 184,4.0 187,4.0 192,4.0 193,4.0 194,4.0 211,1.0 212,1.0 
12,2.0 21,4.0 32,2.0 45,2.0 48,2.0 72,2.0 84,2.0 85,4.0 86,2.0 104,2.0 106,2.0 107,2.0 108,2.0 109,2.0 
49,2.0 50,2.0 72,2.0 73,2.0 
48,2.0 50,2.0 
28,4.0 
2,4.0 10,4.0 16,4.0 24,2.0 46,2.0 74,2.0 
53,2.0 54,2.0 55,2.0 56,2.0 178,4.0 179,4.0 180,4.0 181,4.0 182,4.0 183,4.0 184,4.0 187,4.0 188,4.0 189,4.0 
5,1.0 11,1.0 12,2.0 13,1.0 52,2.0 54,3.0 55,4.0 56,2.0 72,1.0 76,2.0 77,2.0 98,2.0 187,2.0 206,1.0 207,1.0 
52,2.0 53,3.0 55,2.0 56,2.0 187,1.0 206,1.0 
1,4.0 2,2.0 3,2.0 4,2.0 11,2.0 12,14.0 13,2.0 14,4.0 17,4.0 20,2.0 21,4.0 23,2.0 32,8.0 42,2.0 46,2.0 56,4.0 84,6.0 85,2.0 86,4.0 87,2.0 89,2.0 91,8.0 92,8.0 93,4.0 94,2.0 95,2.0 96,2.0 97,2.0 99,2.0 100,4.0 101,2.0 102,2.0 103,2.0 112,2.0 
3,2.0 13,2.0 20,2.0 46,2.0 47,2.0 55,4.0 
2,2.0 10,2.0 12,4.0 15,6.0 26,2.0 41,4.0 47,2.0 58,4.0 59,2.0 60,2.0 69,2.0 70,2.0 71,2.0 78,2.0 
10,2.0 47,2.0 57,4.0 59,2.0 60,2.0 69,2.0 70,2.0 71,2.0 
10,2.0 60,2.0 61,2.0 
10,2.0 14,4.0 22,1.0 24,2.0 26,8.0 59,2.0 61,2.0 78,4.0 85,2.0 86,2.0 89,2.0 104,2.0 106,2.0 107,2.0 146,2.0 149,2.0 150,2.0 151,2.0 153,2.0 159,2.0 160,2.0 161,2.0 162,2.0 164,6.0 165,6.0 167,4.0 168,2.0 198,4.0 201,4.0 
16,2.0 62,2.0 67,2.0 
10,2.0 
64,2.0 
65,2.0 
66,2.0 
61,2.0 
6,2.0 16,2.0 68,2.0 
6,2.0 46,2.0 55,2.0 56,2.0 
10,2.0 19,2.0 47,2.0 57,2.0 58,2.0 70,2.0 71,2.0 102,10.0 146,2.0 150,2.0 151,2.0 152,6.0 153,6.0 167,8.0 175,1.0 184,8.0 185,8.0 186,8.0 192,8.0 195,1.0 
47,2.0 57,2.0 58,2.0 69,2.0 71,2.0 
47,2.0 57,2.0 58,2.0 69,2.0 70,2.0 
5,1.0 48,2.0 53,1.0 73,2.0 187,1.0 
74,2.0 
1,2.0 2,2.0 4,2.0 10,4.0 16,2.0 75,2.0 146,2.0 148,2.0 
32,2.0 
12,2.0 53,2.0 55,2.0 77,2.0 
12,2.0 53,2.0 55,2.0 76,2.0 
2,4.0 4,2.0 5,1.0 19,2.0 22,1.0 26,6.0 53,1.0 60,2.0 72,1.0 97,2.0 99,2.0 149,2.0 153,2.0 155,2.0 164,2.0 165,2.0 166,2.0 167,2.0 168,2.0 208,1.0 
1,2.0 2,2.0 12,2.0 16,2.0 32,2.0 55,2.0 85,2.0 86,2.0 
9,2.0 
4,2.0 
0,2.0 1,2.0 83,2.0 
0,2.0 12,2.0 32,2.0 55,2.0 
1,4.0 15,2.0 16,4.0 21,18.0 32,8.0 42,2.0 47,2.0 55,8.0 79,2.0 85,10.0 86,8.0 87,6.0 88,4.0 89,4.0 90,4.0 91,12.0 92,20.0 97,2.0 99,2.0 100,4.0 101,2.0 102,4.0 103,4.0 104,4.0 105,2.0 106,2.0 107,2.0 112,2.0 114,2.0 127,2.0 130,2.0 215,1.0 216,1.0 217,1.0 
1,4.0 12,10.0 16,4.0 21,8.0 32,2.0 47,4.0 55,4.0 79,2.0 84,4.0 86,12.0 87,2.0 91,4.0 92,6.0 94,2.0 104,4.0 106,4.0 107,6.0 108,2.0 109,2.0 150,2.0 151,2.0 172,2.0 173,2.0 
1,4.0 12,10.0 16,4.0 21,6.0 26,2.0 32,2.0 47,2.0 55,6.0 60,2.0 79,2.0 84,4.0 85,12.0 87,2.0 89,2.0 91,6.0 92,6.0 93,2.0 94,2.0 96,2.0 108,2.0 109,2.0 164,2.0 165,2.0 167,2.0 
1,10.0 2,12.0 4,4.0 9,2.0 10,2.0 12,2.0 15,4.0 16,8.0 23,2.0 84,2.0 85,2.0 86,2.0 87,2.0 112,10.0 113,2.0 114,4.0 127,8.0 130,8.0 136,2.0 142,2.0 146,4.0 
10,2.0 12,6.0 19,2.0 21,4.0 89,6.0 90,4.0 91,6.0 92,2.0 94,2.0 146,2.0 150,2.0 151,2.0 
12,6.0 21,4.0 26,2.0 55,2.0 60,2.0 84,2.0 86,2.0 88,6.0 90,4.0 91,8.0 92,2.0 93,2.0 94,2.0 95,2.0 164,2.0 165,2.0 167,2.0 
12,4.0 21,4.0 88,4.0 89,4.0 91,4.0 
12,18.0 21,14.0 46,1.0 47,2.0 55,4.0 84,6.0 85,6.0 86,8.0 88,6.0 89,8.0 90,4.0 92,8.0 93,8.0 94,2.0 95,4.0 96,2.0 97,2.0 98,2.0 99,2.0 211,1.0 212,1.0 
12,8.0 21,12.0 32,4.0 42,2.0 55,12.0 85,4.0 86,6.0 89,2.0 91,14.0 92,2.0 93,12.0 95,4.0 96,2.0 97,4.0 98,2.0 99,4.0 100,4.0 101,2.0 102,2.0 103,2.0 
12,6.0 21,4.0 55,6.0 84,6.0 85,2.0 86,4.0 88,2.0 89,4.0 91,10.0 93,2.0 94,4.0 95,4.0 96,2.0 97,2.0 98,2.0 99,2.0 114,4.0 115,2.0 117,2.0 118,2.0 119,2.0 120,4.0 
12,4.0 55,2.0 84,2.0 85,2.0 86,2.0 88,2.0 89,2.0 91,2.0 92,2.0 
12,2.0 16,2.0 19,2.0 21,2.0 24,4.0 26,2.0 55,2.0 84,2.0 89,2.0 91,4.0 93,4.0 98,4.0 99,2.0 146,2.0 156,2.0 157,2.0 159,2.0 160,2.0 
55,2.0 84,2.0 86,2.0 91,2.0 93,2.0 
12,2.0 21,4.0 55,2.0 78,2.0 84,2.0 91,2.0 92,2.0 93,2.0 98,2.0 99,2.0 100,2.0 149,2.0 155,2.0 166,2.0 167,2.0 
16,2.0 19,2.0 21,2.0 24,4.0 26,4.0 45,1.0 60,2.0 84,2.0 91,2.0 93,2.0 95,4.0 97,2.0 146,2.0 156,2.0 157,2.0 159,2.0 160,2.0 203,1.0 204,1.0 
12,4.0 21,4.0 55,2.0 78,2.0 91,2.0 92,2.0 93,2.0 95,2.0 97,2.0 101,2.0 149,2.0 155,2.0 166,2.0 167,2.0 
12,2.0 21,2.0 32,2.0 55,4.0 91,2.0 92,4.0 97,2.0 103,2.0 
12,2.0 21,2.0 55,2.0 92,2.0 99,2.0 
10,2.0 12,2.0 19,2.0 21,2.0 32,4.0 42,2.0 55,2.0 69,10.0 84,2.0 91,2.0 92,2.0 104,2.0 146,2.0 150,2.0 151,4.0 152,6.0 153,6.0 167,8.0 175,1.0 184,8.0 185,10.0 186,10.0 192,10.0 195,1.0 
21,2.0 32,4.0 55,2.0 84,2.0 91,4.0 92,2.0 100,2.0 105,2.0 
21,2.0 24,2.0 26,2.0 32,2.0 55,2.0 60,2.0 84,2.0 85,2.0 91,2.0 102,2.0 106,6.0 107,4.0 146,2.0 149,4.0 161,2.0 162,2.0 164,2.0 165,2.0 
21,2.0 32,2.0 84,2.0 91,2.0 103,2.0 
21,2.0 24,2.0 26,2.0 47,2.0 60,2.0 84,2.0 85,4.0 104,8.0 107,4.0 146,2.0 149,4.0 161,2.0 162,2.0 164,2.0 165,2.0 
55,2.0 85,4.0 104,4.0 106,2.0 150,2.0 151,2.0 172,2.0 173,2.0 
109,4.0 110,4.0 111,4.0 
108,4.0 110,4.0 111,4.0 
26,2.0 46,4.0 69,8.0 78,2.0 102,10.0 108,2.0 109,2.0 111,4.0 150,4.0 167,8.0 170,4.0 184,8.0 185,4.0 186,4.0 187,4.0 191,4.0 192,18.0 193,4.0 194,10.0 
26,2.0 78,2.0 108,2.0 109,2.0 110,4.0 
1,6.0 2,8.0 4,14.0 9,2.0 10,2.0 12,2.0 15,2.0 23,2.0 55,2.0 87,10.0 113,8.0 114,8.0 115,4.0 122,2.0 125,2.0 127,10.0 130,8.0 134,2.0 140,2.0 142,2.0 145,2.0 
2,2.0 87,8.0 93,2.0 112,4.0 113,2.0 114,10.0 115,8.0 121,2.0 122,8.0 123,4.0 124,2.0 125,2.0 127,10.0 130,6.0 133,2.0 135,2.0 137,2.0 
1,2.0 4,6.0 15,2.0 84,2.0 87,8.0 93,2.0 112,10.0 113,14.0 114,2.0 115,6.0 116,6.0 119,4.0 121,2.0 122,6.0 123,2.0 125,2.0 127,4.0 130,10.0 134,2.0 135,4.0 138,2.0 140,2.0 
4,2.0 93,2.0 112,4.0 113,4.0 114,14.0 115,2.0 121,2.0 122,8.0 123,6.0 124,2.0 125,6.0 126,2.0 127,4.0 128,2.0 129,4.0 130,4.0 133,2.0 134,2.0 135,2.0 138,2.0 
93,2.0 117,6.0 121,2.0 
93,2.0 118,6.0 121,2.0 122,2.0 125,2.0 126,2.0 
113,6.0 122,2.0 125,2.0 126,2.0 
93,4.0 120,4.0 121,4.0 
93,2.0 114,4.0 121,2.0 
114,4.0 115,2.0 117,2.0 118,2.0 119,2.0 120,4.0 121,2.0 
87,4.0 113,8.0 114,6.0 115,4.0 118,2.0 123,6.0 124,2.0 125,2.0 126,2.0 127,2.0 129,2.0 130,6.0 135,2.0 
113,2.0 114,4.0 115,4.0 122,6.0 124,2.0 129,2.0 130,4.0 
114,2.0 115,2.0 122,2.0 123,2.0 
113,6.0 114,4.0 115,8.0 118,2.0 122,6.0 123,2.0 126,4.0 127,2.0 128,2.0 129,2.0 133,2.0 134,2.0 135,2.0 
113,2.0 115,4.0 118,2.0 122,4.0 123,2.0 125,4.0 128,2.0 129,2.0 
1,2.0 2,4.0 4,4.0 9,2.0 12,2.0 15,2.0 87,12.0 112,12.0 113,8.0 114,4.0 115,4.0 122,4.0 123,2.0 125,2.0 126,2.0 128,2.0 130,6.0 137,2.0 138,2.0 142,2.0 
115,4.0 122,2.0 123,2.0 125,2.0 126,2.0 129,2.0 
115,2.0 122,2.0 123,2.0 130,2.0 
1,4.0 2,2.0 4,8.0 15,2.0 16,4.0 84,2.0 87,14.0 112,6.0 113,4.0 114,8.0 115,2.0 122,2.0 127,8.0 131,2.0 137,2.0 140,2.0 142,2.0 
132,2.0 
113,2.0 115,2.0 125,2.0 133,2.0 
113,2.0 115,2.0 125,2.0 127,2.0 
113,2.0 114,4.0 115,2.0 122,2.0 125,2.0 135,2.0 
87,2.0 113,2.0 114,2.0 122,2.0 
137,2.0 
87,2.0 113,2.0 114,2.0 115,2.0 127,4.0 130,2.0 138,2.0 
112,2.0 114,2.0 115,2.0 127,2.0 
140,2.0 
4,2.0 112,2.0 113,2.0 114,2.0 127,2.0 130,4.0 137,2.0 
9,2.0 
4,2.0 16,2.0 87,2.0 130,2.0 
144,2.0 
2,2.0 4,2.0 112,2.0 145,2.0 
2,2.0 4,2.0 10,2.0 112,2.0 
1,6.0 4,2.0 10,6.0 16,10.0 19,8.0 24,2.0 26,10.0 46,2.0 60,2.0 69,2.0 88,4.0 95,2.0 98,2.0 102,2.0 104,2.0 106,2.0 146,2.0 147,2.0 149,2.0 150,6.0 151,6.0 152,2.0 153,2.0 154,2.0 155,2.0 159,6.0 160,6.0 164,4.0 165,4.0 
74,2.0 
1,2.0 4,2.0 10,2.0 19,2.0 
1,2.0 16,2.0 18,4.0 19,2.0 24,8.0 26,10.0 33,2.0 46,2.0 60,4.0 78,2.0 97,2.0 99,2.0 104,6.0 106,6.0 146,6.0 149,2.0 155,4.0 161,4.0 162,4.0 163,2.0 164,2.0 165,2.0 166,4.0 167,8.0 170,2.0 171,2.0 
10,2.0 16,2.0 19,2.0 26,2.0 46,4.0 52,4.0 69,6.0 85,2.0 102,6.0 107,2.0 110,8.0 146,4.0 151,26.0 152,6.0 153,6.0 159,2.0 160,2.0 167,4.0 170,4.0 172,4.0 173,4.0 178,8.0 179,8.0 180,12.0 181,4.0 182,4.0 183,4.0 184,8.0 185,6.0 186,6.0 187,8.0 188,4.0 189,4.0 191,4.0 192,10.0 193,4.0 194,4.0 
10,2.0 16,2.0 19,2.0 24,2.0 26,2.0 46,4.0 52,4.0 69,2.0 85,2.0 102,2.0 107,2.0 110,4.0 146,4.0 149,2.0 150,26.0 152,6.0 153,8.0 159,2.0 160,2.0 167,2.0 169,2.0 170,6.0 171,2.0 172,4.0 173,4.0 178,8.0 179,8.0 180,12.0 181,4.0 182,4.0 183,4.0 184,4.0 185,8.0 186,8.0 187,8.0 188,4.0 189,4.0 192,8.0 193,4.0 194,4.0 
1,2.0 16,2.0 146,2.0 150,4.0 151,4.0 153,12.0 154,6.0 155,6.0 156,2.0 157,2.0 175,4.0 185,4.0 186,4.0 190,4.0 192,4.0 
1,2.0 16,2.0 26,2.0 60,2.0 78,4.0 97,2.0 99,2.0 110,2.0 146,2.0 149,2.0 150,4.0 151,4.0 152,12.0 154,6.0 155,6.0 156,2.0 157,2.0 164,2.0 165,2.0 167,2.0 168,4.0 175,4.0 185,4.0 186,4.0 190,4.0 192,6.0 194,2.0 
1,2.0 16,2.0 110,4.0 146,2.0 150,6.0 151,2.0 155,6.0 175,4.0 190,4.0 191,4.0 192,4.0 
1,2.0 16,2.0 24,2.0 26,2.0 60,2.0 86,2.0 89,2.0 110,4.0 146,2.0 149,2.0 150,6.0 151,4.0 154,6.0 161,2.0 162,2.0 166,6.0 167,4.0 169,2.0 175,4.0 190,4.0 191,4.0 192,4.0 
10,2.0 16,2.0 19,2.0 24,2.0 26,2.0 45,2.0 146,2.0 150,2.0 151,2.0 157,6.0 158,2.0 161,2.0 162,2.0 
10,2.0 16,2.0 19,2.0 24,2.0 26,2.0 45,2.0 146,2.0 150,2.0 151,2.0 156,6.0 158,2.0 161,2.0 162,2.0 
10,2.0 16,2.0 19,2.0 24,4.0 45,2.0 95,2.0 98,2.0 146,2.0 
19,2.0 24,2.0 26,4.0 60,2.0 95,2.0 98,2.0 146,2.0 156,2.0 157,2.0 160,6.0 164,2.0 165,2.0 
19,2.0 24,2.0 26,4.0 60,2.0 95,2.0 98,2.0 146,2.0 156,2.0 157,2.0 159,6.0 164,2.0 165,2.0 
19,2.0 24,4.0 26,2.0 33,2.0 60,2.0 146,2.0 149,4.0 155,4.0 159,2.0 160,2.0 162,8.0 163,2.0 166,4.0 167,2.0 
19,2.0 24,4.0 26,2.0 33,2.0 60,2.0 146,2.0 149,4.0 155,4.0 159,2.0 160,2.0 161,8.0 163,2.0 166,4.0 167,2.0 
19,2.0 24,2.0 26,2.0 33,2.0 104,2.0 106,2.0 146,2.0 149,4.0 
24,2.0 26,2.0 60,4.0 78,2.0 104,2.0 106,2.0 149,2.0 153,4.0 161,2.0 162,2.0 165,8.0 168,4.0 
24,2.0 26,2.0 60,4.0 78,2.0 104,2.0 106,2.0 149,2.0 153,4.0 161,2.0 162,2.0 164,8.0 168,4.0 
24,2.0 26,2.0 60,2.0 86,2.0 89,2.0 149,2.0 151,2.0 155,6.0 161,2.0 162,2.0 167,4.0 169,2.0 
24,4.0 26,6.0 60,6.0 69,8.0 78,2.0 85,2.0 86,2.0 89,2.0 97,2.0 99,2.0 102,8.0 107,2.0 149,6.0 150,4.0 151,4.0 152,4.0 153,4.0 155,4.0 161,2.0 162,2.0 164,2.0 165,2.0 166,4.0 167,2.0 170,2.0 171,2.0 175,1.0 184,8.0 185,8.0 186,8.0 192,8.0 195,1.0 
26,2.0 60,2.0 78,4.0 97,2.0 99,2.0 149,2.0 153,4.0 164,2.0 165,2.0 167,2.0 
24,2.0 149,2.0 151,2.0 167,2.0 170,2.0 171,2.0 
24,2.0 26,2.0 34,1.0 46,4.0 60,2.0 69,4.0 102,4.0 110,4.0 149,2.0 167,8.0 171,2.0 184,4.0 187,5.0 192,4.0 193,4.0 194,4.0 201,1.0 
24,2.0 26,2.0 60,2.0 149,2.0 167,4.0 170,2.0 
150,4.0 151,4.0 173,8.0 174,4.0 175,4.0 176,4.0 177,4.0 180,4.0 185,4.0 186,4.0 
150,4.0 151,4.0 172,8.0 174,4.0 175,4.0 176,4.0 177,4.0 180,4.0 185,4.0 186,4.0 
150,4.0 151,4.0 175,4.0 176,4.0 177,4.0 178,4.0 179,4.0 180,4.0 
110,4.0 150,8.0 151,4.0 154,4.0 155,4.0 174,4.0 176,4.0 177,4.0 178,4.0 179,4.0 180,4.0 185,1.0 186,1.0 190,4.0 191,4.0 192,5.0 195,2.0 196,2.0 197,2.0 
150,4.0 151,4.0 174,4.0 175,4.0 177,4.0 178,4.0 179,4.0 180,4.0 
150,4.0 151,4.0 174,4.0 175,4.0 176,4.0 178,4.0 179,4.0 180,4.0 
52,4.0 150,4.0 151,4.0 179,8.0 180,8.0 181,8.0 182,8.0 183,8.0 184,8.0 187,4.0 188,4.0 189,4.0 
52,4.0 150,4.0 151,4.0 178,8.0 180,8.0 181,8.0 182,8.0 183,8.0 184,8.0 187,4.0 188,4.0 189,4.0 
52,4.0 150,12.0 151,12.0 152,2.0 153,2.0 172,6.0 173,6.0 178,8.0 179,8.0 181,8.0 182,8.0 183,8.0 184,8.0 185,8.0 186,8.0 187,4.0 188,4.0 189,4.0 
150,4.0 151,4.0 172,4.0 173,4.0 180,8.0 182,8.0 183,8.0 184,8.0 185,8.0 186,8.0 
150,4.0 151,4.0 172,4.0 173,4.0 180,8.0 181,8.0 183,8.0 184,8.0 185,8.0 186,8.0 
150,4.0 151,4.0 172,4.0 173,4.0 180,8.0 181,8.0 182,8.0 184,8.0 185,8.0 186,8.0 
69,8.0 102,8.0 150,6.0 151,6.0 152,4.0 153,4.0 167,8.0 172,4.0 173,4.0 175,1.0 180,8.0 181,8.0 182,8.0 183,8.0 185,16.0 186,16.0 192,8.0 195,1.0 
30,2.0 110,2.0 150,14.0 151,16.0 152,8.0 153,10.0 172,6.0 173,6.0 175,2.0 180,8.0 186,22.0 192,16.0 194,2.0 195,2.0 196,1.0 197,1.0 
30,2.0 110,2.0 150,14.0 151,16.0 152,8.0 153,10.0 172,6.0 173,6.0 175,2.0 180,8.0 185,22.0 192,16.0 194,2.0 195,2.0 196,1.0 197,1.0 
11,1.0 13,1.0 20,1.0 30,3.0 34,1.0 46,4.0 52,4.0 53,2.0 69,4.0 98,1.0 102,4.0 110,4.0 167,4.0 170,5.0 178,4.0 179,4.0 180,4.0 181,4.0 182,4.0 183,4.0 184,8.0 188,4.0 189,4.0 192,4.0 193,4.0 194,4.0 201,1.0 203,1.0 204,1.0 205,1.0 207,1.0 
52,4.0 178,4.0 179,4.0 180,4.0 181,4.0 182,4.0 183,4.0 184,4.0 187,4.0 189,4.0 
52,4.0 178,4.0 179,4.0 180,4.0 181,4.0 182,4.0 183,4.0 184,4.0 187,4.0 188,4.0 
110,4.0 150,4.0 154,4.0 155,4.0 175,4.0 191,4.0 192,4.0 
69,4.0 102,4.0 110,4.0 150,4.0 167,4.0 184,4.0 192,4.0 
30,2.0 46,4.0 69,8.0 102,10.0 110,16.0 150,10.0 151,8.0 152,6.0 153,8.0 167,8.0 170,4.0 175,2.0 184,8.0 185,18.0 186,18.0 187,4.0 191,4.0 192,6.0 193,4.0 194,12.0 195,2.0 196,1.0 197,1.0 
46,4.0 69,4.0 102,4.0 110,4.0 167,4.0 170,4.0 184,4.0 187,4.0 192,4.0 194,4.0 
46,4.0 69,4.0 102,6.0 110,10.0 167,4.0 170,4.0 184,4.0 185,4.0 186,4.0 187,4.0 192,14.0 193,4.0 
175,2.0 185,1.0 186,1.0 192,1.0 196,2.0 197,2.0 
28,4.0 110,2.0 192,2.0 194,2.0 197,2.0 
110,2.0 192,2.0 194,2.0 196,2.0 
24,4.0 187,4.0 201,4.0 
187,1.0 200,4.0 
196,4.0 
34,1.0 187,4.0 198,4.0 209,1.0 210,1.0 
149,2.0 
45,1.0 98,1.0 204,1.0 
45,1.0 98,1.0 203,1.0 
30,1.0 98,1.0 
53,1.0 54,1.0 187,1.0 
11,1.0 53,1.0 98,1.0 
170,1.0 187,1.0 
46,1.0 91,1.0 210,1.0 
46,1.0 91,1.0 209,1.0 
212,1.0 213,1.0 214,1.0 
211,1.0 213,1.0 214,1.0 
84,1.0 214,1.0 215,1.0 
84,1.0 213,1.0 215,1.0 
84,1.0 216,1.0 217,1.0 
217,1.0 218,1.0 219,1.0 220,1.0 221,1.0 
216,1.0 218,1.0 219,1.0 220,1.0 221,1.0 
219,1.0 220,1.0 221,1.0 
218,1.0 220,1.0 221,1.0 
218,1.0 219,1.0 221,1.0 
218,1.0 219,1.0 220,1.0 
