1,2.0 2,2.0 8,3.0 12,3.0 16,3.0 17,3.0 18,3.0 27,2.0 31,3.0 38,5.0 39,3.0 74,3.0 
2,2.0 3,2.0 4,10.0 5,3.0 7,3.0 8,3.0 9,6.0 12,3.0 13,3.0 14,10.0 15,4.0 18,8.0 20,3.0 21,3.0 23,3.0 27,2.0 32,10.0 35,3.0 56,3.0 59,5.0 60,3.0 76,3.0 80,3.0 85,1.0 86,1.0 87,1.0 
1,2.0 3,2.0 4,4.0 5,2.0 14,9.0 18,5.0 22,2.0 23,8.0 27,2.0 37,7.0 38,2.0 39,2.0 45,1.0 47,1.0 50,1.0 51,1.0 61,1.0 75,3.0 82,3.0 83,2.0 85,1.0 86,1.0 89,1.0 
1,10.0 2,3.0 4,16.0 5,3.0 18,6.0 36,2.0 46,1.0 
1,10.0 2,4.0 5,8.0 14,2.0 16,2.0 18,11.0 32,7.0 35,3.0 47,1.0 50,1.0 57,2.0 80,3.0 125,2.0 133,2.0 134,2.0 166,2.0 167,2.0 170,2.0 172,2.0 
1,3.0 4,3.0 6,5.0 17,3.0 18,5.0 19,5.0 21,3.0 22,8.0 34,5.0 35,11.0 70,3.0 81,3.0 133,2.0 135,2.0 136,2.0 137,2.0 138,2.0 
1,3.0 7,7.0 8,7.0 
1,3.0 8,7.0 9,5.0 10,2.0 18,2.0 48,2.0 76,3.0 
1,6.0 7,7.0 9,5.0 10,2.0 14,6.0 18,5.0 20,5.0 22,2.0 48,2.0 69,3.0 76,3.0 153,4.0 154,4.0 155,4.0 
2,1.0 10,2.0 11,5.0 56,3.0 59,3.0 61,4.0 62,3.0 76,3.0 85,2.0 86,2.0 89,1.0 
9,2.0 11,2.0 56,3.0 57,3.0 58,3.0 84,1.0 
1,3.0 12,7.0 13,5.0 21,2.0 
0,3.0 1,7.0 8,3.0 13,5.0 14,5.0 21,2.0 27,2.0 32,3.0 57,2.0 166,2.0 167,2.0 170,2.0 172,2.0 
1,5.0 8,2.0 12,5.0 14,7.0 16,2.0 32,3.0 111,2.0 114,2.0 115,2.0 116,2.0 126,4.0 134,2.0 140,2.0 143,2.0 144,6.0 153,2.0 154,2.0 158,4.0 159,4.0 160,4.0 
1,2.0 2,9.0 3,2.0 8,4.0 15,5.0 17,2.0 18,7.0 20,3.0 21,3.0 22,9.0 23,7.0 27,2.0 29,3.0 30,3.0 31,5.0 32,5.0 37,10.0 38,2.0 39,2.0 45,1.0 51,3.0 71,3.0 79,3.0 82,3.0 83,2.0 153,4.0 154,4.0 155,4.0 
0,3.0 16,7.0 17,7.0 
0,3.0 4,2.0 5,2.0 17,7.0 18,7.0 23,2.0 39,3.0 108,2.0 111,2.0 115,2.0 116,2.0 125,2.0 133,2.0 134,2.0 
0,3.0 5,8.0 16,7.0 18,9.0 22,6.0 23,2.0 25,3.0 35,3.0 39,3.0 57,2.0 59,2.0 60,3.0 65,3.0 67,3.0 143,4.0 170,2.0 
1,6.0 2,3.0 4,6.0 5,5.0 11,2.0 19,7.0 23,10.0 24,4.0 26,3.0 27,7.0 32,5.0 33,2.0 35,3.0 38,7.0 39,10.0 48,2.0 59,3.0 61,4.0 68,3.0 71,3.0 72,3.0 75,3.0 77,3.0 78,4.0 80,3.0 83,3.0 85,2.0 86,1.0 93,1.0 96,1.0 97,2.0 107,1.0 141,1.0 177,1.0 
0,3.0 8,2.0 12,3.0 14,3.0 20,7.0 21,5.0 
1,6.0 8,5.0 14,7.0 20,2.0 21,5.0 22,7.0 23,3.0 37,3.0 117,6.0 118,4.0 119,4.0 120,4.0 121,2.0 
1,5.0 4,4.0 5,3.0 12,2.0 14,8.0 16,2.0 17,3.0 20,5.0 22,5.0 27,2.0 37,3.0 57,2.0 59,3.0 69,3.0 70,3.0 108,2.0 133,2.0 134,2.0 146,2.0 170,2.0 172,2.0 
3,3.0 5,3.0 8,3.0 14,4.0 17,2.0 18,7.0 23,2.0 25,3.0 26,3.0 27,5.0 28,2.0 34,3.0 35,8.0 36,2.0 37,5.0 38,2.0 45,1.0 61,1.0 67,3.0 78,3.0 81,3.0 85,1.0 86,1.0 89,1.0 
2,3.0 3,3.0 14,3.0 18,8.0 19,2.0 24,5.0 27,2.0 37,5.0 38,4.0 39,2.0 49,2.0 50,2.0 66,3.0 75,3.0 77,3.0 82,3.0 83,2.0 
22,3.0 25,7.0 26,5.0 30,2.0 
17,3.0 22,8.0 23,2.0 26,5.0 27,5.0 30,10.0 49,2.0 67,3.0 78,3.0 87,4.0 133,4.0 134,4.0 
22,5.0 25,5.0 27,8.0 72,3.0 73,3.0 78,3.0 
0,1.0 1,2.0 10,2.0 15,2.0 18,3.0 22,2.0 28,5.0 36,1.0 38,3.0 39,7.0 40,2.0 51,3.0 53,6.0 56,2.0 57,2.0 64,3.0 65,3.0 73,3.0 78,3.0 83,3.0 85,6.0 86,2.0 93,8.0 96,1.0 107,1.0 141,1.0 176,3.0 177,1.0 
14,3.0 29,7.0 30,5.0 52,2.0 
14,5.0 29,2.0 30,5.0 31,7.0 52,2.0 53,3.0 57,4.0 79,3.0 90,6.0 93,1.0 170,4.0 175,4.0 
14,5.0 23,2.0 25,10.0 29,5.0 31,5.0 49,2.0 79,3.0 87,4.0 133,4.0 134,4.0 
3,7.0 14,2.0 36,3.0 53,2.0 74,3.0 79,3.0 
14,5.0 15,3.0 18,2.0 33,5.0 51,2.0 80,3.0 
5,5.0 22,3.0 34,7.0 53,2.0 
5,5.0 22,5.0 35,7.0 53,2.0 55,2.0 81,3.0 
3,3.0 5,3.0 6,3.0 22,5.0 36,7.0 55,2.0 81,3.0 
2,12.0 3,2.0 4,1.0 14,8.0 18,3.0 23,3.0 37,2.0 44,1.0 46,1.0 82,2.0 
2,2.0 14,2.0 18,10.0 22,5.0 23,4.0 27,3.0 38,7.0 39,2.0 82,3.0 83,2.0 
0,5.0 18,7.0 27,9.0 31,3.0 39,7.0 63,1.0 74,3.0 83,3.0 85,3.0 86,2.0 87,2.0 96,1.0 107,1.0 141,1.0 177,1.0 
10,3.0 18,5.0 19,3.0 27,6.0 38,2.0 40,2.0 56,3.0 57,3.0 83,3.0 85,2.0 86,1.0 96,1.0 107,1.0 141,1.0 177,1.0 
41,2.0 42,2.0 43,2.0 
0,2.0 38,2.0 42,2.0 43,2.0 
0,2.0 38,2.0 41,2.0 43,2.0 
0,2.0 38,2.0 41,2.0 42,2.0 
2,1.0 14,1.0 
3,1.0 36,1.0 53,1.0 85,1.0 86,1.0 89,1.0 
2,1.0 4,1.0 
6,1.0 47,2.0 139,6.0 140,4.0 141,4.0 142,4.0 143,2.0 
11,2.0 18,2.0 
23,2.0 50,2.0 
6,1.0 51,2.0 
0,3.0 28,2.0 38,3.0 52,4.0 54,2.0 62,3.0 
3,1.0 27,3.0 29,2.0 31,2.0 36,1.0 52,3.0 53,2.0 62,6.0 63,3.0 64,3.0 
3,2.0 27,8.0 31,2.0 34,2.0 35,2.0 36,1.0 55,2.0 73,4.0 85,2.0 93,12.0 176,2.0 
33,2.0 76,4.0 104,4.0 
35,2.0 36,2.0 
9,3.0 10,3.0 57,3.0 58,3.0 59,3.0 61,3.0 84,1.0 
4,2.0 10,3.0 12,2.0 29,2.0 53,1.0 56,3.0 58,3.0 72,12.0 84,1.0 90,2.0 93,1.0 115,2.0 121,2.0 145,2.0 161,12.0 162,12.0 163,6.0 164,6.0 165,6.0 166,10.0 167,10.0 170,16.0 172,4.0 173,2.0 174,2.0 175,2.0 
5,3.0 17,3.0 84,1.0 
1,5.0 17,10.0 21,3.0 52,3.0 60,6.0 61,3.0 85,1.0 86,1.0 87,1.0 143,4.0 
1,3.0 5,3.0 9,3.0 17,3.0 56,3.0 
9,2.0 18,4.0 22,1.0 45,1.0 52,3.0 59,3.0 62,3.0 78,4.0 85,1.0 86,1.0 89,1.0 93,1.0 97,2.0 
2,1.0 9,3.0 22,1.0 51,3.0 52,6.0 61,3.0 63,3.0 85,2.0 86,2.0 88,1.0 89,1.0 
38,2.0 51,3.0 62,3.0 75,2.0 78,6.0 87,4.0 97,2.0 98,6.0 100,4.0 
27,3.0 65,3.0 
1,3.0 8,3.0 20,6.0 
17,3.0 25,3.0 110,4.0 114,4.0 
8,3.0 22,3.0 
21,3.0 69,3.0 
5,5.0 21,6.0 59,3.0 70,3.0 135,4.0 
5,3.0 19,3.0 
18,3.0 26,3.0 72,3.0 
26,3.0 27,3.0 57,10.0 72,10.0 73,3.0 161,22.0 162,22.0 163,10.0 164,12.0 165,12.0 166,2.0 167,2.0 
27,3.0 51,3.0 78,4.0 93,4.0 97,2.0 
31,3.0 36,3.0 
3,3.0 23,3.0 78,2.0 100,2.0 
9,3.0 11,3.0 78,4.0 97,2.0 104,4.0 
23,3.0 24,3.0 
18,1.0 27,3.0 28,3.0 53,2.0 54,2.0 61,1.0 63,2.0 87,2.0 89,2.0 91,2.0 93,2.0 95,4.0 97,12.0 99,8.0 100,2.0 101,2.0 103,2.0 105,2.0 106,2.0 
3,3.0 31,3.0 
32,3.0 33,3.0 
35,3.0 36,3.0 
2,2.0 14,2.0 18,3.0 23,2.0 27,3.0 37,3.0 38,3.0 39,2.0 83,2.0 
10,1.0 18,2.0 27,2.0 38,2.0 39,3.0 56,1.0 57,1.0 85,2.0 86,1.0 96,1.0 107,1.0 141,1.0 177,1.0 
5,1.0 17,1.0 58,1.0 
0,1.0 2,1.0 27,2.0 45,1.0 53,3.0 61,1.0 62,1.0 63,1.0 85,1.0 86,11.0 87,1.0 88,1.0 89,2.0 90,2.0 91,2.0 92,1.0 93,3.0 94,4.0 95,4.0 96,3.0 107,1.0 141,1.0 176,4.0 177,1.0 
2,1.0 45,1.0 53,1.0 61,1.0 62,1.0 63,1.0 85,11.0 86,1.0 87,1.0 88,1.0 89,2.0 90,2.0 91,2.0 92,1.0 93,1.0 94,2.0 95,2.0 96,1.0 
1,2.0 25,8.0 30,8.0 38,2.0 59,2.0 63,5.0 85,1.0 86,1.0 98,2.0 
9,1.0 62,2.0 
2,1.0 45,1.0 53,1.0 61,1.0 85,2.0 86,2.0 95,2.0 97,2.0 99,2.0 100,2.0 
29,6.0 53,1.0 57,4.0 63,1.0 85,2.0 86,2.0 90,3.0 91,3.0 92,2.0 93,1.0 170,4.0 175,4.0 
53,2.0 63,1.0 85,2.0 86,2.0 90,3.0 91,3.0 92,2.0 97,4.0 99,6.0 101,6.0 102,4.0 
63,1.0 85,1.0 86,1.0 90,1.0 91,1.0 
0,1.0 18,4.0 27,8.0 53,5.0 61,4.0 73,4.0 78,5.0 85,4.0 86,1.0 97,3.0 176,3.0 
53,1.0 85,4.0 86,2.0 93,1.0 94,2.0 95,6.0 96,4.0 176,2.0 
53,1.0 54,2.0 85,4.0 86,2.0 89,2.0 93,1.0 94,6.0 95,2.0 96,4.0 97,4.0 99,4.0 100,2.0 103,2.0 176,2.0 
53,1.0 85,3.0 86,1.0 93,1.0 94,2.0 95,2.0 107,1.0 141,1.0 176,1.0 177,1.0 
53,2.0 54,2.0 63,2.0 78,8.0 87,2.0 89,2.0 91,4.0 95,4.0 99,12.0 100,2.0 101,4.0 102,2.0 103,2.0 105,4.0 106,4.0 107,2.0 108,2.0 
63,6.0 78,6.0 97,2.0 
53,2.0 54,2.0 89,2.0 91,6.0 95,4.0 97,12.0 99,4.0 100,2.0 101,6.0 102,4.0 103,2.0 105,6.0 106,6.0 107,4.0 108,2.0 
63,6.0 75,2.0 78,2.0 98,4.0 
53,2.0 91,6.0 97,4.0 99,6.0 101,2.0 102,4.0 
53,2.0 91,2.0 97,2.0 99,2.0 101,2.0 
54,2.0 95,2.0 97,2.0 99,2.0 
76,4.0 78,4.0 97,2.0 
97,4.0 99,6.0 105,2.0 106,6.0 107,4.0 108,2.0 
97,4.0 99,6.0 105,6.0 106,2.0 107,4.0 108,2.0 
85,1.0 96,1.0 97,2.0 99,2.0 105,2.0 106,2.0 108,2.0 141,1.0 177,1.0 
4,2.0 21,2.0 57,2.0 109,8.0 110,8.0 145,6.0 166,2.0 167,2.0 170,2.0 171,4.0 172,2.0 
108,4.0 110,8.0 111,4.0 112,4.0 
57,2.0 66,2.0 108,4.0 109,8.0 111,4.0 112,4.0 114,4.0 170,2.0 
16,2.0 20,2.0 108,2.0 112,6.0 113,2.0 115,2.0 116,2.0 117,2.0 121,2.0 127,2.0 128,2.0 
20,2.0 111,6.0 113,2.0 117,2.0 118,4.0 121,2.0 124,2.0 127,2.0 128,2.0 129,2.0 130,2.0 
13,2.0 114,4.0 
13,2.0 16,2.0 57,2.0 66,2.0 110,4.0 111,2.0 113,2.0 115,2.0 116,2.0 168,4.0 169,4.0 170,2.0 
16,2.0 57,4.0 108,2.0 111,2.0 115,2.0 116,2.0 166,2.0 167,2.0 170,4.0 173,6.0 174,4.0 
16,2.0 108,2.0 111,2.0 115,2.0 
20,6.0 117,2.0 118,4.0 119,4.0 120,4.0 121,2.0 
20,2.0 112,4.0 117,2.0 119,2.0 120,2.0 121,2.0 124,2.0 129,2.0 130,2.0 
20,2.0 87,2.0 117,2.0 118,2.0 120,2.0 121,2.0 129,2.0 130,2.0 131,2.0 132,2.0 143,2.0 152,2.0 
20,2.0 117,2.0 118,2.0 119,2.0 121,2.0 
122,8.0 123,8.0 145,4.0 166,2.0 167,2.0 171,2.0 
112,4.0 118,4.0 121,4.0 123,8.0 129,2.0 149,2.0 150,2.0 151,2.0 
112,4.0 118,4.0 121,4.0 122,8.0 
13,4.0 125,6.0 126,6.0 132,2.0 147,8.0 148,2.0 
111,2.0 112,2.0 124,10.0 126,2.0 127,2.0 128,2.0 147,8.0 
13,4.0 111,2.0 112,2.0 125,2.0 127,2.0 128,2.0 153,2.0 154,2.0 158,4.0 159,4.0 160,4.0 
111,2.0 112,2.0 121,2.0 128,2.0 
111,2.0 112,2.0 121,2.0 127,2.0 
87,2.0 119,6.0 129,2.0 130,6.0 131,4.0 132,4.0 151,2.0 152,2.0 
87,2.0 119,4.0 129,6.0 130,2.0 131,4.0 132,4.0 
87,2.0 119,2.0 129,2.0 130,2.0 132,2.0 
87,2.0 119,2.0 129,2.0 130,2.0 131,2.0 148,2.0 149,2.0 
4,2.0 16,2.0 47,2.0 69,2.0 87,2.0 125,2.0 134,6.0 136,2.0 137,2.0 138,2.0 139,2.0 
4,2.0 16,2.0 47,2.0 69,2.0 125,2.0 133,6.0 139,2.0 140,2.0 145,2.0 
5,2.0 69,2.0 133,2.0 136,2.0 137,2.0 138,2.0 
87,2.0 133,2.0 137,2.0 138,2.0 
87,2.0 133,2.0 136,2.0 138,2.0 
87,2.0 133,2.0 136,2.0 137,2.0 
47,6.0 139,2.0 140,4.0 141,4.0 142,4.0 143,2.0 
47,2.0 134,2.0 139,2.0 141,2.0 142,2.0 143,2.0 145,2.0 
47,2.0 85,1.0 96,1.0 107,1.0 139,2.0 140,2.0 142,2.0 143,2.0 177,1.0 
47,2.0 139,2.0 140,2.0 141,2.0 143,2.0 
13,6.0 17,4.0 57,2.0 59,2.0 144,8.0 170,2.0 
8,4.0 13,6.0 14,4.0 134,2.0 140,2.0 143,2.0 
12,2.0 21,4.0 57,4.0 108,6.0 121,2.0 146,4.0 166,4.0 167,4.0 170,4.0 171,6.0 172,2.0 
4,2.0 16,2.0 21,2.0 133,2.0 134,2.0 145,2.0 
13,4.0 124,8.0 125,2.0 126,4.0 132,2.0 148,2.0 
132,2.0 149,2.0 
122,4.0 150,2.0 
122,2.0 129,2.0 151,2.0 
119,2.0 129,2.0 152,2.0 
119,2.0 143,2.0 
57,2.0 72,2.0 143,2.0 153,12.0 154,32.0 155,16.0 156,16.0 157,16.0 158,14.0 159,14.0 160,14.0 161,2.0 162,2.0 163,2.0 
57,2.0 72,2.0 143,2.0 153,32.0 154,12.0 155,16.0 156,16.0 157,16.0 158,14.0 159,14.0 160,14.0 161,2.0 162,2.0 163,2.0 
153,16.0 154,16.0 156,10.0 157,10.0 158,6.0 159,6.0 160,6.0 
125,4.0 153,12.0 154,12.0 155,6.0 157,10.0 158,6.0 159,6.0 160,6.0 
125,4.0 153,12.0 154,12.0 155,6.0 156,10.0 158,6.0 159,6.0 160,6.0 
57,2.0 72,2.0 153,16.0 154,16.0 155,6.0 156,6.0 157,6.0 159,10.0 160,10.0 161,2.0 162,2.0 163,2.0 
57,2.0 72,2.0 153,16.0 154,16.0 155,6.0 156,6.0 157,6.0 158,10.0 160,10.0 161,2.0 162,2.0 163,2.0 
57,2.0 72,2.0 153,16.0 154,16.0 155,6.0 156,6.0 157,6.0 158,10.0 159,10.0 161,2.0 162,2.0 163,2.0 
57,10.0 72,22.0 161,10.0 162,22.0 163,10.0 164,12.0 165,12.0 166,2.0 167,2.0 
57,10.0 72,22.0 161,22.0 162,10.0 163,10.0 164,12.0 165,12.0 166,2.0 167,2.0 
57,6.0 72,12.0 161,12.0 162,12.0 164,6.0 165,6.0 
57,4.0 72,10.0 161,10.0 162,10.0 163,4.0 165,6.0 166,2.0 167,2.0 
57,4.0 72,10.0 161,10.0 162,10.0 163,4.0 164,6.0 166,2.0 167,2.0 
29,2.0 59,2.0 66,2.0 90,2.0 108,4.0 114,2.0 115,2.0 121,2.0 145,4.0 167,16.0 173,2.0 
29,2.0 59,2.0 66,2.0 90,2.0 108,4.0 114,2.0 115,2.0 121,2.0 145,4.0 166,16.0 173,2.0 
57,2.0 114,2.0 169,4.0 170,2.0 
57,2.0 114,2.0 168,4.0 170,2.0 
4,2.0 12,2.0 29,2.0 53,1.0 57,16.0 90,2.0 93,1.0 115,2.0 121,2.0 145,2.0 166,10.0 167,10.0 172,4.0 173,2.0 174,2.0 175,2.0 
12,2.0 57,4.0 108,2.0 145,6.0 170,4.0 172,2.0 
4,2.0 12,2.0 57,4.0 166,4.0 167,4.0 170,4.0 
57,4.0 115,6.0 166,2.0 167,2.0 170,4.0 173,2.0 174,4.0 
57,2.0 115,2.0 166,2.0 167,2.0 170,2.0 173,2.0 
29,2.0 53,1.0 57,2.0 90,2.0 93,1.0 170,2.0 
0,1.0 27,2.0 53,2.0 85,4.0 93,2.0 94,2.0 95,2.0 96,1.0 
85,1.0 96,1.0 107,1.0 141,1.0 
