0,7.0 1,9.0 2,10.0 3,3.0 4,3.0 5,3.0 43,4.0 49,6.0 
0,12.0 2,5.0 9,4.0 36,1.0 42,4.0 45,4.0 58,6.0 64,4.0 66,4.0 69,2.0 71,2.0 72,2.0 84,2.0 
0,11.0 1,6.0 3,3.0 4,3.0 5,3.0 9,6.0 22,2.0 35,2.0 44,2.0 58,4.0 59,4.0 61,4.0 62,4.0 64,2.0 70,2.0 
3,5.0 4,110.0 5,6.0 6,13.0 7,37.0 9,41.0 11,58.0 12,2.0 14,1.0 16,3.0 20,6.0 21,5.0 22,13.0 24,10.0 25,6.0 26,26.0 27,6.0 28,8.0 29,13.0 31,5.0 32,6.0 33,7.0 34,7.0 35,4.0 44,2.0 49,2.0 51,1.0 52,3.0 54,4.0 56,3.0 57,2.0 58,8.0 61,50.0 64,28.0 66,3.0 80,30.0 83,14.0 86,2.0 87,2.0 88,3.0 89,6.0 90,2.0 91,2.0 92,5.0 93,1.0 94,84.0 95,1.0 97,1.0 101,1.0 103,1.0 108,2.0 110,5.0 113,1.0 120,3.0 122,1.0 134,4.0 136,12.0 153,1.0 162,2.0 174,4.0 177,1.0 
3,85.0 4,37.0 5,11.0 6,5.0 7,70.0 8,6.0 9,46.0 10,3.0 11,6.0 12,1.0 13,1.0 14,1.0 15,5.0 16,3.0 17,5.0 18,3.0 21,7.0 22,16.0 23,3.0 26,1.0 28,16.0 29,4.0 30,2.0 31,2.0 35,12.0 36,5.0 51,3.0 52,4.0 54,2.0 58,3.0 61,54.0 64,7.0 80,2.0 83,2.0 92,10.0 93,1.0 94,43.0 97,2.0 98,1.0 99,1.0 103,2.0 107,3.0 108,3.0 110,1.0 113,2.0 134,6.0 136,10.0 141,1.0 147,1.0 161,2.0 164,2.0 176,2.0 177,3.0 183,1.0 
3,6.0 4,8.0 6,5.0 7,6.0 8,9.0 25,2.0 80,4.0 81,2.0 93,1.0 97,4.0 103,2.0 104,3.0 211,2.0 212,2.0 
3,7.0 4,9.0 5,5.0 6,2.0 7,8.0 11,6.0 12,1.0 14,3.0 15,1.0 21,72.0 22,3.0 24,2.0 25,2.0 26,2.0 27,2.0 93,23.0 95,9.0 96,2.0 97,17.0 98,3.0 99,17.0 100,12.0 101,8.0 102,1.0 103,13.0 104,14.0 107,2.0 108,8.0 109,2.0 110,6.0 111,1.0 112,2.0 113,1.0 115,1.0 119,3.0 120,7.0 121,4.0 122,3.0 144,1.0 145,3.0 146,1.0 203,2.0 211,1.0 212,1.0 
3,5.0 4,40.0 5,9.0 6,2.0 7,2.0 8,9.0 9,13.0 10,5.0 11,24.0 12,11.0 13,5.0 14,1.0 15,13.0 16,1.0 17,6.0 18,3.0 20,3.0 21,11.0 22,5.0 23,3.0 24,8.0 28,5.0 31,5.0 35,2.0 36,5.0 38,7.0 46,2.0 47,4.0 48,7.0 49,2.0 51,4.0 52,4.0 54,4.0 55,2.0 58,4.0 59,3.0 61,13.0 63,1.0 68,2.0 79,1.0 80,8.0 81,5.0 86,2.0 88,1.0 92,6.0 93,1.0 94,1.0 97,1.0 100,1.0 103,4.0 107,8.0 108,2.0 110,3.0 112,1.0 115,1.0 134,4.0 136,1.0 137,1.0 161,2.0 170,2.0 
3,10.0 4,11.0 6,2.0 7,2.0 9,10.0 14,3.0 15,18.0 16,1.0 17,2.0 21,13.0 22,3.0 29,1.0 35,1.0 51,2.0 52,1.0 59,1.0 81,2.0 93,10.0 94,1.0 95,1.0 96,1.0 97,30.0 98,3.0 99,13.0 103,15.0 104,26.0 107,6.0 108,9.0 109,1.0 110,9.0 111,5.0 112,2.0 114,1.0 115,8.0 117,1.0 122,2.0 129,3.0 131,1.0 150,1.0 151,1.0 180,1.0 181,1.0 211,1.0 212,2.0 213,1.0 214,1.0 
1,8.0 2,4.0 3,30.0 4,44.0 7,24.0 9,10.0 10,5.0 11,26.0 12,6.0 13,1.0 14,1.0 15,9.0 17,3.0 18,3.0 22,5.0 24,2.0 26,4.0 35,8.0 39,1.0 41,1.0 45,6.0 48,2.0 51,2.0 52,5.0 58,15.0 61,27.0 63,3.0 64,25.0 65,3.0 66,3.0 70,3.0 72,3.0 80,19.0 86,2.0 93,10.0 94,15.0 95,1.0 96,2.0 97,8.0 98,1.0 99,1.0 100,4.0 103,2.0 104,2.0 108,3.0 112,4.0 113,2.0 121,1.0 134,4.0 136,6.0 145,1.0 147,1.0 164,2.0 170,2.0 176,2.0 177,2.0 183,2.0 
11,3.0 12,3.0 13,3.0 80,2.0 82,2.0 83,2.0 84,2.0 85,2.0 
3,58.0 4,2.0 6,12.0 7,20.0 8,1.0 9,18.0 11,26.0 12,28.0 13,8.0 14,4.0 15,14.0 17,15.0 18,3.0 19,3.0 20,9.0 21,10.0 24,22.0 25,3.0 26,20.0 27,3.0 28,1.0 29,4.0 31,13.0 32,10.0 33,2.0 34,3.0 35,8.0 38,5.0 39,1.0 41,1.0 58,33.0 59,18.0 61,6.0 64,96.0 80,10.0 81,3.0 82,1.0 83,4.0 94,32.0 95,2.0 96,10.0 100,52.0 103,2.0 104,1.0 107,6.0 108,3.0 110,11.0 112,2.0 113,1.0 120,2.0 122,1.0 130,2.0 136,16.0 140,1.0 141,23.0 142,1.0 143,1.0 144,4.0 148,1.0 163,4.0 164,26.0 167,2.0 170,12.0 172,4.0 174,4.0 183,1.0 
3,2.0 4,1.0 6,1.0 7,10.0 9,4.0 11,28.0 12,2.0 13,4.0 14,4.0 15,1.0 16,1.0 17,3.0 21,1.0 24,8.0 35,1.0 37,1.0 47,3.0 48,5.0 49,2.0 58,13.0 59,1.0 61,10.0 63,1.0 64,19.0 66,8.0 79,1.0 80,6.0 81,2.0 88,1.0 92,1.0 96,16.0 97,1.0 100,5.0 103,2.0 107,3.0 108,3.0 121,1.0 130,2.0 136,9.0 137,2.0 158,1.0 164,2.0 170,6.0 
7,4.0 8,1.0 11,8.0 12,4.0 14,4.0 15,3.0 
4,2.0 6,5.0 7,5.0 8,5.0 9,2.0 11,7.0 12,3.0 13,4.0 14,1.0 15,14.0 16,1.0 21,7.0 24,1.0 25,2.0 27,4.0 35,2.0 48,1.0 51,1.0 61,3.0 64,2.0 75,1.0 76,1.0 81,5.0 93,15.0 94,7.0 95,6.0 96,4.0 97,10.0 98,2.0 99,19.0 100,4.0 101,9.0 102,7.0 103,23.0 104,16.0 107,19.0 108,18.0 109,2.0 112,14.0 113,5.0 114,1.0 115,13.0 118,2.0 120,2.0 121,1.0 122,3.0 123,4.0 125,3.0 128,4.0 131,1.0 132,5.0 144,1.0 145,4.0 146,3.0 147,7.0 148,3.0 150,1.0 154,1.0 155,2.0 
3,4.0 4,4.0 6,4.0 7,4.0 8,13.0 9,3.0 11,8.0 14,16.0 15,4.0 16,4.0 17,6.0 21,9.0 28,1.0 35,1.0 40,1.0 56,1.0 61,4.0 63,1.0 67,1.0 76,1.0 78,1.0 80,1.0 81,9.0 82,1.0 83,1.0 87,1.0 93,20.0 94,6.0 95,18.0 96,3.0 97,31.0 98,4.0 99,19.0 100,7.0 101,9.0 102,5.0 103,20.0 104,40.0 105,1.0 106,1.0 107,20.0 108,50.0 109,7.0 110,14.0 111,2.0 112,16.0 113,2.0 114,2.0 115,17.0 116,1.0 122,3.0 123,5.0 125,2.0 127,2.0 128,2.0 129,5.0 130,1.0 131,1.0 132,3.0 133,2.0 135,1.0 143,1.0 144,3.0 145,5.0 146,3.0 147,7.0 148,3.0 149,1.0 150,4.0 154,2.0 155,2.0 178,2.0 195,1.0 197,1.0 198,1.0 199,1.0 
3,4.0 4,6.0 7,3.0 9,3.0 14,1.0 15,1.0 16,3.0 21,1.0 28,6.0 29,1.0 53,2.0 58,3.0 59,3.0 63,9.0 67,6.0 73,6.0 74,6.0 75,3.0 76,3.0 77,3.0 80,1.0 81,1.0 88,2.0 92,1.0 103,2.0 104,2.0 109,1.0 110,1.0 111,1.0 113,1.0 115,1.0 117,1.0 135,1.0 138,1.0 139,1.0 145,2.0 151,1.0 180,1.0 
6,2.0 7,4.0 8,1.0 11,15.0 12,3.0 15,5.0 18,3.0 19,3.0 22,1.0 28,1.0 29,2.0 30,2.0 31,6.0 32,5.0 35,1.0 37,1.0 38,2.0 46,4.0 47,1.0 51,1.0 55,2.0 56,3.0 58,1.0 59,2.0 61,3.0 103,3.0 107,3.0 110,6.0 114,1.0 130,2.0 137,1.0 158,1.0 164,2.0 181,1.0 
11,3.0 17,3.0 19,3.0 105,1.0 108,1.0 
7,3.0 11,3.0 19,3.0 20,3.0 
3,6.0 7,3.0 11,9.0 21,3.0 24,3.0 25,3.0 26,3.0 27,3.0 
3,10.0 4,10.0 6,49.0 7,10.0 8,20.0 11,10.0 12,1.0 14,4.0 15,8.0 21,3.0 22,7.0 25,11.0 26,2.0 27,6.0 51,1.0 61,1.0 63,3.0 64,2.0 67,1.0 78,1.0 79,2.0 80,2.0 81,2.0 92,1.0 93,17.0 94,2.0 95,6.0 96,6.0 97,32.0 98,4.0 99,12.0 100,10.0 102,1.0 103,33.0 104,28.0 106,1.0 107,23.0 108,5.0 109,3.0 110,21.0 111,10.0 112,3.0 113,2.0 114,5.0 115,9.0 116,3.0 118,3.0 121,2.0 122,2.0 125,1.0 126,2.0 129,1.0 130,1.0 131,2.0 133,1.0 143,1.0 144,3.0 145,6.0 146,2.0 147,6.0 149,1.0 150,2.0 157,1.0 178,1.0 195,1.0 196,1.0 197,1.0 198,1.0 199,1.0 
0,2.0 1,2.0 2,2.0 3,10.0 4,23.0 6,6.0 7,16.0 9,5.0 17,1.0 22,3.0 23,3.0 35,1.0 47,1.0 48,2.0 51,1.0 52,2.0 58,6.0 59,7.0 61,17.0 62,4.0 68,2.0 86,2.0 92,4.0 93,4.0 95,1.0 97,4.0 98,1.0 100,3.0 104,1.0 115,2.0 121,2.0 170,2.0 181,1.0 
3,3.0 11,3.0 20,3.0 24,3.0 
3,10.0 6,4.0 7,7.0 11,20.0 12,7.0 20,3.0 24,3.0 25,3.0 26,2.0 31,3.0 32,3.0 34,3.0 35,2.0 38,2.0 47,6.0 48,9.0 49,4.0 50,4.0 58,2.0 63,2.0 64,4.0 79,2.0 95,3.0 99,2.0 100,4.0 110,2.0 113,1.0 120,2.0 144,4.0 167,2.0 
3,4.0 5,2.0 6,6.0 7,3.0 11,3.0 20,3.0 21,11.0 26,3.0 80,4.0 93,8.0 95,2.0 98,1.0 99,3.0 100,4.0 101,2.0 104,2.0 114,2.0 116,2.0 122,2.0 125,6.0 129,1.0 143,2.0 144,3.0 145,2.0 147,3.0 150,2.0 
3,24.0 4,1.0 6,4.0 11,20.0 20,3.0 21,2.0 24,4.0 27,3.0 32,3.0 33,3.0 35,2.0 49,2.0 51,1.0 57,2.0 58,2.0 61,2.0 64,11.0 94,10.0 95,1.0 101,1.0 110,2.0 177,1.0 
3,9.0 4,4.0 6,9.0 11,4.0 21,4.0 22,2.0 24,4.0 29,1.0 61,1.0 80,1.0 93,16.0 94,4.0 95,11.0 97,9.0 98,9.0 99,7.0 100,3.0 101,2.0 103,3.0 104,6.0 108,6.0 109,1.0 112,6.0 114,1.0 115,1.0 118,2.0 119,8.0 120,15.0 121,2.0 122,2.0 123,2.0 124,3.0 129,6.0 133,1.0 143,1.0 147,7.0 153,2.0 203,2.0 207,1.0 
3,6.0 4,9.0 5,3.0 6,1.0 7,5.0 16,3.0 21,2.0 31,2.0 61,3.0 63,3.0 67,3.0 73,4.0 74,4.0 75,3.0 76,3.0 77,3.0 80,2.0 93,2.0 101,1.0 103,1.0 104,1.0 110,2.0 112,1.0 115,1.0 122,1.0 
3,16.0 4,2.0 11,4.0 15,1.0 17,4.0 27,2.0 29,2.0 30,4.0 31,1.0 33,4.0 34,2.0 66,3.0 80,9.0 86,1.0 87,2.0 88,3.0 89,3.0 90,2.0 91,2.0 110,1.0 120,1.0 153,1.0 162,1.0 174,4.0 
17,2.0 29,2.0 31,1.0 110,1.0 
3,4.0 4,1.0 7,5.0 8,2.0 11,12.0 17,5.0 26,3.0 32,8.0 35,1.0 38,5.0 61,4.0 
3,6.0 11,5.0 24,3.0 26,3.0 31,3.0 33,3.0 34,3.0 37,7.0 
3,7.0 11,3.0 24,3.0 29,4.0 32,3.0 34,5.0 66,2.0 80,2.0 90,2.0 91,2.0 
3,7.0 11,3.0 24,3.0 29,4.0 31,3.0 32,3.0 33,4.0 66,2.0 80,2.0 91,2.0 
3,2.0 4,14.0 7,5.0 9,10.0 11,8.0 15,1.0 17,1.0 21,1.0 22,1.0 35,2.0 36,1.0 47,1.0 51,3.0 52,2.0 59,4.0 61,8.0 63,3.0 64,10.0 67,3.0 81,1.0 93,1.0 97,2.0 129,1.0 136,4.0 141,4.0 176,2.0 177,2.0 181,1.0 183,1.0 
3,2.0 7,2.0 11,5.0 17,7.0 31,5.0 38,2.0 54,2.0 56,2.0 61,2.0 62,1.0 
7,7.0 11,5.0 31,5.0 51,2.0 55,2.0 61,2.0 62,1.0 
2,2.0 4,2.0 7,2.0 17,4.0 39,3.0 40,3.0 41,1.0 44,2.0 46,5.0 56,2.0 61,2.0 
9,1.0 11,2.0 40,5.0 41,9.0 48,3.0 51,3.0 53,3.0 54,2.0 58,1.0 64,2.0 93,1.0 108,1.0 122,2.0 166,2.0 173,2.0 217,1.0 218,1.0 219,1.0 
9,1.0 11,1.0 39,6.0 41,8.0 64,1.0 93,2.0 94,3.0 99,1.0 100,3.0 165,4.0 166,4.0 169,2.0 217,1.0 218,1.0 219,1.0 
1,2.0 9,1.0 11,2.0 39,6.0 40,4.0 48,3.0 51,3.0 53,3.0 54,2.0 58,1.0 64,2.0 93,2.0 94,2.0 108,1.0 169,2.0 217,1.0 218,1.0 219,1.0 
0,2.0 7,2.0 12,2.0 24,2.0 47,2.0 
1,2.0 2,2.0 9,2.0 22,2.0 38,2.0 44,2.0 50,2.0 61,2.0 
16,2.0 24,2.0 45,2.0 48,2.0 50,2.0 68,2.0 
1,2.0 16,2.0 35,2.0 46,2.0 58,2.0 59,2.0 61,2.0 63,2.0 64,2.0 66,2.0 
2,2.0 17,2.0 18,1.0 43,2.0 55,2.0 56,2.0 57,2.0 
7,6.0 12,5.0 24,9.0 38,2.0 48,3.0 50,2.0 51,1.0 63,1.0 79,1.0 95,1.0 97,1.0 99,1.0 103,1.0 107,1.0 115,1.0 
7,2.0 12,2.0 24,6.0 39,3.0 41,3.0 49,4.0 50,2.0 51,3.0 52,2.0 53,3.0 54,2.0 63,1.0 79,1.0 86,2.0 93,2.0 95,4.0 99,1.0 101,1.0 103,2.0 104,2.0 108,1.0 115,1.0 147,2.0 
1,4.0 3,2.0 9,4.0 22,2.0 24,2.0 26,2.0 38,1.0 47,2.0 50,2.0 51,2.0 52,2.0 55,1.0 57,2.0 58,8.0 59,4.0 61,2.0 62,4.0 64,2.0 66,2.0 72,2.0 
2,2.0 24,4.0 38,2.0 47,2.0 48,2.0 49,2.0 
4,1.0 7,4.0 8,2.0 9,1.0 32,2.0 35,1.0 39,6.0 41,6.0 47,1.0 48,6.0 51,3.0 52,8.0 53,6.0 54,4.0 55,4.0 64,1.0 93,2.0 94,1.0 97,2.0 98,1.0 103,1.0 107,1.0 108,3.0 112,1.0 115,1.0 176,2.0 177,3.0 
3,3.0 4,2.0 7,3.0 8,1.0 9,1.0 32,2.0 39,3.0 41,3.0 48,5.0 51,10.0 53,3.0 54,2.0 55,2.0 61,3.0 80,1.0 86,2.0 93,4.0 97,2.0 98,2.0 103,2.0 104,2.0 108,1.0 112,2.0 147,2.0 176,2.0 177,2.0 
39,3.0 41,3.0 48,3.0 51,3.0 54,2.0 58,2.0 59,2.0 60,3.0 104,1.0 108,1.0 
3,2.0 38,2.0 43,2.0 44,2.0 49,1.0 51,2.0 52,2.0 55,2.0 56,2.0 
1,1.0 7,2.0 32,2.0 36,2.0 51,4.0 52,2.0 54,2.0 
3,3.0 14,1.0 17,3.0 44,2.0 46,2.0 54,2.0 55,2.0 103,1.0 107,1.0 108,1.0 
3,2.0 26,2.0 36,2.0 49,2.0 
0,6.0 1,6.0 2,4.0 3,8.0 4,4.0 7,4.0 9,11.0 11,33.0 12,13.0 15,1.0 16,1.0 17,1.0 22,6.0 24,2.0 26,2.0 35,4.0 37,1.0 45,6.0 53,3.0 59,22.0 60,3.0 61,17.0 62,10.0 64,29.0 65,3.0 66,6.0 68,4.0 72,3.0 80,6.0 81,2.0 83,1.0 88,1.0 92,1.0 93,3.0 94,7.0 95,5.0 96,4.0 100,6.0 104,3.0 112,3.0 113,1.0 115,5.0 122,1.0 136,5.0 137,2.0 140,1.0 141,1.0 142,1.0 143,1.0 158,1.0 164,2.0 170,4.0 
0,4.0 2,4.0 7,4.0 11,18.0 12,1.0 17,2.0 22,7.0 35,4.0 37,1.0 47,1.0 51,1.0 53,3.0 58,22.0 60,3.0 61,15.0 62,10.0 67,3.0 68,4.0 95,2.0 96,6.0 100,14.0 104,2.0 115,5.0 137,1.0 158,1.0 164,18.0 181,1.0 
2,2.0 53,1.0 104,1.0 166,1.0 169,1.0 189,1.0 190,1.0 
0,4.0 1,2.0 2,2.0 3,48.0 4,56.0 7,19.0 9,27.0 11,6.0 12,10.0 14,6.0 15,3.0 17,3.0 22,14.0 26,2.0 28,7.0 31,6.0 32,2.0 35,6.0 36,2.0 38,2.0 48,2.0 52,5.0 54,2.0 58,17.0 59,15.0 61,14.0 62,6.0 67,3.0 68,4.0 80,15.0 83,5.0 86,2.0 92,4.0 93,3.0 94,31.0 95,1.0 96,6.0 97,4.0 98,1.0 99,3.0 100,2.0 103,2.0 104,2.0 108,3.0 110,3.0 113,2.0 115,5.0 136,10.0 170,6.0 171,2.0 183,1.0 
0,4.0 2,2.0 22,4.0 49,2.0 54,1.0 58,8.0 59,8.0 61,6.0 68,2.0 159,1.0 
9,3.0 15,2.0 16,9.0 21,3.0 24,1.0 28,6.0 48,1.0 58,3.0 63,3.0 64,3.0 65,3.0 67,8.0 73,6.0 74,6.0 75,3.0 76,3.0 77,3.0 78,1.0 79,3.0 95,1.0 103,3.0 107,2.0 147,1.0 157,1.0 179,1.0 196,1.0 
0,2.0 1,6.0 2,2.0 3,28.0 4,7.0 9,21.0 11,98.0 12,19.0 15,1.0 21,2.0 24,6.0 26,13.0 35,10.0 39,1.0 41,1.0 45,4.0 51,3.0 52,2.0 58,29.0 64,24.0 65,3.0 66,9.0 70,3.0 80,8.0 81,2.0 83,3.0 93,2.0 94,23.0 95,3.0 96,6.0 100,16.0 103,2.0 104,1.0 112,4.0 141,18.0 145,1.0 163,4.0 170,8.0 172,4.0 176,2.0 177,3.0 183,1.0 
9,3.0 45,2.0 58,3.0 64,3.0 112,1.0 
0,2.0 1,4.0 3,3.0 9,3.0 12,8.0 27,1.0 29,3.0 33,2.0 34,2.0 45,2.0 58,6.0 64,9.0 72,3.0 91,2.0 93,2.0 96,8.0 112,2.0 153,1.0 170,2.0 
0,2.0 1,2.0 3,1.0 4,1.0 7,3.0 15,2.0 16,3.0 21,1.0 28,3.0 58,3.0 59,3.0 61,3.0 63,5.0 73,3.0 74,3.0 75,3.0 76,3.0 77,3.0 78,3.0 79,4.0 97,2.0 103,3.0 107,4.0 182,1.0 
22,2.0 43,2.0 46,2.0 58,2.0 59,2.0 61,2.0 62,2.0 
2,2.0 9,2.0 64,2.0 70,2.0 
1,2.0 2,2.0 9,3.0 64,3.0 104,1.0 145,1.0 
2,2.0 58,2.0 59,2.0 
1,2.0 9,3.0 45,2.0 58,3.0 66,3.0 93,1.0 112,1.0 
16,3.0 28,4.0 63,3.0 67,3.0 74,4.0 75,3.0 76,3.0 77,3.0 93,1.0 101,1.0 103,1.0 104,1.0 112,1.0 115,1.0 
16,3.0 28,4.0 63,3.0 67,3.0 73,4.0 75,3.0 76,3.0 77,3.0 93,1.0 101,1.0 103,1.0 104,1.0 112,1.0 115,1.0 
7,1.0 12,2.0 17,1.0 58,2.0 59,1.0 67,3.0 76,4.0 77,3.0 78,5.0 79,3.0 94,2.0 101,1.0 102,1.0 105,2.0 107,1.0 108,1.0 132,1.0 135,1.0 136,1.0 137,2.0 147,1.0 157,1.0 158,1.0 
14,1.0 67,3.0 75,4.0 77,3.0 78,3.0 79,4.0 96,1.0 97,1.0 101,1.0 102,2.0 105,1.0 107,2.0 108,2.0 112,1.0 115,1.0 132,1.0 147,2.0 152,1.0 
3,2.0 4,2.0 7,2.0 52,2.0 61,2.0 67,3.0 75,3.0 76,3.0 78,3.0 79,3.0 106,2.0 
0,2.0 1,2.0 3,1.0 4,1.0 15,1.0 21,1.0 63,1.0 67,3.0 75,2.0 77,2.0 79,4.0 94,4.0 99,1.0 100,1.0 103,1.0 105,4.0 106,2.0 125,2.0 178,1.0 
0,2.0 1,2.0 3,1.0 4,1.0 7,2.0 12,2.0 21,2.0 24,1.0 48,1.0 63,3.0 67,4.0 76,1.0 78,4.0 95,2.0 96,1.0 99,3.0 102,1.0 103,2.0 105,1.0 122,1.0 133,1.0 150,2.0 152,1.0 
3,27.0 5,4.0 7,10.0 9,16.0 10,2.0 11,14.0 12,8.0 15,1.0 16,2.0 21,2.0 25,3.0 27,2.0 29,8.0 33,2.0 34,2.0 52,1.0 58,8.0 61,15.0 64,12.0 80,16.0 81,6.0 82,8.0 83,7.0 84,6.0 85,6.0 86,7.0 87,4.0 88,5.0 89,6.0 90,2.0 100,2.0 110,1.0 120,1.0 134,2.0 141,2.0 162,2.0 170,10.0 171,2.0 
3,4.0 4,1.0 8,3.0 9,4.0 14,5.0 15,12.0 16,2.0 21,2.0 29,2.0 80,6.0 82,2.0 83,1.0 86,1.0 88,1.0 93,4.0 94,7.0 95,2.0 96,2.0 97,1.0 100,1.0 101,4.0 103,3.0 104,6.0 108,4.0 110,4.0 112,1.0 114,1.0 115,2.0 116,3.0 122,1.0 129,4.0 130,1.0 132,2.0 133,1.0 145,3.0 146,2.0 147,10.0 148,5.0 149,1.0 150,1.0 153,2.0 155,2.0 
3,2.0 11,1.0 15,1.0 16,2.0 29,2.0 80,10.0 81,2.0 82,2.0 83,8.0 84,6.0 85,6.0 86,5.0 87,2.0 88,2.0 110,1.0 148,1.0 
3,16.0 4,2.0 11,4.0 15,2.0 16,1.0 29,2.0 58,1.0 61,5.0 64,3.0 80,9.0 81,1.0 82,8.0 83,2.0 84,6.0 85,6.0 86,4.0 87,2.0 88,2.0 94,14.0 104,1.0 108,1.0 113,1.0 122,1.0 136,2.0 140,1.0 141,1.0 142,1.0 143,1.0 148,1.0 
3,2.0 29,2.0 79,2.0 80,8.0 82,6.0 83,6.0 84,2.0 85,6.0 86,4.0 87,2.0 88,2.0 97,1.0 99,2.0 104,1.0 118,1.0 
3,2.0 29,2.0 80,8.0 82,6.0 83,6.0 84,6.0 85,2.0 86,4.0 87,2.0 88,2.0 
3,3.0 16,1.0 27,1.0 29,2.0 48,2.0 52,2.0 80,6.0 81,1.0 82,3.0 83,2.0 84,2.0 85,2.0 87,2.0 88,2.0 89,1.0 93,2.0 103,2.0 104,2.0 110,1.0 147,2.0 162,1.0 
3,4.0 29,2.0 80,4.0 88,2.0 89,2.0 108,2.0 125,1.0 145,2.0 
3,6.0 16,1.0 29,3.0 75,1.0 80,6.0 86,1.0 87,2.0 89,3.0 92,1.0 134,1.0 135,2.0 138,1.0 139,1.0 162,1.0 
3,3.0 27,1.0 34,2.0 80,3.0 86,1.0 162,1.0 
3,2.0 29,2.0 33,2.0 34,2.0 66,2.0 
3,2.0 4,2.0 22,2.0 61,2.0 
4,5.0 7,5.0 15,1.0 16,1.0 36,4.0 61,2.0 88,1.0 135,1.0 138,1.0 139,1.0 
4,4.0 5,3.0 6,20.0 8,12.0 9,12.0 11,7.0 12,2.0 14,13.0 15,17.0 21,20.0 22,6.0 25,3.0 27,20.0 35,5.0 51,1.0 58,4.0 61,5.0 64,12.0 66,4.0 72,1.0 80,1.0 81,1.0 84,1.0 93,33.0 94,40.0 95,7.0 96,4.0 97,94.0 98,11.0 99,32.0 100,12.0 101,11.0 102,2.0 103,38.0 104,35.0 107,10.0 108,26.0 109,3.0 110,5.0 111,3.0 112,29.0 113,7.0 114,25.0 115,6.0 116,3.0 118,16.0 119,13.0 120,9.0 123,1.0 124,1.0 125,4.0 127,4.0 128,1.0 129,11.0 130,2.0 131,2.0 132,1.0 133,3.0 136,1.0 143,3.0 145,3.0 146,1.0 147,22.0 148,11.0 150,1.0 153,2.0 170,1.0 203,4.0 204,1.0 205,1.0 
3,2.0 4,3.0 5,1.0 7,1.0 8,2.0 9,7.0 11,2.0 12,2.0 14,6.0 15,7.0 21,1.0 24,1.0 27,3.0 35,2.0 40,1.0 47,1.0 51,1.0 61,2.0 64,4.0 78,1.0 79,1.0 80,2.0 81,4.0 93,32.0 94,12.0 95,5.0 96,1.0 97,20.0 98,33.0 99,7.0 100,32.0 101,3.0 103,19.0 104,22.0 108,14.0 109,1.0 110,1.0 111,1.0 112,8.0 113,2.0 114,25.0 115,4.0 117,4.0 118,4.0 119,2.0 121,2.0 124,1.0 125,5.0 127,5.0 129,3.0 131,4.0 144,2.0 147,3.0 148,14.0 149,1.0 150,2.0 151,1.0 157,1.0 163,10.0 167,6.0 168,2.0 204,2.0 207,4.0 208,1.0 209,5.0 210,3.0 
3,2.0 4,2.0 6,13.0 8,1.0 9,4.0 11,8.0 14,9.0 15,12.0 21,10.0 22,1.0 24,1.0 26,2.0 27,3.0 47,1.0 48,1.0 51,1.0 52,1.0 58,4.0 59,6.0 61,1.0 64,4.0 66,1.0 72,1.0 80,2.0 81,1.0 88,1.0 93,12.0 94,4.0 95,6.0 96,17.0 97,20.0 98,8.0 99,25.0 100,7.0 101,7.0 102,2.0 103,23.0 104,2.0 106,1.0 107,7.0 108,15.0 109,2.0 111,3.0 112,5.0 113,2.0 114,2.0 115,16.0 116,1.0 118,5.0 119,2.0 120,2.0 121,3.0 122,10.0 123,6.0 124,2.0 125,3.0 126,1.0 127,1.0 128,1.0 129,9.0 130,4.0 131,2.0 132,7.0 133,6.0 134,2.0 145,1.0 147,5.0 148,1.0 149,1.0 150,7.0 156,1.0 164,4.0 170,2.0 178,1.0 189,6.0 195,1.0 
6,2.0 8,1.0 14,3.0 15,7.0 21,4.0 25,1.0 58,1.0 59,1.0 61,1.0 76,1.0 79,1.0 81,3.0 93,6.0 94,2.0 95,8.0 96,1.0 97,11.0 98,7.0 99,6.0 100,7.0 101,2.0 102,5.0 103,8.0 104,6.0 105,1.0 107,1.0 108,3.0 110,1.0 111,1.0 112,6.0 113,3.0 114,5.0 115,5.0 116,1.0 117,2.0 121,1.0 123,2.0 125,4.0 129,2.0 130,3.0 132,1.0 133,2.0 145,1.0 147,1.0 148,1.0 152,1.0 157,1.0 167,4.0 168,2.0 
3,1.0 4,4.0 5,4.0 6,19.0 8,28.0 9,12.0 14,11.0 15,27.0 21,29.0 22,5.0 25,1.0 26,1.0 27,6.0 35,5.0 58,3.0 59,2.0 61,8.0 64,2.0 67,2.0 76,1.0 81,2.0 84,1.0 93,89.0 94,18.0 95,22.0 96,3.0 97,31.0 98,34.0 99,5.0 100,4.0 101,8.0 103,62.0 104,66.0 107,29.0 108,40.0 109,3.0 110,1.0 111,3.0 112,19.0 113,7.0 114,17.0 115,14.0 117,1.0 118,10.0 119,2.0 120,4.0 121,2.0 122,3.0 123,2.0 127,6.0 129,9.0 130,7.0 132,5.0 136,3.0 147,2.0 148,9.0 151,1.0 182,2.0 200,2.0 205,3.0 
3,22.0 4,16.0 6,3.0 8,3.0 9,1.0 14,7.0 15,4.0 21,3.0 22,3.0 25,1.0 26,1.0 27,8.0 40,1.0 61,20.0 64,1.0 83,7.0 93,16.0 94,16.0 95,11.0 97,21.0 98,8.0 99,5.0 100,4.0 101,1.0 102,6.0 103,2.0 104,2.0 107,2.0 108,4.0 109,2.0 110,1.0 112,12.0 113,1.0 115,2.0 118,6.0 119,4.0 120,2.0 121,4.0 122,9.0 123,4.0 127,3.0 129,6.0 131,3.0 136,2.0 143,1.0 147,2.0 204,2.0 207,2.0 208,1.0 
3,1.0 6,14.0 7,2.0 8,13.0 9,4.0 12,2.0 14,15.0 15,15.0 21,11.0 22,4.0 24,2.0 25,2.0 27,7.0 35,2.0 47,1.0 48,1.0 52,1.0 61,5.0 63,1.0 79,3.0 80,1.0 81,1.0 93,40.0 94,4.0 95,27.0 96,8.0 97,23.0 98,2.0 99,5.0 100,15.0 103,31.0 104,30.0 107,12.0 108,10.0 109,3.0 110,17.0 112,15.0 113,4.0 114,8.0 115,34.0 116,3.0 118,7.0 119,4.0 120,5.0 121,2.0 122,7.0 123,1.0 125,7.0 127,2.0 129,8.0 130,3.0 133,2.0 143,1.0 147,3.0 148,4.0 150,6.0 151,3.0 189,6.0 203,8.0 206,2.0 
3,21.0 4,1.0 6,8.0 9,2.0 11,25.0 12,3.0 14,4.0 15,4.0 16,1.0 21,13.0 22,3.0 26,8.0 27,3.0 58,3.0 59,5.0 61,1.0 64,22.0 75,2.0 78,3.0 80,1.0 81,5.0 83,1.0 93,17.0 94,8.0 95,12.0 96,2.0 97,4.0 98,6.0 99,15.0 100,16.0 101,4.0 103,8.0 104,5.0 105,2.0 107,3.0 108,6.0 109,1.0 110,4.0 112,18.0 113,5.0 114,11.0 115,3.0 116,3.0 118,2.0 119,2.0 120,2.0 121,8.0 122,6.0 125,1.0 129,8.0 143,2.0 144,49.0 145,2.0 146,1.0 147,3.0 148,4.0 149,12.0 151,12.0 163,8.0 164,4.0 167,4.0 170,1.0 175,20.0 178,1.0 184,1.0 185,1.0 186,1.0 203,2.0 204,2.0 
3,1.0 6,5.0 14,11.0 15,9.0 25,2.0 26,1.0 27,1.0 81,4.0 93,13.0 94,4.0 95,4.0 96,1.0 97,7.0 99,1.0 101,1.0 102,11.0 103,6.0 107,2.0 108,11.0 111,6.0 112,10.0 115,4.0 119,1.0 121,1.0 123,4.0 125,1.0 129,4.0 130,5.0 132,1.0 133,1.0 145,3.0 146,3.0 147,4.0 148,2.0 153,2.0 154,1.0 
6,1.0 12,4.0 14,6.0 15,4.0 21,1.0 64,4.0 66,4.0 75,1.0 76,1.0 93,1.0 95,2.0 97,2.0 101,2.0 103,9.0 104,9.0 107,4.0 108,7.0 123,2.0 132,2.0 133,2.0 147,2.0 
3,1.0 4,3.0 5,2.0 6,2.0 8,18.0 9,5.0 11,3.0 14,17.0 15,21.0 17,2.0 21,41.0 24,1.0 27,3.0 28,2.0 35,3.0 52,1.0 56,1.0 61,4.0 63,4.0 64,3.0 67,4.0 73,2.0 74,2.0 78,1.0 79,2.0 80,1.0 81,1.0 83,1.0 93,36.0 94,16.0 95,17.0 96,11.0 97,63.0 98,2.0 99,32.0 100,5.0 101,6.0 102,1.0 103,29.0 104,70.0 107,38.0 108,26.0 109,1.0 110,5.0 111,3.0 112,6.0 113,15.0 114,14.0 115,34.0 116,1.0 117,4.0 118,7.0 119,2.0 120,3.0 121,3.0 122,7.0 123,2.0 124,2.0 125,4.0 127,4.0 129,2.0 130,4.0 132,1.0 135,1.0 136,3.0 138,2.0 139,2.0 141,3.0 145,5.0 146,1.0 147,18.0 148,3.0 149,2.0 150,5.0 151,2.0 154,1.0 155,1.0 157,2.0 182,2.0 183,1.0 189,6.0 196,1.0 203,2.0 205,2.0 206,1.0 
3,9.0 4,9.0 5,1.0 6,12.0 8,15.0 9,11.0 11,2.0 12,2.0 14,19.0 15,36.0 16,2.0 17,1.0 21,31.0 22,4.0 25,3.0 27,2.0 28,2.0 35,3.0 48,1.0 52,1.0 58,1.0 59,4.0 61,12.0 64,1.0 70,1.0 73,2.0 74,2.0 78,2.0 80,1.0 81,2.0 83,2.0 93,47.0 94,14.0 95,4.0 96,2.0 97,81.0 98,3.0 99,30.0 100,4.0 101,10.0 102,2.0 103,58.0 104,23.0 105,2.0 106,1.0 107,12.0 108,31.0 109,2.0 110,8.0 111,3.0 112,10.0 113,6.0 114,19.0 115,21.0 116,1.0 117,1.0 118,5.0 119,3.0 120,2.0 122,23.0 124,1.0 125,1.0 126,3.0 127,8.0 129,7.0 133,1.0 136,6.0 139,1.0 143,1.0 144,1.0 145,5.0 146,1.0 147,21.0 148,10.0 151,2.0 160,1.0 164,2.0 178,1.0 181,1.0 195,1.0 200,2.0 205,3.0 206,2.0 
12,1.0 14,1.0 15,1.0 64,1.0 75,2.0 76,1.0 77,2.0 78,4.0 79,1.0 81,1.0 94,2.0 96,1.0 101,1.0 102,1.0 106,2.0 108,1.0 123,1.0 135,1.0 152,1.0 154,1.0 
3,2.0 4,2.0 7,2.0 15,1.0 21,1.0 52,2.0 61,2.0 77,2.0 95,1.0 103,1.0 107,1.0 115,1.0 178,3.0 195,3.0 
3,2.0 4,3.0 6,6.0 7,1.0 8,6.0 9,1.0 11,3.0 12,3.0 14,20.0 15,19.0 17,3.0 21,10.0 27,2.0 29,1.0 35,1.0 39,1.0 40,1.0 56,1.0 61,3.0 63,1.0 67,3.0 75,1.0 76,1.0 93,4.0 95,12.0 96,2.0 97,30.0 98,2.0 99,9.0 100,3.0 101,3.0 102,2.0 103,36.0 104,17.0 106,1.0 107,13.0 108,22.0 109,1.0 112,5.0 114,1.0 115,29.0 116,1.0 120,4.0 122,2.0 126,3.0 127,2.0 132,2.0 136,1.0 145,2.0 146,2.0 147,5.0 160,1.0 178,1.0 182,2.0 195,1.0 
3,1.0 4,2.0 6,5.0 7,6.0 8,9.0 9,5.0 11,4.0 12,1.0 14,18.0 15,38.0 21,2.0 22,2.0 27,10.0 35,2.0 51,1.0 52,1.0 56,1.0 61,4.0 64,2.0 76,1.0 81,3.0 87,1.0 93,35.0 94,15.0 95,8.0 96,3.0 97,37.0 98,7.0 99,11.0 100,3.0 101,9.0 102,5.0 103,20.0 104,27.0 105,2.0 107,20.0 108,8.0 109,8.0 110,2.0 111,4.0 112,11.0 113,12.0 114,9.0 115,5.0 117,1.0 122,1.0 123,6.0 125,4.0 126,2.0 127,1.0 129,4.0 130,1.0 131,1.0 135,1.0 136,2.0 144,1.0 145,14.0 146,6.0 147,14.0 148,3.0 150,1.0 151,1.0 154,3.0 170,2.0 183,1.0 
6,1.0 8,3.0 14,2.0 15,15.0 21,2.0 27,1.0 93,1.0 98,1.0 99,4.0 100,1.0 103,3.0 104,2.0 108,1.0 109,1.0 112,2.0 114,2.0 116,4.0 122,1.0 123,1.0 124,4.0 126,2.0 127,3.0 129,1.0 131,1.0 145,1.0 150,1.0 
3,5.0 4,1.0 6,14.0 7,3.0 8,8.0 11,11.0 15,7.0 16,1.0 17,5.0 21,14.0 25,1.0 26,4.0 28,1.0 35,2.0 61,2.0 80,1.0 81,9.0 82,1.0 86,1.0 93,6.0 94,2.0 95,2.0 96,3.0 97,2.0 98,1.0 99,15.0 103,4.0 104,6.0 107,1.0 111,3.0 112,5.0 113,1.0 114,2.0 115,6.0 116,2.0 129,4.0 130,2.0 131,1.0 133,2.0 145,2.0 146,1.0 147,4.0 148,1.0 
6,4.0 8,1.0 14,9.0 15,2.0 16,1.0 21,12.0 25,1.0 93,4.0 95,4.0 96,1.0 97,4.0 101,2.0 108,2.0 109,1.0 112,1.0 115,1.0 117,1.0 122,1.0 125,2.0 145,1.0 147,2.0 149,1.0 150,1.0 151,1.0 180,1.0 
3,6.0 4,2.0 6,2.0 8,3.0 9,8.0 11,16.0 12,2.0 14,6.0 15,13.0 21,2.0 22,2.0 27,4.0 35,2.0 40,4.0 58,3.0 59,1.0 61,1.0 64,9.0 66,1.0 76,1.0 80,2.0 81,1.0 93,35.0 94,2.0 95,9.0 96,5.0 97,23.0 98,13.0 99,15.0 100,4.0 101,6.0 103,11.0 104,6.0 107,11.0 108,8.0 109,1.0 110,1.0 112,5.0 113,3.0 114,5.0 115,13.0 118,2.0 119,4.0 120,4.0 122,2.0 123,6.0 129,4.0 130,1.0 132,2.0 147,3.0 153,1.0 165,4.0 166,4.0 184,1.0 187,1.0 188,1.0 
4,2.0 6,1.0 9,3.0 11,1.0 14,4.0 15,3.0 16,1.0 21,1.0 35,2.0 61,2.0 64,1.0 78,1.0 81,1.0 93,4.0 94,3.0 95,5.0 96,7.0 97,7.0 98,1.0 99,4.0 100,5.0 103,13.0 104,8.0 108,9.0 110,2.0 112,1.0 113,5.0 114,5.0 116,4.0 117,1.0 122,2.0 123,2.0 125,3.0 129,1.0 130,3.0 133,1.0 135,1.0 136,2.0 139,1.0 141,1.0 143,7.0 144,1.0 145,8.0 146,1.0 147,3.0 148,2.0 151,1.0 154,1.0 183,1.0 
3,10.0 4,10.0 8,1.0 9,5.0 11,12.0 12,6.0 14,1.0 15,1.0 21,2.0 25,5.0 27,4.0 58,9.0 61,8.0 64,2.0 81,2.0 93,22.0 94,12.0 95,2.0 96,3.0 97,17.0 99,7.0 103,11.0 104,17.0 107,2.0 108,13.0 110,1.0 112,2.0 113,5.0 114,8.0 115,1.0 116,5.0 125,6.0 129,5.0 136,8.0 143,3.0 147,3.0 148,12.0 150,5.0 151,3.0 153,1.0 164,2.0 
3,1.0 6,2.0 8,14.0 9,1.0 14,11.0 15,16.0 16,1.0 21,5.0 22,1.0 27,1.0 28,2.0 40,2.0 41,2.0 48,2.0 52,1.0 58,3.0 59,3.0 61,5.0 63,1.0 73,2.0 74,2.0 80,1.0 81,1.0 93,6.0 95,17.0 96,8.0 97,15.0 99,36.0 100,2.0 101,5.0 103,35.0 104,14.0 106,1.0 107,19.0 108,11.0 110,9.0 111,2.0 112,9.0 115,7.0 117,1.0 118,6.0 119,6.0 120,1.0 121,2.0 122,4.0 125,1.0 126,3.0 127,3.0 128,2.0 129,2.0 130,2.0 147,3.0 160,1.0 169,2.0 178,1.0 189,6.0 195,1.0 203,4.0 
15,5.0 21,4.0 25,2.0 27,1.0 81,3.0 93,6.0 95,4.0 97,1.0 99,3.0 103,2.0 104,1.0 107,1.0 108,1.0 109,1.0 110,1.0 113,1.0 114,4.0 117,1.0 124,1.0 125,1.0 129,1.0 143,2.0 145,1.0 147,5.0 148,3.0 151,3.0 153,1.0 204,1.0 
14,1.0 16,1.0 21,1.0 95,1.0 96,6.0 97,1.0 103,3.0 104,1.0 109,1.0 111,1.0 113,1.0 115,1.0 130,1.0 151,2.0 180,1.0 
14,8.0 27,6.0 93,13.0 94,3.0 97,10.0 98,6.0 99,7.0 100,2.0 103,7.0 104,7.0 112,3.0 115,6.0 119,9.0 122,9.0 127,11.0 131,1.0 203,2.0 208,1.0 
3,2.0 27,15.0 29,2.0 66,1.0 80,1.0 93,8.0 94,2.0 95,10.0 97,2.0 98,6.0 99,7.0 100,2.0 101,2.0 103,3.0 104,4.0 112,3.0 115,5.0 118,4.0 121,2.0 122,2.0 123,2.0 124,2.0 129,3.0 147,2.0 153,1.0 204,2.0 
3,2.0 6,12.0 11,2.0 14,2.0 24,2.0 27,8.0 93,9.0 94,1.0 95,1.0 97,4.0 98,2.0 99,5.0 100,3.0 103,9.0 104,2.0 112,1.0 119,1.0 122,2.0 129,1.0 147,2.0 200,2.0 
6,2.0 12,1.0 21,2.0 22,2.0 27,2.0 28,1.0 94,4.0 95,2.0 96,1.0 97,3.0 98,2.0 99,3.0 100,8.0 103,4.0 112,1.0 115,1.0 118,2.0 119,2.0 122,1.0 125,2.0 
4,1.0 6,4.0 8,1.0 11,2.0 12,2.0 14,3.0 15,4.0 17,3.0 21,4.0 22,3.0 25,3.0 27,2.0 28,1.0 35,1.0 59,1.0 60,1.0 79,1.0 93,2.0 94,8.0 95,10.0 97,2.0 98,13.0 99,5.0 100,17.0 101,1.0 102,2.0 103,5.0 104,7.0 107,2.0 108,2.0 109,1.0 110,1.0 113,2.0 115,4.0 118,3.0 119,2.0 121,2.0 123,1.0 125,2.0 127,7.0 129,10.0 130,3.0 131,1.0 133,5.0 143,1.0 144,1.0 147,1.0 148,3.0 150,1.0 164,2.0 166,1.0 169,1.0 181,1.0 189,8.0 190,1.0 191,1.0 192,1.0 193,1.0 194,1.0 204,2.0 207,4.0 208,1.0 209,3.0 210,3.0 
14,6.0 15,6.0 27,2.0 76,1.0 79,1.0 81,2.0 93,3.0 94,2.0 95,5.0 96,3.0 97,1.0 98,3.0 99,1.0 101,5.0 103,2.0 104,1.0 105,2.0 108,3.0 109,1.0 112,5.0 113,2.0 120,2.0 121,3.0 130,3.0 133,7.0 135,1.0 147,2.0 152,1.0 154,4.0 
93,1.0 95,2.0 99,1.0 109,4.0 112,1.0 114,1.0 115,2.0 119,4.0 129,1.0 145,1.0 
14,6.0 15,2.0 25,6.0 78,1.0 93,8.0 94,5.0 95,2.0 96,2.0 98,1.0 99,6.0 100,2.0 103,5.0 104,1.0 108,3.0 111,2.0 114,2.0 115,1.0 116,1.0 121,2.0 125,4.0 129,1.0 133,1.0 135,1.0 145,5.0 150,2.0 
15,2.0 95,2.0 104,2.0 108,1.0 109,3.0 115,4.0 126,1.0 127,4.0 128,1.0 160,1.0 
15,3.0 21,2.0 93,2.0 94,7.0 95,1.0 97,6.0 98,3.0 99,2.0 103,6.0 104,6.0 109,2.0 115,4.0 118,12.0 122,8.0 126,1.0 128,2.0 131,5.0 148,3.0 203,2.0 207,3.0 209,5.0 210,3.0 
93,10.0 97,1.0 103,1.0 104,1.0 129,1.0 147,1.0 
3,1.0 4,1.0 8,3.0 11,8.0 14,1.0 15,4.0 21,3.0 25,4.0 26,1.0 27,3.0 35,1.0 59,8.0 64,1.0 81,4.0 93,11.0 95,10.0 97,10.0 98,7.0 99,4.0 101,4.0 103,4.0 104,3.0 109,1.0 110,2.0 112,7.0 113,2.0 114,4.0 115,2.0 119,3.0 120,1.0 123,1.0 124,1.0 125,2.0 128,1.0 129,2.0 133,27.0 135,1.0 143,2.0 147,4.0 150,2.0 153,2.0 164,8.0 204,1.0 
15,2.0 81,2.0 93,2.0 94,1.0 95,11.0 96,3.0 97,5.0 99,5.0 103,5.0 108,1.0 110,1.0 113,1.0 115,4.0 122,5.0 131,5.0 132,1.0 147,1.0 148,1.0 189,5.0 
8,1.0 14,2.0 15,1.0 21,1.0 25,1.0 94,4.0 95,2.0 98,2.0 109,1.0 110,1.0 112,2.0 118,3.0 127,5.0 132,5.0 208,1.0 209,3.0 
14,2.0 15,3.0 75,1.0 76,1.0 79,1.0 95,2.0 97,5.0 101,7.0 102,2.0 103,1.0 107,2.0 108,4.0 112,2.0 122,5.0 123,1.0 130,1.0 147,3.0 155,3.0 
3,1.0 15,2.0 21,2.0 25,2.0 81,1.0 95,6.0 96,2.0 99,1.0 100,16.0 101,1.0 102,2.0 104,8.0 123,12.0 129,4.0 136,1.0 143,1.0 150,1.0 
4,3.0 7,4.0 75,2.0 80,1.0 81,1.0 88,1.0 107,3.0 135,1.0 156,1.0 157,1.0 
7,1.0 11,1.0 12,1.0 14,1.0 15,1.0 58,2.0 75,1.0 81,1.0 83,1.0 101,1.0 103,2.0 104,1.0 105,1.0 113,1.0 123,1.0 136,1.0 137,1.0 138,2.0 139,3.0 140,1.0 141,1.0 142,1.0 147,1.0 154,1.0 
3,12.0 4,11.0 7,1.0 9,7.0 11,16.0 12,9.0 16,1.0 35,3.0 58,5.0 61,11.0 83,2.0 88,1.0 92,1.0 93,1.0 94,10.0 96,4.0 97,2.0 100,12.0 103,2.0 108,2.0 113,2.0 122,1.0 123,1.0 136,1.0 137,1.0 170,4.0 183,1.0 
7,1.0 12,2.0 16,1.0 17,1.0 37,1.0 58,2.0 59,1.0 88,1.0 92,1.0 136,1.0 158,1.0 
11,1.0 58,1.0 83,1.0 103,2.0 135,1.0 139,2.0 140,1.0 141,1.0 142,1.0 147,2.0 
11,1.0 58,1.0 83,1.0 103,2.0 104,2.0 113,1.0 135,1.0 138,2.0 140,1.0 141,1.0 142,1.0 145,1.0 147,3.0 
11,1.0 15,1.0 58,1.0 83,1.0 104,1.0 113,1.0 122,1.0 141,1.0 142,1.0 143,1.0 
11,17.0 15,2.0 58,1.0 64,12.0 78,1.0 83,1.0 100,9.0 104,1.0 113,1.0 122,1.0 140,1.0 142,1.0 143,1.0 163,4.0 164,4.0 172,4.0 
11,1.0 15,1.0 58,1.0 83,1.0 104,1.0 113,1.0 122,1.0 140,1.0 141,1.0 143,1.0 
6,1.0 14,1.0 15,2.0 25,3.0 93,1.0 95,1.0 98,1.0 100,2.0 104,4.0 113,7.0 114,1.0 116,5.0 122,3.0 129,3.0 133,1.0 144,1.0 145,1.0 147,3.0 204,1.0 
6,1.0 11,4.0 14,1.0 15,1.0 21,4.0 24,4.0 39,2.0 81,1.0 99,3.0 100,25.0 103,1.0 104,8.0 108,1.0 110,2.0 113,1.0 114,3.0 116,3.0 122,2.0 129,10.0 143,1.0 144,8.0 145,1.0 146,1.0 151,4.0 166,2.0 173,2.0 
6,2.0 7,2.0 9,3.0 14,3.0 15,3.0 16,1.0 21,2.0 22,2.0 25,2.0 27,1.0 61,2.0 64,1.0 70,1.0 81,5.0 87,1.0 93,3.0 95,2.0 96,1.0 98,1.0 99,1.0 100,3.0 101,1.0 102,1.0 103,5.0 104,4.0 107,2.0 108,10.0 110,3.0 113,10.0 116,1.0 120,1.0 125,5.0 129,1.0 130,1.0 133,1.0 141,1.0 143,1.0 145,6.0 146,8.0 147,7.0 170,3.0 204,1.0 
7,2.0 9,2.0 14,2.0 15,2.0 21,1.0 22,2.0 61,2.0 81,2.0 93,1.0 96,1.0 99,1.0 101,1.0 103,1.0 104,2.0 107,2.0 108,3.0 110,2.0 113,2.0 130,1.0 145,8.0 147,2.0 151,1.0 170,2.0 
8,1.0 9,2.0 11,2.0 14,9.0 15,8.0 21,8.0 25,4.0 27,6.0 63,1.0 64,2.0 81,10.0 93,27.0 94,5.0 95,6.0 97,6.0 98,2.0 100,1.0 101,4.0 103,20.0 104,23.0 107,4.0 108,10.0 109,1.0 110,3.0 111,1.0 112,2.0 113,4.0 114,2.0 115,3.0 116,7.0 117,1.0 119,3.0 120,2.0 122,1.0 123,3.0 124,1.0 125,2.0 128,1.0 129,5.0 132,1.0 138,1.0 139,1.0 143,2.0 145,7.0 146,1.0 147,9.0 148,3.0 149,1.0 150,2.0 151,3.0 153,1.0 154,1.0 155,1.0 179,1.0 204,2.0 
5,1.0 14,3.0 15,3.0 81,3.0 93,12.0 94,15.0 95,1.0 97,11.0 100,8.0 101,2.0 103,5.0 104,10.0 108,6.0 113,2.0 114,10.0 117,1.0 147,2.0 148,3.0 149,5.0 150,1.0 151,5.0 207,3.0 209,2.0 210,3.0 
3,4.0 8,1.0 11,4.0 15,1.0 29,4.0 94,1.0 95,1.0 100,8.0 103,2.0 108,1.0 111,1.0 147,1.0 148,5.0 150,2.0 151,4.0 
8,2.0 14,1.0 15,2.0 21,1.0 25,1.0 79,1.0 81,1.0 93,1.0 94,2.0 95,8.0 99,5.0 103,5.0 108,2.0 111,2.0 113,2.0 114,6.0 125,2.0 129,1.0 133,1.0 136,1.0 143,1.0 147,2.0 148,1.0 149,2.0 150,3.0 
11,1.0 14,1.0 16,1.0 21,1.0 82,1.0 83,1.0 93,1.0 96,1.0 97,2.0 99,3.0 100,8.0 103,1.0 104,2.0 109,1.0 111,1.0 113,1.0 114,4.0 116,3.0 117,2.0 130,1.0 147,1.0 148,4.0 149,8.0 180,1.0 
76,1.0 79,1.0 96,1.0 102,1.0 105,1.0 
3,1.0 4,1.0 22,1.0 27,1.0 61,1.0 81,2.0 93,3.0 112,1.0 114,1.0 116,1.0 119,1.0 128,1.0 129,2.0 147,2.0 
14,3.0 15,2.0 81,2.0 101,3.0 103,1.0 105,1.0 113,1.0 123,4.0 135,1.0 
14,1.0 15,2.0 101,1.0 103,1.0 108,2.0 132,3.0 147,1.0 
75,1.0 134,1.0 157,1.0 
12,1.0 17,1.0 21,1.0 58,1.0 59,1.0 63,1.0 75,1.0 94,2.0 97,1.0 103,2.0 137,1.0 158,1.0 196,1.0 
12,1.0 17,1.0 37,1.0 58,1.0 59,1.0 137,1.0 
49,1.0 
95,1.0 104,1.0 115,2.0 126,2.0 127,1.0 
110,2.0 
3,1.0 27,1.0 80,1.0 86,1.0 89,1.0 
3,6.0 11,10.0 26,2.0 61,2.0 64,6.0 83,4.0 94,4.0 100,4.0 141,8.0 164,4.0 
4,2.0 9,2.0 11,26.0 12,2.0 17,2.0 58,2.0 59,18.0 94,2.0 96,8.0 100,16.0 130,2.0 141,4.0 
40,4.0 93,1.0 100,3.0 166,4.0 
39,2.0 40,4.0 60,1.0 93,1.0 100,3.0 122,2.0 165,4.0 169,1.0 173,2.0 189,1.0 190,1.0 
3,12.0 4,6.0 9,4.0 11,6.0 58,2.0 64,2.0 94,4.0 136,4.0 
11,2.0 12,2.0 58,2.0 61,2.0 136,2.0 164,2.0 
40,2.0 41,2.0 60,1.0 94,2.0 166,1.0 189,1.0 190,1.0 
7,2.0 9,2.0 11,16.0 12,6.0 22,2.0 48,2.0 52,2.0 58,4.0 61,4.0 64,12.0 66,2.0 80,8.0 86,2.0 96,3.0 100,4.0 136,4.0 141,2.0 171,2.0 
12,2.0 66,2.0 170,2.0 
11,4.0 136,4.0 170,4.0 
39,2.0 122,2.0 166,2.0 
100,4.0 175,4.0 
14,1.0 81,2.0 93,1.0 100,20.0 101,1.0 108,2.0 147,1.0 175,8.0 
51,1.0 52,2.0 93,2.0 97,2.0 98,2.0 112,2.0 177,2.0 
51,2.0 52,2.0 93,3.0 94,1.0 97,2.0 98,2.0 112,2.0 176,2.0 
15,1.0 21,1.0 95,1.0 96,1.0 99,1.0 103,1.0 106,3.0 107,1.0 113,1.0 114,1.0 115,1.0 195,3.0 
104,1.0 146,1.0 147,1.0 
14,1.0 16,1.0 21,1.0 109,1.0 111,1.0 117,1.0 151,1.0 
7,1.0 17,1.0 22,1.0 35,1.0 47,1.0 51,1.0 59,1.0 
67,1.0 97,2.0 103,2.0 107,2.0 
3,1.0 4,1.0 9,2.0 11,2.0 12,1.0 58,1.0 61,1.0 64,2.0 136,1.0 
94,2.0 185,1.0 186,1.0 187,1.0 188,1.0 
94,1.0 184,1.0 186,1.0 
94,1.0 184,1.0 185,1.0 
94,1.0 184,1.0 188,1.0 
94,1.0 184,1.0 187,1.0 
95,4.0 99,4.0 103,5.0 115,4.0 122,8.0 129,1.0 130,5.0 
60,1.0 166,1.0 169,1.0 189,1.0 
189,1.0 192,1.0 193,1.0 194,1.0 
189,1.0 191,1.0 193,1.0 194,1.0 
189,1.0 191,1.0 192,1.0 194,1.0 
189,1.0 191,1.0 192,1.0 193,1.0 
15,1.0 21,1.0 95,1.0 103,1.0 106,3.0 107,1.0 115,1.0 178,3.0 
21,1.0 63,1.0 103,1.0 157,1.0 
21,1.0 110,1.0 198,1.0 199,1.0 
21,1.0 110,1.0 197,1.0 199,1.0 
21,1.0 110,1.0 197,1.0 198,1.0 
201,2.0 
202,2.0 
25,2.0 93,2.0 99,2.0 
27,1.0 93,4.0 99,8.0 103,2.0 104,2.0 112,2.0 115,2.0 118,5.0 206,2.0 
93,1.0 94,2.0 98,2.0 118,1.0 119,1.0 120,1.0 129,1.0 147,1.0 
93,3.0 97,3.0 103,2.0 118,3.0 
99,2.0 103,1.0 104,2.0 127,2.0 
5,1.0 94,4.0 98,1.0 127,1.0 148,3.0 209,2.0 210,3.0 
94,1.0 131,1.0 209,1.0 
94,3.0 122,3.0 127,8.0 131,5.0 
5,1.0 94,3.0 148,3.0 207,3.0 209,2.0 
5,1.0 6,1.0 8,1.0 212,3.0 213,1.0 214,1.0 
5,1.0 6,1.0 8,1.0 211,2.0 212,2.0 213,4.0 214,4.0 215,3.0 216,2.0 
212,3.0 213,1.0 214,3.0 215,3.0 216,2.0 
212,3.0 213,3.0 214,1.0 215,3.0 216,2.0 
39,1.0 40,1.0 41,1.0 212,1.0 213,1.0 214,1.0 215,1.0 216,1.0 217,1.0 218,1.0 219,1.0 
212,1.0 213,1.0 214,1.0 215,2.0 
39,1.0 40,1.0 41,1.0 218,1.0 219,1.0 
39,1.0 40,1.0 41,1.0 217,1.0 219,1.0 
39,1.0 40,1.0 41,1.0 217,1.0 218,1.0 
