1,3.0 
2,3.0 
3,3.0 
4,3.0 
4,2.0 5,3.0 6,3.0 13,6.0 16,7.0 19,3.0 21,1.0 23,4.0 26,1.0 31,5.0 34,1.0 35,1.0 39,1.0 41,5.0 42,8.0 43,10.0 47,8.0 67,2.0 78,11.0 81,24.0 85,1.0 86,1.0 87,1.0 88,7.0 89,2.0 91,2.0 92,5.0 94,4.0 95,2.0 96,9.0 104,1.0 105,3.0 109,6.0 114,3.0 116,3.0 117,2.0 118,8.0 124,2.0 125,2.0 126,2.0 127,11.0 166,2.0 168,11.0 188,1.0 268,1.0 278,2.0 279,2.0 310,3.0 
4,3.0 8,1.0 19,1.0 23,1.0 108,1.0 125,1.0 
7,3.0 47,1.0 64,1.0 78,1.0 235,1.0 236,1.0 237,1.0 272,1.0 
8,3.0 
4,6.0 8,1.0 9,3.0 10,3.0 11,3.0 13,1.0 16,10.0 19,10.0 23,8.0 31,41.0 47,78.0 49,3.0 65,2.0 78,3.0 81,17.0 90,4.0 91,5.0 93,1.0 104,4.0 105,5.0 106,8.0 108,1.0 109,6.0 113,3.0 115,5.0 118,2.0 120,3.0 122,1.0 123,1.0 124,1.0 125,4.0 127,2.0 129,2.0 153,2.0 167,1.0 179,3.0 210,2.0 213,1.0 239,1.0 257,2.0 261,1.0 266,2.0 343,1.0 344,3.0 345,1.0 346,1.0 
0,1.0 4,2.0 10,5.0 11,5.0 12,2.0 16,1.0 20,2.0 23,1.0 27,3.0 47,1.0 54,3.0 76,1.0 259,1.0 274,1.0 
9,5.0 11,5.0 12,2.0 16,1.0 66,1.0 76,1.0 274,1.0 
9,5.0 10,5.0 12,2.0 16,1.0 76,1.0 274,1.0 
13,2.0 16,1.0 23,1.0 33,1.0 109,1.0 170,1.0 171,1.0 
4,8.0 8,1.0 14,3.0 19,10.0 21,2.0 23,1.0 26,6.0 37,2.0 43,2.0 47,1.0 63,2.0 68,2.0 78,1.0 81,2.0 85,2.0 89,4.0 91,1.0 92,4.0 93,1.0 116,2.0 117,8.0 118,6.0 127,1.0 131,1.0 167,2.0 168,1.0 192,2.0 238,10.0 240,2.0 241,2.0 243,61.0 277,1.0 351,2.0 
8,2.0 15,2.0 19,1.0 23,2.0 27,2.0 31,3.0 35,2.0 36,2.0 37,2.0 50,2.0 78,1.0 238,2.0 239,2.0 275,1.0 
16,2.0 42,1.0 300,1.0 
4,6.0 8,41.0 12,1.0 14,2.0 16,22.0 17,3.0 19,3.0 23,6.0 25,2.0 26,2.0 27,1.0 31,20.0 34,1.0 37,1.0 42,1.0 47,8.0 49,2.0 50,3.0 54,2.0 61,3.0 63,1.0 64,1.0 66,3.0 67,2.0 76,14.0 78,1.0 81,6.0 85,2.0 88,51.0 89,20.0 90,5.0 91,1.0 92,5.0 93,4.0 94,1.0 95,1.0 96,1.0 104,10.0 105,3.0 106,3.0 109,11.0 114,4.0 115,1.0 116,54.0 119,1.0 120,2.0 127,1.0 129,2.0 130,2.0 131,1.0 165,1.0 166,1.0 168,5.0 170,3.0 171,1.0 173,1.0 175,1.0 187,2.0 188,9.0 191,27.0 201,5.0 213,1.0 216,3.0 261,1.0 262,1.0 310,1.0 342,1.0 343,2.0 344,7.0 346,2.0 350,3.0 351,1.0 354,7.0 356,1.0 357,1.0 
4,2.0 18,2.0 21,1.0 22,2.0 26,1.0 81,1.0 276,1.0 
19,2.0 
4,4.0 8,35.0 9,3.0 13,25.0 16,2.0 19,12.0 21,38.0 23,18.0 26,23.0 31,25.0 34,34.0 37,3.0 38,2.0 39,1.0 40,2.0 47,14.0 54,1.0 64,3.0 65,1.0 66,1.0 67,2.0 76,1.0 78,6.0 81,2.0 88,1.0 90,1.0 91,86.0 94,4.0 95,1.0 96,2.0 105,4.0 106,1.0 108,1.0 109,1.0 114,21.0 115,3.0 116,1.0 117,8.0 118,1.0 121,1.0 124,24.0 125,1.0 126,1.0 128,2.0 129,4.0 139,1.0 165,1.0 167,7.0 170,1.0 179,2.0 191,1.0 205,6.0 208,1.0 210,12.0 216,3.0 238,24.0 239,1.0 242,8.0 243,2.0 250,1.0 251,1.0 257,2.0 265,1.0 298,1.0 310,1.0 343,1.0 344,3.0 345,1.0 347,1.0 
21,2.0 
4,1.0 13,23.0 17,3.0 19,24.0 21,7.0 26,13.0 31,3.0 34,27.0 35,1.0 36,1.0 37,11.0 38,6.0 40,13.0 47,1.0 64,1.0 78,1.0 81,1.0 85,7.0 86,1.0 87,1.0 88,3.0 89,3.0 90,4.0 91,15.0 92,2.0 93,2.0 104,2.0 106,1.0 109,1.0 116,5.0 117,2.0 118,12.0 124,6.0 125,1.0 126,1.0 128,1.0 129,1.0 153,3.0 168,1.0 179,4.0 192,2.0 243,5.0 250,1.0 251,1.0 268,5.0 277,1.0 296,1.0 305,5.0 
23,2.0 150,2.0 
4,2.0 8,7.0 13,1.0 16,52.0 19,46.0 21,1.0 23,6.0 24,2.0 26,17.0 31,11.0 34,13.0 47,14.0 49,1.0 61,1.0 63,1.0 64,2.0 76,1.0 81,2.0 88,1.0 90,27.0 91,4.0 93,1.0 94,1.0 104,1.0 105,18.0 106,2.0 108,4.0 109,1.0 114,3.0 116,10.0 118,20.0 119,1.0 124,11.0 126,3.0 127,1.0 128,3.0 129,2.0 151,1.0 153,1.0 168,1.0 170,1.0 187,1.0 188,1.0 194,1.0 210,7.0 257,4.0 266,2.0 267,1.0 268,16.0 277,1.0 279,1.0 342,1.0 343,2.0 344,7.0 346,1.0 354,6.0 
25,2.0 32,7.0 33,2.0 53,5.0 54,5.0 55,5.0 
16,4.0 26,2.0 31,2.0 88,4.0 89,4.0 
4,1.0 13,4.0 16,4.0 19,39.0 21,27.0 23,22.0 26,13.0 27,2.0 28,2.0 29,2.0 34,36.0 37,6.0 38,4.0 39,1.0 40,3.0 42,2.0 47,6.0 81,1.0 85,4.0 88,3.0 89,1.0 90,20.0 91,14.0 104,1.0 106,1.0 109,2.0 114,6.0 116,2.0 117,6.0 118,9.0 119,1.0 124,3.0 125,1.0 128,1.0 153,1.0 168,2.0 170,1.0 188,1.0 192,2.0 238,1.0 241,1.0 242,7.0 260,1.0 268,14.0 
0,1.0 4,2.0 8,1.0 9,3.0 14,2.0 16,1.0 19,1.0 28,2.0 29,2.0 30,2.0 35,2.0 36,2.0 37,2.0 47,1.0 49,1.0 50,1.0 54,3.0 60,1.0 90,1.0 113,1.0 114,1.0 135,1.0 140,1.0 155,1.0 170,1.0 191,1.0 264,1.0 281,1.0 285,1.0 342,1.0 355,1.0 
27,2.0 29,2.0 30,2.0 
27,2.0 28,2.0 30,2.0 
31,2.0 156,1.0 288,2.0 
4,5.0 12,1.0 14,4.0 16,18.0 19,10.0 21,3.0 23,60.0 24,2.0 26,3.0 31,13.0 32,4.0 34,1.0 35,2.0 42,2.0 48,7.0 61,2.0 78,1.0 85,2.0 88,19.0 89,14.0 90,2.0 91,8.0 92,5.0 93,16.0 97,1.0 98,1.0 101,1.0 102,1.0 105,8.0 114,1.0 119,1.0 124,13.0 128,1.0 129,1.0 130,1.0 137,1.0 144,2.0 153,1.0 165,3.0 166,1.0 167,2.0 168,6.0 179,1.0 181,1.0 202,1.0 205,3.0 210,10.0 238,41.0 239,2.0 240,4.0 241,9.0 245,3.0 249,2.0 256,3.0 257,1.0 258,1.0 260,1.0 264,1.0 267,1.0 
24,7.0 33,2.0 53,5.0 54,5.0 55,5.0 168,2.0 
34,2.0 154,1.0 
4,1.0 13,1.0 14,2.0 16,1.0 19,21.0 21,28.0 23,13.0 26,52.0 27,2.0 34,15.0 37,16.0 39,1.0 47,6.0 81,1.0 85,4.0 88,1.0 90,18.0 91,15.0 104,1.0 106,1.0 109,2.0 114,6.0 116,6.0 118,10.0 124,11.0 125,1.0 153,1.0 168,1.0 170,1.0 188,1.0 196,2.0 213,1.0 238,1.0 241,3.0 242,9.0 243,1.0 250,1.0 253,1.0 254,2.0 255,2.0 260,1.0 263,1.0 268,18.0 277,1.0 305,5.0 
16,2.0 19,1.0 21,3.0 25,2.0 34,1.0 35,3.0 36,3.0 37,4.0 38,6.0 39,6.0 40,6.0 41,9.0 42,15.0 43,10.0 44,5.0 54,1.0 56,2.0 61,2.0 85,1.0 88,2.0 89,2.0 91,1.0 94,2.0 95,2.0 96,2.0 100,2.0 103,2.0 105,2.0 112,1.0 114,3.0 116,3.0 118,3.0 121,1.0 127,1.0 128,1.0 139,1.0 168,1.0 174,1.0 187,3.0 194,5.0 213,1.0 268,1.0 277,1.0 305,1.0 316,1.0 
16,2.0 31,2.0 35,8.0 37,5.0 38,3.0 39,3.0 40,3.0 41,5.0 42,9.0 43,5.0 61,2.0 76,1.0 85,1.0 88,2.0 93,2.0 94,2.0 95,2.0 96,2.0 114,2.0 179,1.0 191,2.0 200,1.0 201,1.0 312,2.0 313,1.0 314,2.0 315,2.0 
4,3.0 13,2.0 19,14.0 21,1.0 26,2.0 34,1.0 35,9.0 36,5.0 38,3.0 39,3.0 40,3.0 41,5.0 42,8.0 43,6.0 61,2.0 78,1.0 85,5.0 94,2.0 95,2.0 96,2.0 114,3.0 116,1.0 118,1.0 124,6.0 168,1.0 179,1.0 182,2.0 183,1.0 184,2.0 185,2.0 196,3.0 197,1.0 242,4.0 268,1.0 305,1.0 
13,2.0 19,8.0 31,1.0 34,2.0 35,4.0 37,3.0 39,9.0 40,14.0 41,13.0 42,4.0 43,8.0 44,3.0 58,2.0 63,1.0 78,2.0 94,4.0 96,2.0 97,2.0 100,2.0 103,2.0 104,1.0 108,6.0 109,2.0 114,2.0 119,6.0 124,3.0 125,9.0 129,1.0 130,1.0 137,1.0 153,1.0 166,4.0 182,2.0 184,2.0 186,1.0 196,1.0 205,3.0 206,1.0 208,2.0 213,2.0 217,1.0 223,1.0 326,1.0 328,1.0 
4,1.0 19,1.0 31,1.0 35,3.0 36,4.0 38,8.0 40,3.0 41,3.0 42,8.0 43,12.0 44,3.0 47,1.0 61,2.0 66,1.0 67,1.0 78,1.0 88,1.0 94,4.0 96,1.0 105,3.0 108,3.0 109,9.0 125,4.0 130,2.0 153,1.0 166,3.0 171,1.0 179,1.0 200,1.0 205,1.0 213,1.0 221,1.0 321,1.0 322,2.0 326,1.0 
13,6.0 16,2.0 19,10.0 35,3.0 38,15.0 39,3.0 41,7.0 42,4.0 43,4.0 44,3.0 47,5.0 58,2.0 61,1.0 66,1.0 85,3.0 95,1.0 96,3.0 97,2.0 98,2.0 101,2.0 102,2.0 106,1.0 119,4.0 125,2.0 126,3.0 153,5.0 179,4.0 202,2.0 205,5.0 216,1.0 217,1.0 220,1.0 319,1.0 
4,1.0 31,1.0 35,7.0 37,1.0 38,13.0 39,3.0 40,6.0 42,8.0 43,11.0 44,5.0 47,3.0 58,2.0 66,1.0 67,2.0 76,2.0 78,3.0 81,2.0 85,5.0 88,1.0 89,1.0 94,2.0 95,2.0 96,2.0 101,2.0 104,2.0 116,2.0 119,5.0 124,6.0 125,11.0 129,1.0 130,2.0 137,1.0 164,1.0 187,2.0 202,2.0 203,2.0 205,2.0 206,1.0 208,2.0 223,2.0 278,2.0 279,2.0 306,1.0 307,1.0 308,1.0 309,1.0 319,1.0 
0,1.0 4,3.0 15,1.0 16,1.0 21,1.0 26,1.0 34,2.0 35,12.0 36,8.0 37,3.0 38,3.0 39,5.0 40,3.0 41,7.0 43,19.0 44,5.0 47,17.0 49,1.0 50,1.0 57,1.0 61,2.0 62,2.0 63,2.0 64,4.0 76,1.0 85,2.0 88,1.0 90,1.0 94,2.0 95,2.0 96,2.0 105,10.0 109,4.0 113,1.0 114,7.0 116,2.0 118,4.0 119,1.0 127,1.0 128,3.0 153,2.0 166,2.0 187,3.0 188,1.0 191,1.0 200,1.0 213,1.0 268,1.0 285,1.0 286,1.0 300,1.0 305,1.0 312,1.0 313,1.0 314,1.0 315,1.0 321,1.0 342,1.0 355,2.0 
4,4.0 8,1.0 13,2.0 26,1.0 30,1.0 34,1.0 35,7.0 37,2.0 38,6.0 39,12.0 40,3.0 41,10.0 42,22.0 44,5.0 47,9.0 58,2.0 64,3.0 66,1.0 67,1.0 76,1.0 78,3.0 81,1.0 85,2.0 88,1.0 90,1.0 92,1.0 94,2.0 95,2.0 96,2.0 103,2.0 105,9.0 108,2.0 109,12.0 111,2.0 114,2.0 116,1.0 117,2.0 118,1.0 119,2.0 124,3.0 125,2.0 126,1.0 127,2.0 129,1.0 130,2.0 141,1.0 142,1.0 153,2.0 160,1.0 166,6.0 182,1.0 183,1.0 184,3.0 185,1.0 196,1.0 206,1.0 221,3.0 277,1.0 301,1.0 321,1.0 322,2.0 355,2.0 361,2.0 
45,5.0 69,2.0 
46,5.0 
40,5.0 
4,24.0 6,1.0 8,37.0 13,3.0 16,18.0 19,16.0 21,1.0 23,65.0 26,6.0 34,5.0 37,3.0 41,1.0 42,3.0 43,1.0 47,8.0 48,2.0 49,11.0 50,1.0 58,5.0 65,1.0 76,18.0 78,29.0 82,1.0 88,2.0 90,5.0 91,1.0 94,2.0 95,1.0 96,1.0 97,3.0 103,5.0 104,12.0 105,6.0 106,2.0 109,16.0 113,10.0 114,16.0 115,3.0 116,40.0 118,20.0 119,4.0 120,2.0 122,1.0 124,1.0 125,8.0 126,3.0 128,18.0 129,2.0 130,5.0 134,2.0 135,2.0 164,1.0 168,2.0 170,1.0 171,1.0 180,3.0 182,5.0 186,1.0 188,5.0 210,1.0 216,6.0 235,2.0 236,1.0 237,1.0 268,1.0 340,1.0 341,1.0 
23,7.0 31,6.0 49,2.0 50,2.0 241,5.0 245,1.0 
8,5.0 16,1.0 27,2.0 49,1.0 50,8.0 51,2.0 60,1.0 76,3.0 78,5.0 81,3.0 97,3.0 100,3.0 113,20.0 114,3.0 115,4.0 116,9.0 127,2.0 135,1.0 140,2.0 264,1.0 281,1.0 285,1.0 342,3.0 355,1.0 
8,2.0 14,2.0 27,2.0 47,1.0 49,8.0 50,1.0 51,2.0 60,1.0 97,3.0 100,3.0 113,3.0 115,1.0 122,1.0 135,1.0 140,2.0 256,1.0 264,1.0 281,1.0 285,1.0 298,1.0 299,1.0 342,3.0 355,1.0 
52,2.0 
39,2.0 42,1.0 52,24.0 53,20.0 56,4.0 57,1.0 58,20.0 59,51.0 78,5.0 94,1.0 97,22.0 99,19.0 100,2.0 101,2.0 102,21.0 103,2.0 108,4.0 109,2.0 110,20.0 111,2.0 112,2.0 125,2.0 126,2.0 129,2.0 130,1.0 136,2.0 137,12.0 153,2.0 171,2.0 177,18.0 189,2.0 190,20.0 199,1.0 202,51.0 203,18.0 205,2.0 223,2.0 224,4.0 225,4.0 
24,2.0 32,2.0 38,1.0 52,23.0 53,12.0 54,2.0 55,2.0 56,5.0 59,18.0 76,4.0 96,1.0 99,18.0 100,5.0 102,18.0 103,13.0 108,2.0 119,1.0 129,2.0 138,1.0 153,1.0 166,1.0 202,18.0 205,2.0 213,1.0 282,1.0 306,5.0 309,13.0 325,5.0 
0,1.0 4,2.0 9,3.0 19,2.0 21,1.0 24,5.0 26,1.0 27,3.0 32,5.0 34,1.0 53,5.0 55,5.0 91,2.0 115,2.0 121,1.0 130,1.0 139,1.0 
24,5.0 32,5.0 40,3.0 41,1.0 53,5.0 54,5.0 55,4.0 57,5.0 65,4.0 95,2.0 98,5.0 100,5.0 101,13.0 103,13.0 107,4.0 119,1.0 126,1.0 129,1.0 138,1.0 153,1.0 163,1.0 215,6.0 311,2.0 318,1.0 
8,2.0 38,1.0 53,5.0 55,2.0 56,4.0 57,2.0 58,6.0 59,2.0 97,2.0 100,6.0 101,2.0 103,15.0 108,1.0 112,4.0 119,3.0 139,2.0 153,4.0 166,1.0 171,1.0 174,2.0 175,2.0 182,5.0 184,1.0 309,5.0 320,1.0 324,1.0 
40,1.0 55,5.0 56,2.0 57,4.0 58,3.0 59,2.0 60,2.0 61,2.0 97,5.0 101,11.0 103,7.0 108,1.0 119,1.0 126,1.0 202,6.0 204,1.0 205,1.0 211,1.0 355,2.0 
38,2.0 43,1.0 47,7.0 52,20.0 56,9.0 57,4.0 58,50.0 59,2.0 65,2.0 66,1.0 76,2.0 78,11.0 96,1.0 97,64.0 98,15.0 100,27.0 101,45.0 102,15.0 103,71.0 104,2.0 105,2.0 106,2.0 108,5.0 109,3.0 110,20.0 111,41.0 112,2.0 119,6.0 125,1.0 126,2.0 129,1.0 130,33.0 135,2.0 137,6.0 138,3.0 153,4.0 163,2.0 165,1.0 171,4.0 177,51.0 181,1.0 182,43.0 183,10.0 184,43.0 185,2.0 188,2.0 190,51.0 195,1.0 202,43.0 203,12.0 205,2.0 209,1.0 211,2.0 216,1.0 218,3.0 221,7.0 222,6.0 223,10.0 302,1.0 320,1.0 323,1.0 324,2.0 327,5.0 330,2.0 
52,51.0 53,18.0 59,16.0 60,2.0 78,5.0 99,18.0 102,18.0 108,2.0 109,2.0 125,2.0 126,2.0 129,2.0 130,1.0 136,2.0 137,12.0 190,4.0 202,51.0 203,18.0 205,2.0 223,2.0 224,4.0 225,4.0 
57,4.0 135,1.0 264,1.0 281,1.0 285,1.0 355,3.0 
35,9.0 36,2.0 37,2.0 39,2.0 40,1.0 41,2.0 42,7.0 43,3.0 47,3.0 56,1.0 62,2.0 63,2.0 64,1.0 65,2.0 78,2.0 85,2.0 88,1.0 94,3.0 95,2.0 96,2.0 100,1.0 103,1.0 105,2.0 108,1.0 109,4.0 114,1.0 128,2.0 130,1.0 132,2.0 133,2.0 174,1.0 179,4.0 194,3.0 
42,2.0 63,2.0 64,2.0 
13,3.0 14,1.0 16,2.0 23,1.0 42,2.0 62,2.0 64,2.0 66,4.0 89,2.0 90,1.0 92,2.0 94,1.0 104,1.0 128,1.0 131,1.0 166,1.0 168,4.0 277,1.0 329,1.0 352,2.0 
4,2.0 16,1.0 19,5.0 21,1.0 23,2.0 39,1.0 41,1.0 43,2.0 63,1.0 65,2.0 66,1.0 67,7.0 73,1.0 76,2.0 88,1.0 90,1.0 91,1.0 104,1.0 116,1.0 124,1.0 125,1.0 129,1.0 130,4.0 141,1.0 142,1.0 168,1.0 273,1.0 
6,1.0 8,1.0 9,1.0 10,1.0 11,1.0 13,1.0 19,1.0 47,6.0 55,3.0 58,2.0 64,2.0 65,2.0 66,2.0 72,1.0 78,1.0 90,2.0 91,2.0 97,1.0 101,6.0 103,3.0 109,1.0 125,1.0 126,1.0 130,4.0 137,1.0 163,6.0 202,3.0 235,1.0 236,1.0 237,1.0 
16,4.0 19,1.0 35,1.0 42,1.0 47,5.0 58,3.0 64,3.0 67,3.0 76,1.0 88,1.0 90,1.0 91,1.0 92,1.0 96,1.0 103,3.0 104,1.0 109,2.0 115,1.0 116,1.0 119,1.0 125,1.0 130,6.0 168,2.0 171,1.0 182,3.0 187,1.0 188,1.0 221,2.0 222,1.0 282,1.0 
4,2.0 6,1.0 8,1.0 10,1.0 16,1.0 19,2.0 43,1.0 47,2.0 64,1.0 65,2.0 66,2.0 67,1.0 68,2.0 81,2.0 88,2.0 89,2.0 90,1.0 91,1.0 106,1.0 109,1.0 119,1.0 136,4.0 137,4.0 166,1.0 188,1.0 219,1.0 222,2.0 282,1.0 
44,2.0 116,2.0 
70,2.0 
71,2.0 
67,2.0 
73,1.0 
67,1.0 74,2.0 
65,1.0 73,1.0 75,2.0 
63,1.0 74,1.0 77,1.0 79,1.0 
4,4.0 16,50.0 17,1.0 19,2.0 21,2.0 23,1.0 31,1.0 36,1.0 37,1.0 41,1.0 47,6.0 53,3.0 58,1.0 61,1.0 64,1.0 66,5.0 67,2.0 74,1.0 76,4.0 78,2.0 81,4.0 85,1.0 88,5.0 89,2.0 90,2.0 91,1.0 93,2.0 103,4.0 104,3.0 109,1.0 116,8.0 119,4.0 120,2.0 128,3.0 130,1.0 131,1.0 138,4.0 167,1.0 173,1.0 179,1.0 182,1.0 186,1.0 188,3.0 191,5.0 207,1.0 212,1.0 281,2.0 309,3.0 
75,1.0 
4,5.0 8,7.0 9,1.0 13,1.0 16,2.0 19,38.0 21,1.0 31,1.0 34,1.0 41,1.0 43,1.0 47,12.0 52,5.0 58,9.0 59,5.0 63,3.0 64,3.0 65,5.0 75,1.0 78,6.0 81,9.0 85,1.0 97,5.0 101,14.0 106,2.0 109,2.0 114,3.0 119,1.0 124,2.0 125,7.0 126,1.0 127,1.0 130,1.0 131,1.0 135,2.0 137,15.0 168,1.0 202,19.0 207,1.0 343,1.0 344,1.0 
76,1.0 80,1.0 82,1.0 
79,1.0 
4,11.0 8,11.0 13,2.0 16,8.0 17,1.0 19,3.0 21,1.0 23,2.0 26,1.0 34,1.0 35,1.0 36,1.0 37,1.0 41,1.0 42,2.0 43,2.0 47,4.0 49,6.0 61,5.0 63,4.0 76,19.0 78,3.0 79,1.0 81,3.0 85,1.0 86,1.0 87,1.0 88,2.0 89,3.0 90,4.0 91,2.0 92,2.0 93,2.0 95,1.0 105,2.0 109,1.0 113,8.0 114,5.0 121,2.0 122,1.0 123,1.0 124,1.0 125,6.0 128,5.0 132,2.0 133,2.0 175,1.0 187,1.0 
78,1.0 83,2.0 
81,1.0 82,1.0 84,1.0 
83,1.0 
4,4.0 13,6.0 16,3.0 19,6.0 21,2.0 23,1.0 26,3.0 34,2.0 35,1.0 36,1.0 37,5.0 41,2.0 42,2.0 43,2.0 47,1.0 61,1.0 67,1.0 86,3.0 87,3.0 88,2.0 90,2.0 92,2.0 94,1.0 95,1.0 96,1.0 104,2.0 114,1.0 117,4.0 118,1.0 168,2.0 179,1.0 187,2.0 238,2.0 268,1.0 277,2.0 306,2.0 307,1.0 308,2.0 309,2.0 317,1.0 319,1.0 
4,2.0 26,1.0 67,1.0 85,3.0 87,3.0 
4,2.0 26,1.0 67,1.0 85,3.0 86,3.0 
4,5.0 8,2.0 12,1.0 16,52.0 19,2.0 21,3.0 23,2.0 25,2.0 26,1.0 30,2.0 31,23.0 34,1.0 35,2.0 41,2.0 47,2.0 58,1.0 61,3.0 66,2.0 67,1.0 76,5.0 81,2.0 88,37.0 89,23.0 90,3.0 91,1.0 92,23.0 93,2.0 96,1.0 97,1.0 100,1.0 103,1.0 104,2.0 114,6.0 116,1.0 118,1.0 119,1.0 126,1.0 130,1.0 131,1.0 165,1.0 166,2.0 168,27.0 170,1.0 171,1.0 173,1.0 182,1.0 183,1.0 191,42.0 201,5.0 238,5.0 268,1.0 277,23.0 294,1.0 302,1.0 303,5.0 
8,2.0 12,1.0 13,2.0 16,22.0 21,3.0 25,2.0 31,18.0 36,1.0 37,1.0 61,3.0 63,2.0 67,1.0 76,3.0 81,3.0 85,1.0 88,24.0 89,8.0 90,2.0 92,6.0 93,2.0 119,1.0 137,1.0 165,1.0 166,1.0 179,1.0 243,1.0 
8,2.0 13,2.0 16,4.0 19,1.0 21,5.0 23,18.0 26,20.0 31,2.0 34,18.0 35,1.0 36,3.0 37,3.0 47,7.0 61,3.0 65,2.0 66,1.0 67,1.0 76,2.0 81,4.0 85,1.0 88,2.0 89,2.0 90,8.0 91,14.0 93,6.0 104,1.0 109,1.0 114,7.0 116,2.0 118,7.0 119,1.0 128,1.0 153,1.0 170,2.0 179,1.0 188,1.0 191,1.0 243,1.0 257,3.0 268,15.0 
4,2.0 8,3.0 13,3.0 14,3.0 19,21.0 21,16.0 23,3.0 26,14.0 31,63.0 34,23.0 39,1.0 47,1.0 48,6.0 54,1.0 64,1.0 65,2.0 78,2.0 81,2.0 90,6.0 91,6.0 93,1.0 106,1.0 109,1.0 114,2.0 118,1.0 121,1.0 125,1.0 126,1.0 129,1.0 130,1.0 136,1.0 139,1.0 239,2.0 240,4.0 241,9.0 243,3.0 245,1.0 249,1.0 252,1.0 265,1.0 
4,5.0 13,2.0 16,7.0 19,1.0 21,2.0 31,5.0 34,1.0 41,2.0 63,2.0 81,2.0 88,25.0 89,6.0 91,1.0 92,10.0 104,2.0 114,1.0 126,1.0 127,1.0 130,1.0 166,1.0 168,24.0 243,1.0 277,20.0 294,1.0 302,1.0 
8,1.0 13,1.0 16,2.0 21,2.0 23,1.0 31,18.0 35,1.0 36,3.0 37,3.0 42,2.0 47,1.0 61,2.0 76,2.0 81,2.0 85,1.0 88,1.0 89,2.0 90,6.0 91,1.0 93,8.0 144,2.0 179,1.0 
8,1.0 31,1.0 34,1.0 35,2.0 36,2.0 38,4.0 39,7.0 41,2.0 42,5.0 43,5.0 44,2.0 47,6.0 61,1.0 78,1.0 88,1.0 95,2.0 96,9.0 108,3.0 109,3.0 114,3.0 118,2.0 125,1.0 128,2.0 166,2.0 179,2.0 205,3.0 213,1.0 326,1.0 
8,2.0 35,2.0 40,2.0 41,4.0 42,2.0 43,2.0 44,2.0 47,1.0 78,3.0 85,1.0 94,2.0 96,4.0 119,1.0 126,1.0 129,3.0 153,1.0 164,1.0 175,1.0 
31,1.0 35,2.0 37,1.0 38,6.0 39,1.0 40,3.0 41,5.0 42,2.0 43,5.0 44,2.0 47,7.0 78,3.0 94,9.0 95,4.0 119,3.0 125,3.0 127,2.0 153,2.0 166,1.0 205,3.0 213,1.0 217,1.0 301,1.0 310,3.0 
8,2.0 24,3.0 32,3.0 38,2.0 43,1.0 47,1.0 52,20.0 54,3.0 55,3.0 56,4.0 57,5.0 58,62.0 65,2.0 78,7.0 96,1.0 97,34.0 98,28.0 100,29.0 101,48.0 102,25.0 103,25.0 108,3.0 109,1.0 110,20.0 111,4.0 112,4.0 119,1.0 125,1.0 126,4.0 129,3.0 130,3.0 137,2.0 153,4.0 163,1.0 165,2.0 166,1.0 171,3.0 173,1.0 177,18.0 181,11.0 182,25.0 183,10.0 184,15.0 190,18.0 195,1.0 202,43.0 203,5.0 204,1.0 205,1.0 212,1.0 213,1.0 214,1.0 216,1.0 218,3.0 327,3.0 
55,5.0 58,15.0 78,1.0 95,1.0 97,25.0 98,12.0 99,3.0 100,5.0 101,30.0 102,25.0 103,5.0 108,1.0 125,1.0 126,1.0 129,3.0 153,1.0 173,1.0 181,10.0 202,25.0 212,1.0 213,1.0 214,1.0 215,5.0 218,3.0 
39,1.0 49,3.0 50,3.0 52,19.0 53,18.0 59,18.0 94,1.0 99,8.0 100,3.0 102,18.0 108,2.0 129,2.0 189,1.0 190,1.0 202,18.0 205,2.0 
8,2.0 47,1.0 49,3.0 50,3.0 53,5.0 55,5.0 56,6.0 58,25.0 95,1.0 96,1.0 97,30.0 98,5.0 100,14.0 101,7.0 103,39.0 109,1.0 112,4.0 119,3.0 129,2.0 153,8.0 165,1.0 171,1.0 174,2.0 175,2.0 182,25.0 183,10.0 184,15.0 205,1.0 213,1.0 215,5.0 216,1.0 306,5.0 309,5.0 325,5.0 327,3.0 
8,2.0 40,1.0 52,3.0 55,13.0 56,2.0 57,14.0 58,43.0 65,8.0 78,17.0 95,1.0 97,43.0 98,30.0 100,7.0 101,25.0 102,25.0 103,13.0 108,2.0 111,2.0 112,2.0 119,1.0 125,1.0 126,3.0 129,3.0 130,3.0 135,2.0 137,8.0 138,1.0 153,1.0 163,4.0 165,1.0 166,1.0 173,1.0 181,10.0 202,69.0 203,17.0 204,1.0 205,1.0 209,1.0 211,2.0 212,1.0 213,1.0 214,1.0 215,5.0 218,3.0 
52,18.0 53,18.0 58,15.0 59,18.0 78,1.0 97,28.0 98,25.0 99,18.0 101,25.0 102,18.0 108,3.0 125,1.0 126,1.0 129,4.0 173,1.0 181,10.0 202,43.0 205,2.0 212,1.0 213,1.0 214,1.0 218,3.0 
38,1.0 40,1.0 47,7.0 53,13.0 55,13.0 56,18.0 57,5.0 58,71.0 65,4.0 66,1.0 76,6.0 95,1.0 96,1.0 97,25.0 98,5.0 100,39.0 101,15.0 103,29.0 104,2.0 105,2.0 106,2.0 108,1.0 109,1.0 111,17.0 112,2.0 119,6.0 126,2.0 129,2.0 130,16.0 138,5.0 153,8.0 163,1.0 165,1.0 166,1.0 171,2.0 174,2.0 175,2.0 182,41.0 183,10.0 184,43.0 185,2.0 205,1.0 213,1.0 215,5.0 216,1.0 221,2.0 223,4.0 282,1.0 302,1.0 306,5.0 309,13.0 320,1.0 323,1.0 324,2.0 325,5.0 327,3.0 330,2.0 
4,2.0 8,3.0 16,10.0 23,6.0 31,1.0 41,2.0 47,7.0 58,5.0 66,1.0 76,4.0 78,1.0 85,4.0 88,3.0 89,1.0 92,1.0 96,1.0 97,2.0 103,3.0 105,2.0 106,5.0 109,11.0 110,2.0 111,3.0 114,1.0 116,5.0 119,2.0 120,5.0 125,4.0 126,1.0 130,1.0 143,1.0 166,1.0 167,1.0 168,2.0 170,1.0 171,1.0 176,1.0 177,2.0 178,2.0 181,1.0 182,1.0 187,3.0 188,7.0 193,1.0 195,1.0 207,2.0 210,1.0 238,1.0 277,1.0 303,1.0 
4,1.0 8,5.0 12,1.0 16,5.0 19,11.0 21,1.0 23,4.0 25,2.0 31,2.0 34,1.0 35,2.0 39,2.0 42,10.0 43,10.0 47,8.0 52,2.0 56,1.0 58,5.0 64,2.0 76,1.0 88,2.0 89,2.0 91,3.0 97,2.0 103,3.0 104,2.0 106,4.0 109,13.0 110,2.0 114,5.0 118,4.0 119,1.0 120,1.0 124,9.0 125,1.0 126,1.0 128,3.0 153,2.0 171,1.0 177,2.0 182,1.0 187,1.0 188,1.0 190,2.0 210,3.0 222,3.0 266,2.0 322,2.0 331,1.0 
4,2.0 8,6.0 16,3.0 19,1.0 31,3.0 43,2.0 47,2.0 58,2.0 65,2.0 78,2.0 88,1.0 92,1.0 95,1.0 97,1.0 101,1.0 103,2.0 104,5.0 105,4.0 108,1.0 109,5.0 118,1.0 119,1.0 125,8.0 131,3.0 137,1.0 167,1.0 168,1.0 202,1.0 203,1.0 266,2.0 361,2.0 
40,2.0 41,1.0 55,2.0 95,1.0 108,2.0 109,2.0 215,1.0 311,2.0 318,1.0 
5,1.0 8,4.0 19,3.0 23,1.0 31,1.0 38,4.0 39,3.0 40,1.0 43,2.0 47,1.0 52,2.0 53,1.0 56,1.0 58,4.0 61,1.0 67,1.0 76,1.0 88,1.0 94,3.0 96,1.0 97,4.0 100,2.0 103,3.0 105,2.0 109,13.0 110,2.0 111,2.0 116,1.0 119,9.0 124,2.0 125,10.0 126,7.0 129,8.0 131,1.0 153,7.0 166,2.0 171,8.0 179,1.0 182,2.0 184,2.0 186,2.0 188,5.0 205,7.0 213,1.0 216,1.0 219,1.0 274,1.0 282,1.0 309,1.0 
4,1.0 8,3.0 12,1.0 16,3.0 23,5.0 38,6.0 39,11.0 40,2.0 41,1.0 42,4.0 43,11.0 47,23.0 52,4.0 58,7.0 59,2.0 61,4.0 63,1.0 64,3.0 65,1.0 66,1.0 67,2.0 76,4.0 78,2.0 81,3.0 88,1.0 93,2.0 94,5.0 96,4.0 97,3.0 101,1.0 103,3.0 104,10.0 105,11.0 106,7.0 108,13.0 109,1.0 110,2.0 111,7.0 114,3.0 116,3.0 117,1.0 118,2.0 119,15.0 121,2.0 124,2.0 125,26.0 126,14.0 128,2.0 129,2.0 130,4.0 137,1.0 143,2.0 153,2.0 166,2.0 170,1.0 171,6.0 177,2.0 179,2.0 182,1.0 184,2.0 186,1.0 188,27.0 190,2.0 191,1.0 202,3.0 203,3.0 205,5.0 207,1.0 221,2.0 222,2.0 273,3.0 274,1.0 287,1.0 304,1.0 322,2.0 
52,20.0 56,2.0 58,20.0 61,2.0 97,22.0 100,2.0 101,2.0 108,2.0 110,8.0 111,2.0 112,2.0 153,2.0 171,2.0 176,1.0 177,21.0 178,3.0 179,3.0 180,1.0 190,18.0 193,2.0 
38,2.0 43,1.0 52,2.0 56,3.0 58,42.0 96,1.0 97,6.0 100,2.0 101,4.0 103,18.0 109,2.0 110,2.0 111,14.0 112,2.0 119,3.0 126,1.0 177,18.0 181,1.0 182,5.0 184,13.0 185,1.0 188,2.0 190,18.0 195,1.0 202,2.0 203,1.0 302,1.0 323,1.0 324,1.0 
8,2.0 56,4.0 97,2.0 100,4.0 101,2.0 103,2.0 119,2.0 153,2.0 
8,5.0 27,2.0 47,1.0 49,19.0 50,3.0 60,1.0 76,4.0 78,5.0 81,4.0 113,1.0 114,3.0 115,4.0 116,7.0 121,1.0 127,2.0 135,1.0 137,1.0 139,1.0 140,2.0 264,1.0 281,1.0 285,1.0 342,3.0 355,1.0 
4,14.0 16,1.0 19,1.0 21,2.0 23,5.0 26,6.0 27,1.0 34,22.0 35,2.0 38,2.0 39,1.0 42,10.0 43,4.0 47,29.0 49,3.0 61,3.0 78,2.0 81,5.0 88,6.0 90,7.0 91,1.0 94,4.0 96,2.0 105,8.0 109,3.0 113,3.0 114,4.0 115,5.0 116,2.0 118,16.0 119,4.0 124,1.0 125,3.0 127,3.0 168,5.0 170,1.0 179,1.0 238,5.0 268,1.0 277,5.0 303,5.0 344,1.0 
8,3.0 37,1.0 41,2.0 47,1.0 76,2.0 78,1.0 116,1.0 127,7.0 168,1.0 
13,2.0 16,12.0 19,1.0 21,5.0 23,15.0 26,1.0 34,5.0 35,1.0 43,1.0 47,72.0 49,5.0 76,3.0 78,4.0 81,6.0 88,1.0 90,1.0 104,6.0 105,1.0 109,13.0 113,6.0 114,2.0 116,3.0 118,5.0 119,5.0 120,2.0 127,8.0 131,1.0 153,3.0 166,3.0 168,1.0 170,7.0 171,1.0 175,2.0 186,4.0 187,1.0 188,14.0 243,1.0 259,2.0 268,5.0 277,1.0 280,2.0 281,4.0 305,5.0 
4,2.0 13,16.0 19,2.0 39,1.0 43,3.0 56,2.0 85,4.0 100,2.0 103,2.0 110,1.0 112,1.0 124,4.0 131,2.0 166,1.0 167,4.0 174,1.0 177,1.0 178,1.0 192,5.0 193,1.0 238,2.0 243,4.0 
4,10.0 8,11.0 9,3.0 13,7.0 16,1.0 21,5.0 23,2.0 26,10.0 27,4.0 34,10.0 35,3.0 36,2.0 42,17.0 43,4.0 47,8.0 54,3.0 61,1.0 85,4.0 88,1.0 90,6.0 105,10.0 109,8.0 114,34.0 116,10.0 117,4.0 118,4.0 124,2.0 129,2.0 168,1.0 170,1.0 179,5.0 187,1.0 212,1.0 238,2.0 243,1.0 268,6.0 269,1.0 270,1.0 271,1.0 277,1.0 305,5.0 310,1.0 344,3.0 348,2.0 349,2.0 355,1.0 
8,1.0 16,2.0 38,8.0 39,1.0 40,4.0 41,5.0 43,2.0 53,1.0 56,1.0 58,6.0 61,1.0 63,1.0 64,2.0 66,3.0 67,3.0 76,3.0 78,3.0 81,2.0 94,3.0 96,1.0 97,2.0 100,1.0 103,2.0 104,8.0 105,3.0 106,2.0 108,14.0 109,17.0 110,1.0 111,3.0 116,1.0 120,4.0 125,4.0 126,8.0 129,2.0 130,3.0 153,7.0 165,1.0 166,7.0 167,2.0 171,6.0 172,1.0 173,1.0 176,1.0 177,3.0 178,1.0 179,1.0 181,1.0 182,3.0 183,1.0 186,2.0 188,19.0 190,2.0 205,2.0 206,1.0 207,2.0 213,1.0 216,1.0 217,1.0 220,1.0 221,2.0 223,1.0 273,3.0 274,1.0 280,2.0 281,4.0 282,1.0 287,1.0 302,4.0 309,1.0 327,2.0 328,1.0 
8,2.0 12,1.0 16,2.0 31,2.0 47,2.0 58,1.0 76,2.0 97,1.0 104,5.0 105,1.0 109,1.0 110,1.0 111,1.0 116,2.0 170,1.0 171,1.0 177,1.0 178,1.0 187,1.0 193,1.0 195,1.0 
19,2.0 21,1.0 26,1.0 34,1.0 54,1.0 76,1.0 81,1.0 91,2.0 106,2.0 109,2.0 113,1.0 130,1.0 139,1.0 283,1.0 
8,1.0 47,1.0 50,1.0 81,1.0 123,1.0 136,1.0 140,1.0 
8,2.0 13,1.0 23,1.0 81,1.0 91,1.0 93,1.0 122,1.0 162,1.0 
5,1.0 8,3.0 13,4.0 19,30.0 21,3.0 23,1.0 26,5.0 31,3.0 34,6.0 37,6.0 38,2.0 41,7.0 43,3.0 52,2.0 53,2.0 57,1.0 59,2.0 64,1.0 67,1.0 78,2.0 81,1.0 91,6.0 97,1.0 99,2.0 101,1.0 102,2.0 105,9.0 108,1.0 109,1.0 114,3.0 117,4.0 125,8.0 126,1.0 129,1.0 136,1.0 167,4.0 202,3.0 208,2.0 210,7.0 224,2.0 226,1.0 238,2.0 242,8.0 306,2.0 307,1.0 308,2.0 309,2.0 317,1.0 
4,1.0 5,1.0 8,3.0 19,3.0 23,1.0 31,1.0 38,10.0 39,4.0 40,5.0 41,11.0 43,2.0 47,3.0 52,2.0 53,1.0 56,1.0 58,2.0 59,2.0 61,1.0 65,4.0 66,1.0 67,4.0 76,1.0 78,10.0 81,1.0 93,1.0 94,2.0 95,1.0 96,5.0 97,1.0 101,3.0 103,1.0 104,3.0 106,7.0 108,8.0 109,25.0 119,4.0 124,8.0 125,1.0 126,14.0 128,2.0 129,2.0 130,2.0 131,3.0 137,3.0 143,1.0 169,1.0 188,1.0 202,5.0 203,5.0 205,10.0 208,2.0 216,1.0 219,1.0 222,2.0 223,1.0 242,1.0 282,1.0 306,1.0 307,1.0 308,1.0 309,2.0 
19,7.0 38,1.0 39,1.0 40,5.0 52,2.0 55,1.0 57,1.0 58,1.0 59,2.0 66,2.0 67,3.0 94,1.0 96,3.0 97,4.0 98,1.0 100,1.0 101,2.0 102,1.0 103,2.0 104,2.0 105,1.0 106,2.0 108,5.0 109,16.0 119,8.0 124,3.0 125,16.0 129,2.0 130,4.0 131,2.0 134,2.0 135,2.0 136,1.0 137,1.0 138,1.0 143,1.0 153,1.0 165,7.0 166,5.0 181,1.0 182,1.0 183,1.0 202,5.0 203,2.0 205,9.0 207,2.0 210,1.0 216,2.0 219,1.0 220,1.0 222,2.0 302,4.0 
4,6.0 8,1.0 16,1.0 23,4.0 26,2.0 42,1.0 43,1.0 47,3.0 49,3.0 61,2.0 63,1.0 64,2.0 76,11.0 81,1.0 88,1.0 90,1.0 113,3.0 114,2.0 116,8.0 125,1.0 127,3.0 128,1.0 167,1.0 168,12.0 180,1.0 205,1.0 207,2.0 212,1.0 277,5.0 316,5.0 353,1.0 
4,2.0 19,2.0 21,1.0 23,5.0 26,1.0 31,1.0 42,3.0 43,2.0 61,1.0 63,1.0 64,4.0 66,1.0 78,1.0 81,4.0 90,1.0 94,2.0 105,2.0 109,1.0 116,2.0 118,16.0 124,1.0 127,1.0 131,1.0 153,1.0 168,1.0 180,1.0 277,1.0 285,1.0 286,1.0 
8,7.0 13,2.0 26,1.0 40,1.0 47,2.0 55,1.0 76,1.0 78,1.0 95,3.0 98,1.0 100,1.0 101,1.0 103,1.0 106,1.0 108,8.0 109,5.0 119,3.0 124,2.0 125,4.0 126,7.0 143,1.0 153,5.0 165,2.0 166,2.0 173,1.0 179,2.0 205,5.0 212,1.0 213,1.0 214,1.0 215,1.0 216,4.0 302,1.0 
16,2.0 17,1.0 39,1.0 42,2.0 43,2.0 47,1.0 58,32.0 61,1.0 65,1.0 66,2.0 67,3.0 76,2.0 78,10.0 88,1.0 89,1.0 91,1.0 92,1.0 97,3.0 101,8.0 103,12.0 105,2.0 106,1.0 109,5.0 119,2.0 125,2.0 126,1.0 127,2.0 130,10.0 131,1.0 136,1.0 137,4.0 138,5.0 140,1.0 177,15.0 182,2.0 184,10.0 188,2.0 190,15.0 202,8.0 221,3.0 223,18.0 224,1.0 284,1.0 302,1.0 304,1.0 
38,1.0 55,1.0 56,1.0 57,1.0 65,1.0 66,1.0 81,1.0 94,1.0 95,1.0 100,1.0 101,1.0 103,2.0 106,3.0 116,1.0 117,4.0 125,3.0 126,2.0 137,1.0 138,1.0 166,4.0 171,1.0 173,2.0 174,1.0 192,3.0 205,3.0 213,1.0 214,1.0 
61,2.0 65,2.0 130,1.0 133,2.0 
61,2.0 65,2.0 130,1.0 132,2.0 
67,1.0 126,2.0 130,1.0 135,2.0 136,1.0 
60,1.0 67,1.0 78,2.0 126,2.0 130,1.0 134,2.0 136,1.0 264,1.0 281,1.0 285,1.0 355,1.0 
9,1.0 41,1.0 52,3.0 54,1.0 59,3.0 67,1.0 78,4.0 81,1.0 91,1.0 109,1.0 119,1.0 125,1.0 126,1.0 130,1.0 138,1.0 202,3.0 224,1.0 
17,1.0 31,1.0 38,2.0 39,1.0 41,3.0 43,1.0 52,12.0 58,5.0 59,12.0 65,2.0 76,1.0 78,2.0 89,1.0 97,4.0 101,7.0 109,3.0 122,1.0 124,2.0 125,7.0 126,5.0 130,4.0 136,3.0 137,5.0 140,1.0 163,2.0 165,1.0 166,1.0 169,1.0 202,21.0 223,2.0 225,7.0 
14,1.0 38,1.0 53,1.0 55,2.0 58,3.0 65,2.0 66,1.0 76,1.0 101,2.0 103,6.0 104,1.0 108,1.0 109,1.0 113,1.0 119,3.0 125,2.0 139,1.0 166,1.0 171,1.0 182,1.0 184,2.0 221,1.0 282,1.0 309,1.0 328,1.0 330,2.0 
19,2.0 21,1.0 26,1.0 34,1.0 54,1.0 91,2.0 109,2.0 113,1.0 121,3.0 137,1.0 
27,1.0 49,1.0 50,1.0 60,1.0 67,1.0 113,1.0 122,1.0 135,1.0 136,1.0 264,1.0 281,1.0 284,1.0 285,1.0 342,1.0 355,1.0 
43,1.0 76,1.0 142,1.0 
43,1.0 76,1.0 141,1.0 
16,1.0 88,1.0 89,1.0 93,2.0 104,1.0 109,2.0 125,1.0 
145,2.0 
146,2.0 
147,4.0 
23,2.0 90,2.0 148,2.0 
21,1.0 149,4.0 151,1.0 360,1.0 
22,2.0 151,2.0 
148,2.0 
19,1.0 148,2.0 152,2.0 
19,2.0 91,2.0 
16,2.0 19,1.0 26,2.0 38,2.0 40,5.0 47,5.0 53,1.0 95,1.0 96,2.0 100,1.0 103,1.0 104,6.0 105,2.0 108,7.0 109,4.0 119,14.0 120,2.0 126,3.0 129,5.0 143,1.0 165,1.0 166,3.0 171,7.0 175,2.0 186,2.0 188,5.0 205,2.0 213,2.0 216,2.0 217,1.0 238,2.0 287,1.0 302,2.0 306,1.0 309,1.0 325,1.0 
27,1.0 155,2.0 
16,1.0 19,1.0 27,1.0 90,1.0 156,1.0 157,1.0 170,1.0 191,1.0 
157,1.0 158,2.0 159,1.0 
156,1.0 158,1.0 159,1.0 
43,1.0 159,1.0 160,1.0 161,1.0 
43,1.0 158,1.0 160,1.0 
30,1.0 43,1.0 
123,1.0 162,1.0 
8,1.0 13,1.0 23,1.0 91,1.0 93,1.0 123,1.0 291,4.0 
6,1.0 40,1.0 55,1.0 58,2.0 65,1.0 78,2.0 97,1.0 101,4.0 103,1.0 106,1.0 119,1.0 125,1.0 126,2.0 130,1.0 131,2.0 138,1.0 202,3.0 205,1.0 220,1.0 223,1.0 
31,1.0 41,1.0 88,1.0 89,1.0 116,1.0 235,1.0 340,1.0 341,1.0 
8,1.0 19,4.0 97,1.0 98,1.0 101,1.0 102,1.0 104,1.0 106,1.0 119,2.0 124,1.0 126,8.0 129,1.0 130,1.0 153,1.0 166,4.0 167,1.0 179,1.0 181,1.0 202,1.0 205,2.0 238,4.0 302,1.0 
4,1.0 38,4.0 39,3.0 42,2.0 43,6.0 47,2.0 55,1.0 63,1.0 64,2.0 66,2.0 94,1.0 97,1.0 98,1.0 101,1.0 102,1.0 104,3.0 106,1.0 107,1.0 108,3.0 109,2.0 117,1.0 119,7.0 124,1.0 126,5.0 127,3.0 129,1.0 130,1.0 131,3.0 153,2.0 165,4.0 167,2.0 171,5.0 181,1.0 182,1.0 183,1.0 184,1.0 185,1.0 186,1.0 188,1.0 202,1.0 205,2.0 207,6.0 210,1.0 213,5.0 214,1.0 215,1.0 221,1.0 261,2.0 302,2.0 311,1.0 321,1.0 326,1.0 328,1.0 
4,1.0 8,1.0 13,6.0 16,2.0 19,4.0 21,2.0 31,2.0 34,2.0 76,1.0 88,1.0 92,1.0 104,1.0 106,1.0 109,1.0 117,4.0 119,1.0 124,4.0 168,1.0 188,1.0 207,1.0 238,2.0 243,2.0 
4,9.0 8,2.0 13,3.0 16,8.0 19,2.0 23,2.0 31,5.0 34,1.0 35,1.0 37,1.0 41,3.0 42,1.0 43,1.0 47,1.0 63,3.0 64,2.0 66,2.0 78,1.0 85,2.0 88,27.0 90,1.0 91,1.0 92,23.0 94,1.0 104,2.0 114,7.0 115,1.0 116,2.0 118,1.0 125,1.0 126,1.0 127,12.0 128,1.0 131,1.0 166,1.0 168,23.0 205,1.0 238,5.0 243,1.0 268,1.0 277,51.0 294,1.0 302,1.0 303,5.0 316,26.0 
40,1.0 61,1.0 125,1.0 
16,4.0 19,1.0 23,5.0 47,1.0 88,1.0 90,1.0 105,1.0 116,2.0 127,2.0 171,1.0 187,1.0 191,1.0 258,2.0 
12,1.0 16,1.0 23,1.0 38,1.0 40,1.0 47,1.0 64,1.0 94,1.0 96,1.0 105,2.0 108,8.0 109,8.0 117,1.0 119,9.0 130,1.0 131,1.0 153,7.0 166,4.0 170,1.0 172,1.0 173,1.0 186,2.0 187,2.0 188,6.0 198,1.0 213,2.0 274,1.0 302,1.0 
117,1.0 131,1.0 173,1.0 
55,1.0 98,1.0 100,1.0 101,1.0 103,1.0 117,3.0 129,1.0 131,3.0 172,1.0 192,2.0 214,1.0 215,1.0 
56,2.0 100,2.0 103,2.0 153,2.0 175,2.0 
76,2.0 78,1.0 95,1.0 104,2.0 114,1.0 119,2.0 153,2.0 186,2.0 
110,1.0 177,1.0 178,1.0 179,1.0 180,1.0 
35,1.0 52,18.0 58,51.0 61,3.0 97,18.0 108,2.0 109,2.0 110,21.0 111,18.0 119,2.0 130,15.0 153,2.0 171,2.0 176,1.0 177,16.0 178,4.0 179,3.0 180,1.0 188,2.0 190,51.0 193,3.0 221,3.0 222,6.0 223,6.0 
35,1.0 61,3.0 110,3.0 176,1.0 177,4.0 179,3.0 180,1.0 193,3.0 
8,3.0 13,6.0 19,2.0 31,3.0 35,4.0 36,1.0 37,1.0 39,1.0 40,4.0 41,1.0 42,1.0 43,1.0 47,1.0 61,5.0 85,1.0 88,1.0 94,3.0 95,1.0 96,1.0 108,1.0 109,1.0 129,2.0 165,1.0 180,1.0 194,2.0 238,2.0 
35,1.0 61,1.0 76,1.0 118,1.0 128,3.0 179,1.0 216,2.0 
38,1.0 58,1.0 96,1.0 97,11.0 98,10.0 101,10.0 102,10.0 111,1.0 129,2.0 173,1.0 181,4.0 202,10.0 212,1.0 213,1.0 214,1.0 
39,2.0 42,1.0 47,7.0 56,5.0 58,43.0 66,1.0 76,2.0 94,1.0 97,25.0 100,25.0 103,41.0 109,1.0 111,5.0 119,4.0 126,1.0 129,1.0 130,2.0 138,1.0 153,2.0 165,1.0 171,3.0 182,14.0 183,12.0 184,19.0 185,4.0 186,1.0 188,1.0 197,1.0 205,1.0 216,1.0 221,2.0 302,1.0 320,1.0 327,5.0 
39,1.0 58,10.0 94,1.0 97,10.0 100,10.0 103,10.0 129,1.0 153,2.0 165,1.0 171,1.0 182,12.0 183,4.0 184,2.0 185,2.0 186,1.0 205,1.0 216,1.0 
39,2.0 42,1.0 47,1.0 56,2.0 58,43.0 94,1.0 97,15.0 100,15.0 103,43.0 108,1.0 109,1.0 111,12.0 119,1.0 130,14.0 138,2.0 171,4.0 182,19.0 183,2.0 184,13.0 185,6.0 186,1.0 188,1.0 197,1.0 221,2.0 223,4.0 323,1.0 324,2.0 327,3.0 330,2.0 
39,2.0 42,1.0 58,2.0 94,1.0 103,2.0 111,1.0 171,2.0 182,4.0 183,2.0 184,6.0 186,1.0 188,1.0 197,1.0 
16,1.0 47,3.0 76,4.0 108,2.0 116,1.0 131,1.0 153,2.0 166,1.0 171,2.0 175,2.0 187,1.0 188,1.0 213,1.0 274,1.0 
35,3.0 42,3.0 52,2.0 85,2.0 88,2.0 92,2.0 99,1.0 104,1.0 105,1.0 109,1.0 116,2.0 119,1.0 120,1.0 128,1.0 168,2.0 170,1.0 188,2.0 189,2.0 190,2.0 198,1.0 199,1.0 213,1.0 277,2.0 
4,1.0 16,2.0 23,3.0 38,3.0 39,1.0 41,1.0 47,11.0 52,1.0 58,3.0 61,1.0 63,1.0 64,1.0 76,3.0 94,3.0 99,1.0 103,1.0 104,7.0 105,2.0 108,5.0 109,28.0 111,3.0 116,3.0 119,17.0 130,1.0 153,2.0 166,1.0 167,1.0 171,3.0 177,2.0 179,1.0 182,1.0 187,2.0 189,1.0 190,3.0 191,2.0 198,1.0 207,1.0 273,3.0 281,2.0 287,2.0 
39,2.0 42,1.0 52,2.0 94,1.0 99,1.0 190,2.0 199,1.0 
39,2.0 42,1.0 52,20.0 57,2.0 58,53.0 60,2.0 94,1.0 97,18.0 99,1.0 108,2.0 109,2.0 110,18.0 111,18.0 119,2.0 130,15.0 153,2.0 171,2.0 177,51.0 188,2.0 189,2.0 190,16.0 199,1.0 221,3.0 222,6.0 223,6.0 
16,27.0 19,1.0 30,2.0 35,2.0 61,1.0 76,5.0 88,44.0 90,1.0 116,1.0 131,1.0 170,1.0 173,1.0 191,20.0 201,5.0 
13,2.0 56,1.0 100,1.0 103,1.0 110,1.0 112,1.0 117,4.0 177,2.0 178,2.0 193,2.0 243,2.0 
35,1.0 61,3.0 110,2.0 177,3.0 178,3.0 179,2.0 
16,1.0 35,2.0 56,1.0 88,2.0 100,1.0 103,1.0 112,1.0 127,1.0 168,2.0 191,2.0 277,2.0 316,2.0 
38,1.0 43,1.0 58,1.0 97,1.0 111,1.0 
26,2.0 37,3.0 182,1.0 184,1.0 185,1.0 197,1.0 
171,1.0 182,1.0 184,1.0 185,1.0 188,1.0 
52,1.0 187,1.0 189,1.0 190,1.0 199,1.0 
39,1.0 42,1.0 52,1.0 189,1.0 190,1.0 
16,1.0 36,1.0 88,1.0 191,1.0 201,1.0 
16,6.0 88,6.0 191,6.0 201,2.0 
52,51.0 53,18.0 57,7.0 58,43.0 59,51.0 65,4.0 78,22.0 97,43.0 98,25.0 99,18.0 101,69.0 102,43.0 108,4.0 109,2.0 111,2.0 125,3.0 126,6.0 129,4.0 130,6.0 135,2.0 136,2.0 137,20.0 163,3.0 165,1.0 166,1.0 173,1.0 181,10.0 202,37.0 203,35.0 204,1.0 205,3.0 209,1.0 211,2.0 212,1.0 213,1.0 214,1.0 218,3.0 223,2.0 224,4.0 225,4.0 
52,18.0 57,1.0 58,13.0 59,18.0 97,5.0 101,18.0 109,2.0 111,1.0 125,2.0 126,3.0 165,1.0 166,1.0 202,36.0 203,14.0 209,1.0 211,1.0 
126,1.0 131,1.0 205,1.0 
8,2.0 13,1.0 31,1.0 38,3.0 39,1.0 40,4.0 41,2.0 47,1.0 53,1.0 55,1.0 57,1.0 58,2.0 65,1.0 78,1.0 94,3.0 96,3.0 97,2.0 98,2.0 100,1.0 101,3.0 102,2.0 103,2.0 108,7.0 109,4.0 114,3.0 119,1.0 124,4.0 125,9.0 126,5.0 129,5.0 131,2.0 138,1.0 153,2.0 165,2.0 171,1.0 202,2.0 214,1.0 216,3.0 219,1.0 238,8.0 242,1.0 306,1.0 309,1.0 325,1.0 
43,1.0 109,1.0 119,1.0 126,1.0 
16,1.0 47,1.0 55,2.0 63,1.0 76,1.0 88,1.0 92,1.0 104,2.0 107,2.0 109,2.0 114,1.0 119,1.0 125,1.0 126,1.0 166,2.0 167,1.0 168,2.0 182,2.0 183,1.0 184,2.0 185,2.0 188,1.0 210,1.0 215,1.0 238,3.0 261,2.0 277,2.0 287,1.0 303,1.0 311,2.0 318,1.0 
41,2.0 114,1.0 124,2.0 125,2.0 
124,1.0 210,1.0 
5,1.0 8,3.0 16,1.0 19,9.0 23,2.0 31,5.0 78,1.0 88,1.0 90,1.0 91,6.0 104,1.0 105,3.0 108,1.0 114,1.0 124,7.0 125,1.0 168,1.0 207,1.0 238,3.0 257,3.0 267,1.0 277,1.0 303,1.0 
57,1.0 58,1.0 101,1.0 108,1.0 202,1.0 205,1.0 
16,1.0 76,1.0 114,1.0 126,1.0 129,1.0 165,1.0 166,1.0 213,1.0 
8,1.0 26,1.0 31,1.0 38,2.0 39,1.0 94,1.0 96,1.0 108,1.0 119,2.0 126,1.0 129,1.0 131,1.0 153,2.0 165,1.0 166,9.0 171,2.0 186,1.0 207,5.0 212,1.0 261,2.0 287,1.0 302,1.0 310,2.0 326,1.0 
55,1.0 98,1.0 100,1.0 101,1.0 103,1.0 124,1.0 125,1.0 129,1.0 173,1.0 205,1.0 215,1.0 
40,1.0 55,6.0 95,2.0 98,5.0 100,5.0 101,5.0 103,5.0 107,1.0 129,1.0 153,1.0 215,2.0 311,1.0 
8,6.0 47,1.0 53,1.0 65,1.0 76,2.0 78,2.0 100,1.0 103,1.0 108,1.0 119,1.0 128,3.0 129,4.0 153,2.0 171,1.0 180,2.0 205,3.0 219,1.0 306,1.0 309,1.0 325,1.0 
38,1.0 108,1.0 119,1.0 129,1.0 153,1.0 
58,2.0 78,1.0 97,2.0 98,2.0 101,2.0 102,2.0 202,2.0 
47,1.0 65,1.0 78,1.0 163,1.0 205,1.0 216,1.0 
40,1.0 66,1.0 119,1.0 126,1.0 
58,6.0 66,1.0 67,1.0 103,6.0 108,1.0 119,1.0 125,1.0 130,7.0 184,6.0 222,1.0 223,3.0 
38,1.0 41,1.0 58,9.0 67,1.0 109,1.0 119,2.0 130,9.0 177,9.0 188,1.0 190,9.0 225,2.0 
39,3.0 43,5.0 58,13.0 101,1.0 103,4.0 105,3.0 109,8.0 119,5.0 130,3.0 136,1.0 137,2.0 177,6.0 182,2.0 184,4.0 188,3.0 190,6.0 202,1.0 221,2.0 222,6.0 224,1.0 225,3.0 327,2.0 
52,6.0 59,6.0 109,1.0 125,1.0 126,1.0 136,1.0 137,6.0 202,6.0 
38,2.0 41,3.0 52,4.0 59,4.0 109,2.0 124,2.0 125,5.0 126,2.0 163,1.0 202,4.0 224,4.0 
227,1.0 
228,1.0 
229,1.0 
230,1.0 
231,1.0 
232,1.0 233,1.0 234,1.0 
223,1.0 233,1.0 234,1.0 
223,1.0 232,1.0 234,1.0 
223,1.0 232,1.0 233,1.0 
6,1.0 47,1.0 78,1.0 116,1.0 164,1.0 236,1.0 237,1.0 340,1.0 341,1.0 
6,1.0 47,1.0 78,1.0 235,1.0 237,1.0 
6,1.0 47,1.0 78,1.0 235,1.0 236,1.0 
13,4.0 16,1.0 19,68.0 21,12.0 23,1.0 31,8.0 88,5.0 90,1.0 91,6.0 114,5.0 117,8.0 118,14.0 124,12.0 126,4.0 165,4.0 167,8.0 168,9.0 210,4.0 238,4.0 240,2.0 241,6.0 243,2.0 244,2.0 245,2.0 249,1.0 268,1.0 277,5.0 303,5.0 
8,1.0 14,2.0 31,2.0 47,1.0 238,2.0 
19,2.0 31,4.0 238,6.0 241,6.0 243,2.0 
19,7.0 23,5.0 26,3.0 31,9.0 48,5.0 238,10.0 240,6.0 243,2.0 244,2.0 254,2.0 255,2.0 
19,7.0 26,5.0 34,3.0 37,4.0 91,3.0 114,2.0 124,8.0 306,1.0 308,1.0 309,1.0 317,1.0 
13,1.0 19,2.0 21,7.0 26,10.0 38,2.0 40,2.0 89,2.0 92,2.0 116,1.0 131,1.0 153,2.0 165,2.0 167,2.0 168,1.0 179,1.0 205,5.0 207,2.0 238,29.0 240,2.0 241,6.0 244,2.0 246,2.0 247,2.0 248,2.0 249,2.0 277,1.0 
19,2.0 238,2.0 241,2.0 
23,1.0 31,1.0 48,1.0 118,2.0 238,2.0 
21,2.0 
26,2.0 
26,2.0 
19,1.0 238,4.0 243,1.0 256,2.0 
19,1.0 21,1.0 251,1.0 
91,1.0 
34,1.0 253,1.0 
19,1.0 34,1.0 238,1.0 
26,2.0 241,2.0 255,2.0 
26,2.0 241,2.0 254,2.0 
15,1.0 42,1.0 168,1.0 238,2.0 249,2.0 299,1.0 
8,2.0 23,1.0 31,2.0 90,4.0 91,3.0 210,3.0 267,1.0 
23,2.0 238,1.0 
130,1.0 170,2.0 
19,1.0 26,1.0 238,1.0 
8,1.0 31,1.0 55,1.0 107,1.0 182,1.0 184,1.0 185,1.0 207,2.0 311,1.0 318,1.0 
8,1.0 
26,1.0 
26,1.0 60,1.0 135,1.0 281,1.0 285,1.0 355,1.0 
4,1.0 26,1.0 
8,2.0 31,2.0 105,2.0 106,2.0 
23,1.0 90,1.0 210,1.0 257,1.0 
4,1.0 13,1.0 21,5.0 23,15.0 26,16.0 34,18.0 61,1.0 90,14.0 104,1.0 109,1.0 114,1.0 116,6.0 118,6.0 168,1.0 188,1.0 243,1.0 268,8.0 277,1.0 305,5.0 
4,1.0 270,1.0 271,1.0 
4,1.0 269,1.0 271,1.0 
4,1.0 269,1.0 270,1.0 
273,1.0 
9,1.0 10,1.0 11,1.0 39,1.0 43,1.0 166,1.0 223,3.0 
47,1.0 76,1.0 108,1.0 116,1.0 138,1.0 186,1.0 
137,1.0 
136,1.0 
13,1.0 23,2.0 35,1.0 41,3.0 42,1.0 43,1.0 63,1.0 88,24.0 90,1.0 92,20.0 94,1.0 104,2.0 114,5.0 116,1.0 118,1.0 125,1.0 126,1.0 127,5.0 131,1.0 166,1.0 168,52.0 205,1.0 238,5.0 243,1.0 268,1.0 277,22.0 294,1.0 302,1.0 303,5.0 316,26.0 
41,2.0 66,1.0 76,2.0 279,2.0 
41,2.0 66,1.0 76,2.0 114,1.0 278,2.0 
64,1.0 66,1.0 67,1.0 119,2.0 281,2.0 
16,2.0 60,1.0 64,1.0 66,1.0 67,1.0 76,2.0 119,4.0 135,1.0 188,2.0 264,1.0 280,2.0 285,1.0 355,1.0 
53,2.0 76,2.0 103,2.0 121,1.0 131,1.0 166,1.0 283,1.0 309,2.0 
121,1.0 130,1.0 
67,1.0 140,1.0 
42,1.0 60,1.0 127,1.0 135,1.0 264,1.0 281,1.0 286,1.0 355,1.0 
42,1.0 127,1.0 285,1.0 
92,1.0 109,1.0 168,1.0 188,2.0 191,2.0 207,1.0 277,1.0 
289,2.0 
290,2.0 
162,2.0 
146,2.0 292,2.0 
293,2.0 
162,2.0 
295,1.0 
296,1.0 
16,1.0 151,1.0 297,1.0 359,1.0 
50,1.0 298,1.0 
13,1.0 50,1.0 256,1.0 296,1.0 299,2.0 358,1.0 
15,1.0 42,1.0 154,1.0 256,1.0 
298,1.0 
43,1.0 88,1.0 92,1.0 277,1.0 
58,1.0 66,1.0 97,1.0 100,1.0 103,1.0 104,1.0 105,1.0 108,1.0 119,4.0 126,4.0 153,1.0 166,2.0 171,1.0 182,1.0 183,1.0 207,1.0 210,1.0 
23,1.0 88,5.0 90,1.0 114,5.0 118,1.0 168,5.0 238,5.0 268,1.0 277,5.0 303,2.0 
38,1.0 41,1.0 109,1.0 
13,1.0 21,5.0 34,5.0 116,5.0 118,5.0 168,1.0 243,1.0 268,5.0 277,1.0 305,2.0 
53,5.0 96,1.0 100,5.0 103,5.0 153,1.0 166,2.0 213,5.0 306,2.0 307,2.0 308,4.0 309,9.0 310,2.0 317,2.0 325,5.0 
213,2.0 306,2.0 308,2.0 309,2.0 310,2.0 
166,2.0 213,4.0 306,4.0 307,2.0 309,4.0 310,2.0 317,2.0 
38,1.0 53,13.0 56,5.0 76,4.0 96,1.0 100,5.0 103,13.0 119,1.0 138,1.0 153,1.0 166,3.0 213,5.0 282,1.0 306,9.0 307,2.0 308,4.0 309,4.0 310,2.0 317,2.0 325,5.0 
8,1.0 47,1.0 96,3.0 114,2.0 127,2.0 166,2.0 207,2.0 213,2.0 
40,2.0 41,1.0 55,2.0 95,1.0 107,2.0 215,1.0 318,1.0 
117,1.0 131,2.0 173,1.0 313,1.0 314,2.0 315,2.0 
131,1.0 173,1.0 312,1.0 314,1.0 315,1.0 
117,1.0 131,2.0 173,1.0 312,2.0 313,1.0 315,2.0 
117,1.0 131,2.0 173,1.0 312,2.0 313,1.0 314,2.0 
35,1.0 41,1.0 42,1.0 43,1.0 125,1.0 127,5.0 168,26.0 205,1.0 277,26.0 316,12.0 
166,2.0 213,2.0 306,2.0 308,2.0 309,2.0 
40,1.0 41,1.0 55,1.0 107,1.0 311,1.0 
85,1.0 306,1.0 308,1.0 309,1.0 317,1.0 
108,1.0 119,1.0 125,1.0 
42,1.0 119,1.0 166,1.0 188,1.0 
43,2.0 105,2.0 109,2.0 
105,1.0 120,1.0 
56,1.0 58,1.0 103,1.0 108,1.0 171,1.0 184,1.0 
53,5.0 96,1.0 100,5.0 103,5.0 153,1.0 213,1.0 306,5.0 309,5.0 325,2.0 
39,1.0 153,1.0 166,1.0 171,1.0 213,1.0 
47,1.0 58,4.0 97,2.0 100,2.0 103,2.0 119,2.0 182,4.0 184,2.0 221,2.0 
38,1.0 63,1.0 119,1.0 166,1.0 
109,1.0 166,1.0 171,1.0 
58,2.0 103,2.0 130,2.0 184,2.0 
332,1.0 
333,1.0 
334,1.0 
335,1.0 
336,1.0 
337,1.0 338,1.0 339,1.0 
138,1.0 338,1.0 339,1.0 
138,1.0 337,1.0 339,1.0 
138,1.0 337,1.0 338,1.0 
116,1.0 164,1.0 235,1.0 341,1.0 
116,1.0 164,1.0 235,1.0 340,1.0 
8,1.0 16,1.0 27,2.0 49,3.0 50,3.0 60,1.0 113,3.0 135,1.0 140,2.0 264,1.0 281,1.0 285,1.0 342,1.0 355,1.0 
8,3.0 16,2.0 19,1.0 47,1.0 344,3.0 
8,5.0 16,7.0 19,1.0 47,4.0 114,3.0 116,5.0 343,3.0 345,1.0 348,2.0 349,2.0 354,5.0 
8,1.0 47,1.0 344,1.0 
8,1.0 16,1.0 81,1.0 116,1.0 354,1.0 
114,1.0 
114,2.0 344,2.0 349,2.0 
114,2.0 344,2.0 348,2.0 
8,3.0 
8,1.0 116,2.0 
13,2.0 
76,1.0 
16,6.0 116,7.0 344,5.0 346,1.0 
42,2.0 49,1.0 50,1.0 56,2.0 57,1.0 60,1.0 113,1.0 114,1.0 135,1.0 264,1.0 281,1.0 285,1.0 342,1.0 
114,1.0 
298,1.0 
298,1.0 
296,1.0 
148,1.0 
42,2.0 43,2.0 355,2.0 
