1,13.0 2,4.0 4,1.0 5,2.0 9,2.0 12,3.0 25,1.0 38,2.0 67,1.0 70,2.0 103,2.0 118,1.0 139,1.0 167,1.0 171,1.0 
0,1.0 2,7.0 3,1.0 4,3.0 5,3.0 8,3.0 9,3.0 13,2.0 17,2.0 19,2.0 29,14.0 30,1.0 33,9.0 36,9.0 49,2.0 50,2.0 58,1.0 59,1.0 65,1.0 70,9.0 80,1.0 103,2.0 105,1.0 118,1.0 121,2.0 156,1.0 167,2.0 195,5.0 225,1.0 269,2.0 270,1.0 271,1.0 
0,5.0 1,1.0 3,6.0 5,2.0 9,1.0 12,3.0 26,2.0 30,1.0 37,1.0 38,2.0 41,1.0 71,2.0 82,1.0 99,1.0 103,1.0 119,2.0 160,2.0 163,1.0 167,1.0 194,1.0 224,1.0 
0,6.0 1,1.0 29,3.0 139,2.0 159,2.0 
1,1.0 4,24.0 5,21.0 6,3.0 7,3.0 8,63.0 9,16.0 25,2.0 29,17.0 30,2.0 33,23.0 34,2.0 36,6.0 37,4.0 38,3.0 40,8.0 42,30.0 44,7.0 45,3.0 47,12.0 48,4.0 50,1.0 53,3.0 54,5.0 55,10.0 56,6.0 57,9.0 58,14.0 59,12.0 60,2.0 61,2.0 62,2.0 64,3.0 73,6.0 80,12.0 81,6.0 84,6.0 86,3.0 87,3.0 90,2.0 91,6.0 92,6.0 104,8.0 108,2.0 144,8.0 167,2.0 168,2.0 218,1.0 245,3.0 246,3.0 
0,2.0 1,4.0 4,18.0 5,18.0 6,3.0 7,3.0 8,7.0 9,39.0 12,3.0 13,1.0 25,1.0 29,10.0 30,6.0 33,6.0 34,2.0 36,10.0 37,3.0 38,26.0 39,5.0 40,8.0 41,4.0 43,3.0 44,4.0 47,6.0 52,2.0 58,6.0 59,2.0 63,3.0 70,1.0 81,2.0 84,3.0 87,2.0 89,2.0 90,3.0 91,4.0 92,4.0 93,2.0 94,2.0 105,3.0 118,1.0 124,2.0 139,2.0 140,2.0 141,2.0 142,2.0 161,2.0 181,11.0 195,2.0 198,2.0 199,1.0 210,1.0 211,1.0 224,3.0 
0,4.0 1,1.0 7,5.0 10,3.0 11,4.0 49,3.0 53,3.0 65,3.0 66,3.0 107,4.0 111,2.0 129,2.0 130,2.0 
0,3.0 6,5.0 11,5.0 33,2.0 45,2.0 47,2.0 48,2.0 52,2.0 65,1.0 68,1.0 69,2.0 95,1.0 107,2.0 111,2.0 113,2.0 115,1.0 117,2.0 129,2.0 130,2.0 213,1.0 214,1.0 
4,56.0 5,4.0 8,23.0 9,17.0 10,3.0 11,6.0 18,1.0 22,2.0 29,9.0 36,1.0 38,3.0 42,33.0 45,5.0 46,5.0 47,11.0 53,3.0 54,5.0 55,10.0 56,6.0 57,9.0 58,16.0 59,12.0 60,2.0 61,2.0 62,2.0 63,4.0 64,2.0 102,2.0 125,2.0 126,2.0 127,2.0 
0,1.0 1,4.0 4,12.0 5,32.0 8,17.0 9,18.0 10,3.0 11,3.0 13,1.0 25,4.0 29,6.0 30,10.0 33,16.0 34,2.0 36,9.0 37,4.0 38,23.0 39,2.0 40,10.0 42,3.0 44,4.0 47,3.0 48,8.0 58,6.0 59,2.0 80,16.0 84,4.0 103,1.0 104,4.0 105,2.0 108,2.0 109,4.0 120,2.0 139,2.0 140,2.0 141,2.0 142,2.0 144,4.0 161,2.0 167,2.0 168,2.0 181,8.0 226,4.0 227,2.0 247,4.0 248,1.0 249,1.0 250,1.0 251,1.0 252,1.0 253,1.0 254,1.0 
0,3.0 6,3.0 11,6.0 23,3.0 24,3.0 25,3.0 30,2.0 39,2.0 44,3.0 46,3.0 49,3.0 53,3.0 65,3.0 66,3.0 75,2.0 197,2.0 
0,4.0 1,1.0 4,3.0 6,4.0 7,5.0 10,6.0 23,3.0 24,3.0 25,3.0 33,4.0 47,3.0 48,4.0 51,2.0 65,1.0 68,2.0 107,6.0 111,2.0 117,2.0 129,2.0 130,2.0 175,2.0 176,2.0 213,1.0 214,1.0 225,1.0 
12,3.0 13,3.0 27,3.0 29,7.0 35,1.0 36,2.0 38,1.0 40,3.0 42,11.0 43,8.0 47,2.0 48,3.0 51,4.0 52,2.0 53,4.0 63,2.0 65,3.0 72,2.0 73,2.0 74,1.0 75,2.0 76,1.0 80,2.0 93,1.0 95,2.0 110,1.0 115,3.0 116,1.0 117,2.0 124,1.0 145,1.0 146,1.0 148,1.0 153,1.0 183,1.0 195,2.0 196,2.0 197,1.0 198,1.0 199,1.0 200,1.0 201,1.0 202,1.0 203,1.0 204,1.0 205,1.0 206,1.0 221,1.0 
5,2.0 7,1.0 9,2.0 14,3.0 17,1.0 20,3.0 21,3.0 22,3.0 29,6.0 30,1.0 33,6.0 36,5.0 38,2.0 39,2.0 43,1.0 44,3.0 45,2.0 47,16.0 50,8.0 51,10.0 52,10.0 53,5.0 65,1.0 67,1.0 70,2.0 95,1.0 115,1.0 140,2.0 167,1.0 177,1.0 187,1.0 195,1.0 233,1.0 
15,3.0 
16,3.0 17,3.0 
15,3.0 
13,1.0 18,7.0 33,4.0 58,1.0 70,1.0 102,2.0 114,2.0 140,1.0 143,1.0 167,1.0 168,4.0 
5,1.0 12,3.0 13,3.0 17,4.0 19,3.0 29,1.0 33,2.0 35,1.0 102,2.0 110,1.0 114,2.0 115,1.0 116,1.0 118,4.0 143,1.0 158,2.0 169,2.0 
1,2.0 13,2.0 17,5.0 31,1.0 33,2.0 35,1.0 48,2.0 50,1.0 58,2.0 59,1.0 64,1.0 68,2.0 95,1.0 103,2.0 115,3.0 116,2.0 139,2.0 180,1.0 232,1.0 233,2.0 
10,3.0 11,3.0 21,3.0 22,3.0 23,3.0 24,3.0 
10,3.0 11,3.0 20,3.0 22,3.0 23,3.0 24,3.0 
10,3.0 11,3.0 20,3.0 21,3.0 23,3.0 24,3.0 99,1.0 125,3.0 126,2.0 127,2.0 128,2.0 129,2.0 167,1.0 255,1.0 256,1.0 257,1.0 258,1.0 259,1.0 
10,3.0 11,3.0 24,3.0 25,3.0 
10,3.0 11,3.0 23,3.0 25,3.0 35,3.0 36,3.0 37,3.0 
0,1.0 1,1.0 2,1.0 13,2.0 26,12.0 34,2.0 36,3.0 58,1.0 70,1.0 103,1.0 118,3.0 120,2.0 143,2.0 158,2.0 167,2.0 168,2.0 
2,2.0 4,1.0 5,1.0 27,6.0 29,3.0 30,3.0 33,3.0 34,3.0 37,1.0 38,7.0 40,7.0 41,1.0 44,1.0 64,1.0 71,9.0 82,1.0 99,1.0 119,2.0 160,2.0 163,1.0 194,1.0 224,1.0 
28,6.0 42,3.0 
25,6.0 38,3.0 
1,1.0 2,1.0 4,17.0 5,8.0 8,11.0 9,4.0 11,1.0 12,7.0 13,7.0 25,2.0 28,3.0 29,18.0 30,14.0 31,3.0 32,3.0 33,28.0 34,2.0 35,1.0 36,43.0 37,6.0 38,6.0 40,18.0 42,7.0 43,2.0 46,1.0 47,18.0 48,4.0 49,3.0 50,6.0 51,7.0 52,7.0 54,5.0 56,6.0 57,9.0 58,3.0 68,4.0 70,4.0 72,4.0 73,4.0 74,3.0 75,4.0 76,3.0 77,3.0 78,3.0 79,3.0 80,10.0 81,2.0 84,3.0 87,2.0 89,2.0 90,3.0 91,8.0 92,8.0 93,3.0 94,2.0 95,2.0 103,2.0 104,4.0 105,1.0 110,1.0 113,1.0 115,3.0 116,1.0 117,2.0 120,2.0 144,4.0 162,1.0 176,1.0 183,1.0 188,1.0 189,1.0 195,27.0 196,2.0 197,1.0 198,3.0 200,1.0 201,1.0 202,1.0 203,1.0 204,1.0 205,1.0 206,1.0 224,6.0 225,2.0 226,3.0 227,3.0 228,3.0 269,2.0 270,1.0 271,1.0 
0,1.0 2,1.0 4,4.0 5,6.0 9,14.0 13,1.0 29,16.0 30,6.0 31,3.0 32,3.0 33,10.0 34,3.0 36,6.0 38,4.0 39,1.0 40,1.0 41,2.0 46,1.0 47,2.0 48,4.0 50,1.0 58,2.0 59,2.0 80,2.0 84,1.0 90,1.0 91,2.0 92,2.0 105,3.0 109,2.0 198,1.0 226,2.0 227,3.0 228,1.0 247,2.0 
25,3.0 32,3.0 35,1.0 64,2.0 95,1.0 115,1.0 
25,3.0 31,3.0 35,2.0 38,1.0 42,1.0 69,1.0 95,1.0 115,2.0 124,1.0 181,2.0 198,1.0 
1,9.0 4,19.0 5,4.0 7,2.0 9,16.0 11,4.0 13,12.0 24,3.0 29,30.0 30,8.0 33,21.0 34,25.0 35,3.0 36,10.0 37,9.0 38,2.0 40,21.0 42,1.0 43,5.0 45,4.0 47,39.0 48,38.0 49,3.0 50,5.0 53,4.0 58,3.0 68,3.0 70,9.0 75,2.0 80,14.0 81,4.0 85,4.0 86,5.0 87,7.0 88,2.0 89,4.0 91,8.0 92,8.0 93,2.0 94,2.0 95,2.0 96,2.0 97,2.0 98,2.0 99,2.0 100,2.0 101,2.0 104,12.0 105,2.0 108,2.0 109,2.0 113,2.0 115,2.0 116,2.0 117,2.0 121,2.0 122,2.0 123,2.0 144,12.0 187,1.0 208,1.0 224,5.0 226,3.0 227,3.0 228,1.0 247,2.0 
17,4.0 18,2.0 24,3.0 29,4.0 30,3.0 33,21.0 34,4.0 35,3.0 36,4.0 37,2.0 40,1.0 45,4.0 46,2.0 47,1.0 53,4.0 72,1.0 80,3.0 82,1.0 84,1.0 86,1.0 90,1.0 99,1.0 100,1.0 105,1.0 108,2.0 113,2.0 121,2.0 194,1.0 198,1.0 224,2.0 226,2.0 227,2.0 228,2.0 229,1.0 230,1.0 
4,1.0 12,1.0 24,3.0 29,1.0 31,1.0 32,2.0 36,3.0 37,3.0 38,2.0 42,2.0 44,2.0 63,2.0 64,2.0 68,1.0 69,1.0 95,3.0 110,1.0 115,5.0 116,1.0 124,1.0 181,2.0 198,1.0 
1,3.0 2,1.0 4,4.0 5,8.0 11,1.0 12,4.0 13,8.0 29,37.0 30,8.0 32,1.0 33,13.0 34,5.0 35,1.0 36,25.0 37,11.0 38,7.0 39,9.0 40,8.0 41,4.0 42,1.0 43,4.0 44,4.0 45,2.0 46,1.0 47,22.0 49,2.0 50,3.0 52,8.0 58,3.0 59,1.0 63,4.0 65,1.0 68,1.0 69,1.0 70,4.0 72,1.0 73,1.0 75,3.0 80,17.0 81,2.0 85,4.0 86,2.0 87,2.0 88,2.0 89,2.0 91,2.0 92,2.0 93,1.0 95,2.0 96,2.0 97,2.0 98,2.0 99,2.0 100,2.0 101,2.0 105,3.0 108,2.0 113,2.0 115,1.0 121,2.0 124,1.0 156,1.0 167,1.0 176,1.0 181,4.0 183,1.0 195,29.0 196,2.0 197,1.0 198,1.0 200,1.0 201,1.0 202,1.0 203,1.0 204,1.0 205,1.0 206,1.0 210,1.0 211,1.0 224,4.0 225,2.0 269,2.0 270,1.0 271,1.0 
0,1.0 5,5.0 25,1.0 29,4.0 30,3.0 33,6.0 34,3.0 36,10.0 37,2.0 38,8.0 39,3.0 40,4.0 41,1.0 49,1.0 51,4.0 54,1.0 70,1.0 73,4.0 75,2.0 80,5.0 81,6.0 82,5.0 84,1.0 85,4.0 86,3.0 87,2.0 88,2.0 89,2.0 90,1.0 91,2.0 95,2.0 96,2.0 97,2.0 98,2.0 99,2.0 100,2.0 101,2.0 105,1.0 108,1.0 113,2.0 118,1.0 121,1.0 156,1.0 194,1.0 207,1.0 209,1.0 224,9.0 226,1.0 229,1.0 230,1.0 
0,2.0 1,5.0 4,4.0 5,25.0 8,1.0 9,21.0 12,2.0 13,1.0 25,1.0 26,1.0 29,7.0 30,2.0 34,2.0 36,11.0 37,3.0 38,8.0 39,3.0 40,11.0 41,4.0 42,5.0 43,5.0 44,4.0 47,7.0 52,2.0 58,2.0 68,3.0 69,3.0 70,1.0 84,1.0 90,1.0 105,1.0 118,2.0 181,8.0 195,2.0 224,3.0 
5,5.0 9,2.0 10,2.0 30,4.0 33,2.0 36,7.0 38,3.0 39,1.0 40,5.0 41,7.0 43,2.0 44,4.0 45,2.0 63,3.0 69,1.0 75,2.0 105,2.0 161,2.0 181,3.0 197,2.0 210,1.0 211,1.0 268,1.0 
0,1.0 3,3.0 4,16.0 5,10.0 9,10.0 12,6.0 25,3.0 26,7.0 29,18.0 30,3.0 33,18.0 34,3.0 36,19.0 37,8.0 38,13.0 39,2.0 40,1.0 41,3.0 43,13.0 44,3.0 47,4.0 52,4.0 65,4.0 70,1.0 71,6.0 72,1.0 73,1.0 74,1.0 75,1.0 76,1.0 80,12.0 84,4.0 104,8.0 105,3.0 108,2.0 118,1.0 124,3.0 144,4.0 161,2.0 167,2.0 168,2.0 195,2.0 198,5.0 199,2.0 218,1.0 224,4.0 227,2.0 228,2.0 
1,1.0 4,3.0 5,7.0 29,1.0 30,1.0 34,2.0 36,3.0 37,1.0 38,1.0 39,3.0 40,3.0 41,1.0 63,3.0 69,1.0 72,2.0 84,1.0 90,1.0 99,2.0 100,1.0 105,1.0 181,3.0 193,1.0 195,1.0 210,1.0 211,1.0 224,1.0 268,1.0 
1,1.0 4,32.0 8,35.0 9,1.0 12,9.0 29,3.0 37,2.0 38,5.0 40,3.0 42,12.0 43,3.0 51,2.0 53,3.0 57,9.0 58,12.0 59,12.0 64,3.0 65,3.0 118,1.0 134,1.0 137,1.0 207,1.0 209,1.0 
1,1.0 2,3.0 4,3.0 5,3.0 8,4.0 12,15.0 26,1.0 29,7.0 33,2.0 36,6.0 38,2.0 39,1.0 40,14.0 43,1.0 44,9.0 47,4.0 52,2.0 63,6.0 71,1.0 72,3.0 124,2.0 132,2.0 135,2.0 141,2.0 142,2.0 149,3.0 193,3.0 195,2.0 198,2.0 199,1.0 
1,3.0 4,7.0 5,3.0 8,3.0 9,3.0 26,1.0 33,4.0 36,4.0 38,3.0 39,2.0 43,3.0 44,4.0 45,11.0 47,1.0 48,9.0 50,1.0 51,1.0 52,1.0 64,1.0 65,1.0 71,1.0 95,1.0 115,1.0 126,1.0 127,1.0 139,2.0 140,2.0 141,2.0 142,2.0 149,1.0 170,1.0 179,1.0 192,1.0 212,1.0 218,1.0 222,1.0 
1,1.0 7,1.0 8,5.0 10,3.0 29,1.0 33,4.0 34,4.0 36,2.0 39,1.0 44,3.0 45,2.0 46,13.0 47,5.0 52,2.0 53,6.0 57,2.0 63,1.0 65,1.0 95,1.0 115,1.0 139,2.0 140,2.0 162,1.0 179,1.0 218,1.0 222,1.0 226,2.0 
4,3.0 10,3.0 35,2.0 44,10.0 45,3.0 46,2.0 47,7.0 51,1.0 52,11.0 103,2.0 111,2.0 112,2.0 114,2.0 143,2.0 192,2.0 226,10.0 
1,9.0 4,10.0 5,6.0 8,2.0 9,8.0 11,3.0 12,4.0 13,17.0 26,6.0 29,14.0 32,1.0 33,44.0 35,2.0 36,7.0 38,2.0 40,15.0 42,2.0 43,4.0 44,4.0 45,1.0 46,7.0 47,28.0 49,3.0 50,5.0 51,28.0 52,52.0 53,24.0 58,3.0 69,1.0 70,9.0 71,6.0 72,1.0 73,7.0 75,1.0 80,4.0 81,6.0 82,6.0 83,6.0 93,1.0 103,8.0 104,8.0 111,4.0 112,4.0 113,16.0 115,1.0 124,4.0 144,8.0 157,8.0 158,8.0 162,4.0 183,1.0 187,1.0 190,1.0 191,1.0 192,1.0 195,4.0 196,2.0 197,1.0 198,1.0 200,1.0 201,1.0 202,1.0 203,1.0 204,1.0 205,1.0 206,1.0 
7,2.0 9,8.0 11,4.0 25,2.0 29,4.0 30,4.0 33,24.0 40,5.0 43,13.0 66,6.0 68,3.0 115,2.0 116,2.0 117,2.0 118,8.0 119,4.0 120,2.0 137,2.0 138,2.0 146,2.0 208,1.0 
6,3.0 10,3.0 33,6.0 36,4.0 47,6.0 53,3.0 54,1.0 65,4.0 66,3.0 68,1.0 69,1.0 111,1.0 121,2.0 156,1.0 225,1.0 
1,2.0 5,1.0 9,1.0 13,9.0 17,1.0 19,1.0 25,2.0 29,5.0 30,1.0 36,1.0 38,1.0 47,5.0 51,5.0 52,5.0 103,1.0 167,1.0 
8,2.0 11,1.0 12,2.0 13,5.0 22,1.0 29,7.0 43,4.0 44,1.0 45,1.0 46,1.0 47,28.0 51,14.0 52,28.0 53,20.0 80,2.0 95,3.0 107,2.0 110,4.0 113,2.0 115,2.0 117,2.0 124,2.0 125,2.0 141,2.0 170,1.0 172,1.0 173,1.0 190,1.0 191,1.0 192,1.0 
4,2.0 12,2.0 13,5.0 29,7.0 30,2.0 36,4.0 44,1.0 45,3.0 46,9.0 47,50.0 51,28.0 52,16.0 53,24.0 72,1.0 73,1.0 75,1.0 80,2.0 93,1.0 103,12.0 113,16.0 114,4.0 143,4.0 157,8.0 158,8.0 162,4.0 183,1.0 190,1.0 191,1.0 192,3.0 195,2.0 196,2.0 197,1.0 200,1.0 201,1.0 202,1.0 203,1.0 204,1.0 205,1.0 206,1.0 226,10.0 
6,3.0 10,3.0 29,5.0 33,4.0 34,4.0 44,1.0 45,4.0 47,19.0 49,3.0 51,15.0 52,19.0 53,5.0 55,2.0 63,4.0 64,8.0 65,3.0 66,3.0 67,3.0 113,4.0 138,1.0 145,1.0 146,1.0 147,1.0 150,1.0 152,1.0 220,1.0 221,1.0 
4,8.0 8,8.0 49,1.0 60,2.0 68,1.0 69,1.0 111,1.0 121,1.0 155,1.0 156,1.0 225,1.0 237,1.0 
4,6.0 8,6.0 29,6.0 56,6.0 84,2.0 90,2.0 109,1.0 223,1.0 
4,6.0 6,2.0 8,6.0 11,2.0 29,6.0 42,6.0 57,6.0 107,2.0 111,2.0 114,2.0 
4,12.0 8,12.0 29,3.0 32,1.0 33,3.0 35,1.0 37,1.0 42,12.0 47,3.0 56,2.0 58,9.0 95,1.0 104,2.0 114,2.0 115,1.0 118,2.0 144,2.0 169,2.0 181,1.0 224,1.0 
4,14.0 5,7.0 8,14.0 9,6.0 17,1.0 30,2.0 33,6.0 36,3.0 38,4.0 39,1.0 41,1.0 42,12.0 47,6.0 55,1.0 59,9.0 63,1.0 140,1.0 181,3.0 233,1.0 234,1.0 235,1.0 
1,1.0 4,6.0 5,2.0 8,6.0 9,2.0 17,1.0 19,1.0 25,1.0 29,3.0 30,2.0 38,2.0 42,6.0 53,3.0 57,3.0 58,3.0 
61,2.0 
4,4.0 8,4.0 55,2.0 62,2.0 
4,2.0 8,2.0 61,2.0 
5,3.0 35,1.0 36,3.0 39,3.0 41,3.0 43,2.0 47,2.0 51,4.0 53,8.0 55,1.0 63,2.0 68,1.0 95,1.0 115,1.0 133,2.0 134,2.0 136,2.0 137,2.0 180,1.0 181,3.0 210,1.0 211,1.0 
4,2.0 6,3.0 8,2.0 10,3.0 31,1.0 33,1.0 35,1.0 42,1.0 45,4.0 47,2.0 49,3.0 53,7.0 57,1.0 58,1.0 64,1.0 65,3.0 95,1.0 114,1.0 115,1.0 135,1.0 138,1.0 145,1.0 219,1.0 
6,3.0 7,1.0 10,3.0 11,1.0 12,3.0 36,2.0 44,2.0 45,2.0 48,3.0 49,4.0 53,3.0 66,3.0 95,2.0 104,4.0 105,4.0 107,1.0 115,2.0 175,2.0 176,1.0 
63,4.0 136,2.0 137,2.0 138,2.0 145,2.0 147,2.0 148,2.0 
0,1.0 13,1.0 64,3.0 102,1.0 103,1.0 139,1.0 140,1.0 171,1.0 
7,1.0 11,2.0 17,1.0 29,3.0 33,5.0 35,1.0 40,2.0 43,2.0 46,1.0 48,2.0 52,1.0 63,2.0 69,1.0 95,1.0 111,1.0 115,3.0 116,2.0 167,1.0 176,1.0 179,1.0 208,2.0 213,1.0 214,1.0 225,2.0 226,1.0 
1,1.0 7,2.0 32,1.0 35,1.0 36,3.0 38,1.0 41,1.0 42,1.0 46,1.0 47,2.0 52,3.0 68,1.0 105,1.0 111,3.0 113,2.0 115,1.0 117,2.0 124,1.0 198,1.0 225,1.0 226,1.0 268,1.0 
0,1.0 1,14.0 2,1.0 11,1.0 19,2.0 25,1.0 29,11.0 33,9.0 36,2.0 50,2.0 59,1.0 68,1.0 103,2.0 118,1.0 176,1.0 195,2.0 225,1.0 
2,2.0 5,1.0 26,9.0 37,1.0 38,7.0 40,6.0 41,1.0 44,1.0 64,1.0 82,1.0 99,1.0 119,2.0 160,2.0 163,1.0 194,1.0 224,1.0 
34,1.0 46,2.0 47,4.0 73,8.0 74,4.0 75,5.0 76,4.0 77,3.0 78,3.0 79,3.0 80,2.0 93,1.0 99,5.0 100,1.0 149,3.0 183,1.0 193,4.0 194,3.0 195,1.0 196,1.0 197,1.0 
5,3.0 36,2.0 37,4.0 38,2.0 40,3.0 43,3.0 47,11.0 51,4.0 72,5.0 74,4.0 75,5.0 76,4.0 77,3.0 78,3.0 79,3.0 80,2.0 81,10.0 82,10.0 83,6.0 93,1.0 99,3.0 113,2.0 124,1.0 183,1.0 194,3.0 196,1.0 197,1.0 198,1.0 
3,1.0 47,2.0 72,4.0 73,4.0 75,4.0 76,4.0 77,3.0 78,3.0 79,3.0 80,2.0 159,1.0 
10,2.0 30,2.0 39,2.0 47,3.0 72,5.0 73,5.0 74,4.0 76,4.0 77,3.0 78,3.0 79,3.0 80,4.0 81,2.0 85,2.0 86,2.0 87,2.0 88,2.0 89,2.0 93,1.0 183,1.0 196,1.0 197,3.0 
47,2.0 72,4.0 73,4.0 74,4.0 75,4.0 77,3.0 78,3.0 79,3.0 80,2.0 
47,1.0 72,3.0 73,3.0 74,3.0 75,3.0 76,3.0 78,3.0 79,3.0 80,2.0 
4,2.0 29,2.0 33,2.0 47,1.0 72,3.0 73,3.0 74,3.0 75,3.0 76,3.0 77,3.0 79,3.0 80,2.0 83,2.0 91,2.0 92,2.0 165,2.0 166,2.0 
47,1.0 72,3.0 73,3.0 74,3.0 75,3.0 76,3.0 77,3.0 78,3.0 80,2.0 
4,10.0 9,11.0 12,2.0 29,13.0 30,2.0 33,13.0 34,3.0 36,21.0 37,10.0 40,12.0 47,4.0 51,2.0 52,4.0 75,2.0 80,11.0 81,2.0 82,1.0 84,4.0 85,4.0 86,3.0 87,2.0 88,2.0 89,2.0 95,4.0 96,2.0 97,2.0 98,2.0 99,2.0 100,2.0 101,2.0 103,1.0 104,8.0 115,2.0 117,2.0 143,2.0 144,8.0 167,1.0 194,1.0 224,2.0 226,2.0 227,1.0 228,1.0 229,1.0 230,1.0 
37,4.0 47,6.0 51,4.0 73,10.0 75,2.0 80,4.0 82,10.0 83,6.0 85,2.0 86,2.0 87,4.0 88,2.0 89,4.0 93,2.0 94,2.0 113,2.0 
4,6.0 5,2.0 9,5.0 29,2.0 37,4.0 40,4.0 51,4.0 73,4.0 78,2.0 80,4.0 81,4.0 83,9.0 84,6.0 86,1.0 90,2.0 99,1.0 100,2.0 113,2.0 163,3.0 164,2.0 165,2.0 166,2.0 194,2.0 229,2.0 230,2.0 231,1.0 
4,8.0 5,2.0 9,4.0 29,5.0 33,2.0 40,5.0 78,2.0 80,4.0 82,6.0 84,6.0 90,2.0 91,2.0 92,2.0 165,2.0 166,2.0 198,1.0 227,1.0 228,1.0 229,1.0 230,1.0 231,1.0 
4,6.0 5,6.0 9,4.0 29,6.0 30,1.0 33,6.0 34,1.0 36,4.0 37,4.0 40,5.0 43,2.0 80,8.0 90,7.0 91,2.0 92,2.0 198,1.0 227,1.0 228,1.0 
12,2.0 75,2.0 80,2.0 81,2.0 86,2.0 87,2.0 88,2.0 89,2.0 95,2.0 96,2.0 97,2.0 98,2.0 99,2.0 100,2.0 101,2.0 
4,3.0 9,1.0 75,2.0 80,2.0 81,2.0 82,1.0 85,2.0 87,9.0 88,2.0 89,2.0 106,4.0 107,4.0 108,4.0 194,1.0 229,1.0 230,1.0 245,3.0 246,3.0 
4,3.0 75,2.0 80,4.0 81,4.0 85,2.0 86,9.0 88,2.0 89,4.0 93,2.0 94,2.0 106,4.0 107,4.0 108,4.0 245,3.0 246,3.0 
75,2.0 80,2.0 81,2.0 85,2.0 86,2.0 87,2.0 89,2.0 
75,2.0 80,4.0 81,4.0 85,2.0 86,2.0 87,4.0 88,2.0 93,2.0 94,2.0 
4,2.0 5,6.0 29,6.0 30,1.0 33,2.0 34,1.0 40,1.0 43,2.0 84,7.0 91,2.0 92,2.0 198,1.0 227,1.0 228,1.0 
4,4.0 5,2.0 10,2.0 29,6.0 33,10.0 39,2.0 47,4.0 75,2.0 80,4.0 81,2.0 87,2.0 89,2.0 92,6.0 93,2.0 94,2.0 104,4.0 144,4.0 197,2.0 
4,4.0 5,2.0 29,6.0 33,10.0 47,4.0 80,4.0 81,2.0 87,2.0 89,2.0 91,6.0 93,2.0 94,2.0 104,4.0 144,4.0 
47,1.0 72,1.0 73,1.0 75,1.0 80,2.0 81,2.0 87,2.0 89,2.0 94,2.0 183,1.0 196,1.0 197,1.0 
80,2.0 81,2.0 87,2.0 89,2.0 93,2.0 
7,1.0 12,4.0 29,2.0 31,1.0 32,1.0 35,3.0 40,2.0 43,2.0 44,2.0 45,2.0 51,2.0 63,2.0 64,2.0 65,2.0 68,1.0 85,2.0 96,2.0 97,2.0 98,2.0 99,2.0 100,2.0 101,2.0 107,1.0 115,7.0 117,2.0 141,1.0 181,2.0 
12,2.0 85,2.0 95,2.0 97,2.0 98,2.0 99,2.0 100,2.0 101,2.0 
12,2.0 85,2.0 95,2.0 96,2.0 98,2.0 99,2.0 100,2.0 101,2.0 
12,2.0 85,2.0 95,2.0 96,2.0 97,2.0 99,2.0 100,2.0 101,2.0 
5,3.0 12,2.0 22,2.0 34,1.0 36,2.0 38,2.0 40,3.0 43,3.0 46,2.0 47,3.0 72,2.0 73,3.0 82,1.0 83,1.0 85,2.0 95,2.0 96,2.0 97,2.0 98,2.0 99,2.0 100,3.0 101,2.0 124,1.0 163,1.0 167,2.0 193,1.0 194,4.0 195,1.0 198,1.0 224,1.0 229,1.0 230,1.0 231,1.0 255,2.0 256,2.0 257,2.0 258,2.0 259,1.0 263,2.0 264,2.0 265,2.0 266,2.0 267,2.0 
12,2.0 34,1.0 46,1.0 47,1.0 72,1.0 78,2.0 82,2.0 83,2.0 85,2.0 95,2.0 96,2.0 97,2.0 98,2.0 99,3.0 101,2.0 163,2.0 164,2.0 165,2.0 166,2.0 
12,2.0 85,2.0 95,2.0 96,2.0 97,2.0 98,2.0 99,2.0 100,2.0 
11,1.0 17,2.0 19,2.0 65,1.0 103,6.0 107,1.0 114,2.0 158,1.0 167,2.0 168,4.0 175,1.0 176,1.0 
0,1.0 1,2.0 2,3.0 13,2.0 19,2.0 26,2.0 33,6.0 46,2.0 47,2.0 48,2.0 50,1.0 51,1.0 52,3.0 67,1.0 68,2.0 71,2.0 84,2.0 90,2.0 107,1.0 113,4.0 114,4.0 115,3.0 116,2.0 119,2.0 139,1.0 140,1.0 141,4.0 142,4.0 143,8.0 157,8.0 158,8.0 159,4.0 160,6.0 167,2.0 171,1.0 173,1.0 174,1.0 175,1.0 226,1.0 232,1.0 
4,8.0 9,8.0 25,2.0 33,6.0 34,2.0 36,2.0 40,8.0 43,2.0 47,4.0 65,4.0 80,4.0 104,4.0 105,4.0 108,2.0 121,2.0 144,16.0 154,2.0 155,2.0 156,2.0 167,2.0 168,2.0 
1,1.0 4,2.0 29,3.0 30,4.0 33,4.0 34,1.0 36,3.0 37,1.0 46,1.0 86,4.0 87,4.0 91,2.0 92,2.0 106,4.0 107,4.0 108,1.0 
86,4.0 87,4.0 107,4.0 108,4.0 
0,1.0 1,1.0 6,4.0 7,2.0 11,6.0 51,4.0 65,1.0 86,4.0 87,4.0 95,1.0 106,4.0 108,4.0 111,2.0 115,1.0 129,2.0 130,2.0 141,1.0 174,1.0 175,4.0 176,1.0 
30,1.0 33,2.0 34,2.0 36,2.0 37,1.0 109,4.0 113,2.0 
9,2.0 37,4.0 43,1.0 73,4.0 81,4.0 82,4.0 223,1.0 226,2.0 247,2.0 248,1.0 249,1.0 250,1.0 251,1.0 254,1.0 
8,4.0 12,1.0 29,1.0 35,1.0 38,1.0 42,1.0 45,2.0 115,1.0 116,1.0 
0,1.0 1,1.0 6,2.0 7,2.0 11,2.0 46,1.0 47,2.0 52,3.0 68,1.0 69,3.0 102,4.0 107,2.0 112,4.0 113,2.0 114,2.0 117,2.0 225,1.0 226,1.0 
102,4.0 111,4.0 114,2.0 
4,1.0 8,1.0 45,2.0 47,20.0 51,2.0 52,20.0 53,4.0 64,1.0 103,4.0 110,2.0 113,4.0 157,4.0 158,4.0 162,4.0 
2,2.0 6,2.0 11,2.0 17,2.0 19,2.0 26,2.0 46,2.0 52,1.0 56,2.0 71,2.0 102,2.0 103,6.0 107,2.0 111,2.0 119,2.0 143,4.0 160,2.0 168,2.0 169,1.0 226,1.0 
7,1.0 12,3.0 29,3.0 31,1.0 32,2.0 33,2.0 35,5.0 38,2.0 40,4.0 42,2.0 43,4.0 44,2.0 45,2.0 48,2.0 63,2.0 64,2.0 65,2.0 68,3.0 69,1.0 95,7.0 107,1.0 110,1.0 116,3.0 117,2.0 124,1.0 174,1.0 175,2.0 181,2.0 198,1.0 
12,1.0 29,1.0 33,2.0 35,1.0 38,1.0 40,2.0 42,1.0 43,2.0 48,2.0 68,2.0 110,1.0 115,3.0 
7,2.0 11,2.0 12,2.0 29,2.0 33,2.0 40,2.0 43,2.0 47,2.0 48,2.0 52,2.0 69,2.0 95,2.0 111,2.0 113,2.0 115,2.0 
0,1.0 1,2.0 2,1.0 17,4.0 18,4.0 25,1.0 33,8.0 36,1.0 49,1.0 56,2.0 57,2.0 65,1.0 70,1.0 102,4.0 103,1.0 114,4.0 143,2.0 158,4.0 167,2.0 169,4.0 
2,2.0 5,1.0 26,2.0 33,4.0 37,1.0 38,1.0 41,1.0 71,2.0 82,1.0 99,1.0 160,2.0 163,1.0 194,1.0 224,1.0 
25,2.0 34,2.0 
7,2.0 33,2.0 34,2.0 36,4.0 49,2.0 54,1.0 68,1.0 69,3.0 111,3.0 117,2.0 154,2.0 155,2.0 156,4.0 225,1.0 
113,2.0 123,2.0 
113,2.0 122,2.0 
5,1.0 8,2.0 12,2.0 32,1.0 35,1.0 38,1.0 40,3.0 42,4.0 43,1.0 69,1.0 72,1.0 73,1.0 74,1.0 75,1.0 76,1.0 115,1.0 124,1.0 198,4.0 199,2.0 
22,3.0 126,2.0 127,2.0 128,2.0 129,2.0 167,1.0 170,1.0 171,1.0 
22,2.0 125,2.0 127,3.0 128,2.0 129,2.0 170,1.0 212,1.0 213,1.0 
22,2.0 125,2.0 126,3.0 128,2.0 129,2.0 170,1.0 212,1.0 213,1.0 
129,2.0 130,2.0 
128,2.0 130,2.0 132,3.0 
6,2.0 7,2.0 11,2.0 107,2.0 129,3.0 131,2.0 
6,2.0 7,2.0 11,2.0 107,2.0 130,3.0 
63,2.0 133,3.0 
40,1.0 43,2.0 134,2.0 
43,2.0 64,1.0 135,2.0 
42,1.0 63,2.0 136,2.0 
43,2.0 48,2.0 137,2.0 
48,4.0 64,1.0 66,2.0 138,2.0 
5,2.0 12,1.0 42,1.0 48,2.0 66,2.0 
0,1.0 9,2.0 13,2.0 19,2.0 29,2.0 45,2.0 53,2.0 58,1.0 67,2.0 103,2.0 139,4.0 140,4.0 159,9.0 171,1.0 180,1.0 185,1.0 186,1.0 232,2.0 233,2.0 
0,1.0 9,2.0 19,2.0 29,2.0 45,2.0 53,2.0 67,1.0 103,1.0 139,8.0 180,1.0 232,2.0 
5,2.0 9,5.0 39,2.0 40,2.0 44,2.0 45,2.0 51,1.0 80,3.0 82,2.0 100,2.0 142,8.0 143,4.0 159,4.0 160,4.0 161,2.0 163,2.0 164,2.0 172,1.0 
5,2.0 9,4.0 39,2.0 40,2.0 44,2.0 45,2.0 80,2.0 82,2.0 100,2.0 141,8.0 143,4.0 159,4.0 160,4.0 161,2.0 163,2.0 164,2.0 
2,2.0 5,2.0 9,2.0 12,1.0 18,1.0 26,2.0 29,1.0 35,1.0 39,2.0 40,2.0 46,2.0 51,1.0 52,1.0 71,2.0 82,2.0 95,1.0 100,2.0 102,2.0 103,4.0 104,2.0 107,1.0 110,1.0 114,4.0 115,1.0 116,1.0 118,2.0 119,2.0 141,4.0 142,4.0 144,2.0 158,2.0 159,4.0 160,6.0 161,2.0 163,2.0 164,2.0 167,3.0 226,1.0 
4,8.0 9,8.0 25,2.0 33,6.0 34,2.0 36,2.0 40,8.0 43,2.0 47,4.0 80,4.0 104,16.0 108,2.0 121,2.0 144,4.0 154,2.0 155,2.0 156,2.0 167,2.0 168,2.0 
12,2.0 48,2.0 53,1.0 
12,1.0 53,1.0 66,2.0 
12,1.0 48,2.0 
53,1.0 149,2.0 
44,1.0 47,1.0 51,1.0 52,1.0 68,1.0 72,3.0 73,3.0 99,3.0 150,2.0 151,2.0 153,2.0 193,3.0 194,3.0 208,1.0 
12,1.0 151,2.0 
44,2.0 152,2.0 153,2.0 
12,1.0 149,2.0 
44,2.0 53,1.0 151,2.0 
7,2.0 69,2.0 111,2.0 117,2.0 121,2.0 155,2.0 156,2.0 
7,2.0 69,2.0 111,2.0 117,2.0 121,2.0 154,2.0 156,2.0 169,1.0 
7,2.0 36,2.0 49,1.0 54,1.0 68,1.0 69,3.0 111,3.0 117,2.0 121,4.0 154,2.0 155,2.0 225,1.0 
47,2.0 52,2.0 103,8.0 113,4.0 141,4.0 142,4.0 143,4.0 158,8.0 159,4.0 160,4.0 
17,2.0 18,2.0 44,1.0 47,2.0 52,2.0 65,1.0 95,1.0 102,4.0 103,8.0 113,4.0 115,1.0 118,4.0 141,4.0 142,4.0 143,6.0 157,8.0 158,2.0 159,4.0 160,4.0 167,2.0 183,1.0 
3,1.0 5,2.0 9,2.0 39,2.0 40,2.0 74,2.0 82,2.0 100,2.0 139,9.0 141,4.0 142,4.0 143,4.0 159,5.0 160,4.0 161,2.0 163,2.0 164,2.0 184,1.0 185,1.0 186,1.0 
2,2.0 5,3.0 9,2.0 26,2.0 37,1.0 38,1.0 39,2.0 40,2.0 41,1.0 71,2.0 82,3.0 99,1.0 100,2.0 119,2.0 141,4.0 142,4.0 143,4.0 159,4.0 161,2.0 163,3.0 164,2.0 194,1.0 224,1.0 
5,2.0 9,2.0 30,2.0 33,2.0 36,2.0 39,2.0 40,2.0 105,2.0 
29,1.0 46,1.0 47,4.0 52,4.0 103,4.0 113,1.0 157,4.0 158,4.0 
78,2.0 82,3.0 83,3.0 99,1.0 100,2.0 164,2.0 165,2.0 166,2.0 194,1.0 229,1.0 230,1.0 231,1.0 
78,2.0 82,2.0 83,2.0 100,2.0 163,2.0 165,2.0 166,2.0 
4,2.0 29,2.0 33,2.0 78,2.0 83,2.0 91,2.0 92,2.0 166,2.0 
4,2.0 29,2.0 33,2.0 78,2.0 83,2.0 91,2.0 92,2.0 165,2.0 
0,1.0 13,1.0 17,1.0 18,1.0 22,1.0 25,2.0 51,1.0 70,2.0 99,4.0 102,2.0 118,2.0 143,4.0 158,2.0 168,4.0 173,1.0 255,1.0 256,1.0 257,1.0 258,1.0 263,1.0 264,1.0 265,1.0 266,1.0 267,1.0 
18,4.0 25,2.0 57,2.0 118,8.0 143,2.0 158,4.0 167,2.0 169,4.0 
17,2.0 18,2.0 35,1.0 56,2.0 57,2.0 63,1.0 68,1.0 95,1.0 114,4.0 115,1.0 118,4.0 158,1.0 169,2.0 182,2.0 238,1.0 
125,1.0 126,1.0 127,1.0 171,1.0 212,1.0 213,1.0 
103,1.0 140,1.0 143,1.0 
141,1.0 
11,1.0 51,1.0 103,2.0 107,1.0 
107,1.0 115,1.0 175,2.0 
11,1.0 13,1.0 65,1.0 67,1.0 107,2.0 115,1.0 174,1.0 175,2.0 176,1.0 
11,2.0 65,1.0 68,1.0 107,1.0 175,2.0 225,1.0 
102,1.0 178,1.0 
177,1.0 
18,2.0 19,1.0 
19,1.0 57,1.0 58,1.0 139,1.0 233,1.0 
1,2.0 5,9.0 9,6.0 32,1.0 35,1.0 36,3.0 38,6.0 39,3.0 41,3.0 63,3.0 95,1.0 115,1.0 169,1.0 181,4.0 210,1.0 211,1.0 
158,1.0 169,1.0 
47,1.0 72,1.0 73,1.0 75,1.0 93,1.0 159,1.0 196,1.0 197,1.0 
3,1.0 
0,1.0 186,1.0 
0,1.0 185,1.0 
29,1.0 188,1.0 
29,1.0 189,1.0 
47,1.0 51,1.0 52,1.0 190,1.0 
47,1.0 51,1.0 52,1.0 191,1.0 
149,1.0 
46,1.0 47,1.0 51,1.0 52,3.0 103,2.0 114,2.0 143,2.0 226,2.0 
46,1.0 72,4.0 73,3.0 99,4.0 149,3.0 194,3.0 195,1.0 
5,3.0 9,1.0 36,2.0 38,2.0 40,3.0 43,3.0 47,2.0 73,3.0 82,2.0 83,1.0 86,1.0 99,4.0 124,1.0 163,1.0 198,1.0 229,2.0 230,2.0 231,1.0 
1,1.0 2,1.0 11,1.0 12,2.0 13,2.0 29,27.0 30,3.0 36,27.0 46,1.0 47,2.0 50,1.0 52,2.0 68,1.0 70,4.0 72,2.0 73,1.0 75,1.0 93,1.0 99,1.0 176,1.0 183,1.0 193,1.0 195,10.0 196,2.0 197,1.0 200,1.0 201,1.0 202,1.0 203,1.0 204,1.0 205,1.0 206,1.0 225,2.0 269,2.0 270,1.0 271,1.0 
47,1.0 72,1.0 73,1.0 75,1.0 93,1.0 162,1.0 183,1.0 197,1.0 200,1.0 201,1.0 202,1.0 203,1.0 204,1.0 205,1.0 206,1.0 
10,2.0 30,2.0 39,2.0 47,1.0 72,1.0 73,1.0 75,3.0 93,1.0 183,1.0 196,1.0 
5,1.0 12,2.0 29,4.0 32,1.0 33,2.0 35,1.0 36,2.0 37,2.0 38,1.0 40,5.0 42,1.0 43,1.0 69,1.0 72,1.0 73,1.0 74,1.0 75,1.0 76,1.0 115,1.0 124,4.0 198,1.0 199,2.0 224,2.0 227,2.0 228,2.0 
12,1.0 40,1.0 72,1.0 73,1.0 74,1.0 75,1.0 76,1.0 124,1.0 198,1.0 
162,1.0 196,1.0 201,1.0 202,1.0 203,1.0 204,1.0 205,1.0 206,1.0 
162,1.0 196,1.0 200,1.0 202,1.0 203,1.0 204,1.0 205,1.0 206,1.0 
162,1.0 196,1.0 200,1.0 201,1.0 203,1.0 204,1.0 205,1.0 206,1.0 
162,1.0 196,1.0 200,1.0 201,1.0 202,1.0 204,1.0 205,1.0 206,1.0 
162,1.0 196,1.0 200,1.0 201,1.0 202,1.0 203,1.0 205,1.0 206,1.0 
162,1.0 196,1.0 200,1.0 201,1.0 202,1.0 203,1.0 204,1.0 206,1.0 
162,1.0 196,1.0 200,1.0 201,1.0 202,1.0 203,1.0 204,1.0 205,1.0 
37,1.0 91,1.0 
17,1.0 68,2.0 167,1.0 179,1.0 
37,1.0 91,1.0 
66,1.0 211,1.0 
66,1.0 210,1.0 
126,1.0 127,1.0 170,1.0 213,1.0 
214,1.0 216,1.0 
7,1.0 11,1.0 68,1.0 213,1.0 215,1.0 
7,1.0 11,1.0 68,1.0 214,1.0 
217,1.0 
131,1.0 
4,1.0 8,1.0 45,1.0 63,1.0 222,1.0 
42,1.0 
12,1.0 
44,1.0 53,1.0 
45,1.0 63,1.0 218,1.0 
43,1.0 109,1.0 
0,1.0 5,5.0 25,1.0 29,4.0 30,2.0 33,2.0 34,3.0 36,3.0 37,9.0 38,5.0 40,4.0 41,1.0 49,1.0 54,1.0 70,1.0 80,1.0 82,1.0 84,1.0 86,1.0 90,1.0 105,2.0 118,1.0 121,1.0 156,1.0 194,1.0 224,2.0 226,1.0 229,1.0 230,1.0 
11,1.0 29,2.0 36,2.0 46,1.0 52,1.0 68,2.0 69,1.0 111,1.0 176,1.0 195,2.0 226,1.0 
9,2.0 33,3.0 34,1.0 37,1.0 45,2.0 46,8.0 52,10.0 80,1.0 82,1.0 86,1.0 103,4.0 109,2.0 114,4.0 143,4.0 192,2.0 194,1.0 224,1.0 226,2.0 229,1.0 230,1.0 247,2.0 248,1.0 249,1.0 250,1.0 251,1.0 254,1.0 
9,4.0 29,4.0 30,2.0 33,5.0 34,2.0 36,2.0 37,3.0 40,2.0 80,2.0 109,2.0 198,2.0 224,3.0 226,3.0 228,3.0 247,2.0 
29,4.0 33,3.0 34,2.0 36,2.0 37,3.0 40,2.0 80,2.0 198,2.0 224,3.0 226,1.0 227,3.0 
9,1.0 29,1.0 40,1.0 82,1.0 83,1.0 86,1.0 194,1.0 198,1.0 227,1.0 228,1.0 230,2.0 231,1.0 
9,1.0 29,1.0 40,1.0 82,1.0 83,1.0 86,1.0 194,1.0 198,1.0 227,1.0 228,1.0 229,2.0 231,1.0 
29,1.0 40,1.0 83,1.0 198,1.0 227,1.0 228,1.0 229,1.0 230,1.0 
13,2.0 19,1.0 67,1.0 103,1.0 139,2.0 233,1.0 
13,1.0 58,1.0 140,1.0 234,1.0 235,1.0 
235,1.0 236,1.0 
234,1.0 236,1.0 
54,1.0 237,1.0 
54,1.0 155,1.0 
239,1.0 
240,1.0 
241,1.0 242,1.0 243,1.0 244,1.0 
9,1.0 242,1.0 243,1.0 244,1.0 
9,1.0 241,1.0 243,1.0 244,1.0 
9,1.0 241,1.0 242,1.0 244,1.0 
9,1.0 241,1.0 242,1.0 243,1.0 
9,2.0 30,2.0 33,3.0 34,1.0 80,1.0 227,3.0 228,1.0 246,3.0 
9,2.0 30,2.0 33,3.0 34,1.0 80,1.0 227,3.0 228,1.0 245,3.0 
9,2.0 109,2.0 226,2.0 248,1.0 249,1.0 250,1.0 251,1.0 254,1.0 
9,1.0 249,1.0 250,1.0 251,1.0 252,1.0 253,1.0 
9,1.0 248,1.0 250,1.0 251,1.0 252,1.0 253,1.0 
9,1.0 248,1.0 249,1.0 251,1.0 252,1.0 253,1.0 
9,1.0 248,1.0 249,1.0 250,1.0 252,1.0 253,1.0 
9,1.0 80,1.0 253,1.0 
9,1.0 80,1.0 252,1.0 
99,2.0 167,2.0 
22,1.0 99,1.0 256,1.0 257,1.0 258,1.0 259,1.0 
22,1.0 99,1.0 255,1.0 257,1.0 258,1.0 259,1.0 
22,1.0 99,1.0 255,1.0 256,1.0 258,1.0 259,1.0 
22,1.0 99,1.0 255,1.0 256,1.0 257,1.0 259,1.0 
260,1.0 261,1.0 
261,1.0 262,1.0 
260,1.0 262,1.0 
254,1.0 
99,1.0 224,1.0 264,1.0 265,1.0 266,1.0 267,1.0 
99,1.0 224,1.0 263,1.0 265,1.0 266,1.0 267,1.0 
99,1.0 224,1.0 263,1.0 264,1.0 266,1.0 267,1.0 
99,1.0 224,1.0 263,1.0 264,1.0 265,1.0 267,1.0 
99,1.0 224,1.0 263,1.0 264,1.0 265,1.0 266,1.0 
1,1.0 41,1.0 69,1.0 105,1.0 
29,4.0 36,4.0 195,4.0 
29,2.0 36,2.0 195,2.0 
29,2.0 36,2.0 195,2.0 
