0,14.0 1,6.0 3,4.0 4,3.0 8,4.0 9,2.0 27,8.0 29,2.0 34,2.0 47,4.0 49,4.0 53,5.0 70,2.0 73,4.0 80,4.0 108,2.0 115,1.0 120,1.0 129,8.0 134,9.0 143,2.0 148,4.0 154,18.0 157,6.0 168,2.0 169,2.0 174,2.0 185,6.0 186,8.0 189,5.0 192,4.0 194,3.0 211,2.0 213,8.0 214,6.0 217,1.0 218,1.0 221,2.0 243,32.0 244,2.0 245,2.0 246,2.0 247,2.0 263,1.0 265,1.0 266,2.0 270,1.0 374,4.0 375,4.0 
1,1.0 2,16.0 3,1.0 7,9.0 8,1.0 10,4.0 22,1.0 23,4.0 33,10.0 36,3.0 45,4.0 53,2.0 61,4.0 65,1.0 66,4.0 70,3.0 77,7.0 95,2.0 96,4.0 108,2.0 111,3.0 133,4.0 153,3.0 157,2.0 198,2.0 303,1.0 382,2.0 383,2.0 384,2.0 415,1.0 429,1.0 431,1.0 432,1.0 433,1.0 434,1.0 435,1.0 436,1.0 
2,2.0 3,14.0 4,49.0 5,31.0 6,12.0 8,9.0 12,4.0 17,2.0 19,4.0 20,2.0 22,9.0 24,2.0 25,2.0 31,3.0 32,3.0 34,6.0 35,11.0 42,3.0 44,2.0 57,2.0 62,2.0 65,3.0 66,1.0 70,2.0 73,2.0 78,3.0 79,7.0 109,6.0 110,3.0 111,1.0 122,2.0 127,1.0 133,1.0 138,2.0 139,3.0 141,2.0 152,1.0 174,2.0 179,2.0 208,2.0 210,3.0 220,1.0 225,4.0 371,2.0 376,2.0 407,1.0 411,1.0 419,3.0 
0,6.0 1,1.0 2,10.0 3,1.0 4,10.0 5,10.0 8,5.0 12,6.0 13,2.0 19,2.0 20,2.0 22,3.0 23,1.0 25,2.0 32,2.0 34,14.0 48,2.0 62,6.0 63,2.0 64,2.0 65,3.0 70,7.0 73,2.0 97,2.0 108,2.0 134,2.0 143,2.0 185,2.0 188,2.0 191,2.0 303,3.0 306,2.0 318,2.0 387,2.0 388,2.0 
0,1.0 1,2.0 2,43.0 3,10.0 5,52.0 6,10.0 7,8.0 8,17.0 11,8.0 12,2.0 17,10.0 19,2.0 20,2.0 21,6.0 22,26.0 23,2.0 24,2.0 25,6.0 27,2.0 28,8.0 29,2.0 30,4.0 31,3.0 34,6.0 35,12.0 36,4.0 42,2.0 46,2.0 47,18.0 49,2.0 50,6.0 57,2.0 60,2.0 65,2.0 70,4.0 71,2.0 73,15.0 77,2.0 79,9.0 80,2.0 82,6.0 84,2.0 85,6.0 91,4.0 93,2.0 94,2.0 96,2.0 97,2.0 100,1.0 101,1.0 102,1.0 109,7.0 110,3.0 114,4.0 122,4.0 128,2.0 129,4.0 136,4.0 144,2.0 146,2.0 148,2.0 151,2.0 154,2.0 179,2.0 183,2.0 185,2.0 186,1.0 200,2.0 208,2.0 210,3.0 213,2.0 219,2.0 220,5.0 221,2.0 225,4.0 233,4.0 235,2.0 238,1.0 242,8.0 243,4.0 246,4.0 248,2.0 249,4.0 264,4.0 266,4.0 294,1.0 298,1.0 301,1.0 305,1.0 311,1.0 312,1.0 371,2.0 376,2.0 395,2.0 398,2.0 
0,6.0 1,2.0 2,29.0 3,12.0 4,49.0 5,3.0 6,10.0 7,6.0 8,9.0 11,14.0 12,5.0 13,31.0 14,4.0 16,8.0 17,16.0 18,4.0 19,2.0 21,5.0 22,3.0 23,2.0 24,2.0 25,2.0 26,2.0 32,3.0 34,8.0 35,13.0 36,2.0 37,5.0 40,2.0 42,7.0 43,2.0 47,2.0 50,2.0 58,2.0 59,2.0 65,3.0 66,3.0 71,3.0 77,4.0 78,4.0 79,6.0 96,2.0 97,3.0 98,2.0 99,2.0 103,1.0 108,11.0 109,2.0 111,1.0 112,6.0 114,4.0 115,4.0 116,4.0 121,6.0 122,2.0 124,2.0 127,1.0 133,1.0 139,3.0 143,2.0 148,2.0 152,2.0 154,1.0 179,2.0 186,1.0 209,1.0 210,2.0 211,4.0 214,1.0 218,1.0 219,2.0 220,1.0 225,4.0 233,4.0 238,2.0 239,1.0 240,1.0 294,1.0 388,1.0 407,1.0 411,1.0 413,1.0 414,1.0 419,3.0 
3,2.0 7,3.0 12,2.0 23,2.0 25,2.0 27,1.0 45,2.0 62,2.0 95,6.0 108,2.0 122,1.0 154,2.0 157,2.0 303,2.0 304,1.0 368,1.0 
1,8.0 2,4.0 3,1.0 4,4.0 8,13.0 9,2.0 17,2.0 22,1.0 23,6.0 36,11.0 45,2.0 53,2.0 65,1.0 66,4.0 70,1.0 77,6.0 81,2.0 95,2.0 96,4.0 111,2.0 133,2.0 153,2.0 157,1.0 229,2.0 230,1.0 254,1.0 268,1.0 282,1.0 303,1.0 429,1.0 432,1.0 433,1.0 434,1.0 435,1.0 436,1.0 
0,2.0 1,1.0 2,9.0 3,5.0 4,23.0 5,12.0 8,1.0 9,2.0 11,2.0 12,6.0 13,5.0 16,2.0 17,6.0 21,1.0 22,5.0 23,1.0 37,7.0 47,2.0 50,4.0 65,3.0 66,2.0 69,2.0 70,5.0 73,2.0 78,1.0 85,6.0 97,7.0 103,1.0 109,2.0 111,2.0 133,2.0 137,2.0 138,2.0 148,2.0 152,1.0 154,4.0 157,1.0 166,2.0 174,2.0 191,4.0 208,2.0 210,3.0 216,2.0 217,2.0 219,2.0 229,2.0 233,4.0 239,1.0 240,1.0 241,1.0 242,1.0 243,8.0 246,2.0 247,2.0 248,2.0 252,2.0 254,3.0 261,1.0 266,1.0 282,3.0 303,3.0 330,2.0 353,2.0 
0,2.0 9,1.0 10,2.0 11,2.0 27,1.0 51,2.0 53,2.0 57,2.0 72,2.0 73,2.0 74,2.0 75,2.0 80,1.0 109,2.0 122,1.0 129,3.0 154,2.0 157,1.0 160,2.0 161,2.0 170,2.0 171,2.0 185,3.0 187,3.0 192,2.0 193,2.0 194,2.0 195,2.0 196,2.0 197,2.0 209,2.0 210,2.0 218,2.0 219,4.0 220,6.0 241,1.0 243,1.0 335,2.0 345,2.0 
1,4.0 2,2.0 11,4.0 13,2.0 38,4.0 51,1.0 61,4.0 76,2.0 77,2.0 95,4.0 96,2.0 108,2.0 154,2.0 
4,4.0 5,11.0 8,2.0 12,7.0 13,14.0 16,10.0 17,21.0 22,4.0 27,2.0 28,2.0 29,2.0 30,4.0 31,12.0 39,2.0 42,2.0 50,2.0 57,6.0 69,2.0 92,2.0 97,3.0 108,2.0 109,3.0 120,2.0 138,4.0 200,2.0 209,3.0 216,2.0 218,1.0 219,2.0 229,2.0 230,2.0 242,1.0 249,2.0 250,2.0 259,2.0 261,2.0 335,2.0 371,4.0 395,2.0 
0,2.0 2,2.0 3,6.0 5,9.0 8,6.0 9,2.0 11,3.0 13,10.0 17,7.0 22,2.0 25,4.0 35,2.0 37,2.0 39,8.0 62,6.0 63,2.0 64,2.0 72,3.0 97,5.0 108,2.0 129,2.0 217,2.0 220,2.0 229,2.0 231,2.0 282,2.0 
0,4.0 2,4.0 3,4.0 5,31.0 8,4.0 11,14.0 12,4.0 13,1.0 14,4.0 16,8.0 17,20.0 18,4.0 20,2.0 21,6.0 31,6.0 34,2.0 37,4.0 39,2.0 40,2.0 42,4.0 43,2.0 55,5.0 56,2.0 57,2.0 62,2.0 63,2.0 70,2.0 71,3.0 76,4.0 78,3.0 80,4.0 82,2.0 83,2.0 103,1.0 109,4.0 113,2.0 114,4.0 115,2.0 129,2.0 146,2.0 152,1.0 167,2.0 176,1.0 183,2.0 194,1.0 211,4.0 217,2.0 219,2.0 238,1.0 239,1.0 240,1.0 349,2.0 370,1.0 371,7.0 376,2.0 388,1.0 413,1.0 414,1.0 
15,2.0 40,9.0 41,2.0 229,4.0 230,1.0 231,3.0 241,1.0 242,1.0 253,1.0 254,10.0 256,4.0 266,1.0 277,5.0 282,6.0 291,1.0 307,1.0 308,3.0 
11,2.0 
8,2.0 9,1.0 13,2.0 17,2.0 56,2.0 96,2.0 109,1.0 122,1.0 154,3.0 173,4.0 185,1.0 187,1.0 208,1.0 213,2.0 214,2.0 217,3.0 218,1.0 222,2.0 225,1.0 235,3.0 237,1.0 288,2.0 339,2.0 340,2.0 373,2.0 377,2.0 
0,9.0 2,2.0 3,2.0 4,14.0 5,20.0 8,6.0 11,14.0 12,7.0 13,24.0 16,2.0 20,4.0 21,6.0 22,6.0 24,2.0 25,4.0 26,2.0 27,4.0 28,2.0 29,2.0 31,8.0 32,8.0 34,2.0 37,2.0 42,2.0 69,2.0 72,3.0 73,2.0 79,2.0 80,2.0 82,8.0 85,2.0 92,2.0 97,2.0 108,3.0 109,5.0 111,2.0 113,4.0 118,2.0 138,2.0 146,2.0 154,2.0 191,1.0 209,3.0 211,4.0 213,2.0 216,2.0 218,1.0 220,2.0 371,2.0 376,2.0 
17,4.0 43,2.0 
3,2.0 20,2.0 25,2.0 118,2.0 213,2.0 214,2.0 
2,2.0 4,2.0 5,3.0 17,5.0 20,2.0 26,2.0 27,6.0 29,2.0 35,1.0 52,2.0 67,2.0 80,8.0 91,2.0 92,2.0 113,6.0 120,2.0 126,2.0 129,2.0 131,2.0 133,2.0 134,3.0 142,2.0 157,5.0 169,1.0 186,2.0 229,1.0 382,2.0 386,2.0 
4,6.0 5,5.0 8,2.0 13,6.0 17,4.0 21,1.0 22,6.0 23,2.0 26,2.0 27,2.0 37,5.0 42,3.0 71,3.0 78,1.0 91,2.0 103,1.0 124,2.0 152,1.0 154,1.0 220,2.0 238,1.0 239,1.0 240,1.0 388,1.0 413,1.0 414,1.0 
1,1.0 2,9.0 3,3.0 4,24.0 5,5.0 7,2.0 8,7.0 11,4.0 12,2.0 17,4.0 21,6.0 22,2.0 23,5.0 25,2.0 26,4.0 27,2.0 28,6.0 29,2.0 35,6.0 42,2.0 46,2.0 47,4.0 49,2.0 50,2.0 55,2.0 65,6.0 66,3.0 70,7.0 72,2.0 73,2.0 82,2.0 91,4.0 109,4.0 127,1.0 129,2.0 139,5.0 174,2.0 200,2.0 220,2.0 235,2.0 303,3.0 395,2.0 419,3.0 
1,3.0 4,6.0 7,6.0 8,2.0 17,2.0 22,4.0 23,1.0 27,2.0 45,2.0 53,2.0 66,10.0 69,2.0 77,4.0 83,1.0 111,2.0 116,1.0 132,6.0 133,8.0 151,1.0 178,2.0 203,2.0 219,2.0 360,2.0 415,2.0 
25,2.0 26,2.0 179,2.0 180,2.0 225,2.0 376,2.0 
0,2.0 3,2.0 4,2.0 12,4.0 17,2.0 19,2.0 22,4.0 24,2.0 26,3.0 39,2.0 62,2.0 73,4.0 82,4.0 97,2.0 108,2.0 109,4.0 118,2.0 129,2.0 148,2.0 229,8.0 238,1.0 242,1.0 254,7.0 282,8.0 306,4.0 
2,2.0 22,2.0 27,10.0 65,2.0 77,2.0 85,2.0 114,2.0 120,8.0 122,4.0 124,12.0 134,8.0 
0,7.0 4,12.0 5,7.0 6,1.0 9,1.0 11,2.0 13,6.0 17,11.0 20,4.0 21,2.0 22,6.0 26,1.0 28,2.0 31,2.0 47,2.0 53,2.0 55,2.0 63,2.0 70,2.0 76,2.0 80,2.0 91,10.0 92,1.0 108,2.0 109,3.0 111,2.0 114,12.0 115,3.0 117,4.0 118,6.0 119,4.0 120,14.0 122,4.0 123,2.0 124,2.0 128,2.0 129,7.0 133,1.0 134,5.0 137,2.0 140,4.0 142,3.0 143,2.0 145,2.0 146,2.0 152,1.0 153,1.0 154,2.0 157,7.0 163,2.0 167,2.0 169,1.0 185,3.0 186,6.0 189,1.0 194,1.0 229,1.0 230,8.0 243,5.0 248,2.0 249,2.0 250,2.0 252,3.0 253,5.0 254,6.0 255,1.0 259,7.0 265,1.0 266,2.0 271,1.0 279,2.0 286,1.0 287,1.0 313,1.0 348,2.0 
4,8.0 17,2.0 22,6.0 29,2.0 37,2.0 46,2.0 47,2.0 49,2.0 70,2.0 73,2.0 74,2.0 75,2.0 79,2.0 91,2.0 200,2.0 
2,8.0 4,9.0 5,14.0 11,2.0 13,2.0 22,2.0 27,2.0 35,2.0 66,2.0 80,6.0 108,9.0 109,6.0 111,2.0 112,6.0 115,2.0 116,4.0 119,4.0 123,2.0 133,3.0 134,2.0 137,4.0 139,2.0 140,2.0 144,2.0 152,1.0 153,1.0 
11,4.0 17,4.0 31,4.0 
0,1.0 2,3.0 3,1.0 4,3.0 11,8.0 13,6.0 17,8.0 32,4.0 39,2.0 55,2.0 56,2.0 57,2.0 69,2.0 79,3.0 110,3.0 112,1.0 121,1.0 133,1.0 158,1.0 159,1.0 209,2.0 371,4.0 
1,6.0 2,3.0 4,2.0 5,3.0 32,1.0 33,6.0 35,4.0 42,3.0 47,1.0 51,1.0 52,2.0 78,3.0 80,2.0 105,1.0 111,1.0 115,2.0 133,1.0 142,2.0 148,1.0 152,1.0 156,1.0 169,2.0 186,2.0 211,1.0 293,1.0 294,1.0 407,1.0 411,1.0 
1,10.0 2,6.0 36,4.0 45,2.0 198,2.0 333,2.0 382,2.0 383,2.0 384,2.0 390,2.0 
0,2.0 2,6.0 3,14.0 4,6.0 5,6.0 32,2.0 48,4.0 49,2.0 97,2.0 173,2.0 174,2.0 234,2.0 306,2.0 318,2.0 378,2.0 380,2.0 387,2.0 388,2.0 389,4.0 391,2.0 
1,2.0 2,5.0 4,2.0 5,11.0 7,6.0 10,2.0 22,4.0 23,4.0 32,4.0 35,1.0 36,4.0 42,3.0 51,1.0 58,2.0 59,2.0 60,2.0 61,2.0 66,4.0 70,2.0 77,2.0 78,3.0 98,2.0 99,2.0 105,1.0 111,1.0 133,1.0 152,1.0 154,1.0 156,1.0 185,2.0 198,2.0 238,1.0 407,1.0 411,1.0 
1,4.0 7,12.0 8,8.0 9,2.0 33,4.0 45,2.0 66,2.0 77,1.0 111,1.0 133,2.0 153,1.0 157,2.0 229,2.0 230,1.0 254,1.0 268,1.0 282,1.0 333,4.0 382,2.0 390,2.0 431,1.0 
5,5.0 8,2.0 10,2.0 12,2.0 13,4.0 16,2.0 17,2.0 21,4.0 28,2.0 37,1.0 38,2.0 42,4.0 55,1.0 56,2.0 71,3.0 73,2.0 74,2.0 75,2.0 79,1.0 86,2.0 94,2.0 103,1.0 104,1.0 105,1.0 106,1.0 107,1.0 154,1.0 157,1.0 178,2.0 192,2.0 193,2.0 379,2.0 392,2.0 393,2.0 413,1.0 414,1.0 
10,4.0 11,2.0 95,2.0 96,2.0 154,2.0 
5,4.0 9,2.0 12,8.0 13,4.0 17,2.0 25,2.0 31,2.0 54,2.0 55,2.0 56,2.0 57,2.0 97,2.0 129,2.0 229,2.0 231,2.0 282,2.0 
14,9.0 41,2.0 229,3.0 230,1.0 231,3.0 241,1.0 242,1.0 253,1.0 254,9.0 256,3.0 277,4.0 282,6.0 291,1.0 307,1.0 308,3.0 
11,2.0 428,1.0 429,1.0 430,1.0 
1,2.0 2,3.0 5,6.0 7,2.0 8,1.0 10,2.0 13,4.0 17,4.0 21,4.0 27,2.0 32,3.0 35,3.0 37,4.0 42,2.0 66,1.0 71,3.0 76,2.0 77,4.0 78,3.0 79,3.0 96,2.0 111,2.0 133,1.0 152,2.0 153,1.0 157,1.0 187,2.0 208,1.0 225,1.0 233,1.0 407,2.0 410,1.0 411,1.0 413,1.0 414,1.0 
17,2.0 18,2.0 
45,2.0 46,2.0 
1,4.0 7,2.0 23,2.0 33,2.0 36,2.0 46,2.0 47,2.0 53,2.0 77,2.0 97,2.0 111,2.0 133,2.0 382,2.0 
45,2.0 47,4.0 49,2.0 
0,2.0 4,19.0 5,3.0 8,2.0 22,4.0 25,2.0 28,2.0 32,1.0 47,1.0 48,2.0 49,2.0 70,4.0 91,2.0 93,2.0 94,2.0 100,1.0 109,4.0 136,4.0 144,2.0 148,8.0 151,2.0 154,2.0 186,1.0 235,2.0 243,4.0 246,2.0 247,2.0 293,1.0 294,2.0 319,1.0 335,2.0 398,2.0 
3,2.0 4,2.0 22,2.0 28,2.0 34,4.0 49,2.0 70,2.0 73,2.0 185,2.0 188,2.0 378,2.0 380,2.0 389,4.0 391,2.0 
4,2.0 16,2.0 34,2.0 46,2.0 47,2.0 48,2.0 73,10.0 77,2.0 88,2.0 97,2.0 109,1.0 122,1.0 125,2.0 133,2.0 157,2.0 185,2.0 186,4.0 194,2.0 197,2.0 250,1.0 258,1.0 268,2.0 277,1.0 361,2.0 378,2.0 380,2.0 389,2.0 
9,2.0 27,2.0 37,1.0 51,2.0 71,1.0 79,4.0 88,2.0 92,8.0 96,2.0 118,1.0 120,1.0 164,2.0 170,2.0 194,2.0 229,1.0 230,1.0 248,1.0 250,1.0 254,3.0 256,2.0 261,1.0 278,2.0 349,1.0 
0,2.0 12,2.0 25,2.0 31,1.0 39,2.0 51,1.0 52,2.0 53,1.0 62,2.0 77,2.0 79,3.0 97,2.0 109,4.0 112,1.0 113,1.0 118,1.0 121,1.0 122,1.0 129,8.0 133,1.0 137,2.0 154,3.0 156,1.0 158,1.0 159,1.0 174,2.0 185,4.0 186,2.0 188,2.0 194,3.0 217,2.0 225,2.0 242,2.0 249,2.0 250,3.0 252,2.0 266,1.0 305,1.0 306,2.0 318,2.0 358,2.0 
2,2.0 4,4.0 5,2.0 17,4.0 27,2.0 28,2.0 50,2.0 53,2.0 80,6.0 82,2.0 92,2.0 131,2.0 205,2.0 
0,5.0 9,2.0 27,2.0 37,1.0 39,2.0 53,2.0 54,2.0 80,2.0 129,2.0 134,1.0 157,2.0 176,2.0 186,1.0 187,2.0 189,2.0 191,2.0 218,2.0 220,2.0 243,2.0 266,1.0 
13,2.0 31,2.0 39,2.0 55,2.0 72,1.0 197,2.0 229,1.0 254,2.0 258,3.0 282,3.0 283,2.0 284,2.0 
13,5.0 22,2.0 31,2.0 39,2.0 42,1.0 56,2.0 57,2.0 72,1.0 109,2.0 183,2.0 259,1.0 261,1.0 266,1.0 
5,2.0 16,2.0 17,2.0 39,2.0 57,2.0 97,4.0 191,2.0 213,2.0 243,2.0 
5,4.0 11,8.0 13,2.0 17,6.0 39,2.0 56,2.0 76,2.0 100,2.0 109,2.0 111,2.0 123,2.0 175,2.0 229,2.0 230,2.0 242,1.0 249,4.0 250,2.0 254,2.0 259,4.0 261,2.0 277,2.0 282,2.0 301,2.0 318,2.0 319,2.0 335,2.0 
4,2.0 59,2.0 
4,2.0 58,2.0 
1,2.0 10,2.0 35,2.0 61,2.0 
1,4.0 2,2.0 10,4.0 95,2.0 108,2.0 157,1.0 
0,2.0 3,6.0 9,2.0 12,6.0 13,2.0 25,2.0 51,2.0 63,2.0 64,2.0 73,2.0 108,2.0 125,2.0 134,2.0 137,2.0 157,3.0 185,2.0 243,2.0 318,7.0 335,2.0 
3,2.0 12,2.0 13,2.0 62,2.0 108,2.0 128,2.0 144,2.0 186,2.0 
65,2.0 
1,1.0 2,3.0 3,3.0 5,3.0 7,4.0 8,3.0 20,2.0 22,6.0 23,3.0 29,2.0 65,2.0 66,1.0 67,2.0 70,3.0 81,2.0 95,2.0 113,2.0 119,2.0 127,1.0 139,3.0 303,3.0 419,3.0 
1,4.0 2,2.0 3,1.0 4,4.0 5,2.0 7,5.0 8,3.0 22,6.0 23,8.0 32,1.0 35,1.0 36,1.0 42,1.0 65,2.0 66,1.0 69,4.0 70,1.0 77,14.0 78,1.0 80,2.0 92,2.0 111,28.0 127,4.0 128,1.0 133,34.0 137,2.0 139,1.0 152,1.0 153,5.0 168,2.0 176,4.0 180,2.0 210,5.0 213,2.0 217,7.0 220,1.0 303,1.0 407,2.0 410,2.0 419,1.0 429,1.0 431,1.0 432,1.0 433,1.0 434,1.0 435,1.0 436,1.0 
6,1.0 20,3.0 27,14.0 29,2.0 50,3.0 51,3.0 68,2.0 77,2.0 79,13.0 80,4.0 86,7.0 92,2.0 96,2.0 109,22.0 124,2.0 133,5.0 152,3.0 153,3.0 229,2.0 230,2.0 249,2.0 251,3.0 259,2.0 295,2.0 299,2.0 301,2.0 343,2.0 
23,2.0 66,2.0 69,2.0 121,1.0 138,1.0 415,1.0 424,1.0 
0,2.0 2,2.0 4,4.0 5,2.0 23,2.0 66,2.0 168,2.0 
1,3.0 2,2.0 3,7.0 4,10.0 8,5.0 22,3.0 23,1.0 25,2.0 47,6.0 48,2.0 65,5.0 70,1.0 71,2.0 73,2.0 82,2.0 83,2.0 84,2.0 97,2.0 157,2.0 185,2.0 188,2.0 191,2.0 303,3.0 398,2.0 
5,3.0 13,3.0 21,3.0 22,2.0 37,3.0 42,3.0 50,1.0 71,1.0 79,2.0 194,1.0 413,1.0 414,1.0 
5,3.0 12,3.0 28,2.0 37,2.0 54,1.0 55,1.0 129,2.0 154,2.0 195,2.0 196,4.0 197,4.0 221,2.0 229,1.0 250,2.0 258,1.0 259,3.0 261,3.0 266,1.0 282,1.0 
3,2.0 4,14.0 8,2.0 16,2.0 17,2.0 22,4.0 25,4.0 42,5.0 48,2.0 49,10.0 62,2.0 70,2.0 74,4.0 75,4.0 77,6.0 79,2.0 80,4.0 82,4.0 97,2.0 109,1.0 111,4.0 122,1.0 125,2.0 129,2.0 133,6.0 137,2.0 140,2.0 154,2.0 157,2.0 185,6.0 186,2.0 188,2.0 193,2.0 194,2.0 197,2.0 217,2.0 218,2.0 221,2.0 242,8.0 243,6.0 246,4.0 248,2.0 249,4.0 250,1.0 258,1.0 264,4.0 266,4.0 268,2.0 277,1.0 298,1.0 301,1.0 305,1.0 311,1.0 312,1.0 
22,2.0 42,2.0 73,4.0 75,4.0 129,2.0 193,2.0 
22,2.0 42,2.0 73,4.0 74,4.0 129,2.0 193,2.0 
5,4.0 10,2.0 13,10.0 17,4.0 27,2.0 52,4.0 57,2.0 77,4.0 79,4.0 80,4.0 81,6.0 92,2.0 95,6.0 110,2.0 111,10.0 113,2.0 117,2.0 123,8.0 127,8.0 133,14.0 145,2.0 154,2.0 163,3.0 164,5.0 167,4.0 175,6.0 183,4.0 192,2.0 211,2.0 214,2.0 216,2.0 217,4.0 218,1.0 237,1.0 242,6.0 243,4.0 246,2.0 250,4.0 264,3.0 266,3.0 
1,6.0 2,4.0 3,1.0 7,6.0 8,1.0 10,2.0 13,2.0 22,5.0 23,4.0 29,2.0 49,2.0 51,2.0 65,1.0 66,13.0 70,1.0 73,6.0 76,4.0 79,4.0 80,4.0 88,4.0 96,6.0 97,2.0 111,8.0 119,2.0 125,4.0 127,2.0 133,17.0 153,2.0 154,2.0 163,2.0 168,2.0 180,2.0 210,1.0 213,2.0 214,2.0 229,3.0 230,1.0 249,2.0 250,2.0 252,2.0 254,1.0 255,1.0 256,1.0 268,1.0 282,1.0 303,1.0 323,1.0 429,1.0 432,1.0 433,1.0 434,1.0 435,1.0 436,1.0 
2,3.0 5,3.0 8,1.0 23,2.0 32,3.0 35,3.0 42,3.0 66,2.0 77,2.0 78,1.0 103,1.0 111,1.0 133,1.0 152,2.0 239,1.0 240,1.0 241,1.0 242,1.0 407,1.0 411,1.0 
4,2.0 5,2.0 8,2.0 9,2.0 20,3.0 25,2.0 27,13.0 29,6.0 50,7.0 51,3.0 76,2.0 77,2.0 80,6.0 81,2.0 85,2.0 96,2.0 108,5.0 109,6.0 110,11.0 111,4.0 113,6.0 117,6.0 120,4.0 121,2.0 133,3.0 137,4.0 152,1.0 153,1.0 160,2.0 229,1.0 230,1.0 242,1.0 249,2.0 250,3.0 252,2.0 254,3.0 256,2.0 261,1.0 266,1.0 278,2.0 
0,5.0 4,6.0 5,4.0 8,4.0 13,2.0 20,3.0 22,4.0 26,2.0 27,8.0 29,14.0 52,4.0 53,1.0 79,2.0 80,2.0 81,2.0 91,2.0 92,8.0 108,4.0 109,8.0 110,6.0 113,6.0 120,6.0 122,22.0 129,4.0 131,2.0 132,4.0 133,4.0 134,20.0 142,4.0 143,2.0 146,2.0 150,2.0 154,2.0 157,9.0 185,2.0 186,5.0 229,3.0 230,3.0 242,1.0 243,5.0 246,1.0 249,2.0 259,2.0 264,2.0 266,1.0 268,1.0 271,1.0 291,1.0 295,2.0 299,2.0 300,2.0 348,2.0 
7,2.0 17,2.0 22,2.0 52,2.0 76,6.0 80,2.0 92,2.0 95,2.0 127,2.0 133,6.0 211,2.0 
4,8.0 17,8.0 22,2.0 25,4.0 70,2.0 73,4.0 83,2.0 84,2.0 97,2.0 154,2.0 157,1.0 213,2.0 
4,2.0 25,1.0 70,2.0 82,2.0 84,2.0 116,1.0 151,1.0 407,1.0 415,1.0 416,1.0 417,1.0 418,1.0 
4,2.0 42,2.0 80,2.0 110,2.0 
4,6.0 7,2.0 8,4.0 17,2.0 20,2.0 27,2.0 36,2.0 50,2.0 113,2.0 114,2.0 115,4.0 118,2.0 120,2.0 124,4.0 186,2.0 219,2.0 329,2.0 350,2.0 
50,3.0 67,7.0 79,3.0 87,2.0 96,2.0 202,2.0 249,2.0 259,2.0 301,2.0 332,2.0 343,2.0 
5,1.0 11,1.0 17,1.0 88,2.0 
4,4.0 5,2.0 8,4.0 11,2.0 85,2.0 89,2.0 
90,2.0 
4,2.0 22,2.0 
11,2.0 16,2.0 17,2.0 20,2.0 27,6.0 76,2.0 80,1.0 81,2.0 92,3.0 109,1.0 111,2.0 115,1.0 120,2.0 122,2.0 123,2.0 127,2.0 129,1.0 133,2.0 134,1.0 138,2.0 140,2.0 157,6.0 163,2.0 165,2.0 166,1.0 168,4.0 169,1.0 185,1.0 186,4.0 229,1.0 230,2.0 248,2.0 250,2.0 252,2.0 253,2.0 254,2.0 259,2.0 263,2.0 264,2.0 266,1.0 279,2.0 280,1.0 286,1.0 287,1.0 
2,2.0 4,6.0 8,2.0 11,2.0 20,1.0 21,2.0 22,2.0 27,2.0 47,4.0 52,4.0 66,2.0 76,4.0 80,6.0 81,2.0 91,2.0 109,2.0 111,2.0 115,2.0 118,4.0 120,2.0 122,2.0 127,2.0 133,6.0 134,2.0 135,2.0 136,4.0 137,2.0 157,5.0 164,2.0 166,2.0 169,4.0 176,2.0 186,5.0 229,3.0 230,3.0 241,2.0 242,2.0 249,2.0 268,1.0 291,1.0 295,2.0 299,2.0 300,2.0 348,2.0 
70,2.0 94,2.0 
37,2.0 70,2.0 93,2.0 193,2.0 379,2.0 392,2.0 393,2.0 
1,2.0 7,2.0 10,4.0 17,2.0 38,2.0 61,2.0 73,6.0 76,6.0 77,6.0 81,2.0 96,2.0 108,2.0 109,1.0 111,4.0 125,2.0 133,6.0 144,1.0 154,4.0 186,2.0 192,2.0 198,4.0 230,1.0 231,3.0 242,6.0 243,4.0 246,2.0 250,4.0 259,2.0 264,3.0 266,3.0 267,1.0 268,1.0 271,1.0 278,1.0 282,2.0 289,1.0 
1,4.0 2,4.0 7,4.0 10,2.0 38,2.0 50,2.0 51,1.0 57,2.0 76,2.0 77,6.0 79,2.0 95,2.0 111,2.0 123,2.0 154,4.0 229,1.0 230,1.0 249,3.0 254,2.0 255,1.0 256,3.0 259,3.0 278,2.0 282,2.0 317,2.0 
3,2.0 5,2.0 8,7.0 11,3.0 12,5.0 17,3.0 25,2.0 34,2.0 39,2.0 49,2.0 56,4.0 70,2.0 73,2.0 77,2.0 88,2.0 109,2.0 111,2.0 115,2.0 129,2.0 133,2.0 148,2.0 153,1.0 157,1.0 173,4.0 179,2.0 186,2.0 191,5.0 229,2.0 230,1.0 234,2.0 235,2.0 243,4.0 246,1.0 250,1.0 252,2.0 254,3.0 268,2.0 275,1.0 277,3.0 282,4.0 306,2.0 
0,1.0 3,1.0 4,2.0 29,1.0 99,3.0 112,1.0 138,1.0 184,3.0 
4,2.0 98,3.0 112,1.0 138,1.0 184,1.0 
4,2.0 5,3.0 32,1.0 47,4.0 57,2.0 101,1.0 103,1.0 148,3.0 197,1.0 244,1.0 249,2.0 259,2.0 293,1.0 301,2.0 318,2.0 319,4.0 
5,1.0 29,1.0 100,1.0 103,4.0 221,1.0 298,2.0 371,1.0 
51,1.0 
8,1.0 29,1.0 32,1.0 47,1.0 78,1.0 97,1.0 100,1.0 101,4.0 104,1.0 105,1.0 106,1.0 107,1.0 108,1.0 148,1.0 152,1.0 221,1.0 239,1.0 240,1.0 241,1.0 242,1.0 293,1.0 298,2.0 371,1.0 
103,1.0 105,1.0 106,1.0 107,1.0 108,1.0 
32,1.0 35,1.0 51,1.0 103,1.0 104,1.0 106,1.0 107,1.0 108,1.0 156,1.0 
103,1.0 104,1.0 105,1.0 107,1.0 108,1.0 
103,1.0 104,1.0 105,1.0 106,1.0 108,1.0 
0,4.0 3,2.0 6,2.0 12,2.0 25,2.0 29,2.0 62,2.0 67,12.0 109,24.0 110,8.0 111,12.0 113,4.0 153,2.0 251,2.0 
2,3.0 4,3.0 6,1.0 9,2.0 11,2.0 16,1.0 17,4.0 20,1.0 25,2.0 27,16.0 29,18.0 31,3.0 32,2.0 49,2.0 51,4.0 57,2.0 65,2.0 67,22.0 73,2.0 76,2.0 79,15.0 80,18.0 85,2.0 91,3.0 92,2.0 95,1.0 97,2.0 109,2.0 110,16.0 111,4.0 113,12.0 115,1.0 118,1.0 122,4.0 124,4.0 125,2.0 129,4.0 130,4.0 133,7.0 134,2.0 137,5.0 138,2.0 142,3.0 144,2.0 148,5.0 149,2.0 152,3.0 153,3.0 154,4.0 157,12.0 169,2.0 179,1.0 185,3.0 186,14.0 187,2.0 197,2.0 198,1.0 217,2.0 225,2.0 229,4.0 230,5.0 241,1.0 242,2.0 244,1.0 246,2.0 250,1.0 252,1.0 264,1.0 268,5.0 276,1.0 277,2.0 288,1.0 308,2.0 
27,9.0 29,14.0 79,13.0 80,6.0 109,14.0 120,6.0 
1,2.0 2,1.0 3,1.0 5,6.0 7,2.0 8,3.0 13,5.0 17,6.0 21,1.0 22,1.0 27,4.0 32,1.0 35,1.0 37,1.0 42,2.0 57,2.0 65,1.0 66,27.0 67,6.0 69,2.0 70,1.0 71,1.0 73,4.0 76,10.0 77,8.0 78,1.0 79,4.0 80,6.0 88,2.0 92,2.0 97,2.0 109,16.0 110,6.0 111,2.0 113,4.0 119,4.0 123,21.0 130,2.0 133,36.0 134,2.0 137,2.0 146,2.0 152,5.0 153,3.0 163,11.0 164,4.0 169,2.0 175,6.0 176,4.0 183,4.0 210,4.0 217,7.0 218,1.0 220,1.0 226,2.0 235,1.0 236,1.0 237,1.0 303,1.0 372,4.0 407,6.0 410,1.0 411,3.0 412,2.0 429,1.0 432,1.0 433,1.0 434,1.0 435,1.0 436,1.0 
0,1.0 1,1.0 3,1.0 5,6.0 7,1.0 31,1.0 66,1.0 77,1.0 108,4.0 109,2.0 111,1.0 121,2.0 133,2.0 138,1.0 153,1.0 158,1.0 159,2.0 184,1.0 425,1.0 426,1.0 427,1.0 
13,1.0 20,6.0 26,2.0 27,2.0 29,12.0 79,6.0 80,16.0 92,1.0 109,4.0 124,4.0 134,2.0 157,1.0 176,1.0 194,1.0 272,1.0 292,1.0 370,1.0 
4,4.0 5,4.0 13,4.0 20,2.0 85,2.0 109,4.0 112,1.0 115,6.0 121,1.0 122,2.0 159,1.0 184,1.0 
0,2.0 20,2.0 21,1.0 27,1.0 37,1.0 67,4.0 91,1.0 109,5.0 120,13.0 126,2.0 127,2.0 129,2.0 134,2.0 153,2.0 154,1.0 157,3.0 169,1.0 183,1.0 185,3.0 186,1.0 189,2.0 194,1.0 229,1.0 249,1.0 251,2.0 261,1.0 264,1.0 266,1.0 354,1.0 356,2.0 364,1.0 
5,4.0 17,1.0 25,1.0 79,4.0 83,1.0 151,1.0 420,1.0 421,1.0 
27,6.0 79,2.0 118,4.0 122,2.0 134,4.0 137,2.0 169,2.0 186,2.0 262,2.0 285,2.0 
27,2.0 50,4.0 51,2.0 52,2.0 71,1.0 79,4.0 92,4.0 109,1.0 120,8.0 122,1.0 129,2.0 137,1.0 140,4.0 169,2.0 241,2.0 242,2.0 248,1.0 250,1.0 
27,4.0 29,4.0 120,4.0 137,2.0 140,2.0 
0,2.0 4,2.0 5,4.0 11,3.0 13,4.0 17,5.0 20,2.0 21,2.0 27,5.0 50,4.0 71,1.0 79,2.0 80,4.0 85,6.0 91,2.0 92,2.0 109,1.0 115,7.0 118,8.0 121,4.0 122,6.0 128,2.0 133,4.0 134,4.0 140,6.0 153,2.0 154,1.0 157,2.0 169,1.0 183,2.0 185,2.0 186,1.0 189,2.0 194,1.0 230,1.0 241,2.0 242,2.0 248,1.0 249,3.0 250,1.0 253,1.0 254,1.0 255,1.0 256,1.0 259,4.0 261,1.0 263,2.0 264,5.0 282,1.0 329,2.0 348,2.0 349,2.0 350,2.0 355,4.0 
0,1.0 1,1.0 3,1.0 5,6.0 7,1.0 31,1.0 66,1.0 77,1.0 98,1.0 99,1.0 108,4.0 111,1.0 112,2.0 114,1.0 122,2.0 133,2.0 138,1.0 153,1.0 158,1.0 159,2.0 184,1.0 423,1.0 
9,2.0 13,2.0 17,2.0 20,2.0 26,4.0 27,4.0 49,1.0 51,2.0 67,2.0 73,1.0 76,2.0 79,4.0 80,20.0 91,2.0 97,2.0 109,5.0 110,4.0 117,2.0 118,1.0 120,8.0 123,2.0 129,2.0 134,21.0 137,1.0 143,4.0 148,1.0 154,1.0 157,5.0 169,1.0 179,1.0 185,1.0 186,7.0 187,2.0 259,2.0 264,2.0 286,1.0 287,1.0 
5,5.0 13,5.0 17,4.0 21,1.0 37,1.0 42,1.0 57,2.0 71,1.0 76,8.0 79,4.0 110,2.0 111,20.0 134,2.0 146,1.0 163,10.0 164,2.0 169,2.0 175,6.0 183,4.0 226,2.0 236,1.0 372,4.0 407,1.0 412,1.0 
26,14.0 27,6.0 67,2.0 80,2.0 113,4.0 120,6.0 126,2.0 134,8.0 140,2.0 249,2.0 348,2.0 
49,2.0 62,2.0 73,2.0 77,4.0 79,2.0 88,2.0 124,2.0 126,2.0 133,4.0 134,2.0 137,2.0 
20,2.0 26,2.0 27,2.0 124,2.0 
52,2.0 66,3.0 76,8.0 77,2.0 81,2.0 92,2.0 116,1.0 117,2.0 122,2.0 127,1.0 128,2.0 132,2.0 133,14.0 163,4.0 164,4.0 167,4.0 176,2.0 178,2.0 180,2.0 211,2.0 216,2.0 217,2.0 420,1.0 421,1.0 
4,2.0 63,2.0 80,2.0 108,2.0 116,1.0 121,1.0 127,1.0 149,1.0 420,1.0 421,1.0 422,1.0 423,1.0 
0,7.0 3,2.0 9,3.0 20,2.0 27,7.0 37,1.0 42,3.0 51,11.0 53,2.0 73,2.0 74,2.0 75,2.0 80,2.0 91,1.0 92,1.0 109,8.0 111,2.0 115,1.0 118,1.0 122,1.0 129,1.0 130,2.0 134,2.0 137,2.0 144,4.0 147,2.0 154,4.0 155,1.0 157,5.0 185,6.0 186,3.0 189,1.0 191,1.0 193,2.0 194,1.0 217,2.0 225,2.0 230,4.0 231,1.0 233,2.0 234,2.0 242,1.0 243,7.0 253,2.0 254,2.0 259,4.0 265,1.0 266,1.0 
79,2.0 80,2.0 109,4.0 
27,6.0 52,2.0 80,4.0 91,2.0 120,1.0 129,2.0 142,1.0 230,5.0 252,2.0 254,3.0 259,5.0 320,2.0 322,2.0 
23,6.0 27,2.0 92,2.0 127,2.0 133,12.0 134,4.0 135,4.0 157,2.0 167,2.0 178,4.0 203,2.0 219,2.0 229,4.0 230,2.0 246,6.0 259,2.0 268,2.0 269,2.0 282,2.0 295,2.0 296,4.0 298,2.0 360,2.0 
0,1.0 1,4.0 2,1.0 3,2.0 5,1.0 7,3.0 8,3.0 22,2.0 23,6.0 26,2.0 27,3.0 29,1.0 31,1.0 36,1.0 49,2.0 52,4.0 65,2.0 66,34.0 67,2.0 69,2.0 70,1.0 73,6.0 76,14.0 77,18.0 79,5.0 80,14.0 81,6.0 88,4.0 92,6.0 97,2.0 108,5.0 110,2.0 111,38.0 112,1.0 113,2.0 121,1.0 122,6.0 123,1.0 124,4.0 125,4.0 127,14.0 132,12.0 133,2.0 134,6.0 135,4.0 137,2.0 139,1.0 146,1.0 152,7.0 153,9.0 158,1.0 159,1.0 163,4.0 164,5.0 167,4.0 168,2.0 176,6.0 178,4.0 203,2.0 210,5.0 211,4.0 213,2.0 216,2.0 217,9.0 219,2.0 220,1.0 235,1.0 303,1.0 360,2.0 407,5.0 410,1.0 411,3.0 412,1.0 419,1.0 429,1.0 431,1.0 432,1.0 433,1.0 434,1.0 435,1.0 436,1.0 
0,6.0 4,4.0 5,2.0 9,1.0 20,4.0 27,4.0 29,6.0 32,2.0 47,4.0 52,2.0 53,2.0 63,2.0 85,2.0 91,2.0 92,4.0 98,2.0 109,2.0 115,3.0 120,2.0 122,4.0 129,3.0 133,2.0 135,4.0 136,2.0 137,2.0 140,2.0 143,4.0 144,2.0 150,2.0 151,2.0 154,3.0 157,5.0 169,7.0 184,2.0 185,2.0 186,19.0 189,2.0 194,1.0 229,4.0 230,4.0 242,2.0 243,2.0 246,2.0 252,3.0 254,2.0 263,1.0 268,4.0 270,1.0 278,2.0 282,2.0 293,4.0 324,8.0 325,6.0 327,2.0 328,2.0 
4,2.0 47,2.0 92,4.0 134,4.0 136,2.0 
4,4.0 47,4.0 109,2.0 144,2.0 
2,4.0 8,2.0 11,2.0 17,2.0 29,4.0 42,2.0 50,2.0 51,2.0 92,2.0 109,5.0 111,2.0 118,1.0 122,1.0 129,2.0 134,2.0 138,4.0 140,4.0 141,2.0 154,1.0 166,2.0 169,4.0 229,4.0 230,5.0 242,1.0 268,5.0 277,2.0 308,2.0 
2,2.0 8,2.0 11,4.0 17,2.0 92,2.0 98,1.0 99,1.0 108,4.0 109,2.0 112,1.0 121,1.0 149,2.0 184,1.0 425,1.0 426,1.0 427,1.0 
2,3.0 5,3.0 22,5.0 26,2.0 65,3.0 66,1.0 127,1.0 139,1.0 419,3.0 
8,2.0 11,2.0 17,2.0 26,2.0 62,2.0 85,2.0 91,2.0 120,2.0 125,2.0 137,2.0 146,2.0 169,2.0 263,2.0 264,2.0 
2,2.0 20,2.0 
27,4.0 29,2.0 80,4.0 115,1.0 120,6.0 131,1.0 134,2.0 143,2.0 155,1.0 169,2.0 173,3.0 183,1.0 229,2.0 230,3.0 254,1.0 259,1.0 268,2.0 
32,2.0 63,2.0 92,2.0 133,2.0 137,4.0 144,2.0 293,2.0 
27,2.0 76,2.0 80,2.0 84,2.0 95,1.0 109,2.0 113,2.0 129,2.0 133,2.0 143,4.0 147,2.0 157,4.0 186,4.0 198,1.0 233,2.0 234,2.0 
27,2.0 137,2.0 
4,2.0 5,1.0 13,3.0 17,2.0 21,1.0 27,2.0 37,1.0 42,1.0 71,1.0 111,1.0 118,2.0 123,1.0 129,4.0 164,1.0 406,1.0 407,2.0 408,1.0 412,1.0 
27,2.0 144,2.0 
0,2.0 4,2.0 5,2.0 8,2.0 32,1.0 47,7.0 97,2.0 109,3.0 138,2.0 149,2.0 154,2.0 157,3.0 179,7.0 186,2.0 191,2.0 229,1.0 230,2.0 243,4.0 246,3.0 247,2.0 268,2.0 270,1.0 277,1.0 293,1.0 294,2.0 335,2.0 
108,2.0 121,1.0 128,1.0 138,2.0 422,1.0 423,1.0 
52,2.0 109,3.0 134,2.0 137,3.0 229,2.0 230,2.0 268,2.0 273,3.0 
4,2.0 25,1.0 47,2.0 83,1.0 109,2.0 116,1.0 
2,1.0 5,1.0 8,1.0 27,1.0 29,1.0 32,1.0 35,1.0 42,1.0 66,1.0 78,2.0 79,1.0 103,1.0 108,3.0 111,6.0 123,1.0 133,7.0 146,1.0 152,1.0 153,4.0 164,1.0 235,1.0 239,1.0 240,1.0 241,1.0 242,1.0 407,5.0 410,1.0 411,3.0 412,1.0 
1,2.0 2,2.0 3,1.0 5,2.0 7,2.0 8,1.0 22,2.0 27,1.0 29,3.0 32,1.0 35,1.0 42,1.0 65,2.0 66,4.0 70,1.0 77,2.0 78,1.0 79,1.0 80,2.0 108,3.0 111,3.0 120,2.0 122,2.0 133,8.0 139,1.0 152,4.0 230,1.0 242,1.0 251,4.0 275,1.0 303,1.0 407,2.0 410,2.0 419,1.0 429,1.0 432,1.0 433,1.0 434,1.0 435,1.0 436,1.0 
0,16.0 4,4.0 6,2.0 8,4.0 9,2.0 16,1.0 27,3.0 32,1.0 34,2.0 35,1.0 47,2.0 49,2.0 51,4.0 73,4.0 76,2.0 77,1.0 80,2.0 95,2.0 96,1.0 97,2.0 105,1.0 109,4.0 118,1.0 122,2.0 129,5.0 134,3.0 137,1.0 148,6.0 154,1.0 155,1.0 157,4.0 179,5.0 185,3.0 186,3.0 187,2.0 188,2.0 189,4.0 192,4.0 194,3.0 198,2.0 221,4.0 241,1.0 242,1.0 243,32.0 244,2.0 245,2.0 246,5.0 247,2.0 248,2.0 249,2.0 250,2.0 253,2.0 254,2.0 255,3.0 256,3.0 263,1.0 268,2.0 269,2.0 270,1.0 303,4.0 304,1.0 330,6.0 335,2.0 341,3.0 351,4.0 357,2.0 360,2.0 361,2.0 399,2.0 400,2.0 
115,2.0 120,1.0 129,1.0 142,1.0 
51,1.0 129,1.0 
0,5.0 6,4.0 16,2.0 20,5.0 27,10.0 49,2.0 51,1.0 53,1.0 62,2.0 73,4.0 80,8.0 91,8.0 92,4.0 97,2.0 109,12.0 115,3.0 120,1.0 122,5.0 129,6.0 134,5.0 144,4.0 148,2.0 154,4.0 157,10.0 169,5.0 179,4.0 183,1.0 185,27.0 186,19.0 187,2.0 189,2.0 190,2.0 197,1.0 229,4.0 230,2.0 233,2.0 234,2.0 242,1.0 243,27.0 244,1.0 246,2.0 252,1.0 264,1.0 266,2.0 271,1.0 276,1.0 286,1.0 287,1.0 288,1.0 294,2.0 295,2.0 297,2.0 298,2.0 299,2.0 305,3.0 318,2.0 334,2.0 344,2.0 360,2.0 
0,1.0 3,1.0 31,1.0 112,1.0 121,1.0 133,1.0 159,1.0 
0,1.0 1,1.0 3,1.0 7,1.0 31,1.0 66,1.0 77,1.0 111,1.0 112,2.0 121,2.0 133,2.0 153,1.0 158,1.0 
9,2.0 161,2.0 
162,2.0 
79,2.0 
76,3.0 77,2.0 111,11.0 123,10.0 127,4.0 133,4.0 134,2.0 169,2.0 176,2.0 211,2.0 214,2.0 218,1.0 226,2.0 372,4.0 
5,1.0 13,1.0 21,1.0 37,1.0 42,1.0 52,2.0 71,1.0 76,5.0 111,3.0 118,2.0 120,2.0 123,2.0 127,4.0 133,4.0 146,1.0 217,2.0 236,1.0 237,1.0 407,1.0 412,1.0 
166,2.0 
91,4.0 92,2.0 137,2.0 169,2.0 
13,2.0 76,4.0 80,2.0 127,4.0 132,2.0 133,4.0 178,2.0 216,2.0 
0,2.0 2,4.0 4,6.0 5,6.0 11,2.0 13,2.0 66,6.0 77,2.0 92,2.0 111,4.0 127,2.0 133,4.0 169,6.0 183,2.0 297,2.0 302,2.0 
4,2.0 20,2.0 22,2.0 27,2.0 28,2.0 47,2.0 73,2.0 91,2.0 109,2.0 115,1.0 129,1.0 134,7.0 157,5.0 168,12.0 185,2.0 186,1.0 229,4.0 230,4.0 252,1.0 254,2.0 268,4.0 278,2.0 282,2.0 303,2.0 330,2.0 331,2.0 
9,2.0 171,2.0 
172,2.0 
50,2.0 
120,1.0 134,2.0 142,3.0 169,2.0 174,4.0 183,1.0 210,2.0 211,2.0 229,2.0 230,2.0 268,2.0 
53,2.0 76,4.0 91,2.0 111,4.0 123,4.0 127,2.0 133,2.0 163,2.0 175,4.0 176,2.0 181,2.0 
5,2.0 13,2.0 17,2.0 57,2.0 76,6.0 111,6.0 123,6.0 183,4.0 186,2.0 254,2.0 277,2.0 282,2.0 359,2.0 
13,1.0 66,2.0 77,2.0 133,2.0 168,4.0 177,2.0 180,2.0 194,1.0 199,2.0 370,1.0 371,1.0 
178,2.0 
2,2.0 8,2.0 22,2.0 23,4.0 66,2.0 111,2.0 132,4.0 133,6.0 169,2.0 180,2.0 181,2.0 203,2.0 360,2.0 
24,2.0 97,2.0 109,1.0 148,7.0 157,3.0 180,2.0 186,3.0 191,1.0 230,1.0 243,4.0 246,1.0 268,1.0 277,1.0 360,4.0 
13,2.0 55,2.0 174,2.0 178,4.0 
37,2.0 182,2.0 
127,2.0 132,2.0 133,2.0 167,2.0 
5,4.0 13,4.0 17,4.0 51,2.0 91,2.0 109,1.0 115,1.0 120,2.0 134,1.0 157,2.0 169,1.0 174,2.0 185,2.0 256,1.0 259,1.0 282,1.0 
0,1.0 3,1.0 29,1.0 98,2.0 112,2.0 114,1.0 121,1.0 138,1.0 159,1.0 425,1.0 426,1.0 427,1.0 
0,10.0 3,2.0 4,2.0 8,5.0 9,4.0 11,2.0 27,4.0 47,2.0 48,2.0 51,6.0 57,2.0 62,2.0 67,2.0 70,2.0 73,6.0 86,4.0 91,2.0 109,3.0 115,3.0 120,1.0 122,1.0 129,4.0 134,4.0 148,4.0 154,7.0 157,13.0 169,2.0 179,4.0 183,1.0 185,2.0 186,2.0 187,2.0 188,2.0 229,1.0 243,20.0 266,1.0 306,2.0 318,2.0 332,2.0 334,2.0 351,2.0 358,2.0 360,2.0 365,2.0 366,1.0 367,1.0 
0,6.0 1,2.0 9,1.0 10,2.0 20,1.0 27,6.0 49,3.0 53,2.0 61,2.0 73,3.0 80,3.0 91,4.0 92,3.0 95,4.0 97,4.0 109,15.0 122,6.0 129,2.0 134,16.0 144,4.0 148,2.0 154,5.0 157,22.0 169,2.0 179,2.0 185,4.0 186,9.0 189,2.0 194,1.0 197,2.0 198,2.0 229,1.0 242,2.0 243,2.0 244,1.0 246,3.0 250,1.0 251,6.0 252,3.0 263,1.0 264,7.0 266,2.0 270,1.0 276,1.0 286,1.0 287,1.0 288,1.0 294,2.0 326,2.0 
9,5.0 51,2.0 62,4.0 109,2.0 122,1.0 154,2.0 185,1.0 187,1.0 241,1.0 318,2.0 
1,2.0 7,2.0 23,2.0 45,2.0 53,2.0 296,2.0 322,2.0 
0,5.0 3,2.0 27,2.0 36,2.0 48,2.0 70,2.0 73,2.0 115,1.0 120,1.0 129,2.0 134,2.0 154,2.0 185,2.0 186,2.0 189,2.0 194,3.0 227,2.0 243,2.0 257,2.0 265,1.0 266,1.0 296,2.0 333,2.0 352,2.0 
3,2.0 8,2.0 70,2.0 97,2.0 
6,2.0 8,2.0 16,2.0 37,2.0 72,2.0 129,2.0 154,6.0 189,2.0 243,12.0 297,2.0 303,2.0 304,2.0 330,4.0 335,6.0 341,4.0 342,2.0 353,2.0 
0,4.0 10,2.0 38,2.0 53,2.0 76,2.0 95,4.0 96,2.0 154,4.0 214,2.0 216,2.0 243,8.0 395,2.0 396,2.0 
37,2.0 42,2.0 73,2.0 74,2.0 75,2.0 94,2.0 129,2.0 379,2.0 392,2.0 393,2.0 
0,5.0 9,2.0 10,1.0 12,2.0 13,1.0 27,1.0 39,2.0 96,1.0 115,1.0 120,1.0 129,3.0 134,1.0 154,1.0 176,1.0 186,1.0 187,2.0 189,3.0 218,2.0 220,2.0 243,2.0 265,1.0 266,1.0 369,1.0 370,1.0 371,1.0 
72,2.0 154,2.0 196,2.0 197,2.0 
72,4.0 154,2.0 195,2.0 197,4.0 221,2.0 250,2.0 259,2.0 261,2.0 
4,1.0 5,1.0 47,1.0 49,2.0 54,2.0 72,4.0 73,2.0 100,1.0 122,2.0 148,1.0 154,2.0 157,1.0 186,2.0 195,2.0 196,4.0 221,2.0 230,1.0 244,3.0 250,2.0 254,2.0 258,4.0 259,2.0 261,2.0 268,2.0 276,2.0 282,2.0 283,2.0 284,2.0 319,1.0 
1,2.0 33,2.0 49,2.0 77,2.0 95,4.0 109,1.0 125,2.0 129,2.0 133,2.0 144,1.0 186,2.0 230,1.0 231,3.0 259,2.0 267,1.0 268,1.0 271,1.0 278,1.0 282,2.0 289,1.0 357,2.0 383,2.0 384,2.0 
4,2.0 11,2.0 22,2.0 
201,6.0 202,2.0 
23,2.0 28,2.0 132,2.0 133,2.0 178,2.0 200,2.0 215,2.0 
157,2.0 200,2.0 
204,2.0 
4,2.0 47,2.0 70,2.0 
206,2.0 
207,2.0 
4,2.0 17,2.0 82,2.0 
2,4.0 4,4.0 5,4.0 11,2.0 12,2.0 16,1.0 17,2.0 31,2.0 42,1.0 51,2.0 109,2.0 129,2.0 209,11.0 217,2.0 225,15.0 
0,2.0 5,2.0 42,1.0 73,2.0 111,4.0 123,4.0 163,4.0 208,19.0 210,7.0 211,5.0 217,3.0 218,1.0 225,4.0 372,1.0 
9,2.0 16,2.0 76,2.0 81,2.0 127,2.0 133,4.0 163,2.0 208,2.0 209,19.0 211,6.0 222,2.0 223,1.0 286,2.0 371,2.0 
0,6.0 2,2.0 4,2.0 5,4.0 8,2.0 11,4.0 13,4.0 66,5.0 77,1.0 111,4.0 133,5.0 209,5.0 210,10.0 212,6.0 213,3.0 374,4.0 
210,2.0 211,15.0 213,4.0 371,2.0 
2,2.0 4,4.0 11,6.0 13,6.0 17,2.0 22,2.0 31,4.0 32,1.0 76,2.0 77,2.0 101,1.0 103,1.0 154,2.0 163,2.0 211,2.0 212,15.0 214,2.0 216,2.0 399,2.0 
0,6.0 19,2.0 66,2.0 76,2.0 77,2.0 127,2.0 133,4.0 167,2.0 201,2.0 212,2.0 213,21.0 371,4.0 
8,2.0 11,2.0 17,2.0 
192,2.0 213,3.0 214,4.0 222,7.0 374,2.0 
2,2.0 4,2.0 12,2.0 13,2.0 17,2.0 73,2.0 111,2.0 123,2.0 163,2.0 209,2.0 218,3.0 220,2.0 225,12.0 226,11.0 376,2.0 
0,1.0 2,7.0 4,9.0 5,7.0 9,2.0 16,1.0 17,2.0 21,2.0 22,2.0 66,1.0 111,1.0 133,1.0 208,1.0 209,1.0 217,2.0 219,3.0 220,5.0 226,8.0 227,1.0 376,2.0 
0,1.0 4,2.0 9,4.0 16,1.0 42,1.0 129,2.0 144,2.0 157,2.0 194,2.0 218,3.0 220,7.0 233,6.0 234,2.0 
5,2.0 11,2.0 13,2.0 16,1.0 24,2.0 53,2.0 101,1.0 103,1.0 194,2.0 208,1.0 218,10.0 219,5.0 221,1.0 228,1.0 233,2.0 376,2.0 
0,2.0 4,2.0 29,1.0 72,2.0 73,2.0 101,1.0 103,1.0 185,4.0 196,2.0 197,2.0 243,4.0 244,2.0 245,2.0 250,2.0 259,2.0 261,2.0 
5,1.0 16,2.0 214,8.0 
224,1.0 
2,1.0 4,1.0 8,1.0 
19,2.0 51,2.0 66,7.0 76,2.0 109,2.0 111,7.0 127,2.0 129,2.0 133,9.0 164,2.0 192,2.0 208,10.0 209,4.0 214,2.0 216,2.0 217,10.0 226,1.0 376,2.0 
13,2.0 76,3.0 111,1.0 163,1.0 217,6.0 218,12.0 220,1.0 230,1.0 236,2.0 254,1.0 259,1.0 321,2.0 
87,1.0 157,2.0 
229,1.0 230,1.0 231,1.0 232,1.0 
7,2.0 8,2.0 12,2.0 14,7.0 25,7.0 36,2.0 39,2.0 40,5.0 47,1.0 54,1.0 55,1.0 67,5.0 72,4.0 77,4.0 80,2.0 86,1.0 92,2.0 96,2.0 97,3.0 100,2.0 109,2.0 117,2.0 132,4.0 134,2.0 137,2.0 142,2.0 148,2.0 150,2.0 154,2.0 169,2.0 173,2.0 196,2.0 197,3.0 220,1.0 221,2.0 229,39.0 230,44.0 231,6.0 232,1.0 241,4.0 242,10.0 244,1.0 246,22.0 249,6.0 250,14.0 251,2.0 252,6.0 253,3.0 254,40.0 255,10.0 256,17.0 257,1.0 258,4.0 261,14.0 262,2.0 264,1.0 266,8.0 267,4.0 268,46.0 269,13.0 270,3.0 273,2.0 277,24.0 278,3.0 279,1.0 280,1.0 282,55.0 289,3.0 290,3.0 295,18.0 296,4.0 297,2.0 299,18.0 300,4.0 301,3.0 306,7.0 308,14.0 312,3.0 313,3.0 314,6.0 315,3.0 316,3.0 319,2.0 323,2.0 
7,1.0 11,1.0 14,2.0 20,1.0 27,5.0 36,1.0 40,2.0 57,3.0 67,5.0 77,1.0 80,4.0 86,3.0 91,2.0 92,4.0 96,2.0 97,1.0 100,2.0 109,6.0 113,1.0 117,2.0 120,1.0 129,2.0 131,6.0 132,4.0 134,3.0 137,3.0 142,4.0 148,2.0 150,3.0 154,1.0 157,6.0 169,3.0 173,3.0 179,1.0 186,3.0 197,1.0 220,1.0 226,2.0 229,47.0 230,17.0 231,7.0 232,1.0 236,2.0 242,5.0 244,1.0 246,8.0 249,9.0 252,14.0 253,9.0 254,25.0 255,1.0 256,2.0 258,1.0 259,40.0 264,1.0 266,6.0 267,9.0 268,57.0 269,10.0 270,3.0 271,10.0 273,3.0 276,1.0 277,15.0 278,9.0 279,3.0 282,7.0 285,2.0 286,2.0 287,2.0 289,6.0 290,5.0 291,7.0 292,1.0 295,7.0 296,4.0 298,2.0 299,10.0 300,2.0 305,2.0 307,5.0 308,6.0 309,4.0 313,1.0 314,2.0 315,2.0 317,2.0 318,2.0 319,2.0 320,2.0 321,1.0 322,2.0 323,1.0 
14,3.0 25,2.0 40,3.0 95,1.0 128,1.0 149,1.0 198,1.0 220,1.0 229,7.0 230,8.0 231,3.0 232,1.0 254,4.0 259,2.0 267,3.0 271,3.0 277,1.0 282,10.0 289,3.0 291,5.0 299,3.0 306,2.0 307,5.0 308,1.0 313,2.0 422,1.0 
220,1.0 229,1.0 230,1.0 231,1.0 
9,6.0 129,2.0 144,2.0 157,2.0 210,2.0 219,6.0 234,6.0 380,2.0 402,1.0 
8,2.0 16,2.0 34,2.0 97,2.0 111,1.0 133,1.0 152,1.0 173,2.0 233,2.0 235,2.0 236,1.0 377,2.0 
16,2.0 97,2.0 111,1.0 123,1.0 164,1.0 173,2.0 219,1.0 234,2.0 236,2.0 306,2.0 377,2.0 
76,1.0 111,1.0 164,1.0 226,2.0 230,1.0 237,2.0 238,1.0 254,1.0 259,1.0 321,2.0 
4,1.0 5,2.0 13,1.0 16,1.0 21,1.0 34,2.0 35,1.0 97,2.0 234,2.0 235,1.0 238,2.0 388,2.0 
5,2.0 8,1.0 13,2.0 21,2.0 25,1.0 78,1.0 97,2.0 103,1.0 152,1.0 229,1.0 233,1.0 235,2.0 239,1.0 240,1.0 282,1.0 306,2.0 377,2.0 386,4.0 388,1.0 402,1.0 
8,1.0 78,1.0 103,1.0 152,1.0 240,1.0 241,1.0 242,1.0 
8,1.0 78,1.0 103,1.0 152,1.0 239,1.0 241,1.0 242,1.0 
0,2.0 92,2.0 115,2.0 154,2.0 229,4.0 230,1.0 242,7.0 243,2.0 246,3.0 268,1.0 
0,5.0 4,10.0 16,1.0 53,1.0 67,1.0 73,10.0 76,6.0 80,2.0 92,2.0 95,6.0 103,1.0 109,2.0 113,1.0 115,2.0 117,2.0 134,1.0 142,1.0 154,5.0 155,1.0 157,3.0 186,2.0 229,6.0 230,9.0 241,4.0 242,9.0 243,4.0 246,29.0 249,8.0 250,10.0 251,1.0 252,3.0 253,1.0 254,1.0 256,2.0 259,4.0 262,2.0 264,15.0 265,1.0 266,20.0 267,1.0 268,6.0 269,1.0 271,2.0 272,1.0 273,1.0 274,1.0 277,4.0 282,2.0 298,2.0 301,2.0 305,2.0 311,2.0 312,2.0 
0,31.0 4,6.0 8,8.0 27,4.0 47,4.0 49,6.0 53,1.0 61,1.0 62,3.0 73,12.0 76,4.0 80,3.0 82,1.0 95,4.0 129,4.0 134,4.0 148,6.0 154,42.0 157,22.0 175,2.0 179,1.0 185,13.0 186,6.0 189,2.0 191,12.0 192,8.0 221,4.0 243,16.0 244,2.0 245,2.0 246,2.0 247,2.0 248,2.0 263,1.0 266,1.0 270,1.0 297,2.0 303,2.0 304,2.0 318,3.0 330,4.0 334,2.0 335,8.0 341,5.0 342,2.0 346,3.0 347,3.0 351,4.0 359,2.0 363,1.0 
0,2.0 4,1.0 5,1.0 47,1.0 100,1.0 122,1.0 148,1.0 157,1.0 185,2.0 186,1.0 197,3.0 221,2.0 230,1.0 243,2.0 245,2.0 258,1.0 268,1.0 276,2.0 319,1.0 
0,2.0 185,2.0 221,2.0 243,2.0 244,2.0 
0,3.0 4,6.0 16,1.0 53,1.0 67,1.0 73,6.0 76,4.0 80,2.0 95,4.0 109,2.0 117,2.0 132,8.0 134,1.0 154,7.0 157,4.0 186,2.0 229,22.0 230,6.0 242,25.0 243,4.0 246,10.0 247,2.0 249,2.0 250,4.0 251,1.0 252,2.0 253,2.0 254,2.0 255,4.0 256,4.0 259,6.0 262,2.0 264,7.0 266,9.0 268,11.0 269,9.0 271,1.0 273,1.0 274,1.0 277,1.0 282,12.0 295,6.0 296,8.0 297,2.0 298,4.0 301,2.0 305,2.0 311,2.0 312,2.0 
154,2.0 243,2.0 246,2.0 
50,1.0 91,2.0 120,2.0 140,2.0 194,1.0 229,2.0 249,2.0 250,4.0 
0,1.0 4,4.0 11,3.0 27,2.0 57,5.0 67,4.0 73,4.0 86,2.0 92,2.0 96,3.0 100,3.0 103,2.0 115,1.0 118,2.0 120,5.0 142,1.0 154,2.0 155,1.0 189,1.0 194,1.0 229,4.0 230,11.0 242,11.0 246,2.0 249,4.0 250,12.0 251,2.0 252,2.0 253,5.0 254,3.0 255,4.0 256,2.0 257,2.0 258,2.0 259,20.0 260,2.0 261,1.0 264,5.0 266,4.0 268,2.0 269,2.0 282,3.0 301,4.0 302,2.0 303,2.0 304,2.0 317,3.0 318,2.0 319,2.0 348,4.0 
11,2.0 14,2.0 40,2.0 50,1.0 57,2.0 67,2.0 72,2.0 76,2.0 79,1.0 91,2.0 95,2.0 100,1.0 103,2.0 113,1.0 120,2.0 140,2.0 196,2.0 197,2.0 221,2.0 229,12.0 230,3.0 241,2.0 242,11.0 246,4.0 248,2.0 249,12.0 250,4.0 251,2.0 252,6.0 253,4.0 254,8.0 255,4.0 256,4.0 257,2.0 258,2.0 259,4.0 260,2.0 261,14.0 264,4.0 266,5.0 267,1.0 271,3.0 272,1.0 277,2.0 282,2.0 291,2.0 297,2.0 307,2.0 310,2.0 
29,2.0 51,3.0 67,3.0 77,2.0 79,3.0 120,2.0 134,6.0 153,4.0 
0,2.0 8,1.0 27,2.0 80,2.0 91,2.0 97,1.0 131,3.0 154,2.0 157,2.0 229,7.0 230,15.0 242,3.0 243,2.0 246,2.0 249,2.0 250,6.0 253,5.0 254,12.0 259,8.0 261,6.0 265,1.0 266,4.0 267,2.0 268,9.0 269,2.0 271,2.0 279,2.0 282,4.0 286,2.0 287,2.0 289,2.0 290,2.0 291,1.0 305,2.0 322,2.0 
14,1.0 40,1.0 154,2.0 229,4.0 230,7.0 241,1.0 242,1.0 249,4.0 250,6.0 252,3.0 254,12.0 255,3.0 256,3.0 257,2.0 258,2.0 259,8.0 266,5.0 268,2.0 269,2.0 277,2.0 278,1.0 279,7.0 308,1.0 
7,1.0 8,2.0 12,2.0 14,10.0 25,6.0 27,3.0 36,1.0 39,2.0 40,8.0 47,1.0 54,2.0 57,2.0 67,2.0 77,3.0 86,2.0 91,2.0 96,2.0 97,2.0 100,1.0 113,1.0 120,1.0 154,3.0 175,2.0 197,2.0 229,38.0 230,23.0 231,3.0 241,1.0 242,7.0 249,2.0 250,4.0 252,9.0 253,15.0 254,19.0 255,6.0 256,18.0 257,3.0 258,7.0 259,11.0 261,5.0 266,6.0 267,1.0 268,4.0 269,2.0 271,7.0 277,23.0 278,10.0 279,6.0 280,5.0 281,2.0 282,50.0 283,2.0 284,2.0 286,2.0 287,2.0 289,1.0 291,5.0 292,1.0 306,5.0 307,4.0 308,8.0 309,4.0 319,1.0 321,1.0 323,1.0 
14,3.0 40,2.0 154,2.0 229,11.0 246,4.0 249,6.0 250,4.0 253,4.0 254,9.0 256,11.0 257,3.0 258,5.0 259,2.0 266,1.0 268,2.0 269,2.0 277,2.0 280,4.0 282,8.0 308,1.0 
14,3.0 40,2.0 47,1.0 67,2.0 86,2.0 95,2.0 100,1.0 115,1.0 120,1.0 142,1.0 154,2.0 157,1.0 173,1.0 183,1.0 185,1.0 198,2.0 229,10.0 230,2.0 231,1.0 241,1.0 242,2.0 246,4.0 249,4.0 250,2.0 253,4.0 254,15.0 255,8.0 257,2.0 258,2.0 259,5.0 261,2.0 266,1.0 268,2.0 269,2.0 277,7.0 278,2.0 279,5.0 280,4.0 281,2.0 282,8.0 308,1.0 319,1.0 
14,1.0 40,1.0 229,2.0 249,2.0 250,2.0 253,3.0 254,4.0 255,3.0 256,3.0 258,4.0 259,2.0 279,2.0 280,2.0 281,2.0 282,1.0 288,2.0 308,1.0 
14,3.0 40,2.0 49,1.0 57,2.0 73,1.0 97,3.0 148,1.0 175,2.0 179,1.0 229,6.0 230,1.0 249,2.0 250,2.0 253,2.0 254,9.0 255,4.0 256,4.0 257,2.0 259,2.0 261,2.0 268,2.0 277,2.0 280,1.0 282,6.0 
8,1.0 11,5.0 27,5.0 57,7.0 67,2.0 80,2.0 86,2.0 91,2.0 95,3.0 96,3.0 100,2.0 115,1.0 120,4.0 129,2.0 131,5.0 132,4.0 142,2.0 157,3.0 173,1.0 183,1.0 185,1.0 198,3.0 226,2.0 230,43.0 231,4.0 236,2.0 242,2.0 246,6.0 249,20.0 250,4.0 252,8.0 253,7.0 254,11.0 255,1.0 256,4.0 259,11.0 260,2.0 261,3.0 264,2.0 266,3.0 267,2.0 268,8.0 269,4.0 271,1.0 279,2.0 282,9.0 286,2.0 287,2.0 289,2.0 296,4.0 298,2.0 301,4.0 302,2.0 303,2.0 304,2.0 305,2.0 317,3.0 318,2.0 319,2.0 320,2.0 321,1.0 322,2.0 
229,2.0 250,2.0 261,2.0 
0,1.0 8,1.0 11,2.0 25,2.0 50,1.0 55,1.0 57,2.0 72,3.0 115,1.0 118,1.0 120,2.0 189,1.0 194,1.0 196,2.0 197,2.0 221,2.0 229,12.0 238,1.0 241,3.0 242,1.0 249,1.0 250,14.0 252,6.0 254,3.0 259,3.0 261,6.0 264,1.0 266,7.0 277,2.0 282,2.0 
117,2.0 134,2.0 186,2.0 
16,2.0 91,2.0 242,1.0 249,1.0 264,3.0 
0,1.0 4,5.0 16,2.0 73,5.0 76,3.0 80,2.0 91,2.0 95,3.0 115,1.0 120,3.0 134,6.0 142,1.0 155,1.0 189,1.0 194,1.0 230,2.0 242,15.0 246,9.0 249,4.0 250,3.0 256,1.0 259,4.0 261,1.0 263,2.0 264,4.0 305,2.0 311,2.0 
229,1.0 242,1.0 246,1.0 261,1.0 266,4.0 
4,5.0 8,1.0 55,1.0 67,1.0 72,1.0 73,5.0 76,3.0 95,3.0 134,2.0 229,17.0 230,5.0 241,1.0 242,22.0 246,13.0 249,3.0 250,4.0 251,1.0 252,3.0 253,1.0 254,6.0 255,4.0 257,1.0 258,2.0 259,1.0 261,8.0 265,3.0 266,9.0 267,1.0 268,5.0 269,1.0 277,1.0 280,2.0 282,6.0 298,2.0 301,2.0 312,2.0 
14,1.0 40,1.0 229,6.0 230,10.0 231,4.0 242,1.0 246,1.0 252,2.0 254,1.0 266,1.0 268,5.0 269,2.0 271,2.0 282,2.0 289,5.0 290,2.0 295,2.0 299,3.0 313,1.0 
7,1.0 20,1.0 36,1.0 49,2.0 67,1.0 73,2.0 77,1.0 80,2.0 86,1.0 92,2.0 95,1.0 97,2.0 100,1.0 109,5.0 117,2.0 131,3.0 134,3.0 137,3.0 142,2.0 148,3.0 150,3.0 154,3.0 157,3.0 169,3.0 173,2.0 179,1.0 186,2.0 197,3.0 198,1.0 226,2.0 229,45.0 230,52.0 236,2.0 242,1.0 244,2.0 246,10.0 249,1.0 250,1.0 252,9.0 254,5.0 255,2.0 256,3.0 258,2.0 259,6.0 264,1.0 266,1.0 267,4.0 268,16.0 269,16.0 270,3.0 271,1.0 273,3.0 276,1.0 277,22.0 278,5.0 282,10.0 285,2.0 289,4.0 290,5.0 291,1.0 297,2.0 305,2.0 308,6.0 319,1.0 322,2.0 323,1.0 
154,2.0 226,2.0 229,11.0 230,6.0 236,2.0 242,1.0 246,8.0 249,1.0 255,2.0 256,3.0 259,2.0 266,1.0 268,13.0 270,2.0 277,1.0 282,6.0 290,3.0 297,2.0 308,1.0 
230,3.0 242,1.0 250,1.0 252,3.0 259,2.0 268,3.0 271,2.0 
0,1.0 14,2.0 40,2.0 53,1.0 113,1.0 131,1.0 134,1.0 186,1.0 230,10.0 231,3.0 242,2.0 246,1.0 250,1.0 252,2.0 253,1.0 254,8.0 266,2.0 267,1.0 268,1.0 271,2.0 272,1.0 278,4.0 282,1.0 289,1.0 291,2.0 307,2.0 309,4.0 
80,1.0 113,1.0 157,1.0 
109,4.0 137,3.0 150,3.0 154,1.0 229,2.0 230,2.0 268,2.0 274,1.0 
109,1.0 154,1.0 273,1.0 
153,1.0 230,1.0 242,1.0 
122,1.0 157,1.0 186,1.0 197,2.0 230,1.0 244,2.0 258,1.0 268,1.0 
14,2.0 40,1.0 49,1.0 54,3.0 67,2.0 72,1.0 73,1.0 86,2.0 95,1.0 100,1.0 117,2.0 148,1.0 197,5.0 198,1.0 229,19.0 230,15.0 242,5.0 244,2.0 246,1.0 250,3.0 252,2.0 254,18.0 255,2.0 256,8.0 266,1.0 267,2.0 268,20.0 269,1.0 276,1.0 277,2.0 278,4.0 280,2.0 282,14.0 283,2.0 284,2.0 285,2.0 289,2.0 295,1.0 299,3.0 308,11.0 314,1.0 315,1.0 319,1.0 
80,2.0 92,2.0 109,2.0 157,2.0 186,2.0 229,4.0 230,7.0 253,2.0 254,8.0 256,2.0 266,3.0 268,6.0 271,2.0 277,5.0 279,2.0 282,6.0 309,2.0 
229,1.0 230,3.0 252,2.0 253,7.0 254,6.0 256,4.0 257,2.0 258,2.0 259,2.0 266,2.0 277,2.0 278,1.0 280,2.0 281,2.0 
14,1.0 40,1.0 41,1.0 229,3.0 254,7.0 255,4.0 256,5.0 257,2.0 258,4.0 277,1.0 279,2.0 281,2.0 282,2.0 
254,2.0 256,2.0 257,2.0 258,2.0 279,2.0 280,2.0 
7,1.0 8,3.0 12,2.0 14,7.0 25,7.0 36,1.0 39,2.0 40,6.0 54,3.0 57,2.0 72,1.0 77,3.0 95,3.0 96,3.0 97,4.0 115,1.0 120,1.0 154,1.0 157,1.0 175,2.0 183,1.0 185,1.0 197,2.0 198,3.0 229,54.0 230,8.0 231,10.0 242,5.0 246,10.0 249,4.0 252,3.0 253,1.0 254,55.0 255,7.0 256,10.0 257,1.0 258,6.0 259,10.0 261,2.0 267,2.0 268,8.0 269,6.0 271,1.0 277,22.0 278,6.0 280,1.0 282,21.0 283,2.0 284,2.0 289,2.0 291,2.0 297,2.0 299,3.0 306,7.0 307,2.0 308,9.0 313,1.0 317,1.0 323,1.0 
54,2.0 197,2.0 254,2.0 258,2.0 282,2.0 284,2.0 
54,2.0 197,2.0 254,2.0 258,2.0 282,2.0 283,2.0 
117,2.0 134,2.0 169,2.0 
101,2.0 103,2.0 109,1.0 157,1.0 186,1.0 209,2.0 287,3.0 288,3.0 
23,2.0 109,1.0 132,2.0 133,2.0 157,1.0 186,1.0 286,3.0 288,3.0 
109,1.0 157,3.0 186,1.0 191,2.0 230,2.0 252,2.0 259,2.0 264,1.0 268,2.0 
14,1.0 40,1.0 229,3.0 230,7.0 231,3.0 252,2.0 254,1.0 267,5.0 268,5.0 269,2.0 271,2.0 282,1.0 290,2.0 
229,3.0 230,3.0 256,1.0 268,2.0 269,3.0 270,2.0 
20,1.0 113,1.0 134,1.0 157,1.0 169,1.0 230,8.0 231,2.0 250,2.0 254,5.0 268,1.0 271,4.0 278,2.0 291,1.0 292,1.0 307,7.0 309,2.0 
80,1.0 92,1.0 113,1.0 
32,1.0 47,1.0 80,2.0 122,4.0 134,2.0 148,1.0 186,2.0 294,1.0 
8,2.0 56,2.0 97,3.0 229,2.0 246,2.0 295,2.0 
67,2.0 80,2.0 92,2.0 132,4.0 229,20.0 230,5.0 231,2.0 246,8.0 267,1.0 268,2.0 269,2.0 282,3.0 295,3.0 296,4.0 299,12.0 300,4.0 301,3.0 308,3.0 312,3.0 313,2.0 314,4.0 315,1.0 316,3.0 
132,4.0 154,2.0 157,2.0 194,2.0 229,4.0 230,2.0 246,6.0 259,2.0 268,2.0 269,2.0 282,2.0 295,2.0 298,2.0 322,2.0 352,2.0 
157,4.0 230,2.0 242,2.0 243,1.0 246,4.0 259,2.0 264,2.0 310,2.0 367,1.0 378,2.0 
157,2.0 168,2.0 229,3.0 230,4.0 267,2.0 295,3.0 299,3.0 301,2.0 302,2.0 312,2.0 
67,2.0 80,2.0 92,2.0 229,18.0 230,8.0 231,3.0 267,1.0 277,3.0 282,3.0 295,12.0 299,4.0 300,4.0 301,3.0 308,6.0 312,3.0 313,3.0 314,6.0 315,3.0 316,3.0 
230,4.0 249,4.0 259,4.0 
11,2.0 57,2.0 229,3.0 230,3.0 249,5.0 259,5.0 267,2.0 295,3.0 298,2.0 299,3.0 300,2.0 302,2.0 303,2.0 304,2.0 308,1.0 312,3.0 314,1.0 316,1.0 
168,2.0 253,2.0 279,2.0 297,2.0 303,2.0 304,2.0 
1,1.0 3,3.0 8,3.0 22,3.0 23,1.0 65,3.0 70,3.0 189,4.0 191,4.0 243,4.0 253,2.0 279,2.0 302,2.0 303,1.0 304,7.0 330,2.0 331,2.0 
189,2.0 191,3.0 243,4.0 253,2.0 279,2.0 302,2.0 303,7.0 362,2.0 
51,2.0 157,2.0 229,2.0 230,2.0 242,2.0 246,2.0 266,2.0 268,2.0 311,2.0 
3,2.0 25,4.0 34,2.0 97,2.0 129,2.0 173,2.0 229,6.0 235,2.0 242,1.0 254,6.0 282,6.0 318,2.0 358,2.0 387,2.0 388,2.0 
230,6.0 231,2.0 250,2.0 254,4.0 271,4.0 278,2.0 291,7.0 307,1.0 309,2.0 
14,1.0 40,1.0 229,9.0 230,7.0 241,1.0 250,2.0 252,2.0 253,1.0 254,3.0 256,1.0 264,1.0 267,2.0 268,5.0 277,10.0 282,2.0 289,2.0 295,3.0 299,5.0 300,1.0 301,2.0 308,2.0 312,2.0 314,3.0 315,1.0 316,2.0 
230,2.0 254,2.0 266,2.0 271,2.0 278,2.0 
242,2.0 246,2.0 264,2.0 297,2.0 
242,2.0 246,2.0 266,2.0 305,2.0 
229,3.0 230,2.0 267,2.0 295,3.0 298,2.0 299,3.0 300,1.0 301,4.0 308,2.0 314,2.0 316,2.0 
68,1.0 229,3.0 230,1.0 231,2.0 277,1.0 282,2.0 299,3.0 308,1.0 415,1.0 424,1.0 
229,5.0 295,5.0 299,5.0 300,1.0 301,3.0 308,3.0 312,3.0 314,1.0 315,2.0 316,3.0 
229,3.0 295,3.0 299,3.0 301,1.0 308,1.0 312,1.0 314,3.0 316,1.0 
229,2.0 295,2.0 299,2.0 300,1.0 301,2.0 308,2.0 312,2.0 314,2.0 
96,2.0 230,1.0 249,3.0 259,3.0 282,2.0 
3,2.0 9,2.0 34,2.0 57,2.0 62,7.0 100,2.0 157,3.0 185,2.0 186,2.0 249,2.0 259,2.0 301,2.0 306,2.0 319,2.0 334,4.0 335,2.0 387,2.0 388,2.0 
4,2.0 5,2.0 47,3.0 57,2.0 100,4.0 148,2.0 197,1.0 244,1.0 249,2.0 259,2.0 301,2.0 318,2.0 
27,2.0 129,2.0 131,2.0 230,2.0 259,2.0 
230,2.0 254,2.0 259,2.0 266,1.0 
27,2.0 91,2.0 131,2.0 154,2.0 230,2.0 252,2.0 254,2.0 259,2.0 296,2.0 
229,2.0 230,1.0 268,2.0 269,1.0 277,1.0 
26,2.0 80,6.0 122,6.0 124,2.0 
80,6.0 122,6.0 
134,2.0 
26,2.0 124,2.0 
26,2.0 124,2.0 
85,2.0 124,2.0 
8,2.0 9,2.0 92,2.0 118,2.0 191,2.0 243,6.0 303,2.0 335,2.0 341,7.0 353,2.0 
189,2.0 303,2.0 
86,2.0 202,2.0 
33,2.0 36,4.0 157,2.0 390,2.0 
157,2.0 186,2.0 318,4.0 
8,2.0 9,2.0 56,2.0 97,2.0 154,4.0 185,2.0 191,2.0 243,2.0 303,4.0 304,4.0 330,6.0 336,2.0 337,2.0 341,2.0 345,2.0 351,2.0 353,2.0 362,2.0 
337,2.0 338,2.0 
336,2.0 338,2.0 
191,2.0 
191,2.0 340,2.0 
191,2.0 339,2.0 
9,2.0 191,3.0 243,4.0 330,7.0 335,2.0 342,4.0 
191,2.0 243,2.0 341,4.0 
157,2.0 
7,2.0 36,2.0 
8,2.0 47,2.0 97,2.0 
0,2.0 108,1.0 157,1.0 347,2.0 
0,3.0 108,2.0 346,2.0 363,1.0 
27,2.0 92,2.0 118,2.0 120,4.0 249,4.0 
13,2.0 115,2.0 118,1.0 120,1.0 
27,2.0 85,2.0 124,2.0 
47,2.0 62,2.0 148,2.0 154,4.0 243,4.0 318,2.0 
194,2.0 296,2.0 
8,2.0 243,2.0 330,2.0 
120,1.0 
26,4.0 122,4.0 
120,2.0 
129,2.0 198,2.0 
129,2.0 306,2.0 
175,2.0 186,2.0 
23,2.0 27,2.0 132,2.0 133,2.0 179,4.0 186,2.0 243,2.0 
49,2.0 186,2.0 
243,2.0 304,2.0 
0,1.0 108,1.0 347,1.0 
120,1.0 
157,2.0 366,1.0 367,1.0 
157,1.0 365,1.0 
157,2.0 365,1.0 
157,1.0 
51,1.0 
13,1.0 176,1.0 194,1.0 371,1.0 
0,6.0 4,2.0 17,2.0 37,2.0 82,2.0 214,12.0 286,2.0 
210,5.0 
76,2.0 111,2.0 123,2.0 175,2.0 
0,4.0 375,8.0 
216,8.0 
9,2.0 24,2.0 214,2.0 217,2.0 218,2.0 225,4.0 287,2.0 
4,2.0 16,2.0 22,2.0 47,2.0 235,2.0 238,2.0 
379,4.0 
380,4.0 381,2.0 
20,2.0 34,2.0 48,2.0 49,2.0 378,2.0 381,4.0 382,4.0 389,2.0 
382,4.0 394,2.0 
1,2.0 20,2.0 33,2.0 34,2.0 48,2.0 49,2.0 198,2.0 380,4.0 383,2.0 384,2.0 386,4.0 389,2.0 
1,2.0 33,2.0 198,2.0 384,2.0 
37,2.0 94,2.0 193,2.0 385,4.0 386,2.0 392,2.0 393,2.0 
386,4.0 
1,2.0 3,2.0 33,4.0 34,2.0 36,4.0 45,2.0 238,2.0 306,2.0 318,2.0 333,2.0 382,2.0 384,4.0 387,2.0 388,4.0 
3,2.0 34,2.0 238,2.0 306,2.0 318,2.0 388,4.0 
16,1.0 34,2.0 48,2.0 237,5.0 386,4.0 389,2.0 403,1.0 
34,4.0 48,4.0 49,2.0 378,2.0 380,2.0 391,2.0 
387,2.0 
238,2.0 
37,2.0 94,2.0 193,2.0 379,2.0 393,2.0 
37,2.0 94,2.0 193,2.0 379,2.0 392,2.0 
387,2.0 
178,2.0 192,2.0 396,6.0 397,2.0 
192,2.0 395,6.0 
395,2.0 
53,2.0 220,2.0 
154,2.0 400,2.0 
401,2.0 
374,2.0 
233,1.0 234,1.0 
404,1.0 
405,1.0 
146,1.0 406,1.0 407,1.0 
146,1.0 407,1.0 408,1.0 
2,2.0 5,3.0 13,1.0 21,1.0 22,1.0 32,1.0 35,1.0 37,1.0 42,2.0 65,1.0 66,3.0 71,1.0 78,1.0 111,6.0 123,2.0 133,5.0 139,1.0 146,3.0 152,4.0 153,3.0 164,2.0 406,1.0 407,3.0 408,1.0 410,3.0 411,3.0 412,2.0 416,1.0 417,1.0 418,1.0 419,1.0 
409,1.0 
5,1.0 
2,2.0 5,2.0 22,1.0 32,1.0 35,1.0 42,1.0 65,1.0 66,2.0 78,1.0 111,1.0 133,1.0 139,1.0 152,1.0 153,2.0 407,2.0 419,1.0 
111,4.0 123,1.0 133,3.0 146,1.0 152,3.0 164,1.0 407,4.0 411,1.0 412,1.0 
5,1.0 13,1.0 21,1.0 37,1.0 42,1.0 71,1.0 111,1.0 123,1.0 146,1.0 164,1.0 407,1.0 
83,1.0 414,1.0 415,1.0 
83,1.0 413,1.0 415,1.0 
23,1.0 68,1.0 83,2.0 116,1.0 121,1.0 138,1.0 151,1.0 407,1.0 416,1.0 417,1.0 418,1.0 424,1.0 
66,1.0 133,1.0 153,1.0 407,2.0 410,1.0 417,1.0 418,1.0 
66,1.0 133,1.0 153,1.0 407,2.0 410,1.0 416,1.0 418,1.0 
66,1.0 133,1.0 153,1.0 407,2.0 410,1.0 416,1.0 417,1.0 
2,3.0 5,3.0 22,3.0 65,3.0 66,1.0 127,1.0 139,3.0 419,1.0 
17,1.0 116,1.0 421,1.0 
17,1.0 116,1.0 420,1.0 
121,1.0 128,1.0 149,1.0 423,1.0 
114,1.0 121,1.0 184,1.0 
68,1.0 121,1.0 138,1.0 415,1.0 
166,1.0 426,1.0 427,1.0 
166,1.0 425,1.0 427,1.0 
166,1.0 425,1.0 426,1.0 
1,1.0 36,1.0 66,1.0 133,1.0 429,1.0 430,1.0 431,1.0 
1,1.0 36,1.0 66,1.0 133,1.0 428,1.0 430,1.0 431,1.0 432,1.0 433,1.0 434,1.0 435,1.0 436,1.0 
1,1.0 36,1.0 66,1.0 133,1.0 428,1.0 429,1.0 431,1.0 
1,2.0 7,1.0 36,1.0 66,2.0 77,1.0 111,1.0 133,2.0 153,1.0 
429,1.0 433,1.0 434,1.0 435,1.0 436,1.0 
429,1.0 432,1.0 434,1.0 435,1.0 436,1.0 
429,1.0 432,1.0 433,1.0 435,1.0 436,1.0 
429,1.0 432,1.0 433,1.0 434,1.0 436,1.0 
429,1.0 432,1.0 433,1.0 434,1.0 435,1.0 
