1,1.0 2,1.0 3,1.0 4,1.0 48,2.0 145,4.0 158,2.0 205,2.0 271,1.0 278,1.0 280,1.0 281,2.0 282,1.0 283,1.0 288,1.0 348,1.0 349,1.0 
0,1.0 2,1.0 3,4.0 4,2.0 5,1.0 6,2.0 16,4.0 30,5.0 48,9.0 49,7.0 50,5.0 51,5.0 53,2.0 63,1.0 86,1.0 92,4.0 93,2.0 94,2.0 104,3.0 130,2.0 132,2.0 140,1.0 151,1.0 175,2.0 235,2.0 240,1.0 244,2.0 289,1.0 291,1.0 
0,1.0 1,1.0 3,1.0 4,1.0 
0,1.0 1,1.0 2,1.0 4,1.0 6,1.0 8,2.0 10,1.0 15,1.0 30,1.0 50,1.0 51,1.0 53,2.0 57,1.0 85,1.0 104,3.0 186,1.0 255,1.0 256,1.0 
5,9.0 6,5.0 7,1.0 13,1.0 15,1.0 30,6.0 48,1.0 50,2.0 51,2.0 52,3.0 62,2.0 63,4.0 67,4.0 68,6.0 69,1.0 81,5.0 82,3.0 83,6.0 85,2.0 86,1.0 91,3.0 96,1.0 105,1.0 125,1.0 162,2.0 168,2.0 244,1.0 268,1.0 274,4.0 275,1.0 290,1.0 335,1.0 362,1.0 
5,35.0 6,3.0 8,5.0 10,1.0 12,2.0 15,3.0 30,21.0 56,1.0 57,1.0 63,8.0 70,1.0 71,3.0 72,1.0 76,1.0 78,1.0 79,1.0 80,1.0 83,4.0 85,15.0 86,24.0 87,2.0 88,1.0 89,1.0 90,4.0 92,49.0 94,9.0 95,18.0 96,9.0 106,2.0 110,1.0 113,18.0 114,1.0 120,13.0 122,2.0 123,6.0 125,17.0 133,1.0 138,1.0 148,2.0 150,2.0 159,2.0 186,1.0 223,2.0 233,25.0 234,1.0 237,1.0 241,6.0 248,7.0 251,6.0 274,7.0 275,1.0 289,5.0 290,20.0 291,21.0 301,6.0 308,1.0 309,2.0 310,2.0 311,2.0 316,2.0 317,2.0 321,1.0 322,1.0 323,1.0 335,1.0 
3,1.0 4,5.0 5,10.0 6,6.0 7,4.0 13,2.0 15,8.0 26,1.0 30,18.0 50,1.0 51,1.0 52,3.0 62,4.0 67,6.0 68,11.0 69,2.0 70,1.0 71,1.0 72,1.0 81,6.0 82,1.0 83,1.0 85,2.0 86,1.0 87,1.0 88,1.0 90,1.0 91,1.0 96,1.0 104,1.0 105,1.0 106,2.0 113,2.0 233,1.0 234,1.0 272,1.0 275,1.0 290,1.0 335,1.0 361,1.0 
6,1.0 7,1.0 8,7.0 13,1.0 30,6.0 31,1.0 69,1.0 70,1.0 72,1.0 81,2.0 85,2.0 86,1.0 87,1.0 88,1.0 92,1.0 96,3.0 110,2.0 115,1.0 120,1.0 123,1.0 125,2.0 165,1.0 172,2.0 235,1.0 241,1.0 274,1.0 275,1.0 332,3.0 
1,2.0 5,8.0 8,13.0 9,1.0 10,1.0 12,2.0 15,2.0 30,13.0 31,1.0 48,4.0 49,2.0 54,1.0 57,1.0 62,3.0 70,1.0 71,1.0 72,1.0 82,1.0 83,14.0 85,11.0 86,4.0 87,4.0 90,14.0 92,3.0 94,3.0 95,2.0 96,9.0 97,2.0 98,1.0 106,2.0 107,2.0 108,4.0 109,2.0 110,6.0 113,3.0 120,4.0 123,11.0 125,2.0 128,2.0 145,3.0 158,1.0 179,2.0 186,1.0 233,1.0 271,2.0 272,1.0 274,11.0 277,2.0 291,3.0 292,4.0 293,1.0 301,13.0 307,1.0 308,9.0 309,10.0 312,6.0 313,4.0 314,2.0 315,1.0 316,2.0 317,2.0 318,1.0 319,1.0 320,1.0 326,1.0 
10,2.0 30,1.0 
3,1.0 8,1.0 10,7.0 11,1.0 17,1.0 18,15.0 19,8.0 20,12.0 21,4.0 22,2.0 23,4.0 25,21.0 26,4.0 27,2.0 30,7.0 36,4.0 37,4.0 38,4.0 39,4.0 40,1.0 46,6.0 50,1.0 55,4.0 57,14.0 58,1.0 59,2.0 60,2.0 61,1.0 62,1.0 76,1.0 82,1.0 83,1.0 90,1.0 92,3.0 95,2.0 100,2.0 101,2.0 116,1.0 117,1.0 118,1.0 119,1.0 120,1.0 186,2.0 234,1.0 242,1.0 274,1.0 291,1.0 302,1.0 303,2.0 307,1.0 326,3.0 
6,2.0 27,1.0 30,14.0 52,1.0 56,2.0 62,2.0 75,1.0 76,5.0 77,1.0 79,11.0 80,3.0 85,1.0 88,6.0 89,3.0 92,4.0 94,4.0 95,4.0 96,1.0 106,2.0 114,1.0 134,1.0 135,1.0 138,1.0 158,1.0 177,3.0 179,4.0 204,3.0 229,2.0 233,1.0 234,1.0 235,1.0 240,3.0 251,1.0 274,2.0 275,1.0 277,2.0 280,1.0 285,2.0 297,1.0 326,1.0 336,1.0 357,1.0 
1,1.0 8,2.0 13,2.0 18,1.0 30,33.0 48,1.0 49,1.0 71,22.0 79,7.0 80,2.0 87,9.0 92,3.0 94,10.0 95,1.0 108,7.0 111,13.0 112,1.0 122,1.0 124,2.0 125,3.0 126,1.0 134,1.0 138,1.0 139,1.0 145,3.0 146,2.0 177,2.0 179,6.0 182,2.0 233,3.0 235,1.0 240,2.0 248,4.0 271,3.0 275,6.0 277,2.0 326,2.0 
6,1.0 7,2.0 8,1.0 14,5.0 30,3.0 31,3.0 52,1.0 69,1.0 71,1.0 79,1.0 81,3.0 82,2.0 83,1.0 84,1.0 85,1.0 86,1.0 87,2.0 96,1.0 108,1.0 115,2.0 274,1.0 300,2.0 
11,2.0 30,8.0 71,1.0 79,1.0 85,3.0 86,3.0 87,3.0 108,1.0 122,1.0 235,1.0 326,1.0 
5,2.0 8,3.0 15,6.0 16,2.0 30,7.0 35,1.0 45,1.0 52,2.0 55,1.0 57,1.0 62,4.0 63,2.0 76,1.0 79,1.0 80,1.0 85,4.0 88,4.0 89,1.0 92,2.0 94,1.0 109,1.0 110,7.0 113,7.0 123,11.0 124,2.0 133,3.0 138,1.0 141,1.0 149,4.0 170,1.0 234,1.0 242,1.0 262,4.0 274,10.0 291,1.0 309,5.0 314,6.0 318,1.0 
1,4.0 10,1.0 17,1.0 18,1.0 19,1.0 20,1.0 25,1.0 30,6.0 48,2.0 50,2.0 57,1.0 58,1.0 93,2.0 145,4.0 158,2.0 175,2.0 179,2.0 189,1.0 205,2.0 273,2.0 278,1.0 280,2.0 281,2.0 
9,1.0 10,1.0 14,1.0 18,10.0 19,9.0 20,6.0 21,2.0 22,2.0 23,2.0 24,2.0 26,2.0 30,10.0 31,4.0 35,4.0 40,6.0 46,3.0 47,1.0 57,2.0 63,4.0 92,6.0 94,3.0 97,6.0 98,4.0 122,1.0 125,10.0 212,1.0 234,5.0 235,4.0 313,1.0 326,6.0 
3,1.0 8,1.0 10,18.0 12,1.0 17,6.0 18,15.0 19,7.0 20,31.0 21,2.0 22,10.0 23,2.0 24,8.0 25,15.0 26,11.0 27,12.0 28,9.0 29,9.0 30,6.0 31,2.0 35,10.0 36,4.0 37,4.0 39,2.0 40,8.0 41,2.0 42,2.0 43,2.0 44,6.0 45,15.0 46,19.0 47,6.0 50,1.0 57,9.0 58,1.0 60,2.0 61,1.0 62,1.0 83,1.0 87,2.0 90,1.0 98,2.0 99,1.0 100,2.0 102,4.0 103,2.0 116,1.0 117,1.0 118,1.0 119,1.0 120,1.0 122,2.0 125,2.0 127,2.0 136,1.0 137,1.0 143,1.0 144,1.0 164,4.0 186,7.0 234,1.0 238,2.0 274,1.0 291,1.0 361,1.0 
10,3.0 11,1.0 17,8.0 18,13.0 19,2.0 20,6.0 21,2.0 22,2.0 23,2.0 24,2.0 25,1.0 26,4.0 30,2.0 35,5.0 40,6.0 46,3.0 47,1.0 56,1.0 57,5.0 75,1.0 92,2.0 105,1.0 186,1.0 234,1.0 324,1.0 325,1.0 326,2.0 
10,10.0 17,4.0 18,33.0 19,4.0 20,10.0 21,2.0 22,8.0 23,2.0 24,8.0 25,10.0 26,9.0 27,8.0 28,5.0 29,5.0 35,4.0 39,2.0 40,4.0 42,2.0 43,2.0 44,4.0 45,8.0 46,17.0 47,4.0 102,2.0 136,1.0 137,1.0 
10,2.0 17,4.0 18,6.0 19,4.0 20,4.0 22,2.0 23,6.0 24,2.0 25,2.0 28,1.0 38,4.0 39,4.0 45,1.0 46,3.0 47,1.0 101,2.0 129,1.0 130,1.0 131,1.0 
1,4.0 10,2.0 18,7.0 20,6.0 21,2.0 23,2.0 24,10.0 25,2.0 26,5.0 27,5.0 28,7.0 29,7.0 30,2.0 34,1.0 35,1.0 36,2.0 39,4.0 42,4.0 43,4.0 44,4.0 46,1.0 47,6.0 48,4.0 49,4.0 55,2.0 57,2.0 58,1.0 59,2.0 60,2.0 61,1.0 94,1.0 103,2.0 116,1.0 117,1.0 118,1.0 119,1.0 
10,2.0 17,4.0 18,6.0 19,4.0 20,4.0 21,6.0 22,2.0 24,2.0 25,2.0 38,4.0 39,4.0 46,3.0 47,1.0 101,2.0 
1,2.0 10,2.0 18,6.0 20,6.0 21,2.0 22,10.0 23,2.0 25,2.0 26,4.0 27,4.0 28,4.0 29,4.0 30,2.0 39,4.0 42,4.0 43,4.0 44,4.0 46,1.0 47,4.0 48,2.0 49,2.0 94,1.0 
10,19.0 18,13.0 19,2.0 20,12.0 21,4.0 22,2.0 23,4.0 25,5.0 26,2.0 27,2.0 30,5.0 31,1.0 36,4.0 37,4.0 38,4.0 39,4.0 46,6.0 55,4.0 57,5.0 58,1.0 59,2.0 60,2.0 61,1.0 87,4.0 95,4.0 100,2.0 101,2.0 105,1.0 116,1.0 117,1.0 118,1.0 119,1.0 157,2.0 200,2.0 234,1.0 238,4.0 324,1.0 325,1.0 
5,1.0 10,2.0 17,3.0 18,16.0 19,2.0 20,9.0 22,2.0 24,2.0 25,2.0 27,12.0 28,3.0 29,3.0 30,9.0 31,2.0 35,6.0 36,3.0 37,2.0 40,2.0 44,6.0 45,7.0 46,6.0 47,1.0 57,4.0 62,4.0 63,6.0 87,6.0 92,9.0 94,1.0 97,4.0 98,4.0 99,1.0 100,1.0 102,2.0 125,8.0 126,1.0 127,1.0 136,1.0 137,1.0 143,1.0 174,1.0 187,1.0 202,1.0 233,2.0 234,11.0 235,10.0 237,1.0 238,6.0 272,1.0 304,1.0 305,2.0 326,5.0 361,1.0 
10,3.0 11,1.0 18,14.0 20,8.0 22,2.0 24,2.0 25,3.0 26,11.0 28,2.0 29,2.0 30,2.0 31,1.0 35,2.0 36,3.0 37,3.0 44,5.0 45,7.0 46,5.0 47,1.0 57,2.0 87,2.0 99,1.0 100,1.0 102,2.0 127,1.0 143,1.0 144,1.0 233,4.0 238,2.0 
1,4.0 11,1.0 18,1.0 22,7.0 24,4.0 26,1.0 27,1.0 29,10.0 30,2.0 34,1.0 35,1.0 47,5.0 48,4.0 49,4.0 60,2.0 61,1.0 62,1.0 73,1.0 76,1.0 94,1.0 103,2.0 118,1.0 119,1.0 120,1.0 121,1.0 136,1.0 137,1.0 
1,4.0 11,1.0 18,1.0 22,7.0 24,4.0 26,1.0 27,1.0 28,10.0 30,2.0 34,1.0 35,1.0 47,5.0 48,4.0 49,4.0 60,2.0 61,1.0 62,1.0 76,1.0 94,1.0 103,2.0 118,1.0 119,1.0 120,1.0 121,1.0 136,1.0 137,1.0 
1,7.0 3,1.0 4,6.0 5,10.0 6,18.0 7,6.0 8,7.0 9,1.0 10,6.0 11,18.0 12,36.0 13,3.0 14,4.0 15,4.0 16,8.0 17,12.0 18,8.0 19,2.0 25,5.0 26,10.0 27,2.0 30,412.0 31,4.0 32,5.0 33,2.0 35,1.0 36,1.0 40,4.0 48,2.0 49,2.0 52,2.0 53,1.0 54,1.0 55,2.0 56,4.0 57,4.0 62,12.0 63,47.0 67,2.0 68,9.0 71,29.0 72,1.0 76,7.0 79,28.0 81,17.0 83,1.0 85,322.0 86,45.0 87,23.0 88,6.0 90,24.0 91,3.0 92,40.0 94,6.0 95,21.0 96,4.0 97,83.0 98,25.0 107,2.0 108,8.0 110,2.0 111,22.0 112,4.0 113,32.0 115,2.0 120,6.0 122,5.0 123,2.0 124,4.0 125,80.0 126,2.0 133,4.0 134,2.0 138,17.0 139,8.0 140,1.0 145,1.0 148,2.0 149,4.0 155,2.0 158,1.0 162,2.0 165,1.0 168,4.0 172,3.0 175,4.0 176,3.0 177,12.0 178,2.0 179,2.0 180,2.0 182,4.0 191,3.0 204,6.0 216,1.0 229,4.0 233,5.0 234,6.0 235,24.0 241,1.0 255,1.0 256,1.0 257,4.0 258,2.0 259,4.0 260,4.0 261,4.0 262,4.0 263,2.0 264,12.0 266,2.0 267,2.0 268,2.0 269,2.0 272,11.0 273,2.0 274,3.0 275,19.0 276,1.0 279,1.0 290,12.0 291,1.0 299,4.0 300,1.0 304,2.0 305,2.0 306,2.0 312,1.0 323,1.0 326,18.0 331,1.0 332,3.0 333,2.0 334,2.0 335,1.0 336,2.0 338,2.0 339,6.0 340,1.0 341,1.0 342,2.0 343,2.0 344,2.0 345,2.0 346,1.0 347,1.0 
7,1.0 8,2.0 13,1.0 17,4.0 22,1.0 26,2.0 27,1.0 28,1.0 29,1.0 30,4.0 31,22.0 32,2.0 33,2.0 34,1.0 35,1.0 36,4.0 40,9.0 45,1.0 52,1.0 57,1.0 62,9.0 63,9.0 70,1.0 72,1.0 81,1.0 85,5.0 86,5.0 87,11.0 88,1.0 92,24.0 94,1.0 95,1.0 96,2.0 98,13.0 108,4.0 111,2.0 113,1.0 125,27.0 126,1.0 134,4.0 143,1.0 172,1.0 179,1.0 186,4.0 200,1.0 234,1.0 235,1.0 238,9.0 239,2.0 274,3.0 275,3.0 291,5.0 295,2.0 301,2.0 302,1.0 326,23.0 328,1.0 
8,2.0 22,1.0 28,1.0 29,1.0 30,2.0 31,2.0 33,2.0 34,1.0 85,1.0 86,1.0 92,2.0 95,1.0 96,1.0 120,1.0 234,1.0 235,2.0 272,1.0 276,1.0 
8,1.0 22,1.0 28,1.0 29,1.0 31,2.0 32,2.0 34,1.0 85,1.0 95,1.0 96,1.0 
18,1.0 22,1.0 26,1.0 27,1.0 28,1.0 29,1.0 35,1.0 
10,3.0 15,1.0 18,6.0 20,2.0 22,2.0 24,2.0 25,2.0 26,3.0 27,2.0 30,1.0 31,1.0 36,3.0 37,2.0 39,2.0 40,6.0 41,2.0 42,2.0 43,2.0 55,1.0 81,2.0 82,2.0 92,2.0 99,1.0 100,1.0 124,1.0 126,2.0 174,1.0 187,1.0 207,1.0 272,1.0 306,1.0 326,2.0 332,2.0 
10,4.0 18,3.0 21,4.0 23,4.0 25,4.0 26,1.0 27,1.0 30,1.0 31,4.0 35,1.0 36,4.0 37,4.0 38,5.0 39,5.0 40,2.0 44,3.0 45,3.0 55,10.0 57,13.0 58,6.0 92,6.0 100,2.0 101,2.0 116,6.0 117,6.0 127,1.0 141,1.0 143,1.0 157,2.0 174,1.0 185,2.0 187,1.0 207,1.0 234,2.0 235,2.0 237,2.0 326,4.0 
10,4.0 21,4.0 23,4.0 25,4.0 36,4.0 38,4.0 39,4.0 100,2.0 101,2.0 
17,4.0 18,5.0 19,4.0 20,2.0 21,4.0 23,4.0 26,1.0 27,1.0 36,1.0 39,5.0 43,1.0 44,1.0 45,1.0 46,2.0 57,1.0 60,1.0 66,1.0 101,2.0 141,1.0 150,1.0 
17,4.0 18,8.0 19,4.0 20,6.0 21,4.0 22,4.0 23,4.0 24,4.0 26,5.0 27,4.0 36,1.0 38,5.0 42,4.0 43,4.0 44,5.0 46,2.0 101,2.0 141,1.0 
18,7.0 19,2.0 20,2.0 22,2.0 24,2.0 26,2.0 30,4.0 31,7.0 35,6.0 36,2.0 39,2.0 41,2.0 42,2.0 43,2.0 57,3.0 62,4.0 87,4.0 92,8.0 94,1.0 98,4.0 125,4.0 126,2.0 238,4.0 274,1.0 326,8.0 328,1.0 
22,2.0 24,2.0 39,2.0 42,2.0 43,2.0 
18,4.0 20,4.0 22,4.0 24,4.0 26,4.0 27,4.0 39,4.0 43,4.0 44,4.0 
18,5.0 20,4.0 22,4.0 24,4.0 26,4.0 27,5.0 38,1.0 39,4.0 42,4.0 44,4.0 45,1.0 57,1.0 60,1.0 66,1.0 
10,1.0 18,11.0 20,6.0 25,1.0 26,5.0 27,6.0 36,3.0 37,1.0 38,1.0 39,1.0 44,1.0 45,6.0 46,4.0 57,3.0 100,1.0 102,2.0 127,3.0 141,1.0 143,2.0 144,1.0 
8,3.0 10,3.0 18,11.0 20,3.0 22,4.0 24,2.0 25,2.0 26,3.0 27,3.0 28,7.0 29,7.0 31,1.0 35,1.0 36,3.0 37,2.0 38,1.0 39,1.0 44,2.0 46,5.0 47,4.0 55,2.0 57,6.0 58,1.0 60,2.0 61,1.0 62,1.0 76,1.0 87,3.0 100,1.0 102,2.0 103,2.0 106,2.0 107,2.0 116,1.0 117,1.0 118,1.0 119,1.0 127,1.0 136,1.0 137,1.0 141,1.0 186,1.0 233,2.0 234,1.0 238,3.0 242,2.0 
10,5.0 17,3.0 18,17.0 19,3.0 20,15.0 21,1.0 22,6.0 23,1.0 24,4.0 25,5.0 26,3.0 27,2.0 28,6.0 29,6.0 35,2.0 40,2.0 45,5.0 46,3.0 47,6.0 102,2.0 103,2.0 136,1.0 137,1.0 
1,4.0 10,1.0 18,1.0 20,1.0 21,1.0 22,6.0 23,1.0 24,4.0 25,1.0 28,5.0 29,5.0 30,1.0 46,1.0 48,4.0 49,4.0 94,1.0 103,2.0 
0,2.0 1,9.0 3,3.0 4,1.0 5,1.0 6,2.0 16,2.0 21,1.0 30,2.0 49,11.0 50,3.0 51,6.0 53,3.0 63,1.0 91,1.0 92,2.0 104,3.0 128,2.0 129,2.0 130,4.0 131,2.0 132,2.0 140,1.0 144,1.0 145,10.0 151,1.0 158,5.0 179,3.0 189,1.0 205,5.0 240,1.0 244,3.0 271,1.0 280,3.0 281,4.0 282,1.0 283,1.0 288,1.0 289,1.0 362,1.0 
1,7.0 3,3.0 4,1.0 5,1.0 6,2.0 21,1.0 30,2.0 48,11.0 50,2.0 51,3.0 53,3.0 63,1.0 92,3.0 104,3.0 128,3.0 129,3.0 130,2.0 131,2.0 144,1.0 145,2.0 151,1.0 158,1.0 179,1.0 205,1.0 233,1.0 235,1.0 240,1.0 244,3.0 245,1.0 289,1.0 
1,1.0 3,1.0 4,1.0 5,1.0 6,1.0 10,2.0 15,1.0 17,1.0 18,1.0 19,1.0 20,1.0 25,1.0 46,1.0 48,1.0 51,3.0 57,2.0 91,1.0 92,2.0 93,2.0 94,2.0 95,2.0 116,1.0 117,1.0 186,1.0 229,1.0 235,2.0 244,1.0 351,1.0 362,1.0 
3,1.0 4,1.0 5,1.0 6,2.0 8,1.0 15,2.0 48,1.0 50,3.0 53,1.0 91,1.0 104,1.0 130,2.0 132,2.0 140,1.0 244,1.0 362,1.0 
4,3.0 5,1.0 6,3.0 8,2.0 13,1.0 15,3.0 30,2.0 31,1.0 35,1.0 52,4.0 53,1.0 59,2.0 62,5.0 67,6.0 68,8.0 79,1.0 81,1.0 82,1.0 83,2.0 86,2.0 87,4.0 90,1.0 91,1.0 96,3.0 105,3.0 106,1.0 108,1.0 124,2.0 125,2.0 142,1.0 144,2.0 184,2.0 233,1.0 274,1.0 280,2.0 
3,2.0 8,7.0 12,2.0 51,1.0 62,2.0 81,1.0 87,1.0 94,2.0 104,2.0 108,2.0 110,1.0 124,1.0 129,1.0 130,1.0 131,1.0 150,8.0 165,3.0 184,1.0 187,5.0 192,5.0 234,1.0 277,2.0 279,1.0 
30,1.0 55,1.0 86,1.0 95,1.0 96,1.0 97,2.0 333,1.0 334,1.0 
10,6.0 18,2.0 19,1.0 25,5.0 30,2.0 31,1.0 36,10.0 45,3.0 55,6.0 56,1.0 57,18.0 58,6.0 63,2.0 86,1.0 87,2.0 95,2.0 96,1.0 97,2.0 106,1.0 111,1.0 113,1.0 116,6.0 117,6.0 124,1.0 157,2.0 200,1.0 234,1.0 238,2.0 242,3.0 
5,1.0 6,1.0 11,2.0 30,3.0 63,1.0 76,2.0 79,4.0 85,1.0 86,1.0 87,2.0 88,1.0 92,1.0 113,1.0 122,1.0 174,1.0 177,3.0 179,4.0 196,1.0 198,1.0 233,1.0 234,1.0 235,1.0 285,2.0 
3,1.0 8,1.0 10,17.0 17,2.0 18,11.0 19,6.0 22,2.0 25,8.0 26,1.0 27,2.0 28,2.0 29,2.0 30,4.0 36,14.0 37,2.0 40,3.0 44,2.0 45,7.0 50,1.0 55,15.0 57,12.0 58,8.0 59,2.0 60,4.0 61,2.0 62,8.0 82,1.0 83,1.0 87,8.0 90,1.0 92,4.0 97,4.0 100,1.0 105,1.0 116,8.0 117,8.0 118,2.0 119,2.0 120,1.0 122,1.0 123,1.0 125,4.0 127,2.0 143,3.0 144,1.0 164,1.0 186,2.0 200,1.0 234,4.0 235,4.0 238,8.0 240,2.0 242,3.0 274,1.0 291,1.0 307,1.0 324,1.0 325,1.0 
10,1.0 18,2.0 22,1.0 25,1.0 28,1.0 29,1.0 36,5.0 45,2.0 55,5.0 57,8.0 58,3.0 59,1.0 60,2.0 61,2.0 187,1.0 227,1.0 
22,2.0 36,2.0 52,1.0 55,2.0 57,2.0 58,1.0 60,2.0 61,1.0 66,2.0 106,1.0 116,1.0 117,1.0 118,1.0 119,1.0 
18,1.0 22,2.0 27,1.0 28,2.0 29,2.0 36,2.0 38,1.0 43,1.0 45,1.0 55,2.0 57,3.0 58,1.0 59,2.0 61,2.0 62,1.0 66,1.0 116,1.0 117,1.0 118,2.0 119,2.0 120,1.0 121,1.0 
22,1.0 28,1.0 29,1.0 36,1.0 55,1.0 57,1.0 58,1.0 59,1.0 60,2.0 62,1.0 
1,1.0 4,2.0 6,4.0 8,4.0 10,1.0 15,2.0 18,1.0 26,4.0 30,15.0 31,8.0 40,4.0 45,1.0 52,6.0 53,2.0 57,10.0 59,1.0 62,49.0 63,1.0 64,1.0 65,1.0 67,4.0 79,1.0 81,1.0 83,2.0 85,8.0 86,20.0 87,25.0 90,2.0 92,13.0 94,2.0 96,7.0 97,1.0 98,1.0 105,2.0 106,3.0 107,4.0 108,6.0 110,1.0 111,6.0 113,2.0 120,4.0 122,1.0 123,2.0 124,1.0 125,8.0 134,8.0 140,1.0 143,1.0 159,2.0 177,2.0 180,2.0 184,1.0 185,4.0 186,1.0 200,1.0 216,1.0 233,1.0 234,9.0 235,21.0 238,23.0 240,1.0 274,3.0 277,1.0 279,1.0 291,2.0 296,2.0 298,1.0 301,1.0 308,1.0 
1,2.0 5,10.0 16,2.0 17,4.0 26,8.0 30,53.0 31,2.0 38,1.0 43,1.0 56,2.0 60,1.0 62,3.0 63,50.0 64,1.0 65,1.0 66,1.0 70,2.0 72,4.0 79,3.0 83,1.0 85,46.0 86,3.0 87,15.0 92,21.0 94,1.0 95,2.0 106,2.0 113,53.0 123,5.0 125,2.0 126,1.0 138,8.0 139,4.0 147,2.0 156,2.0 162,1.0 176,4.0 200,4.0 202,1.0 208,2.0 233,1.0 234,43.0 235,55.0 236,2.0 237,1.0 238,14.0 240,1.0 241,1.0 242,4.0 243,2.0 248,1.0 274,10.0 275,1.0 289,5.0 290,10.0 291,3.0 302,4.0 303,4.0 
38,1.0 43,1.0 60,1.0 63,1.0 65,2.0 66,1.0 92,1.0 106,1.0 110,2.0 111,1.0 122,1.0 123,1.0 124,1.0 
38,1.0 43,1.0 60,1.0 63,1.0 64,2.0 66,1.0 92,1.0 110,1.0 122,1.0 123,1.0 124,1.0 
18,1.0 27,1.0 38,1.0 43,1.0 45,2.0 57,1.0 60,1.0 62,1.0 
4,3.0 5,2.0 6,5.0 7,1.0 13,1.0 30,2.0 52,5.0 59,2.0 62,3.0 67,1.0 68,4.0 69,1.0 83,2.0 86,2.0 92,6.0 94,1.0 96,1.0 105,3.0 209,4.0 233,6.0 235,6.0 246,1.0 
4,5.0 5,3.0 6,10.0 7,1.0 13,1.0 30,9.0 48,1.0 50,1.0 51,1.0 52,7.0 59,1.0 67,4.0 68,1.0 69,1.0 81,4.0 82,3.0 83,5.0 85,1.0 87,3.0 105,2.0 106,2.0 113,2.0 124,2.0 125,2.0 144,2.0 162,2.0 168,2.0 184,2.0 234,1.0 244,1.0 280,2.0 290,1.0 362,1.0 
6,1.0 7,2.0 13,1.0 169,1.0 232,1.0 
5,1.0 8,1.0 30,1.0 63,1.0 71,2.0 72,1.0 78,1.0 85,1.0 86,1.0 92,2.0 113,1.0 126,1.0 235,1.0 291,1.0 299,2.0 
1,1.0 5,1.0 12,22.0 13,1.0 14,1.0 15,1.0 21,1.0 30,28.0 48,1.0 49,1.0 56,1.0 72,2.0 78,1.0 79,6.0 80,2.0 81,1.0 87,9.0 88,1.0 92,1.0 93,1.0 94,10.0 96,1.0 108,6.0 110,2.0 111,10.0 112,1.0 123,1.0 124,2.0 125,1.0 133,1.0 138,1.0 139,1.0 179,2.0 233,4.0 235,2.0 240,2.0 248,4.0 274,1.0 275,7.0 309,1.0 323,1.0 326,1.0 356,1.0 
5,1.0 21,1.0 30,2.0 31,5.0 71,2.0 78,1.0 85,1.0 87,1.0 88,1.0 92,2.0 94,1.0 107,1.0 125,1.0 169,3.0 176,9.0 216,1.0 224,1.0 233,1.0 274,1.0 275,2.0 
74,1.0 
10,1.0 30,1.0 
11,1.0 76,1.0 77,1.0 
5,1.0 6,2.0 10,2.0 11,3.0 17,1.0 30,6.0 64,1.0 68,1.0 71,1.0 77,1.0 78,1.0 79,2.0 80,2.0 85,1.0 88,1.0 89,3.0 96,1.0 109,1.0 110,1.0 123,2.0 138,1.0 203,1.0 222,1.0 323,1.0 
6,1.0 76,1.0 
12,1.0 71,1.0 76,1.0 79,1.0 112,1.0 208,1.0 214,2.0 216,1.0 222,1.0 230,2.0 231,1.0 
5,1.0 11,11.0 12,8.0 14,1.0 15,1.0 30,24.0 56,4.0 62,1.0 63,2.0 71,6.0 76,4.0 80,4.0 86,2.0 87,3.0 88,6.0 89,3.0 92,6.0 94,5.0 95,1.0 96,1.0 97,3.0 107,2.0 109,1.0 111,2.0 112,2.0 113,3.0 122,1.0 123,1.0 125,5.0 126,2.0 138,1.0 139,1.0 145,1.0 146,2.0 164,4.0 177,13.0 179,7.0 203,1.0 216,1.0 229,2.0 233,3.0 234,1.0 235,2.0 240,3.0 271,1.0 275,1.0 277,2.0 285,2.0 326,1.0 336,1.0 
5,1.0 6,1.0 13,2.0 15,1.0 52,1.0 71,1.0 76,1.0 79,1.0 81,4.0 85,1.0 88,1.0 89,3.0 113,1.0 115,1.0 123,2.0 138,2.0 
4,8.0 5,6.0 6,6.0 7,2.0 8,3.0 12,2.0 13,3.0 14,1.0 30,16.0 52,1.0 53,1.0 55,1.0 62,1.0 63,3.0 68,7.0 71,2.0 82,14.0 83,5.0 84,1.0 85,7.0 86,2.0 87,2.0 90,2.0 91,5.0 92,7.0 94,8.0 96,2.0 97,2.0 110,1.0 115,3.0 123,1.0 124,4.0 125,1.0 172,1.0 184,1.0 234,1.0 235,6.0 247,1.0 248,3.0 274,3.0 279,1.0 290,2.0 332,4.0 335,1.0 
4,6.0 10,1.0 14,2.0 15,2.0 18,1.0 48,1.0 50,1.0 51,1.0 57,1.0 62,2.0 68,6.0 81,7.0 82,3.0 83,7.0 84,1.0 85,4.0 86,1.0 90,2.0 91,2.0 92,6.0 94,6.0 120,2.0 162,2.0 168,2.0 235,6.0 244,1.0 247,1.0 248,1.0 301,1.0 307,2.0 332,3.0 362,1.0 
4,5.0 5,5.0 8,16.0 14,1.0 30,1.0 48,1.0 50,1.0 51,1.0 52,1.0 59,1.0 63,1.0 67,1.0 68,4.0 81,1.0 82,4.0 83,8.0 84,1.0 85,4.0 90,14.0 105,1.0 115,1.0 123,4.0 125,1.0 162,2.0 168,2.0 244,1.0 272,2.0 274,7.0 275,1.0 290,1.0 291,1.0 301,6.0 306,2.0 308,5.0 309,4.0 362,1.0 
14,1.0 82,1.0 83,1.0 85,1.0 
3,1.0 5,18.0 8,8.0 11,1.0 14,3.0 15,3.0 30,332.0 31,1.0 56,1.0 62,10.0 63,48.0 70,1.0 71,1.0 76,1.0 85,144.0 86,72.0 87,3.0 88,1.0 89,1.0 90,24.0 92,10.0 94,10.0 96,4.0 97,42.0 98,1.0 107,1.0 109,1.0 110,1.0 111,6.0 113,37.0 120,12.0 122,5.0 123,19.0 124,2.0 125,22.0 133,5.0 138,18.0 139,8.0 145,1.0 148,2.0 158,1.0 223,2.0 234,2.0 235,4.0 255,1.0 256,1.0 257,4.0 258,2.0 259,4.0 260,4.0 261,4.0 262,4.0 263,2.0 264,12.0 266,2.0 267,2.0 268,2.0 269,2.0 274,2.0 277,1.0 290,12.0 291,2.0 295,1.0 296,2.0 301,10.0 308,1.0 310,2.0 311,2.0 316,2.0 317,2.0 318,1.0 323,3.0 326,1.0 331,2.0 335,1.0 
1,1.0 5,22.0 8,3.0 11,1.0 14,2.0 30,50.0 31,7.0 52,2.0 54,1.0 55,2.0 59,1.0 62,15.0 63,6.0 67,2.0 70,1.0 79,2.0 85,73.0 86,36.0 87,3.0 92,4.0 94,10.0 95,11.0 96,10.0 97,44.0 105,2.0 106,2.0 107,1.0 111,11.0 113,7.0 120,23.0 121,1.0 123,17.0 125,36.0 126,4.0 138,8.0 139,4.0 162,1.0 235,1.0 240,1.0 248,1.0 251,5.0 272,1.0 274,2.0 277,1.0 291,20.0 293,1.0 295,2.0 296,2.0 298,1.0 315,1.0 316,1.0 317,1.0 326,1.0 363,1.0 
5,1.0 6,1.0 8,3.0 11,2.0 12,10.0 13,1.0 14,1.0 25,4.0 26,6.0 27,2.0 30,25.0 31,11.0 40,4.0 45,1.0 52,4.0 55,2.0 57,12.0 62,28.0 63,12.0 68,3.0 71,8.0 76,1.0 79,2.0 85,1.0 86,2.0 87,41.0 92,3.0 94,11.0 95,1.0 96,7.0 98,5.0 106,3.0 108,7.0 110,2.0 111,6.0 113,1.0 120,2.0 122,1.0 123,2.0 124,1.0 125,8.0 134,4.0 143,4.0 156,2.0 178,2.0 179,1.0 184,1.0 200,6.0 202,1.0 233,13.0 234,13.0 235,3.0 238,58.0 239,2.0 240,2.0 242,4.0 243,2.0 248,2.0 270,2.0 274,1.0 326,5.0 
6,2.0 8,1.0 11,6.0 15,3.0 30,6.0 31,1.0 45,1.0 55,1.0 57,1.0 68,1.0 72,1.0 76,1.0 79,4.0 80,1.0 81,1.0 85,2.0 89,1.0 92,1.0 94,4.0 95,1.0 106,3.0 109,1.0 110,1.0 123,1.0 124,1.0 125,1.0 133,3.0 134,1.0 208,1.0 233,1.0 234,2.0 235,2.0 240,4.0 242,1.0 274,3.0 275,2.0 277,2.0 291,1.0 309,1.0 318,1.0 
5,1.0 6,1.0 52,1.0 71,1.0 76,1.0 80,2.0 81,2.0 85,1.0 88,1.0 94,1.0 96,1.0 109,1.0 110,1.0 123,2.0 174,1.0 187,2.0 205,2.0 217,1.0 218,1.0 323,1.0 
5,4.0 8,16.0 15,2.0 30,22.0 82,2.0 83,14.0 85,26.0 90,6.0 91,2.0 123,4.0 124,2.0 234,2.0 264,6.0 274,6.0 291,1.0 301,6.0 308,5.0 309,4.0 
4,3.0 5,3.0 15,2.0 30,3.0 63,4.0 81,3.0 82,2.0 85,2.0 90,2.0 274,3.0 
1,6.0 5,51.0 8,1.0 10,1.0 11,3.0 16,2.0 17,6.0 19,2.0 26,10.0 30,39.0 31,27.0 32,2.0 35,4.0 36,8.0 40,12.0 48,2.0 49,4.0 50,2.0 56,2.0 57,4.0 62,13.0 63,20.0 64,1.0 65,1.0 67,8.0 79,2.0 81,8.0 82,8.0 85,7.0 86,4.0 87,2.0 92,134.0 94,49.0 95,14.0 96,6.0 97,12.0 98,1.0 110,1.0 113,28.0 115,2.0 120,2.0 122,8.0 123,6.0 124,1.0 125,9.0 126,8.0 128,2.0 129,2.0 159,2.0 167,2.0 177,4.0 185,6.0 186,1.0 200,4.0 208,1.0 209,8.0 212,2.0 233,66.0 234,33.0 235,156.0 237,2.0 240,6.0 241,6.0 243,4.0 244,4.0 245,1.0 246,1.0 247,3.0 248,16.0 249,2.0 250,1.0 251,14.0 252,2.0 253,2.0 254,1.0 274,8.0 280,1.0 289,6.0 290,18.0 291,10.0 304,2.0 305,4.0 326,68.0 327,2.0 328,1.0 330,1.0 336,4.0 
10,1.0 17,1.0 18,1.0 19,1.0 20,1.0 25,1.0 46,1.0 50,2.0 57,1.0 71,1.0 94,1.0 116,1.0 117,1.0 233,1.0 356,1.0 
1,2.0 5,6.0 8,2.0 11,4.0 12,7.0 17,4.0 26,1.0 30,7.0 31,1.0 32,1.0 33,1.0 40,1.0 50,2.0 53,2.0 62,1.0 63,1.0 71,5.0 79,4.0 81,10.0 82,8.0 85,10.0 86,7.0 87,8.0 88,4.0 92,50.0 94,49.0 95,1.0 97,2.0 108,5.0 111,6.0 113,8.0 115,1.0 120,2.0 123,8.0 124,2.0 125,2.0 145,2.0 179,1.0 212,2.0 221,1.0 233,3.0 235,42.0 240,10.0 247,3.0 248,11.0 251,1.0 270,2.0 271,2.0 272,2.0 277,8.0 290,1.0 295,1.0 313,1.0 
5,18.0 8,1.0 10,2.0 11,4.0 25,4.0 30,17.0 31,1.0 32,1.0 33,1.0 50,2.0 54,1.0 55,2.0 62,1.0 63,2.0 79,2.0 85,2.0 86,11.0 88,2.0 92,14.0 94,2.0 95,31.0 96,1.0 113,10.0 120,2.0 125,13.0 162,1.0 163,2.0 229,4.0 233,2.0 274,1.0 275,1.0 280,1.0 291,17.0 326,5.0 333,1.0 334,1.0 336,4.0 350,1.0 351,2.0 
4,2.0 5,8.0 6,2.0 8,8.0 11,1.0 15,3.0 30,7.0 31,1.0 52,2.0 54,1.0 55,2.0 62,8.0 63,2.0 67,2.0 71,1.0 80,1.0 85,4.0 86,9.0 87,6.0 88,1.0 92,8.0 95,2.0 96,5.0 97,6.0 98,1.0 106,2.0 110,4.0 111,3.0 113,6.0 120,2.0 121,1.0 123,8.0 125,3.0 133,1.0 138,1.0 145,1.0 158,1.0 159,1.0 179,1.0 233,9.0 248,2.0 270,2.0 274,6.0 291,2.0 292,1.0 293,1.0 295,1.0 297,1.0 298,1.0 309,1.0 313,1.0 315,1.0 316,1.0 317,1.0 321,1.0 322,1.0 323,1.0 326,1.0 
8,1.0 14,1.0 17,8.0 18,1.0 26,5.0 27,1.0 30,83.0 31,1.0 35,1.0 54,2.0 55,3.0 57,4.0 63,2.0 79,2.0 81,1.0 85,41.0 86,44.0 92,14.0 96,5.0 97,42.0 98,1.0 99,1.0 106,2.0 111,2.0 113,1.0 122,1.0 124,1.0 125,42.0 138,8.0 139,4.0 145,1.0 158,1.0 167,2.0 185,2.0 234,1.0 243,4.0 272,2.0 306,2.0 326,14.0 330,1.0 
7,1.0 17,4.0 18,5.0 26,5.0 27,1.0 30,26.0 31,11.0 35,1.0 40,4.0 87,5.0 92,1.0 97,1.0 98,21.0 99,1.0 106,2.0 122,2.0 125,41.0 172,1.0 178,2.0 186,4.0 234,5.0 235,1.0 275,6.0 295,2.0 302,1.0 329,2.0 332,1.0 
10,1.0 18,1.0 25,1.0 26,1.0 27,1.0 35,1.0 36,1.0 37,1.0 100,1.0 
10,2.0 21,2.0 23,2.0 25,2.0 36,2.0 37,2.0 38,2.0 39,2.0 101,2.0 
17,2.0 18,2.0 19,2.0 20,2.0 21,2.0 23,2.0 38,2.0 39,2.0 46,2.0 
18,2.0 22,2.0 28,2.0 29,2.0 45,2.0 46,2.0 47,2.0 103,2.0 
1,2.0 22,2.0 28,2.0 29,2.0 47,2.0 48,2.0 49,2.0 
3,3.0 6,1.0 8,2.0 15,1.0 51,1.0 53,2.0 
8,1.0 52,2.0 59,2.0 62,1.0 67,2.0 68,1.0 83,1.0 86,2.0 124,2.0 183,2.0 184,2.0 324,1.0 325,1.0 
5,2.0 8,2.0 11,2.0 30,2.0 52,1.0 55,1.0 62,3.0 63,3.0 71,1.0 86,1.0 87,2.0 88,2.0 92,1.0 96,1.0 97,1.0 98,1.0 107,2.0 108,2.0 109,1.0 110,1.0 111,2.0 112,1.0 113,4.0 114,2.0 134,2.0 135,1.0 142,1.0 146,2.0 170,1.0 178,3.0 234,6.0 235,5.0 240,2.0 
8,2.0 30,1.0 62,2.0 63,1.0 72,1.0 76,1.0 78,1.0 79,2.0 85,1.0 86,2.0 87,1.0 96,1.0 97,1.0 98,1.0 106,2.0 108,1.0 109,1.0 113,2.0 120,2.0 125,1.0 146,2.0 157,2.0 177,1.0 180,5.0 216,1.0 224,1.0 234,1.0 235,1.0 
8,3.0 12,7.0 14,1.0 30,8.0 31,3.0 56,1.0 62,7.0 71,6.0 79,2.0 87,4.0 94,7.0 107,1.0 109,1.0 111,3.0 112,1.0 125,2.0 134,6.0 144,3.0 145,2.0 163,2.0 179,3.0 216,2.0 233,2.0 234,2.0 237,1.0 248,2.0 271,3.0 277,2.0 284,2.0 
5,1.0 8,2.0 79,1.0 85,1.0 89,1.0 107,1.0 108,1.0 123,1.0 174,1.0 187,1.0 193,1.0 205,1.0 308,1.0 316,1.0 317,1.0 318,1.0 
8,8.0 15,4.0 30,5.0 45,1.0 55,1.0 57,1.0 62,2.0 71,2.0 86,1.0 87,2.0 88,2.0 92,1.0 95,1.0 96,5.0 106,1.0 108,1.0 110,3.0 111,1.0 112,1.0 120,1.0 123,9.0 124,2.0 125,2.0 126,1.0 133,2.0 184,1.0 234,1.0 235,1.0 242,1.0 274,3.0 292,1.0 293,1.0 309,3.0 312,1.0 313,1.0 314,6.0 315,1.0 319,1.0 320,1.0 323,1.0 326,1.0 
12,13.0 30,22.0 31,2.0 55,1.0 62,6.0 63,1.0 71,11.0 72,1.0 79,3.0 85,6.0 86,7.0 87,6.0 92,3.0 94,6.0 95,1.0 96,2.0 97,1.0 106,2.0 108,5.0 110,1.0 112,1.0 113,4.0 122,1.0 123,7.0 125,2.0 126,2.0 134,4.0 145,1.0 177,4.0 179,3.0 182,1.0 191,1.0 233,3.0 234,2.0 235,1.0 248,1.0 251,1.0 271,1.0 274,2.0 275,6.0 291,2.0 299,1.0 323,1.0 326,2.0 346,1.0 
12,1.0 30,2.0 56,1.0 71,1.0 78,1.0 79,3.0 108,1.0 114,1.0 125,2.0 126,2.0 138,1.0 214,1.0 230,1.0 231,1.0 323,1.0 
5,19.0 11,2.0 15,10.0 30,35.0 56,3.0 62,2.0 63,52.0 76,1.0 79,5.0 80,1.0 85,41.0 86,5.0 87,2.0 88,1.0 89,1.0 92,27.0 94,7.0 95,11.0 96,2.0 97,1.0 106,2.0 107,2.0 113,28.0 114,1.0 122,3.0 123,9.0 125,3.0 133,1.0 138,7.0 139,2.0 149,2.0 162,1.0 233,4.0 234,2.0 235,14.0 240,1.0 262,2.0 274,16.0 290,1.0 291,10.0 297,1.0 309,2.0 316,1.0 317,1.0 
12,1.0 18,1.0 20,1.0 26,1.0 45,1.0 46,1.0 71,1.0 79,1.0 112,1.0 135,1.0 138,1.0 323,1.0 
7,1.0 8,1.0 13,2.0 14,1.0 30,2.0 81,3.0 82,1.0 85,2.0 86,3.0 87,1.0 92,3.0 94,1.0 113,2.0 233,1.0 235,2.0 
10,1.0 18,2.0 22,1.0 25,1.0 28,1.0 29,1.0 36,5.0 45,2.0 55,5.0 57,8.0 59,1.0 60,2.0 116,3.0 117,8.0 118,2.0 119,2.0 
10,1.0 18,2.0 22,1.0 25,1.0 28,1.0 29,1.0 36,5.0 45,2.0 55,5.0 57,8.0 59,1.0 60,2.0 116,8.0 117,3.0 118,2.0 119,2.0 
22,1.0 28,1.0 29,1.0 36,1.0 55,1.0 57,1.0 59,1.0 60,2.0 116,1.0 117,1.0 119,2.0 120,1.0 121,1.0 
22,1.0 28,1.0 29,1.0 36,1.0 55,1.0 57,1.0 59,1.0 60,2.0 116,1.0 117,1.0 118,2.0 120,1.0 121,1.0 
5,11.0 8,4.0 10,1.0 18,1.0 30,8.0 32,1.0 52,1.0 57,1.0 62,2.0 63,2.0 64,1.0 65,1.0 83,2.0 85,14.0 86,21.0 87,1.0 90,2.0 92,5.0 94,2.0 95,3.0 96,3.0 110,1.0 113,2.0 120,8.0 121,1.0 122,1.0 123,8.0 125,17.0 235,1.0 251,5.0 272,2.0 274,2.0 276,1.0 291,1.0 295,1.0 301,1.0 306,1.0 308,1.0 
64,1.0 65,1.0 92,1.0 96,1.0 120,1.0 122,1.0 123,1.0 
5,3.0 10,2.0 30,2.0 56,1.0 62,1.0 64,1.0 65,1.0 85,5.0 86,2.0 92,12.0 97,2.0 110,1.0 122,19.0 123,1.0 124,1.0 126,1.0 159,1.0 235,1.0 242,1.0 274,1.0 291,1.0 302,1.0 303,2.0 326,2.0 330,1.0 358,2.0 359,2.0 360,1.0 
5,4.0 8,13.0 15,8.0 30,2.0 62,1.0 63,7.0 71,2.0 76,2.0 79,1.0 80,1.0 83,4.0 85,17.0 86,16.0 87,1.0 88,1.0 89,2.0 90,4.0 92,7.0 94,7.0 96,8.0 109,1.0 110,10.0 111,7.0 113,16.0 120,8.0 122,1.0 123,10.0 124,1.0 125,8.0 126,1.0 133,1.0 138,1.0 216,1.0 233,2.0 235,9.0 241,1.0 248,1.0 274,6.0 293,2.0 295,2.0 301,2.0 308,3.0 309,1.0 314,6.0 315,2.0 316,2.0 317,2.0 318,1.0 319,1.0 320,1.0 323,2.0 
12,2.0 30,3.0 55,1.0 62,2.0 63,1.0 71,2.0 87,1.0 94,4.0 97,1.0 110,2.0 123,1.0 124,2.0 125,3.0 126,3.0 144,2.0 157,2.0 179,2.0 184,5.0 234,9.0 235,1.0 240,2.0 248,2.0 258,2.0 265,2.0 280,2.0 285,2.0 
4,1.0 5,15.0 7,2.0 8,2.0 11,2.0 12,5.0 14,1.0 17,12.0 18,7.0 26,8.0 30,82.0 31,24.0 40,4.0 44,1.0 45,1.0 52,2.0 57,5.0 62,7.0 63,3.0 68,2.0 70,2.0 71,1.0 72,3.0 79,8.0 81,2.0 83,1.0 85,24.0 86,38.0 87,10.0 88,1.0 92,4.0 94,1.0 95,12.0 96,2.0 97,42.0 98,41.0 107,3.0 110,1.0 111,3.0 112,4.0 113,1.0 115,1.0 120,17.0 122,3.0 123,9.0 125,69.0 126,5.0 127,1.0 134,2.0 176,2.0 177,2.0 180,2.0 186,6.0 204,2.0 233,5.0 235,1.0 272,5.0 274,2.0 275,10.0 291,15.0 292,2.0 293,2.0 294,2.0 295,2.0 296,1.0 299,2.0 302,1.0 304,2.0 305,2.0 306,3.0 326,2.0 329,2.0 
18,1.0 30,5.0 31,1.0 44,1.0 45,1.0 57,1.0 62,1.0 70,1.0 85,2.0 86,4.0 92,6.0 111,2.0 125,7.0 126,2.0 127,1.0 162,1.0 240,1.0 274,2.0 275,2.0 291,4.0 
10,1.0 18,2.0 25,1.0 27,1.0 36,1.0 37,1.0 44,2.0 45,1.0 57,2.0 100,1.0 143,1.0 144,1.0 
21,1.0 48,2.0 49,3.0 53,1.0 92,1.0 129,3.0 130,2.0 131,2.0 233,1.0 235,1.0 244,1.0 245,1.0 
8,1.0 21,1.0 45,1.0 49,1.0 53,1.0 92,1.0 128,1.0 130,2.0 131,2.0 233,1.0 235,1.0 244,1.0 245,1.0 
6,1.0 8,1.0 15,1.0 21,1.0 45,1.0 51,2.0 53,1.0 129,2.0 131,2.0 132,2.0 140,1.0 
8,1.0 21,1.0 45,1.0 53,1.0 129,2.0 130,2.0 
6,1.0 15,1.0 51,2.0 130,2.0 140,1.0 
8,1.0 11,1.0 15,2.0 30,4.0 45,1.0 55,1.0 57,1.0 85,5.0 88,3.0 106,1.0 109,1.0 110,1.0 123,1.0 134,1.0 242,1.0 268,2.0 274,2.0 291,1.0 309,1.0 318,1.0 
11,1.0 12,1.0 30,3.0 31,4.0 62,9.0 87,1.0 92,1.0 95,1.0 106,2.0 108,6.0 111,4.0 114,1.0 125,3.0 135,1.0 178,1.0 182,1.0 187,1.0 194,1.0 233,1.0 234,3.0 326,1.0 339,1.0 
18,1.0 20,1.0 26,1.0 45,1.0 46,1.0 114,1.0 
11,1.0 28,1.0 29,1.0 76,1.0 137,1.0 
11,1.0 28,1.0 29,1.0 76,1.0 136,1.0 
1,1.0 5,1.0 12,1.0 15,1.0 30,15.0 48,1.0 49,1.0 63,6.0 71,1.0 76,1.0 79,1.0 80,2.0 85,17.0 86,8.0 89,1.0 97,8.0 112,1.0 113,6.0 114,1.0 123,2.0 139,9.0 145,2.0 149,1.0 221,1.0 228,1.0 271,2.0 290,1.0 323,2.0 331,1.0 
1,1.0 12,1.0 30,6.0 48,1.0 49,1.0 63,2.0 71,1.0 85,6.0 86,4.0 97,4.0 113,1.0 138,9.0 145,2.0 271,2.0 290,1.0 
15,1.0 30,1.0 51,1.0 62,1.0 79,1.0 123,1.0 130,1.0 132,1.0 216,1.0 235,1.0 
26,1.0 36,1.0 38,1.0 39,1.0 44,1.0 59,1.0 
36,1.0 44,1.0 45,1.0 218,1.0 229,1.0 230,1.0 
18,1.0 27,1.0 44,1.0 57,3.0 62,1.0 87,2.0 127,1.0 144,1.0 200,1.0 238,2.0 240,2.0 
16,2.0 48,3.0 49,1.0 52,2.0 68,2.0 108,3.0 124,2.0 144,6.0 145,24.0 146,2.0 151,2.0 153,2.0 158,3.0 160,3.0 163,3.0 179,9.0 184,2.0 189,1.0 205,3.0 216,3.0 233,1.0 237,1.0 271,2.0 280,3.0 281,2.0 282,8.0 284,4.0 285,2.0 
0,4.0 1,1.0 16,4.0 30,3.0 48,11.0 49,3.0 53,2.0 144,21.0 145,52.0 146,11.0 150,2.0 151,1.0 152,2.0 158,32.0 160,10.0 179,26.0 189,2.0 205,31.0 244,1.0 271,7.0 280,25.0 281,8.0 282,16.0 283,2.0 284,1.0 286,3.0 287,4.0 288,6.0 337,1.0 
25,2.0 36,2.0 53,4.0 55,2.0 67,2.0 69,1.0 72,3.0 144,4.0 145,1.0 147,2.0 148,1.0 149,1.0 150,4.0 152,1.0 153,2.0 155,1.0 157,5.0 159,1.0 161,1.0 162,1.0 165,2.0 169,3.0 170,1.0 171,1.0 176,3.0 179,4.0 185,2.0 232,1.0 
63,2.0 148,1.0 149,1.0 150,2.0 151,2.0 234,2.0 235,2.0 236,1.0 
8,2.0 30,2.0 147,1.0 149,2.0 150,1.0 151,1.0 159,1.0 170,1.0 213,1.0 223,3.0 224,1.0 272,1.0 301,4.0 309,2.0 310,2.0 311,2.0 312,2.0 
15,4.0 30,4.0 81,1.0 82,1.0 110,2.0 123,2.0 138,1.0 147,1.0 148,2.0 150,1.0 151,1.0 164,1.0 168,1.0 221,2.0 228,1.0 262,6.0 272,2.0 274,2.0 294,2.0 309,2.0 314,2.0 331,1.0 332,1.0 361,2.0 364,2.0 
0,1.0 11,1.0 16,1.0 26,1.0 106,1.0 107,1.0 144,2.0 145,7.0 147,2.0 148,1.0 149,1.0 151,4.0 153,5.0 158,3.0 160,2.0 163,1.0 164,1.0 170,1.0 174,2.0 202,1.0 273,1.0 348,1.0 349,1.0 
12,2.0 145,1.0 146,5.0 152,4.0 158,1.0 169,2.0 182,2.0 205,1.0 
53,2.0 145,3.0 150,2.0 154,1.0 165,1.0 
79,2.0 106,2.0 107,2.0 150,1.0 154,1.0 155,1.0 166,4.0 177,2.0 178,2.0 180,2.0 
150,2.0 175,1.0 
57,1.0 107,1.0 144,1.0 150,2.0 156,1.0 
62,1.0 63,1.0 87,2.0 157,1.0 238,2.0 242,1.0 
18,4.0 79,4.0 144,2.0 145,1.0 146,3.0 151,1.0 154,1.0 163,1.0 174,2.0 177,4.0 186,4.0 199,1.0 200,1.0 
53,1.0 144,4.0 145,31.0 146,1.0 158,10.0 160,2.0 174,7.0 179,7.0 192,1.0 205,28.0 271,1.0 280,10.0 282,6.0 284,1.0 287,1.0 288,2.0 337,1.0 
62,1.0 86,2.0 92,2.0 96,1.0 122,1.0 148,1.0 150,1.0 170,1.0 185,1.0 234,1.0 235,2.0 248,1.0 251,1.0 262,1.0 274,2.0 291,1.0 
48,1.0 49,1.0 144,4.0 145,11.0 146,2.0 153,2.0 158,1.0 163,2.0 181,2.0 205,1.0 286,2.0 
155,1.0 157,1.0 
30,2.0 62,2.0 63,1.0 86,1.0 95,1.0 113,1.0 126,1.0 149,2.0 150,1.0 168,3.0 262,2.0 272,1.0 291,1.0 331,1.0 361,1.0 
95,2.0 108,2.0 144,3.0 146,2.0 164,2.0 181,3.0 187,1.0 216,2.0 229,1.0 233,1.0 237,1.0 271,1.0 284,2.0 336,1.0 
146,7.0 150,1.0 151,1.0 166,2.0 174,1.0 187,2.0 193,1.0 233,1.0 
7,1.0 30,1.0 53,3.0 123,1.0 150,3.0 187,2.0 196,2.0 201,4.0 206,2.0 208,4.0 210,2.0 220,4.0 235,1.0 241,1.0 
105,2.0 150,3.0 167,1.0 168,1.0 169,1.0 183,2.0 
31,1.0 92,2.0 97,1.0 157,1.0 168,1.0 243,1.0 326,2.0 
30,4.0 149,3.0 157,1.0 162,3.0 167,1.0 206,1.0 221,1.0 262,2.0 272,2.0 331,1.0 361,1.0 
4,1.0 148,1.0 151,2.0 157,1.0 159,1.0 160,2.0 161,1.0 170,4.0 
38,1.0 56,1.0 146,3.0 151,2.0 152,1.0 166,1.0 172,1.0 188,2.0 
155,1.0 
7,2.0 8,3.0 30,3.0 81,1.0 85,1.0 87,1.0 96,3.0 97,1.0 110,2.0 120,1.0 125,1.0 173,1.0 332,2.0 
169,1.0 
26,1.0 35,1.0 36,1.0 53,3.0 56,1.0 158,1.0 163,1.0 169,1.0 174,1.0 177,1.0 178,1.0 181,1.0 187,7.0 190,1.0 192,3.0 195,1.0 197,1.0 198,1.0 199,1.0 200,1.0 201,2.0 202,1.0 205,1.0 207,1.0 208,3.0 230,1.0 
1,2.0 16,2.0 30,4.0 170,1.0 
30,4.0 31,4.0 72,9.0 92,2.0 169,3.0 204,1.0 299,2.0 312,1.0 339,1.0 
11,3.0 12,2.0 30,7.0 56,3.0 62,1.0 76,1.0 79,14.0 87,3.0 88,1.0 92,5.0 98,1.0 107,1.0 108,1.0 111,4.0 122,1.0 125,1.0 145,1.0 146,2.0 164,4.0 179,7.0 180,1.0 182,1.0 191,1.0 195,1.0 196,1.0 204,1.0 233,2.0 234,1.0 235,2.0 271,1.0 285,2.0 326,1.0 336,1.0 346,1.0 347,1.0 
30,3.0 87,1.0 92,1.0 98,1.0 106,3.0 134,1.0 146,2.0 182,1.0 187,1.0 197,1.0 234,1.0 235,1.0 339,1.0 
0,1.0 11,4.0 12,4.0 16,2.0 30,3.0 48,3.0 56,4.0 79,8.0 92,1.0 111,4.0 122,1.0 144,4.0 145,27.0 146,1.0 152,1.0 153,2.0 158,9.0 160,2.0 177,8.0 179,11.0 189,1.0 205,9.0 271,3.0 280,8.0 281,3.0 283,1.0 285,6.0 
30,1.0 62,1.0 87,1.0 98,1.0 107,5.0 120,2.0 146,2.0 177,1.0 196,2.0 234,1.0 235,1.0 
146,2.0 163,3.0 187,1.0 203,1.0 
12,2.0 30,3.0 79,1.0 111,1.0 134,1.0 146,2.0 177,1.0 178,1.0 339,1.0 
105,2.0 124,2.0 184,2.0 
30,1.0 62,2.0 87,1.0 110,1.0 124,5.0 144,2.0 157,2.0 179,2.0 234,1.0 235,1.0 280,2.0 285,2.0 
36,2.0 62,3.0 92,6.0 97,2.0 157,2.0 159,1.0 167,1.0 234,1.0 235,4.0 243,1.0 326,2.0 
10,3.0 18,7.0 19,1.0 30,1.0 31,5.0 45,2.0 57,3.0 62,1.0 82,1.0 87,1.0 92,1.0 98,4.0 125,4.0 164,4.0 234,1.0 235,1.0 238,1.0 295,1.0 307,1.0 
89,1.0 150,2.0 157,1.0 158,4.0 164,3.0 165,2.0 170,2.0 174,4.0 180,1.0 181,1.0 187,4.0 189,1.0 196,3.0 203,1.0 204,1.0 205,7.0 206,2.0 212,1.0 214,2.0 217,1.0 218,1.0 220,1.0 226,1.0 
53,1.0 187,1.0 189,1.0 192,1.0 
16,1.0 48,1.0 145,2.0 158,2.0 179,1.0 187,1.0 205,1.0 280,1.0 281,1.0 
191,1.0 
30,4.0 72,1.0 88,1.0 111,1.0 177,1.0 187,1.0 299,1.0 347,1.0 
53,5.0 187,5.0 
134,1.0 187,2.0 194,1.0 
134,1.0 187,1.0 
177,1.0 196,1.0 
157,1.0 158,1.0 165,4.0 168,1.0 193,1.0 196,1.0 201,6.0 206,1.0 208,3.0 216,1.0 220,2.0 221,1.0 
178,1.0 187,1.0 
56,1.0 196,1.0 
174,1.0 200,1.0 201,1.0 
25,2.0 31,1.0 55,1.0 57,1.0 62,1.0 63,4.0 87,5.0 92,4.0 143,1.0 174,1.0 199,1.0 201,1.0 234,9.0 235,8.0 238,5.0 240,1.0 
150,1.0 165,4.0 180,1.0 208,4.0 213,1.0 215,2.0 220,2.0 224,1.0 225,1.0 
26,1.0 63,2.0 87,2.0 174,1.0 187,1.0 238,2.0 
76,1.0 79,1.0 89,1.0 109,2.0 174,1.0 196,1.0 218,1.0 228,1.0 
11,3.0 30,4.0 76,2.0 95,2.0 176,1.0 177,1.0 205,1.0 299,1.0 339,1.0 343,1.0 344,1.0 
88,1.0 89,1.0 144,4.0 145,29.0 158,28.0 160,2.0 165,1.0 174,3.0 179,7.0 187,7.0 205,10.0 208,1.0 209,2.0 217,1.0 218,1.0 219,1.0 271,1.0 280,10.0 282,6.0 284,1.0 287,1.0 288,2.0 
35,1.0 36,1.0 174,1.0 203,1.0 207,1.0 208,4.0 211,1.0 
35,1.0 36,1.0 174,1.0 187,1.0 
58,1.0 63,2.0 76,2.0 78,1.0 79,1.0 92,1.0 149,1.0 165,2.0 174,1.0 187,2.0 196,5.0 203,1.0 205,3.0 210,3.0 214,4.0 220,1.0 222,2.0 227,1.0 230,1.0 
67,4.0 92,6.0 94,1.0 208,2.0 219,1.0 233,6.0 235,6.0 246,1.0 
148,1.0 165,2.0 206,2.0 220,1.0 
187,1.0 
17,1.0 92,1.0 94,1.0 206,1.0 235,1.0 248,1.0 249,1.0 250,1.0 313,1.0 
196,1.0 205,1.0 214,1.0 
78,1.0 112,1.0 165,1.0 174,1.0 187,2.0 201,2.0 203,1.0 208,5.0 214,1.0 220,1.0 224,1.0 230,3.0 231,1.0 
213,1.0 224,1.0 225,1.0 
30,1.0 62,1.0 78,1.0 79,1.0 108,2.0 123,1.0 144,3.0 163,2.0 174,1.0 208,1.0 214,1.0 230,1.0 233,2.0 235,1.0 237,1.0 271,1.0 284,2.0 
89,1.0 187,1.0 205,1.0 218,1.0 
89,1.0 142,1.0 187,2.0 205,1.0 217,1.0 228,1.0 229,1.0 230,1.0 
208,1.0 209,1.0 
165,4.0 187,1.0 196,1.0 201,2.0 206,1.0 208,2.0 210,1.0 
94,1.0 149,2.0 168,1.0 206,1.0 262,2.0 294,2.0 361,1.0 364,2.0 
72,1.0 107,1.0 148,1.0 151,1.0 223,1.0 224,1.0 
8,2.0 148,3.0 224,1.0 301,4.0 309,2.0 310,2.0 311,2.0 312,2.0 
72,1.0 78,1.0 107,1.0 142,1.0 196,1.0 214,2.0 216,1.0 218,1.0 229,1.0 
215,1.0 224,1.0 
214,1.0 
58,1.0 187,1.0 
112,1.0 114,1.0 138,1.0 187,1.0 218,1.0 
11,2.0 30,4.0 50,1.0 79,2.0 92,1.0 95,4.0 142,1.0 163,1.0 218,1.0 230,1.0 336,1.0 351,1.0 
78,1.0 112,1.0 174,2.0 208,1.0 214,4.0 231,1.0 
78,1.0 112,1.0 214,1.0 230,1.0 
69,1.0 169,1.0 
5,25.0 6,1.0 8,1.0 12,5.0 26,2.0 27,4.0 30,4.0 45,2.0 49,2.0 63,6.0 67,8.0 71,6.0 72,1.0 85,4.0 87,12.0 92,66.0 93,2.0 94,6.0 95,2.0 96,6.0 108,3.0 111,4.0 113,6.0 115,1.0 120,1.0 125,5.0 128,2.0 129,2.0 134,2.0 144,1.0 163,1.0 209,8.0 216,1.0 233,50.0 234,2.0 235,43.0 237,1.0 244,2.0 245,1.0 246,1.0 270,2.0 275,4.0 284,1.0 290,18.0 291,2.0 326,1.0 352,1.0 353,1.0 354,1.0 355,1.0 356,2.0 
5,2.0 6,1.0 10,1.0 11,2.0 17,5.0 19,1.0 25,2.0 26,13.0 30,4.0 31,4.0 35,1.0 36,4.0 40,1.0 55,2.0 57,4.0 62,8.0 63,42.0 68,1.0 87,14.0 88,4.0 92,32.0 98,5.0 106,9.0 108,2.0 110,1.0 111,2.0 113,1.0 124,9.0 125,2.0 126,2.0 134,4.0 147,2.0 178,2.0 184,1.0 200,10.0 234,44.0 235,72.0 236,2.0 237,3.0 238,4.0 240,2.0 258,2.0 265,2.0 326,9.0 327,2.0 
1,2.0 5,1.0 7,1.0 11,2.0 13,2.0 17,4.0 26,12.0 30,24.0 32,2.0 36,4.0 49,2.0 50,2.0 56,2.0 57,4.0 62,19.0 63,55.0 67,8.0 70,1.0 79,1.0 81,8.0 82,8.0 85,2.0 86,1.0 87,2.0 88,4.0 92,154.0 94,42.0 98,1.0 106,6.0 107,2.0 113,14.0 115,2.0 123,7.0 125,4.0 128,2.0 129,2.0 140,1.0 147,2.0 159,2.0 165,1.0 177,4.0 180,2.0 185,4.0 186,1.0 200,8.0 209,8.0 212,2.0 216,1.0 233,43.0 234,73.0 235,93.0 236,2.0 237,3.0 240,2.0 241,1.0 244,2.0 245,1.0 246,1.0 247,3.0 248,10.0 249,2.0 250,1.0 251,9.0 252,2.0 253,2.0 254,1.0 274,6.0 291,1.0 300,2.0 
63,2.0 147,1.0 234,2.0 235,2.0 
18,2.0 45,2.0 63,2.0 87,2.0 108,1.0 144,1.0 163,1.0 186,1.0 202,1.0 216,1.0 233,1.0 238,2.0 284,1.0 
25,4.0 26,6.0 27,2.0 31,9.0 40,4.0 45,1.0 55,2.0 57,12.0 62,26.0 63,12.0 87,58.0 122,1.0 123,1.0 143,4.0 156,2.0 200,6.0 202,1.0 234,3.0 238,26.0 239,2.0 240,2.0 242,4.0 243,2.0 
31,1.0 62,1.0 87,2.0 238,2.0 
1,2.0 5,1.0 11,3.0 30,2.0 48,2.0 49,2.0 62,1.0 63,2.0 79,4.0 86,1.0 88,3.0 92,6.0 94,10.0 113,1.0 234,2.0 235,4.0 240,4.0 244,2.0 248,1.0 277,2.0 289,1.0 
5,6.0 30,1.0 86,1.0 92,5.0 120,1.0 123,1.0 233,1.0 235,1.0 241,2.0 248,5.0 251,1.0 
10,3.0 45,1.0 55,4.0 57,4.0 62,2.0 63,3.0 87,4.0 92,1.0 156,1.0 235,1.0 238,4.0 242,1.0 243,1.0 
31,2.0 63,2.0 87,2.0 92,4.0 97,3.0 98,1.0 125,1.0 156,1.0 167,1.0 185,1.0 238,2.0 242,1.0 326,4.0 
1,2.0 5,1.0 48,3.0 49,3.0 50,1.0 51,1.0 63,1.0 91,1.0 92,3.0 128,1.0 129,1.0 151,1.0 233,1.0 235,1.0 240,1.0 245,1.0 289,1.0 362,1.0 
92,1.0 233,1.0 235,1.0 
92,1.0 233,1.0 235,1.0 
92,3.0 94,3.0 235,3.0 
5,6.0 11,1.0 12,2.0 71,2.0 79,1.0 81,1.0 86,2.0 88,1.0 92,15.0 94,11.0 96,2.0 111,1.0 113,1.0 120,1.0 123,1.0 124,2.0 159,1.0 212,2.0 235,10.0 240,3.0 241,5.0 248,8.0 249,2.0 250,1.0 251,1.0 274,1.0 
92,1.0 212,1.0 235,1.0 248,1.0 250,1.0 
251,1.0 
5,6.0 11,2.0 86,5.0 89,1.0 92,13.0 94,1.0 95,2.0 111,2.0 113,1.0 120,5.0 159,2.0 235,10.0 251,16.0 252,2.0 253,2.0 254,1.0 262,1.0 323,1.0 357,2.0 
92,1.0 235,1.0 251,1.0 253,1.0 254,1.0 
92,1.0 235,1.0 251,1.0 252,1.0 254,1.0 
30,1.0 85,1.0 
3,1.0 30,1.0 85,1.0 256,1.0 
3,1.0 30,1.0 85,1.0 255,1.0 
30,4.0 85,4.0 263,2.0 
30,2.0 85,2.0 124,2.0 234,2.0 265,2.0 
30,4.0 85,4.0 266,2.0 
30,4.0 85,4.0 267,2.0 
87,4.0 96,4.0 269,2.0 
15,4.0 30,4.0 81,1.0 82,1.0 85,4.0 110,2.0 123,2.0 138,1.0 149,5.0 221,1.0 228,1.0 251,1.0 274,2.0 294,2.0 309,2.0 314,2.0 331,1.0 332,1.0 361,2.0 364,2.0 365,1.0 366,1.0 367,1.0 368,1.0 369,1.0 370,1.0 
30,2.0 85,2.0 257,2.0 
30,10.0 85,10.0 90,6.0 124,2.0 234,2.0 
124,2.0 234,2.0 258,2.0 
30,2.0 85,2.0 259,2.0 
30,2.0 85,2.0 260,2.0 
4,1.0 5,1.0 30,2.0 85,2.0 133,2.0 
87,2.0 96,2.0 261,2.0 
30,2.0 53,1.0 63,2.0 85,2.0 94,1.0 113,1.0 233,2.0 290,1.0 
30,3.0 108,1.0 144,2.0 145,7.0 146,1.0 152,1.0 158,2.0 163,1.0 179,2.0 205,2.0 216,1.0 284,1.0 288,1.0 
8,1.0 17,1.0 20,1.0 26,1.0 30,11.0 83,1.0 85,1.0 86,1.0 94,2.0 95,1.0 97,2.0 115,1.0 120,2.0 125,4.0 148,1.0 149,2.0 155,1.0 162,1.0 168,2.0 221,1.0 292,1.0 293,1.0 294,1.0 306,4.0 361,1.0 
16,2.0 30,2.0 278,1.0 
5,6.0 8,12.0 11,2.0 15,12.0 30,7.0 31,2.0 45,1.0 55,1.0 57,1.0 62,3.0 63,9.0 72,1.0 83,6.0 85,6.0 86,6.0 87,2.0 88,3.0 90,6.0 92,6.0 94,1.0 96,4.0 109,1.0 110,3.0 111,2.0 113,9.0 122,1.0 123,6.0 125,3.0 126,3.0 133,2.0 149,4.0 159,2.0 162,1.0 179,1.0 235,5.0 242,1.0 248,1.0 262,4.0 274,4.0 275,2.0 291,8.0 292,2.0 297,1.0 301,2.0 308,3.0 309,7.0 313,2.0 314,2.0 318,1.0 328,1.0 
4,1.0 5,1.0 6,1.0 7,1.0 12,6.0 30,20.0 31,2.0 63,1.0 71,7.0 72,2.0 83,1.0 85,1.0 87,4.0 88,1.0 94,2.0 98,6.0 111,6.0 125,10.0 233,4.0 274,2.0 275,9.0 329,2.0 
8,1.0 30,1.0 32,1.0 86,1.0 120,1.0 272,1.0 
8,2.0 12,2.0 53,1.0 62,1.0 86,1.0 94,7.0 108,2.0 113,1.0 145,2.0 179,1.0 270,1.0 271,2.0 277,1.0 296,1.0 
62,2.0 
53,1.0 62,1.0 81,1.0 87,1.0 110,1.0 124,1.0 184,1.0 234,1.0 
0,1.0 31,1.0 48,1.0 87,1.0 124,2.0 144,5.0 145,24.0 158,9.0 179,6.0 184,2.0 205,9.0 281,1.0 282,6.0 283,1.0 285,2.0 287,2.0 
0,2.0 16,2.0 48,4.0 145,8.0 158,4.0 179,2.0 189,1.0 205,4.0 271,1.0 280,3.0 282,1.0 283,1.0 288,1.0 
0,1.0 48,1.0 52,2.0 68,2.0 108,2.0 144,7.0 145,14.0 158,4.0 163,2.0 179,1.0 205,4.0 216,2.0 233,1.0 237,1.0 271,1.0 280,4.0 281,1.0 284,1.0 288,2.0 
0,1.0 48,1.0 145,2.0 158,1.0 205,1.0 280,1.0 281,1.0 282,1.0 
144,6.0 282,3.0 
179,8.0 
144,1.0 145,4.0 160,1.0 
145,4.0 280,1.0 282,1.0 
0,1.0 48,1.0 145,6.0 158,3.0 205,3.0 271,1.0 281,1.0 282,2.0 
5,6.0 63,5.0 92,6.0 241,1.0 248,1.0 289,2.0 
5,20.0 30,14.0 63,10.0 85,12.0 92,18.0 96,1.0 138,2.0 139,2.0 233,18.0 290,12.0 
5,20.0 8,4.0 15,2.0 30,1.0 31,5.0 62,1.0 63,2.0 70,1.0 83,2.0 85,3.0 86,21.0 88,1.0 90,2.0 92,8.0 95,18.0 96,1.0 109,1.0 111,2.0 113,10.0 120,1.0 122,1.0 123,2.0 125,19.0 126,4.0 133,1.0 159,1.0 162,2.0 274,7.0 291,10.0 292,1.0 309,1.0 313,1.0 318,1.0 
8,2.0 15,2.0 96,1.0 113,2.0 123,2.0 125,2.0 272,1.0 274,2.0 291,1.0 293,1.0 294,1.0 313,2.0 
5,1.0 85,1.0 86,1.0 96,1.0 113,1.0 123,1.0 125,2.0 272,1.0 292,1.0 294,1.0 315,1.0 316,1.0 317,1.0 
125,2.0 149,1.0 221,1.0 262,2.0 272,1.0 292,1.0 293,1.0 361,1.0 364,2.0 365,1.0 366,1.0 367,1.0 368,1.0 369,1.0 370,1.0 
30,1.0 31,1.0 63,2.0 85,1.0 86,2.0 94,1.0 96,1.0 98,2.0 120,1.0 125,2.0 186,1.0 
31,1.0 62,2.0 86,2.0 113,1.0 125,1.0 277,1.0 
11,1.0 62,1.0 96,1.0 274,1.0 
62,1.0 96,1.0 274,1.0 
30,5.0 70,2.0 72,1.0 92,2.0 111,1.0 176,2.0 191,1.0 204,1.0 312,1.0 339,1.0 
13,2.0 30,1.0 31,2.0 111,1.0 177,1.0 346,1.0 
5,4.0 8,13.0 62,1.0 83,5.0 85,8.0 90,5.0 110,1.0 120,1.0 123,3.0 148,4.0 223,4.0 235,2.0 274,3.0 301,6.0 308,4.0 309,6.0 310,4.0 311,4.0 312,6.0 
10,1.0 30,1.0 31,5.0 92,1.0 98,1.0 125,1.0 303,5.0 326,1.0 
10,2.0 30,1.0 31,4.0 92,2.0 302,5.0 326,2.0 
26,1.0 30,1.0 31,2.0 92,2.0 234,1.0 305,3.0 326,2.0 
26,2.0 30,1.0 31,2.0 92,4.0 234,1.0 304,3.0 326,4.0 
20,1.0 30,2.0 83,1.0 85,1.0 94,1.0 97,2.0 115,1.0 120,1.0 125,2.0 272,4.0 
10,1.0 18,1.0 57,1.0 62,2.0 82,2.0 120,2.0 301,1.0 
5,2.0 8,9.0 10,1.0 57,1.0 83,4.0 85,2.0 90,4.0 186,1.0 274,4.0 291,1.0 292,1.0 301,2.0 309,2.0 312,1.0 313,1.0 316,1.0 317,1.0 
5,2.0 8,12.0 15,5.0 45,1.0 55,1.0 57,1.0 83,4.0 88,1.0 90,4.0 96,1.0 110,5.0 123,4.0 133,1.0 149,2.0 242,1.0 262,2.0 274,5.0 291,1.0 292,2.0 301,4.0 308,2.0 309,2.0 312,6.0 313,2.0 314,2.0 
8,2.0 148,2.0 223,2.0 301,4.0 309,2.0 311,2.0 312,2.0 
8,2.0 148,2.0 223,2.0 301,4.0 309,2.0 310,2.0 312,2.0 
8,8.0 30,2.0 96,1.0 110,2.0 176,1.0 274,2.0 291,1.0 292,2.0 299,1.0 301,2.0 308,2.0 309,6.0 312,2.0 313,2.0 
8,2.0 15,2.0 96,1.0 113,2.0 122,1.0 123,2.0 274,2.0 291,1.0 292,2.0 
8,4.0 15,2.0 86,1.0 96,1.0 110,6.0 123,7.0 293,1.0 314,2.0 315,1.0 319,1.0 320,1.0 
5,1.0 85,1.0 86,1.0 96,1.0 113,1.0 123,1.0 293,1.0 316,1.0 317,1.0 
5,2.0 8,1.0 10,1.0 15,1.0 57,1.0 85,1.0 88,1.0 113,1.0 133,1.0 186,1.0 274,1.0 291,1.0 308,1.0 317,2.0 
5,2.0 8,1.0 10,1.0 15,1.0 57,1.0 85,1.0 88,1.0 113,1.0 133,1.0 186,1.0 274,1.0 291,1.0 308,1.0 316,2.0 
5,1.0 8,2.0 85,1.0 109,1.0 123,1.0 308,1.0 316,1.0 317,1.0 
5,1.0 96,1.0 320,1.0 321,1.0 322,1.0 
5,1.0 96,1.0 319,1.0 321,1.0 322,1.0 
5,1.0 15,1.0 80,1.0 96,1.0 113,1.0 123,1.0 138,1.0 322,1.0 
5,1.0 15,1.0 80,1.0 96,1.0 113,1.0 123,1.0 138,1.0 321,1.0 
15,1.0 30,1.0 71,1.0 85,2.0 88,1.0 96,1.0 110,2.0 123,1.0 133,1.0 138,2.0 149,1.0 221,1.0 251,1.0 274,1.0 309,1.0 331,1.0 
8,1.0 86,1.0 105,1.0 325,1.0 
8,1.0 86,1.0 105,1.0 324,1.0 
7,1.0 10,1.0 11,2.0 12,1.0 17,6.0 19,2.0 26,6.0 30,15.0 31,26.0 35,4.0 36,4.0 40,12.0 71,1.0 79,2.0 87,1.0 92,68.0 95,5.0 97,12.0 111,1.0 125,2.0 126,2.0 167,2.0 172,1.0 177,2.0 185,2.0 233,1.0 234,9.0 243,4.0 274,1.0 280,1.0 304,2.0 305,4.0 326,31.0 327,2.0 328,1.0 330,1.0 332,1.0 336,4.0 
31,1.0 92,2.0 234,1.0 326,2.0 
31,1.0 98,1.0 125,1.0 243,1.0 
30,1.0 98,2.0 125,2.0 275,1.0 
92,2.0 97,2.0 326,2.0 
30,1.0 85,2.0 138,2.0 149,1.0 228,1.0 262,1.0 323,1.0 
4,3.0 7,3.0 8,3.0 30,3.0 68,3.0 81,4.0 82,6.0 83,3.0 85,1.0 87,1.0 96,3.0 110,2.0 120,1.0 125,1.0 172,2.0 
30,2.0 54,1.0 95,1.0 334,2.0 
30,2.0 54,1.0 95,1.0 333,2.0 
5,1.0 30,2.0 85,1.0 94,1.0 
11,1.0 30,1.0 79,1.0 87,1.0 92,2.0 95,3.0 125,1.0 163,1.0 177,1.0 229,1.0 233,1.0 280,1.0 326,2.0 
30,1.0 
30,2.0 177,1.0 191,2.0 345,1.0 347,1.0 
30,6.0 134,1.0 176,1.0 178,1.0 182,1.0 204,1.0 299,1.0 
30,1.0 176,1.0 299,1.0 312,1.0 
74,1.0 
19,1.0 30,1.0 
30,1.0 76,1.0 204,1.0 344,1.0 
30,1.0 76,1.0 204,1.0 343,1.0 
30,2.0 111,1.0 177,1.0 191,2.0 299,1.0 338,1.0 347,1.0 
30,1.0 108,1.0 111,1.0 177,1.0 
30,1.0 88,1.0 177,1.0 191,1.0 
0,1.0 278,1.0 349,1.0 
0,1.0 278,1.0 348,1.0 
95,1.0 
50,1.0 95,2.0 229,1.0 
233,1.0 353,1.0 354,1.0 
233,1.0 352,1.0 354,1.0 
233,1.0 352,1.0 353,1.0 
233,1.0 
71,1.0 93,1.0 94,1.0 233,1.0 
11,1.0 89,1.0 251,1.0 
122,1.0 359,1.0 360,1.0 
122,1.0 358,1.0 360,1.0 
4,1.0 268,1.0 
17,1.0 26,2.0 81,1.0 82,1.0 149,2.0 221,1.0 262,2.0 272,1.0 294,1.0 332,1.0 364,1.0 
48,1.0 50,1.0 51,1.0 91,1.0 244,1.0 
19,1.0 
149,1.0 221,1.0 262,2.0 294,2.0 361,1.0 365,1.0 366,1.0 367,1.0 368,1.0 369,1.0 370,1.0 
366,1.0 367,1.0 368,1.0 369,1.0 370,1.0 
365,1.0 367,1.0 368,1.0 369,1.0 370,1.0 
365,1.0 366,1.0 368,1.0 369,1.0 370,1.0 
365,1.0 366,1.0 367,1.0 369,1.0 370,1.0 
365,1.0 366,1.0 367,1.0 368,1.0 370,1.0 
365,1.0 366,1.0 367,1.0 368,1.0 369,1.0 
