1,1.0 2,1.0 3,1.0 4,1.0 5,1.0 6,1.0 
0,1.0 2,1.0 3,1.0 4,1.0 5,1.0 6,2.0 25,1.0 316,1.0 317,1.0 318,1.0 319,1.0 320,1.0 
0,1.0 1,1.0 3,1.0 4,1.0 5,1.0 6,1.0 
4,1.0 5,1.0 6,1.0 7,1.0 8,1.0 
3,1.0 5,1.0 6,1.0 7,1.0 8,1.0 
3,1.0 4,1.0 6,1.0 7,1.0 8,1.0 
3,1.0 4,1.0 5,1.0 7,1.0 8,1.0 30,1.0 56,1.0 132,1.0 318,1.0 319,1.0 320,1.0 
7,1.0 8,22.0 9,1.0 14,5.0 15,1.0 16,1.0 17,1.0 18,1.0 23,4.0 28,1.0 29,1.0 30,3.0 31,5.0 33,2.0 34,4.0 40,1.0 47,5.0 48,5.0 52,5.0 53,4.0 54,4.0 55,4.0 60,3.0 86,2.0 100,4.0 101,1.0 103,1.0 104,1.0 106,1.0 112,3.0 113,1.0 117,1.0 119,3.0 236,2.0 297,1.0 308,2.0 355,2.0 356,2.0 
7,6.0 9,3.0 14,59.0 15,1.0 16,1.0 17,3.0 18,1.0 20,3.0 30,1.0 31,8.0 34,1.0 39,5.0 46,10.0 55,8.0 56,2.0 59,1.0 60,2.0 65,2.0 68,3.0 94,1.0 95,1.0 106,3.0 107,1.0 110,1.0 113,1.0 114,1.0 118,3.0 119,5.0 120,11.0 121,1.0 122,1.0 127,18.0 131,1.0 132,4.0 153,6.0 171,8.0 212,5.0 213,3.0 216,4.0 218,6.0 222,3.0 224,4.0 227,3.0 237,2.0 260,2.0 279,4.0 284,6.0 286,6.0 306,1.0 321,1.0 322,1.0 323,1.0 330,2.0 355,2.0 356,2.0 358,2.0 359,2.0 
7,14.0 8,2.0 9,10.0 10,1.0 11,1.0 12,1.0 14,4.0 33,6.0 34,15.0 38,2.0 39,5.0 42,3.0 43,3.0 44,3.0 46,10.0 52,2.0 56,6.0 57,2.0 60,8.0 67,1.0 68,4.0 86,40.0 87,17.0 94,5.0 97,2.0 112,6.0 119,2.0 131,2.0 135,2.0 139,1.0 145,2.0 171,9.0 219,2.0 221,3.0 223,7.0 252,4.0 255,2.0 256,2.0 262,16.0 269,2.0 271,2.0 272,2.0 289,6.0 297,4.0 304,2.0 305,2.0 308,2.0 323,1.0 344,1.0 350,2.0 356,2.0 
7,5.0 11,2.0 12,2.0 13,1.0 32,1.0 47,5.0 48,5.0 50,1.0 51,1.0 52,5.0 123,1.0 
10,2.0 12,2.0 13,1.0 28,1.0 29,1.0 31,1.0 32,1.0 34,1.0 93,1.0 96,1.0 97,1.0 98,1.0 99,1.0 
10,1.0 11,1.0 13,1.0 29,1.0 30,1.0 33,1.0 34,1.0 
7,1.0 8,1.0 14,1.0 15,1.0 
7,5.0 8,1.0 9,10.0 14,6.0 15,1.0 16,1.0 17,1.0 18,1.0 30,1.0 31,8.0 41,4.0 46,6.0 47,5.0 48,6.0 49,5.0 50,5.0 51,5.0 52,1.0 55,8.0 85,8.0 88,2.0 89,2.0 101,1.0 119,2.0 121,1.0 122,1.0 126,1.0 127,2.0 128,2.0 131,1.0 132,65.0 133,3.0 134,3.0 171,8.0 279,4.0 280,4.0 281,4.0 
7,3.0 8,2.0 14,2.0 15,31.0 16,1.0 17,1.0 18,1.0 28,8.0 30,1.0 31,1.0 33,8.0 34,2.0 40,4.0 46,1.0 48,2.0 55,1.0 56,7.0 57,1.0 60,14.0 62,8.0 64,2.0 65,4.0 67,2.0 68,4.0 87,2.0 94,1.0 95,6.0 97,5.0 101,95.0 110,8.0 112,1.0 115,1.0 116,1.0 118,4.0 120,8.0 131,1.0 132,1.0 146,7.0 170,1.0 171,8.0 203,4.0 204,14.0 205,7.0 206,14.0 207,7.0 208,7.0 209,14.0 210,7.0 211,7.0 212,7.0 213,7.0 214,14.0 215,7.0 216,14.0 217,7.0 218,7.0 219,7.0 220,7.0 221,6.0 234,1.0 237,4.0 245,4.0 247,4.0 248,4.0 254,2.0 260,4.0 273,1.0 276,2.0 291,4.0 296,2.0 297,4.0 304,2.0 305,2.0 307,1.0 308,1.0 342,1.0 360,2.0 
14,1.0 17,7.0 18,4.0 19,3.0 46,1.0 47,1.0 48,1.0 53,1.0 54,4.0 122,2.0 128,1.0 237,1.0 246,2.0 247,1.0 248,1.0 301,1.0 302,1.0 308,2.0 311,1.0 326,1.0 327,1.0 328,1.0 364,1.0 
14,1.0 16,7.0 18,4.0 19,3.0 21,1.0 29,1.0 30,1.0 31,2.0 35,1.0 39,2.0 46,1.0 47,1.0 48,1.0 54,3.0 56,1.0 57,1.0 58,2.0 63,1.0 65,2.0 67,1.0 68,3.0 70,2.0 71,3.0 72,1.0 73,3.0 75,2.0 122,2.0 128,1.0 132,1.0 222,1.0 237,1.0 246,2.0 247,1.0 248,1.0 255,2.0 277,1.0 301,1.0 302,1.0 308,2.0 311,2.0 327,1.0 364,1.0 
14,1.0 16,4.0 17,4.0 19,4.0 35,1.0 46,1.0 47,1.0 48,1.0 54,1.0 301,1.0 302,1.0 311,2.0 327,1.0 328,1.0 364,1.0 
1,1.0 14,1.0 16,2.0 17,1.0 18,2.0 20,1.0 21,1.0 22,1.0 25,1.0 46,1.0 47,1.0 48,1.0 301,1.0 302,1.0 311,2.0 316,1.0 317,1.0 328,1.0 364,1.0 
8,3.0 9,1.0 21,2.0 22,1.0 23,1.0 31,1.0 39,1.0 59,1.0 60,1.0 66,2.0 96,2.0 103,2.0 105,2.0 106,6.0 107,1.0 127,3.0 132,1.0 138,1.0 139,1.0 153,1.0 222,3.0 321,1.0 323,1.0 
15,1.0 20,2.0 22,3.0 23,1.0 38,1.0 39,2.0 40,1.0 57,1.0 58,1.0 59,1.0 60,1.0 65,2.0 68,2.0 73,2.0 101,1.0 110,1.0 161,1.0 171,1.0 193,2.0 222,1.0 234,1.0 248,2.0 356,1.0 
20,1.0 21,2.0 22,1.0 23,1.0 38,3.0 40,5.0 58,1.0 62,1.0 106,2.0 115,1.0 116,2.0 160,1.0 161,1.0 171,2.0 174,1.0 179,1.0 193,1.0 279,1.0 356,2.0 374,1.0 
9,4.0 23,10.0 24,1.0 25,1.0 26,1.0 31,4.0 55,1.0 60,1.0 68,4.0 87,8.0 89,4.0 110,4.0 112,4.0 122,2.0 127,2.0 128,8.0 145,2.0 146,1.0 171,1.0 212,4.0 217,6.0 218,4.0 236,32.0 237,5.0 240,2.0 244,4.0 245,4.0 246,2.0 253,4.0 254,2.0 262,8.0 272,4.0 273,2.0 293,4.0 305,2.0 307,3.0 308,1.0 362,2.0 
25,1.0 26,1.0 27,1.0 
1,1.0 6,1.0 24,1.0 26,1.0 27,1.0 316,1.0 317,1.0 318,1.0 319,1.0 320,1.0 
24,1.0 25,1.0 27,1.0 
28,1.0 29,1.0 30,1.0 31,1.0 
7,1.0 10,1.0 11,1.0 14,4.0 15,2.0 28,1.0 29,2.0 30,6.0 31,16.0 32,1.0 33,6.0 34,2.0 57,1.0 65,1.0 66,3.0 67,1.0 85,2.0 96,4.0 97,2.0 100,2.0 101,4.0 103,1.0 104,1.0 105,5.0 107,4.0 110,1.0 112,2.0 135,1.0 149,1.0 220,2.0 234,1.0 247,2.0 350,1.0 365,1.0 366,1.0 367,1.0 
7,4.0 8,1.0 10,1.0 11,1.0 14,1.0 15,1.0 28,2.0 30,4.0 31,2.0 32,1.0 33,1.0 34,2.0 35,1.0 36,1.0 37,1.0 46,1.0 47,1.0 48,1.0 56,1.0 57,1.0 65,1.0 94,1.0 96,1.0 97,1.0 100,1.0 101,2.0 112,1.0 118,1.0 
7,5.0 8,1.0 10,2.0 11,1.0 14,2.0 28,2.0 29,8.0 30,3.0 31,1.0 32,1.0 33,1.0 34,4.0 35,1.0 36,1.0 37,1.0 46,1.0 47,1.0 48,1.0 50,1.0 51,1.0 56,3.0 57,1.0 65,2.0 85,1.0 96,6.0 100,1.0 101,1.0 112,5.0 117,1.0 131,1.0 132,1.0 234,1.0 306,1.0 321,1.0 322,1.0 
7,1.0 8,1.0 10,1.0 11,1.0 17,1.0 20,1.0 28,6.0 29,2.0 30,1.0 31,2.0 32,1.0 33,4.0 34,2.0 37,1.0 38,2.0 40,1.0 46,8.0 60,1.0 65,4.0 68,4.0 96,1.0 97,2.0 100,2.0 101,3.0 103,1.0 104,1.0 106,2.0 107,2.0 116,2.0 118,1.0 132,3.0 133,5.0 139,5.0 153,22.0 160,1.0 214,6.0 217,6.0 221,1.0 222,1.0 224,7.0 235,2.0 236,2.0 237,12.0 260,3.0 275,1.0 283,6.0 285,6.0 323,1.0 
10,1.0 11,1.0 12,1.0 28,1.0 33,1.0 56,1.0 57,1.0 66,1.0 94,1.0 96,1.0 102,1.0 105,1.0 107,1.0 111,1.0 112,2.0 120,1.0 132,1.0 234,1.0 271,1.0 296,1.0 371,1.0 372,1.0 
7,2.0 9,4.0 28,7.0 29,1.0 30,1.0 33,1.0 34,13.0 35,1.0 36,1.0 37,1.0 46,2.0 49,1.0 56,5.0 57,2.0 66,4.0 68,6.0 86,6.0 89,4.0 96,3.0 101,2.0 103,2.0 105,1.0 107,4.0 110,1.0 111,1.0 112,1.0 113,1.0 114,1.0 131,1.0 135,4.0 144,1.0 149,2.0 242,2.0 247,2.0 271,2.0 272,4.0 
7,4.0 8,8.0 9,1.0 28,2.0 29,2.0 30,4.0 31,2.0 33,3.0 34,1.0 35,1.0 36,1.0 37,1.0 46,6.0 58,6.0 60,1.0 65,8.0 68,12.0 87,8.0 96,1.0 97,1.0 100,2.0 101,2.0 103,1.0 104,1.0 106,6.0 112,3.0 115,1.0 116,7.0 117,2.0 118,1.0 127,6.0 133,2.0 135,2.0 151,1.0 160,2.0 223,16.0 224,4.0 242,4.0 251,6.0 262,8.0 269,4.0 272,2.0 287,6.0 297,4.0 
17,1.0 18,1.0 19,1.0 36,2.0 37,1.0 38,1.0 39,1.0 40,1.0 41,1.0 311,1.0 313,1.0 314,1.0 315,1.0 
16,1.0 35,2.0 37,1.0 38,1.0 39,1.0 40,1.0 41,1.0 53,1.0 54,1.0 306,2.0 313,1.0 314,1.0 315,1.0 322,2.0 325,1.0 326,1.0 
31,1.0 35,1.0 36,1.0 38,2.0 39,1.0 40,2.0 41,1.0 153,1.0 
9,3.0 22,2.0 31,2.0 37,1.0 39,1.0 40,4.0 41,1.0 58,1.0 60,1.0 86,2.0 88,2.0 94,1.0 95,1.0 106,1.0 107,1.0 116,2.0 131,1.0 132,1.0 138,2.0 139,1.0 153,2.0 161,1.0 171,2.0 174,1.0 179,1.0 222,1.0 247,4.0 248,4.0 255,1.0 260,2.0 261,2.0 262,2.0 296,1.0 356,1.0 
8,5.0 9,7.0 20,1.0 21,2.0 22,1.0 38,1.0 40,3.0 41,1.0 57,1.0 58,3.0 59,1.0 60,7.0 61,1.0 62,2.0 63,1.0 66,2.0 67,4.0 68,1.0 85,2.0 86,5.0 95,8.0 97,5.0 107,1.0 110,1.0 127,5.0 132,1.0 136,2.0 160,5.0 171,5.0 221,5.0 222,6.0 234,1.0 262,1.0 266,1.0 279,1.0 323,1.0 324,1.0 
9,1.0 15,4.0 22,4.0 31,1.0 37,1.0 38,4.0 39,2.0 41,1.0 53,1.0 54,1.0 55,1.0 58,1.0 61,1.0 62,2.0 63,1.0 64,1.0 65,1.0 66,1.0 67,1.0 68,1.0 95,1.0 101,4.0 106,4.0 115,1.0 116,3.0 153,1.0 160,1.0 161,2.0 171,1.0 174,1.0 179,1.0 279,1.0 323,1.0 343,1.0 356,1.0 374,1.0 
9,1.0 14,4.0 38,1.0 39,1.0 40,1.0 132,4.0 
43,3.0 44,3.0 45,3.0 
42,3.0 44,3.0 45,3.0 
42,3.0 43,3.0 45,3.0 
14,3.0 46,3.0 47,3.0 48,3.0 
14,6.0 15,38.0 28,2.0 33,4.0 46,1.0 47,5.0 48,5.0 49,5.0 50,5.0 51,5.0 52,4.0 57,4.0 65,12.0 66,2.0 67,3.0 68,23.0 86,4.0 87,10.0 88,4.0 96,6.0 101,2.0 103,1.0 105,6.0 110,2.0 112,2.0 114,1.0 118,2.0 131,6.0 135,9.0 136,1.0 137,1.0 145,2.0 148,3.0 149,1.0 153,2.0 234,3.0 236,2.0 240,2.0 260,4.0 262,4.0 269,4.0 288,4.0 329,1.0 
7,5.0 14,5.0 40,1.0 46,5.0 48,10.0 49,5.0 50,5.0 51,5.0 52,5.0 53,4.0 54,4.0 55,4.0 56,2.0 89,1.0 96,1.0 103,1.0 135,1.0 149,1.0 
7,5.0 9,12.0 14,6.0 40,1.0 46,5.0 47,10.0 49,5.0 50,5.0 51,5.0 52,5.0 53,4.0 54,4.0 55,4.0 68,4.0 88,2.0 96,2.0 105,2.0 119,1.0 121,1.0 122,1.0 126,1.0 127,1.0 128,1.0 131,4.0 135,6.0 136,2.0 137,2.0 142,1.0 234,1.0 
10,5.0 32,1.0 50,5.0 51,5.0 52,1.0 103,1.0 105,1.0 111,1.0 144,1.0 153,1.0 154,1.0 155,1.0 
10,6.0 14,1.0 48,1.0 49,5.0 51,6.0 119,1.0 121,1.0 122,1.0 123,2.0 124,1.0 125,1.0 126,1.0 
10,6.0 49,5.0 50,6.0 123,1.0 
7,5.0 14,1.0 40,1.0 46,4.0 47,5.0 48,5.0 53,4.0 54,4.0 55,4.0 56,2.0 57,11.0 65,6.0 67,2.0 68,9.0 85,2.0 86,4.0 87,16.0 88,2.0 89,2.0 94,4.0 96,2.0 100,2.0 103,2.0 105,4.0 110,4.0 118,4.0 127,3.0 128,2.0 135,3.0 153,3.0 155,1.0 191,2.0 236,2.0 237,8.0 240,2.0 259,9.0 262,12.0 270,4.0 272,2.0 294,2.0 
16,1.0 17,3.0 36,1.0 39,1.0 54,6.0 55,5.0 58,1.0 133,2.0 224,2.0 228,2.0 229,2.0 323,1.0 324,1.0 326,1.0 
16,4.0 17,6.0 18,1.0 36,1.0 39,1.0 53,6.0 55,5.0 58,1.0 122,2.0 246,2.0 323,1.0 324,1.0 326,1.0 327,1.0 
14,8.0 15,1.0 17,3.0 23,1.0 36,1.0 39,1.0 41,4.0 53,5.0 54,5.0 58,1.0 97,2.0 101,1.0 128,2.0 132,8.0 221,2.0 236,1.0 237,2.0 247,2.0 248,2.0 280,4.0 305,1.0 306,4.0 307,3.0 308,4.0 310,1.0 311,1.0 312,1.0 323,1.0 324,1.0 
8,54.0 10,1.0 14,1.0 28,5.0 29,1.0 30,3.0 33,3.0 46,1.0 47,3.0 48,1.0 50,1.0 51,1.0 52,2.0 56,2.0 57,4.0 60,1.0 66,1.0 67,1.0 85,2.0 86,6.0 88,1.0 89,7.0 94,2.0 96,3.0 101,1.0 103,3.0 107,1.0 110,3.0 111,1.0 113,1.0 114,1.0 116,1.0 119,4.0 120,4.0 121,1.0 122,1.0 131,3.0 132,2.0 135,2.0 146,1.0 149,2.0 170,3.0 171,1.0 223,1.0 271,1.0 296,1.0 304,1.0 306,1.0 314,1.0 321,1.0 322,1.0 325,1.0 335,1.0 357,1.0 368,1.0 369,1.0 370,1.0 372,1.0 373,1.0 
7,1.0 14,1.0 23,8.0 28,1.0 29,1.0 30,1.0 33,3.0 46,6.0 47,1.0 48,1.0 52,2.0 56,4.0 57,1.0 60,1.0 64,3.0 65,4.0 67,3.0 68,12.0 86,2.0 87,2.0 89,2.0 96,3.0 100,3.0 101,1.0 105,3.0 110,9.0 112,1.0 116,1.0 118,2.0 127,2.0 135,9.0 146,1.0 170,4.0 171,1.0 212,1.0 219,2.0 234,7.0 242,4.0 260,2.0 271,2.0 276,4.0 296,1.0 313,1.0 363,1.0 365,1.0 366,1.0 367,1.0 
9,1.0 20,1.0 21,2.0 34,6.0 39,3.0 57,1.0 66,1.0 96,1.0 103,2.0 105,1.0 106,6.0 110,1.0 116,7.0 152,1.0 153,1.0 160,1.0 161,1.0 163,1.0 222,1.0 223,6.0 234,1.0 323,1.0 324,1.0 336,1.0 
8,1.0 39,1.0 40,1.0 60,1.0 61,1.0 62,1.0 95,1.0 103,2.0 105,2.0 127,3.0 156,1.0 323,1.0 
7,3.0 8,2.0 9,6.0 15,14.0 23,1.0 31,1.0 34,1.0 38,1.0 39,7.0 40,2.0 59,1.0 61,1.0 62,10.0 66,2.0 67,1.0 85,1.0 86,6.0 94,1.0 95,8.0 100,1.0 101,14.0 105,2.0 106,2.0 107,1.0 115,1.0 116,3.0 119,2.0 128,1.0 131,1.0 132,1.0 135,2.0 139,1.0 146,14.0 147,1.0 148,1.0 153,1.0 160,2.0 170,1.0 171,17.0 172,1.0 223,1.0 236,1.0 237,1.0 247,1.0 248,1.0 255,1.0 296,1.0 329,1.0 330,1.0 356,2.0 
40,1.0 62,1.0 63,1.0 64,3.0 65,3.0 66,1.0 67,1.0 68,3.0 
15,8.0 22,1.0 39,1.0 40,2.0 60,9.0 61,1.0 63,1.0 64,1.0 65,1.0 66,1.0 67,1.0 68,1.0 101,8.0 107,1.0 115,1.0 116,1.0 132,1.0 374,1.0 
15,1.0 17,5.0 28,1.0 64,3.0 65,10.0 66,3.0 67,3.0 68,11.0 69,1.0 73,6.0 76,1.0 85,2.0 87,4.0 118,3.0 135,2.0 260,3.0 262,4.0 264,1.0 269,4.0 
23,4.0 63,3.0 64,3.0 65,13.0 66,1.0 67,6.0 68,8.0 69,1.0 73,2.0 76,2.0 87,18.0 89,3.0 96,1.0 97,1.0 100,1.0 104,1.0 105,1.0 110,2.0 117,2.0 118,8.0 127,1.0 128,1.0 131,4.0 135,1.0 136,1.0 137,1.0 149,2.0 237,1.0 258,3.0 259,2.0 260,6.0 262,13.0 264,7.0 278,2.0 332,1.0 334,1.0 350,1.0 
8,4.0 15,2.0 17,6.0 21,4.0 29,2.0 30,2.0 34,8.0 46,10.0 57,8.0 61,2.0 63,11.0 64,11.0 65,43.0 66,3.0 67,2.0 68,107.0 69,1.0 73,6.0 76,4.0 87,8.0 94,2.0 96,1.0 100,1.0 103,1.0 105,1.0 110,10.0 112,19.0 118,1.0 135,1.0 149,1.0 224,4.0 242,14.0 248,4.0 259,10.0 260,4.0 262,8.0 264,12.0 265,8.0 266,12.0 275,2.0 278,2.0 345,4.0 
20,1.0 28,3.0 32,1.0 33,4.0 39,2.0 56,1.0 58,2.0 60,2.0 63,3.0 64,1.0 65,1.0 66,14.0 67,8.0 68,3.0 69,1.0 85,16.0 89,2.0 94,3.0 95,2.0 96,20.0 97,1.0 100,3.0 103,13.0 105,26.0 106,1.0 107,7.0 108,1.0 109,1.0 110,7.0 111,1.0 112,4.0 113,1.0 114,1.0 135,7.0 146,2.0 147,2.0 148,2.0 149,1.0 150,2.0 151,2.0 152,2.0 153,1.0 255,1.0 276,2.0 296,2.0 303,3.0 
15,2.0 23,2.0 28,2.0 39,3.0 46,3.0 52,1.0 57,3.0 60,2.0 63,3.0 64,4.0 65,2.0 66,8.0 67,39.0 68,12.0 69,1.0 70,3.0 71,1.0 73,1.0 85,19.0 86,1.0 87,63.0 89,10.0 94,6.0 95,3.0 96,4.0 97,2.0 100,2.0 101,1.0 104,1.0 105,1.0 112,5.0 114,1.0 117,5.0 118,2.0 127,2.0 128,1.0 135,3.0 136,21.0 137,1.0 142,1.0 145,10.0 146,4.0 149,5.0 170,4.0 208,4.0 217,4.0 221,2.0 232,4.0 233,4.0 236,2.0 237,1.0 238,2.0 239,2.0 243,2.0 250,5.0 251,5.0 255,2.0 256,4.0 260,1.0 262,5.0 264,3.0 265,1.0 266,5.0 268,4.0 269,5.0 271,1.0 302,3.0 313,1.0 329,1.0 334,2.0 346,2.0 347,1.0 348,2.0 349,6.0 350,5.0 351,4.0 
8,4.0 9,8.0 14,2.0 15,4.0 17,6.0 21,4.0 23,2.0 28,1.0 33,4.0 34,8.0 46,14.0 48,4.0 52,2.0 57,13.0 61,2.0 63,12.0 64,7.0 65,107.0 66,5.0 67,12.0 68,77.0 69,1.0 72,1.0 73,5.0 75,1.0 76,6.0 85,2.0 87,19.0 94,5.0 110,17.0 112,1.0 113,1.0 117,1.0 118,1.0 131,4.0 135,60.0 142,5.0 147,1.0 148,5.0 167,1.0 170,2.0 179,2.0 191,6.0 215,8.0 221,4.0 224,4.0 234,6.0 237,2.0 242,21.0 247,2.0 248,6.0 255,2.0 256,1.0 258,1.0 259,11.0 260,9.0 264,10.0 265,10.0 266,8.0 269,14.0 270,8.0 271,4.0 272,43.0 273,4.0 274,8.0 275,4.0 296,2.0 313,1.0 333,1.0 334,1.0 345,4.0 346,2.0 347,1.0 348,2.0 349,4.0 350,8.0 352,2.0 353,1.0 
70,1.0 
64,2.0 65,2.0 67,2.0 71,7.0 73,1.0 87,2.0 110,7.0 349,1.0 350,2.0 
70,1.0 72,8.0 94,6.0 118,3.0 260,3.0 268,4.0 
67,1.0 71,1.0 87,1.0 112,7.0 169,3.0 
52,13.0 67,1.0 68,1.0 70,7.0 74,1.0 87,6.0 118,2.0 262,4.0 267,8.0 269,1.0 
57,3.0 68,1.0 73,13.0 75,1.0 135,1.0 271,4.0 
46,7.0 68,2.0 74,3.0 76,1.0 87,2.0 188,1.0 
17,3.0 63,1.0 65,3.0 68,3.0 75,7.0 77,1.0 189,1.0 
78,1.0 87,8.0 190,1.0 242,8.0 262,8.0 264,4.0 
79,1.0 80,1.0 
80,1.0 
78,1.0 81,1.0 82,1.0 
82,1.0 
80,1.0 83,1.0 84,1.0 
52,2.0 84,1.0 85,1.0 86,1.0 87,1.0 
83,1.0 85,1.0 86,1.0 87,1.0 
14,7.0 28,2.0 38,2.0 39,2.0 52,1.0 56,1.0 60,2.0 63,2.0 66,17.0 67,20.0 68,2.0 85,12.0 86,4.0 87,3.0 88,12.0 89,19.0 90,1.0 91,1.0 92,1.0 93,1.0 94,4.0 95,2.0 96,1.0 97,1.0 100,4.0 101,1.0 105,6.0 110,6.0 112,3.0 118,2.0 127,1.0 133,2.0 134,2.0 136,1.0 145,7.0 146,2.0 170,3.0 238,1.0 239,1.0 255,1.0 256,2.0 260,2.0 262,2.0 296,2.0 302,3.0 303,3.0 
9,58.0 38,4.0 39,10.0 60,12.0 67,1.0 85,5.0 86,17.0 87,3.0 88,1.0 89,2.0 100,1.0 101,1.0 118,2.0 127,1.0 139,2.0 171,18.0 304,4.0 305,4.0 323,2.0 344,2.0 
9,16.0 15,2.0 17,5.0 23,4.0 34,16.0 46,10.0 52,14.0 63,8.0 64,9.0 65,4.0 67,63.0 68,19.0 70,3.0 71,1.0 74,6.0 76,2.0 77,11.0 85,2.0 86,1.0 87,95.0 88,1.0 89,12.0 94,12.0 96,1.0 97,1.0 104,1.0 105,1.0 110,12.0 112,4.0 117,6.0 118,38.0 127,1.0 128,1.0 131,12.0 136,1.0 137,1.0 142,2.0 145,10.0 146,2.0 148,4.0 149,1.0 155,4.0 169,1.0 170,3.0 171,4.0 215,8.0 221,2.0 232,4.0 233,4.0 237,1.0 242,18.0 248,4.0 255,1.0 256,8.0 258,2.0 259,5.0 260,2.0 262,153.0 263,16.0 264,24.0 265,1.0 266,9.0 268,4.0 269,23.0 270,8.0 272,5.0 296,2.0 299,8.0 300,2.0 301,3.0 313,1.0 334,1.0 349,5.0 350,5.0 351,4.0 353,1.0 
14,1.0 46,2.0 48,2.0 52,1.0 56,1.0 66,1.0 67,1.0 83,2.0 85,12.0 88,9.0 89,21.0 90,1.0 91,1.0 92,1.0 93,1.0 94,1.0 96,6.0 105,7.0 107,3.0 113,1.0 117,2.0 118,2.0 131,9.0 135,2.0 136,8.0 138,1.0 208,1.0 215,2.0 217,1.0 223,1.0 247,2.0 250,2.0 251,2.0 252,2.0 255,1.0 257,1.0 260,1.0 271,1.0 272,1.0 273,2.0 
8,1.0 14,1.0 33,1.0 46,1.0 47,1.0 52,1.0 56,8.0 57,2.0 64,1.0 66,1.0 67,15.0 85,20.0 86,2.0 87,13.0 88,21.0 89,19.0 90,1.0 91,1.0 92,1.0 93,1.0 94,1.0 96,7.0 97,2.0 100,2.0 101,2.0 103,5.0 104,2.0 105,2.0 107,6.0 110,2.0 113,7.0 114,8.0 115,2.0 116,2.0 117,5.0 118,7.0 119,1.0 120,1.0 127,11.0 128,8.0 135,6.0 138,1.0 145,6.0 148,2.0 149,16.0 155,2.0 170,2.0 171,4.0 204,1.0 208,3.0 214,1.0 215,2.0 217,3.0 223,1.0 230,4.0 231,4.0 237,4.0 238,2.0 239,2.0 250,2.0 251,2.0 252,2.0 255,1.0 256,4.0 257,1.0 260,1.0 264,1.0 277,2.0 299,4.0 301,2.0 302,2.0 314,1.0 332,2.0 335,1.0 
14,1.0 52,1.0 85,1.0 88,1.0 89,1.0 91,1.0 
14,1.0 52,1.0 85,1.0 88,1.0 89,1.0 90,1.0 
56,1.0 85,1.0 88,1.0 89,1.0 93,1.0 94,1.0 
7,1.0 11,1.0 28,2.0 29,1.0 31,2.0 34,2.0 56,1.0 85,1.0 88,1.0 89,1.0 92,1.0 94,1.0 96,1.0 97,1.0 98,2.0 99,2.0 100,1.0 101,1.0 102,1.0 
7,1.0 8,2.0 52,4.0 56,3.0 63,5.0 64,2.0 65,3.0 66,6.0 67,8.0 68,8.0 76,1.0 85,7.0 86,4.0 87,14.0 88,1.0 89,1.0 94,3.0 100,1.0 101,1.0 105,4.0 110,12.0 112,3.0 118,9.0 119,1.0 120,2.0 127,2.0 128,4.0 131,1.0 132,1.0 135,3.0 142,1.0 145,1.0 149,3.0 170,2.0 237,2.0 255,3.0 260,6.0 266,1.0 271,3.0 272,1.0 296,3.0 301,1.0 304,1.0 325,1.0 350,3.0 357,1.0 361,2.0 372,1.0 373,1.0 
8,1.0 15,6.0 22,1.0 38,1.0 39,8.0 40,1.0 59,1.0 60,8.0 63,1.0 66,2.0 67,4.0 68,1.0 85,2.0 94,1.0 97,5.0 101,6.0 127,1.0 131,1.0 136,2.0 146,7.0 160,5.0 171,7.0 221,5.0 222,5.0 255,1.0 262,1.0 266,1.0 279,1.0 296,1.0 323,1.0 329,1.0 330,1.0 
7,1.0 11,1.0 14,1.0 20,1.0 28,2.0 29,1.0 30,6.0 31,1.0 32,1.0 33,2.0 34,1.0 46,3.0 47,1.0 48,2.0 52,1.0 56,3.0 57,3.0 58,2.0 65,1.0 66,19.0 67,3.0 83,2.0 85,2.0 86,1.0 88,7.0 89,9.0 93,1.0 96,12.0 97,4.0 98,1.0 99,1.0 100,6.0 101,2.0 103,19.0 104,1.0 105,28.0 106,1.0 107,7.0 108,1.0 109,1.0 110,1.0 111,1.0 112,2.0 113,1.0 114,1.0 127,2.0 128,3.0 131,6.0 136,2.0 138,1.0 143,1.0 144,1.0 145,1.0 149,7.0 150,2.0 151,2.0 152,2.0 153,1.0 237,2.0 238,1.0 239,1.0 257,1.0 266,1.0 271,1.0 314,1.0 333,1.0 363,1.0 
11,1.0 28,1.0 29,1.0 31,1.0 34,1.0 39,10.0 55,4.0 67,2.0 85,1.0 86,1.0 89,2.0 93,1.0 95,10.0 96,4.0 97,12.0 98,1.0 99,1.0 100,2.0 101,2.0 104,1.0 105,1.0 127,2.0 128,1.0 136,1.0 149,1.0 160,12.0 221,32.0 222,10.0 266,1.0 306,4.0 323,2.0 333,1.0 343,2.0 
7,1.0 11,1.0 28,2.0 29,1.0 31,2.0 34,2.0 93,2.0 96,1.0 97,1.0 99,2.0 100,1.0 101,1.0 102,1.0 
7,1.0 11,1.0 28,2.0 29,1.0 31,2.0 34,2.0 93,2.0 96,1.0 97,1.0 98,2.0 100,1.0 101,1.0 102,1.0 
7,4.0 28,1.0 31,1.0 34,1.0 52,1.0 57,3.0 60,2.0 65,1.0 66,3.0 67,4.0 85,4.0 86,1.0 87,1.0 89,1.0 93,1.0 94,1.0 96,3.0 98,1.0 99,1.0 100,4.0 101,4.0 102,1.0 103,1.0 104,1.0 105,10.0 106,2.0 112,4.0 127,1.0 142,1.0 149,1.0 153,7.0 157,2.0 158,2.0 159,2.0 160,2.0 161,1.0 162,1.0 163,1.0 164,1.0 165,1.0 255,3.0 260,2.0 271,1.0 297,1.0 303,1.0 334,1.0 363,1.0 
7,1.0 15,166.0 28,1.0 31,1.0 34,1.0 40,8.0 55,2.0 60,28.0 62,16.0 67,1.0 85,1.0 86,1.0 89,1.0 93,1.0 95,12.0 98,1.0 99,1.0 100,4.0 101,37.0 102,1.0 103,1.0 104,1.0 115,2.0 116,2.0 127,1.0 146,14.0 171,16.0 203,8.0 255,1.0 260,1.0 304,4.0 305,4.0 307,2.0 308,2.0 
7,1.0 28,1.0 31,1.0 32,1.0 34,1.0 56,1.0 93,1.0 94,1.0 98,1.0 99,1.0 100,1.0 101,1.0 120,1.0 132,1.0 271,1.0 296,1.0 371,1.0 372,1.0 
20,2.0 33,1.0 47,1.0 49,1.0 52,1.0 56,3.0 58,2.0 59,2.0 65,1.0 66,14.0 89,5.0 96,19.0 100,1.0 103,13.0 104,1.0 105,23.0 106,2.0 107,1.0 112,1.0 127,8.0 128,2.0 149,1.0 150,2.0 151,2.0 152,2.0 153,8.0 154,1.0 155,1.0 156,2.0 237,3.0 297,1.0 314,1.0 
20,1.0 66,1.0 67,1.0 85,1.0 86,1.0 89,2.0 96,2.0 97,1.0 100,1.0 101,1.0 103,2.0 105,2.0 106,1.0 127,2.0 128,1.0 149,1.0 
14,1.0 20,1.0 28,4.0 32,1.0 33,2.0 46,3.0 48,2.0 49,1.0 52,2.0 57,3.0 59,2.0 60,2.0 65,1.0 66,26.0 67,1.0 83,2.0 85,8.0 86,1.0 88,6.0 89,3.0 94,2.0 96,29.0 97,1.0 100,12.0 101,1.0 103,20.0 104,1.0 105,21.0 106,1.0 107,7.0 108,1.0 109,1.0 110,7.0 111,1.0 112,2.0 113,1.0 114,1.0 127,10.0 128,1.0 131,6.0 135,7.0 142,1.0 143,1.0 144,1.0 145,1.0 146,2.0 147,2.0 148,2.0 149,8.0 153,14.0 154,1.0 155,1.0 156,2.0 157,2.0 158,2.0 159,2.0 160,2.0 161,1.0 162,1.0 163,1.0 164,1.0 165,1.0 223,1.0 255,1.0 260,1.0 271,1.0 296,2.0 303,2.0 334,1.0 363,1.0 
7,1.0 8,3.0 20,6.0 21,1.0 22,1.0 31,2.0 34,6.0 39,1.0 40,2.0 58,6.0 60,1.0 66,2.0 95,1.0 96,2.0 100,1.0 103,2.0 105,2.0 107,2.0 113,1.0 116,8.0 119,1.0 127,3.0 132,2.0 151,2.0 153,2.0 160,1.0 161,2.0 163,1.0 193,1.0 222,4.0 223,6.0 275,1.0 321,1.0 323,2.0 336,1.0 343,1.0 
8,2.0 20,2.0 28,3.0 32,1.0 33,3.0 38,2.0 39,2.0 56,2.0 60,2.0 62,2.0 66,5.0 88,3.0 89,6.0 96,5.0 105,5.0 106,4.0 107,9.0 108,1.0 109,1.0 110,3.0 111,1.0 112,3.0 113,8.0 114,8.0 115,2.0 116,2.0 117,2.0 118,2.0 119,2.0 120,2.0 121,1.0 122,1.0 132,8.0 136,2.0 139,2.0 151,2.0 247,6.0 271,1.0 272,1.0 321,2.0 
28,1.0 66,1.0 96,1.0 105,1.0 107,1.0 109,1.0 110,1.0 
28,1.0 66,1.0 96,1.0 105,1.0 107,1.0 108,1.0 110,1.0 
23,4.0 28,1.0 33,2.0 52,5.0 56,3.0 57,13.0 60,1.0 64,4.0 65,14.0 66,8.0 68,23.0 77,4.0 85,6.0 87,17.0 89,2.0 94,6.0 96,2.0 101,2.0 105,8.0 107,4.0 110,2.0 112,7.0 113,1.0 116,1.0 118,5.0 127,2.0 135,4.0 146,1.0 170,3.0 171,1.0 217,2.0 234,1.0 237,6.0 247,2.0 254,2.0 260,3.0 262,7.0 264,12.0 269,2.0 272,3.0 277,3.0 288,20.0 296,4.0 303,2.0 
32,3.0 33,1.0 49,1.0 66,1.0 96,1.0 102,1.0 105,1.0 107,1.0 112,1.0 144,1.0 368,1.0 369,1.0 370,1.0 371,1.0 
7,4.0 23,2.0 28,1.0 29,2.0 30,6.0 33,1.0 34,4.0 46,2.0 57,1.0 65,19.0 66,4.0 67,7.0 68,1.0 76,1.0 85,3.0 86,6.0 87,7.0 89,1.0 94,8.0 96,2.0 100,4.0 101,1.0 103,1.0 105,2.0 107,4.0 110,8.0 112,8.0 113,1.0 114,1.0 117,8.0 118,4.0 135,2.0 145,8.0 149,2.0 153,2.0 234,1.0 236,4.0 247,2.0 255,3.0 256,2.0 260,3.0 269,1.0 272,1.0 298,2.0 303,1.0 361,4.0 365,1.0 366,1.0 367,1.0 
8,2.0 56,2.0 65,2.0 68,2.0 88,1.0 89,6.0 106,2.0 107,7.0 113,4.0 114,7.0 115,2.0 116,2.0 117,2.0 118,2.0 119,4.0 120,2.0 121,1.0 122,1.0 142,1.0 208,1.0 217,1.0 222,2.0 255,1.0 260,1.0 272,1.0 275,2.0 296,1.0 332,1.0 334,1.0 
8,2.0 39,1.0 56,2.0 67,1.0 88,1.0 89,7.0 95,1.0 107,7.0 113,7.0 114,3.0 115,2.0 116,2.0 117,3.0 118,2.0 119,2.0 120,2.0 121,1.0 122,1.0 131,1.0 136,1.0 149,2.0 204,1.0 214,1.0 255,1.0 260,1.0 329,2.0 331,1.0 
15,1.0 34,1.0 40,1.0 60,1.0 89,2.0 101,1.0 106,1.0 107,2.0 113,2.0 114,2.0 116,3.0 117,1.0 118,1.0 160,1.0 161,1.0 171,1.0 223,1.0 
15,1.0 31,2.0 34,7.0 38,1.0 40,2.0 58,7.0 60,2.0 89,2.0 101,1.0 106,9.0 107,2.0 113,2.0 114,2.0 115,3.0 117,1.0 118,1.0 146,1.0 151,2.0 153,2.0 160,3.0 161,2.0 163,1.0 171,2.0 172,1.0 222,1.0 223,7.0 273,1.0 323,1.0 336,1.0 342,1.0 343,1.0 
8,1.0 22,1.0 38,1.0 40,1.0 56,1.0 64,1.0 67,4.0 68,2.0 70,3.0 87,6.0 88,2.0 89,6.0 94,2.0 96,1.0 97,1.0 104,1.0 105,1.0 107,2.0 110,1.0 113,2.0 114,3.0 118,6.0 119,1.0 120,1.0 127,1.0 128,1.0 135,4.0 149,4.0 179,1.0 260,3.0 264,1.0 269,1.0 272,2.0 329,1.0 331,1.0 352,1.0 
8,5.0 15,1.0 17,15.0 31,2.0 52,2.0 56,1.0 57,2.0 63,7.0 64,4.0 67,1.0 68,3.0 70,3.0 74,2.0 87,37.0 88,2.0 89,7.0 94,6.0 96,1.0 97,1.0 104,1.0 105,1.0 107,2.0 110,1.0 113,2.0 114,2.0 117,6.0 118,27.0 119,1.0 120,1.0 127,3.0 128,1.0 135,6.0 145,7.0 148,2.0 149,3.0 155,2.0 169,1.0 170,2.0 215,8.0 242,2.0 255,1.0 256,4.0 258,8.0 259,8.0 260,50.0 264,3.0 265,6.0 277,7.0 296,2.0 299,4.0 300,2.0 349,1.0 
8,17.0 14,2.0 48,1.0 56,4.0 64,1.0 86,2.0 106,1.0 107,1.0 111,1.0 113,3.0 114,1.0 120,2.0 121,2.0 122,2.0 126,1.0 127,2.0 128,2.0 131,1.0 132,1.0 133,1.0 134,1.0 151,2.0 222,1.0 332,1.0 357,2.0 358,2.0 359,2.0 368,1.0 369,1.0 370,1.0 
8,9.0 56,4.0 94,1.0 101,2.0 107,1.0 111,1.0 113,1.0 114,1.0 119,2.0 121,1.0 122,1.0 132,6.0 271,1.0 296,1.0 304,1.0 325,1.0 330,10.0 357,1.0 368,1.0 369,1.0 370,1.0 372,1.0 373,1.0 
14,1.0 48,1.0 50,1.0 119,1.0 122,2.0 123,1.0 124,1.0 125,1.0 126,1.0 127,1.0 128,1.0 
14,1.0 16,4.0 17,4.0 48,1.0 50,1.0 54,4.0 119,1.0 121,2.0 122,6.0 123,1.0 124,1.0 125,1.0 126,1.0 127,1.0 128,1.0 246,12.0 
8,1.0 14,1.0 30,1.0 48,1.0 50,1.0 56,1.0 119,1.0 121,1.0 122,1.0 124,1.0 125,1.0 126,1.0 131,1.0 
14,2.0 48,1.0 50,1.0 119,2.0 121,1.0 122,1.0 123,1.0 125,2.0 126,1.0 127,1.0 128,1.0 129,1.0 130,1.0 131,1.0 132,1.0 
14,2.0 48,1.0 50,1.0 119,2.0 121,1.0 122,1.0 123,1.0 124,2.0 126,1.0 127,1.0 128,1.0 129,1.0 130,1.0 131,1.0 132,1.0 
14,1.0 48,1.0 119,1.0 121,1.0 122,1.0 127,1.0 128,1.0 
8,18.0 14,1.0 20,6.0 39,10.0 46,1.0 52,2.0 57,2.0 59,4.0 67,3.0 85,2.0 86,2.0 89,10.0 94,2.0 95,2.0 96,1.0 97,1.0 100,3.0 101,2.0 103,7.0 104,1.0 105,9.0 106,6.0 110,2.0 118,2.0 119,1.0 124,1.0 125,1.0 127,13.0 128,7.0 129,1.0 130,1.0 131,1.0 132,1.0 133,1.0 134,1.0 135,6.0 148,2.0 149,5.0 153,1.0 156,2.0 170,1.0 219,2.0 222,6.0 254,2.0 256,1.0 297,1.0 300,1.0 323,2.0 338,4.0 
14,1.0 16,2.0 17,2.0 52,2.0 55,4.0 60,2.0 67,1.0 85,1.0 86,1.0 89,8.0 94,2.0 96,3.0 97,1.0 100,1.0 101,1.0 103,2.0 104,1.0 105,1.0 119,1.0 124,1.0 125,1.0 127,8.0 128,22.0 129,1.0 130,1.0 131,1.0 132,1.0 133,1.0 134,1.0 135,2.0 146,2.0 149,3.0 171,2.0 237,76.0 241,4.0 242,4.0 308,6.0 
14,1.0 119,1.0 124,1.0 125,1.0 127,1.0 128,1.0 130,1.0 131,1.0 132,1.0 
14,1.0 119,1.0 124,1.0 125,1.0 127,1.0 128,1.0 129,1.0 131,1.0 132,1.0 
8,1.0 14,1.0 30,1.0 33,1.0 46,8.0 48,4.0 52,4.0 56,4.0 68,4.0 83,2.0 86,2.0 87,16.0 88,9.0 94,1.0 96,6.0 101,1.0 105,7.0 119,2.0 120,1.0 127,1.0 128,1.0 131,1.0 132,1.0 133,1.0 134,1.0 135,4.0 221,8.0 223,1.0 255,1.0 262,16.0 296,2.0 306,1.0 321,1.0 322,1.0 
7,1.0 8,8.0 10,1.0 14,17.0 20,1.0 30,1.0 31,1.0 38,1.0 39,1.0 41,4.0 46,2.0 50,1.0 51,1.0 56,42.0 60,1.0 62,1.0 64,1.0 94,1.0 100,1.0 101,1.0 106,2.0 107,10.0 118,1.0 119,1.0 120,2.0 127,1.0 128,1.0 131,1.0 132,2.0 133,1.0 134,1.0 139,1.0 151,1.0 171,4.0 216,2.0 249,4.0 260,1.0 271,1.0 279,4.0 280,4.0 281,4.0 282,4.0 284,2.0 296,1.0 304,1.0 321,1.0 325,1.0 329,1.0 330,1.0 357,1.0 372,1.0 373,1.0 
30,2.0 53,4.0 64,1.0 67,1.0 87,1.0 96,2.0 133,11.0 134,4.0 135,1.0 136,2.0 137,2.0 138,7.0 139,5.0 142,1.0 171,2.0 179,1.0 224,22.0 225,6.0 226,6.0 228,4.0 229,4.0 262,1.0 264,2.0 275,2.0 323,4.0 334,2.0 349,1.0 353,1.0 
30,2.0 64,1.0 67,1.0 87,1.0 96,2.0 133,4.0 135,1.0 136,2.0 137,2.0 138,1.0 139,1.0 179,1.0 262,1.0 264,2.0 334,1.0 349,1.0 353,1.0 
7,1.0 9,4.0 14,2.0 28,2.0 33,3.0 46,3.0 47,1.0 48,5.0 52,1.0 56,2.0 57,8.0 60,2.0 63,2.0 64,2.0 66,8.0 67,3.0 68,60.0 75,1.0 88,2.0 89,6.0 94,4.0 96,1.0 105,9.0 107,2.0 117,2.0 118,3.0 127,2.0 131,4.0 135,38.0 136,13.0 137,11.0 138,1.0 139,1.0 140,1.0 141,1.0 142,3.0 143,1.0 144,1.0 145,1.0 146,2.0 147,3.0 148,5.0 149,31.0 167,1.0 170,2.0 179,2.0 215,8.0 221,4.0 230,4.0 231,4.0 234,6.0 237,2.0 242,6.0 247,8.0 248,4.0 256,1.0 259,1.0 260,4.0 264,2.0 271,1.0 313,1.0 333,1.0 349,2.0 350,11.0 352,2.0 
39,1.0 46,1.0 48,1.0 64,2.0 66,1.0 67,22.0 85,1.0 87,4.0 88,6.0 89,1.0 95,1.0 96,2.0 105,1.0 107,2.0 117,1.0 118,1.0 135,12.0 136,12.0 137,12.0 138,1.0 139,1.0 140,1.0 141,1.0 142,1.0 143,1.0 144,1.0 145,1.0 208,4.0 217,4.0 238,2.0 239,2.0 247,2.0 248,2.0 250,5.0 251,5.0 262,7.0 264,2.0 266,4.0 334,1.0 
46,1.0 48,1.0 64,2.0 66,1.0 67,2.0 87,2.0 89,1.0 105,1.0 117,1.0 118,1.0 135,12.0 136,12.0 137,4.0 138,1.0 139,1.0 140,1.0 141,1.0 142,2.0 143,1.0 144,1.0 145,1.0 262,1.0 264,2.0 334,2.0 
9,1.0 20,1.0 38,2.0 88,2.0 89,2.0 117,1.0 118,1.0 133,3.0 135,2.0 136,2.0 137,2.0 139,2.0 171,2.0 224,3.0 225,3.0 226,3.0 247,4.0 248,4.0 257,1.0 
9,2.0 20,1.0 31,5.0 38,1.0 60,1.0 86,1.0 107,1.0 132,1.0 133,2.0 135,2.0 136,2.0 137,2.0 138,2.0 153,5.0 171,2.0 224,2.0 275,1.0 323,2.0 
48,1.0 135,1.0 136,1.0 137,1.0 141,1.0 142,1.0 
48,1.0 135,1.0 136,1.0 137,1.0 140,1.0 142,1.0 
48,1.0 65,1.0 67,1.0 68,4.0 87,1.0 100,1.0 105,1.0 112,1.0 113,1.0 133,1.0 135,4.0 136,2.0 137,3.0 142,5.0 170,1.0 223,1.0 272,1.0 313,1.0 332,1.0 334,21.0 
46,2.0 96,1.0 105,1.0 135,1.0 136,1.0 137,1.0 144,2.0 145,2.0 149,1.0 
32,1.0 46,2.0 49,1.0 96,1.0 105,1.0 111,1.0 135,1.0 136,1.0 137,1.0 143,2.0 145,2.0 149,1.0 
17,2.0 23,2.0 46,2.0 66,2.0 67,9.0 68,2.0 85,7.0 86,2.0 87,10.0 89,6.0 96,2.0 103,1.0 105,2.0 112,8.0 118,8.0 135,3.0 136,1.0 137,1.0 147,1.0 149,1.0 153,2.0 170,7.0 236,4.0 255,2.0 256,6.0 258,2.0 272,1.0 302,3.0 
15,7.0 23,1.0 40,1.0 60,14.0 66,2.0 67,2.0 85,1.0 87,1.0 95,7.0 101,7.0 105,2.0 106,1.0 116,2.0 127,4.0 128,1.0 135,2.0 147,1.0 148,1.0 166,3.0 168,1.0 170,3.0 171,11.0 172,1.0 236,1.0 237,1.0 247,1.0 248,1.0 256,1.0 329,1.0 330,1.0 338,4.0 
66,2.0 68,4.0 105,2.0 135,6.0 142,1.0 148,1.0 237,3.0 297,1.0 333,1.0 
48,1.0 66,2.0 68,4.0 87,2.0 89,2.0 105,2.0 118,2.0 127,2.0 135,8.0 147,1.0 149,2.0 269,2.0 
7,1.0 15,1.0 28,1.0 33,1.0 46,1.0 47,1.0 56,2.0 65,2.0 66,1.0 67,5.0 68,1.0 85,1.0 86,1.0 89,16.0 94,4.0 96,8.0 97,1.0 100,2.0 101,1.0 103,2.0 104,1.0 105,7.0 112,1.0 114,2.0 117,1.0 127,2.0 128,1.0 135,28.0 143,1.0 144,1.0 145,1.0 149,16.0 204,1.0 208,2.0 214,1.0 217,2.0 230,4.0 231,4.0 237,1.0 238,2.0 239,2.0 277,2.0 297,1.0 332,2.0 350,3.0 
66,2.0 96,2.0 103,2.0 151,1.0 
8,2.0 34,1.0 66,2.0 96,2.0 103,2.0 106,2.0 107,1.0 116,2.0 119,2.0 132,1.0 150,1.0 160,1.0 223,1.0 273,1.0 342,1.0 359,2.0 
58,1.0 66,1.0 96,1.0 103,2.0 105,1.0 153,1.0 
20,2.0 31,20.0 37,2.0 38,4.0 40,2.0 46,2.0 49,1.0 52,3.0 60,2.0 100,7.0 103,7.0 105,14.0 106,4.0 112,2.0 116,4.0 127,1.0 139,10.0 145,2.0 153,15.0 154,1.0 155,1.0 157,2.0 158,2.0 159,2.0 160,4.0 161,1.0 162,1.0 163,1.0 164,1.0 165,1.0 222,2.0 236,4.0 275,2.0 323,2.0 
49,1.0 52,1.0 103,1.0 105,1.0 153,1.0 155,1.0 
52,1.0 68,1.0 87,4.0 89,2.0 103,2.0 105,2.0 118,2.0 127,1.0 135,1.0 153,1.0 256,4.0 300,2.0 301,2.0 333,1.0 
59,1.0 103,2.0 105,2.0 127,2.0 
100,2.0 105,2.0 153,2.0 158,1.0 309,4.0 337,4.0 
100,2.0 105,2.0 153,2.0 157,1.0 
100,1.0 105,1.0 153,1.0 160,1.0 161,1.0 162,1.0 163,1.0 164,1.0 165,1.0 
21,1.0 22,1.0 31,1.0 34,2.0 39,5.0 58,1.0 60,2.0 95,5.0 97,6.0 100,1.0 105,1.0 106,1.0 115,1.0 116,3.0 151,1.0 153,2.0 159,1.0 161,1.0 162,1.0 163,1.0 164,1.0 165,1.0 193,1.0 221,6.0 222,5.0 223,2.0 273,1.0 323,1.0 342,1.0 343,1.0 
15,1.0 21,1.0 39,1.0 40,1.0 58,1.0 95,1.0 101,1.0 106,2.0 116,1.0 162,1.0 163,3.0 164,1.0 165,1.0 166,1.0 193,2.0 194,1.0 195,1.0 336,1.0 
161,1.0 163,1.0 164,1.0 165,1.0 166,1.0 
21,1.0 157,4.0 161,3.0 162,1.0 164,1.0 165,1.0 166,2.0 193,2.0 194,1.0 195,1.0 309,4.0 328,4.0 336,1.0 339,3.0 
161,1.0 162,1.0 163,1.0 165,1.0 166,1.0 
161,1.0 162,1.0 163,1.0 164,1.0 166,1.0 
68,1.0 127,3.0 135,1.0 146,4.0 167,2.0 168,11.0 170,1.0 256,3.0 338,3.0 
87,1.0 118,1.0 145,2.0 146,3.0 166,5.0 168,1.0 169,1.0 
127,1.0 146,1.0 155,1.0 163,4.0 166,6.0 338,1.0 
68,1.0 167,2.0 170,1.0 174,1.0 255,3.0 272,1.0 354,1.0 
56,4.0 57,5.0 60,1.0 67,4.0 68,1.0 85,3.0 87,3.0 89,2.0 94,3.0 101,1.0 110,4.0 116,1.0 118,2.0 127,1.0 128,2.0 135,1.0 145,6.0 146,1.0 170,3.0 171,1.0 237,2.0 256,2.0 300,3.0 338,1.0 350,1.0 
9,9.0 14,12.0 15,8.0 22,1.0 23,1.0 38,2.0 39,5.0 40,1.0 58,1.0 60,17.0 86,9.0 87,2.0 89,2.0 94,1.0 95,7.0 101,8.0 106,1.0 115,1.0 116,3.0 128,1.0 131,1.0 132,8.0 133,1.0 138,2.0 139,2.0 146,11.0 161,1.0 172,1.0 224,1.0 236,1.0 237,1.0 247,5.0 248,5.0 255,1.0 256,2.0 257,2.0 279,4.0 281,4.0 296,1.0 299,2.0 323,2.0 344,1.0 356,1.0 
173,1.0 
169,1.0 
175,1.0 180,1.0 
176,1.0 181,1.0 
112,1.0 177,1.0 182,1.0 
178,1.0 183,1.0 
176,1.0 
22,1.0 38,1.0 40,1.0 64,1.0 67,1.0 68,1.0 87,1.0 133,1.0 134,1.0 135,1.0 136,1.0 137,1.0 174,1.0 262,1.0 264,2.0 334,1.0 349,1.0 350,1.0 353,1.0 
175,1.0 
176,1.0 
177,1.0 
184,1.0 
185,1.0 
186,1.0 
187,1.0 
75,1.0 
74,4.0 76,1.0 
77,1.0 
191,1.0 
68,4.0 192,1.0 269,4.0 270,2.0 272,4.0 
161,1.0 163,1.0 193,1.0 194,1.0 
15,1.0 21,2.0 22,2.0 38,1.0 40,1.0 101,1.0 161,2.0 163,1.0 171,1.0 194,1.0 195,1.0 356,1.0 
161,1.0 163,1.0 193,1.0 195,1.0 
196,1.0 
197,1.0 
198,1.0 
199,1.0 
200,1.0 
201,1.0 
202,1.0 
29,1.0 
15,4.0 101,4.0 
89,2.0 101,14.0 128,4.0 149,2.0 205,7.0 208,7.0 214,1.0 238,1.0 239,1.0 244,2.0 329,1.0 
101,7.0 204,7.0 
101,14.0 128,4.0 207,7.0 209,7.0 220,2.0 
101,7.0 206,7.0 
67,4.0 87,2.0 88,2.0 89,5.0 97,2.0 101,7.0 114,1.0 128,4.0 136,4.0 149,1.0 204,7.0 210,2.0 214,1.0 217,4.0 244,1.0 250,3.0 251,3.0 329,2.0 
101,14.0 206,7.0 216,7.0 
101,7.0 128,4.0 208,2.0 211,7.0 217,2.0 
101,7.0 210,7.0 
7,2.0 100,1.0 101,10.0 128,4.0 213,10.0 218,2.0 227,3.0 236,4.0 238,2.0 239,2.0 284,2.0 
67,1.0 85,1.0 101,10.0 212,10.0 227,3.0 
89,2.0 101,14.0 120,6.0 128,4.0 149,2.0 204,1.0 208,1.0 215,7.0 217,8.0 238,1.0 239,1.0 244,2.0 245,2.0 283,6.0 329,2.0 
14,2.0 68,6.0 87,6.0 88,1.0 89,1.0 101,7.0 118,6.0 135,6.0 214,7.0 215,4.0 220,2.0 242,6.0 247,2.0 252,1.0 255,1.0 260,1.0 
28,6.0 101,14.0 128,2.0 209,7.0 218,7.0 220,2.0 245,2.0 254,2.0 284,6.0 295,2.0 
56,6.0 67,4.0 85,2.0 86,2.0 88,2.0 89,3.0 97,2.0 101,7.0 114,1.0 128,2.0 136,4.0 149,1.0 208,4.0 210,2.0 214,8.0 236,6.0 244,3.0 245,5.0 250,3.0 251,3.0 285,6.0 329,1.0 
33,6.0 101,7.0 212,2.0 216,7.0 236,4.0 240,2.0 286,6.0 
57,2.0 101,7.0 220,7.0 234,4.0 245,2.0 254,2.0 289,2.0 293,2.0 295,2.0 
28,2.0 97,2.0 101,7.0 128,4.0 206,2.0 215,2.0 216,2.0 219,7.0 238,1.0 239,1.0 247,4.0 252,2.0 
9,8.0 15,3.0 39,5.0 55,2.0 67,1.0 68,4.0 86,6.0 87,1.0 95,5.0 96,1.0 97,25.0 101,2.0 110,6.0 135,4.0 160,6.0 208,2.0 217,2.0 220,2.0 221,4.0 222,5.0 237,4.0 238,2.0 239,1.0 240,6.0 244,2.0 245,1.0 266,1.0 290,6.0 297,6.0 306,2.0 323,1.0 333,1.0 343,1.0 350,1.0 
8,3.0 20,3.0 21,1.0 31,1.0 38,1.0 39,6.0 57,1.0 58,1.0 95,5.0 97,5.0 106,4.0 110,1.0 113,1.0 116,1.0 119,1.0 127,3.0 153,1.0 160,5.0 221,5.0 234,1.0 
28,1.0 33,1.0 34,16.0 58,12.0 60,2.0 66,1.0 105,2.0 106,12.0 115,2.0 116,14.0 142,1.0 151,2.0 160,4.0 223,8.0 334,1.0 335,1.0 
7,2.0 8,3.0 23,4.0 31,2.0 53,2.0 65,6.0 68,2.0 87,8.0 89,2.0 118,2.0 127,5.0 131,4.0 133,22.0 135,2.0 138,3.0 139,2.0 148,2.0 153,2.0 171,1.0 224,4.0 225,3.0 226,3.0 228,2.0 229,2.0 235,2.0 236,4.0 242,2.0 262,8.0 275,1.0 323,2.0 
133,3.0 138,3.0 224,3.0 226,3.0 
133,3.0 138,3.0 224,3.0 225,3.0 
101,3.0 212,3.0 213,3.0 
53,2.0 133,2.0 224,2.0 229,2.0 
53,2.0 133,2.0 224,2.0 228,2.0 
67,4.0 87,4.0 89,4.0 231,4.0 
67,4.0 87,4.0 89,4.0 230,4.0 
110,4.0 233,4.0 
110,4.0 232,4.0 
28,1.0 30,1.0 33,3.0 46,2.0 56,5.0 57,3.0 68,1.0 101,1.0 110,1.0 112,1.0 135,1.0 221,4.0 237,4.0 350,1.0 365,1.0 366,1.0 367,1.0 
7,2.0 224,2.0 
7,2.0 23,52.0 46,2.0 52,2.0 55,2.0 60,2.0 67,2.0 112,2.0 145,2.0 146,2.0 153,4.0 171,2.0 224,2.0 236,16.0 243,2.0 305,4.0 307,6.0 308,2.0 
9,4.0 15,5.0 16,1.0 17,1.0 34,4.0 46,4.0 52,2.0 55,3.0 57,2.0 60,1.0 67,4.0 68,4.0 87,2.0 89,2.0 94,2.0 96,2.0 103,3.0 112,2.0 128,48.0 133,1.0 134,1.0 135,4.0 146,1.0 147,1.0 149,1.0 170,2.0 171,1.0 179,1.0 204,4.0 206,4.0 208,4.0 210,4.0 212,4.0 214,4.0 216,4.0 217,2.0 219,2.0 220,4.0 221,8.0 234,4.0 236,2.0 237,16.0 238,4.0 239,4.0 240,2.0 241,2.0 242,2.0 243,2.0 244,4.0 245,2.0 254,2.0 255,6.0 264,1.0 273,4.0 276,2.0 288,1.0 293,4.0 295,2.0 296,2.0 297,2.0 305,1.0 307,3.0 308,3.0 309,2.0 310,3.0 330,4.0 333,1.0 349,1.0 353,1.0 
67,4.0 89,2.0 97,2.0 128,4.0 136,4.0 149,2.0 208,3.0 212,2.0 217,3.0 220,1.0 239,3.0 
67,4.0 89,2.0 97,1.0 128,4.0 136,4.0 149,2.0 208,3.0 212,2.0 217,3.0 220,1.0 238,3.0 240,2.0 
46,8.0 52,2.0 128,2.0 218,2.0 236,2.0 239,2.0 290,6.0 
20,1.0 128,2.0 138,1.0 139,1.0 237,2.0 242,2.0 
14,2.0 31,2.0 60,1.0 64,2.0 68,2.0 71,1.0 74,4.0 76,2.0 87,10.0 128,2.0 135,2.0 146,1.0 208,2.0 215,2.0 224,4.0 237,2.0 241,2.0 259,2.0 262,10.0 264,4.0 267,4.0 306,1.0 322,1.0 
23,2.0 67,2.0 236,2.0 
97,2.0 128,4.0 204,2.0 208,1.0 214,2.0 217,3.0 236,4.0 
97,1.0 128,2.0 214,2.0 217,5.0 236,4.0 271,4.0 291,4.0 295,4.0 336,4.0 
16,2.0 17,2.0 54,2.0 68,2.0 122,12.0 135,2.0 246,4.0 247,2.0 
16,2.0 17,2.0 28,2.0 33,2.0 38,8.0 55,4.0 60,2.0 68,2.0 88,2.0 107,6.0 110,2.0 112,2.0 135,4.0 136,2.0 138,8.0 146,2.0 171,10.0 247,26.0 248,68.0 257,4.0 258,2.0 259,4.0 260,4.0 261,4.0 306,4.0 308,2.0 
9,4.0 16,1.0 17,1.0 23,4.0 34,2.0 38,4.0 55,2.0 60,1.0 65,6.0 68,6.0 87,8.0 88,2.0 94,2.0 110,4.0 135,6.0 138,4.0 146,1.0 171,5.0 215,2.0 220,4.0 236,4.0 247,66.0 248,20.0 249,4.0 250,2.0 251,6.0 252,4.0 253,4.0 254,6.0 255,2.0 256,2.0 257,2.0 258,4.0 259,8.0 260,10.0 261,2.0 262,8.0 292,6.0 298,2.0 306,2.0 308,1.0 
14,4.0 247,4.0 250,3.0 251,3.0 282,4.0 329,2.0 
67,2.0 88,2.0 89,2.0 96,1.0 97,1.0 136,2.0 215,1.0 247,2.0 249,3.0 250,1.0 251,5.0 252,1.0 329,2.0 
48,6.0 67,2.0 88,2.0 89,2.0 96,1.0 97,1.0 136,2.0 215,1.0 247,6.0 249,3.0 250,5.0 251,1.0 252,1.0 253,5.0 287,6.0 329,2.0 
88,1.0 89,1.0 131,4.0 215,1.0 220,2.0 247,4.0 254,2.0 255,1.0 260,1.0 289,4.0 
52,4.0 247,4.0 251,5.0 293,4.0 329,1.0 
57,6.0 110,4.0 216,2.0 219,2.0 245,4.0 247,2.0 252,2.0 292,4.0 295,4.0 360,2.0 362,2.0 
56,1.0 66,2.0 67,4.0 68,4.0 85,2.0 86,2.0 87,4.0 94,3.0 100,4.0 101,1.0 105,1.0 112,9.0 113,1.0 114,1.0 118,1.0 119,1.0 120,1.0 131,1.0 142,1.0 247,2.0 248,2.0 255,4.0 256,2.0 260,20.0 262,1.0 265,2.0 272,3.0 294,4.0 296,1.0 297,2.0 332,1.0 334,1.0 353,1.0 
67,5.0 68,2.0 70,1.0 85,4.0 86,2.0 87,10.0 89,6.0 112,2.0 118,7.0 127,1.0 135,2.0 145,13.0 155,4.0 170,2.0 247,2.0 248,2.0 255,2.0 300,1.0 338,1.0 349,2.0 
88,2.0 89,2.0 117,1.0 118,1.0 138,1.0 171,2.0 247,2.0 248,2.0 
17,1.0 68,1.0 72,1.0 87,1.0 118,7.0 247,4.0 248,2.0 259,2.0 260,6.0 265,3.0 272,1.0 
17,2.0 21,2.0 46,4.0 61,2.0 65,14.0 68,15.0 75,1.0 87,2.0 118,6.0 135,1.0 247,8.0 248,6.0 258,2.0 260,6.0 277,2.0 
8,2.0 15,3.0 17,10.0 31,2.0 38,2.0 57,2.0 63,6.0 64,3.0 65,8.0 67,1.0 68,15.0 70,3.0 87,4.0 88,2.0 94,3.0 100,2.0 101,1.0 105,1.0 113,1.0 114,1.0 117,3.0 118,52.0 135,6.0 142,1.0 215,4.0 247,8.0 248,4.0 255,20.0 258,6.0 259,6.0 260,21.0 262,3.0 265,10.0 272,1.0 275,2.0 277,7.0 296,2.0 332,1.0 334,1.0 
38,2.0 247,2.0 248,2.0 
9,16.0 23,4.0 34,16.0 38,2.0 46,8.0 52,12.0 63,8.0 64,6.0 65,4.0 67,6.0 74,4.0 77,11.0 87,154.0 88,2.0 89,1.0 110,4.0 117,1.0 118,1.0 131,12.0 136,5.0 137,1.0 242,16.0 248,4.0 255,1.0 259,1.0 260,3.0 262,56.0 263,16.0 264,21.0 266,10.0 269,16.0 270,8.0 334,1.0 
77,4.0 87,15.0 262,15.0 264,8.0 
64,6.0 65,6.0 67,4.0 68,5.0 74,6.0 77,4.0 85,2.0 87,20.0 89,3.0 96,1.0 97,1.0 104,1.0 105,1.0 117,2.0 118,4.0 127,1.0 128,1.0 133,1.0 134,1.0 135,1.0 136,2.0 137,2.0 149,1.0 179,1.0 242,12.0 248,2.0 262,16.0 264,2.0 278,2.0 334,2.0 349,1.0 350,1.0 353,1.0 
17,3.0 65,8.0 67,1.0 68,9.0 71,1.0 87,1.0 118,3.0 242,1.0 260,3.0 266,4.0 272,1.0 
63,4.0 65,4.0 67,7.0 68,4.0 87,10.0 96,1.0 97,1.0 136,5.0 242,4.0 262,10.0 268,1.0 333,1.0 
65,4.0 68,4.0 71,4.0 110,8.0 
63,4.0 65,4.0 67,3.0 68,4.0 87,3.0 268,1.0 269,1.0 
34,2.0 52,2.0 64,2.0 67,1.0 68,5.0 70,1.0 71,1.0 73,4.0 76,2.0 94,1.0 147,1.0 188,4.0 224,4.0 270,4.0 272,4.0 
23,2.0 68,6.0 87,4.0 113,2.0 191,2.0 262,4.0 269,8.0 272,6.0 
52,2.0 56,1.0 57,2.0 64,4.0 67,1.0 68,2.0 86,2.0 87,4.0 89,1.0 94,3.0 96,1.0 100,1.0 105,1.0 120,1.0 127,1.0 132,1.0 135,1.0 248,8.0 262,4.0 271,1.0 272,5.0 296,1.0 304,1.0 325,1.0 357,1.0 372,1.0 373,1.0 
9,4.0 23,2.0 33,2.0 52,2.0 68,42.0 72,1.0 87,5.0 89,1.0 94,2.0 110,2.0 113,1.0 117,1.0 127,1.0 142,1.0 191,6.0 242,1.0 255,2.0 258,1.0 260,1.0 265,2.0 269,8.0 270,8.0 271,7.0 272,18.0 273,4.0 274,8.0 296,1.0 301,1.0 332,1.0 334,1.0 
9,3.0 68,6.0 86,1.0 116,1.0 151,1.0 160,1.0 237,4.0 260,2.0 272,4.0 275,2.0 297,4.0 342,2.0 
68,8.0 191,2.0 270,4.0 272,8.0 
15,2.0 31,1.0 65,2.0 66,2.0 68,4.0 106,1.0 133,1.0 139,1.0 153,1.0 224,1.0 260,2.0 323,1.0 
15,1.0 21,2.0 23,1.0 65,2.0 68,2.0 110,2.0 237,2.0 291,2.0 295,2.0 297,2.0 
15,1.0 17,2.0 57,1.0 89,2.0 118,9.0 149,2.0 259,2.0 260,9.0 332,1.0 
38,1.0 60,1.0 74,2.0 95,1.0 171,1.0 
14,8.0 22,1.0 40,1.0 106,1.0 132,4.0 160,1.0 171,4.0 
14,4.0 132,4.0 
132,4.0 249,4.0 282,4.0 
14,4.0 249,4.0 
120,6.0 214,6.0 
7,2.0 28,6.0 212,2.0 216,6.0 
56,6.0 217,6.0 
33,6.0 218,6.0 
48,6.0 251,6.0 
46,4.0 48,4.0 52,2.0 57,4.0 110,2.0 112,2.0 131,4.0 271,4.0 294,1.0 
131,4.0 219,2.0 234,2.0 252,4.0 
46,6.0 240,6.0 
245,4.0 271,4.0 295,2.0 296,2.0 
57,4.0 110,2.0 254,4.0 298,2.0 
52,4.0 219,2.0 234,2.0 253,4.0 295,2.0 296,2.0 
52,4.0 234,2.0 237,2.0 341,1.0 
245,4.0 291,2.0 293,2.0 296,4.0 336,4.0 
17,1.0 56,2.0 66,2.0 68,2.0 85,2.0 87,2.0 88,1.0 94,3.0 101,2.0 105,2.0 107,1.0 110,4.0 112,2.0 118,1.0 119,1.0 120,2.0 131,2.0 132,1.0 237,4.0 248,4.0 255,1.0 260,1.0 271,1.0 296,1.0 304,1.0 325,1.0 332,3.0 357,1.0 372,1.0 373,1.0 
8,2.0 15,4.0 31,12.0 103,1.0 147,1.0 149,1.0 221,4.0 237,6.0 273,4.0 276,2.0 296,2.0 333,1.0 
110,2.0 112,2.0 292,2.0 
87,4.0 89,2.0 118,2.0 171,2.0 256,4.0 
155,4.0 256,3.0 
14,1.0 16,1.0 17,1.0 18,1.0 19,1.0 46,1.0 47,1.0 48,1.0 72,1.0 300,2.0 302,1.0 311,1.0 364,1.0 
14,1.0 16,1.0 17,1.0 18,1.0 19,1.0 46,1.0 47,1.0 48,1.0 255,2.0 256,1.0 301,1.0 311,1.0 364,1.0 
52,2.0 94,1.0 
9,2.0 15,2.0 86,2.0 101,2.0 242,1.0 305,4.0 306,1.0 322,1.0 325,1.0 357,1.0 373,1.0 
9,2.0 15,2.0 23,2.0 55,1.0 86,2.0 101,2.0 236,2.0 304,4.0 307,3.0 310,1.0 311,1.0 312,1.0 
36,2.0 55,4.0 60,1.0 97,2.0 146,1.0 221,2.0 241,1.0 242,1.0 247,2.0 248,2.0 321,1.0 322,4.0 325,1.0 326,1.0 
15,1.0 23,3.0 55,3.0 101,1.0 236,3.0 305,3.0 308,2.0 309,2.0 310,3.0 311,3.0 312,3.0 
7,2.0 8,2.0 15,1.0 16,2.0 17,2.0 23,1.0 55,4.0 101,1.0 128,3.0 236,1.0 237,3.0 247,1.0 248,1.0 307,2.0 355,2.0 
157,4.0 307,2.0 310,2.0 311,2.0 312,2.0 337,4.0 
55,1.0 305,1.0 307,3.0 309,2.0 311,3.0 312,3.0 
1,1.0 14,1.0 16,2.0 17,3.0 18,3.0 19,3.0 25,1.0 35,2.0 36,1.0 46,1.0 47,1.0 48,1.0 301,2.0 302,2.0 311,1.0 312,3.0 313,1.0 316,1.0 317,1.0 364,2.0 
16,1.0 17,2.0 18,2.0 19,1.0 35,2.0 36,1.0 301,1.0 302,1.0 311,4.0 313,1.0 364,1.0 
35,1.0 36,1.0 46,1.0 169,1.0 314,1.0 315,1.0 
15,1.0 46,1.0 101,1.0 315,1.0 
15,1.0 101,1.0 314,1.0 
1,1.0 6,1.0 25,1.0 317,1.0 318,1.0 319,1.0 320,1.0 
1,1.0 6,1.0 25,1.0 316,1.0 318,1.0 319,1.0 320,1.0 
6,1.0 30,1.0 56,1.0 132,1.0 319,1.0 320,1.0 
6,1.0 30,1.0 56,1.0 132,1.0 318,1.0 320,1.0 
6,1.0 30,1.0 56,1.0 132,1.0 318,1.0 319,1.0 
20,1.0 106,1.0 107,1.0 132,1.0 241,1.0 306,1.0 322,1.0 
36,2.0 60,1.0 146,1.0 241,1.0 242,1.0 306,4.0 321,1.0 325,1.0 326,1.0 
8,1.0 9,2.0 20,1.0 22,1.0 31,1.0 39,1.0 40,1.0 58,1.0 59,1.0 62,1.0 86,1.0 95,1.0 97,1.0 106,1.0 127,1.0 133,2.0 139,2.0 153,1.0 160,1.0 171,2.0 221,1.0 224,2.0 275,1.0 324,1.0 343,2.0 344,1.0 374,1.0 
9,1.0 39,1.0 58,1.0 323,1.0 
36,1.0 242,1.0 304,1.0 306,2.0 322,2.0 357,1.0 373,1.0 
16,1.0 17,1.0 18,1.0 36,1.0 54,1.0 306,1.0 322,1.0 
16,1.0 18,1.0 19,1.0 
163,4.0 204,1.0 
60,2.0 88,1.0 89,1.0 95,2.0 114,2.0 117,1.0 131,1.0 146,2.0 149,1.0 329,1.0 330,10.0 331,1.0 
34,1.0 60,1.0 95,1.0 114,1.0 117,1.0 119,12.0 146,1.0 151,2.0 208,2.0 214,2.0 217,1.0 223,1.0 249,2.0 250,2.0 251,2.0 253,1.0 297,4.0 329,3.0 331,1.0 357,2.0 
89,1.0 114,1.0 117,1.0 149,1.0 329,1.0 
64,1.0 67,1.0 88,1.0 89,2.0 100,1.0 107,1.0 142,1.0 149,3.0 255,1.0 260,1.0 277,1.0 296,3.0 332,1.0 334,1.0 
67,1.0 68,1.0 96,1.0 97,1.0 135,1.0 136,1.0 147,1.0 167,1.0 237,1.0 266,1.0 297,1.0 
64,2.0 65,1.0 67,3.0 68,1.0 87,2.0 89,1.0 100,1.0 105,1.0 112,1.0 113,1.0 117,1.0 118,1.0 133,1.0 136,1.0 137,2.0 142,21.0 223,1.0 262,1.0 264,2.0 272,1.0 332,1.0 334,5.0 
28,1.0 105,1.0 223,1.0 
21,1.0 161,1.0 163,5.0 193,1.0 
166,4.0 
127,4.0 170,1.0 219,2.0 254,2.0 256,1.0 297,1.0 300,1.0 
167,3.0 340,3.0 
339,3.0 
15,1.0 101,1.0 
116,2.0 151,2.0 160,2.0 273,2.0 342,1.0 
22,1.0 40,1.0 62,1.0 97,1.0 160,1.0 221,1.0 323,2.0 374,1.0 
9,1.0 86,1.0 171,1.0 323,1.0 
63,2.0 65,4.0 68,4.0 76,1.0 
67,1.0 68,1.0 347,1.0 
67,1.0 68,1.0 73,1.0 
67,2.0 68,2.0 349,1.0 
64,1.0 67,4.0 68,2.0 70,1.0 87,4.0 118,1.0 133,1.0 134,1.0 135,1.0 136,1.0 137,1.0 169,1.0 179,1.0 262,1.0 264,2.0 269,1.0 334,1.0 350,3.0 353,1.0 
7,1.0 9,1.0 34,2.0 64,1.0 67,2.0 71,1.0 74,1.0 76,1.0 87,2.0 94,1.0 135,1.0 147,1.0 149,1.0 166,1.0 167,1.0 169,1.0 213,1.0 
67,4.0 70,1.0 87,4.0 349,2.0 
68,2.0 135,2.0 179,1.0 
64,1.0 67,1.0 68,2.0 87,3.0 94,1.0 133,1.0 134,1.0 136,1.0 137,1.0 179,1.0 262,1.0 264,2.0 334,1.0 349,1.0 
145,1.0 
7,2.0 8,2.0 
7,2.0 8,2.0 22,1.0 38,1.0 40,1.0 58,1.0 60,2.0 106,1.0 116,1.0 119,2.0 161,1.0 171,1.0 
8,2.0 119,2.0 242,1.0 304,1.0 306,1.0 322,1.0 325,1.0 358,2.0 373,1.0 
8,2.0 119,2.0 
8,2.0 212,2.0 284,2.0 
57,2.0 254,2.0 
110,4.0 288,2.0 296,2.0 
110,2.0 254,2.0 
46,1.0 
14,1.0 16,1.0 17,1.0 18,1.0 19,1.0 46,1.0 47,1.0 48,1.0 301,1.0 302,1.0 311,1.0 
278,1.0 366,1.0 367,1.0 
278,1.0 365,1.0 367,1.0 
278,1.0 365,1.0 366,1.0 
32,1.0 102,1.0 111,1.0 369,1.0 370,1.0 371,1.0 
32,1.0 102,1.0 111,1.0 368,1.0 370,1.0 371,1.0 
32,1.0 102,1.0 111,1.0 368,1.0 369,1.0 371,1.0 
32,1.0 56,1.0 94,1.0 102,1.0 120,1.0 132,1.0 271,1.0 296,1.0 372,1.0 
56,1.0 94,1.0 120,1.0 132,1.0 271,1.0 296,1.0 304,1.0 325,1.0 357,1.0 373,1.0 
242,1.0 304,1.0 306,1.0 322,1.0 325,1.0 357,1.0 
22,1.0 40,1.0 62,1.0 115,1.0 116,1.0 
