1,28.0 2,22.0 4,18.0 6,6.0 7,6.0 9,6.0 10,9.0 11,3.0 13,3.0 
0,3.0 2,24.0 3,4.0 4,8.0 5,8.0 6,8.0 7,8.0 8,6.0 9,6.0 10,9.0 11,5.0 12,6.0 13,3.0 14,3.0 15,3.0 16,3.0 37,2.0 38,2.0 39,2.0 
0,3.0 1,24.0 3,4.0 4,8.0 5,8.0 7,2.0 8,3.0 9,6.0 10,9.0 11,2.0 12,3.0 13,3.0 14,3.0 15,5.0 16,3.0 20,6.0 36,4.0 37,2.0 54,4.0 55,2.0 56,2.0 
0,12.0 4,6.0 87,1.0 88,1.0 
0,12.0 1,20.0 2,14.0 4,6.0 5,16.0 6,6.0 7,16.0 9,2.0 11,13.0 21,4.0 22,1.0 24,2.0 26,11.0 27,10.0 35,2.0 39,2.0 41,4.0 42,6.0 46,2.0 47,2.0 54,2.0 55,2.0 56,2.0 57,2.0 58,2.0 59,2.0 60,2.0 61,2.0 80,2.0 
0,6.0 1,2.0 2,2.0 4,12.0 5,2.0 7,12.0 11,9.0 16,2.0 17,1.0 19,5.0 21,10.0 22,2.0 24,1.0 26,3.0 27,6.0 32,1.0 33,3.0 35,2.0 36,2.0 37,1.0 40,1.0 42,6.0 62,1.0 80,2.0 81,3.0 82,3.0 83,2.0 84,2.0 
1,8.0 7,6.0 8,3.0 11,5.0 12,3.0 37,2.0 38,2.0 39,2.0 
1,8.0 2,2.0 4,6.0 5,11.0 6,6.0 7,1.0 8,3.0 11,9.0 12,5.0 19,2.0 21,4.0 22,2.0 26,4.0 27,8.0 31,4.0 32,1.0 35,2.0 36,4.0 37,1.0 39,2.0 42,4.0 43,2.0 45,2.0 48,2.0 54,2.0 57,2.0 58,2.0 59,2.0 61,2.0 62,1.0 95,1.0 111,1.0 
3,6.0 
1,6.0 2,6.0 3,4.0 4,2.0 8,3.0 10,9.0 13,3.0 22,2.0 26,8.0 27,2.0 30,4.0 47,4.0 49,2.0 62,4.0 65,4.0 66,4.0 67,4.0 93,2.0 
1,9.0 2,9.0 3,5.0 8,3.0 9,9.0 12,3.0 13,6.0 22,2.0 26,2.0 86,1.0 87,1.0 88,1.0 93,2.0 
1,7.0 2,2.0 4,4.0 5,12.0 6,5.0 7,9.0 11,4.0 12,3.0 17,2.0 19,4.0 20,2.0 21,4.0 22,4.0 24,8.0 26,6.0 27,4.0 32,1.0 33,1.0 35,2.0 36,10.0 37,6.0 38,3.0 39,4.0 40,3.0 42,4.0 52,2.0 62,2.0 77,2.0 80,1.0 81,2.0 82,3.0 83,2.0 91,1.0 106,3.0 107,5.0 113,1.0 114,1.0 115,1.0 
0,6.0 7,2.0 27,2.0 31,2.0 45,2.0 91,2.0 115,2.0 
1,3.0 2,3.0 3,1.0 9,3.0 10,6.0 12,3.0 22,2.0 26,2.0 93,2.0 105,1.0 112,1.0 
15,3.0 16,3.0 17,2.0 18,3.0 19,3.0 
2,2.0 14,3.0 16,11.0 17,2.0 18,3.0 19,3.0 20,2.0 22,4.0 26,4.0 32,1.0 33,4.0 34,4.0 40,3.0 41,5.0 42,1.0 54,2.0 55,2.0 56,2.0 91,1.0 108,1.0 
5,1.0 7,1.0 11,1.0 14,3.0 15,11.0 17,2.0 18,3.0 19,3.0 22,4.0 24,1.0 26,7.0 33,8.0 34,4.0 37,1.0 40,3.0 41,11.0 42,3.0 48,3.0 50,4.0 60,4.0 62,1.0 69,1.0 74,2.0 84,3.0 85,3.0 
5,2.0 11,1.0 18,2.0 19,4.0 20,2.0 21,2.0 27,1.0 33,2.0 40,2.0 80,2.0 
17,2.0 18,4.0 19,3.0 20,2.0 22,4.0 24,4.0 25,8.0 26,4.0 27,4.0 28,3.0 33,1.0 34,1.0 40,2.0 43,4.0 50,1.0 89,1.0 91,1.0 
1,2.0 4,2.0 5,1.0 6,2.0 11,3.0 17,2.0 18,5.0 19,2.0 20,2.0 21,3.0 22,2.0 23,3.0 24,7.0 25,2.0 26,2.0 33,10.0 34,1.0 36,3.0 42,4.0 48,2.0 50,4.0 52,2.0 68,4.0 69,4.0 70,4.0 80,4.0 81,4.0 89,1.0 90,1.0 
2,2.0 11,4.0 19,3.0 20,2.0 21,2.0 22,2.0 23,3.0 36,6.0 37,4.0 38,2.0 43,2.0 52,2.0 54,2.0 56,2.0 57,2.0 
5,9.0 7,4.0 11,4.0 16,2.0 17,1.0 18,2.0 19,5.0 22,4.0 23,2.0 24,2.0 25,2.0 27,6.0 29,2.0 30,2.0 31,4.0 32,2.0 33,3.0 39,1.0 40,1.0 42,3.0 64,1.0 70,1.0 77,1.0 80,2.0 81,3.0 82,2.0 83,2.0 84,2.0 94,2.0 95,1.0 96,1.0 
3,1.0 4,1.0 5,1.0 7,1.0 9,2.0 10,2.0 11,1.0 13,2.0 15,4.0 16,5.0 18,10.0 19,2.0 21,4.0 23,2.0 24,10.0 25,4.0 26,21.0 27,2.0 29,2.0 30,2.0 31,2.0 32,2.0 36,5.0 40,5.0 41,4.0 42,1.0 53,4.0 69,4.0 71,4.0 72,4.0 73,2.0 93,1.0 107,3.0 108,3.0 
18,2.0 19,3.0 21,2.0 22,2.0 24,2.0 25,2.0 34,1.0 90,1.0 
4,2.0 5,2.0 7,3.0 9,4.0 11,12.0 16,1.0 18,6.0 19,5.0 22,2.0 25,6.0 26,14.0 27,2.0 30,4.0 34,1.0 36,1.0 37,1.0 39,2.0 40,2.0 41,4.0 43,2.0 46,4.0 50,1.0 62,11.0 63,4.0 64,2.0 65,4.0 66,4.0 68,4.0 69,9.0 70,4.0 75,1.0 82,2.0 92,1.0 95,1.0 106,3.0 107,1.0 108,4.0 109,2.0 110,2.0 111,3.0 113,2.0 114,1.0 117,1.0 
11,1.0 18,10.0 22,4.0 24,4.0 25,2.0 26,4.0 27,4.0 33,1.0 34,2.0 40,1.0 50,2.0 69,2.0 75,1.0 91,1.0 111,3.0 113,1.0 
3,1.0 4,11.0 5,4.0 7,3.0 9,8.0 10,2.0 11,6.0 13,2.0 15,4.0 16,7.0 18,8.0 21,2.0 22,21.0 24,12.0 25,2.0 27,10.0 30,4.0 32,1.0 36,5.0 37,2.0 38,1.0 39,2.0 40,6.0 41,16.0 42,9.0 46,6.0 47,2.0 53,4.0 62,12.0 63,4.0 64,2.0 65,4.0 66,4.0 67,4.0 69,4.0 71,4.0 72,4.0 73,2.0 74,2.0 75,2.0 76,2.0 77,2.0 80,2.0 93,1.0 95,1.0 105,2.0 107,3.0 108,3.0 109,2.0 110,2.0 111,1.0 
4,8.0 5,7.0 7,8.0 9,2.0 11,8.0 12,2.0 17,2.0 18,4.0 19,1.0 21,8.0 22,2.0 25,2.0 26,10.0 31,4.0 33,1.0 36,2.0 39,1.0 40,2.0 41,4.0 42,10.0 43,2.0 45,2.0 46,2.0 47,2.0 80,1.0 81,2.0 82,2.0 83,2.0 
21,2.0 22,2.0 29,3.0 30,3.0 31,2.0 
21,2.0 22,2.0 30,3.0 31,2.0 32,2.0 34,1.0 90,1.0 92,1.0 
9,4.0 12,2.0 21,2.0 22,2.0 26,4.0 29,3.0 31,2.0 32,2.0 34,1.0 62,4.0 65,4.0 66,4.0 67,4.0 90,1.0 92,1.0 116,2.0 
7,4.0 12,2.0 21,4.0 22,2.0 27,4.0 29,2.0 30,2.0 32,2.0 34,2.0 36,4.0 40,2.0 42,2.0 43,4.0 45,2.0 57,2.0 64,1.0 70,1.0 77,1.0 78,2.0 79,2.0 94,2.0 95,1.0 96,1.0 
9,1.0 10,1.0 13,1.0 15,4.0 16,4.0 25,2.0 41,1.0 69,3.0 91,9.0 108,1.0 111,5.0 113,2.0 121,1.0 122,1.0 123,1.0 124,1.0 125,1.0 
4,3.0 5,1.0 11,1.0 18,1.0 19,10.0 21,1.0 24,2.0 26,2.0 32,1.0 33,2.0 34,6.0 35,2.0 42,5.0 48,4.0 50,9.0 52,2.0 80,4.0 81,4.0 94,1.0 95,1.0 104,1.0 
4,1.0 11,3.0 17,1.0 18,2.0 24,2.0 25,2.0 27,2.0 32,2.0 33,6.0 35,2.0 40,2.0 50,1.0 57,2.0 79,2.0 90,2.0 92,1.0 94,1.0 95,1.0 104,1.0 111,1.0 
4,2.0 5,2.0 7,2.0 11,4.0 19,2.0 36,2.0 
1,2.0 2,2.0 6,2.0 7,4.0 11,7.0 16,1.0 19,3.0 20,6.0 22,5.0 24,4.0 26,5.0 27,4.0 31,8.0 34,2.0 36,6.0 37,4.0 40,4.0 42,2.0 43,8.0 52,2.0 54,2.0 57,2.0 69,1.0 71,4.0 72,4.0 73,2.0 78,4.0 79,2.0 
5,1.0 7,1.0 11,3.0 20,2.0 26,2.0 32,1.0 36,2.0 38,3.0 39,3.0 40,3.0 52,2.0 62,2.0 
7,2.0 26,1.0 37,3.0 39,3.0 40,3.0 43,2.0 54,2.0 57,2.0 58,2.0 59,2.0 62,1.0 
4,2.0 5,1.0 7,3.0 11,1.0 21,2.0 24,1.0 26,2.0 27,2.0 37,3.0 38,3.0 39,1.0 40,3.0 42,1.0 54,2.0 55,2.0 56,2.0 58,2.0 59,2.0 60,2.0 62,1.0 82,1.0 92,1.0 95,1.0 111,3.0 113,2.0 114,2.0 117,3.0 
5,2.0 9,2.0 10,2.0 11,1.0 13,2.0 15,4.0 16,4.0 17,2.0 18,2.0 19,2.0 21,2.0 22,6.0 24,2.0 25,1.0 26,6.0 27,1.0 31,2.0 33,2.0 34,3.0 36,2.0 41,4.0 43,4.0 57,2.0 69,1.0 78,2.0 79,2.0 80,2.0 107,1.0 108,1.0 111,1.0 113,1.0 
4,4.0 11,4.0 15,5.0 16,11.0 19,2.0 22,4.0 24,4.0 26,16.0 27,4.0 33,7.0 34,1.0 40,3.0 42,7.0 46,4.0 50,6.0 51,2.0 60,4.0 62,4.0 63,4.0 64,2.0 74,2.0 75,2.0 76,2.0 77,2.0 
4,12.0 5,4.0 7,2.0 9,2.0 11,2.0 16,2.0 19,2.0 21,2.0 26,12.0 27,10.0 33,2.0 36,2.0 39,2.0 41,6.0 44,2.0 46,2.0 74,2.0 80,2.0 81,2.0 
2,2.0 7,4.0 20,2.0 22,4.0 26,4.0 27,2.0 31,4.0 34,2.0 36,10.0 38,2.0 40,2.0 42,2.0 53,2.0 54,4.0 57,4.0 58,2.0 59,2.0 71,4.0 72,4.0 78,2.0 79,2.0 
7,2.0 12,2.0 27,2.0 31,2.0 
5,1.0 39,1.0 42,2.0 
4,2.0 24,4.0 26,6.0 27,2.0 41,4.0 42,2.0 62,4.0 63,4.0 64,2.0 91,2.0 114,2.0 115,2.0 
19,2.0 33,2.0 48,2.0 50,2.0 
9,2.0 16,4.0 24,1.0 41,6.0 49,2.0 51,2.0 60,4.0 83,2.0 85,3.0 
9,2.0 47,2.0 
18,1.0 19,4.0 24,2.0 25,1.0 33,9.0 34,1.0 42,1.0 48,4.0 52,2.0 75,1.0 111,1.0 
19,2.0 33,2.0 41,2.0 50,2.0 97,2.0 100,2.0 
2,2.0 15,2.0 43,2.0 53,2.0 54,2.0 55,2.0 
2,2.0 18,4.0 20,2.0 21,1.0 22,4.0 24,2.0 26,4.0 31,1.0 36,2.0 40,2.0 43,2.0 54,3.0 58,1.0 67,2.0 70,2.0 101,2.0 102,2.0 
2,4.0 4,4.0 7,4.0 11,2.0 15,2.0 20,6.0 36,4.0 37,2.0 53,1.0 55,2.0 56,2.0 57,2.0 58,6.0 59,4.0 61,2.0 70,1.0 94,1.0 95,1.0 96,1.0 
2,2.0 4,2.0 15,2.0 20,2.0 39,2.0 54,4.0 56,4.0 58,2.0 59,2.0 60,2.0 
4,2.0 20,2.0 38,2.0 39,2.0 43,2.0 54,2.0 55,2.0 57,2.0 58,2.0 59,2.0 60,2.0 
7,4.0 11,2.0 17,1.0 27,2.0 34,2.0 38,2.0 40,1.0 43,2.0 48,2.0 54,2.0 58,2.0 59,2.0 61,2.0 79,2.0 
4,4.0 7,4.0 53,1.0 54,6.0 57,2.0 59,4.0 61,2.0 70,1.0 94,1.0 95,1.0 96,1.0 
4,4.0 7,4.0 54,4.0 57,2.0 58,4.0 61,2.0 
4,2.0 16,4.0 33,4.0 39,2.0 41,4.0 50,4.0 54,2.0 55,2.0 56,2.0 58,2.0 59,2.0 
7,2.0 48,2.0 57,2.0 
5,1.0 7,1.0 9,4.0 11,1.0 24,4.0 26,12.0 30,4.0 32,1.0 37,2.0 38,1.0 39,1.0 40,1.0 41,4.0 46,4.0 63,4.0 64,2.0 65,4.0 66,4.0 67,4.0 105,2.0 109,2.0 110,2.0 
24,4.0 26,4.0 41,4.0 46,4.0 62,4.0 64,2.0 
21,1.0 24,2.0 26,2.0 31,1.0 41,2.0 46,2.0 54,1.0 58,1.0 62,2.0 63,2.0 77,1.0 94,4.0 95,2.0 104,1.0 
9,4.0 26,4.0 30,4.0 62,4.0 66,4.0 67,4.0 
9,4.0 26,4.0 30,4.0 62,4.0 65,4.0 67,4.0 
19,4.0 24,4.0 68,4.0 69,4.0 101,2.0 102,2.0 103,1.0 105,1.0 
19,4.0 24,4.0 69,4.0 70,4.0 
5,1.0 7,2.0 11,2.0 16,1.0 19,4.0 24,10.0 25,4.0 26,4.0 34,1.0 37,1.0 39,1.0 40,1.0 50,1.0 62,3.0 68,4.0 70,4.0 75,1.0 95,1.0 108,5.0 109,2.0 110,2.0 111,1.0 113,3.0 
21,1.0 22,4.0 26,4.0 31,1.0 53,4.0 64,2.0 77,1.0 94,2.0 104,1.0 
22,4.0 24,2.0 26,4.0 36,4.0 72,4.0 73,2.0 
22,4.0 24,2.0 26,4.0 36,4.0 71,4.0 73,2.0 
16,2.0 26,2.0 41,2.0 42,2.0 
26,2.0 41,2.0 75,2.0 76,2.0 
11,2.0 24,1.0 25,1.0 26,2.0 41,2.0 50,1.0 76,2.0 77,2.0 111,1.0 
11,2.0 26,2.0 41,2.0 75,2.0 77,2.0 
11,2.0 21,1.0 31,1.0 36,2.0 53,1.0 64,1.0 94,3.0 95,2.0 
31,2.0 32,5.0 34,2.0 36,2.0 40,2.0 43,2.0 57,2.0 79,2.0 91,5.0 118,5.0 
11,2.0 17,1.0 27,2.0 34,2.0 40,1.0 57,2.0 
4,2.0 5,3.0 19,4.0 21,3.0 26,2.0 33,4.0 42,2.0 81,2.0 
4,2.0 5,2.0 11,2.0 19,2.0 21,2.0 26,2.0 27,2.0 33,2.0 42,2.0 80,2.0 82,2.0 83,2.0 
5,2.0 11,3.0 21,2.0 24,2.0 27,2.0 39,1.0 81,2.0 83,2.0 92,1.0 111,1.0 113,1.0 114,1.0 117,1.0 
5,2.0 10,1.0 16,3.0 21,2.0 84,3.0 86,1.0 
16,3.0 48,3.0 85,3.0 
24,1.0 48,3.0 83,2.0 
3,1.0 10,1.0 87,1.0 88,1.0 
0,1.0 3,1.0 4,1.0 88,1.0 
0,1.0 3,1.0 4,1.0 87,1.0 
20,1.0 111,1.0 115,1.0 
18,1.0 25,1.0 32,1.0 34,2.0 92,1.0 
18,1.0 25,3.0 32,9.0 39,3.0 69,3.0 108,1.0 111,7.0 113,3.0 114,1.0 115,5.0 117,2.0 121,1.0 122,1.0 123,1.0 124,1.0 125,1.0 
24,1.0 32,1.0 34,1.0 82,1.0 89,1.0 90,1.0 111,1.0 115,1.0 117,2.0 
33,1.0 34,1.0 77,1.0 94,1.0 95,1.0 
21,2.0 31,2.0 53,2.0 54,3.0 58,3.0 64,2.0 77,2.0 94,2.0 95,6.0 96,2.0 104,2.0 
7,1.0 21,1.0 26,1.0 31,1.0 39,1.0 53,2.0 54,2.0 58,2.0 77,1.0 94,4.0 96,2.0 104,1.0 111,1.0 
97,2.0 
53,2.0 98,2.0 99,2.0 
51,2.0 99,2.0 100,2.0 
51,2.0 98,2.0 100,2.0 
51,2.0 97,2.0 
67,2.0 102,2.0 103,1.0 105,1.0 
67,2.0 101,2.0 103,1.0 105,1.0 
4,1.0 11,1.0 24,1.0 
53,1.0 54,2.0 58,2.0 64,1.0 94,3.0 95,2.0 
11,3.0 24,3.0 32,2.0 91,2.0 106,3.0 
11,6.0 24,3.0 
22,3.0 24,4.0 26,3.0 32,1.0 40,1.0 69,4.0 91,1.0 108,4.0 113,1.0 
7,1.0 15,1.0 24,5.0 25,2.0 26,3.0 32,1.0 34,1.0 39,1.0 40,1.0 50,1.0 62,2.0 69,5.0 75,1.0 91,1.0 95,1.0 109,2.0 110,2.0 113,2.0 
26,2.0 62,2.0 105,2.0 110,2.0 
26,2.0 62,2.0 105,2.0 109,2.0 
5,1.0 11,1.0 13,1.0 15,1.0 30,2.0 46,2.0 78,5.0 92,1.0 108,1.0 112,1.0 114,2.0 116,2.0 117,1.0 118,5.0 119,1.0 120,1.0 
13,1.0 105,1.0 
5,1.0 11,1.0 24,3.0 25,3.0 34,1.0 39,2.0 40,1.0 50,1.0 69,3.0 75,1.0 82,1.0 92,1.0 108,2.0 114,1.0 117,2.0 
24,1.0 39,2.0 46,2.0 82,1.0 91,2.0 92,1.0 111,1.0 113,1.0 115,2.0 117,1.0 
39,3.0 89,1.0 91,5.0 111,3.0 113,1.0 114,1.0 117,2.0 
12,2.0 30,2.0 
5,1.0 24,1.0 39,2.0 82,1.0 89,1.0 92,2.0 111,2.0 113,1.0 115,1.0 
32,5.0 78,5.0 91,5.0 
105,1.0 120,1.0 
105,1.0 119,1.0 
122,1.0 123,1.0 124,1.0 125,1.0 
121,1.0 123,1.0 124,1.0 125,1.0 
121,1.0 122,1.0 124,1.0 125,1.0 
121,1.0 122,1.0 123,1.0 125,1.0 
121,1.0 122,1.0 123,1.0 124,1.0 
