1,6.0 2,6.0 3,8.0 4,4.0 12,2.0 49,2.0 50,2.0 51,2.0 78,2.0 80,2.0 140,2.0 142,2.0 143,2.0 
0,6.0 2,30.0 3,14.0 4,24.0 5,4.0 6,4.0 8,4.0 10,10.0 11,2.0 15,12.0 19,8.0 26,4.0 27,2.0 28,2.0 30,2.0 35,12.0 37,8.0 39,2.0 45,1.0 46,1.0 50,8.0 56,2.0 72,18.0 73,2.0 103,2.0 108,2.0 130,2.0 131,2.0 132,1.0 133,1.0 134,1.0 146,8.0 147,4.0 
0,6.0 1,30.0 3,16.0 4,24.0 5,4.0 6,4.0 8,4.0 10,10.0 15,12.0 19,10.0 22,2.0 50,8.0 58,4.0 72,2.0 75,4.0 
1,5.0 2,4.0 3,2.0 4,20.0 5,14.0 6,16.0 7,4.0 8,18.0 9,2.0 10,10.0 11,1.0 13,4.0 14,6.0 19,4.0 23,2.0 24,2.0 25,2.0 29,2.0 50,2.0 51,2.0 52,2.0 53,2.0 54,2.0 55,2.0 56,2.0 121,2.0 142,2.0 150,2.0 
1,4.0 2,4.0 3,22.0 5,24.0 6,24.0 7,4.0 8,16.0 10,8.0 13,8.0 14,8.0 15,16.0 16,4.0 17,16.0 19,2.0 20,8.0 21,4.0 56,2.0 121,2.0 142,2.0 150,2.0 
0,2.0 1,32.0 2,20.0 5,52.0 6,78.0 7,4.0 8,66.0 9,38.0 10,12.0 11,12.0 12,14.0 13,2.0 16,36.0 17,42.0 18,26.0 19,10.0 20,70.0 22,2.0 24,2.0 26,6.0 29,38.0 30,4.0 31,2.0 33,8.0 36,6.0 39,2.0 50,1.0 56,2.0 59,12.0 61,4.0 74,10.0 75,2.0 85,8.0 87,6.0 90,2.0 91,6.0 108,2.0 128,4.0 131,2.0 146,4.0 148,18.0 149,6.0 
1,16.0 2,16.0 5,80.0 6,40.0 7,4.0 8,36.0 9,24.0 10,10.0 11,10.0 12,10.0 14,8.0 16,4.0 17,36.0 18,24.0 19,10.0 20,36.0 22,2.0 23,6.0 24,12.0 25,6.0 26,2.0 27,2.0 29,18.0 33,2.0 34,2.0 55,20.0 74,4.0 75,2.0 76,16.0 77,8.0 85,6.0 87,2.0 108,2.0 128,2.0 
5,10.0 6,8.0 7,4.0 8,8.0 9,4.0 13,2.0 16,20.0 18,2.0 20,2.0 24,4.0 26,4.0 28,2.0 33,12.0 36,6.0 38,2.0 39,2.0 53,4.0 61,4.0 62,2.0 74,6.0 79,2.0 85,4.0 86,4.0 
1,23.0 2,13.0 3,3.0 4,3.0 5,66.0 6,36.0 7,4.0 8,35.0 9,38.0 10,11.0 11,4.0 12,4.0 13,14.0 14,32.0 17,6.0 18,26.0 20,30.0 21,12.0 26,2.0 29,12.0 34,2.0 39,2.0 46,1.0 52,6.0 53,6.0 54,6.0 55,6.0 56,2.0 57,2.0 62,4.0 75,2.0 81,4.0 82,4.0 90,2.0 91,6.0 120,2.0 146,8.0 148,30.0 151,1.0 
1,18.0 2,4.0 5,28.0 6,22.0 8,28.0 9,12.0 10,6.0 12,4.0 13,6.0 14,4.0 18,26.0 20,24.0 22,2.0 24,2.0 26,2.0 29,18.0 33,2.0 39,2.0 55,4.0 76,8.0 77,4.0 79,6.0 85,2.0 108,2.0 146,8.0 148,18.0 
1,11.0 2,10.0 3,20.0 4,16.0 5,4.0 6,4.0 8,4.0 10,2.0 11,5.0 12,6.0 19,10.0 26,2.0 27,2.0 34,2.0 37,2.0 50,2.0 56,2.0 78,2.0 142,2.0 150,2.0 
1,2.0 3,4.0 4,8.0 10,4.0 12,20.0 15,4.0 19,4.0 26,6.0 35,4.0 72,6.0 73,10.0 78,10.0 103,10.0 128,6.0 
0,2.0 3,6.0 4,8.0 10,6.0 11,20.0 15,4.0 19,6.0 22,4.0 26,6.0 49,2.0 50,2.0 51,2.0 73,6.0 78,20.0 80,4.0 103,6.0 128,2.0 
1,7.0 2,7.0 3,5.0 4,5.0 5,8.0 8,16.0 9,6.0 10,5.0 11,2.0 12,4.0 13,23.0 14,42.0 16,30.0 17,18.0 18,6.0 19,4.0 20,32.0 21,22.0 22,4.0 24,2.0 29,30.0 36,2.0 46,1.0 56,2.0 61,2.0 62,20.0 74,6.0 76,2.0 79,8.0 81,6.0 82,4.0 83,16.0 84,6.0 85,2.0 86,2.0 87,8.0 91,6.0 120,24.0 128,2.0 142,2.0 148,6.0 150,2.0 151,1.0 
1,9.0 2,11.0 3,3.0 4,3.0 6,4.0 8,28.0 10,7.0 12,2.0 13,46.0 14,23.0 16,10.0 17,12.0 18,16.0 19,4.0 21,32.0 22,2.0 24,2.0 34,4.0 46,1.0 52,6.0 53,6.0 54,6.0 55,10.0 56,2.0 57,2.0 62,24.0 74,6.0 75,2.0 76,6.0 81,10.0 82,10.0 83,12.0 84,4.0 87,8.0 151,1.0 
4,16.0 5,12.0 6,12.0 13,4.0 14,4.0 16,4.0 17,16.0 20,8.0 21,4.0 
0,2.0 1,6.0 2,6.0 3,2.0 4,2.0 5,46.0 6,8.0 7,16.0 8,6.0 9,2.0 10,6.0 13,30.0 14,12.0 16,26.0 17,14.0 18,4.0 20,40.0 23,12.0 24,12.0 26,10.0 27,2.0 28,2.0 29,38.0 30,2.0 31,2.0 33,26.0 34,2.0 36,6.0 38,2.0 39,2.0 53,2.0 56,2.0 61,8.0 62,4.0 74,18.0 82,2.0 85,2.0 87,14.0 91,6.0 120,24.0 142,2.0 148,6.0 150,2.0 
1,8.0 2,10.0 5,48.0 6,36.0 8,12.0 9,6.0 11,6.0 12,6.0 13,12.0 14,12.0 16,4.0 17,16.0 18,8.0 19,14.0 20,30.0 21,12.0 22,2.0 91,6.0 128,2.0 148,12.0 
1,6.0 2,8.0 5,22.0 6,16.0 7,2.0 8,26.0 9,22.0 10,4.0 12,4.0 13,10.0 14,24.0 16,2.0 17,4.0 18,16.0 19,4.0 20,12.0 21,12.0 22,2.0 26,2.0 34,2.0 39,2.0 55,8.0 62,4.0 75,4.0 76,12.0 77,4.0 79,6.0 81,4.0 82,4.0 90,2.0 120,2.0 
1,9.0 2,10.0 3,6.0 4,14.0 5,2.0 9,4.0 10,4.0 11,5.0 12,4.0 13,2.0 15,12.0 18,4.0 20,2.0 22,2.0 27,2.0 78,2.0 79,2.0 
1,14.0 2,6.0 3,2.0 4,2.0 5,72.0 6,40.0 7,2.0 8,30.0 9,28.0 10,4.0 11,10.0 12,8.0 13,30.0 16,40.0 17,30.0 18,16.0 19,6.0 20,36.0 22,2.0 23,2.0 25,2.0 26,2.0 29,70.0 30,4.0 31,2.0 44,2.0 53,4.0 55,12.0 56,2.0 61,4.0 74,12.0 75,2.0 76,4.0 77,4.0 85,6.0 87,6.0 90,4.0 91,10.0 117,2.0 120,24.0 128,6.0 142,2.0 146,8.0 148,24.0 149,6.0 150,2.0 
0,2.0 1,4.0 2,4.0 8,12.0 12,2.0 13,22.0 14,32.0 17,12.0 18,12.0 19,4.0 20,2.0 21,12.0 22,2.0 24,2.0 29,2.0 36,2.0 52,6.0 53,6.0 60,2.0 61,2.0 62,8.0 76,16.0 79,6.0 81,6.0 82,4.0 83,10.0 84,4.0 86,6.0 117,2.0 133,2.0 135,2.0 136,2.0 137,2.0 141,6.0 142,2.0 143,2.0 144,6.0 145,6.0 
2,2.0 3,2.0 12,4.0 19,2.0 78,4.0 80,4.0 
1,2.0 5,2.0 6,6.0 16,10.0 23,4.0 24,14.0 25,8.0 26,4.0 27,4.0 33,6.0 34,2.0 87,2.0 90,2.0 92,2.0 118,2.0 119,2.0 
1,2.0 5,2.0 6,14.0 7,8.0 9,2.0 13,2.0 14,2.0 16,12.0 20,2.0 23,14.0 24,6.0 25,8.0 26,4.0 27,4.0 33,6.0 34,2.0 36,2.0 61,2.0 62,4.0 74,8.0 82,2.0 84,6.0 85,12.0 86,2.0 87,2.0 88,2.0 89,2.0 90,2.0 
1,2.0 6,6.0 23,8.0 24,8.0 25,2.0 26,2.0 27,2.0 89,2.0 118,2.0 119,2.0 
1,4.0 10,2.0 11,6.0 12,6.0 27,4.0 28,6.0 30,2.0 31,2.0 32,2.0 34,2.0 35,2.0 37,2.0 38,2.0 39,4.0 40,2.0 41,2.0 42,2.0 43,2.0 44,2.0 78,6.0 103,8.0 130,2.0 
1,2.0 5,2.0 9,2.0 18,2.0 19,2.0 20,2.0 26,4.0 28,2.0 34,2.0 35,2.0 
5,2.0 7,2.0 16,4.0 20,2.0 26,2.0 29,2.0 33,2.0 39,2.0 40,2.0 41,2.0 42,2.0 43,2.0 44,2.0 
0,2.0 1,12.0 2,2.0 3,2.0 4,2.0 5,44.0 6,22.0 8,18.0 9,22.0 10,2.0 11,4.0 13,30.0 16,38.0 17,6.0 18,4.0 20,70.0 23,2.0 25,2.0 26,2.0 29,30.0 30,2.0 31,2.0 44,2.0 50,1.0 55,12.0 56,4.0 59,12.0 61,2.0 74,8.0 76,4.0 77,4.0 85,6.0 87,12.0 91,6.0 108,2.0 117,2.0 120,24.0 128,4.0 131,2.0 142,2.0 146,4.0 148,18.0 149,6.0 150,2.0 
1,2.0 26,2.0 31,2.0 32,2.0 35,2.0 72,2.0 147,2.0 
26,2.0 30,2.0 32,2.0 
16,2.0 23,2.0 24,2.0 33,2.0 
5,8.0 6,2.0 7,12.0 9,2.0 10,2.0 16,26.0 23,6.0 24,6.0 26,8.0 27,2.0 28,2.0 33,8.0 34,2.0 36,6.0 38,2.0 39,2.0 74,2.0 85,2.0 
10,2.0 19,2.0 26,2.0 27,4.0 35,2.0 50,2.0 51,2.0 56,2.0 57,2.0 58,2.0 
5,4.0 8,4.0 9,4.0 13,10.0 16,10.0 20,16.0 29,16.0 33,2.0 36,2.0 37,8.0 72,16.0 74,2.0 85,2.0 87,2.0 103,4.0 109,6.0 110,6.0 111,6.0 112,6.0 113,6.0 120,8.0 147,4.0 148,4.0 149,2.0 
5,6.0 7,6.0 10,2.0 13,2.0 16,6.0 21,2.0 24,2.0 26,2.0 33,6.0 36,2.0 53,8.0 60,2.0 61,10.0 79,4.0 85,2.0 86,4.0 
7,2.0 13,8.0 16,10.0 20,8.0 29,8.0 33,2.0 35,8.0 72,8.0 120,8.0 
26,2.0 28,2.0 49,2.0 73,2.0 78,2.0 139,2.0 140,2.0 
1,2.0 26,4.0 28,2.0 35,6.0 40,2.0 41,2.0 42,2.0 43,2.0 44,2.0 56,6.0 108,6.0 109,6.0 130,2.0 
40,10.0 41,14.0 42,28.0 43,18.0 44,18.0 45,2.0 46,2.0 47,2.0 48,2.0 64,4.0 65,4.0 66,12.0 67,12.0 68,12.0 69,12.0 70,4.0 71,4.0 121,2.0 
40,14.0 41,6.0 42,16.0 43,14.0 44,14.0 45,2.0 46,2.0 47,2.0 48,2.0 63,4.0 
0,2.0 12,2.0 40,26.0 41,14.0 42,12.0 43,18.0 44,18.0 45,4.0 46,4.0 47,4.0 48,4.0 49,2.0 64,4.0 65,4.0 66,12.0 67,12.0 68,12.0 69,12.0 70,4.0 71,4.0 
40,22.0 41,14.0 42,24.0 43,6.0 44,18.0 45,2.0 46,2.0 47,2.0 48,2.0 64,4.0 65,4.0 66,4.0 67,4.0 68,4.0 69,4.0 
20,2.0 29,2.0 40,24.0 41,14.0 42,26.0 43,20.0 44,8.0 45,4.0 46,4.0 47,2.0 48,4.0 63,2.0 64,6.0 65,6.0 66,4.0 67,4.0 68,4.0 69,4.0 117,2.0 
0,2.0 12,2.0 38,2.0 40,2.0 42,4.0 43,2.0 44,4.0 45,8.0 46,18.0 47,2.0 48,4.0 49,4.0 63,2.0 64,2.0 65,2.0 132,14.0 133,14.0 134,14.0 135,4.0 136,4.0 137,4.0 138,4.0 139,2.0 
0,2.0 12,2.0 40,2.0 42,4.0 43,2.0 44,4.0 45,20.0 46,6.0 47,2.0 48,5.0 49,2.0 63,2.0 64,2.0 65,2.0 117,2.0 132,14.0 133,14.0 134,14.0 135,2.0 136,2.0 137,2.0 138,2.0 151,1.0 
0,2.0 12,2.0 42,2.0 45,2.0 46,2.0 48,2.0 49,2.0 
0,2.0 1,1.0 2,1.0 3,1.0 4,1.0 10,1.0 12,2.0 40,2.0 42,4.0 43,2.0 44,4.0 45,4.0 46,4.0 47,2.0 49,2.0 63,2.0 64,2.0 65,2.0 90,2.0 120,2.0 121,2.0 122,2.0 
0,2.0 3,2.0 12,2.0 38,2.0 50,2.0 51,2.0 73,2.0 78,2.0 139,2.0 140,2.0 
1,1.0 3,2.0 5,6.0 6,4.0 8,6.0 9,2.0 14,2.0 18,4.0 20,6.0 29,6.0 45,2.0 46,2.0 51,4.0 52,2.0 53,2.0 54,4.0 55,8.0 56,1.0 58,6.0 59,4.0 60,2.0 61,2.0 62,2.0 72,2.0 132,2.0 133,2.0 134,2.0 
3,2.0 8,2.0 14,2.0 50,4.0 52,2.0 53,2.0 54,4.0 55,4.0 58,2.0 59,2.0 60,2.0 61,2.0 62,2.0 
0,2.0 8,6.0 14,6.0 21,6.0 34,2.0 52,4.0 53,6.0 54,6.0 55,6.0 56,2.0 57,2.0 76,6.0 79,6.0 83,6.0 141,6.0 142,2.0 143,2.0 
7,4.0 8,6.0 14,6.0 20,4.0 21,8.0 24,2.0 34,2.0 36,6.0 52,6.0 53,4.0 54,6.0 55,6.0 56,2.0 57,2.0 60,2.0 74,2.0 76,6.0 83,2.0 86,12.0 87,2.0 90,8.0 91,4.0 117,2.0 133,2.0 135,2.0 136,2.0 137,2.0 144,6.0 145,6.0 
8,6.0 14,6.0 34,2.0 44,2.0 45,2.0 46,2.0 48,2.0 52,6.0 53,6.0 54,4.0 55,12.0 56,2.0 57,2.0 59,6.0 60,6.0 61,6.0 62,6.0 63,2.0 
2,2.0 6,20.0 8,6.0 9,4.0 10,2.0 14,10.0 18,8.0 20,12.0 29,12.0 34,4.0 44,2.0 45,2.0 46,2.0 48,2.0 52,6.0 53,6.0 54,12.0 55,8.0 56,2.0 57,2.0 59,6.0 60,6.0 61,6.0 62,6.0 63,2.0 75,2.0 76,8.0 77,4.0 
1,2.0 3,4.0 4,2.0 10,4.0 19,2.0 34,2.0 35,6.0 39,6.0 45,1.0 46,1.0 50,4.0 51,2.0 57,2.0 58,2.0 108,6.0 109,6.0 132,1.0 133,1.0 134,1.0 142,2.0 150,2.0 
34,2.0 50,2.0 51,2.0 56,2.0 58,2.0 
6,4.0 20,4.0 29,4.0 50,6.0 51,2.0 54,2.0 55,6.0 59,2.0 60,2.0 61,2.0 62,2.0 
1,4.0 5,12.0 29,12.0 44,2.0 45,2.0 46,2.0 48,2.0 50,1.0 54,6.0 55,6.0 56,2.0 59,6.0 60,6.0 61,6.0 62,6.0 63,2.0 131,2.0 
21,2.0 36,2.0 44,2.0 45,2.0 46,2.0 48,2.0 54,6.0 55,6.0 59,6.0 60,2.0 61,8.0 62,6.0 63,2.0 
5,6.0 7,4.0 16,6.0 20,4.0 29,2.0 36,12.0 44,2.0 45,2.0 46,2.0 48,2.0 53,4.0 54,6.0 55,6.0 59,6.0 60,6.0 61,6.0 62,6.0 63,2.0 74,2.0 79,6.0 85,2.0 87,2.0 90,2.0 
7,2.0 12,2.0 13,20.0 14,20.0 16,2.0 21,8.0 22,2.0 24,4.0 26,2.0 44,2.0 45,2.0 46,2.0 48,2.0 54,6.0 55,6.0 59,6.0 60,6.0 61,6.0 62,6.0 63,2.0 76,2.0 81,6.0 82,6.0 83,14.0 84,10.0 85,2.0 88,2.0 
40,2.0 42,2.0 43,2.0 44,4.0 45,2.0 46,4.0 48,2.0 64,2.0 65,2.0 122,2.0 
40,8.0 42,8.0 43,4.0 44,4.0 65,4.0 66,4.0 67,4.0 68,4.0 69,4.0 
40,8.0 42,8.0 43,4.0 44,4.0 64,4.0 66,4.0 67,4.0 68,4.0 69,4.0 
0,1.0 1,2.0 2,1.0 10,2.0 11,1.0 19,2.0 40,4.0 42,4.0 66,4.0 67,12.0 68,12.0 69,12.0 70,8.0 71,8.0 
0,1.0 1,2.0 2,1.0 10,2.0 11,1.0 19,2.0 40,4.0 42,4.0 66,12.0 67,4.0 68,12.0 69,12.0 70,8.0 71,8.0 
0,1.0 1,2.0 2,1.0 10,2.0 11,1.0 19,2.0 21,2.0 40,4.0 42,4.0 66,12.0 67,12.0 68,4.0 69,12.0 70,8.0 71,8.0 76,2.0 116,2.0 
0,1.0 1,2.0 2,1.0 10,2.0 11,1.0 19,2.0 40,4.0 42,4.0 66,12.0 67,12.0 68,12.0 69,4.0 70,8.0 71,8.0 
0,1.0 1,2.0 2,1.0 10,2.0 11,1.0 19,2.0 66,4.0 67,4.0 68,4.0 69,4.0 71,4.0 122,2.0 
0,1.0 1,2.0 2,1.0 10,2.0 11,1.0 19,2.0 66,4.0 67,4.0 68,4.0 69,4.0 70,4.0 
5,6.0 8,6.0 9,4.0 13,10.0 16,10.0 18,2.0 20,20.0 29,16.0 35,16.0 37,8.0 50,2.0 73,2.0 74,4.0 85,2.0 87,2.0 103,4.0 120,8.0 124,2.0 147,4.0 148,4.0 149,2.0 
5,2.0 14,2.0 16,4.0 20,2.0 21,2.0 41,2.0 52,2.0 72,2.0 74,4.0 76,2.0 78,6.0 79,2.0 83,2.0 87,2.0 93,4.0 95,4.0 99,4.0 100,4.0 140,2.0 141,2.0 
1,4.0 2,4.0 5,10.0 6,2.0 7,6.0 10,2.0 11,2.0 13,6.0 14,6.0 16,20.0 20,12.0 24,8.0 29,8.0 33,2.0 53,2.0 61,2.0 74,6.0 85,8.0 87,12.0 128,2.0 
2,4.0 50,4.0 58,4.0 
0,2.0 2,2.0 6,12.0 9,4.0 10,2.0 13,2.0 14,8.0 18,12.0 20,2.0 21,14.0 29,2.0 34,2.0 52,6.0 53,6.0 55,8.0 75,2.0 76,8.0 77,4.0 79,6.0 81,2.0 83,6.0 86,6.0 117,2.0 133,2.0 135,2.0 136,2.0 137,2.0 141,6.0 142,2.0 143,2.0 144,6.0 145,6.0 
6,8.0 9,4.0 14,4.0 18,8.0 55,4.0 76,8.0 
8,4.0 9,2.0 13,2.0 14,4.0 18,6.0 19,2.0 21,8.0 52,2.0 53,2.0 73,6.0 76,4.0 79,4.0 80,6.0 83,2.0 86,2.0 93,14.0 94,4.0 95,14.0 96,4.0 99,10.0 100,4.0 103,6.0 104,6.0 105,6.0 140,4.0 141,2.0 144,2.0 145,2.0 
0,2.0 5,2.0 7,2.0 9,6.0 12,2.0 13,8.0 18,6.0 20,2.0 21,6.0 22,2.0 36,4.0 52,6.0 53,2.0 61,4.0 76,6.0 79,4.0 83,6.0 141,6.0 142,2.0 143,2.0 
8,4.0 14,4.0 18,4.0 21,6.0 53,2.0 76,2.0 78,6.0 86,2.0 140,2.0 144,2.0 145,2.0 
13,10.0 14,8.0 21,4.0 62,8.0 76,2.0 82,4.0 83,4.0 
13,8.0 14,10.0 16,2.0 21,4.0 24,2.0 62,10.0 81,4.0 83,4.0 84,2.0 87,2.0 
0,2.0 12,2.0 13,8.0 14,8.0 21,10.0 22,2.0 24,2.0 52,6.0 62,10.0 76,8.0 79,6.0 81,2.0 83,2.0 84,8.0 85,2.0 86,2.0 90,2.0 141,6.0 142,2.0 143,2.0 
7,2.0 13,4.0 14,2.0 21,6.0 24,8.0 26,2.0 62,8.0 82,2.0 83,4.0 84,2.0 85,6.0 86,4.0 87,2.0 88,2.0 
5,8.0 6,4.0 7,4.0 9,2.0 11,2.0 16,4.0 20,6.0 24,14.0 29,6.0 33,2.0 36,2.0 61,2.0 62,2.0 74,8.0 83,2.0 84,6.0 85,2.0 86,4.0 88,2.0 128,2.0 149,6.0 
7,4.0 21,6.0 24,4.0 36,4.0 53,12.0 76,6.0 83,2.0 84,4.0 85,4.0 86,2.0 87,4.0 90,4.0 91,2.0 117,2.0 133,2.0 135,2.0 136,2.0 137,2.0 144,6.0 145,6.0 
0,2.0 1,4.0 2,4.0 5,6.0 10,2.0 11,2.0 13,8.0 14,8.0 16,16.0 20,6.0 29,12.0 53,2.0 61,2.0 74,12.0 82,2.0 86,6.0 87,10.0 90,12.0 91,4.0 128,2.0 
24,2.0 62,2.0 84,2.0 85,2.0 
24,2.0 25,2.0 
5,2.0 20,4.0 23,2.0 24,2.0 48,2.0 53,6.0 61,2.0 62,2.0 83,2.0 84,4.0 86,4.0 87,10.0 91,8.0 92,2.0 120,4.0 121,2.0 
5,12.0 7,2.0 8,12.0 9,6.0 17,6.0 18,2.0 20,10.0 23,2.0 53,4.0 90,6.0 92,2.0 148,12.0 
23,2.0 87,2.0 90,2.0 
11,8.0 12,8.0 26,4.0 39,6.0 56,6.0 93,14.0 94,4.0 95,42.0 96,4.0 97,8.0 98,8.0 99,10.0 100,4.0 101,20.0 102,8.0 104,6.0 105,6.0 106,12.0 107,12.0 108,6.0 
93,8.0 95,8.0 96,4.0 97,4.0 98,4.0 
11,8.0 12,8.0 26,4.0 39,6.0 56,6.0 93,42.0 94,4.0 95,14.0 96,4.0 97,8.0 98,8.0 99,10.0 100,4.0 101,20.0 102,8.0 104,6.0 105,6.0 106,12.0 107,12.0 108,6.0 
93,8.0 94,4.0 95,8.0 97,4.0 98,4.0 
11,4.0 12,4.0 93,4.0 95,4.0 98,4.0 
11,4.0 12,4.0 93,4.0 95,4.0 97,4.0 
93,20.0 95,20.0 100,4.0 101,10.0 102,4.0 104,6.0 105,6.0 106,6.0 107,6.0 
93,8.0 95,8.0 99,4.0 101,4.0 102,4.0 
11,4.0 12,4.0 26,4.0 39,6.0 56,6.0 93,10.0 95,10.0 102,4.0 106,6.0 107,6.0 108,6.0 
11,4.0 12,4.0 26,4.0 93,4.0 95,4.0 101,4.0 
5,2.0 8,4.0 9,4.0 20,4.0 29,6.0 35,4.0 41,2.0 59,2.0 72,4.0 78,6.0 93,6.0 95,6.0 99,6.0 104,6.0 105,6.0 148,4.0 
93,12.0 95,12.0 99,6.0 101,6.0 105,6.0 106,6.0 107,6.0 
93,12.0 95,12.0 99,6.0 101,6.0 104,6.0 106,6.0 107,6.0 
39,6.0 56,6.0 93,6.0 95,6.0 101,6.0 107,6.0 108,6.0 
39,6.0 56,6.0 93,6.0 95,6.0 101,6.0 106,6.0 108,6.0 
1,2.0 35,6.0 39,6.0 56,6.0 103,2.0 109,6.0 
35,6.0 110,6.0 111,6.0 112,6.0 113,6.0 
11,2.0 12,4.0 26,2.0 68,2.0 110,6.0 111,6.0 112,6.0 113,18.0 114,12.0 115,12.0 116,2.0 
110,12.0 112,6.0 113,12.0 114,6.0 115,6.0 
110,12.0 111,6.0 113,12.0 114,6.0 115,6.0 
11,2.0 12,4.0 26,2.0 68,2.0 110,18.0 111,6.0 112,6.0 113,6.0 114,12.0 115,12.0 116,2.0 
11,2.0 12,4.0 26,2.0 68,2.0 110,6.0 113,6.0 115,6.0 116,2.0 
11,2.0 12,4.0 26,2.0 68,2.0 110,6.0 113,6.0 114,6.0 116,2.0 
21,2.0 68,2.0 76,2.0 
1,2.0 20,2.0 29,2.0 40,2.0 42,2.0 43,2.0 44,4.0 64,2.0 65,2.0 133,2.0 135,2.0 136,2.0 137,2.0 
8,2.0 18,2.0 119,2.0 
8,2.0 18,2.0 118,2.0 
3,2.0 4,2.0 5,6.0 8,6.0 10,2.0 13,24.0 16,24.0 17,6.0 20,24.0 29,24.0 48,2.0 56,2.0 62,2.0 84,2.0 90,4.0 91,6.0 120,8.0 121,2.0 142,2.0 148,6.0 150,2.0 
48,4.0 70,2.0 90,2.0 120,2.0 
0,2.0 1,2.0 2,2.0 123,4.0 
11,2.0 146,2.0 
125,2.0 
126,2.0 
127,2.0 
128,2.0 
11,6.0 12,2.0 35,4.0 72,4.0 73,2.0 103,4.0 129,2.0 
40,2.0 
5,2.0 16,2.0 29,2.0 87,2.0 
1,2.0 50,2.0 
45,16.0 46,14.0 132,6.0 133,14.0 134,14.0 135,2.0 136,2.0 137,2.0 138,2.0 
40,2.0 42,2.0 43,2.0 44,2.0 45,16.0 46,14.0 64,2.0 65,2.0 117,2.0 132,14.0 133,6.0 134,14.0 135,4.0 136,4.0 137,4.0 138,2.0 
45,16.0 46,14.0 132,14.0 133,14.0 134,6.0 135,2.0 136,2.0 137,2.0 138,2.0 
38,2.0 40,2.0 42,2.0 43,2.0 44,2.0 45,2.0 49,2.0 64,2.0 65,2.0 117,2.0 133,2.0 136,4.0 137,4.0 138,2.0 139,2.0 
38,2.0 40,2.0 42,2.0 43,2.0 44,2.0 45,2.0 49,2.0 64,2.0 65,2.0 117,2.0 133,2.0 135,4.0 137,4.0 138,2.0 139,2.0 
38,2.0 40,2.0 42,2.0 43,2.0 44,2.0 45,2.0 49,2.0 64,2.0 65,2.0 117,2.0 133,2.0 135,4.0 136,4.0 138,2.0 139,2.0 
38,2.0 45,2.0 49,2.0 135,2.0 136,2.0 137,2.0 139,2.0 
38,2.0 49,2.0 73,2.0 78,2.0 140,2.0 
21,4.0 52,2.0 53,2.0 73,2.0 76,4.0 78,4.0 79,2.0 80,2.0 83,2.0 86,2.0 141,2.0 144,2.0 145,2.0 
0,2.0 21,6.0 52,6.0 76,6.0 79,6.0 83,6.0 141,2.0 142,2.0 143,2.0 
0,2.0 3,4.0 4,2.0 10,4.0 19,2.0 56,2.0 78,2.0 80,2.0 140,2.0 143,2.0 150,2.0 
0,2.0 78,2.0 80,2.0 140,2.0 142,2.0 
21,6.0 53,6.0 76,6.0 86,6.0 117,2.0 133,2.0 135,2.0 136,2.0 137,2.0 144,2.0 145,6.0 
21,6.0 53,6.0 76,6.0 86,6.0 117,2.0 133,2.0 135,2.0 136,2.0 137,2.0 144,6.0 145,2.0 
1,8.0 35,8.0 37,8.0 72,8.0 147,2.0 
5,2.0 13,4.0 20,4.0 29,4.0 35,4.0 72,4.0 74,2.0 79,2.0 85,2.0 87,2.0 149,2.0 
1,10.0 5,18.0 8,30.0 9,24.0 17,6.0 20,24.0 29,12.0 91,6.0 146,8.0 148,10.0 
5,6.0 11,2.0 20,6.0 29,6.0 85,6.0 128,2.0 149,2.0 
3,4.0 4,2.0 10,4.0 19,2.0 56,2.0 142,2.0 
46,1.0 48,1.0 
