0,1.0 1,34.0 2,5.0 3,8.0 7,2.0 10,3.0 11,3.0 12,9.0 14,8.0 15,3.0 19,11.0 20,5.0 21,3.0 31,9.0 37,2.0 38,2.0 42,2.0 43,8.0 44,9.0 48,2.0 51,1.0 54,4.0 55,4.0 56,4.0 66,4.0 67,2.0 82,11.0 83,3.0 84,3.0 110,4.0 124,2.0 135,1.0 138,18.0 139,2.0 140,2.0 146,1.0 165,6.0 172,4.0 188,2.0 190,2.0 192,2.0 193,4.0 194,5.0 195,5.0 197,2.0 198,2.0 199,1.0 202,2.0 203,5.0 205,1.0 212,4.0 213,4.0 214,2.0 215,4.0 216,4.0 224,2.0 225,2.0 227,2.0 234,4.0 237,1.0 271,1.0 281,2.0 376,2.0 378,1.0 
0,19.0 2,5.0 3,17.0 8,2.0 12,5.0 13,3.0 14,9.0 15,9.0 16,6.0 19,18.0 20,11.0 21,7.0 22,2.0 25,4.0 26,2.0 27,8.0 28,6.0 29,1.0 31,9.0 33,2.0 37,2.0 38,2.0 42,2.0 43,16.0 44,20.0 45,2.0 46,2.0 49,1.0 51,2.0 76,1.0 78,5.0 79,2.0 81,2.0 82,9.0 83,3.0 84,4.0 92,2.0 93,2.0 101,9.0 103,2.0 110,3.0 117,6.0 120,8.0 134,5.0 135,6.0 138,2.0 142,2.0 143,2.0 145,5.0 179,1.0 188,2.0 190,4.0 194,4.0 195,6.0 196,2.0 197,4.0 198,4.0 202,2.0 205,1.0 213,6.0 234,2.0 237,1.0 240,1.0 266,1.0 271,1.0 272,1.0 278,2.0 281,2.0 294,1.0 298,6.0 306,6.0 310,1.0 316,6.0 333,5.0 356,1.0 369,1.0 373,1.0 376,1.0 391,2.0 396,1.0 412,1.0 440,5.0 449,1.0 450,1.0 
0,4.0 1,3.0 2,4.0 3,30.0 7,1.0 12,9.0 13,7.0 14,21.0 15,2.0 16,2.0 19,5.0 20,1.0 26,1.0 29,1.0 31,11.0 33,2.0 38,6.0 40,2.0 44,1.0 46,6.0 49,4.0 51,4.0 53,2.0 54,4.0 55,4.0 56,6.0 62,2.0 64,1.0 82,1.0 103,1.0 108,2.0 117,2.0 135,1.0 138,6.0 140,2.0 144,4.0 145,14.0 146,6.0 147,2.0 149,2.0 150,6.0 165,4.0 171,2.0 172,2.0 188,2.0 193,4.0 194,1.0 195,2.0 203,3.0 206,3.0 207,2.0 208,2.0 209,2.0 212,4.0 213,7.0 215,6.0 216,4.0 236,4.0 254,2.0 255,2.0 256,2.0 257,2.0 258,2.0 298,1.0 306,1.0 316,1.0 319,2.0 335,1.0 377,1.0 380,1.0 417,1.0 
0,9.0 1,14.0 2,25.0 3,2.0 4,3.0 7,5.0 8,1.0 9,1.0 12,19.0 13,12.0 14,42.0 15,10.0 16,3.0 19,11.0 21,2.0 22,2.0 25,2.0 27,2.0 28,6.0 29,2.0 31,27.0 32,4.0 33,1.0 38,16.0 40,2.0 43,2.0 44,2.0 46,6.0 49,4.0 51,6.0 53,2.0 56,2.0 62,6.0 63,2.0 66,2.0 67,4.0 76,3.0 77,3.0 82,1.0 84,4.0 101,2.0 103,2.0 110,2.0 111,2.0 112,1.0 117,1.0 119,2.0 120,2.0 124,2.0 135,6.0 138,4.0 140,2.0 144,4.0 145,11.0 146,6.0 147,2.0 149,2.0 150,6.0 165,5.0 171,5.0 172,8.0 188,10.0 189,2.0 190,4.0 192,5.0 193,4.0 194,4.0 195,2.0 197,2.0 198,2.0 202,2.0 203,2.0 206,8.0 207,2.0 208,6.0 209,6.0 213,10.0 214,2.0 215,2.0 216,4.0 217,4.0 218,4.0 219,4.0 220,4.0 221,4.0 225,2.0 271,2.0 281,1.0 293,1.0 294,2.0 298,7.0 306,6.0 308,1.0 316,6.0 319,1.0 333,5.0 335,1.0 359,1.0 417,1.0 440,5.0 
5,11.0 15,3.0 40,1.0 50,1.0 85,7.0 86,7.0 392,1.0 
4,7.0 6,3.0 7,3.0 15,1.0 50,1.0 52,1.0 85,7.0 86,9.0 153,1.0 154,1.0 393,1.0 
6,8.0 7,21.0 8,3.0 9,3.0 25,6.0 29,1.0 38,2.0 42,2.0 46,3.0 48,11.0 53,1.0 54,1.0 56,2.0 58,2.0 59,2.0 60,1.0 62,2.0 63,1.0 66,6.0 67,8.0 68,2.0 69,2.0 70,1.0 87,2.0 117,10.0 139,1.0 144,2.0 148,15.0 223,2.0 224,6.0 268,1.0 292,1.0 319,10.0 321,1.0 338,1.0 382,1.0 384,1.0 397,1.0 398,5.0 414,5.0 415,10.0 
1,4.0 2,3.0 3,4.0 6,19.0 7,18.0 8,3.0 9,3.0 15,2.0 16,2.0 19,2.0 21,2.0 22,5.0 25,30.0 29,1.0 33,8.0 34,1.0 38,4.0 41,2.0 42,2.0 43,2.0 44,2.0 46,2.0 48,30.0 50,3.0 54,2.0 56,2.0 58,2.0 59,2.0 60,1.0 62,2.0 63,1.0 66,11.0 67,18.0 68,2.0 69,2.0 70,1.0 72,3.0 87,4.0 88,4.0 89,4.0 90,6.0 91,4.0 92,6.0 93,6.0 94,2.0 95,2.0 96,2.0 117,16.0 119,2.0 124,2.0 144,2.0 145,2.0 146,2.0 148,16.0 188,3.0 196,1.0 197,3.0 202,4.0 204,3.0 209,1.0 214,8.0 215,2.0 222,2.0 223,2.0 225,2.0 228,2.0 268,1.0 292,1.0 319,12.0 338,1.0 382,1.0 384,1.0 388,1.0 403,2.0 404,22.0 405,1.0 406,1.0 413,1.0 415,10.0 417,1.0 
0,3.0 1,1.0 9,3.0 10,3.0 11,3.0 13,1.0 15,2.0 20,2.0 25,1.0 28,1.0 29,1.0 33,1.0 43,1.0 44,3.0 45,2.0 67,1.0 82,1.0 92,1.0 93,1.0 94,3.0 101,1.0 110,2.0 115,2.0 116,5.0 118,9.0 130,1.0 131,4.0 132,2.0 133,2.0 146,1.0 183,1.0 233,1.0 266,14.0 272,7.0 275,4.0 276,6.0 279,5.0 280,10.0 281,1.0 282,4.0 294,6.0 295,4.0 298,5.0 299,3.0 300,1.0 301,2.0 302,4.0 303,4.0 304,3.0 305,2.0 306,2.0 308,2.0 310,2.0 311,2.0 312,2.0 313,1.0 314,4.0 315,1.0 325,1.0 328,1.0 333,1.0 334,1.0 338,1.0 339,1.0 346,1.0 347,1.0 354,1.0 
0,3.0 3,1.0 8,3.0 10,3.0 11,3.0 14,1.0 28,3.0 29,3.0 47,2.0 89,1.0 90,6.0 91,2.0 94,3.0 96,1.0 97,2.0 98,2.0 99,1.0 100,1.0 129,2.0 140,2.0 223,2.0 282,1.0 292,3.0 293,4.0 294,3.0 298,2.0 299,3.0 303,1.0 332,3.0 338,4.0 348,3.0 349,2.0 386,1.0 389,4.0 390,3.0 
0,3.0 1,3.0 11,5.0 30,2.0 173,2.0 174,2.0 175,2.0 176,2.0 
0,3.0 1,3.0 10,5.0 15,3.0 16,3.0 30,6.0 32,1.0 76,1.0 77,1.0 173,3.0 174,2.0 175,2.0 176,2.0 
0,9.0 1,2.0 2,10.0 3,21.0 7,2.0 13,12.0 14,22.0 23,1.0 31,14.0 38,4.0 48,4.0 51,7.0 54,4.0 55,4.0 56,4.0 62,6.0 63,2.0 66,6.0 67,2.0 86,2.0 124,2.0 145,4.0 165,8.0 172,4.0 188,8.0 189,2.0 190,2.0 192,4.0 193,4.0 206,12.0 207,2.0 208,6.0 209,6.0 212,4.0 213,8.0 215,4.0 216,4.0 224,4.0 225,6.0 226,4.0 
2,7.0 3,14.0 7,1.0 12,10.0 13,2.0 14,12.0 15,1.0 16,1.0 19,1.0 20,2.0 31,8.0 33,1.0 44,3.0 51,5.0 63,4.0 82,1.0 110,1.0 117,1.0 145,6.0 146,2.0 147,2.0 188,4.0 189,4.0 190,4.0 194,2.0 203,1.0 206,1.0 266,1.0 295,1.0 296,1.0 306,1.0 319,1.0 328,2.0 334,1.0 417,1.0 
0,7.0 1,8.0 2,11.0 3,29.0 4,3.0 5,5.0 7,4.0 12,17.0 13,6.0 14,1.0 15,8.0 16,4.0 19,9.0 25,6.0 29,1.0 31,26.0 33,4.0 36,1.0 38,8.0 42,2.0 45,3.0 46,2.0 48,4.0 50,2.0 51,2.0 52,2.0 53,2.0 54,2.0 62,6.0 63,2.0 64,1.0 66,4.0 67,4.0 76,3.0 77,3.0 81,2.0 82,2.0 84,3.0 86,4.0 93,2.0 108,1.0 110,2.0 111,2.0 119,2.0 124,2.0 135,1.0 138,4.0 142,2.0 143,2.0 145,2.0 146,4.0 147,2.0 148,2.0 150,2.0 165,6.0 171,6.0 172,8.0 179,1.0 188,8.0 189,2.0 190,2.0 191,2.0 192,4.0 194,7.0 195,7.0 203,1.0 205,1.0 206,9.0 207,2.0 208,6.0 209,6.0 213,3.0 214,2.0 225,2.0 271,2.0 281,2.0 298,1.0 306,1.0 316,1.0 335,1.0 369,1.0 373,1.0 412,1.0 449,1.0 450,1.0 
0,3.0 1,9.0 3,8.0 5,1.0 7,2.0 11,3.0 13,1.0 14,4.0 16,22.0 19,6.0 20,4.0 22,4.0 25,4.0 26,2.0 30,3.0 31,3.0 32,6.0 33,4.0 38,4.0 42,2.0 44,3.0 48,4.0 50,3.0 52,1.0 66,2.0 81,2.0 84,4.0 87,2.0 92,6.0 93,6.0 110,2.0 112,1.0 142,2.0 143,2.0 146,3.0 148,2.0 153,1.0 154,1.0 173,1.0 193,4.0 206,3.0 213,2.0 216,4.0 217,4.0 218,4.0 219,4.0 220,4.0 221,4.0 224,2.0 228,2.0 266,2.0 272,1.0 278,1.0 281,1.0 284,1.0 308,1.0 316,1.0 334,1.0 351,1.0 359,1.0 361,1.0 372,1.0 388,2.0 393,1.0 400,1.0 401,2.0 402,1.0 
1,4.0 3,4.0 7,2.0 8,1.0 9,1.0 12,3.0 13,4.0 14,6.0 15,12.0 17,4.0 18,4.0 19,2.0 20,2.0 22,2.0 25,8.0 26,2.0 31,2.0 32,6.0 33,8.0 34,2.0 35,1.0 42,2.0 44,1.0 48,7.0 50,3.0 66,2.0 81,2.0 92,6.0 93,7.0 120,1.0 126,1.0 142,2.0 143,2.0 148,2.0 206,2.0 213,2.0 224,2.0 228,2.0 231,1.0 232,1.0 293,1.0 294,1.0 295,1.0 298,1.0 299,1.0 304,2.0 306,1.0 322,1.0 350,1.0 355,1.0 
1,3.0 18,4.0 23,1.0 46,1.0 112,1.0 138,1.0 144,1.0 147,1.0 231,3.0 232,1.0 237,1.0 238,1.0 239,1.0 271,1.0 432,1.0 433,1.0 
1,3.0 17,4.0 23,1.0 112,1.0 231,1.0 232,3.0 261,2.0 262,2.0 
0,8.0 1,12.0 2,6.0 3,10.0 7,1.0 8,2.0 13,1.0 14,8.0 15,6.0 16,2.0 19,1.0 20,8.0 21,10.0 22,4.0 23,2.0 25,14.0 26,3.0 28,4.0 29,6.0 31,16.0 32,7.0 33,8.0 34,6.0 35,9.0 36,6.0 38,6.0 43,3.0 44,2.0 45,1.0 48,6.0 64,1.0 66,4.0 82,1.0 84,15.0 92,2.0 93,4.0 103,1.0 110,1.0 112,2.0 117,2.0 133,1.0 135,3.0 138,3.0 141,1.0 148,4.0 179,1.0 193,4.0 194,8.0 195,9.0 203,5.0 205,1.0 213,1.0 214,2.0 216,5.0 217,4.0 218,4.0 219,4.0 220,4.0 221,4.0 224,2.0 227,2.0 234,3.0 268,3.0 272,1.0 275,1.0 280,1.0 281,1.0 290,3.0 293,3.0 294,1.0 298,2.0 306,2.0 310,1.0 316,2.0 319,2.0 335,1.0 369,1.0 373,1.0 411,1.0 412,1.0 417,1.0 418,1.0 449,1.0 450,1.0 
0,4.0 1,10.0 2,1.0 7,2.0 13,2.0 15,4.0 16,2.0 19,5.0 21,7.0 26,1.0 33,1.0 35,3.0 43,1.0 44,11.0 49,1.0 50,2.0 76,4.0 77,3.0 82,4.0 92,2.0 93,2.0 101,1.0 103,1.0 110,1.0 117,2.0 120,1.0 146,1.0 194,2.0 203,1.0 206,1.0 228,2.0 229,2.0 230,2.0 234,2.0 240,1.0 266,1.0 278,1.0 281,1.0 295,1.0 296,1.0 299,1.0 304,1.0 316,1.0 319,1.0 322,1.0 323,1.0 328,2.0 329,1.0 356,1.0 361,1.0 376,1.0 396,1.0 398,1.0 
1,2.0 3,2.0 19,10.0 22,5.0 23,5.0 25,5.0 27,2.0 33,1.0 34,2.0 35,7.0 36,4.0 38,2.0 43,3.0 44,2.0 48,1.0 64,1.0 101,2.0 103,2.0 112,2.0 120,2.0 141,1.0 148,1.0 
1,2.0 3,2.0 15,4.0 16,2.0 19,2.0 23,5.0 24,5.0 25,2.0 26,2.0 33,2.0 50,9.0 64,4.0 65,6.0 71,3.0 73,1.0 74,1.0 75,1.0 92,2.0 93,2.0 109,2.0 110,1.0 112,2.0 184,2.0 308,1.0 359,1.0 
22,5.0 24,5.0 27,2.0 43,11.0 44,2.0 50,13.0 52,2.0 53,5.0 54,5.0 78,9.0 79,1.0 82,8.0 101,2.0 110,1.0 112,11.0 117,2.0 120,2.0 134,9.0 136,1.0 137,1.0 151,8.0 152,8.0 153,2.0 154,1.0 225,1.0 285,1.0 307,1.0 360,2.0 391,1.0 393,1.0 
25,5.0 26,5.0 27,6.0 48,2.0 113,3.0 114,1.0 148,1.0 388,1.0 
0,1.0 1,3.0 2,6.0 3,4.0 6,5.0 7,30.0 8,1.0 14,4.0 15,2.0 16,2.0 19,2.0 20,3.0 21,2.0 23,1.0 25,20.0 26,13.0 27,7.0 28,3.0 29,3.0 31,2.0 33,31.0 34,15.0 35,2.0 38,2.0 39,2.0 40,2.0 41,5.0 48,55.0 50,2.0 51,2.0 54,3.0 66,2.0 82,3.0 86,2.0 89,6.0 90,2.0 92,2.0 93,10.0 94,2.0 95,2.0 96,8.0 97,4.0 98,4.0 99,2.0 100,6.0 101,6.0 102,4.0 103,6.0 104,2.0 105,2.0 106,2.0 107,2.0 112,1.0 113,2.0 114,5.0 115,2.0 116,2.0 117,5.0 118,1.0 120,2.0 138,3.0 145,2.0 148,12.0 149,2.0 150,2.0 188,3.0 196,1.0 197,3.0 202,4.0 204,3.0 209,1.0 214,5.0 220,1.0 221,1.0 222,2.0 224,7.0 234,1.0 235,1.0 236,2.0 237,1.0 238,1.0 239,1.0 268,1.0 280,1.0 294,1.0 302,1.0 303,1.0 321,2.0 404,20.0 406,1.0 413,1.0 414,1.0 415,1.0 
2,1.0 3,1.0 13,1.0 15,2.0 16,2.0 19,1.0 20,2.0 25,15.0 26,4.0 27,15.0 28,3.0 29,3.0 33,9.0 39,2.0 48,18.0 50,2.0 54,2.0 56,2.0 89,12.0 90,2.0 92,2.0 93,8.0 94,6.0 95,2.0 96,6.0 97,2.0 98,2.0 99,2.0 100,4.0 101,6.0 103,5.0 104,2.0 106,4.0 107,2.0 113,2.0 114,2.0 115,2.0 116,6.0 117,5.0 118,2.0 119,6.0 120,16.0 121,2.0 122,2.0 123,2.0 130,2.0 165,2.0 203,1.0 225,10.0 268,1.0 319,11.0 376,2.0 378,2.0 
0,2.0 1,2.0 4,1.0 5,1.0 14,2.0 25,9.0 26,15.0 27,4.0 28,4.0 29,3.0 31,2.0 37,2.0 39,2.0 48,14.0 54,2.0 56,2.0 82,2.0 101,11.0 103,2.0 113,3.0 114,3.0 117,9.0 120,21.0 135,2.0 136,2.0 137,2.0 138,2.0 139,2.0 140,2.0 148,1.0 165,2.0 225,10.0 268,1.0 319,10.0 323,1.0 329,1.0 341,1.0 376,2.0 378,2.0 388,1.0 
1,5.0 3,5.0 8,1.0 9,3.0 11,3.0 15,3.0 19,2.0 20,1.0 29,10.0 30,3.0 31,2.0 43,1.0 44,1.0 82,1.0 84,2.0 89,2.0 90,2.0 91,1.0 94,2.0 95,1.0 96,1.0 97,1.0 99,2.0 100,3.0 104,3.0 105,2.0 106,3.0 115,1.0 129,1.0 130,1.0 135,5.0 145,5.0 146,1.0 173,1.0 194,2.0 195,2.0 213,5.0 263,2.0 268,4.0 272,1.0 279,1.0 290,3.0 292,2.0 293,3.0 294,2.0 295,1.0 296,1.0 298,6.0 299,3.0 306,5.0 316,5.0 322,2.0 323,1.0 329,3.0 333,5.0 338,2.0 339,2.0 341,1.0 348,1.0 385,1.0 386,1.0 389,4.0 390,2.0 440,5.0 441,1.0 442,1.0 
1,4.0 2,1.0 3,5.0 8,1.0 9,3.0 11,3.0 14,1.0 15,3.0 19,2.0 20,1.0 28,10.0 30,3.0 43,1.0 44,1.0 82,1.0 89,1.0 90,2.0 91,1.0 94,2.0 95,1.0 97,1.0 99,1.0 100,1.0 121,1.0 135,4.0 145,3.0 146,1.0 173,1.0 203,1.0 213,4.0 268,7.0 269,1.0 270,1.0 272,1.0 273,1.0 279,1.0 284,1.0 285,1.0 286,1.0 287,1.0 288,1.0 289,1.0 290,3.0 292,1.0 293,3.0 294,1.0 298,2.0 299,3.0 306,2.0 310,1.0 316,2.0 335,1.0 338,1.0 385,1.0 389,3.0 390,2.0 418,1.0 440,3.0 
10,2.0 11,6.0 15,3.0 16,3.0 32,1.0 76,1.0 77,1.0 173,3.0 174,2.0 175,2.0 176,2.0 
0,9.0 1,11.0 2,5.0 3,15.0 4,3.0 5,3.0 7,2.0 12,11.0 13,5.0 14,24.0 15,8.0 16,5.0 19,19.0 25,6.0 28,3.0 29,3.0 31,1.0 32,6.0 33,2.0 34,4.0 36,3.0 38,4.0 45,1.0 46,2.0 48,10.0 51,8.0 63,4.0 64,1.0 66,10.0 67,2.0 82,3.0 84,6.0 86,2.0 92,2.0 93,2.0 108,1.0 112,1.0 124,2.0 138,2.0 146,2.0 148,2.0 150,2.0 171,4.0 172,4.0 179,1.0 188,6.0 189,4.0 190,8.0 194,10.0 195,14.0 196,2.0 197,4.0 198,4.0 202,2.0 203,2.0 205,1.0 206,6.0 213,7.0 214,2.0 224,8.0 225,6.0 226,4.0 227,2.0 268,3.0 290,3.0 293,3.0 369,1.0 373,1.0 412,1.0 449,1.0 450,1.0 
3,1.0 8,2.0 12,1.0 13,1.0 16,4.0 17,1.0 18,1.0 19,7.0 25,8.0 31,6.0 33,4.0 34,8.0 35,2.0 36,2.0 45,2.0 48,1.0 84,2.0 110,2.0 133,2.0 231,1.0 232,1.0 233,1.0 272,2.0 275,2.0 280,2.0 281,1.0 283,1.0 
0,1.0 1,1.0 2,7.0 3,5.0 7,6.0 8,1.0 13,1.0 15,2.0 16,2.0 19,3.0 20,3.0 21,2.0 23,1.0 25,32.0 26,9.0 33,13.0 34,15.0 35,2.0 41,1.0 48,26.0 50,2.0 51,2.0 53,1.0 54,2.0 60,2.0 67,5.0 82,1.0 89,4.0 90,2.0 92,2.0 93,8.0 95,2.0 96,6.0 97,2.0 98,2.0 99,2.0 100,2.0 101,10.0 103,1.0 107,2.0 112,1.0 117,7.0 118,1.0 138,3.0 145,2.0 148,12.0 149,2.0 150,2.0 196,2.0 202,2.0 203,1.0 204,1.0 209,2.0 214,10.0 220,2.0 221,2.0 224,5.0 234,1.0 235,1.0 236,2.0 237,1.0 280,1.0 294,1.0 302,1.0 303,1.0 319,2.0 382,1.0 404,5.0 406,4.0 407,10.0 408,2.0 409,1.0 417,1.0 
0,1.0 1,1.0 19,2.0 20,1.0 21,2.0 23,1.0 25,15.0 33,14.0 34,4.0 35,2.0 39,2.0 40,2.0 41,3.0 48,11.0 53,1.0 54,2.0 82,1.0 112,1.0 148,5.0 220,2.0 221,2.0 
8,3.0 16,1.0 19,9.0 21,7.0 25,5.0 27,1.0 32,2.0 33,3.0 34,2.0 36,4.0 38,2.0 43,2.0 44,3.0 45,2.0 48,2.0 84,2.0 101,1.0 110,2.0 117,1.0 120,2.0 126,1.0 133,2.0 148,2.0 233,1.0 272,2.0 275,2.0 280,3.0 281,1.0 283,1.0 294,1.0 299,1.0 304,1.0 322,1.0 
1,2.0 14,1.0 19,2.0 31,3.0 32,2.0 38,2.0 39,2.0 45,1.0 108,1.0 
1,2.0 7,1.0 19,2.0 21,2.0 25,1.0 33,1.0 35,2.0 37,3.0 38,9.0 40,5.0 41,2.0 42,2.0 43,2.0 44,2.0 46,2.0 49,4.0 53,4.0 54,8.0 55,2.0 56,7.0 135,7.0 191,4.0 193,2.0 210,2.0 214,1.0 218,1.0 219,3.0 221,7.0 222,3.0 358,1.0 359,1.0 363,1.0 365,1.0 411,1.0 416,2.0 
0,6.0 2,6.0 3,14.0 6,4.0 7,4.0 12,10.0 14,8.0 15,4.0 17,1.0 19,4.0 25,4.0 26,1.0 27,1.0 33,2.0 34,1.0 36,2.0 37,6.0 38,26.0 39,4.0 41,29.0 42,10.0 45,2.0 46,50.0 47,2.0 48,5.0 49,2.0 53,16.0 54,25.0 55,2.0 56,30.0 84,4.0 117,2.0 120,1.0 138,2.0 140,2.0 143,2.0 144,6.0 145,2.0 148,3.0 164,12.0 165,36.0 171,22.0 172,35.0 187,1.0 191,17.0 192,36.0 193,20.0 194,2.0 199,16.0 200,2.0 201,2.0 206,4.0 210,8.0 213,8.0 214,1.0 215,4.0 216,8.0 217,4.0 218,6.0 219,6.0 220,4.0 221,13.0 222,18.0 223,22.0 224,1.0 225,1.0 231,1.0 257,2.0 274,1.0 275,1.0 319,3.0 358,2.0 363,2.0 364,1.0 398,1.0 404,1.0 414,1.0 415,2.0 416,4.0 429,2.0 430,2.0 431,2.0 432,1.0 433,1.0 
1,2.0 2,2.0 3,6.0 37,2.0 47,2.0 53,2.0 54,4.0 55,2.0 56,4.0 165,2.0 191,1.0 199,1.0 210,2.0 211,1.0 307,1.0 354,1.0 376,2.0 378,2.0 
4,1.0 5,1.0 14,2.0 15,1.0 20,2.0 23,7.0 37,1.0 40,1.0 43,5.0 49,9.0 50,10.0 51,2.0 82,3.0 135,2.0 185,1.0 191,2.0 199,2.0 211,2.0 235,1.0 313,1.0 330,1.0 333,1.0 392,1.0 
0,3.0 6,2.0 7,2.0 12,2.0 13,2.0 14,2.0 25,3.0 26,1.0 27,1.0 31,2.0 37,3.0 38,29.0 41,15.0 42,10.0 46,12.0 48,5.0 54,14.0 55,2.0 56,14.0 73,1.0 74,1.0 77,1.0 120,1.0 148,1.0 154,1.0 164,1.0 165,19.0 169,1.0 171,14.0 172,5.0 192,12.0 193,19.0 199,6.0 200,6.0 201,8.0 202,1.0 203,1.0 204,1.0 210,4.0 218,3.0 220,1.0 221,4.0 222,10.0 223,8.0 224,1.0 225,1.0 273,1.0 277,1.0 284,1.0 286,1.0 319,1.0 357,1.0 358,3.0 359,1.0 398,1.0 404,2.0 414,1.0 
1,2.0 4,1.0 7,3.0 25,4.0 33,1.0 34,1.0 37,2.0 38,10.0 40,1.0 41,10.0 42,2.0 43,2.0 44,2.0 46,8.0 48,4.0 53,4.0 54,6.0 55,2.0 56,8.0 81,2.0 142,2.0 143,5.0 144,4.0 192,4.0 193,4.0 222,2.0 223,6.0 392,1.0 404,3.0 416,2.0 
1,16.0 3,2.0 8,2.0 19,3.0 20,1.0 21,3.0 23,11.0 25,4.0 27,10.0 29,1.0 33,2.0 35,2.0 38,2.0 44,17.0 45,2.0 46,2.0 48,2.0 50,11.0 53,5.0 54,5.0 65,1.0 67,1.0 76,3.0 77,3.0 78,14.0 79,3.0 82,12.0 92,1.0 101,11.0 103,2.0 117,8.0 120,10.0 134,14.0 135,1.0 146,1.0 148,2.0 156,2.0 159,2.0 216,1.0 299,1.0 304,2.0 306,2.0 310,2.0 314,1.0 316,1.0 322,1.0 323,1.0 329,1.0 391,3.0 411,1.0 418,1.0 
1,19.0 2,1.0 3,2.0 8,1.0 13,3.0 15,3.0 16,1.0 19,2.0 20,10.0 21,2.0 23,2.0 25,4.0 26,1.0 27,9.0 33,3.0 35,3.0 38,2.0 43,17.0 45,3.0 46,2.0 48,1.0 49,1.0 76,4.0 77,3.0 78,5.0 79,2.0 82,7.0 101,10.0 103,3.0 117,9.0 120,10.0 134,5.0 146,1.0 148,1.0 194,1.0 203,1.0 229,2.0 230,2.0 240,1.0 266,2.0 272,1.0 278,2.0 280,1.0 281,1.0 285,1.0 294,1.0 295,1.0 299,1.0 304,1.0 306,1.0 307,1.0 316,1.0 319,1.0 322,1.0 323,1.0 328,1.0 329,1.0 334,1.0 356,1.0 360,2.0 391,2.0 396,1.0 398,1.0 
8,2.0 14,1.0 19,1.0 31,1.0 36,1.0 38,2.0 39,2.0 46,2.0 47,2.0 84,1.0 108,1.0 110,2.0 116,2.0 118,2.0 133,2.0 233,1.0 256,2.0 272,2.0 275,2.0 276,2.0 279,2.0 280,2.0 281,4.0 358,1.0 377,1.0 
0,6.0 2,6.0 3,4.0 6,2.0 7,3.0 12,8.0 13,2.0 14,2.0 15,2.0 19,2.0 25,2.0 26,1.0 27,1.0 33,1.0 34,1.0 38,47.0 39,2.0 41,8.0 42,6.0 45,2.0 46,12.0 47,2.0 48,3.0 49,2.0 51,2.0 53,17.0 54,17.0 56,22.0 84,2.0 117,2.0 120,1.0 139,1.0 140,2.0 143,2.0 144,11.0 145,2.0 148,2.0 164,2.0 165,18.0 171,6.0 172,7.0 191,2.0 192,18.0 193,8.0 199,8.0 210,4.0 213,4.0 215,4.0 216,6.0 217,2.0 222,8.0 223,18.0 225,1.0 319,3.0 397,1.0 404,1.0 415,2.0 416,4.0 
1,3.0 2,2.0 3,2.0 7,1.0 20,1.0 25,1.0 39,2.0 44,1.0 48,1.0 53,1.0 54,1.0 82,1.0 97,4.0 98,4.0 117,1.0 140,2.0 143,1.0 223,2.0 395,1.0 397,1.0 
0,2.0 2,8.0 3,8.0 6,10.0 7,29.0 12,6.0 14,4.0 23,1.0 25,54.0 26,16.0 27,12.0 31,8.0 33,24.0 34,11.0 38,2.0 39,2.0 41,3.0 46,1.0 47,1.0 48,31.0 51,4.0 53,3.0 54,8.0 56,2.0 60,1.0 66,8.0 78,1.0 79,1.0 86,2.0 88,2.0 89,4.0 90,4.0 91,2.0 92,6.0 93,6.0 94,8.0 95,2.0 96,2.0 100,4.0 101,5.0 103,4.0 106,2.0 112,1.0 113,2.0 114,10.0 115,4.0 116,5.0 117,14.0 118,2.0 120,10.0 138,3.0 139,1.0 143,1.0 145,2.0 148,28.0 149,2.0 150,2.0 165,2.0 188,3.0 197,3.0 202,4.0 204,3.0 206,4.0 213,4.0 214,2.0 220,2.0 221,2.0 222,2.0 224,15.0 225,14.0 226,4.0 227,2.0 234,1.0 235,1.0 236,2.0 237,1.0 238,1.0 239,1.0 246,1.0 247,1.0 276,1.0 309,1.0 319,10.0 320,1.0 321,3.0 376,2.0 378,2.0 397,2.0 398,5.0 404,20.0 406,1.0 407,5.0 408,1.0 409,1.0 413,1.0 414,11.0 415,6.0 
3,2.0 14,2.0 15,2.0 19,2.0 23,6.0 38,2.0 40,8.0 43,5.0 46,2.0 50,8.0 51,2.0 53,1.0 56,2.0 76,1.0 82,2.0 84,2.0 144,2.0 216,2.0 217,2.0 240,1.0 396,1.0 397,1.0 
5,1.0 6,3.0 7,5.0 8,1.0 14,2.0 15,3.0 16,3.0 20,2.0 22,6.0 23,13.0 27,2.0 43,11.0 51,2.0 52,5.0 53,7.0 54,7.0 65,7.0 66,3.0 67,3.0 71,3.0 73,1.0 74,1.0 75,1.0 78,9.0 79,1.0 82,6.0 92,2.0 93,3.0 101,2.0 109,2.0 117,2.0 120,2.0 125,1.0 126,1.0 134,9.0 136,1.0 137,1.0 153,3.0 154,2.0 184,2.0 228,2.0 298,1.0 304,2.0 306,1.0 308,1.0 391,1.0 393,2.0 
2,8.0 3,9.0 12,4.0 13,6.0 14,8.0 31,6.0 48,2.0 50,2.0 52,2.0 53,2.0 54,2.0 63,2.0 66,2.0 145,4.0 149,2.0 150,4.0 151,1.0 165,3.0 171,3.0 188,2.0 189,2.0 190,2.0 191,2.0 192,1.0 206,2.0 213,2.0 224,2.0 225,2.0 226,2.0 
23,6.0 42,1.0 53,2.0 54,2.0 55,2.0 56,2.0 64,2.0 112,6.0 135,1.0 136,1.0 137,1.0 143,1.0 145,2.0 147,2.0 153,15.0 154,10.0 155,8.0 156,2.0 212,1.0 235,1.0 252,4.0 253,4.0 267,2.0 393,2.0 394,1.0 
0,2.0 3,3.0 6,2.0 7,3.0 12,2.0 14,3.0 25,1.0 26,1.0 27,1.0 37,2.0 38,19.0 41,1.0 42,4.0 46,19.0 47,1.0 48,2.0 52,2.0 53,6.0 54,29.0 55,4.0 56,8.0 78,5.0 117,3.0 120,1.0 134,5.0 136,5.0 137,5.0 138,1.0 139,1.0 140,2.0 143,5.0 144,2.0 148,2.0 165,4.0 172,1.0 192,4.0 193,4.0 194,1.0 199,5.0 210,2.0 220,1.0 221,3.0 222,8.0 223,4.0 225,1.0 271,1.0 319,3.0 397,3.0 415,2.0 416,8.0 
3,8.0 6,4.0 7,5.0 12,6.0 14,8.0 25,4.0 26,2.0 27,2.0 31,2.0 37,8.0 38,30.0 39,2.0 41,13.0 42,6.0 46,17.0 47,1.0 48,7.0 52,2.0 53,31.0 54,15.0 55,10.0 56,23.0 78,5.0 117,3.0 120,2.0 134,5.0 136,5.0 137,5.0 139,1.0 143,5.0 148,3.0 165,22.0 172,26.0 191,1.0 192,4.0 193,22.0 199,15.0 206,6.0 210,8.0 211,8.0 212,12.0 219,1.0 220,2.0 221,11.0 222,16.0 223,4.0 224,1.0 225,2.0 319,4.0 376,2.0 378,2.0 397,2.0 398,1.0 404,2.0 414,1.0 415,2.0 416,8.0 
3,4.0 12,2.0 14,4.0 31,2.0 37,2.0 38,6.0 41,4.0 42,4.0 46,2.0 53,4.0 54,8.0 56,16.0 57,2.0 58,2.0 59,2.0 60,2.0 61,2.0 164,6.0 165,10.0 192,2.0 193,4.0 206,2.0 210,2.0 212,4.0 222,2.0 223,2.0 416,2.0 
0,4.0 2,4.0 3,6.0 7,2.0 12,6.0 14,4.0 15,2.0 19,2.0 25,3.0 31,2.0 33,2.0 34,1.0 37,8.0 38,28.0 39,2.0 41,10.0 42,6.0 46,22.0 48,2.0 49,2.0 53,10.0 54,25.0 55,16.0 56,4.0 57,2.0 58,2.0 59,2.0 60,2.0 61,2.0 84,2.0 144,4.0 164,6.0 165,20.0 172,16.0 191,2.0 192,12.0 193,10.0 199,16.0 206,2.0 210,4.0 211,4.0 212,4.0 213,4.0 214,1.0 215,4.0 216,6.0 217,2.0 219,1.0 221,11.0 222,7.0 223,12.0 376,2.0 378,2.0 404,1.0 416,2.0 
22,3.0 57,2.0 58,7.0 59,2.0 60,2.0 61,6.0 62,5.0 63,5.0 64,3.0 383,1.0 
22,6.0 50,3.0 57,7.0 58,4.0 59,4.0 60,2.0 61,6.0 62,12.0 63,10.0 64,3.0 68,6.0 69,2.0 70,5.0 383,1.0 384,1.0 
57,4.0 58,8.0 60,2.0 61,4.0 62,6.0 63,4.0 68,4.0 69,2.0 70,2.0 
37,1.0 57,4.0 58,5.0 59,2.0 61,4.0 62,3.0 63,4.0 70,2.0 117,1.0 193,1.0 202,1.0 219,1.0 221,1.0 224,1.0 382,2.0 384,2.0 406,2.0 408,2.0 409,1.0 410,1.0 
22,2.0 57,6.0 58,6.0 59,2.0 60,2.0 61,2.0 62,4.0 63,4.0 64,2.0 
22,6.0 38,2.0 50,3.0 54,4.0 57,4.0 58,11.0 59,2.0 61,2.0 62,3.0 63,10.0 64,3.0 68,6.0 69,2.0 70,5.0 165,4.0 172,6.0 188,6.0 191,2.0 207,2.0 208,6.0 209,6.0 210,4.0 211,4.0 381,1.0 382,1.0 383,3.0 384,1.0 
22,6.0 38,4.0 50,3.0 57,4.0 58,8.0 60,1.0 61,2.0 62,9.0 63,2.0 64,3.0 68,2.0 70,5.0 164,4.0 171,4.0 188,4.0 189,4.0 190,4.0 191,4.0 381,1.0 382,2.0 383,3.0 384,3.0 
2,1.0 22,4.0 24,1.0 50,3.0 65,3.0 74,2.0 77,2.0 110,1.0 141,1.0 145,2.0 147,2.0 213,1.0 252,2.0 253,2.0 265,2.0 266,2.0 267,2.0 377,1.0 380,1.0 
6,3.0 7,6.0 8,1.0 43,1.0 50,4.0 66,6.0 67,7.0 71,3.0 72,3.0 92,1.0 125,1.0 126,1.0 304,2.0 306,1.0 308,1.0 314,1.0 
0,2.0 1,2.0 2,2.0 3,4.0 6,6.0 7,13.0 12,6.0 14,6.0 15,2.0 16,2.0 19,2.0 22,5.0 25,2.0 29,1.0 31,8.0 48,8.0 50,3.0 51,2.0 58,2.0 59,2.0 60,1.0 62,2.0 63,1.0 67,13.0 68,2.0 69,2.0 70,1.0 72,3.0 86,4.0 87,2.0 92,2.0 93,4.0 124,2.0 206,4.0 213,4.0 214,2.0 224,8.0 225,6.0 226,4.0 227,2.0 268,1.0 292,1.0 338,1.0 382,1.0 384,1.0 
0,1.0 1,4.0 2,2.0 3,2.0 6,6.0 7,17.0 8,1.0 12,2.0 15,2.0 16,2.0 19,2.0 22,5.0 29,1.0 31,2.0 33,5.0 50,3.0 58,2.0 59,2.0 60,1.0 62,2.0 63,1.0 66,11.0 67,4.0 68,2.0 69,2.0 70,1.0 72,3.0 87,4.0 88,2.0 89,2.0 90,2.0 91,2.0 92,1.0 94,1.0 119,2.0 124,2.0 130,1.0 145,2.0 146,2.0 196,1.0 204,1.0 209,1.0 214,7.0 215,2.0 225,2.0 233,1.0 268,1.0 292,1.0 303,1.0 304,1.0 314,1.0 338,1.0 382,1.0 384,1.0 404,5.0 406,1.0 
22,2.0 50,2.0 58,6.0 59,2.0 62,6.0 63,4.0 68,2.0 69,2.0 70,4.0 
58,4.0 59,2.0 62,4.0 63,2.0 68,4.0 70,2.0 
22,3.0 50,3.0 58,4.0 60,1.0 62,4.0 63,5.0 68,2.0 70,1.0 382,1.0 384,3.0 
7,3.0 65,3.0 66,3.0 67,3.0 72,3.0 
7,3.0 22,3.0 50,3.0 66,3.0 67,3.0 
55,2.0 56,2.0 74,4.0 75,1.0 76,1.0 77,1.0 169,3.0 170,2.0 369,1.0 434,1.0 435,1.0 
2,2.0 55,2.0 56,2.0 73,4.0 75,1.0 76,1.0 77,5.0 138,2.0 145,2.0 169,3.0 170,2.0 236,2.0 254,4.0 255,4.0 265,2.0 266,2.0 369,1.0 434,1.0 435,1.0 
73,1.0 74,1.0 76,3.0 
3,3.0 11,1.0 14,3.0 20,3.0 30,1.0 43,3.0 44,3.0 49,1.0 53,1.0 77,81.0 78,1.0 79,1.0 80,1.0 81,1.0 82,3.0 110,2.0 111,2.0 156,2.0 159,2.0 229,2.0 230,2.0 240,1.0 396,1.0 397,1.0 
0,3.0 1,3.0 2,2.0 3,3.0 11,1.0 14,3.0 20,3.0 30,1.0 43,3.0 44,3.0 73,1.0 74,5.0 76,78.0 78,1.0 79,1.0 80,1.0 81,1.0 82,3.0 83,3.0 110,2.0 111,2.0 138,2.0 145,2.0 156,2.0 159,2.0 169,1.0 229,2.0 230,2.0 236,2.0 254,4.0 255,4.0 265,2.0 266,2.0 369,1.0 434,1.0 435,1.0 
1,3.0 37,4.0 40,1.0 43,3.0 44,3.0 48,1.0 53,5.0 54,5.0 76,1.0 77,1.0 79,9.0 82,3.0 108,1.0 134,14.0 135,3.0 136,6.0 137,6.0 138,1.0 139,1.0 140,1.0 148,1.0 234,1.0 235,1.0 244,1.0 245,1.0 246,4.0 247,4.0 256,1.0 391,3.0 
37,1.0 40,1.0 48,1.0 76,1.0 77,1.0 78,9.0 108,1.0 134,3.0 135,2.0 136,1.0 137,1.0 138,1.0 139,1.0 140,1.0 148,1.0 234,1.0 235,1.0 244,1.0 245,1.0 246,4.0 247,4.0 256,1.0 391,3.0 
4,1.0 5,1.0 76,1.0 77,1.0 81,7.0 109,1.0 142,6.0 211,4.0 212,4.0 425,6.0 
4,1.0 5,1.0 42,2.0 46,2.0 76,1.0 77,1.0 80,7.0 109,1.0 142,10.0 143,2.0 144,2.0 211,4.0 212,4.0 259,2.0 260,2.0 425,6.0 
0,11.0 1,17.0 3,1.0 7,1.0 13,1.0 14,2.0 19,2.0 20,4.0 23,11.0 31,3.0 43,23.0 44,16.0 49,1.0 50,9.0 51,1.0 52,1.0 53,2.0 54,2.0 76,4.0 77,3.0 78,8.0 110,1.0 112,3.0 134,8.0 135,1.0 138,8.0 141,3.0 146,1.0 153,1.0 154,1.0 156,2.0 159,2.0 240,1.0 281,1.0 285,1.0 299,1.0 304,1.0 307,1.0 319,1.0 322,1.0 323,1.0 329,1.0 360,2.0 376,1.0 393,1.0 396,1.0 403,1.0 405,1.0 
0,3.0 1,3.0 19,3.0 38,2.0 46,2.0 55,2.0 56,2.0 84,3.0 166,4.0 167,4.0 168,4.0 
0,1.0 1,2.0 2,3.0 3,7.0 8,2.0 14,3.0 15,4.0 19,15.0 28,3.0 29,3.0 31,6.0 32,2.0 35,2.0 38,4.0 45,2.0 84,1.0 110,2.0 133,2.0 135,1.0 138,1.0 179,1.0 193,4.0 194,6.0 195,6.0 205,1.0 216,4.0 217,4.0 218,4.0 219,4.0 220,4.0 221,4.0 233,1.0 234,1.0 268,3.0 272,2.0 275,2.0 280,2.0 281,1.0 283,1.0 290,3.0 293,3.0 369,1.0 373,1.0 412,1.0 449,1.0 450,1.0 
6,3.0 7,3.0 66,3.0 67,3.0 80,2.0 81,2.0 86,7.0 87,2.0 92,2.0 93,2.0 142,2.0 399,2.0 425,2.0 
6,3.0 7,3.0 12,2.0 31,2.0 48,2.0 66,5.0 67,7.0 80,2.0 81,2.0 85,7.0 87,2.0 92,2.0 93,2.0 142,2.0 206,2.0 213,2.0 224,2.0 225,2.0 226,2.0 292,2.0 298,2.0 399,2.0 425,2.0 
2,1.0 4,3.0 5,1.0 7,2.0 67,2.0 88,2.0 89,2.0 90,2.0 91,2.0 92,2.0 93,2.0 388,2.0 399,2.0 400,1.0 401,2.0 402,1.0 
7,2.0 43,1.0 48,2.0 65,1.0 89,4.0 90,4.0 91,4.0 92,2.0 93,2.0 108,2.0 109,2.0 110,2.0 111,2.0 114,1.0 276,2.0 302,1.0 317,1.0 318,1.0 319,1.0 
7,2.0 9,1.0 25,6.0 26,12.0 28,2.0 29,1.0 33,4.0 48,4.0 88,4.0 90,4.0 91,4.0 92,2.0 93,6.0 94,4.0 96,6.0 97,4.0 98,4.0 99,4.0 100,4.0 101,10.0 102,2.0 103,4.0 104,4.0 106,4.0 108,2.0 109,2.0 110,2.0 111,2.0 115,1.0 116,6.0 117,2.0 118,3.0 119,6.0 120,6.0 121,4.0 122,2.0 123,2.0 124,2.0 125,2.0 126,2.0 130,3.0 263,1.0 272,1.0 279,1.0 295,1.0 296,1.0 298,1.0 299,1.0 303,1.0 306,1.0 307,1.0 308,1.0 322,1.0 329,1.0 389,2.0 
7,4.0 9,6.0 25,2.0 26,2.0 28,2.0 29,2.0 33,2.0 48,4.0 88,4.0 89,4.0 90,2.0 91,5.0 92,4.0 93,6.0 94,5.0 95,4.0 96,4.0 107,2.0 108,2.0 109,2.0 110,2.0 111,2.0 118,3.0 129,3.0 282,6.0 292,2.0 293,2.0 294,2.0 298,3.0 299,3.0 303,3.0 304,1.0 306,1.0 332,3.0 338,2.0 344,1.0 348,3.0 349,3.0 387,1.0 389,3.0 390,3.0 
7,2.0 9,2.0 28,2.0 48,2.0 88,4.0 89,4.0 90,5.0 92,2.0 93,2.0 95,1.0 96,2.0 97,1.0 108,2.0 109,2.0 110,2.0 111,2.0 282,1.0 292,3.0 293,1.0 294,1.0 298,1.0 303,1.0 332,1.0 338,3.0 339,2.0 348,2.0 385,1.0 386,2.0 
1,2.0 3,2.0 4,2.0 5,1.0 7,6.0 8,1.0 12,2.0 15,2.0 16,2.0 20,2.0 21,2.0 25,2.0 26,2.0 31,2.0 33,2.0 43,2.0 44,2.0 48,6.0 50,2.0 66,2.0 67,1.0 86,2.0 87,2.0 88,2.0 89,2.0 90,4.0 91,2.0 93,12.0 94,3.0 95,2.0 96,2.0 130,1.0 206,2.0 213,2.0 224,2.0 228,2.0 303,1.0 304,1.0 314,1.0 399,2.0 
1,2.0 3,2.0 4,2.0 5,1.0 7,6.0 8,1.0 12,2.0 14,2.0 15,2.0 16,2.0 20,2.0 21,2.0 25,10.0 26,8.0 31,2.0 33,8.0 43,2.0 44,2.0 48,6.0 50,2.0 66,4.0 86,4.0 87,2.0 88,2.0 89,6.0 90,6.0 91,2.0 92,12.0 94,2.0 95,4.0 96,8.0 97,2.0 98,2.0 99,2.0 100,2.0 107,2.0 131,1.0 132,1.0 206,2.0 213,2.0 224,2.0 228,2.0 298,1.0 304,1.0 305,1.0 399,2.0 
8,1.0 9,3.0 25,2.0 26,8.0 28,2.0 29,2.0 33,2.0 48,4.0 89,4.0 90,5.0 93,2.0 94,4.0 95,2.0 96,2.0 100,4.0 101,2.0 103,4.0 106,4.0 108,2.0 115,12.0 116,4.0 117,4.0 118,15.0 119,2.0 120,2.0 127,1.0 130,5.0 131,2.0 132,2.0 133,2.0 278,2.0 280,1.0 294,2.0 298,1.0 299,2.0 301,1.0 302,8.0 303,5.0 306,1.0 309,2.0 310,1.0 313,1.0 338,1.0 346,4.0 347,4.0 389,3.0 390,3.0 
7,2.0 25,2.0 26,2.0 28,1.0 33,2.0 48,2.0 90,4.0 91,1.0 92,2.0 93,4.0 94,2.0 96,4.0 97,2.0 106,1.0 107,2.0 110,1.0 184,1.0 281,1.0 292,1.0 337,1.0 338,1.0 339,1.0 385,2.0 
7,2.0 9,1.0 25,8.0 26,6.0 28,1.0 33,6.0 48,2.0 89,6.0 90,4.0 91,2.0 92,2.0 93,8.0 94,2.0 95,4.0 97,4.0 98,4.0 99,2.0 100,2.0 101,2.0 102,2.0 103,2.0 107,2.0 292,2.0 293,1.0 332,1.0 338,1.0 339,1.0 348,2.0 386,2.0 
25,4.0 26,4.0 28,1.0 33,4.0 47,2.0 89,4.0 91,1.0 93,4.0 95,2.0 96,4.0 97,2.0 98,10.0 106,1.0 110,1.0 140,2.0 184,1.0 223,2.0 281,1.0 292,1.0 337,1.0 338,1.0 339,1.0 348,2.0 349,2.0 385,2.0 
25,4.0 26,4.0 33,4.0 47,2.0 89,4.0 93,4.0 96,4.0 97,10.0 98,2.0 140,2.0 223,2.0 348,2.0 349,2.0 
9,1.0 25,2.0 28,2.0 29,1.0 89,4.0 96,2.0 100,4.0 101,2.0 102,2.0 103,2.0 263,1.0 299,1.0 322,1.0 329,1.0 389,2.0 
9,1.0 25,4.0 26,2.0 28,3.0 29,1.0 48,2.0 89,4.0 94,4.0 96,2.0 99,4.0 101,4.0 102,4.0 103,6.0 104,3.0 105,3.0 106,3.0 108,2.0 115,4.0 116,4.0 117,2.0 131,2.0 132,2.0 133,2.0 263,2.0 299,1.0 322,2.0 329,2.0 389,2.0 
0,3.0 1,2.0 4,1.0 5,1.0 8,1.0 14,3.0 25,6.0 26,6.0 27,11.0 31,3.0 33,10.0 37,2.0 48,5.0 60,2.0 82,2.0 89,10.0 94,2.0 96,2.0 97,2.0 98,2.0 100,2.0 101,4.0 102,4.0 103,6.0 104,6.0 105,2.0 106,4.0 116,6.0 117,15.0 119,6.0 120,18.0 121,4.0 122,4.0 123,2.0 124,4.0 125,4.0 126,4.0 127,2.0 128,2.0 129,2.0 130,2.0 135,2.0 136,2.0 137,2.0 138,3.0 139,2.0 140,2.0 195,1.0 202,1.0 224,5.0 266,1.0 306,1.0 310,1.0 311,1.0 312,1.0 382,1.0 398,1.0 406,2.0 407,10.0 408,2.0 409,1.0 
25,4.0 89,2.0 96,2.0 97,2.0 98,2.0 100,2.0 101,4.0 103,4.0 104,2.0 105,2.0 106,2.0 
1,2.0 2,1.0 3,1.0 13,1.0 14,2.0 19,1.0 25,6.0 26,5.0 27,2.0 31,2.0 33,1.0 48,4.0 82,2.0 89,4.0 94,4.0 96,2.0 97,2.0 98,2.0 100,4.0 101,6.0 102,4.0 104,2.0 105,2.0 106,4.0 115,2.0 116,2.0 117,5.0 118,2.0 120,2.0 203,1.0 319,1.0 
25,2.0 26,4.0 28,1.0 89,4.0 100,3.0 101,6.0 102,2.0 103,2.0 105,4.0 106,4.0 115,1.0 116,4.0 119,4.0 120,4.0 121,4.0 129,1.0 130,1.0 133,1.0 229,1.0 233,1.0 263,1.0 272,1.0 279,1.0 281,1.0 295,1.0 296,1.0 297,1.0 322,1.0 329,1.0 
25,2.0 28,1.0 100,3.0 101,2.0 102,2.0 103,2.0 104,4.0 106,5.0 129,1.0 133,1.0 229,1.0 233,1.0 263,1.0 272,1.0 273,1.0 279,1.0 281,1.0 284,1.0 285,1.0 286,1.0 287,1.0 288,1.0 292,1.0 293,1.0 322,1.0 329,1.0 
25,2.0 26,4.0 28,1.0 48,2.0 89,4.0 94,4.0 95,1.0 97,1.0 100,3.0 101,4.0 102,2.0 103,4.0 104,4.0 105,5.0 110,1.0 117,2.0 118,2.0 119,2.0 120,2.0 129,1.0 130,2.0 133,1.0 184,1.0 229,1.0 233,1.0 263,1.0 272,1.0 273,1.0 279,1.0 281,2.0 284,1.0 285,1.0 286,1.0 287,1.0 288,1.0 292,1.0 293,1.0 322,1.0 329,1.0 337,1.0 385,1.0 
7,2.0 48,2.0 90,2.0 92,2.0 93,2.0 95,2.0 96,2.0 
1,2.0 14,1.0 23,2.0 31,1.0 36,1.0 43,2.0 45,3.0 50,2.0 78,1.0 79,1.0 82,2.0 109,2.0 110,2.0 111,2.0 131,2.0 132,2.0 133,2.0 183,1.0 246,1.0 247,1.0 256,4.0 257,2.0 258,2.0 259,2.0 260,2.0 294,2.0 
1,2.0 16,1.0 50,1.0 75,2.0 108,2.0 110,3.0 111,2.0 158,2.0 182,16.0 183,5.0 184,2.0 256,1.0 266,2.0 305,1.0 312,1.0 337,1.0 369,1.0 434,1.0 435,1.0 
0,1.0 1,3.0 8,4.0 45,2.0 76,2.0 77,2.0 108,2.0 109,2.0 111,4.0 116,2.0 118,2.0 133,2.0 135,1.0 138,1.0 184,1.0 233,48.0 234,1.0 235,1.0 272,2.0 275,2.0 276,2.0 279,2.0 280,3.0 281,2.0 295,1.0 298,1.0 314,1.0 333,1.0 334,1.0 337,3.0 
1,2.0 76,2.0 77,2.0 108,2.0 109,2.0 110,4.0 
3,1.0 15,1.0 16,1.0 22,2.0 23,14.0 24,2.0 31,1.0 43,3.0 50,3.0 82,3.0 110,2.0 141,4.0 151,8.0 152,8.0 
25,4.0 26,2.0 27,3.0 28,1.0 48,4.0 114,3.0 148,1.0 323,1.0 329,1.0 341,1.0 388,1.0 
25,2.0 27,1.0 28,1.0 47,1.0 48,7.0 53,1.0 54,1.0 88,1.0 94,2.0 100,2.0 113,1.0 114,2.0 115,2.0 116,2.0 143,1.0 148,6.0 276,1.0 302,1.0 318,1.0 319,1.0 323,1.0 329,1.0 341,1.0 388,1.0 397,1.0 414,5.0 415,5.0 
8,1.0 9,2.0 26,2.0 48,2.0 89,1.0 94,10.0 100,4.0 103,2.0 104,1.0 108,2.0 115,6.0 116,9.0 117,2.0 118,10.0 130,7.0 131,2.0 132,2.0 133,2.0 272,3.0 278,4.0 279,7.0 280,1.0 294,1.0 295,2.0 296,2.0 297,1.0 298,1.0 299,1.0 302,10.0 338,2.0 346,4.0 347,4.0 
8,4.0 16,1.0 26,6.0 29,1.0 35,1.0 48,3.0 89,6.0 94,4.0 100,4.0 101,6.0 103,2.0 104,4.0 108,2.0 115,9.0 116,8.0 117,2.0 118,17.0 119,4.0 120,4.0 121,4.0 122,2.0 123,2.0 124,2.0 125,2.0 126,2.0 130,5.0 131,2.0 132,2.0 133,2.0 268,1.0 272,6.0 273,2.0 274,1.0 275,1.0 276,18.0 279,18.0 280,4.0 282,11.0 284,1.0 285,1.0 294,3.0 299,3.0 302,1.0 309,2.0 320,1.0 321,1.0 
0,3.0 2,1.0 3,1.0 4,1.0 5,1.0 6,10.0 7,16.0 13,1.0 14,1.0 19,1.0 25,5.0 26,5.0 27,9.0 31,1.0 33,8.0 34,1.0 37,2.0 38,3.0 41,2.0 42,2.0 46,2.0 48,15.0 54,1.0 56,2.0 60,1.0 89,2.0 94,4.0 100,2.0 101,15.0 103,5.0 106,2.0 115,2.0 116,2.0 117,9.0 118,2.0 120,10.0 135,2.0 136,2.0 137,2.0 138,3.0 139,2.0 140,2.0 144,2.0 148,11.0 195,1.0 202,1.0 203,1.0 219,1.0 222,1.0 223,2.0 224,4.0 319,12.0 398,1.0 406,1.0 407,5.0 408,1.0 409,1.0 410,4.0 415,10.0 417,1.0 
8,5.0 9,2.0 19,1.0 26,2.0 29,1.0 32,2.0 35,3.0 44,1.0 50,1.0 65,1.0 84,2.0 89,3.0 90,4.0 94,11.0 101,2.0 106,2.0 115,10.0 116,17.0 118,12.0 119,2.0 120,2.0 127,2.0 268,1.0 272,5.0 273,2.0 274,1.0 275,1.0 276,19.0 278,6.0 279,17.0 280,6.0 282,15.0 283,1.0 284,1.0 285,1.0 294,4.0 299,2.0 301,4.0 302,12.0 303,5.0 304,1.0 306,3.0 307,1.0 308,3.0 309,2.0 310,1.0 313,1.0 316,1.0 338,2.0 346,4.0 347,4.0 
2,2.0 3,2.0 7,2.0 26,6.0 67,2.0 89,6.0 94,2.0 101,6.0 104,2.0 106,2.0 116,4.0 120,6.0 121,2.0 122,2.0 123,2.0 130,2.0 145,2.0 146,2.0 214,2.0 215,2.0 
0,3.0 1,2.0 4,1.0 5,1.0 14,3.0 25,2.0 26,16.0 27,21.0 31,3.0 37,2.0 39,2.0 48,10.0 54,2.0 56,2.0 82,2.0 89,6.0 90,1.0 94,2.0 101,18.0 103,2.0 104,2.0 106,2.0 116,4.0 117,10.0 118,1.0 119,6.0 120,4.0 121,2.0 122,2.0 123,2.0 126,1.0 130,2.0 135,2.0 136,2.0 137,2.0 138,3.0 139,2.0 140,2.0 165,2.0 195,1.0 225,10.0 282,1.0 299,1.0 304,1.0 319,10.0 322,1.0 376,2.0 378,2.0 398,1.0 
26,4.0 89,4.0 101,4.0 104,4.0 116,4.0 119,4.0 120,4.0 272,1.0 273,1.0 279,1.0 284,1.0 285,1.0 286,1.0 287,1.0 288,1.0 289,1.0 290,1.0 291,1.0 
89,2.0 101,4.0 116,2.0 123,2.0 124,4.0 125,4.0 126,4.0 127,2.0 128,3.0 129,3.0 282,1.0 298,1.0 332,1.0 344,1.0 387,1.0 
89,2.0 101,2.0 116,2.0 122,2.0 124,2.0 125,2.0 126,2.0 
1,2.0 7,2.0 15,2.0 16,2.0 19,2.0 22,2.0 66,2.0 67,2.0 89,2.0 101,4.0 104,2.0 116,2.0 121,2.0 122,2.0 125,4.0 126,4.0 127,2.0 128,2.0 129,2.0 225,2.0 
89,2.0 101,4.0 104,2.0 116,2.0 118,1.0 121,2.0 122,2.0 124,4.0 126,5.0 127,2.0 128,2.0 129,2.0 279,1.0 301,1.0 304,1.0 306,1.0 308,1.0 
89,2.0 90,1.0 101,4.0 104,2.0 116,2.0 118,2.0 120,1.0 121,2.0 122,2.0 124,4.0 125,5.0 127,2.0 128,2.0 129,2.0 279,1.0 282,1.0 299,1.0 301,1.0 304,2.0 306,1.0 308,1.0 322,1.0 
101,2.0 118,1.0 122,2.0 124,2.0 125,2.0 126,2.0 128,2.0 129,2.0 280,1.0 301,1.0 308,1.0 316,1.0 
28,1.0 101,2.0 122,3.0 124,2.0 125,2.0 126,2.0 127,2.0 128,2.0 129,8.0 272,1.0 279,5.0 282,1.0 286,5.0 287,5.0 288,5.0 294,1.0 295,1.0 296,1.0 298,1.0 332,1.0 344,1.0 387,1.0 
9,2.0 28,1.0 90,3.0 101,2.0 104,1.0 105,1.0 106,1.0 122,3.0 124,2.0 125,2.0 126,2.0 127,2.0 128,8.0 129,2.0 133,1.0 229,1.0 233,1.0 272,1.0 279,5.0 281,1.0 282,1.0 286,5.0 287,5.0 288,5.0 292,2.0 293,2.0 294,1.0 295,1.0 296,1.0 298,2.0 332,4.0 344,2.0 348,3.0 349,3.0 387,2.0 
8,1.0 26,2.0 48,2.0 89,3.0 94,6.0 103,2.0 104,1.0 106,2.0 115,7.0 116,5.0 117,2.0 118,1.0 130,3.0 272,3.0 279,7.0 280,1.0 294,1.0 295,2.0 296,2.0 297,1.0 298,1.0 299,1.0 303,4.0 
1,1.0 23,2.0 43,3.0 50,2.0 82,2.0 108,2.0 132,5.0 133,3.0 158,1.0 230,1.0 266,1.0 282,1.0 299,1.0 301,1.0 303,1.0 304,1.0 305,2.0 306,2.0 312,1.0 315,1.0 327,1.0 328,2.0 330,1.0 342,1.0 343,1.0 
3,1.0 13,1.0 23,2.0 31,1.0 43,2.0 50,2.0 82,3.0 108,2.0 131,5.0 133,3.0 183,1.0 184,1.0 230,1.0 282,1.0 299,2.0 301,1.0 303,1.0 304,1.0 305,2.0 306,1.0 325,1.0 326,1.0 327,2.0 328,1.0 
8,2.0 23,3.0 43,3.0 45,2.0 50,3.0 82,3.0 108,2.0 110,2.0 116,2.0 118,2.0 131,2.0 132,2.0 159,1.0 160,1.0 229,1.0 230,1.0 233,2.0 272,2.0 275,2.0 276,2.0 279,2.0 280,4.0 281,2.0 299,1.0 306,1.0 327,1.0 333,1.0 334,1.0 
1,3.0 37,4.0 40,1.0 43,3.0 44,3.0 53,5.0 54,5.0 78,14.0 79,3.0 82,3.0 135,2.0 136,6.0 137,6.0 139,1.0 140,1.0 391,3.0 
0,1.0 1,6.0 2,1.0 3,6.0 8,1.0 12,1.0 14,1.0 19,3.0 23,1.0 28,6.0 29,2.0 35,1.0 37,4.0 40,8.0 43,2.0 44,1.0 47,1.0 48,1.0 49,6.0 50,1.0 78,1.0 79,1.0 82,2.0 110,1.0 138,3.0 145,5.0 148,1.0 193,1.0 206,1.0 213,6.0 216,1.0 234,3.0 235,4.0 244,1.0 245,1.0 294,1.0 298,6.0 306,6.0 310,1.0 316,6.0 333,5.0 376,1.0 378,1.0 395,1.0 411,2.0 412,1.0 418,1.0 440,5.0 
0,8.0 42,1.0 52,1.0 82,8.0 137,9.0 138,8.0 143,1.0 153,1.0 
0,8.0 42,1.0 52,1.0 82,8.0 136,9.0 138,8.0 143,1.0 153,1.0 
0,19.0 1,12.0 2,6.0 3,3.0 14,5.0 19,7.0 20,1.0 21,2.0 31,4.0 35,2.0 38,2.0 43,10.0 44,9.0 46,2.0 48,1.0 49,2.0 56,2.0 78,2.0 79,2.0 82,8.0 108,3.0 110,1.0 135,3.0 138,2.0 139,2.0 140,2.0 144,2.0 145,6.0 146,1.0 147,2.0 148,1.0 194,3.0 195,5.0 213,2.0 234,9.0 235,4.0 236,4.0 237,5.0 238,1.0 239,1.0 240,2.0 241,2.0 242,2.0 243,2.0 244,1.0 245,1.0 254,2.0 255,2.0 256,3.0 257,2.0 258,2.0 265,2.0 266,2.0 271,4.0 376,1.0 378,1.0 
1,2.0 14,2.0 15,2.0 16,2.0 26,1.0 27,1.0 46,1.0 48,1.0 53,1.0 54,1.0 82,3.0 112,3.0 120,1.0 140,5.0 141,3.0 225,1.0 319,1.0 397,1.0 
0,2.0 1,2.0 3,2.0 12,2.0 14,4.0 15,2.0 16,2.0 38,2.0 46,2.0 47,2.0 53,2.0 82,3.0 97,4.0 98,4.0 112,3.0 139,5.0 141,3.0 144,2.0 223,2.0 
23,3.0 24,1.0 43,3.0 50,3.0 64,1.0 82,3.0 110,1.0 112,4.0 
4,1.0 5,1.0 42,2.0 46,2.0 80,6.0 81,10.0 109,1.0 143,2.0 144,2.0 211,4.0 212,4.0 259,2.0 260,2.0 425,6.0 
4,1.0 7,1.0 25,1.0 38,2.0 40,1.0 42,5.0 46,4.0 47,1.0 48,1.0 53,5.0 54,5.0 81,2.0 117,1.0 142,2.0 144,2.0 193,2.0 222,2.0 392,1.0 397,1.0 416,2.0 
0,2.0 2,2.0 3,4.0 7,1.0 12,4.0 13,2.0 14,2.0 15,2.0 19,2.0 25,2.0 33,1.0 34,1.0 38,9.0 42,2.0 46,11.0 48,2.0 49,2.0 51,2.0 53,2.0 56,4.0 84,2.0 140,2.0 145,2.0 172,3.0 216,2.0 217,2.0 223,2.0 404,1.0 
1,5.0 2,14.0 3,13.0 12,2.0 13,6.0 14,6.0 19,2.0 28,5.0 31,2.0 38,4.0 46,4.0 49,2.0 51,2.0 53,2.0 56,2.0 64,2.0 74,2.0 77,2.0 108,2.0 135,5.0 138,6.0 140,2.0 144,4.0 145,2.0 146,4.0 147,4.0 195,2.0 213,7.0 215,2.0 236,4.0 252,2.0 253,2.0 254,2.0 255,2.0 256,2.0 257,2.0 258,2.0 265,2.0 266,2.0 267,2.0 298,5.0 306,5.0 316,5.0 333,5.0 440,5.0 
0,1.0 2,2.0 3,2.0 14,1.0 15,5.0 16,4.0 20,1.0 31,1.0 32,2.0 38,2.0 43,1.0 44,1.0 46,2.0 53,2.0 82,1.0 110,1.0 138,1.0 140,2.0 144,2.0 145,2.0 147,2.0 215,2.0 299,1.0 304,1.0 322,1.0 323,1.0 329,1.0 
15,2.0 16,2.0 64,2.0 74,2.0 77,2.0 138,2.0 145,2.0 146,2.0 234,1.0 237,2.0 238,1.0 239,1.0 240,2.0 241,2.0 242,1.0 243,1.0 252,2.0 253,2.0 265,4.0 266,4.0 267,2.0 271,1.0 
2,4.0 3,2.0 6,15.0 7,15.0 25,12.0 27,1.0 28,1.0 33,11.0 34,5.0 38,2.0 42,2.0 46,3.0 47,1.0 48,28.0 51,2.0 53,3.0 54,3.0 56,2.0 78,1.0 79,1.0 113,1.0 114,6.0 117,10.0 138,3.0 139,1.0 143,1.0 144,2.0 145,2.0 148,12.0 149,2.0 150,2.0 188,1.0 197,1.0 202,1.0 204,1.0 220,1.0 221,1.0 223,2.0 234,1.0 235,1.0 236,2.0 237,1.0 246,1.0 247,1.0 319,10.0 323,1.0 329,1.0 341,1.0 388,1.0 397,2.0 398,5.0 404,5.0 413,1.0 414,10.0 415,15.0 
2,4.0 3,4.0 14,2.0 31,2.0 51,2.0 150,4.0 
2,6.0 3,6.0 14,4.0 15,2.0 31,4.0 51,2.0 146,2.0 149,2.0 150,2.0 
52,8.0 152,8.0 153,8.0 154,8.0 155,8.0 375,1.0 
52,8.0 151,8.0 153,8.0 154,8.0 155,8.0 
23,6.0 42,1.0 52,15.0 64,2.0 112,6.0 135,1.0 136,1.0 137,1.0 143,1.0 145,2.0 147,2.0 154,10.0 155,8.0 156,2.0 212,1.0 235,1.0 252,4.0 253,4.0 267,2.0 393,2.0 394,1.0 
23,6.0 41,1.0 52,10.0 112,6.0 135,1.0 153,10.0 155,8.0 156,2.0 164,1.0 165,1.0 212,1.0 221,1.0 235,1.0 393,2.0 394,1.0 
23,6.0 52,8.0 112,6.0 153,8.0 154,8.0 156,2.0 
76,2.0 77,2.0 157,24.0 158,4.0 159,2.0 174,2.0 175,2.0 176,2.0 183,2.0 
158,24.0 
13,1.0 16,1.0 44,1.0 131,1.0 159,32.0 230,1.0 312,2.0 316,3.0 328,2.0 330,2.0 340,1.0 342,1.0 343,1.0 
76,2.0 77,2.0 109,2.0 133,1.0 156,20.0 160,5.0 186,8.0 280,1.0 333,1.0 334,1.0 
133,1.0 158,2.0 159,1.0 161,20.0 162,2.0 280,1.0 333,1.0 334,1.0 
162,20.0 
110,1.0 133,1.0 159,1.0 160,1.0 163,24.0 185,2.0 266,1.0 328,2.0 334,2.0 337,1.0 
55,2.0 56,2.0 156,2.0 160,16.0 185,4.0 
0,4.0 1,4.0 3,2.0 15,2.0 16,2.0 19,2.0 31,8.0 38,4.0 62,1.0 63,1.0 73,2.0 74,2.0 83,4.0 164,24.0 165,11.0 166,4.0 167,4.0 168,4.0 169,2.0 170,2.0 171,56.0 191,56.0 192,32.0 193,16.0 194,4.0 195,4.0 203,2.0 206,2.0 213,2.0 381,1.0 382,1.0 383,1.0 
0,4.0 2,6.0 3,11.0 12,8.0 13,2.0 14,11.0 15,2.0 19,2.0 31,4.0 37,2.0 38,26.0 39,2.0 41,12.0 46,12.0 53,6.0 54,24.0 55,6.0 56,20.0 62,1.0 63,1.0 73,2.0 74,2.0 83,4.0 84,2.0 86,2.0 138,2.0 145,2.0 164,15.0 165,8.0 166,4.0 167,4.0 168,4.0 169,2.0 170,2.0 171,21.0 172,26.0 191,10.0 192,21.0 193,24.0 194,2.0 199,4.0 200,4.0 201,6.0 206,2.0 210,6.0 211,8.0 212,12.0 213,8.0 215,4.0 216,6.0 217,2.0 223,8.0 376,2.0 378,2.0 381,1.0 382,1.0 383,1.0 
38,2.0 46,2.0 55,2.0 56,2.0 83,4.0 167,4.0 168,4.0 
38,2.0 46,2.0 55,2.0 56,2.0 83,4.0 166,4.0 168,4.0 
38,2.0 46,2.0 55,2.0 56,2.0 83,4.0 166,4.0 167,4.0 
55,2.0 56,2.0 73,3.0 74,3.0 77,1.0 170,2.0 369,1.0 434,1.0 435,1.0 
55,2.0 56,2.0 73,2.0 74,2.0 169,2.0 
0,4.0 1,4.0 3,3.0 10,2.0 11,2.0 12,2.0 13,2.0 14,5.0 15,2.0 16,2.0 19,2.0 30,2.0 31,10.0 38,12.0 41,14.0 46,2.0 86,2.0 164,60.0 165,23.0 171,34.0 172,7.0 173,2.0 191,62.0 192,33.0 193,24.0 194,4.0 195,4.0 199,2.0 200,6.0 201,8.0 203,2.0 206,2.0 213,2.0 231,1.0 358,1.0 379,1.0 
2,3.0 3,10.0 10,2.0 11,2.0 12,4.0 14,6.0 15,2.0 17,1.0 19,4.0 20,1.0 30,2.0 33,2.0 38,35.0 41,6.0 43,1.0 44,1.0 46,2.0 48,1.0 54,22.0 56,16.0 84,2.0 101,2.0 117,1.0 135,1.0 138,2.0 145,2.0 164,4.0 165,28.0 171,11.0 172,30.0 173,2.0 191,6.0 192,12.0 193,20.0 194,2.0 199,38.0 203,1.0 206,4.0 210,4.0 211,12.0 212,8.0 213,4.0 216,3.0 217,2.0 221,28.0 222,16.0 224,1.0 231,2.0 257,2.0 281,1.0 358,2.0 379,1.0 407,2.0 411,1.0 429,2.0 430,2.0 431,2.0 432,1.0 433,1.0 
10,2.0 11,3.0 15,1.0 16,1.0 30,3.0 32,1.0 174,2.0 175,2.0 176,2.0 
2,1.0 14,1.0 135,1.0 175,5.0 176,5.0 177,5.0 178,4.0 179,4.0 206,1.0 352,1.0 367,1.0 371,1.0 
2,1.0 8,1.0 14,1.0 135,1.0 174,5.0 176,4.0 177,4.0 178,4.0 179,5.0 206,1.0 274,1.0 280,1.0 295,2.0 350,2.0 351,1.0 355,1.0 370,1.0 371,3.0 
174,5.0 175,4.0 177,5.0 178,4.0 179,4.0 352,1.0 367,1.0 371,2.0 436,2.0 437,2.0 438,2.0 
174,1.0 176,1.0 178,4.0 179,5.0 180,4.0 181,4.0 296,1.0 352,2.0 353,1.0 367,1.0 
177,4.0 179,4.0 180,4.0 181,4.0 
8,1.0 175,1.0 177,5.0 178,4.0 180,4.0 181,4.0 205,1.0 295,1.0 296,1.0 352,2.0 353,2.0 369,1.0 371,1.0 373,1.0 412,1.0 449,1.0 450,1.0 
3,2.0 13,2.0 31,2.0 51,2.0 156,2.0 181,4.0 
3,2.0 13,2.0 31,2.0 51,2.0 156,2.0 180,4.0 
183,16.0 
3,1.0 15,1.0 16,1.0 22,1.0 109,1.0 110,1.0 132,1.0 175,3.0 179,1.0 184,26.0 266,1.0 295,4.0 312,2.0 325,1.0 326,1.0 327,2.0 330,1.0 331,1.0 337,1.0 350,2.0 355,3.0 370,1.0 371,2.0 373,1.0 374,1.0 
0,1.0 1,1.0 75,2.0 108,1.0 109,13.0 110,1.0 162,2.0 187,8.0 281,1.0 295,2.0 296,1.0 299,1.0 308,1.0 314,1.0 326,1.0 327,2.0 331,1.0 337,1.0 427,2.0 
40,1.0 110,1.0 133,1.0 159,1.0 160,5.0 162,2.0 191,2.0 199,1.0 211,1.0 218,1.0 266,1.0 328,2.0 333,3.0 337,1.0 350,1.0 353,1.0 358,1.0 369,1.0 
15,1.0 20,1.0 156,8.0 206,1.0 356,1.0 
3,1.0 15,2.0 22,1.0 38,1.0 109,8.0 218,1.0 275,1.0 284,2.0 351,1.0 358,1.0 363,1.0 372,1.0 
38,8.0 41,3.0 42,2.0 54,5.0 55,2.0 62,6.0 63,4.0 164,4.0 165,4.0 171,4.0 172,6.0 189,4.0 190,6.0 191,6.0 192,2.0 197,5.0 198,2.0 199,1.0 200,2.0 202,5.0 204,3.0 207,2.0 208,6.0 209,6.0 210,4.0 211,4.0 413,1.0 
38,4.0 63,4.0 164,4.0 171,4.0 188,4.0 190,4.0 191,4.0 
38,4.0 41,2.0 63,4.0 164,4.0 171,6.0 188,6.0 189,4.0 191,4.0 196,2.0 197,4.0 198,4.0 199,2.0 200,4.0 202,2.0 
0,4.0 1,4.0 3,2.0 7,1.0 14,2.0 15,2.0 16,2.0 19,2.0 25,1.0 31,8.0 33,1.0 37,3.0 38,11.0 39,1.0 40,2.0 54,1.0 56,2.0 86,2.0 164,56.0 165,8.0 171,58.0 172,4.0 185,2.0 191,24.0 192,34.0 193,16.0 194,4.0 195,4.0 199,3.0 203,2.0 206,2.0 211,3.0 213,2.0 214,1.0 218,3.0 219,1.0 221,3.0 307,1.0 308,2.0 313,1.0 328,1.0 330,2.0 333,2.0 354,1.0 358,3.0 
0,8.0 1,4.0 2,6.0 3,9.0 12,4.0 14,3.0 15,4.0 16,2.0 19,4.0 31,8.0 38,26.0 41,10.0 42,6.0 46,14.0 53,4.0 54,6.0 55,2.0 56,12.0 84,2.0 138,2.0 145,2.0 164,24.0 165,17.0 171,25.0 172,10.0 191,24.0 193,12.0 194,6.0 195,4.0 199,4.0 203,2.0 206,2.0 213,10.0 215,4.0 216,6.0 217,2.0 223,10.0 
3,4.0 7,3.0 12,4.0 13,2.0 14,6.0 25,3.0 31,4.0 37,3.0 38,29.0 41,18.0 42,4.0 46,14.0 48,3.0 53,4.0 54,18.0 55,4.0 56,17.0 135,1.0 143,2.0 148,1.0 164,16.0 165,20.0 171,22.0 172,20.0 191,17.0 192,14.0 193,8.0 199,4.0 200,2.0 201,4.0 206,2.0 210,8.0 211,8.0 212,8.0 218,4.0 219,5.0 220,4.0 221,6.0 222,10.0 223,4.0 404,3.0 411,1.0 412,1.0 416,2.0 
0,6.0 1,6.0 3,3.0 7,3.0 13,2.0 14,6.0 19,8.0 20,2.0 28,3.0 29,3.0 31,10.0 44,1.0 48,2.0 66,2.0 67,2.0 84,6.0 119,2.0 138,3.0 172,2.0 179,1.0 190,2.0 194,2.0 195,8.0 196,2.0 197,2.0 198,2.0 203,4.0 205,1.0 213,2.0 214,4.0 224,2.0 227,2.0 234,1.0 237,1.0 268,3.0 271,3.0 274,1.0 290,3.0 293,3.0 295,1.0 296,1.0 328,2.0 369,1.0 373,1.0 388,1.0 403,1.0 404,1.0 412,1.0 449,1.0 450,1.0 
0,5.0 1,8.0 3,2.0 14,6.0 19,10.0 20,1.0 25,2.0 28,3.0 29,3.0 31,13.0 33,2.0 48,2.0 84,6.0 138,3.0 148,2.0 179,1.0 188,2.0 190,4.0 194,8.0 195,2.0 196,2.0 197,4.0 198,4.0 202,2.0 205,1.0 234,1.0 268,3.0 280,1.0 290,3.0 293,3.0 369,1.0 373,1.0 412,1.0 449,1.0 450,1.0 
41,2.0 54,2.0 171,2.0 172,2.0 190,2.0 197,2.0 198,2.0 199,4.0 200,2.0 202,1.0 204,1.0 209,2.0 221,2.0 406,2.0 
38,2.0 41,5.0 42,2.0 54,1.0 55,2.0 171,2.0 188,5.0 190,4.0 192,2.0 196,2.0 198,4.0 199,3.0 200,4.0 202,5.0 204,3.0 413,1.0 
41,2.0 171,2.0 188,2.0 190,4.0 196,2.0 197,4.0 199,2.0 200,4.0 202,2.0 
0,1.0 2,3.0 3,6.0 12,6.0 14,6.0 19,2.0 20,1.0 33,2.0 38,15.0 39,1.0 40,2.0 41,8.0 43,1.0 44,1.0 46,8.0 48,1.0 53,4.0 54,12.0 56,12.0 101,2.0 117,1.0 135,1.0 165,6.0 171,4.0 172,32.0 185,1.0 191,3.0 192,4.0 193,2.0 199,12.0 200,2.0 201,2.0 202,1.0 203,2.0 204,1.0 205,2.0 206,6.0 211,3.0 216,1.0 221,28.0 222,17.0 223,4.0 224,1.0 307,1.0 313,1.0 330,1.0 333,1.0 354,1.0 407,2.0 411,1.0 
0,2.0 38,2.0 41,8.0 165,6.0 171,8.0 193,4.0 194,2.0 199,2.0 201,4.0 203,2.0 
12,2.0 13,2.0 14,2.0 31,2.0 38,2.0 41,6.0 80,4.0 81,4.0 142,4.0 165,6.0 171,6.0 193,4.0 200,2.0 425,4.0 426,4.0 
38,2.0 41,3.0 42,2.0 54,2.0 55,2.0 60,1.0 117,1.0 172,1.0 188,5.0 190,2.0 192,2.0 196,1.0 197,5.0 198,2.0 199,3.0 200,2.0 204,4.0 205,1.0 209,1.0 221,1.0 224,1.0 406,2.0 408,1.0 409,1.0 410,1.0 413,1.0 
0,5.0 2,3.0 3,2.0 7,1.0 13,1.0 14,1.0 19,5.0 20,1.0 26,1.0 29,1.0 31,2.0 33,2.0 44,1.0 48,2.0 66,2.0 103,1.0 117,2.0 172,2.0 194,4.0 199,1.0 205,1.0 214,2.0 224,2.0 227,2.0 298,1.0 306,1.0 316,1.0 319,2.0 335,1.0 417,1.0 
38,2.0 41,3.0 42,2.0 54,2.0 55,2.0 172,1.0 188,3.0 192,2.0 196,1.0 197,3.0 199,3.0 202,4.0 205,1.0 209,1.0 221,1.0 406,1.0 413,1.0 
2,2.0 3,2.0 12,2.0 14,2.0 179,1.0 199,2.0 206,2.0 369,1.0 373,1.0 412,1.0 449,1.0 450,1.0 
2,3.0 3,8.0 12,13.0 13,1.0 14,9.0 15,3.0 16,2.0 20,1.0 31,6.0 38,2.0 48,6.0 51,2.0 62,6.0 66,6.0 86,2.0 92,2.0 93,2.0 110,1.0 135,1.0 165,2.0 172,2.0 188,6.0 192,2.0 207,2.0 208,6.0 209,6.0 213,6.0 224,6.0 225,4.0 226,4.0 361,1.0 
54,2.0 62,2.0 165,2.0 172,2.0 188,2.0 208,2.0 209,2.0 210,2.0 211,2.0 
38,2.0 54,4.0 62,6.0 165,4.0 172,6.0 188,6.0 191,2.0 207,2.0 209,6.0 210,4.0 211,4.0 
38,2.0 54,6.0 62,6.0 165,4.0 172,8.0 188,6.0 191,2.0 196,2.0 199,2.0 202,1.0 204,1.0 207,2.0 208,6.0 210,4.0 211,4.0 221,2.0 406,2.0 
37,2.0 38,10.0 41,4.0 46,10.0 53,4.0 54,12.0 55,2.0 56,6.0 165,12.0 172,8.0 192,4.0 193,8.0 211,4.0 212,4.0 222,6.0 223,4.0 416,2.0 
38,4.0 39,1.0 40,2.0 54,12.0 56,4.0 165,8.0 172,16.0 185,1.0 191,3.0 193,8.0 199,7.0 201,4.0 210,4.0 212,8.0 307,1.0 313,1.0 330,1.0 333,1.0 354,1.0 426,4.0 
3,4.0 12,2.0 14,4.0 31,2.0 40,1.0 54,8.0 55,4.0 56,8.0 135,1.0 165,8.0 172,8.0 193,12.0 201,4.0 206,2.0 211,8.0 235,1.0 394,1.0 426,4.0 
0,4.0 1,6.0 2,7.0 3,10.0 7,2.0 8,1.0 12,8.0 14,2.0 15,2.0 16,2.0 19,1.0 28,6.0 29,1.0 31,6.0 38,2.0 46,2.0 48,6.0 49,2.0 51,2.0 54,4.0 55,4.0 56,6.0 64,1.0 66,6.0 67,2.0 86,2.0 92,2.0 93,2.0 119,2.0 135,6.0 138,2.0 144,2.0 145,7.0 165,4.0 193,4.0 194,2.0 206,6.0 212,4.0 214,2.0 215,4.0 216,4.0 224,6.0 225,4.0 226,4.0 294,1.0 298,6.0 306,5.0 316,5.0 333,5.0 377,1.0 380,1.0 440,5.0 
2,2.0 3,2.0 7,7.0 12,2.0 25,5.0 31,2.0 33,10.0 48,2.0 51,2.0 66,2.0 67,7.0 119,2.0 145,2.0 146,2.0 196,2.0 202,1.0 204,1.0 206,2.0 209,2.0 213,2.0 214,4.0 215,2.0 224,2.0 227,2.0 404,5.0 406,2.0 
0,4.0 2,6.0 3,2.0 12,4.0 38,2.0 46,2.0 53,2.0 54,4.0 55,4.0 56,4.0 140,2.0 144,2.0 145,2.0 146,2.0 165,4.0 193,4.0 212,4.0 213,4.0 216,4.0 
0,4.0 2,4.0 3,4.0 12,4.0 15,4.0 19,5.0 29,1.0 38,4.0 43,1.0 54,4.0 55,4.0 56,4.0 84,4.0 135,1.0 165,4.0 193,8.0 212,4.0 213,4.0 215,4.0 217,4.0 218,4.0 219,4.0 220,4.0 221,4.0 306,1.0 310,1.0 316,1.0 411,1.0 418,1.0 
3,4.0 15,4.0 19,4.0 38,4.0 84,4.0 193,4.0 216,4.0 218,4.0 219,4.0 220,4.0 221,4.0 
37,1.0 38,10.0 41,7.0 46,4.0 185,1.0 187,1.0 191,3.0 193,8.0 210,4.0 219,4.0 220,4.0 221,4.0 222,4.0 273,1.0 274,1.0 275,1.0 277,1.0 284,1.0 286,1.0 308,2.0 328,1.0 330,1.0 333,1.0 357,1.0 358,9.0 359,2.0 363,3.0 364,1.0 365,1.0 
37,4.0 38,11.0 41,4.0 46,4.0 54,1.0 56,2.0 117,1.0 191,2.0 193,9.0 210,4.0 218,4.0 220,4.0 221,8.0 222,4.0 224,1.0 410,1.0 
38,10.0 41,5.0 46,4.0 53,1.0 54,2.0 172,2.0 193,8.0 199,2.0 210,4.0 218,4.0 219,4.0 221,8.0 222,4.0 
2,1.0 7,1.0 19,2.0 20,1.0 25,1.0 33,3.0 37,7.0 38,18.0 41,7.0 43,1.0 44,1.0 46,4.0 48,1.0 53,1.0 54,6.0 56,12.0 73,1.0 74,1.0 77,1.0 101,2.0 117,1.0 135,1.0 154,1.0 164,1.0 165,1.0 169,1.0 172,30.0 191,4.0 193,9.0 199,30.0 203,1.0 210,4.0 214,1.0 216,1.0 218,4.0 219,7.0 220,6.0 221,17.0 222,20.0 224,1.0 407,2.0 411,1.0 
2,1.0 6,4.0 7,2.0 19,2.0 20,1.0 25,1.0 26,1.0 27,1.0 33,2.0 37,1.0 38,16.0 41,9.0 42,2.0 43,1.0 44,1.0 46,12.0 48,4.0 53,6.0 54,11.0 56,9.0 101,2.0 117,3.0 120,1.0 135,1.0 143,2.0 148,3.0 165,4.0 172,12.0 192,4.0 193,6.0 199,12.0 203,1.0 210,4.0 216,1.0 221,12.0 223,4.0 224,2.0 225,1.0 319,3.0 398,1.0 407,2.0 411,1.0 414,1.0 415,2.0 416,4.0 
0,4.0 2,4.0 7,1.0 12,4.0 25,2.0 33,1.0 34,1.0 38,16.0 41,4.0 42,4.0 46,16.0 47,2.0 48,2.0 53,4.0 54,4.0 56,14.0 97,4.0 98,4.0 140,2.0 144,2.0 165,8.0 192,10.0 199,4.0 213,4.0 215,4.0 216,4.0 404,1.0 
0,2.0 2,2.0 3,4.0 6,5.0 12,6.0 14,4.0 25,7.0 31,8.0 33,5.0 41,1.0 48,16.0 51,2.0 60,1.0 66,8.0 86,2.0 92,2.0 93,2.0 101,5.0 114,1.0 117,4.0 148,1.0 206,4.0 213,4.0 214,2.0 219,1.0 224,6.0 225,4.0 226,4.0 227,2.0 321,2.0 382,1.0 406,1.0 407,5.0 408,1.0 410,4.0 414,1.0 415,1.0 
0,2.0 1,2.0 2,2.0 3,4.0 7,2.0 12,2.0 14,4.0 15,2.0 16,2.0 19,2.0 22,2.0 26,10.0 27,10.0 31,4.0 39,2.0 48,14.0 54,2.0 56,2.0 66,6.0 67,2.0 120,10.0 124,2.0 132,1.0 165,2.0 224,4.0 225,4.0 226,4.0 319,10.0 376,2.0 378,2.0 
0,2.0 2,2.0 3,4.0 12,2.0 14,4.0 31,4.0 48,4.0 66,4.0 224,4.0 225,4.0 
12,2.0 31,2.0 48,2.0 51,2.0 66,2.0 206,2.0 213,2.0 214,2.0 224,2.0 
1,2.0 3,2.0 7,2.0 21,2.0 43,2.0 44,2.0 92,2.0 93,2.0 
23,1.0 43,1.0 50,1.0 76,2.0 77,2.0 82,1.0 133,1.0 230,2.0 233,1.0 281,1.0 
76,2.0 77,2.0 133,1.0 229,2.0 280,2.0 299,1.0 306,1.0 308,1.0 314,1.0 316,1.0 327,1.0 340,1.0 
17,3.0 18,1.0 23,1.0 46,1.0 112,1.0 138,1.0 144,1.0 147,1.0 171,1.0 172,1.0 232,1.0 237,1.0 238,1.0 239,1.0 271,1.0 358,1.0 379,1.0 432,1.0 433,1.0 
17,1.0 18,3.0 23,1.0 112,1.0 231,1.0 261,2.0 262,2.0 
0,4.0 1,3.0 8,1.0 13,1.0 15,2.0 20,1.0 22,1.0 23,2.0 43,1.0 45,1.0 50,1.0 64,1.0 82,2.0 110,37.0 112,2.0 116,1.0 118,1.0 133,2.0 135,1.0 138,1.0 141,1.0 146,1.0 206,1.0 229,1.0 234,1.0 272,1.0 275,1.0 276,1.0 279,1.0 280,1.0 281,1.0 
0,2.0 19,3.0 20,3.0 21,2.0 35,3.0 43,2.0 44,3.0 48,1.0 78,2.0 79,2.0 108,1.0 110,1.0 135,3.0 138,7.0 147,1.0 148,1.0 235,4.0 237,4.0 240,1.0 241,1.0 242,2.0 243,2.0 244,1.0 245,1.0 256,1.0 265,1.0 266,1.0 376,1.0 378,1.0 
19,2.0 21,1.0 23,1.0 35,2.0 40,1.0 43,2.0 44,1.0 47,1.0 48,1.0 50,1.0 78,2.0 79,2.0 82,1.0 108,1.0 135,4.0 138,4.0 148,1.0 234,4.0 237,2.0 242,1.0 243,1.0 244,1.0 245,1.0 256,1.0 395,1.0 
2,4.0 14,2.0 19,2.0 31,2.0 108,2.0 138,4.0 145,4.0 195,2.0 254,2.0 255,2.0 256,2.0 257,2.0 258,2.0 
19,1.0 20,1.0 21,1.0 35,1.0 43,1.0 44,1.0 78,1.0 79,1.0 108,1.0 138,4.0 147,2.0 234,4.0 235,2.0 238,1.0 239,1.0 240,2.0 241,2.0 242,2.0 243,2.0 256,1.0 265,2.0 266,2.0 271,1.0 
138,1.0 147,1.0 237,1.0 239,4.0 240,4.0 241,4.0 265,1.0 266,1.0 271,1.0 
138,1.0 147,1.0 237,1.0 238,4.0 240,4.0 241,4.0 265,1.0 266,1.0 271,1.0 
49,1.0 53,1.0 76,1.0 138,2.0 147,1.0 234,2.0 235,1.0 237,2.0 241,5.0 242,5.0 243,5.0 265,2.0 266,2.0 396,1.0 397,1.0 
138,2.0 147,1.0 234,2.0 235,1.0 237,2.0 240,5.0 242,5.0 243,5.0 265,2.0 266,2.0 
78,4.0 79,4.0 108,1.0 138,2.0 147,1.0 234,2.0 235,1.0 237,2.0 240,1.0 241,1.0 243,5.0 256,1.0 265,1.0 266,1.0 
78,4.0 79,4.0 108,1.0 138,2.0 147,1.0 234,2.0 235,1.0 237,2.0 240,1.0 241,1.0 242,5.0 256,1.0 265,1.0 266,1.0 
48,1.0 78,1.0 79,1.0 135,1.0 138,1.0 148,1.0 234,1.0 235,1.0 245,1.0 
48,1.0 78,1.0 79,1.0 135,1.0 138,1.0 148,1.0 234,1.0 235,1.0 244,1.0 
247,4.0 248,4.0 249,4.0 
246,4.0 248,4.0 249,4.0 
249,4.0 250,4.0 251,4.0 
248,4.0 250,4.0 251,4.0 
52,4.0 153,4.0 251,4.0 
52,4.0 153,4.0 250,4.0 
64,2.0 74,4.0 77,4.0 145,2.0 147,2.0 253,4.0 265,2.0 266,2.0 267,2.0 
64,2.0 74,4.0 77,4.0 145,2.0 147,2.0 252,4.0 265,2.0 266,2.0 267,2.0 
2,2.0 81,2.0 108,2.0 138,2.0 142,2.0 145,2.0 236,2.0 255,4.0 256,2.0 257,2.0 258,2.0 
2,2.0 81,2.0 108,2.0 138,2.0 142,2.0 145,2.0 236,2.0 254,4.0 256,2.0 257,2.0 258,2.0 
78,1.0 79,1.0 108,3.0 246,1.0 247,1.0 257,2.0 258,2.0 259,2.0 260,2.0 281,4.0 
46,1.0 53,1.0 54,1.0 108,2.0 144,1.0 256,2.0 258,2.0 259,2.0 260,2.0 429,2.0 430,2.0 431,2.0 
108,2.0 256,2.0 257,2.0 259,2.0 260,2.0 
18,2.0 29,1.0 232,2.0 260,4.0 268,1.0 272,1.0 273,1.0 274,1.0 275,1.0 
18,2.0 29,1.0 232,2.0 259,4.0 268,1.0 272,1.0 273,1.0 274,1.0 275,1.0 
262,2.0 263,2.0 264,2.0 
261,2.0 263,2.0 264,2.0 
28,2.0 89,1.0 99,1.0 100,1.0 104,1.0 105,1.0 106,1.0 129,1.0 238,2.0 239,2.0 264,2.0 322,2.0 329,2.0 389,1.0 
238,2.0 239,2.0 263,2.0 
74,2.0 77,2.0 240,2.0 241,2.0 242,2.0 243,2.0 254,2.0 255,2.0 266,4.0 275,3.0 
1,2.0 8,14.0 13,1.0 15,2.0 16,1.0 20,1.0 43,1.0 44,2.0 50,1.0 74,2.0 77,2.0 94,1.0 109,2.0 110,2.0 118,1.0 131,1.0 162,1.0 175,1.0 179,1.0 183,1.0 185,1.0 240,2.0 241,2.0 242,2.0 243,2.0 254,2.0 255,2.0 265,4.0 275,1.0 295,1.0 305,1.0 308,1.0 309,1.0 311,2.0 312,3.0 313,1.0 314,1.0 315,1.0 316,1.0 328,1.0 333,1.0 334,1.0 337,2.0 346,1.0 347,1.0 350,1.0 351,1.0 352,1.0 353,1.0 
64,2.0 74,2.0 77,2.0 145,2.0 147,2.0 252,2.0 253,2.0 265,2.0 266,2.0 
1,3.0 3,3.0 11,1.0 15,1.0 28,4.0 29,7.0 30,1.0 91,1.0 95,1.0 97,1.0 121,1.0 135,3.0 145,3.0 173,1.0 213,3.0 269,1.0 270,1.0 272,1.0 273,1.0 279,1.0 284,1.0 285,1.0 286,1.0 287,1.0 288,1.0 289,1.0 290,3.0 292,1.0 293,3.0 338,1.0 385,1.0 440,3.0 
17,1.0 231,1.0 270,1.0 
17,1.0 231,1.0 269,1.0 
0,2.0 1,2.0 3,1.0 14,1.0 138,4.0 147,1.0 194,3.0 234,1.0 237,2.0 238,1.0 239,1.0 240,1.0 241,1.0 265,1.0 266,1.0 271,1.0 
8,7.0 28,1.0 29,1.0 45,2.0 89,1.0 104,1.0 105,1.0 106,1.0 110,2.0 115,3.0 116,6.0 118,8.0 121,1.0 128,1.0 129,1.0 130,3.0 133,2.0 233,1.0 268,1.0 273,5.0 274,4.0 275,6.0 276,10.0 277,2.0 278,5.0 279,15.0 280,9.0 281,1.0 282,3.0 284,3.0 285,3.0 286,3.0 287,3.0 288,3.0 289,1.0 290,1.0 291,1.0 292,1.0 293,1.0 294,4.0 295,3.0 296,3.0 297,1.0 298,1.0 299,3.0 300,1.0 301,1.0 302,1.0 303,1.0 
29,1.0 41,2.0 105,1.0 106,1.0 121,1.0 128,1.0 129,1.0 218,2.0 268,1.0 272,5.0 274,2.0 275,2.0 276,2.0 277,3.0 278,2.0 279,5.0 284,3.0 285,3.0 286,3.0 287,3.0 288,3.0 289,1.0 290,1.0 291,1.0 292,1.0 293,1.0 357,1.0 358,2.0 
37,1.0 118,2.0 187,1.0 218,1.0 272,4.0 273,2.0 275,4.0 276,4.0 277,2.0 278,5.0 279,4.0 280,3.0 358,1.0 363,1.0 364,1.0 365,1.0 
1,2.0 8,4.0 15,1.0 20,1.0 44,2.0 45,2.0 110,2.0 116,2.0 118,4.0 133,2.0 183,1.0 233,1.0 266,3.0 272,6.0 273,2.0 274,4.0 276,6.0 277,2.0 278,6.0 279,6.0 280,4.0 281,1.0 295,2.0 308,2.0 354,2.0 
8,4.0 16,1.0 19,1.0 29,1.0 32,2.0 35,3.0 43,1.0 65,1.0 84,2.0 88,2.0 114,1.0 116,18.0 118,19.0 268,1.0 272,8.0 273,2.0 274,3.0 275,3.0 276,6.0 277,2.0 278,4.0 279,17.0 280,6.0 282,11.0 283,1.0 284,1.0 285,1.0 294,2.0 299,2.0 300,1.0 301,1.0 302,1.0 309,1.0 317,1.0 318,1.0 319,1.0 
41,1.0 218,1.0 272,2.0 274,2.0 275,2.0 276,2.0 278,2.0 279,2.0 280,2.0 284,1.0 358,1.0 
1,2.0 9,2.0 15,1.0 19,1.0 20,1.0 32,2.0 35,2.0 44,2.0 84,2.0 115,2.0 118,4.0 272,3.0 273,1.0 274,2.0 275,4.0 276,4.0 277,2.0 279,4.0 280,2.0 283,1.0 302,3.0 306,1.0 307,1.0 308,1.0 309,1.0 338,2.0 356,1.0 
8,4.0 19,1.0 28,1.0 32,2.0 35,2.0 50,1.0 65,1.0 84,2.0 89,1.0 104,1.0 105,1.0 106,1.0 115,7.0 116,20.0 118,19.0 121,1.0 128,5.0 129,5.0 130,7.0 272,11.0 273,2.0 274,2.0 275,2.0 276,19.0 277,2.0 278,4.0 279,8.0 280,6.0 282,9.0 283,1.0 284,2.0 285,2.0 286,7.0 287,7.0 288,7.0 289,1.0 290,1.0 291,1.0 292,1.0 293,1.0 294,4.0 295,3.0 296,3.0 297,1.0 298,1.0 299,3.0 301,2.0 304,1.0 306,1.0 308,1.0 
8,10.0 13,2.0 20,2.0 25,1.0 33,1.0 44,1.0 45,2.0 88,1.0 110,2.0 116,6.0 118,9.0 133,2.0 183,1.0 194,2.0 233,1.0 266,1.0 272,9.0 274,3.0 275,4.0 276,9.0 278,3.0 279,7.0 281,1.0 282,4.0 294,6.0 299,4.0 300,1.0 301,2.0 302,3.0 303,3.0 306,2.0 308,3.0 309,1.0 313,1.0 314,2.0 316,3.0 317,1.0 323,2.0 324,1.0 328,6.0 329,2.0 333,2.0 334,2.0 335,1.0 336,1.0 338,1.0 339,1.0 341,1.0 344,1.0 345,1.0 
0,2.0 1,2.0 3,1.0 8,1.0 15,1.0 19,2.0 23,1.0 43,1.0 45,4.0 50,1.0 82,1.0 84,1.0 108,1.0 110,2.0 116,1.0 118,1.0 133,2.0 172,1.0 184,1.0 229,1.0 233,1.0 272,1.0 275,1.0 276,1.0 279,1.0 280,1.0 325,1.0 337,1.0 358,2.0 377,1.0 439,2.0 
8,4.0 9,1.0 29,1.0 89,1.0 90,6.0 91,1.0 116,9.0 118,13.0 122,1.0 128,1.0 129,1.0 268,1.0 272,5.0 273,2.0 274,1.0 275,1.0 276,9.0 279,7.0 280,3.0 282,4.0 284,1.0 285,1.0 294,3.0 298,3.0 299,3.0 301,2.0 303,6.0 304,2.0 306,1.0 332,1.0 338,1.0 344,1.0 387,1.0 
8,1.0 32,1.0 35,1.0 45,1.0 84,1.0 110,1.0 133,1.0 233,1.0 272,1.0 275,1.0 280,1.0 
29,1.0 105,1.0 106,1.0 121,1.0 128,1.0 129,1.0 186,1.0 187,2.0 268,1.0 272,3.0 273,3.0 279,3.0 285,3.0 286,3.0 287,3.0 288,3.0 289,1.0 290,1.0 291,1.0 292,1.0 293,1.0 360,1.0 
29,1.0 105,1.0 106,1.0 121,1.0 128,1.0 129,1.0 265,1.0 268,1.0 272,3.0 273,3.0 279,3.0 284,3.0 286,3.0 287,3.0 288,3.0 289,1.0 290,1.0 291,1.0 292,1.0 293,1.0 360,1.0 
28,1.0 41,1.0 105,1.0 106,1.0 121,1.0 128,5.0 129,5.0 218,1.0 272,3.0 273,3.0 279,7.0 284,2.0 285,2.0 286,2.0 287,7.0 288,7.0 289,1.0 290,1.0 291,1.0 292,1.0 293,1.0 294,1.0 295,1.0 296,1.0 358,1.0 
28,1.0 105,1.0 106,1.0 121,1.0 128,5.0 129,5.0 272,3.0 273,2.0 279,7.0 284,2.0 285,2.0 286,7.0 287,2.0 288,7.0 289,1.0 290,1.0 291,1.0 292,1.0 293,1.0 294,1.0 295,1.0 296,1.0 
28,1.0 105,1.0 106,1.0 121,1.0 128,5.0 129,5.0 272,3.0 273,2.0 279,7.0 284,2.0 285,2.0 286,7.0 287,7.0 288,2.0 289,1.0 290,1.0 291,1.0 292,1.0 293,1.0 294,1.0 295,1.0 296,1.0 
121,1.0 272,1.0 273,1.0 279,1.0 284,1.0 285,1.0 286,1.0 287,1.0 288,1.0 290,1.0 291,1.0 
1,3.0 3,3.0 28,3.0 29,3.0 105,1.0 106,1.0 131,1.0 132,1.0 135,3.0 145,3.0 213,3.0 268,3.0 272,1.0 273,1.0 279,1.0 284,1.0 285,1.0 286,1.0 287,1.0 288,1.0 291,1.0 292,1.0 293,3.0 324,1.0 328,1.0 440,3.0 
105,1.0 106,1.0 272,1.0 273,1.0 279,1.0 284,1.0 285,1.0 286,1.0 287,1.0 288,1.0 290,1.0 
0,1.0 3,1.0 9,3.0 12,1.0 28,2.0 29,1.0 31,1.0 90,2.0 91,3.0 95,2.0 96,2.0 97,2.0 106,1.0 128,1.0 129,3.0 131,1.0 132,1.0 162,1.0 185,1.0 268,1.0 272,1.0 273,1.0 279,1.0 284,1.0 285,1.0 286,1.0 287,1.0 288,1.0 290,1.0 293,4.0 298,2.0 324,2.0 328,2.0 332,4.0 338,3.0 339,2.0 348,4.0 349,2.0 385,2.0 386,2.0 419,1.0 420,1.0 421,1.0 422,1.0 423,1.0 424,1.0 
1,3.0 3,4.0 9,4.0 14,1.0 28,3.0 29,3.0 90,2.0 91,1.0 96,1.0 128,1.0 129,3.0 135,3.0 145,3.0 213,3.0 268,3.0 272,1.0 273,1.0 279,1.0 284,1.0 285,1.0 286,1.0 287,1.0 288,1.0 290,3.0 292,4.0 294,1.0 332,3.0 348,3.0 349,2.0 386,1.0 440,3.0 
3,1.0 8,6.0 9,3.0 14,1.0 20,1.0 25,1.0 28,2.0 29,1.0 33,1.0 43,1.0 44,1.0 82,1.0 90,2.0 91,1.0 94,1.0 104,1.0 108,1.0 115,1.0 116,4.0 118,4.0 130,1.0 146,1.0 183,1.0 272,4.0 276,3.0 279,4.0 280,6.0 282,5.0 293,1.0 295,1.0 296,1.0 298,3.0 299,3.0 301,1.0 302,2.0 303,3.0 309,1.0 313,1.0 338,2.0 389,1.0 390,1.0 
8,4.0 28,1.0 89,1.0 94,2.0 104,1.0 108,1.0 115,5.0 116,1.0 118,2.0 130,3.0 158,2.0 162,1.0 183,4.0 187,1.0 266,2.0 272,3.0 275,2.0 279,3.0 290,1.0 292,2.0 294,1.0 296,4.0 297,1.0 298,3.0 299,1.0 302,2.0 308,3.0 311,1.0 314,3.0 324,2.0 328,1.0 332,1.0 
28,1.0 89,1.0 104,1.0 115,3.0 116,1.0 130,3.0 266,1.0 272,3.0 279,3.0 290,1.0 292,1.0 294,1.0 295,4.0 297,1.0 298,1.0 299,1.0 324,1.0 328,1.0 368,1.0 
89,1.0 115,1.0 130,1.0 272,1.0 279,1.0 295,1.0 296,1.0 
0,1.0 1,3.0 3,4.0 8,5.0 9,2.0 12,1.0 19,3.0 20,1.0 28,6.0 29,2.0 31,3.0 43,1.0 44,1.0 82,1.0 84,2.0 90,3.0 91,1.0 93,1.0 94,3.0 115,3.0 116,1.0 118,2.0 122,1.0 128,1.0 129,2.0 130,1.0 131,2.0 132,2.0 135,3.0 145,2.0 146,1.0 194,2.0 195,2.0 213,3.0 272,1.0 279,1.0 282,2.0 292,2.0 294,3.0 295,3.0 296,1.0 302,2.0 303,1.0 304,2.0 305,2.0 306,6.0 314,2.0 316,6.0 332,2.0 333,5.0 335,1.0 338,2.0 344,2.0 348,1.0 349,1.0 387,2.0 389,1.0 390,1.0 419,1.0 420,1.0 421,1.0 422,1.0 423,1.0 424,1.0 440,2.0 441,1.0 442,1.0 
3,1.0 8,3.0 9,3.0 15,1.0 28,3.0 29,3.0 31,1.0 89,1.0 90,3.0 94,2.0 99,1.0 100,1.0 109,1.0 112,1.0 116,3.0 118,4.0 120,1.0 126,1.0 132,1.0 266,1.0 272,3.0 276,3.0 279,3.0 280,4.0 282,4.0 290,1.0 292,1.0 294,3.0 295,1.0 296,1.0 304,4.0 305,1.0 306,3.0 322,2.0 323,3.0 324,3.0 329,2.0 389,3.0 390,2.0 
8,1.0 272,1.0 276,1.0 280,1.0 301,1.0 
8,2.0 50,1.0 65,1.0 89,1.0 118,4.0 127,1.0 272,1.0 276,1.0 279,2.0 280,2.0 282,2.0 298,1.0 300,1.0 303,3.0 304,2.0 306,1.0 308,2.0 316,1.0 
8,1.0 9,2.0 35,1.0 43,1.0 44,1.0 48,1.0 65,1.0 88,1.0 94,6.0 115,10.0 116,1.0 118,12.0 276,1.0 278,5.0 280,1.0 294,1.0 302,4.0 303,2.0 306,1.0 307,1.0 308,1.0 309,2.0 320,1.0 321,1.0 338,2.0 346,4.0 347,4.0 
8,2.0 9,1.0 35,1.0 44,1.0 89,2.0 90,2.0 91,1.0 94,5.0 118,6.0 130,3.0 280,2.0 282,4.0 294,3.0 298,2.0 299,1.0 301,2.0 302,2.0 303,3.0 304,2.0 306,2.0 307,1.0 308,1.0 313,1.0 338,1.0 
3,1.0 8,3.0 15,1.0 31,1.0 67,1.0 90,1.0 92,1.0 93,1.0 94,2.0 109,1.0 112,1.0 118,3.0 120,1.0 125,1.0 126,2.0 130,1.0 131,2.0 132,2.0 266,1.0 279,1.0 282,1.0 298,2.0 299,4.0 301,1.0 303,1.0 305,3.0 306,4.0 308,2.0 309,1.0 314,1.0 322,2.0 323,2.0 324,1.0 329,1.0 
16,1.0 50,1.0 109,1.0 131,2.0 132,2.0 266,1.0 282,1.0 299,1.0 301,1.0 303,1.0 304,1.0 306,1.0 
1,3.0 2,1.0 3,4.0 8,2.0 14,1.0 19,4.0 28,5.0 29,2.0 31,2.0 84,2.0 94,1.0 101,1.0 109,1.0 118,3.0 125,1.0 126,1.0 135,3.0 145,2.0 194,2.0 195,2.0 203,1.0 213,3.0 266,5.0 278,1.0 279,2.0 280,2.0 298,6.0 299,3.0 301,2.0 302,1.0 304,4.0 305,1.0 307,2.0 308,5.0 309,2.0 310,3.0 311,2.0 312,2.0 314,1.0 316,8.0 323,2.0 324,2.0 329,1.0 333,5.0 335,1.0 344,1.0 345,1.0 418,1.0 440,2.0 441,1.0 442,1.0 
40,2.0 118,1.0 183,1.0 185,3.0 191,2.0 199,2.0 211,2.0 278,1.0 279,1.0 301,1.0 302,1.0 306,2.0 308,2.0 309,1.0 330,1.0 362,1.0 
8,2.0 88,1.0 94,1.0 118,3.0 125,1.0 126,1.0 185,1.0 191,1.0 218,1.0 266,2.0 275,2.0 276,1.0 278,1.0 279,2.0 280,3.0 292,1.0 295,3.0 301,2.0 302,1.0 304,2.0 306,5.0 307,2.0 309,2.0 314,3.0 316,3.0 317,1.0 323,1.0 324,1.0 328,2.0 330,1.0 332,1.0 341,1.0 344,1.0 345,1.0 358,1.0 
8,1.0 16,1.0 35,1.0 48,1.0 94,2.0 116,2.0 118,3.0 127,1.0 276,1.0 278,1.0 301,1.0 302,2.0 306,2.0 307,1.0 308,1.0 310,1.0 320,1.0 321,1.0 
2,1.0 3,1.0 8,2.0 14,1.0 19,1.0 29,1.0 101,1.0 203,1.0 266,2.0 306,3.0 311,2.0 312,2.0 316,1.0 418,1.0 
8,1.0 94,1.0 118,1.0 177,1.0 179,1.0 266,2.0 309,1.0 312,2.0 313,2.0 314,1.0 352,1.0 353,1.0 
8,1.0 94,1.0 109,1.0 110,1.0 118,1.0 131,1.0 158,2.0 183,2.0 184,1.0 230,1.0 266,3.0 309,1.0 311,2.0 313,1.0 314,1.0 327,1.0 328,2.0 330,3.0 331,1.0 337,1.0 340,1.0 342,1.0 343,1.0 
8,1.0 116,1.0 131,1.0 265,1.0 266,1.0 280,1.0 294,1.0 302,1.0 309,1.0 311,1.0 314,1.0 315,1.0 
8,4.0 67,1.0 92,1.0 94,3.0 115,2.0 118,2.0 130,1.0 131,1.0 266,1.0 280,2.0 292,1.0 295,3.0 298,2.0 302,2.0 303,1.0 304,1.0 306,1.0 308,3.0 313,1.0 315,1.0 316,2.0 323,1.0 324,1.0 332,1.0 341,1.0 344,1.0 345,1.0 
1,1.0 43,1.0 131,1.0 266,1.0 
1,3.0 2,1.0 3,4.0 14,1.0 19,4.0 28,5.0 29,2.0 31,2.0 84,2.0 88,1.0 135,3.0 145,2.0 158,2.0 194,2.0 195,2.0 203,1.0 213,3.0 266,1.0 276,1.0 280,3.0 298,6.0 306,8.0 308,3.0 310,1.0 314,2.0 317,1.0 323,1.0 328,1.0 333,5.0 335,1.0 341,1.0 344,1.0 345,1.0 418,1.0 440,2.0 441,1.0 442,1.0 
88,1.0 114,1.0 276,1.0 318,1.0 319,1.0 
88,1.0 114,1.0 276,1.0 302,1.0 319,1.0 
2,1.0 3,1.0 6,10.0 7,12.0 13,1.0 19,1.0 26,11.0 27,10.0 33,4.0 34,1.0 38,2.0 39,2.0 42,2.0 46,2.0 48,11.0 54,2.0 56,4.0 67,1.0 88,1.0 103,1.0 114,1.0 117,12.0 120,10.0 144,2.0 148,11.0 165,2.0 203,1.0 214,1.0 223,2.0 225,10.0 276,1.0 302,1.0 318,1.0 319,8.0 376,2.0 378,2.0 403,1.0 404,1.0 405,1.0 415,10.0 417,1.0 
48,1.0 116,1.0 276,1.0 309,1.0 321,1.0 
25,1.0 48,3.0 114,1.0 116,1.0 148,1.0 224,1.0 276,1.0 309,1.0 320,1.0 414,1.0 415,1.0 
3,1.0 15,1.0 28,2.0 31,1.0 89,1.0 90,1.0 99,1.0 100,1.0 104,1.0 105,1.0 106,1.0 112,1.0 118,1.0 120,1.0 126,1.0 129,1.0 263,2.0 282,1.0 299,2.0 304,2.0 323,1.0 329,3.0 389,1.0 
3,1.0 15,1.0 28,1.0 31,1.0 100,1.0 104,1.0 105,1.0 106,1.0 112,1.0 131,1.0 132,1.0 158,1.0 183,2.0 299,1.0 304,1.0 312,2.0 322,1.0 324,2.0 325,1.0 328,1.0 329,3.0 330,2.0 341,2.0 
131,1.0 132,2.0 162,1.0 183,2.0 185,1.0 290,1.0 292,2.0 312,1.0 323,2.0 325,1.0 328,2.0 329,1.0 330,1.0 332,1.0 
132,1.0 183,1.0 184,1.0 296,1.0 326,13.0 327,1.0 
46,1.0 109,1.0 144,1.0 184,1.0 295,1.0 296,1.0 299,1.0 327,1.0 368,2.0 427,8.0 
133,1.0 184,2.0 230,1.0 280,1.0 295,2.0 296,1.0 299,2.0 306,1.0 308,1.0 314,1.0 326,1.0 331,1.0 
13,2.0 20,2.0 44,1.0 110,1.0 131,2.0 132,1.0 133,2.0 158,2.0 159,1.0 160,1.0 162,2.0 174,1.0 175,1.0 185,2.0 191,1.0 194,2.0 195,1.0 218,1.0 230,2.0 266,1.0 280,7.0 295,2.0 296,1.0 307,1.0 308,1.0 312,2.0 327,1.0 330,2.0 337,1.0 340,1.0 342,1.0 343,1.0 351,1.0 353,1.0 358,1.0 370,1.0 371,2.0 
3,1.0 15,1.0 28,3.0 31,1.0 89,1.0 99,1.0 100,2.0 104,2.0 105,2.0 106,2.0 112,1.0 129,1.0 162,1.0 183,1.0 185,1.0 263,2.0 266,1.0 299,1.0 304,1.0 312,1.0 322,3.0 323,3.0 324,1.0 328,1.0 330,1.0 335,1.0 336,1.0 341,1.0 389,1.0 
40,1.0 131,1.0 158,2.0 183,1.0 184,1.0 191,2.0 199,1.0 211,1.0 218,1.0 230,1.0 308,2.0 312,3.0 313,1.0 327,1.0 328,2.0 331,1.0 340,1.0 342,1.0 343,1.0 358,1.0 367,1.0 
184,1.0 295,1.0 308,1.0 314,1.0 327,1.0 
9,3.0 90,3.0 91,1.0 96,1.0 122,1.0 128,1.0 129,4.0 162,1.0 185,1.0 282,1.0 292,4.0 293,3.0 298,2.0 324,1.0 328,1.0 344,2.0 348,4.0 349,3.0 386,1.0 387,2.0 
1,2.0 3,2.0 8,1.0 19,2.0 28,5.0 31,2.0 39,1.0 84,2.0 135,2.0 145,2.0 191,3.0 194,2.0 195,2.0 199,1.0 211,1.0 213,2.0 218,2.0 280,2.0 298,5.0 306,5.0 316,5.0 328,1.0 329,1.0 330,2.0 334,2.0 335,1.0 336,1.0 338,1.0 339,1.0 354,1.0 358,2.0 366,1.0 440,2.0 441,1.0 442,1.0 
8,1.0 162,1.0 183,1.0 266,1.0 280,2.0 329,1.0 333,2.0 335,1.0 336,1.0 338,1.0 339,1.0 
1,1.0 3,1.0 19,1.0 29,1.0 135,1.0 162,1.0 185,1.0 213,1.0 266,1.0 298,1.0 306,1.0 316,1.0 328,1.0 329,1.0 336,1.0 
162,1.0 185,1.0 266,1.0 328,1.0 329,1.0 335,1.0 
0,1.0 1,1.0 8,2.0 110,3.0 184,1.0 280,1.0 281,1.0 295,1.0 298,1.0 314,1.0 333,1.0 334,1.0 
9,4.0 28,2.0 29,1.0 47,2.0 90,2.0 91,3.0 94,1.0 95,2.0 96,1.0 97,4.0 98,2.0 106,1.0 140,2.0 158,1.0 223,2.0 268,1.0 282,1.0 292,3.0 294,2.0 298,2.0 303,1.0 312,1.0 328,1.0 330,1.0 339,3.0 348,1.0 385,2.0 386,1.0 389,1.0 390,1.0 
28,2.0 91,1.0 95,1.0 96,1.0 97,1.0 106,1.0 158,1.0 292,2.0 312,1.0 328,1.0 330,1.0 338,3.0 348,1.0 385,1.0 386,1.0 
230,1.0 280,1.0 308,1.0 314,1.0 316,1.0 
28,1.0 100,1.0 104,1.0 105,1.0 106,1.0 131,1.0 158,1.0 312,1.0 323,2.0 328,1.0 329,1.0 330,1.0 
280,1.0 306,1.0 308,1.0 314,1.0 316,1.0 343,1.0 
280,1.0 306,1.0 308,1.0 314,1.0 316,1.0 342,1.0 
90,1.0 109,1.0 122,1.0 128,1.0 129,2.0 183,1.0 266,1.0 282,1.0 298,2.0 312,1.0 332,2.0 345,1.0 348,1.0 349,1.0 387,2.0 
109,1.0 183,1.0 266,1.0 312,1.0 344,1.0 
8,1.0 94,2.0 115,4.0 118,4.0 266,1.0 278,2.0 302,4.0 347,3.0 
8,1.0 94,2.0 115,4.0 118,4.0 266,1.0 278,2.0 302,4.0 346,3.0 
8,2.0 9,3.0 28,1.0 90,3.0 91,2.0 96,2.0 129,3.0 275,1.0 292,4.0 293,3.0 295,2.0 298,2.0 308,1.0 314,1.0 332,4.0 338,1.0 339,1.0 344,1.0 349,5.0 386,2.0 387,1.0 
8,2.0 9,2.0 90,3.0 129,3.0 275,1.0 292,2.0 293,2.0 295,2.0 298,2.0 308,1.0 314,1.0 332,3.0 344,1.0 348,5.0 387,1.0 
8,1.0 16,1.0 175,2.0 274,1.0 280,1.0 295,1.0 333,1.0 351,1.0 353,1.0 355,2.0 369,1.0 
8,1.0 15,1.0 175,1.0 284,1.0 295,1.0 350,1.0 353,1.0 370,1.0 371,1.0 372,1.0 
8,1.0 174,1.0 176,1.0 177,2.0 179,2.0 296,1.0 353,2.0 367,1.0 
8,1.0 177,1.0 179,2.0 295,1.0 296,1.0 333,1.0 350,1.0 351,1.0 352,2.0 369,1.0 370,1.0 371,1.0 
39,1.0 191,1.0 199,1.0 211,1.0 307,4.0 
16,1.0 175,1.0 274,1.0 280,1.0 295,2.0 350,2.0 373,1.0 374,1.0 
186,1.0 278,1.0 
41,1.0 218,1.0 358,1.0 359,1.0 
0,3.0 1,2.0 15,2.0 37,1.0 38,2.0 41,3.0 138,1.0 146,1.0 185,1.0 187,1.0 191,3.0 218,9.0 273,1.0 274,1.0 275,1.0 277,1.0 284,1.0 286,1.0 308,2.0 328,1.0 330,1.0 333,1.0 357,1.0 359,2.0 363,3.0 364,1.0 365,1.0 379,1.0 
38,2.0 41,1.0 187,1.0 218,3.0 286,1.0 358,3.0 363,2.0 364,2.0 
23,2.0 44,2.0 82,2.0 285,1.0 307,1.0 361,2.0 
23,2.0 44,2.0 82,2.0 265,1.0 360,2.0 
359,1.0 
37,1.0 38,2.0 187,1.0 218,3.0 274,1.0 275,1.0 358,3.0 359,1.0 364,1.0 365,1.0 
38,1.0 194,1.0 218,1.0 274,2.0 358,1.0 363,1.0 
37,1.0 218,1.0 358,1.0 359,1.0 363,1.0 
174,1.0 176,1.0 177,1.0 352,1.0 
328,2.0 
285,1.0 427,2.0 
176,2.0 179,1.0 205,1.0 333,1.0 350,1.0 353,1.0 371,2.0 373,1.0 412,1.0 434,2.0 435,2.0 436,2.0 449,1.0 450,1.0 
175,1.0 295,2.0 351,1.0 353,1.0 371,2.0 
2,1.0 14,1.0 135,1.0 174,1.0 175,3.0 176,2.0 179,1.0 206,1.0 295,3.0 351,1.0 353,1.0 370,2.0 436,2.0 437,2.0 438,2.0 
15,1.0 284,1.0 351,1.0 
179,1.0 205,1.0 295,1.0 355,1.0 369,1.0 374,1.0 412,1.0 449,1.0 450,1.0 
295,1.0 355,1.0 373,1.0 
0,1.0 
37,2.0 39,2.0 53,2.0 54,4.0 55,2.0 56,4.0 165,2.0 171,1.0 172,2.0 210,2.0 231,1.0 281,1.0 378,3.0 
0,1.0 1,1.0 41,1.0 82,1.0 154,1.0 221,1.0 380,1.0 
37,2.0 39,2.0 53,2.0 54,4.0 55,2.0 56,4.0 165,2.0 171,1.0 172,1.0 210,2.0 231,1.0 376,3.0 
0,1.0 138,1.0 146,1.0 358,1.0 
41,1.0 154,1.0 221,1.0 377,1.0 
57,1.0 58,1.0 62,2.0 63,2.0 382,1.0 383,2.0 
37,1.0 57,1.0 58,2.0 60,2.0 62,3.0 63,4.0 70,2.0 193,1.0 219,1.0 221,1.0 381,1.0 383,2.0 384,2.0 406,1.0 408,1.0 
22,1.0 57,2.0 58,2.0 62,3.0 63,3.0 64,1.0 381,1.0 382,1.0 383,1.0 
22,1.0 50,1.0 58,2.0 60,1.0 62,2.0 63,3.0 70,3.0 382,1.0 384,1.0 
28,1.0 91,1.0 95,2.0 97,2.0 106,1.0 110,1.0 184,1.0 281,1.0 292,1.0 337,1.0 338,1.0 339,1.0 
9,1.0 28,1.0 91,2.0 96,2.0 292,2.0 293,1.0 332,1.0 338,1.0 339,1.0 348,2.0 
90,1.0 122,1.0 128,1.0 129,2.0 282,1.0 298,2.0 332,2.0 344,2.0 348,1.0 349,1.0 
2,2.0 4,1.0 7,1.0 27,1.0 28,1.0 87,2.0 113,1.0 114,1.0 148,1.0 323,1.0 329,1.0 341,1.0 400,1.0 401,2.0 402,1.0 403,1.0 404,1.0 
9,4.0 28,4.0 29,3.0 89,2.0 90,3.0 94,3.0 99,2.0 100,2.0 263,1.0 294,1.0 298,1.0 299,3.0 322,1.0 329,1.0 338,1.0 390,3.0 
9,3.0 28,2.0 29,2.0 90,3.0 94,3.0 294,1.0 298,1.0 299,2.0 338,1.0 389,3.0 
37,1.0 40,1.0 78,3.0 79,3.0 134,3.0 135,1.0 136,1.0 137,1.0 139,1.0 140,1.0 
4,1.0 5,1.0 15,1.0 40,1.0 50,1.0 
52,2.0 135,1.0 153,2.0 154,2.0 212,1.0 235,1.0 394,1.0 
40,1.0 135,1.0 212,1.0 235,1.0 
1,1.0 20,1.0 44,1.0 47,1.0 82,1.0 
49,1.0 53,1.0 76,1.0 240,1.0 397,1.0 
3,1.0 7,1.0 14,1.0 25,1.0 26,1.0 27,1.0 46,1.0 47,1.0 48,2.0 53,3.0 54,2.0 117,1.0 120,1.0 138,1.0 139,1.0 143,1.0 194,1.0 225,1.0 271,1.0 319,1.0 
0,1.0 6,5.0 14,1.0 31,1.0 46,1.0 48,5.0 53,1.0 54,1.0 101,1.0 117,1.0 120,1.0 138,1.0 139,1.0 148,5.0 195,1.0 397,1.0 398,2.0 414,5.0 
4,2.0 5,1.0 87,2.0 92,2.0 93,2.0 
4,1.0 87,1.0 388,1.0 401,1.0 
2,1.0 4,1.0 87,2.0 388,2.0 400,1.0 402,1.0 
2,1.0 87,1.0 388,1.0 401,1.0 
2,1.0 7,2.0 33,1.0 67,1.0 214,1.0 319,1.0 388,1.0 404,2.0 405,1.0 
2,1.0 7,21.0 25,20.0 33,5.0 38,1.0 41,1.0 48,20.0 54,1.0 67,5.0 148,5.0 188,3.0 196,1.0 197,3.0 202,3.0 204,4.0 209,1.0 214,5.0 222,1.0 388,1.0 403,1.0 404,10.0 406,1.0 413,1.0 
7,1.0 33,1.0 67,1.0 214,1.0 319,1.0 403,1.0 404,1.0 
37,1.0 54,2.0 60,2.0 117,1.0 172,2.0 193,1.0 196,2.0 199,2.0 202,2.0 204,1.0 209,2.0 219,1.0 221,3.0 224,1.0 382,1.0 408,2.0 409,1.0 410,1.0 
33,10.0 48,5.0 60,2.0 101,10.0 117,5.0 202,1.0 224,5.0 382,1.0 406,2.0 407,4.0 408,2.0 409,1.0 
37,1.0 60,2.0 117,1.0 193,1.0 202,1.0 219,1.0 221,1.0 224,1.0 382,1.0 406,2.0 409,1.0 410,1.0 
60,1.0 117,1.0 202,1.0 224,1.0 406,1.0 408,1.0 410,1.0 
41,1.0 117,4.0 219,1.0 224,4.0 410,1.0 
19,1.0 29,1.0 43,1.0 135,2.0 193,1.0 216,1.0 306,1.0 310,1.0 316,1.0 412,1.0 418,1.0 
7,1.0 25,1.0 48,1.0 148,1.0 179,1.0 193,1.0 205,1.0 369,1.0 373,1.0 404,1.0 449,1.0 450,1.0 
38,1.0 41,1.0 42,1.0 55,1.0 188,1.0 192,1.0 197,1.0 202,1.0 204,1.0 
6,5.0 46,1.0 47,1.0 48,10.0 53,2.0 54,2.0 114,5.0 139,1.0 143,1.0 148,10.0 397,2.0 398,5.0 414,4.0 415,5.0 
6,10.0 7,10.0 38,2.0 42,2.0 46,2.0 47,1.0 48,5.0 53,1.0 54,1.0 56,2.0 114,5.0 117,10.0 143,1.0 144,2.0 148,15.0 223,2.0 319,10.0 397,1.0 414,5.0 415,6.0 
6,2.0 7,2.0 38,4.0 42,2.0 46,4.0 53,6.0 54,6.0 117,2.0 143,2.0 148,2.0 193,2.0 222,4.0 319,2.0 415,2.0 
7,1.0 33,2.0 34,1.0 48,1.0 117,1.0 148,1.0 319,1.0 
2,1.0 3,1.0 14,1.0 19,1.0 29,1.0 203,1.0 306,1.0 310,1.0 316,1.0 
4,1.0 5,1.0 419,1.0 420,3.0 421,3.0 422,3.0 423,3.0 424,3.0 
4,1.0 5,1.0 419,3.0 420,1.0 421,3.0 422,3.0 423,3.0 424,3.0 
4,1.0 5,1.0 419,3.0 420,3.0 421,1.0 422,3.0 423,3.0 424,3.0 
4,1.0 5,1.0 419,3.0 420,3.0 421,3.0 422,1.0 423,3.0 424,3.0 
4,1.0 5,1.0 419,3.0 420,3.0 421,3.0 422,3.0 423,1.0 424,3.0 
4,1.0 5,1.0 419,3.0 420,3.0 421,3.0 422,3.0 423,3.0 424,1.0 
4,1.0 5,1.0 80,6.0 81,6.0 109,1.0 142,6.0 211,4.0 212,4.0 
80,4.0 81,4.0 142,4.0 201,4.0 425,4.0 
183,1.0 325,1.0 428,10.0 
325,10.0 
46,1.0 53,1.0 54,1.0 144,1.0 257,2.0 430,2.0 431,2.0 
46,1.0 53,1.0 54,1.0 144,1.0 257,2.0 429,2.0 431,2.0 
46,1.0 53,1.0 54,1.0 144,1.0 257,2.0 429,2.0 430,2.0 
17,1.0 46,1.0 144,1.0 231,1.0 433,1.0 
17,1.0 46,1.0 144,1.0 231,1.0 432,1.0 
176,2.0 369,2.0 371,2.0 435,2.0 436,2.0 
176,2.0 369,2.0 371,2.0 434,2.0 436,2.0 
176,2.0 371,2.0 437,2.0 438,2.0 
19,1.0 31,1.0 84,1.0 109,1.0 194,1.0 195,1.0 438,2.0 
19,1.0 31,1.0 84,1.0 109,1.0 194,1.0 195,1.0 437,2.0 
108,2.0 
1,5.0 3,5.0 28,5.0 135,5.0 145,5.0 213,5.0 298,5.0 306,5.0 316,5.0 333,5.0 
442,1.0 443,1.0 444,1.0 
441,1.0 443,1.0 444,1.0 
444,1.0 445,1.0 446,1.0 
443,1.0 445,1.0 446,1.0 
446,1.0 447,1.0 448,1.0 
445,1.0 447,1.0 448,1.0 
14,1.0 19,1.0 31,1.0 84,1.0 194,1.0 195,1.0 448,1.0 
14,1.0 19,1.0 31,1.0 84,1.0 194,1.0 195,1.0 447,1.0 
179,1.0 205,1.0 369,1.0 373,1.0 412,1.0 450,1.0 
179,1.0 205,1.0 369,1.0 373,1.0 412,1.0 449,1.0 
