1,2.0 70,2.0 252,2.0 253,2.0 254,2.0 
2,2.0 
3,2.0 
4,1.0 8,1.0 
5,1.0 
6,1.0 7,1.0 
0,1.0 7,3.0 12,2.0 58,3.0 185,3.0 211,3.0 212,3.0 455,1.0 
0,1.0 6,3.0 12,2.0 119,2.0 328,2.0 353,1.0 393,1.0 394,1.0 451,1.0 455,2.0 
9,1.0 60,3.0 109,3.0 188,3.0 189,3.0 
10,1.0 11,1.0 
11,3.0 12,3.0 20,2.0 48,3.0 54,1.0 77,2.0 79,1.0 81,4.0 84,3.0 89,1.0 91,1.0 141,1.0 155,2.0 158,1.0 170,2.0 234,1.0 235,1.0 290,9.0 291,2.0 292,2.0 293,2.0 294,6.0 295,1.0 296,3.0 297,1.0 298,1.0 306,3.0 331,8.0 335,3.0 339,2.0 348,1.0 355,1.0 356,3.0 381,1.0 427,1.0 442,1.0 443,1.0 456,1.0 
10,3.0 12,3.0 20,2.0 58,1.0 104,1.0 246,1.0 456,2.0 
12,1.0 13,40.0 18,3.0 19,4.0 20,16.0 21,4.0 26,1.0 27,3.0 31,6.0 32,13.0 35,2.0 37,4.0 38,10.0 70,3.0 95,2.0 111,1.0 125,7.0 160,1.0 246,4.0 247,4.0 254,3.0 
12,33.0 13,1.0 14,6.0 18,4.0 19,4.0 20,5.0 21,7.0 26,1.0 27,4.0 31,2.0 32,9.0 35,2.0 38,6.0 54,8.0 58,5.0 59,8.0 60,8.0 61,9.0 63,8.0 70,3.0 95,2.0 124,4.0 125,14.0 126,4.0 231,1.0 246,4.0 247,4.0 248,4.0 254,3.0 303,1.0 
14,11.0 15,51.0 16,33.0 17,6.0 18,31.0 21,43.0 22,9.0 23,10.0 24,12.0 27,9.0 30,4.0 32,21.0 33,13.0 34,3.0 35,4.0 36,1.0 38,9.0 39,4.0 51,4.0 55,7.0 65,1.0 67,1.0 72,5.0 75,2.0 78,2.0 79,8.0 81,2.0 84,2.0 86,5.0 87,5.0 90,4.0 92,4.0 99,5.0 102,4.0 111,15.0 132,5.0 158,4.0 183,9.0 184,3.0 240,4.0 246,4.0 461,8.0 463,1.0 
14,45.0 15,6.0 16,9.0 17,6.0 18,9.0 19,1.0 21,8.0 22,9.0 23,10.0 24,11.0 27,2.0 30,4.0 32,3.0 33,6.0 34,1.0 35,2.0 39,2.0 49,5.0 50,3.0 53,11.0 54,11.0 55,5.0 59,11.0 78,1.0 86,1.0 87,5.0 92,4.0 99,7.0 102,4.0 111,15.0 132,5.0 461,9.0 477,1.0 478,1.0 479,1.0 480,1.0 
14,26.0 16,7.0 17,32.0 18,40.0 19,2.0 20,8.0 21,32.0 22,28.0 24,6.0 27,8.0 28,6.0 31,2.0 32,13.0 33,25.0 34,4.0 35,5.0 36,6.0 38,4.0 39,12.0 40,2.0 49,1.0 51,4.0 53,2.0 55,2.0 56,5.0 61,1.0 62,12.0 65,1.0 67,1.0 72,6.0 75,2.0 76,5.0 78,5.0 79,9.0 81,10.0 82,1.0 83,5.0 84,3.0 88,1.0 89,1.0 90,9.0 91,1.0 95,2.0 96,3.0 99,1.0 100,1.0 101,1.0 104,1.0 105,4.0 110,4.0 111,5.0 114,1.0 132,8.0 141,5.0 150,1.0 154,4.0 158,9.0 160,1.0 178,4.0 179,4.0 185,1.0 240,4.0 242,4.0 243,4.0 244,4.0 308,1.0 327,1.0 
6,1.0 7,1.0 16,34.0 18,10.0 19,2.0 21,4.0 22,15.0 23,2.0 24,8.0 25,4.0 27,3.0 28,6.0 31,6.0 32,4.0 33,8.0 34,2.0 35,1.0 36,6.0 39,5.0 49,1.0 53,1.0 55,1.0 76,5.0 78,4.0 81,1.0 95,2.0 96,1.0 99,1.0 104,11.0 118,4.0 130,4.0 131,5.0 132,27.0 133,5.0 141,10.0 178,4.0 179,4.0 185,1.0 308,1.0 
12,6.0 13,8.0 14,24.0 16,41.0 17,11.0 18,7.0 19,82.0 20,10.0 21,40.0 22,11.0 23,6.0 25,15.0 27,38.0 28,4.0 29,4.0 30,4.0 31,2.0 32,9.0 33,13.0 35,16.0 36,4.0 49,1.0 51,4.0 53,1.0 54,5.0 56,1.0 58,7.0 65,1.0 67,1.0 71,2.0 72,5.0 73,1.0 76,5.0 77,6.0 79,12.0 81,9.0 82,1.0 83,5.0 84,3.0 90,4.0 95,18.0 96,2.0 97,1.0 99,16.0 100,1.0 101,1.0 104,1.0 109,1.0 113,5.0 118,4.0 119,12.0 122,18.0 123,2.0 124,1.0 125,2.0 128,2.0 130,9.0 131,5.0 132,10.0 133,4.0 153,2.0 154,4.0 155,4.0 156,2.0 158,10.0 161,1.0 162,1.0 170,5.0 171,5.0 178,4.0 179,4.0 185,1.0 198,8.0 215,2.0 223,2.0 229,1.0 240,4.0 241,2.0 242,4.0 246,3.0 247,3.0 294,1.0 299,6.0 301,14.0 303,3.0 308,1.0 
10,1.0 11,1.0 12,8.0 13,8.0 16,3.0 17,2.0 18,79.0 21,1.0 22,1.0 23,12.0 25,12.0 27,49.0 28,7.0 29,6.0 30,4.0 32,1.0 33,1.0 35,14.0 36,9.0 38,4.0 49,2.0 50,2.0 56,1.0 58,4.0 61,1.0 73,1.0 76,1.0 79,5.0 81,5.0 84,4.0 95,41.0 96,2.0 97,1.0 99,19.0 100,1.0 101,1.0 103,1.0 106,4.0 109,1.0 112,4.0 122,19.0 128,2.0 141,1.0 155,1.0 158,1.0 161,1.0 162,1.0 197,2.0 198,8.0 215,2.0 223,2.0 229,1.0 231,2.0 239,2.0 246,4.0 247,4.0 299,4.0 301,12.0 303,2.0 315,1.0 317,4.0 330,7.0 
12,18.0 13,10.0 16,8.0 18,11.0 19,1.0 20,2.0 21,1.0 22,3.0 27,1.0 28,4.0 29,4.0 31,12.0 32,4.0 33,4.0 35,4.0 37,4.0 38,4.0 53,4.0 54,3.0 55,4.0 56,2.0 57,4.0 58,2.0 59,2.0 61,3.0 76,2.0 78,2.0 79,2.0 83,4.0 95,1.0 99,4.0 111,2.0 122,4.0 125,4.0 154,4.0 158,4.0 160,2.0 242,4.0 462,2.0 
12,4.0 13,5.0 14,48.0 15,14.0 16,29.0 17,2.0 18,41.0 19,1.0 21,11.0 22,4.0 23,10.0 24,21.0 25,10.0 27,10.0 28,3.0 29,16.0 32,36.0 33,10.0 34,10.0 35,3.0 36,3.0 37,1.0 38,15.0 39,3.0 40,7.0 41,2.0 43,1.0 45,1.0 47,11.0 51,2.0 53,1.0 54,6.0 55,31.0 56,3.0 58,14.0 59,1.0 60,1.0 62,10.0 72,5.0 75,2.0 76,2.0 78,18.0 79,9.0 81,7.0 84,7.0 86,4.0 87,1.0 88,2.0 89,1.0 90,9.0 95,1.0 96,6.0 97,1.0 99,13.0 100,1.0 101,1.0 102,1.0 104,1.0 105,5.0 106,4.0 109,1.0 110,4.0 111,11.0 112,1.0 113,1.0 114,1.0 115,1.0 116,2.0 117,1.0 119,7.0 122,1.0 123,1.0 124,1.0 125,1.0 127,1.0 128,1.0 129,1.0 130,6.0 131,1.0 132,1.0 156,1.0 158,4.0 183,12.0 185,3.0 199,1.0 209,1.0 210,3.0 229,1.0 240,4.0 243,4.0 244,4.0 246,4.0 274,2.0 306,1.0 307,1.0 317,1.0 438,1.0 453,1.0 461,4.0 463,1.0 474,1.0 
16,36.0 17,24.0 18,11.0 20,6.0 21,2.0 24,2.0 26,1.0 27,7.0 28,33.0 29,2.0 31,4.0 32,2.0 33,63.0 34,2.0 36,29.0 39,7.0 40,2.0 49,1.0 53,9.0 54,1.0 55,4.0 56,8.0 57,3.0 59,2.0 61,7.0 62,2.0 63,1.0 69,4.0 71,2.0 76,7.0 77,4.0 78,6.0 79,2.0 81,6.0 91,1.0 96,4.0 97,1.0 98,1.0 99,2.0 100,1.0 101,1.0 104,1.0 111,3.0 114,1.0 122,1.0 132,7.0 141,8.0 153,2.0 155,2.0 156,2.0 160,3.0 178,4.0 179,4.0 185,1.0 249,1.0 291,1.0 296,1.0 308,1.0 327,1.0 366,1.0 462,2.0 
14,5.0 15,5.0 16,5.0 17,5.0 18,15.0 19,8.0 21,10.0 22,5.0 23,2.0 24,26.0 25,32.0 27,6.0 32,4.0 34,9.0 35,4.0 40,6.0 41,4.0 42,2.0 43,1.0 73,2.0 78,4.0 93,4.0 94,2.0 111,5.0 130,6.0 132,5.0 153,1.0 162,2.0 183,14.0 195,1.0 196,1.0 199,2.0 305,2.0 
12,4.0 13,4.0 14,7.0 15,6.0 16,6.0 17,6.0 18,7.0 21,21.0 22,12.0 23,32.0 24,2.0 25,12.0 27,2.0 28,4.0 29,2.0 32,12.0 33,6.0 34,24.0 35,1.0 36,1.0 37,1.0 38,2.0 39,1.0 40,7.0 41,2.0 42,2.0 47,1.0 54,1.0 59,7.0 62,2.0 63,7.0 73,2.0 78,22.0 88,1.0 93,1.0 94,2.0 105,1.0 111,15.0 112,1.0 113,1.0 114,1.0 115,1.0 116,2.0 117,1.0 118,1.0 130,2.0 132,5.0 162,2.0 183,7.0 195,1.0 196,1.0 223,2.0 365,1.0 
12,2.0 13,1.0 18,19.0 19,8.0 20,1.0 21,9.0 23,24.0 24,8.0 25,4.0 26,1.0 27,14.0 32,4.0 34,2.0 35,8.0 49,7.0 50,4.0 53,4.0 54,9.0 58,9.0 59,8.0 61,4.0 78,4.0 119,5.0 130,28.0 175,2.0 180,3.0 183,2.0 289,1.0 299,2.0 301,2.0 305,2.0 317,2.0 330,2.0 
12,2.0 13,2.0 53,1.0 69,1.0 76,1.0 77,1.0 
12,2.0 13,4.0 14,8.0 16,13.0 17,2.0 18,50.0 19,56.0 20,2.0 21,10.0 22,8.0 23,6.0 25,14.0 26,1.0 28,6.0 31,3.0 32,18.0 33,4.0 35,47.0 36,5.0 53,8.0 55,4.0 56,3.0 57,2.0 58,5.0 59,6.0 61,3.0 63,1.0 69,1.0 76,1.0 77,2.0 78,5.0 81,1.0 95,21.0 96,5.0 97,1.0 99,4.0 100,1.0 101,1.0 103,1.0 109,1.0 113,5.0 114,4.0 119,5.0 122,5.0 123,2.0 125,2.0 130,8.0 135,4.0 141,1.0 148,4.0 155,2.0 158,2.0 170,5.0 171,5.0 197,2.0 198,1.0 215,1.0 229,1.0 231,3.0 239,2.0 241,2.0 246,1.0 247,1.0 299,5.0 301,8.0 303,2.0 317,6.0 324,1.0 330,10.0 332,1.0 360,1.0 405,2.0 
10,1.0 14,2.0 15,1.0 18,6.0 19,2.0 20,4.0 21,6.0 22,6.0 24,4.0 25,5.0 27,7.0 28,2.0 29,33.0 30,23.0 31,7.0 32,6.0 33,5.0 34,1.0 35,5.0 36,65.0 38,1.0 49,1.0 53,15.0 55,7.0 56,24.0 57,8.0 58,4.0 59,12.0 61,10.0 63,2.0 78,9.0 81,1.0 87,2.0 92,1.0 95,1.0 96,5.0 99,5.0 102,3.0 109,4.0 111,2.0 122,3.0 130,5.0 141,10.0 157,8.0 170,1.0 194,4.0 236,1.0 290,2.0 294,1.0 331,1.0 348,1.0 391,1.0 441,1.0 
14,1.0 18,1.0 19,1.0 20,3.0 21,18.0 22,6.0 24,2.0 27,1.0 28,13.0 29,4.0 30,28.0 31,5.0 32,1.0 33,7.0 34,7.0 36,7.0 37,4.0 38,1.0 40,4.0 45,1.0 47,5.0 48,4.0 55,17.0 56,4.0 58,1.0 62,3.0 74,2.0 76,1.0 78,1.0 86,16.0 87,4.0 89,1.0 95,1.0 96,4.0 99,13.0 100,1.0 101,1.0 102,2.0 104,1.0 106,4.0 109,3.0 114,1.0 122,3.0 124,1.0 150,4.0 156,1.0 161,2.0 194,3.0 212,4.0 213,2.0 217,3.0 218,3.0 223,12.0 224,1.0 225,1.0 226,1.0 233,3.0 234,3.0 249,2.0 250,2.0 251,2.0 266,2.0 277,2.0 283,2.0 317,1.0 351,1.0 
20,2.0 22,5.0 28,6.0 29,24.0 31,7.0 33,5.0 36,4.0 37,4.0 47,4.0 48,4.0 58,9.0 71,4.0 74,2.0 77,4.0 78,1.0 79,4.0 84,5.0 86,2.0 92,23.0 93,1.0 94,5.0 108,5.0 114,1.0 134,5.0 144,5.0 150,4.0 161,2.0 212,4.0 245,4.0 249,2.0 250,2.0 251,2.0 283,2.0 
12,13.0 13,4.0 18,5.0 19,1.0 20,16.0 22,2.0 24,1.0 27,5.0 28,8.0 29,1.0 30,5.0 32,5.0 33,4.0 35,5.0 36,9.0 37,13.0 38,4.0 53,3.0 55,1.0 56,1.0 57,2.0 58,2.0 61,2.0 76,2.0 78,7.0 79,2.0 87,1.0 92,5.0 96,2.0 99,1.0 102,1.0 104,5.0 109,1.0 111,2.0 114,2.0 141,5.0 144,5.0 160,2.0 
12,4.0 13,4.0 14,44.0 15,14.0 16,20.0 17,1.0 18,21.0 19,1.0 21,52.0 22,9.0 23,4.0 24,13.0 25,4.0 27,19.0 28,3.0 33,27.0 34,5.0 35,3.0 36,4.0 38,40.0 39,2.0 45,1.0 53,10.0 54,5.0 55,2.0 56,5.0 58,14.0 59,11.0 62,2.0 63,1.0 77,1.0 78,10.0 86,4.0 88,2.0 96,4.0 97,1.0 98,1.0 100,1.0 101,1.0 103,5.0 104,5.0 106,2.0 110,1.0 111,1.0 135,8.0 148,8.0 234,1.0 246,4.0 291,1.0 294,1.0 327,1.0 362,1.0 366,1.0 383,2.0 463,1.0 
12,2.0 13,2.0 14,9.0 16,41.0 17,15.0 18,20.0 19,2.0 20,8.0 21,15.0 22,64.0 24,1.0 27,4.0 28,31.0 29,7.0 31,3.0 32,21.0 33,3.0 34,1.0 35,16.0 36,32.0 38,5.0 39,18.0 53,8.0 54,3.0 55,5.0 56,7.0 57,2.0 58,2.0 59,5.0 61,4.0 63,2.0 69,2.0 71,2.0 76,7.0 77,4.0 78,3.0 79,2.0 81,5.0 87,2.0 88,5.0 91,1.0 95,2.0 96,2.0 99,5.0 100,1.0 101,1.0 102,2.0 111,3.0 114,2.0 119,1.0 135,4.0 141,7.0 148,4.0 153,2.0 155,2.0 156,2.0 160,2.0 170,2.0 249,1.0 290,1.0 291,2.0 360,1.0 378,1.0 405,2.0 407,2.0 408,2.0 
14,2.0 16,1.0 17,1.0 18,2.0 21,10.0 22,5.0 23,13.0 24,24.0 25,4.0 27,1.0 29,6.0 32,5.0 33,5.0 36,2.0 38,2.0 40,11.0 41,2.0 42,2.0 55,4.0 59,5.0 62,2.0 63,5.0 78,4.0 94,1.0 99,4.0 110,1.0 111,1.0 183,5.0 223,2.0 245,1.0 267,1.0 463,1.0 
12,2.0 13,3.0 16,9.0 18,25.0 19,19.0 20,8.0 21,1.0 22,1.0 24,1.0 25,4.0 27,47.0 28,4.0 32,5.0 33,17.0 36,4.0 38,4.0 39,1.0 53,7.0 56,2.0 57,2.0 58,5.0 59,7.0 61,3.0 63,2.0 77,2.0 78,5.0 87,1.0 88,1.0 95,9.0 96,2.0 100,1.0 101,1.0 103,1.0 111,1.0 113,6.0 114,4.0 119,5.0 122,1.0 123,1.0 125,1.0 130,4.0 141,1.0 155,2.0 158,2.0 170,5.0 171,5.0 197,1.0 231,2.0 239,1.0 241,2.0 317,5.0 330,6.0 
14,2.0 18,5.0 19,1.0 21,5.0 22,4.0 24,2.0 27,5.0 28,66.0 29,21.0 30,23.0 31,9.0 32,7.0 33,5.0 34,3.0 35,5.0 36,1.0 37,1.0 38,9.0 53,14.0 55,3.0 56,25.0 57,8.0 59,11.0 61,10.0 63,1.0 78,6.0 87,1.0 92,5.0 94,4.0 96,4.0 97,1.0 99,2.0 100,1.0 102,3.0 106,4.0 107,1.0 108,1.0 109,4.0 110,1.0 111,1.0 112,9.0 116,1.0 141,10.0 157,8.0 194,4.0 245,4.0 463,1.0 
12,8.0 20,8.0 21,1.0 24,1.0 31,13.0 32,4.0 38,4.0 53,1.0 56,1.0 78,1.0 109,1.0 111,1.0 117,1.0 
14,21.0 15,8.0 16,8.0 21,23.0 22,1.0 24,3.0 32,43.0 33,4.0 34,1.0 35,2.0 36,6.0 39,2.0 53,9.0 54,4.0 56,5.0 58,14.0 59,10.0 62,8.0 63,1.0 78,3.0 86,4.0 93,1.0 94,5.0 96,3.0 100,3.0 101,1.0 103,5.0 104,5.0 105,8.0 106,4.0 111,3.0 112,4.0 116,3.0 118,1.0 172,1.0 173,1.0 245,4.0 246,4.0 374,1.0 463,1.0 
16,9.0 19,2.0 21,5.0 22,9.0 24,1.0 29,4.0 33,18.0 35,1.0 53,2.0 54,2.0 55,4.0 56,5.0 58,2.0 59,2.0 76,5.0 78,1.0 81,5.0 87,1.0 88,1.0 95,2.0 99,4.0 111,1.0 141,5.0 
21,7.0 23,6.0 24,5.0 29,4.0 34,13.0 41,2.0 42,2.0 55,4.0 69,1.0 78,1.0 99,4.0 111,1.0 183,2.0 458,1.0 
41,2.0 42,2.0 43,2.0 44,2.0 58,2.0 60,2.0 71,2.0 156,2.0 185,2.0 241,2.0 294,1.0 348,1.0 
41,2.0 43,2.0 44,2.0 
29,1.0 43,1.0 44,5.0 45,2.0 46,2.0 58,1.0 60,1.0 71,1.0 77,1.0 97,2.0 98,2.0 148,2.0 150,1.0 185,1.0 187,1.0 223,1.0 226,1.0 234,2.0 331,1.0 
18,8.0 19,8.0 29,1.0 43,5.0 45,2.0 46,2.0 97,2.0 98,2.0 148,8.0 223,1.0 226,1.0 301,1.0 
21,1.0 29,1.0 46,2.0 47,5.0 48,3.0 53,2.0 55,1.0 79,1.0 104,1.0 110,1.0 119,2.0 124,1.0 150,1.0 154,2.0 190,1.0 210,1.0 234,1.0 291,1.0 299,1.0 344,1.0 362,2.0 365,1.0 367,1.0 391,1.0 
45,2.0 47,2.0 48,2.0 
16,4.0 17,4.0 21,6.0 29,1.0 45,2.0 47,1.0 48,12.0 49,1.0 50,1.0 53,1.0 55,6.0 58,10.0 81,1.0 84,10.0 104,6.0 119,5.0 124,4.0 135,5.0 150,4.0 156,1.0 170,2.0 190,1.0 212,4.0 224,1.0 233,2.0 238,1.0 290,1.0 324,1.0 331,2.0 362,4.0 365,2.0 372,1.0 379,1.0 382,1.0 390,1.0 433,1.0 
10,3.0 16,4.0 17,4.0 47,8.0 49,1.0 50,1.0 53,1.0 61,1.0 77,1.0 79,1.0 81,2.0 89,1.0 119,1.0 150,7.0 156,3.0 158,1.0 170,8.0 212,4.0 233,2.0 234,3.0 235,1.0 291,1.0 294,4.0 295,4.0 296,1.0 297,1.0 298,1.0 308,1.0 315,2.0 316,1.0 331,6.0 336,2.0 337,1.0 344,1.0 345,1.0 348,1.0 361,1.0 362,1.0 368,1.0 390,4.0 413,1.0 414,1.0 437,2.0 438,1.0 439,1.0 444,1.0 
14,2.0 15,3.0 16,2.0 18,7.0 20,1.0 21,5.0 22,2.0 25,4.0 27,5.0 32,9.0 33,8.0 35,4.0 38,4.0 49,1.0 50,40.0 53,15.0 54,17.0 58,5.0 59,13.0 67,1.0 75,1.0 78,11.0 79,1.0 81,1.0 88,1.0 103,1.0 104,1.0 105,4.0 111,1.0 114,10.0 122,2.0 130,4.0 181,1.0 185,1.0 254,1.0 308,1.0 320,1.0 476,1.0 
14,2.0 15,1.0 16,2.0 18,7.0 21,5.0 22,1.0 25,4.0 27,5.0 32,9.0 33,8.0 35,4.0 38,4.0 49,40.0 53,5.0 54,9.0 58,4.0 59,5.0 67,1.0 75,1.0 78,10.0 88,1.0 105,4.0 114,10.0 130,4.0 136,8.0 279,8.0 476,1.0 
52,1.0 53,5.0 54,4.0 58,4.0 59,4.0 61,1.0 70,1.0 72,2.0 75,1.0 79,8.0 84,9.0 91,3.0 154,1.0 158,1.0 197,1.0 240,6.0 282,4.0 323,1.0 335,2.0 354,1.0 
22,2.0 28,6.0 36,5.0 52,1.0 53,3.0 54,8.0 55,3.0 69,5.0 78,2.0 79,2.0 84,1.0 96,2.0 97,1.0 349,1.0 350,2.0 
14,4.0 15,11.0 20,1.0 21,5.0 22,9.0 24,4.0 26,1.0 27,5.0 28,7.0 31,4.0 32,10.0 33,4.0 34,2.0 35,4.0 36,9.0 38,8.0 45,1.0 47,1.0 49,18.0 50,9.0 52,3.0 53,19.0 54,64.0 55,4.0 56,26.0 57,14.0 58,37.0 59,64.0 60,1.0 61,25.0 62,1.0 68,1.0 69,8.0 70,1.0 71,7.0 76,12.0 77,5.0 78,9.0 79,8.0 80,5.0 81,8.0 84,5.0 85,1.0 89,2.0 91,11.0 96,2.0 97,1.0 98,1.0 103,2.0 104,9.0 109,5.0 111,1.0 112,4.0 119,2.0 120,2.0 122,4.0 141,23.0 153,7.0 154,5.0 155,21.0 156,10.0 157,4.0 158,5.0 159,5.0 165,1.0 185,2.0 189,4.0 190,4.0 194,4.0 196,2.0 197,1.0 202,1.0 241,2.0 244,1.0 249,5.0 251,1.0 253,1.0 290,1.0 294,2.0 296,1.0 308,1.0 326,1.0 328,1.0 405,1.0 428,1.0 469,1.0 470,1.0 471,2.0 472,2.0 475,1.0 476,1.0 477,1.0 478,1.0 479,1.0 480,1.0 
13,8.0 15,11.0 18,5.0 21,6.0 22,3.0 24,3.0 25,4.0 28,10.0 31,4.0 32,5.0 34,2.0 36,9.0 38,4.0 49,21.0 50,14.0 52,8.0 53,66.0 54,18.0 55,4.0 56,5.0 58,28.0 59,67.0 60,11.0 61,10.0 62,1.0 63,8.0 69,5.0 71,3.0 78,8.0 80,5.0 81,18.0 85,1.0 91,3.0 96,2.0 104,2.0 119,1.0 120,11.0 121,7.0 122,4.0 124,10.0 125,4.0 126,4.0 130,4.0 141,21.0 151,5.0 152,5.0 172,1.0 174,1.0 189,4.0 196,2.0 205,1.0 206,3.0 248,4.0 273,2.0 291,1.0 368,1.0 399,1.0 475,1.0 476,1.0 477,1.0 478,1.0 479,1.0 480,1.0 
14,10.0 15,10.0 16,1.0 18,4.0 19,2.0 20,9.0 21,30.0 22,3.0 23,5.0 24,5.0 27,5.0 28,6.0 29,17.0 31,5.0 32,1.0 34,6.0 35,1.0 36,2.0 40,4.0 45,1.0 47,11.0 55,6.0 56,1.0 58,6.0 78,2.0 84,5.0 87,1.0 95,1.0 96,11.0 99,21.0 100,1.0 101,1.0 102,1.0 104,1.0 106,4.0 111,12.0 122,3.0 317,1.0 332,1.0 348,1.0 384,2.0 
14,4.0 21,5.0 22,10.0 24,1.0 28,1.0 31,4.0 32,6.0 33,9.0 36,2.0 37,4.0 38,4.0 53,25.0 54,1.0 55,1.0 56,3.0 57,13.0 58,17.0 59,16.0 60,6.0 61,30.0 62,1.0 63,1.0 69,9.0 71,12.0 76,15.0 77,2.0 79,15.0 81,9.0 84,15.0 87,4.0 88,1.0 91,7.0 97,9.0 98,2.0 102,6.0 103,10.0 104,17.0 105,1.0 107,2.0 108,1.0 109,23.0 111,1.0 119,1.0 141,19.0 153,8.0 154,15.0 155,9.0 156,2.0 157,5.0 192,1.0 194,17.0 203,1.0 215,3.0 219,4.0 220,3.0 227,1.0 229,1.0 233,1.0 234,1.0 235,4.0 236,5.0 237,3.0 238,1.0 241,2.0 248,1.0 256,2.0 257,2.0 258,3.0 263,2.0 264,2.0 278,2.0 294,1.0 295,1.0 297,1.0 307,1.0 308,2.0 312,1.0 313,1.0 315,1.0 316,1.0 318,1.0 319,1.0 331,1.0 348,3.0 397,2.0 398,2.0 403,1.0 438,1.0 453,1.0 471,2.0 472,2.0 473,1.0 474,1.0 
16,1.0 22,14.0 27,1.0 31,1.0 33,13.0 36,1.0 49,4.0 50,4.0 53,10.0 54,1.0 56,6.0 58,4.0 61,10.0 62,2.0 69,2.0 71,3.0 76,8.0 77,4.0 79,6.0 88,1.0 89,2.0 91,2.0 110,4.0 111,2.0 153,2.0 155,9.0 156,7.0 157,31.0 241,2.0 244,1.0 278,4.0 297,1.0 324,1.0 325,1.0 431,2.0 432,1.0 
6,3.0 13,4.0 14,4.0 15,4.0 17,5.0 18,8.0 19,4.0 21,13.0 24,3.0 25,8.0 27,1.0 28,6.0 31,8.0 34,2.0 36,10.0 37,4.0 47,5.0 49,12.0 50,12.0 53,36.0 54,33.0 55,6.0 56,17.0 57,1.0 58,5.0 59,27.0 60,18.0 61,16.0 63,5.0 68,3.0 71,15.0 75,1.0 76,14.0 77,8.0 78,6.0 79,17.0 80,4.0 81,9.0 84,30.0 87,4.0 88,1.0 89,3.0 91,8.0 95,4.0 97,3.0 98,3.0 102,5.0 103,13.0 104,36.0 105,1.0 107,1.0 108,5.0 112,4.0 119,1.0 120,5.0 121,5.0 124,4.0 125,4.0 126,5.0 130,8.0 132,5.0 134,5.0 135,5.0 139,5.0 140,5.0 150,2.0 155,10.0 156,5.0 157,1.0 158,5.0 159,5.0 185,25.0 186,1.0 188,1.0 189,4.0 192,2.0 193,1.0 194,15.0 200,1.0 201,1.0 203,1.0 204,1.0 209,1.0 210,3.0 211,3.0 212,3.0 213,3.0 219,6.0 221,4.0 222,3.0 228,1.0 233,1.0 234,1.0 237,2.0 248,4.0 249,2.0 251,1.0 253,1.0 258,1.0 259,2.0 260,2.0 265,2.0 266,2.0 267,2.0 272,2.0 274,2.0 291,1.0 294,2.0 295,4.0 308,2.0 312,1.0 319,1.0 328,1.0 331,1.0 338,4.0 341,2.0 342,2.0 365,1.0 469,1.0 470,1.0 
8,3.0 10,1.0 13,4.0 15,11.0 21,3.0 22,12.0 24,5.0 25,4.0 28,6.0 29,1.0 31,4.0 32,4.0 33,10.0 34,2.0 36,4.0 38,3.0 49,22.0 50,12.0 53,70.0 54,65.0 55,2.0 56,15.0 58,23.0 59,24.0 60,14.0 61,29.0 62,5.0 63,34.0 64,1.0 73,1.0 76,5.0 78,7.0 79,10.0 80,5.0 81,1.0 84,10.0 88,2.0 111,1.0 120,4.0 122,4.0 128,4.0 154,10.0 155,10.0 156,5.0 158,5.0 159,5.0 185,6.0 186,3.0 187,3.0 188,3.0 189,4.0 196,1.0 216,3.0 238,3.0 278,4.0 475,1.0 476,1.0 477,1.0 478,1.0 479,1.0 480,1.0 
8,3.0 21,3.0 23,4.0 24,5.0 34,2.0 53,1.0 54,7.0 56,5.0 58,14.0 59,11.0 60,7.0 61,33.0 62,5.0 63,8.0 71,27.0 79,2.0 84,4.0 88,4.0 91,11.0 104,5.0 109,11.0 110,6.0 126,4.0 128,4.0 133,5.0 135,15.0 136,15.0 162,2.0 181,10.0 183,4.0 185,12.0 186,1.0 188,4.0 189,3.0 190,4.0 191,3.0 194,3.0 199,1.0 200,1.0 201,1.0 202,1.0 204,1.0 205,1.0 206,3.0 207,3.0 208,3.0 237,2.0 248,6.0 256,2.0 259,2.0 260,2.0 265,2.0 268,2.0 271,4.0 272,2.0 273,2.0 438,1.0 453,1.0 473,1.0 474,1.0 
19,1.0 22,10.0 25,4.0 27,6.0 33,8.0 35,5.0 49,3.0 53,29.0 54,5.0 55,1.0 56,30.0 57,10.0 58,11.0 59,29.0 60,33.0 61,1.0 62,6.0 63,9.0 68,1.0 69,11.0 70,1.0 71,3.0 76,20.0 77,4.0 79,12.0 81,5.0 84,16.0 88,4.0 91,5.0 95,1.0 97,1.0 98,1.0 103,1.0 104,5.0 111,1.0 119,1.0 126,5.0 128,4.0 133,5.0 135,15.0 136,15.0 141,28.0 145,5.0 146,5.0 150,5.0 153,2.0 154,10.0 155,6.0 156,6.0 165,1.0 190,2.0 191,1.0 194,3.0 197,1.0 202,1.0 237,3.0 238,1.0 241,2.0 248,4.0 278,2.0 290,1.0 296,1.0 307,1.0 328,1.0 348,3.0 360,1.0 361,1.0 405,1.0 468,1.0 
16,12.0 21,10.0 22,2.0 24,7.0 28,2.0 29,5.0 32,1.0 34,4.0 38,4.0 47,1.0 51,1.0 53,1.0 61,1.0 62,1.0 72,1.0 79,1.0 88,8.0 89,1.0 90,5.0 91,1.0 105,4.0 109,1.0 110,4.0 111,5.0 150,1.0 194,1.0 213,2.0 221,1.0 223,6.0 224,1.0 225,1.0 235,3.0 243,4.0 244,4.0 266,2.0 323,1.0 327,1.0 365,2.0 
21,4.0 22,10.0 24,1.0 29,1.0 30,4.0 32,4.0 33,10.0 38,3.0 49,3.0 50,3.0 55,1.0 59,26.0 60,8.0 61,8.0 64,1.0 73,1.0 78,1.0 84,4.0 111,2.0 126,5.0 127,1.0 128,4.0 248,4.0 278,2.0 
65,2.0 67,1.0 
53,1.0 54,1.0 59,1.0 66,2.0 77,1.0 79,1.0 167,5.0 168,5.0 169,5.0 
49,1.0 50,1.0 56,2.0 65,1.0 109,2.0 133,5.0 165,7.0 166,5.0 194,2.0 213,3.0 
68,2.0 215,1.0 281,10.0 
14,2.0 16,2.0 18,2.0 53,1.0 56,1.0 59,1.0 61,2.0 70,1.0 71,1.0 97,1.0 98,1.0 119,1.0 141,1.0 214,3.0 282,2.0 328,1.0 
22,13.0 26,1.0 28,5.0 33,13.0 36,5.0 52,5.0 53,8.0 54,5.0 56,9.0 57,2.0 61,11.0 70,1.0 76,3.0 77,3.0 97,5.0 141,8.0 155,2.0 156,2.0 459,1.0 460,1.0 
13,1.0 14,2.0 16,2.0 18,8.0 19,4.0 21,2.0 25,2.0 27,8.0 51,1.0 53,1.0 58,1.0 59,1.0 68,2.0 71,1.0 75,1.0 95,4.0 122,1.0 123,1.0 125,1.0 130,2.0 135,2.0 254,2.0 255,2.0 
14,4.0 15,4.0 19,4.0 47,1.0 53,1.0 54,7.0 56,9.0 58,15.0 59,12.0 60,30.0 61,5.0 63,10.0 68,1.0 69,4.0 71,3.0 77,16.0 79,21.0 91,12.0 95,4.0 109,9.0 110,3.0 141,4.0 153,16.0 155,2.0 162,2.0 172,1.0 181,3.0 185,6.0 188,1.0 190,1.0 194,1.0 201,1.0 202,1.0 204,1.0 205,1.0 206,3.0 207,3.0 208,3.0 237,2.0 265,2.0 268,2.0 271,2.0 272,2.0 273,2.0 365,1.0 377,1.0 
51,2.0 53,6.0 54,5.0 58,6.0 59,5.0 79,9.0 84,1.0 89,1.0 90,9.0 91,1.0 158,9.0 282,4.0 341,1.0 342,1.0 343,1.0 
49,1.0 50,1.0 74,1.0 134,5.0 161,3.0 162,7.0 163,3.0 164,5.0 257,2.0 258,2.0 
73,1.0 145,2.0 161,2.0 163,2.0 283,2.0 284,2.0 
43,1.0 51,1.0 58,1.0 70,4.0 84,1.0 146,4.0 234,1.0 295,1.0 331,1.0 
10,1.0 21,1.0 24,1.0 28,1.0 32,1.0 35,1.0 39,1.0 48,1.0 53,6.0 56,23.0 57,13.0 58,8.0 59,3.0 60,4.0 61,24.0 63,1.0 69,9.0 76,1.0 77,12.0 79,4.0 81,12.0 89,1.0 91,4.0 97,7.0 98,1.0 104,12.0 107,1.0 109,3.0 141,23.0 142,6.0 143,5.0 145,5.0 146,5.0 150,5.0 155,14.0 156,17.0 157,10.0 158,1.0 170,1.0 192,1.0 203,1.0 229,1.0 235,1.0 256,1.0 291,1.0 294,1.0 313,1.0 315,5.0 316,2.0 318,1.0 328,4.0 331,2.0 348,8.0 357,1.0 358,2.0 359,2.0 360,2.0 364,1.0 365,1.0 406,1.0 468,1.0 
10,2.0 14,4.0 15,4.0 19,4.0 31,1.0 35,1.0 36,1.0 38,1.0 39,1.0 43,1.0 47,2.0 48,2.0 53,9.0 56,3.0 57,5.0 58,10.0 59,5.0 61,13.0 63,5.0 64,1.0 69,6.0 71,16.0 76,14.0 77,2.0 79,19.0 81,9.0 84,10.0 88,1.0 89,3.0 91,4.0 95,6.0 96,1.0 104,4.0 124,1.0 141,13.0 153,7.0 155,11.0 156,11.0 158,4.0 170,1.0 186,1.0 187,1.0 215,1.0 233,1.0 236,2.0 241,9.0 291,2.0 294,2.0 295,1.0 308,1.0 315,1.0 316,1.0 327,1.0 331,3.0 348,7.0 365,1.0 405,2.0 431,2.0 432,1.0 
12,5.0 13,4.0 14,1.0 16,1.0 17,1.0 20,5.0 21,18.0 22,9.0 23,4.0 24,22.0 25,4.0 27,8.0 28,11.0 29,2.0 31,8.0 32,14.0 33,8.0 34,4.0 35,8.0 36,6.0 37,1.0 38,7.0 39,1.0 40,1.0 47,1.0 49,1.0 53,1.0 54,1.0 55,3.0 57,4.0 78,1.0 87,1.0 88,1.0 96,2.0 97,4.0 98,4.0 99,1.0 102,1.0 105,1.0 111,14.0 112,1.0 113,1.0 114,21.0 115,1.0 116,2.0 117,1.0 118,1.0 122,1.0 157,4.0 160,4.0 290,1.0 294,1.0 331,2.0 348,1.0 365,1.0 385,2.0 441,1.0 462,2.0 
14,4.0 15,4.0 18,4.0 19,4.0 21,5.0 23,1.0 28,1.0 45,1.0 48,1.0 49,15.0 50,15.0 51,6.0 52,3.0 53,9.0 54,8.0 56,2.0 58,27.0 59,18.0 60,5.0 61,6.0 63,10.0 64,1.0 69,2.0 71,20.0 72,9.0 76,8.0 77,28.0 79,2.0 81,12.0 84,30.0 89,3.0 90,9.0 91,1.0 95,4.0 104,3.0 110,8.0 124,1.0 141,5.0 153,12.0 154,18.0 155,2.0 156,2.0 158,10.0 181,1.0 183,1.0 197,2.0 199,1.0 215,1.0 233,1.0 236,4.0 240,8.0 241,3.0 282,8.0 291,2.0 294,3.0 295,5.0 296,2.0 299,1.0 303,1.0 308,1.0 315,6.0 327,1.0 328,2.0 332,1.0 338,2.0 349,1.0 350,1.0 365,2.0 390,1.0 396,1.0 425,1.0 
22,1.0 27,1.0 33,4.0 35,4.0 189,4.0 
10,2.0 18,4.0 20,1.0 21,5.0 22,1.0 24,1.0 27,4.0 28,1.0 32,1.0 35,4.0 38,1.0 49,3.0 50,2.0 52,2.0 53,13.0 54,20.0 56,10.0 57,6.0 58,11.0 61,7.0 71,1.0 76,10.0 77,7.0 78,1.0 79,12.0 81,2.0 82,1.0 83,1.0 84,11.0 85,1.0 89,4.0 91,6.0 96,1.0 97,1.0 104,12.0 109,2.0 111,1.0 120,4.0 121,4.0 124,5.0 127,1.0 141,26.0 151,5.0 152,5.0 153,2.0 155,6.0 156,3.0 157,6.0 158,4.0 170,1.0 185,1.0 190,1.0 202,1.0 229,1.0 235,1.0 240,2.0 241,1.0 244,1.0 249,1.0 251,1.0 256,1.0 290,1.0 291,1.0 294,1.0 296,2.0 308,1.0 313,1.0 315,1.0 318,1.0 320,1.0 328,1.0 331,1.0 365,1.0 399,1.0 405,2.0 446,1.0 
53,1.0 54,1.0 77,1.0 81,1.0 83,1.0 84,1.0 85,1.0 141,1.0 339,1.0 
52,1.0 53,5.0 54,5.0 81,1.0 82,1.0 84,2.0 85,1.0 141,4.0 154,4.0 158,4.0 242,4.0 349,1.0 350,1.0 
17,5.0 18,4.0 21,4.0 28,1.0 47,5.0 49,10.0 50,10.0 51,6.0 52,7.0 53,3.0 54,9.0 58,32.0 59,2.0 61,4.0 69,5.0 75,1.0 76,10.0 77,8.0 79,31.0 81,11.0 82,1.0 83,2.0 84,1.0 85,1.0 104,12.0 108,5.0 119,1.0 128,4.0 129,4.0 132,5.0 134,5.0 135,5.0 139,5.0 140,5.0 141,3.0 153,1.0 154,15.0 155,5.0 156,3.0 158,6.0 170,1.0 197,1.0 240,6.0 282,4.0 290,1.0 291,2.0 294,2.0 295,4.0 296,3.0 315,3.0 320,1.0 328,2.0 338,2.0 349,2.0 350,2.0 365,2.0 
21,1.0 32,1.0 53,1.0 54,1.0 
12,1.0 13,1.0 29,15.0 32,2.0 56,3.0 86,3.0 87,1.0 109,3.0 111,4.0 160,4.0 194,3.0 217,3.0 218,3.0 223,6.0 233,3.0 234,1.0 246,6.0 277,2.0 
12,5.0 13,5.0 14,1.0 21,1.0 28,1.0 29,2.0 32,2.0 33,1.0 34,1.0 36,2.0 38,4.0 78,4.0 86,3.0 88,1.0 102,10.0 114,4.0 233,1.0 327,1.0 
16,2.0 21,3.0 24,5.0 29,2.0 32,2.0 33,5.0 34,4.0 56,4.0 58,4.0 62,13.0 78,1.0 87,1.0 88,1.0 96,1.0 103,4.0 104,4.0 105,8.0 106,1.0 109,3.0 111,1.0 119,1.0 170,2.0 194,3.0 221,3.0 223,2.0 233,1.0 290,1.0 291,2.0 327,1.0 407,2.0 408,2.0 
22,1.0 31,1.0 33,1.0 36,1.0 53,1.0 56,1.0 57,2.0 58,1.0 72,1.0 77,3.0 79,4.0 81,3.0 84,1.0 90,1.0 91,5.0 109,3.0 127,1.0 136,1.0 152,1.0 157,1.0 158,7.0 194,1.0 197,1.0 229,2.0 230,2.0 241,4.0 244,5.0 290,5.0 294,1.0 295,1.0 315,2.0 318,1.0 322,1.0 331,1.0 332,1.0 405,5.0 431,1.0 446,1.0 
53,9.0 54,4.0 58,9.0 59,4.0 72,9.0 79,9.0 81,2.0 89,3.0 91,5.0 103,1.0 110,4.0 158,8.0 170,1.0 236,2.0 243,4.0 244,4.0 282,4.0 295,2.0 315,1.0 336,2.0 363,1.0 364,1.0 445,1.0 
28,1.0 31,1.0 36,6.0 38,1.0 47,1.0 51,2.0 53,14.0 54,3.0 56,6.0 57,2.0 58,10.0 60,10.0 61,5.0 68,1.0 71,8.0 75,1.0 76,3.0 77,3.0 79,1.0 81,5.0 84,3.0 88,1.0 89,1.0 96,1.0 97,3.0 98,3.0 104,1.0 109,8.0 110,2.0 112,4.0 119,1.0 155,1.0 156,2.0 162,2.0 181,2.0 185,3.0 190,4.0 191,1.0 194,10.0 197,2.0 202,2.0 205,1.0 206,3.0 209,1.0 219,1.0 221,1.0 227,1.0 228,1.0 229,2.0 230,3.0 241,1.0 248,1.0 249,3.0 256,2.0 263,2.0 264,2.0 266,2.0 267,2.0 268,2.0 271,2.0 273,2.0 276,2.0 295,1.0 313,1.0 326,1.0 328,1.0 331,1.0 335,2.0 362,1.0 396,1.0 405,1.0 427,1.0 428,1.0 431,2.0 432,1.0 
19,4.0 30,19.0 58,9.0 71,4.0 77,4.0 79,4.0 84,5.0 93,1.0 94,5.0 108,5.0 134,5.0 144,5.0 245,4.0 
14,5.0 15,5.0 19,1.0 23,2.0 24,2.0 36,2.0 55,5.0 93,5.0 94,3.0 95,1.0 99,5.0 100,1.0 111,20.0 175,17.0 176,15.0 177,15.0 183,2.0 235,1.0 328,1.0 
19,5.0 23,2.0 24,3.0 38,1.0 93,5.0 95,5.0 96,1.0 97,4.0 98,4.0 100,1.0 112,1.0 183,2.0 245,8.0 
10,1.0 11,1.0 17,4.0 18,17.0 19,36.0 21,1.0 27,21.0 28,1.0 35,9.0 36,5.0 38,4.0 49,2.0 50,2.0 56,1.0 58,4.0 61,1.0 76,1.0 77,2.0 79,6.0 81,5.0 84,6.0 97,1.0 103,1.0 106,4.0 109,1.0 112,4.0 132,4.0 141,1.0 155,2.0 197,1.0 198,5.0 215,1.0 229,1.0 231,1.0 239,1.0 294,2.0 299,3.0 301,4.0 303,1.0 317,3.0 330,3.0 332,1.0 456,1.0 
10,1.0 16,3.0 18,4.0 19,2.0 20,4.0 22,4.0 27,4.0 28,3.0 31,6.0 32,4.0 33,3.0 35,2.0 36,1.0 38,1.0 40,2.0 45,1.0 55,8.0 56,1.0 58,1.0 78,3.0 88,4.0 93,1.0 96,2.0 97,1.0 98,1.0 99,1.0 100,5.0 101,2.0 103,1.0 104,1.0 105,4.0 106,5.0 111,2.0 114,1.0 124,1.0 160,1.0 205,1.0 328,2.0 331,1.0 348,1.0 362,1.0 366,2.0 
21,3.0 22,5.0 24,1.0 27,4.0 28,2.0 29,8.0 32,1.0 33,9.0 35,4.0 36,2.0 39,4.0 55,1.0 56,7.0 58,1.0 61,1.0 62,4.0 69,5.0 76,1.0 81,1.0 86,6.0 88,5.0 98,25.0 99,1.0 102,1.0 105,2.0 107,1.0 108,2.0 109,1.0 141,1.0 223,4.0 229,2.0 230,3.0 276,2.0 311,1.0 315,1.0 316,1.0 452,1.0 
21,2.0 27,4.0 28,1.0 29,8.0 33,4.0 35,4.0 36,1.0 39,4.0 55,1.0 58,1.0 61,1.0 62,4.0 86,6.0 88,5.0 97,25.0 99,1.0 105,2.0 108,1.0 141,1.0 223,4.0 229,1.0 230,3.0 276,2.0 311,1.0 315,1.0 316,1.0 
14,10.0 15,10.0 18,14.0 19,16.0 20,3.0 21,14.0 23,5.0 24,7.0 27,8.0 28,4.0 29,13.0 31,1.0 32,1.0 34,4.0 35,3.0 36,1.0 40,4.0 55,19.0 68,1.0 70,2.0 87,1.0 95,10.0 96,6.0 99,2.0 100,1.0 101,1.0 102,1.0 106,4.0 111,10.0 122,24.0 254,2.0 306,1.0 307,1.0 
16,1.0 21,1.0 22,1.0 23,1.0 25,1.0 29,1.0 31,1.0 33,2.0 55,1.0 78,1.0 93,1.0 96,3.0 99,1.0 101,2.0 111,1.0 114,1.0 160,1.0 183,2.0 235,1.0 305,1.0 328,3.0 366,2.0 
16,1.0 21,1.0 22,2.0 29,1.0 31,1.0 32,1.0 33,2.0 38,1.0 55,1.0 78,1.0 96,1.0 99,1.0 100,2.0 111,1.0 114,1.0 160,1.0 374,1.0 
12,4.0 13,4.0 14,1.0 21,1.0 28,1.0 29,1.0 31,1.0 32,2.0 33,1.0 34,1.0 36,4.0 37,1.0 38,2.0 56,1.0 78,4.0 87,12.0 97,1.0 107,1.0 108,1.0 114,4.0 
19,1.0 27,1.0 31,4.0 35,1.0 36,1.0 37,4.0 38,1.0 49,1.0 53,3.0 56,10.0 58,14.0 61,1.0 79,1.0 87,4.0 88,1.0 89,1.0 94,1.0 95,1.0 102,5.0 104,10.0 105,1.0 141,1.0 156,2.0 185,1.0 192,1.0 193,1.0 197,1.0 254,1.0 308,1.0 315,1.0 345,1.0 363,1.0 364,3.0 
20,1.0 21,5.0 22,1.0 27,1.0 30,5.0 31,9.0 36,1.0 37,4.0 45,1.0 47,6.0 48,1.0 49,1.0 53,7.0 55,6.0 56,19.0 57,3.0 58,36.0 76,11.0 77,2.0 78,1.0 79,4.0 81,3.0 84,10.0 87,4.0 88,1.0 91,2.0 92,5.0 102,5.0 103,10.0 105,1.0 107,1.0 110,1.0 111,1.0 134,5.0 135,5.0 141,10.0 142,6.0 143,5.0 144,5.0 155,1.0 157,3.0 185,2.0 190,2.0 192,1.0 203,1.0 229,1.0 233,1.0 234,1.0 249,2.0 251,1.0 253,1.0 258,1.0 294,1.0 295,1.0 308,2.0 312,1.0 315,1.0 319,1.0 332,1.0 336,2.0 337,1.0 338,3.0 348,4.0 364,1.0 406,1.0 425,1.0 438,1.0 
16,8.0 21,9.0 24,1.0 38,8.0 56,4.0 58,4.0 62,8.0 78,1.0 88,8.0 96,1.0 103,4.0 104,4.0 106,1.0 109,2.0 111,1.0 194,2.0 221,2.0 
36,4.0 38,4.0 56,1.0 58,1.0 88,4.0 94,4.0 96,7.0 103,1.0 104,1.0 105,4.0 112,4.0 245,4.0 
31,1.0 36,1.0 37,1.0 56,1.0 76,1.0 102,1.0 108,2.0 368,1.0 369,1.0 
17,10.0 21,1.0 29,1.0 31,1.0 36,1.0 37,1.0 58,5.0 84,5.0 102,1.0 107,2.0 132,10.0 196,2.0 311,1.0 368,1.0 369,1.0 
14,4.0 21,5.0 24,1.0 28,1.0 32,6.0 38,4.0 53,5.0 56,22.0 58,3.0 60,13.0 71,9.0 76,2.0 81,2.0 91,8.0 97,1.0 108,2.0 109,2.0 110,2.0 153,1.0 162,2.0 181,2.0 189,3.0 190,4.0 191,3.0 194,27.0 202,1.0 206,2.0 215,3.0 219,7.0 220,3.0 221,11.0 227,1.0 229,1.0 231,1.0 232,1.0 235,4.0 236,3.0 257,2.0 258,2.0 263,2.0 264,2.0 268,2.0 271,2.0 273,2.0 315,2.0 318,1.0 
21,3.0 23,3.0 24,2.0 32,1.0 34,1.0 36,1.0 38,1.0 41,2.0 49,4.0 50,4.0 53,4.0 58,4.0 59,1.0 60,3.0 63,1.0 77,2.0 79,8.0 89,4.0 90,4.0 91,4.0 124,1.0 154,3.0 155,1.0 156,2.0 168,1.0 181,3.0 183,3.0 199,1.0 236,1.0 241,7.0 243,4.0 244,6.0 271,2.0 279,2.0 291,1.0 315,9.0 316,2.0 425,1.0 464,1.0 466,1.0 
12,1.0 14,20.0 15,20.0 16,9.0 17,5.0 18,9.0 19,4.0 20,3.0 21,11.0 22,7.0 23,10.0 24,20.0 25,1.0 27,1.0 28,3.0 29,2.0 31,1.0 33,3.0 34,1.0 35,2.0 36,2.0 37,1.0 38,2.0 39,1.0 40,1.0 48,1.0 51,1.0 53,1.0 54,1.0 55,13.0 61,1.0 62,5.0 78,13.0 81,1.0 87,1.0 88,1.0 91,1.0 93,15.0 96,1.0 99,11.0 102,1.0 105,1.0 111,18.0 112,1.0 113,1.0 114,2.0 115,1.0 116,2.0 117,1.0 118,1.0 122,1.0 127,1.0 128,1.0 129,1.0 130,1.0 132,5.0 150,1.0 158,1.0 160,8.0 175,15.0 176,15.0 177,15.0 290,1.0 294,1.0 323,1.0 327,1.0 345,1.0 348,1.0 392,2.0 393,2.0 434,1.0 462,2.0 
21,1.0 24,1.0 30,4.0 36,10.0 38,4.0 78,1.0 92,4.0 94,4.0 106,4.0 111,1.0 245,4.0 
18,5.0 21,1.0 24,1.0 27,5.0 35,6.0 78,1.0 111,1.0 119,5.0 170,5.0 171,5.0 
12,1.0 21,1.0 24,1.0 27,5.0 28,1.0 29,1.0 31,2.0 32,5.0 33,2.0 35,5.0 36,1.0 38,5.0 57,4.0 78,21.0 87,1.0 97,4.0 98,4.0 102,1.0 111,3.0 115,1.0 157,4.0 160,2.0 
21,1.0 24,1.0 78,1.0 111,1.0 114,1.0 
21,1.0 24,2.0 38,3.0 78,2.0 111,2.0 118,1.0 172,1.0 173,1.0 
21,1.0 24,1.0 37,1.0 78,1.0 111,1.0 
17,4.0 18,4.0 24,1.0 54,1.0 78,1.0 111,1.0 131,4.0 132,4.0 133,4.0 
17,5.0 18,6.0 21,2.0 45,2.0 47,3.0 48,1.0 53,2.0 54,2.0 58,2.0 61,1.0 68,1.0 79,1.0 84,1.0 110,1.0 118,4.0 119,1.0 124,7.0 131,5.0 132,5.0 141,2.0 150,1.0 154,2.0 156,1.0 170,19.0 171,15.0 172,18.0 173,6.0 174,11.0 205,2.0 210,2.0 233,2.0 236,2.0 289,1.0 290,6.0 291,7.0 295,1.0 296,1.0 328,6.0 362,5.0 365,1.0 367,1.0 372,1.0 387,1.0 388,1.0 389,2.0 390,1.0 393,1.0 399,1.0 403,1.0 409,1.0 410,1.0 411,1.0 451,1.0 469,1.0 470,1.0 
18,1.0 21,1.0 53,2.0 54,3.0 59,2.0 121,6.0 122,6.0 123,4.0 141,1.0 368,1.0 
18,1.0 21,1.0 54,1.0 120,6.0 122,4.0 123,4.0 141,1.0 368,1.0 
13,8.0 18,15.0 19,15.0 20,3.0 21,2.0 23,2.0 27,9.0 28,3.0 29,3.0 35,3.0 54,8.0 55,3.0 58,4.0 59,4.0 68,1.0 70,2.0 95,10.0 99,22.0 122,1.0 123,7.0 124,5.0 125,4.0 254,2.0 301,1.0 330,1.0 
13,4.0 18,2.0 21,1.0 27,2.0 35,1.0 54,4.0 58,4.0 122,7.0 124,5.0 125,4.0 301,1.0 330,1.0 
13,5.0 18,1.0 21,1.0 45,1.0 47,5.0 48,2.0 54,10.0 58,4.0 60,4.0 61,4.0 63,4.0 76,1.0 77,2.0 81,5.0 84,1.0 107,1.0 108,1.0 110,2.0 119,8.0 125,5.0 126,4.0 141,6.0 152,5.0 154,2.0 156,1.0 158,1.0 170,1.0 205,4.0 210,2.0 233,3.0 236,3.0 238,1.0 248,4.0 290,3.0 291,6.0 295,3.0 315,1.0 316,1.0 328,1.0 331,1.0 362,4.0 365,1.0 382,2.0 389,2.0 405,1.0 433,1.0 
12,3.0 13,14.0 14,4.0 18,1.0 20,2.0 21,2.0 27,2.0 35,1.0 54,4.0 58,5.0 60,4.0 61,5.0 63,4.0 124,4.0 126,4.0 231,1.0 248,4.0 303,1.0 
21,1.0 60,4.0 61,4.0 63,5.0 84,4.0 111,1.0 127,1.0 248,4.0 
21,1.0 28,1.0 96,1.0 111,1.0 128,1.0 129,1.0 446,1.0 
21,1.0 25,2.0 28,5.0 59,2.0 61,2.0 70,1.0 111,1.0 129,5.0 138,2.0 223,2.0 254,1.0 
21,1.0 28,5.0 111,1.0 128,5.0 
12,1.0 18,9.0 20,1.0 21,5.0 23,1.0 24,1.0 25,24.0 27,8.0 35,4.0 49,4.0 50,4.0 54,5.0 58,9.0 119,5.0 180,3.0 289,1.0 299,2.0 301,2.0 317,2.0 330,2.0 
17,5.0 18,4.0 118,4.0 132,5.0 133,5.0 
6,1.0 7,1.0 16,6.0 17,26.0 18,9.0 22,6.0 23,1.0 24,1.0 25,4.0 31,5.0 49,1.0 53,1.0 76,5.0 81,1.0 104,11.0 118,4.0 130,4.0 131,5.0 133,5.0 141,10.0 178,4.0 179,4.0 185,1.0 308,1.0 455,1.0 
60,5.0 61,5.0 65,3.0 134,5.0 135,5.0 166,5.0 167,3.0 213,2.0 266,2.0 
60,5.0 61,5.0 66,5.0 133,5.0 145,5.0 146,5.0 163,3.0 164,5.0 165,5.0 
60,10.0 61,10.0 73,2.0 136,30.0 145,5.0 146,8.0 149,1.0 161,2.0 162,2.0 255,2.0 
27,4.0 32,8.0 33,4.0 47,5.0 58,10.0 60,15.0 61,15.0 84,5.0 104,10.0 135,21.0 137,5.0 
60,4.0 61,4.0 89,1.0 136,4.0 138,1.0 230,1.0 
25,2.0 59,2.0 60,1.0 61,3.0 136,1.0 
30,5.0 92,5.0 140,5.0 
30,5.0 92,5.0 139,5.0 
10,1.0 19,1.0 22,6.0 27,5.0 30,5.0 31,5.0 32,4.0 33,6.0 35,5.0 38,4.0 53,23.0 54,21.0 56,19.0 57,5.0 58,5.0 61,29.0 69,8.0 71,5.0 76,24.0 77,7.0 79,6.0 81,24.0 84,9.0 92,5.0 95,1.0 97,1.0 98,1.0 103,1.0 104,12.0 119,1.0 120,2.0 121,2.0 124,6.0 141,5.0 142,5.0 143,5.0 144,5.0 145,5.0 146,5.0 150,5.0 151,5.0 152,5.0 153,5.0 154,5.0 155,7.0 156,2.0 157,5.0 165,1.0 172,1.0 174,1.0 197,1.0 294,1.0 360,1.0 368,1.0 468,1.0 
108,5.0 143,5.0 156,1.0 406,1.0 
108,5.0 142,5.0 
30,5.0 92,5.0 134,5.0 
58,5.0 84,5.0 104,5.0 147,5.0 148,5.0 163,2.0 257,2.0 258,2.0 284,2.0 
18,4.0 19,8.0 27,8.0 32,8.0 33,4.0 54,5.0 81,5.0 89,1.0 124,5.0 135,5.0 141,5.0 149,5.0 151,5.0 230,1.0 304,4.0 318,1.0 
54,5.0 61,5.0 76,5.0 81,5.0 141,10.0 
18,8.0 19,10.0 27,2.0 44,8.0 146,5.0 152,5.0 280,8.0 302,1.0 
61,5.0 76,5.0 141,5.0 146,1.0 150,5.0 
10,2.0 16,5.0 17,4.0 45,2.0 47,4.0 48,6.0 58,1.0 61,5.0 62,1.0 76,6.0 79,1.0 110,2.0 111,1.0 119,1.0 141,5.0 146,5.0 155,1.0 156,1.0 158,1.0 170,2.0 209,1.0 210,2.0 212,4.0 234,6.0 235,2.0 236,1.0 290,3.0 291,7.0 294,3.0 315,3.0 316,1.0 318,2.0 327,2.0 331,3.0 339,1.0 351,3.0 362,1.0 367,3.0 370,1.0 371,1.0 380,2.0 381,1.0 384,1.0 385,1.0 398,1.0 403,1.0 405,1.0 422,1.0 426,1.0 440,1.0 
147,5.0 148,5.0 
18,16.0 19,26.0 27,11.0 71,5.0 77,5.0 79,5.0 95,1.0 146,5.0 148,1.0 153,5.0 299,3.0 303,12.0 317,3.0 
56,5.0 58,2.0 59,10.0 60,1.0 61,4.0 63,10.0 69,4.0 71,16.0 76,1.0 77,7.0 79,12.0 91,1.0 109,1.0 141,4.0 150,2.0 155,3.0 156,1.0 159,2.0 172,1.0 185,1.0 194,1.0 320,1.0 420,1.0 
41,2.0 45,1.0 49,10.0 50,10.0 52,5.0 53,4.0 54,9.0 69,5.0 77,2.0 79,18.0 81,1.0 83,4.0 84,15.0 110,3.0 124,1.0 141,4.0 155,6.0 156,6.0 158,7.0 212,1.0 234,1.0 236,3.0 241,4.0 242,4.0 291,1.0 295,2.0 296,1.0 299,1.0 303,1.0 315,3.0 320,1.0 338,1.0 
10,2.0 19,1.0 52,5.0 53,8.0 54,5.0 56,7.0 57,12.0 61,10.0 69,16.0 71,3.0 76,14.0 77,11.0 79,6.0 81,8.0 84,7.0 95,2.0 97,5.0 104,3.0 110,1.0 141,8.0 150,1.0 153,3.0 154,6.0 156,17.0 157,10.0 158,9.0 159,6.0 241,9.0 282,1.0 291,1.0 294,2.0 296,3.0 300,1.0 315,2.0 331,2.0 348,1.0 366,1.0 425,1.0 
38,1.0 41,2.0 53,7.0 56,6.0 57,7.0 58,2.0 61,7.0 69,9.0 71,2.0 76,21.0 77,10.0 81,4.0 84,2.0 89,4.0 91,1.0 94,1.0 97,5.0 103,2.0 104,1.0 141,4.0 153,1.0 154,1.0 155,18.0 156,1.0 157,5.0 158,9.0 209,2.0 241,6.0 244,3.0 294,1.0 315,11.0 316,7.0 320,1.0 322,2.0 348,5.0 363,2.0 364,2.0 416,2.0 417,1.0 
16,1.0 22,11.0 33,11.0 49,4.0 50,4.0 57,31.0 62,2.0 76,5.0 79,4.0 89,1.0 110,4.0 111,2.0 155,5.0 156,5.0 244,1.0 278,4.0 324,1.0 325,1.0 
19,1.0 53,11.0 54,8.0 57,5.0 58,4.0 59,4.0 61,3.0 71,1.0 72,8.0 76,2.0 77,4.0 79,11.0 81,7.0 83,4.0 84,7.0 89,6.0 90,8.0 91,1.0 124,1.0 141,6.0 150,1.0 153,1.0 154,7.0 155,9.0 156,4.0 157,5.0 159,5.0 234,1.0 236,2.0 238,2.0 241,3.0 242,4.0 244,3.0 282,4.0 290,5.0 291,2.0 295,1.0 296,2.0 315,11.0 322,2.0 331,1.0 405,2.0 417,1.0 421,1.0 422,1.0 423,1.0 424,1.0 
57,5.0 150,2.0 153,2.0 155,6.0 157,5.0 158,5.0 420,1.0 
12,1.0 18,4.0 19,4.0 20,3.0 22,2.0 27,1.0 28,2.0 29,2.0 31,1.0 33,2.0 35,1.0 36,1.0 55,1.0 78,3.0 87,1.0 99,1.0 102,1.0 111,8.0 114,1.0 122,1.0 160,1.0 462,3.0 
73,3.0 74,2.0 134,3.0 145,2.0 162,3.0 163,5.0 164,3.0 283,2.0 284,2.0 
73,7.0 134,5.0 161,3.0 163,3.0 164,5.0 165,1.0 257,2.0 258,4.0 268,2.0 269,2.0 
66,3.0 134,3.0 145,2.0 164,3.0 165,3.0 257,2.0 258,2.0 284,2.0 
66,5.0 134,5.0 163,3.0 165,5.0 
49,1.0 56,2.0 66,7.0 103,1.0 109,2.0 133,5.0 162,1.0 166,5.0 194,2.0 258,2.0 269,2.0 275,2.0 457,1.0 
65,3.0 133,5.0 167,3.0 213,2.0 266,2.0 
65,5.0 168,5.0 169,5.0 237,3.0 
18,5.0 27,5.0 35,5.0 113,5.0 169,5.0 465,1.0 
18,5.0 27,5.0 35,5.0 113,5.0 168,5.0 
10,2.0 33,3.0 48,6.0 56,1.0 61,1.0 76,1.0 77,1.0 79,1.0 81,3.0 84,1.0 88,3.0 89,1.0 90,1.0 103,1.0 104,3.0 110,1.0 119,18.0 124,1.0 150,2.0 153,2.0 155,1.0 156,4.0 158,1.0 159,2.0 170,2.0 171,15.0 172,15.0 173,5.0 174,13.0 226,3.0 233,1.0 235,1.0 236,4.0 240,3.0 290,8.0 291,12.0 294,2.0 295,3.0 296,1.0 308,1.0 315,4.0 316,4.0 327,1.0 331,5.0 336,5.0 337,1.0 345,1.0 346,1.0 354,2.0 362,2.0 366,1.0 367,1.0 382,1.0 390,3.0 398,1.0 405,2.0 412,1.0 413,3.0 414,3.0 415,2.0 416,1.0 418,3.0 419,1.0 420,1.0 421,1.0 422,2.0 423,1.0 424,1.0 425,1.0 426,1.0 437,1.0 439,1.0 445,1.0 
119,15.0 170,15.0 172,15.0 173,5.0 174,10.0 
54,2.0 81,1.0 93,5.0 111,5.0 119,10.0 141,2.0 158,1.0 170,10.0 171,10.0 173,7.0 174,11.0 175,5.0 176,5.0 177,5.0 212,2.0 367,2.0 387,2.0 438,2.0 448,2.0 453,2.0 
119,5.0 170,5.0 171,5.0 172,7.0 212,1.0 367,1.0 387,1.0 438,2.0 453,2.0 
10,2.0 48,2.0 54,2.0 93,5.0 111,5.0 119,5.0 141,2.0 170,7.0 171,5.0 172,11.0 175,5.0 176,5.0 177,5.0 291,2.0 294,2.0 
14,5.0 15,5.0 28,2.0 55,5.0 93,15.0 99,5.0 111,20.0 175,5.0 176,17.0 177,15.0 
14,5.0 15,5.0 29,2.0 55,5.0 93,15.0 99,5.0 111,20.0 175,15.0 176,5.0 177,15.0 
14,5.0 15,5.0 55,5.0 93,15.0 99,5.0 111,20.0 175,15.0 176,15.0 177,5.0 
59,4.0 179,4.0 
59,4.0 178,4.0 
68,2.0 152,2.0 180,3.0 181,3.0 182,3.0 197,3.0 198,3.0 231,2.0 281,9.0 299,12.0 301,4.0 302,4.0 303,2.0 317,7.0 322,2.0 330,4.0 
14,3.0 21,3.0 23,4.0 24,5.0 34,2.0 60,6.0 79,1.0 110,3.0 182,3.0 183,7.0 199,1.0 271,2.0 449,1.0 450,1.0 
14,3.0 181,3.0 183,3.0 
12,2.0 13,2.0 14,9.0 21,12.0 23,13.0 24,5.0 25,1.0 34,3.0 40,2.0 41,2.0 43,1.0 58,3.0 73,2.0 93,2.0 94,2.0 153,1.0 162,2.0 183,3.0 184,3.0 185,3.0 195,1.0 196,1.0 199,2.0 209,3.0 210,3.0 274,2.0 305,3.0 331,2.0 362,1.0 430,2.0 
59,3.0 185,3.0 
6,3.0 8,3.0 10,1.0 20,1.0 22,1.0 49,1.0 53,2.0 57,1.0 58,25.0 59,6.0 60,12.0 68,3.0 71,6.0 78,1.0 81,1.0 91,3.0 103,1.0 104,2.0 111,1.0 157,1.0 186,5.0 187,3.0 188,4.0 194,9.0 200,1.0 201,1.0 204,1.0 211,3.0 212,3.0 213,3.0 221,4.0 222,3.0 228,1.0 237,2.0 259,2.0 260,2.0 265,2.0 266,2.0 267,2.0 272,2.0 308,2.0 331,1.0 
10,2.0 58,1.0 59,3.0 60,4.0 71,1.0 77,1.0 185,5.0 187,3.0 200,1.0 308,1.0 331,2.0 
59,3.0 60,3.0 77,1.0 185,3.0 186,3.0 369,1.0 
8,3.0 60,4.0 71,1.0 91,1.0 109,4.0 189,3.0 201,1.0 
33,4.0 35,4.0 60,3.0 80,4.0 109,3.0 190,3.0 191,3.0 
45,1.0 47,1.0 53,4.0 57,1.0 58,2.0 81,1.0 91,1.0 104,4.0 157,1.0 191,7.0 192,4.0 193,3.0 194,4.0 202,3.0 203,1.0 216,3.0 
53,1.0 58,1.0 104,1.0 190,7.0 192,3.0 193,3.0 194,3.0 216,3.0 
43,2.0 44,2.0 56,2.0 60,4.0 71,1.0 76,1.0 81,1.0 91,2.0 193,6.0 194,4.0 203,2.0 
43,2.0 44,2.0 56,1.0 60,3.0 91,1.0 192,6.0 194,4.0 
14,4.0 21,4.0 32,4.0 38,4.0 53,4.0 56,17.0 58,18.0 60,4.0 61,3.0 68,3.0 71,1.0 91,10.0 97,10.0 98,10.0 109,24.0 153,1.0 181,1.0 185,9.0 192,2.0 193,2.0 194,5.0 206,2.0 209,1.0 210,3.0 215,3.0 216,6.0 219,10.0 221,15.0 222,3.0 227,1.0 228,1.0 229,1.0 230,3.0 231,1.0 232,1.0 235,3.0 236,3.0 237,3.0 248,3.0 256,3.0 257,2.0 258,2.0 263,2.0 264,2.0 266,2.0 267,2.0 273,2.0 274,2.0 276,2.0 
196,4.0 197,1.0 198,1.0 
20,2.0 32,2.0 88,3.0 195,1.0 197,1.0 198,1.0 383,2.0 404,1.0 
23,1.0 53,1.0 60,2.0 79,2.0 84,1.0 91,1.0 181,2.0 183,1.0 197,1.0 198,3.0 199,1.0 239,3.0 249,1.0 280,7.0 295,1.0 390,1.0 
18,2.0 19,2.0 23,1.0 45,1.0 60,2.0 77,1.0 79,2.0 154,1.0 181,2.0 183,1.0 197,3.0 199,1.0 233,1.0 280,13.0 327,1.0 
21,1.0 23,2.0 34,1.0 153,1.0 183,2.0 
10,1.0 48,1.0 58,1.0 60,1.0 71,1.0 185,1.0 186,1.0 234,1.0 291,2.0 294,1.0 308,3.0 312,2.0 331,1.0 368,1.0 444,1.0 
60,1.0 71,1.0 91,1.0 109,1.0 188,1.0 
53,1.0 58,1.0 81,1.0 91,1.0 104,1.0 190,3.0 192,1.0 194,1.0 203,1.0 
56,1.0 60,1.0 71,1.0 76,1.0 81,1.0 91,1.0 192,2.0 
60,1.0 71,1.0 
60,1.0 71,1.0 76,1.0 77,1.0 96,1.0 107,1.0 108,1.0 124,3.0 206,1.0 210,2.0 315,1.0 316,1.0 331,2.0 385,2.0 
60,3.0 71,3.0 109,2.0 119,1.0 194,2.0 205,1.0 221,2.0 235,1.0 273,4.0 289,1.0 
21,3.0 183,3.0 208,3.0 
21,3.0 183,3.0 207,3.0 
21,1.0 58,1.0 150,1.0 156,2.0 170,1.0 183,1.0 194,1.0 210,2.0 219,1.0 290,1.0 294,1.0 315,1.0 316,2.0 331,3.0 362,1.0 385,1.0 390,2.0 416,1.0 430,2.0 
21,3.0 45,1.0 47,2.0 58,3.0 119,2.0 183,3.0 194,3.0 205,2.0 209,2.0 219,3.0 274,4.0 331,2.0 362,1.0 371,1.0 385,2.0 
6,3.0 58,3.0 155,1.0 185,3.0 212,3.0 215,6.0 239,6.0 241,1.0 366,1.0 
6,3.0 16,4.0 17,4.0 47,4.0 48,4.0 52,1.0 58,3.0 150,4.0 154,1.0 185,3.0 211,3.0 332,1.0 338,1.0 367,2.0 387,2.0 438,1.0 448,1.0 453,1.0 
58,3.0 66,5.0 165,2.0 185,3.0 194,3.0 266,4.0 287,2.0 288,2.0 
194,3.0 211,6.0 215,3.0 216,3.0 
56,3.0 61,3.0 79,1.0 84,1.0 180,23.0 194,3.0 198,1.0 214,3.0 235,3.0 236,3.0 
59,3.0 81,1.0 97,4.0 98,4.0 192,2.0 193,2.0 194,6.0 238,2.0 
56,3.0 109,3.0 218,3.0 
56,3.0 109,3.0 217,3.0 396,1.0 
58,10.0 91,1.0 97,3.0 98,3.0 185,4.0 194,10.0 209,1.0 210,3.0 220,3.0 227,1.0 274,2.0 
58,3.0 185,3.0 194,3.0 219,3.0 
58,3.0 109,11.0 190,4.0 191,3.0 194,14.0 202,1.0 206,2.0 219,3.0 221,2.0 222,3.0 228,1.0 231,1.0 232,1.0 273,2.0 
190,3.0 191,3.0 221,3.0 
24,2.0 29,12.0 34,2.0 56,3.0 62,3.0 70,1.0 86,6.0 89,1.0 109,3.0 124,1.0 128,2.0 194,3.0 213,2.0 224,1.0 225,1.0 226,1.0 233,3.0 234,1.0 236,1.0 254,1.0 266,2.0 277,2.0 
32,1.0 43,1.0 44,1.0 96,1.0 225,1.0 324,1.0 
43,1.0 44,1.0 224,1.0 
29,1.0 89,1.0 153,2.0 155,1.0 158,1.0 159,2.0 170,3.0 223,1.0 240,3.0 291,1.0 354,2.0 418,3.0 419,1.0 420,1.0 421,1.0 422,1.0 423,1.0 424,1.0 
58,1.0 91,1.0 185,1.0 194,1.0 219,1.0 
190,1.0 202,1.0 221,1.0 
21,1.0 24,1.0 28,1.0 32,1.0 56,1.0 62,1.0 76,1.0 81,1.0 88,1.0 89,2.0 91,1.0 97,2.0 98,1.0 109,1.0 230,1.0 294,1.0 295,2.0 331,1.0 332,1.0 
62,1.0 88,3.0 89,2.0 97,3.0 98,3.0 105,2.0 136,1.0 152,1.0 229,1.0 276,2.0 318,1.0 
109,1.0 152,14.0 194,1.0 221,1.0 231,1.0 
109,1.0 194,1.0 221,1.0 
29,3.0 47,1.0 48,3.0 56,1.0 58,1.0 77,1.0 79,1.0 86,3.0 104,1.0 119,1.0 150,1.0 156,2.0 170,1.0 215,1.0 223,3.0 234,4.0 277,2.0 315,1.0 319,1.0 327,2.0 331,1.0 362,3.0 370,1.0 
10,1.0 29,1.0 32,1.0 43,1.0 48,3.0 56,1.0 58,2.0 77,2.0 86,1.0 89,1.0 104,1.0 110,1.0 150,6.0 154,1.0 155,2.0 156,1.0 158,3.0 223,1.0 233,2.0 234,1.0 235,1.0 240,1.0 241,1.0 242,1.0 291,4.0 294,3.0 296,2.0 315,1.0 319,1.0 331,1.0 339,1.0 348,2.0 351,1.0 361,1.0 384,1.0 390,1.0 440,1.0 
10,1.0 48,1.0 56,4.0 61,3.0 76,1.0 89,1.0 119,2.0 150,2.0 170,1.0 194,3.0 206,1.0 215,3.0 234,1.0 236,3.0 289,1.0 290,4.0 318,1.0 327,1.0 328,1.0 365,2.0 398,1.0 403,1.0 422,1.0 426,1.0 
28,1.0 56,3.0 61,3.0 77,2.0 79,2.0 81,3.0 84,3.0 89,2.0 90,2.0 110,1.0 119,2.0 124,3.0 150,1.0 154,3.0 156,2.0 158,2.0 170,6.0 194,3.0 215,3.0 235,3.0 240,1.0 290,5.0 291,2.0 294,1.0 295,7.0 336,2.0 354,1.0 405,2.0 445,1.0 
56,1.0 58,2.0 59,3.0 61,1.0 91,2.0 167,3.0 185,2.0 194,2.0 216,2.0 265,4.0 266,2.0 267,2.0 
47,2.0 109,2.0 124,1.0 239,3.0 281,4.0 315,2.0 322,1.0 362,1.0 
56,2.0 59,3.0 61,2.0 180,18.0 197,3.0 216,1.0 
51,6.0 52,2.0 53,4.0 54,4.0 58,2.0 59,2.0 77,1.0 79,9.0 81,2.0 84,6.0 110,1.0 153,2.0 154,2.0 155,1.0 156,1.0 158,1.0 159,2.0 170,3.0 226,3.0 234,1.0 242,1.0 282,4.0 291,1.0 296,1.0 354,4.0 418,3.0 419,1.0 420,1.0 421,1.0 422,1.0 423,1.0 424,1.0 
38,1.0 41,2.0 53,4.0 61,4.0 77,8.0 79,1.0 81,6.0 89,4.0 91,2.0 96,1.0 110,1.0 141,4.0 154,3.0 155,9.0 156,5.0 158,3.0 234,1.0 244,2.0 282,1.0 290,2.0 294,1.0 296,1.0 300,1.0 315,1.0 320,1.0 348,2.0 366,1.0 405,3.0 
53,4.0 54,4.0 77,1.0 83,4.0 141,4.0 154,4.0 156,1.0 158,4.0 234,1.0 240,1.0 296,1.0 
53,4.0 58,4.0 90,4.0 91,4.0 110,4.0 244,4.0 
22,1.0 33,1.0 53,4.0 57,1.0 58,4.0 89,5.0 90,4.0 91,4.0 110,4.0 157,1.0 158,3.0 241,2.0 243,4.0 290,5.0 405,1.0 417,1.0 
19,4.0 94,9.0 95,4.0 97,4.0 98,4.0 
14,2.0 21,2.0 58,4.0 70,2.0 71,4.0 77,4.0 79,4.0 86,4.0 111,4.0 160,4.0 247,10.0 254,2.0 
14,2.0 58,4.0 70,2.0 71,4.0 77,4.0 79,4.0 246,8.0 254,2.0 
53,1.0 60,4.0 61,4.0 63,4.0 84,4.0 104,1.0 126,4.0 185,1.0 197,2.0 198,2.0 256,4.0 309,1.0 310,1.0 
0,2.0 53,4.0 91,3.0 104,1.0 190,1.0 197,1.0 248,1.0 250,2.0 251,3.0 252,2.0 253,3.0 256,2.0 313,1.0 326,1.0 
0,2.0 249,2.0 251,2.0 252,2.0 253,2.0 
0,2.0 249,3.0 250,2.0 252,2.0 253,2.0 256,1.0 313,1.0 
0,2.0 70,2.0 253,2.0 254,2.0 
0,2.0 70,2.0 248,1.0 249,1.0 252,2.0 254,2.0 256,1.0 
13,1.0 19,4.0 25,2.0 27,8.0 35,8.0 70,2.0 95,4.0 122,1.0 123,1.0 125,1.0 130,2.0 135,2.0 255,2.0 322,1.0 
73,2.0 135,2.0 161,2.0 162,2.0 467,1.0 
53,2.0 81,1.0 104,1.0 185,1.0 197,2.0 198,2.0 248,4.0 309,2.0 310,1.0 313,2.0 314,1.0 
58,2.0 60,2.0 185,2.0 258,6.0 259,2.0 260,2.0 285,2.0 286,2.0 
49,1.0 58,2.0 60,2.0 91,2.0 185,2.0 194,2.0 257,6.0 259,2.0 260,4.0 269,4.0 270,2.0 283,1.0 285,2.0 286,2.0 
260,4.0 261,4.0 262,4.0 
60,2.0 71,2.0 91,2.0 109,2.0 259,4.0 261,4.0 262,4.0 270,2.0 
56,2.0 91,2.0 109,2.0 194,2.0 262,4.0 263,2.0 264,2.0 
40,1.0 56,2.0 91,2.0 109,2.0 194,2.0 261,4.0 263,2.0 264,2.0 458,1.0 
58,2.0 60,2.0 71,2.0 185,2.0 237,2.0 264,4.0 265,2.0 
58,2.0 60,2.0 71,2.0 185,2.0 237,2.0 263,4.0 265,2.0 
58,2.0 91,2.0 185,2.0 194,2.0 237,4.0 266,2.0 267,2.0 
60,2.0 66,2.0 71,2.0 91,2.0 109,2.0 165,4.0 213,4.0 267,4.0 275,3.0 287,2.0 288,2.0 
60,2.0 71,2.0 91,2.0 109,2.0 165,2.0 266,5.0 275,2.0 
162,2.0 258,2.0 269,2.0 
91,2.0 194,2.0 258,4.0 260,2.0 270,2.0 
60,2.0 71,2.0 91,2.0 109,2.0 260,2.0 
21,2.0 23,2.0 24,2.0 60,2.0 110,2.0 181,2.0 183,2.0 
60,2.0 71,2.0 
60,2.0 71,2.0 109,2.0 194,2.0 206,4.0 221,2.0 
21,2.0 58,2.0 183,2.0 194,2.0 210,4.0 219,2.0 
165,3.0 258,2.0 269,2.0 
88,2.0 97,2.0 98,2.0 105,2.0 230,2.0 
29,2.0 86,2.0 223,2.0 233,2.0 
50,8.0 279,9.0 
50,8.0 136,8.0 137,1.0 464,1.0 465,3.0 
18,2.0 19,4.0 27,2.0 67,8.0 75,1.0 146,1.0 152,2.0 155,1.0 180,8.0 198,2.0 231,2.0 238,2.0 241,1.0 303,2.0 304,1.0 
51,4.0 72,4.0 79,8.0 84,4.0 90,4.0 158,4.0 197,2.0 198,2.0 211,1.0 240,4.0 280,2.0 299,8.0 317,2.0 
24,2.0 27,2.0 28,4.0 31,2.0 32,4.0 34,2.0 36,4.0 55,2.0 67,2.0 96,2.0 238,2.0 255,1.0 
74,2.0 145,2.0 161,2.0 163,2.0 258,1.0 284,2.0 
145,2.0 163,2.0 257,2.0 258,2.0 
73,2.0 162,2.0 286,2.0 
73,2.0 162,2.0 285,2.0 
65,2.0 167,2.0 288,2.0 
65,2.0 167,2.0 287,2.0 
10,2.0 79,1.0 119,1.0 154,1.0 290,2.0 291,2.0 
10,8.0 33,1.0 48,2.0 51,4.0 53,2.0 54,1.0 61,1.0 72,1.0 77,2.0 78,1.0 81,2.0 84,2.0 88,1.0 89,2.0 90,1.0 91,3.0 103,1.0 104,1.0 110,1.0 150,3.0 156,2.0 158,2.0 170,14.0 226,3.0 234,2.0 235,1.0 240,4.0 291,11.0 292,2.0 293,2.0 294,11.0 295,6.0 306,4.0 307,1.0 315,4.0 316,1.0 327,1.0 328,1.0 331,3.0 335,5.0 336,2.0 337,1.0 339,2.0 340,1.0 348,1.0 351,1.0 354,4.0 356,2.0 357,1.0 363,3.0 364,1.0 369,1.0 375,1.0 376,1.0 396,2.0 398,1.0 399,1.0 400,1.0 405,4.0 413,2.0 414,2.0 415,2.0 418,3.0 419,1.0 422,1.0 426,1.0 436,1.0 437,2.0 
10,4.0 11,1.0 28,1.0 33,2.0 45,1.0 48,3.0 51,1.0 54,1.0 56,1.0 61,1.0 72,1.0 76,1.0 77,2.0 78,1.0 79,1.0 81,1.0 84,4.0 88,2.0 104,1.0 110,2.0 111,1.0 119,5.0 124,6.0 150,4.0 154,4.0 155,1.0 156,1.0 158,5.0 170,10.0 174,2.0 209,1.0 226,1.0 234,3.0 236,2.0 240,1.0 290,6.0 291,8.0 292,2.0 293,2.0 294,17.0 295,1.0 296,2.0 306,1.0 315,1.0 331,11.0 335,1.0 352,1.0 353,1.0 354,1.0 365,1.0 366,1.0 367,1.0 368,2.0 369,1.0 385,1.0 389,1.0 394,1.0 395,1.0 399,1.0 409,1.0 410,1.0 411,1.0 412,1.0 418,1.0 421,1.0 422,1.0 423,1.0 424,1.0 428,1.0 439,1.0 
289,1.0 293,2.0 294,1.0 
289,1.0 292,2.0 294,1.0 
10,5.0 28,1.0 48,4.0 54,1.0 58,1.0 72,1.0 77,4.0 78,2.0 79,1.0 81,4.0 82,1.0 84,3.0 95,2.0 104,1.0 111,2.0 119,2.0 124,2.0 141,3.0 150,1.0 154,1.0 155,3.0 156,1.0 158,1.0 170,4.0 174,1.0 196,1.0 209,1.0 236,1.0 240,1.0 241,1.0 290,8.0 291,22.0 294,4.0 295,13.0 296,4.0 297,1.0 298,1.0 306,4.0 307,1.0 315,1.0 331,6.0 332,6.0 333,1.0 334,1.0 335,2.0 336,3.0 337,2.0 339,2.0 340,2.0 343,1.0 354,1.0 355,1.0 356,1.0 357,1.0 385,1.0 388,1.0 389,2.0 438,1.0 439,1.0 
47,1.0 48,2.0 51,3.0 56,1.0 58,2.0 61,1.0 77,3.0 79,3.0 81,4.0 84,4.0 89,2.0 90,2.0 91,3.0 95,1.0 104,1.0 119,1.0 141,3.0 154,2.0 155,1.0 156,1.0 158,1.0 170,5.0 174,1.0 236,7.0 240,2.0 290,6.0 291,3.0 294,10.0 295,3.0 296,2.0 331,4.0 333,1.0 334,1.0 335,2.0 336,4.0 337,1.0 346,2.0 354,3.0 390,1.0 396,1.0 402,1.0 438,1.0 439,2.0 445,1.0 
10,2.0 11,1.0 19,1.0 22,1.0 53,1.0 61,1.0 77,1.0 81,2.0 110,1.0 119,1.0 155,4.0 156,1.0 158,1.0 170,2.0 174,1.0 234,2.0 240,1.0 241,1.0 242,1.0 290,1.0 291,4.0 294,3.0 295,2.0 306,2.0 315,1.0 331,3.0 335,2.0 390,1.0 405,1.0 
18,1.0 19,1.0 57,1.0 76,1.0 95,1.0 298,1.0 
18,1.0 19,1.0 95,1.0 297,1.0 
64,1.0 300,29.0 
43,2.0 44,8.0 148,8.0 152,8.0 180,1.0 214,6.0 231,7.0 301,3.0 303,12.0 329,6.0 330,3.0 
18,3.0 19,3.0 183,1.0 198,1.0 302,22.0 305,1.0 
18,3.0 19,6.0 27,3.0 75,3.0 100,1.0 146,3.0 183,1.0 215,15.0 239,10.0 280,1.0 301,4.0 304,3.0 305,2.0 
18,12.0 19,12.0 44,1.0 152,19.0 
18,4.0 19,4.0 79,1.0 146,4.0 154,1.0 
12,2.0 13,2.0 23,2.0 25,2.0 100,1.0 183,3.0 
56,1.0 58,1.0 76,1.0 77,1.0 81,2.0 103,1.0 155,3.0 158,1.0 185,1.0 186,2.0 307,1.0 308,1.0 335,3.0 337,1.0 339,3.0 358,1.0 359,1.0 397,1.0 398,1.0 
56,1.0 58,1.0 103,1.0 306,1.0 340,1.0 397,1.0 398,1.0 401,1.0 
10,2.0 20,1.0 22,1.0 48,2.0 49,1.0 53,1.0 56,1.0 58,2.0 76,2.0 77,2.0 78,1.0 79,1.0 81,1.0 103,1.0 104,2.0 111,1.0 156,1.0 170,1.0 185,2.0 186,1.0 187,1.0 200,3.0 312,1.0 315,1.0 316,1.0 331,2.0 336,1.0 368,1.0 413,1.0 414,1.0 444,1.0 
53,1.0 56,2.0 76,1.0 310,1.0 314,1.0 
53,1.0 56,1.0 309,1.0 
21,1.0 29,1.0 108,1.0 
56,1.0 58,1.0 76,1.0 104,1.0 200,2.0 234,1.0 291,2.0 294,1.0 308,1.0 
53,1.0 81,1.0 256,2.0 309,1.0 314,1.0 
56,1.0 76,1.0 309,1.0 
21,1.0 29,1.0 35,1.0 38,1.0 39,1.0 48,1.0 55,1.0 58,2.0 76,4.0 77,5.0 79,6.0 81,1.0 89,8.0 90,1.0 94,1.0 97,1.0 98,1.0 103,3.0 104,1.0 109,2.0 110,10.0 119,1.0 124,2.0 155,1.0 156,11.0 158,6.0 168,1.0 209,1.0 234,1.0 236,2.0 238,2.0 241,5.0 244,4.0 279,2.0 291,1.0 294,1.0 295,2.0 296,1.0 315,1.0 316,9.0 322,1.0 328,1.0 348,3.0 357,1.0 360,1.0 363,3.0 364,3.0 425,1.0 447,1.0 464,1.0 466,1.0 
21,1.0 29,1.0 35,1.0 39,1.0 55,1.0 76,1.0 77,1.0 89,4.0 97,1.0 98,1.0 110,2.0 156,7.0 158,3.0 209,2.0 241,2.0 244,5.0 315,9.0 316,1.0 416,2.0 417,1.0 
47,1.0 56,1.0 58,1.0 76,1.0 104,1.0 124,1.0 238,1.0 300,18.0 317,1.0 
56,1.0 76,1.0 89,1.0 124,2.0 152,1.0 205,2.0 230,1.0 235,1.0 367,2.0 
56,1.0 58,1.0 104,1.0 233,1.0 234,1.0 
58,1.0 76,1.0 153,1.0 154,1.0 156,1.0 212,1.0 321,1.0 
53,1.0 58,1.0 104,1.0 322,1.0 
19,1.0 27,1.0 35,1.0 61,1.0 89,1.0 95,1.0 103,1.0 141,1.0 158,2.0 238,1.0 282,2.0 290,2.0 321,1.0 405,1.0 
51,1.0 61,1.0 91,1.0 
16,1.0 32,1.0 96,2.0 111,1.0 205,1.0 224,1.0 325,1.0 
16,1.0 111,1.0 324,1.0 
53,1.0 91,1.0 249,1.0 
16,1.0 62,1.0 77,1.0 79,1.0 111,1.0 150,4.0 170,1.0 215,1.0 233,2.0 235,1.0 290,1.0 351,1.0 362,1.0 366,1.0 370,1.0 398,1.0 422,1.0 426,1.0 
45,1.0 53,1.0 61,1.0 68,1.0 79,2.0 81,2.0 84,1.0 119,12.0 124,3.0 141,2.0 150,3.0 172,2.0 173,1.0 235,1.0 290,1.0 291,2.0 328,1.0 351,3.0 365,3.0 366,2.0 375,1.0 376,1.0 393,1.0 403,1.0 451,1.0 
211,6.0 
302,17.0 
10,10.0 11,1.0 19,1.0 43,1.0 47,1.0 48,7.0 53,1.0 54,2.0 58,2.0 77,4.0 79,2.0 81,5.0 84,3.0 91,1.0 95,1.0 103,1.0 150,4.0 155,3.0 156,1.0 158,2.0 170,6.0 195,3.0 209,3.0 233,2.0 234,4.0 235,1.0 241,2.0 290,1.0 291,9.0 294,6.0 295,4.0 296,3.0 315,1.0 331,2.0 344,1.0 348,1.0 352,1.0 353,1.0 355,1.0 356,1.0 361,1.0 362,2.0 380,1.0 385,2.0 390,5.0 394,1.0 395,1.0 430,2.0 437,2.0 442,1.0 443,1.0 
11,1.0 72,1.0 77,1.0 82,1.0 95,1.0 155,1.0 294,8.0 295,2.0 306,1.0 317,1.0 336,1.0 338,1.0 339,2.0 340,1.0 343,1.0 456,1.0 
89,1.0 229,1.0 334,1.0 
89,1.0 229,1.0 333,1.0 
51,2.0 58,1.0 75,1.0 76,1.0 77,1.0 79,1.0 81,1.0 84,2.0 91,2.0 155,2.0 158,1.0 186,1.0 197,1.0 200,1.0 306,3.0 308,2.0 356,2.0 358,1.0 359,1.0 
48,1.0 58,1.0 79,1.0 81,2.0 89,3.0 90,2.0 91,1.0 104,2.0 110,1.0 156,3.0 170,4.0 229,2.0 236,2.0 295,2.0 308,1.0 315,3.0 316,3.0 337,2.0 340,1.0 341,1.0 342,1.0 413,3.0 414,3.0 415,2.0 416,1.0 445,1.0 
76,1.0 79,1.0 89,1.0 104,1.0 110,1.0 229,1.0 306,1.0 315,1.0 336,2.0 358,1.0 359,1.0 
11,1.0 45,1.0 48,1.0 294,4.0 331,1.0 332,5.0 344,2.0 362,1.0 456,1.0 
56,1.0 58,1.0 77,1.0 81,1.0 82,1.0 141,1.0 150,1.0 155,1.0 185,1.0 186,1.0 234,1.0 306,3.0 397,1.0 398,1.0 
56,1.0 58,1.0 307,1.0 336,1.0 341,1.0 342,1.0 397,1.0 398,1.0 
58,2.0 294,2.0 295,2.0 342,2.0 
58,2.0 294,2.0 295,2.0 341,2.0 
58,1.0 72,1.0 341,1.0 342,1.0 
45,1.0 48,1.0 53,2.0 331,1.0 362,1.0 
48,1.0 79,1.0 103,1.0 348,1.0 
28,1.0 33,1.0 236,1.0 347,2.0 378,1.0 
28,2.0 
10,7.0 28,1.0 52,1.0 75,1.0 79,1.0 83,1.0 84,2.0 96,1.0 150,1.0 234,2.0 236,1.0 240,1.0 242,1.0 290,15.0 291,2.0 294,7.0 295,5.0 296,1.0 331,2.0 339,1.0 349,2.0 350,1.0 360,1.0 399,1.0 
28,1.0 52,2.0 79,1.0 83,1.0 84,2.0 350,2.0 
28,1.0 52,2.0 79,2.0 84,1.0 349,1.0 
45,2.0 119,1.0 124,1.0 150,3.0 210,1.0 234,1.0 291,1.0 318,2.0 328,1.0 348,1.0 365,1.0 367,2.0 375,1.0 376,1.0 
200,1.0 312,1.0 353,1.0 
7,1.0 119,1.0 200,1.0 312,1.0 328,1.0 352,1.0 393,1.0 394,1.0 455,1.0 
51,1.0 79,2.0 110,1.0 153,1.0 154,3.0 155,1.0 158,1.0 159,1.0 170,2.0 226,2.0 240,4.0 291,1.0 418,2.0 421,1.0 422,1.0 423,1.0 424,1.0 
200,1.0 312,1.0 356,1.0 
76,1.0 200,2.0 308,1.0 312,1.0 335,2.0 355,1.0 358,1.0 359,1.0 
290,2.0 294,1.0 295,1.0 
10,1.0 76,2.0 291,1.0 294,1.0 331,1.0 359,2.0 
10,1.0 76,2.0 291,1.0 294,1.0 331,1.0 358,2.0 
54,1.0 90,1.0 141,1.0 236,1.0 290,1.0 294,1.0 295,1.0 336,1.0 348,1.0 405,1.0 468,1.0 
61,1.0 119,1.0 156,1.0 386,1.0 387,2.0 
45,2.0 47,3.0 48,3.0 53,1.0 119,2.0 124,1.0 150,1.0 156,1.0 170,1.0 209,1.0 210,1.0 224,1.0 233,3.0 234,1.0 315,1.0 324,1.0 331,6.0 344,1.0 370,1.0 371,1.0 372,1.0 382,1.0 390,1.0 391,1.0 430,1.0 
38,1.0 90,1.0 94,1.0 103,3.0 156,2.0 315,3.0 364,3.0 
38,1.0 76,1.0 89,1.0 94,1.0 103,3.0 104,1.0 142,1.0 156,2.0 315,1.0 363,1.0 406,1.0 
45,1.0 47,2.0 79,2.0 81,2.0 84,1.0 110,1.0 119,4.0 124,4.0 141,1.0 154,1.0 235,2.0 290,2.0 291,1.0 328,2.0 
150,3.0 155,1.0 170,1.0 241,1.0 282,1.0 290,1.0 327,1.0 328,2.0 351,3.0 367,1.0 412,1.0 
45,1.0 48,1.0 52,1.0 124,2.0 150,1.0 170,1.0 205,2.0 212,2.0 234,1.0 290,1.0 318,2.0 332,1.0 338,1.0 366,1.0 387,2.0 412,1.0 438,1.0 448,1.0 453,1.0 
22,1.0 27,2.0 33,2.0 36,1.0 38,1.0 369,1.0 429,2.0 444,2.0 
32,1.0 36,1.0 38,2.0 101,1.0 234,1.0 368,1.0 373,1.0 374,1.0 429,1.0 
150,1.0 210,1.0 362,1.0 371,1.0 
47,1.0 119,1.0 210,1.0 362,1.0 
369,1.0 373,1.0 
38,1.0 101,1.0 369,1.0 374,1.0 
22,1.0 32,1.0 38,1.0 101,1.0 
45,1.0 119,1.0 124,1.0 291,1.0 328,1.0 351,1.0 365,1.0 376,1.0 
45,1.0 119,1.0 124,1.0 291,1.0 328,1.0 351,1.0 365,1.0 375,1.0 
346,1.0 
27,1.0 33,1.0 
150,1.0 380,1.0 
10,2.0 48,1.0 150,2.0 234,1.0 235,1.0 331,1.0 381,1.0 
10,1.0 170,1.0 
47,2.0 48,2.0 119,1.0 124,2.0 170,1.0 233,2.0 331,1.0 362,2.0 433,1.0 
32,2.0 55,2.0 
28,1.0 78,3.0 385,2.0 440,1.0 
77,2.0 78,2.0 81,1.0 91,1.0 150,1.0 209,1.0 241,2.0 290,1.0 294,1.0 331,4.0 
294,1.0 387,1.0 388,1.0 
52,1.0 119,1.0 212,2.0 294,1.0 332,1.0 338,1.0 367,2.0 386,1.0 388,2.0 399,1.0 438,1.0 448,1.0 453,1.0 
119,1.0 124,1.0 294,1.0 389,1.0 399,1.0 402,1.0 
119,2.0 124,2.0 290,2.0 291,2.0 
7,1.0 47,1.0 57,2.0 77,2.0 79,1.0 89,1.0 91,2.0 119,2.0 124,1.0 170,3.0 236,2.0 291,1.0 296,1.0 308,1.0 331,1.0 346,1.0 353,1.0 382,1.0 394,1.0 431,2.0 432,1.0 433,1.0 454,1.0 455,1.0 
28,1.0 111,1.0 206,1.0 235,1.0 
111,1.0 290,1.0 294,1.0 393,1.0 
111,1.0 119,2.0 290,1.0 294,1.0 328,2.0 392,1.0 
7,1.0 119,1.0 291,1.0 294,1.0 328,1.0 353,1.0 393,1.0 395,1.0 455,1.0 
291,1.0 294,1.0 394,1.0 
43,1.0 54,1.0 58,1.0 77,1.0 81,1.0 84,1.0 91,1.0 104,1.0 400,1.0 
56,2.0 294,1.0 331,1.0 398,2.0 
56,2.0 170,1.0 291,1.0 294,1.0 331,1.0 397,2.0 422,1.0 426,1.0 
54,1.0 81,1.0 290,1.0 291,1.0 388,1.0 396,1.0 400,1.0 402,1.0 
54,1.0 81,1.0 396,1.0 
54,1.0 
56,1.0 150,1.0 331,1.0 380,1.0 403,1.0 
45,1.0 56,1.0 57,1.0 119,1.0 150,1.0 297,1.0 367,1.0 
62,1.0 
48,1.0 53,2.0 54,1.0 61,1.0 76,1.0 89,1.0 90,2.0 104,1.0 150,2.0 158,1.0 170,7.0 218,1.0 235,1.0 236,3.0 290,6.0 295,2.0 308,1.0 327,1.0 336,4.0 360,1.0 364,1.0 413,2.0 414,2.0 415,1.0 425,1.0 445,1.0 
142,1.0 156,1.0 
33,1.0 88,1.0 170,1.0 290,1.0 408,1.0 
33,1.0 88,1.0 170,1.0 290,1.0 407,1.0 
170,1.0 291,1.0 410,1.0 411,1.0 
170,1.0 291,1.0 409,1.0 411,1.0 
170,1.0 291,1.0 409,1.0 410,1.0 
170,1.0 290,1.0 366,1.0 367,1.0 
48,1.0 156,3.0 170,3.0 308,1.0 315,2.0 316,3.0 336,3.0 414,3.0 415,2.0 416,1.0 
48,1.0 156,3.0 170,3.0 308,1.0 315,2.0 316,3.0 336,3.0 413,3.0 415,2.0 416,1.0 
156,2.0 170,2.0 315,1.0 316,2.0 336,2.0 413,2.0 414,2.0 416,1.0 
156,2.0 158,1.0 209,1.0 244,1.0 316,2.0 417,1.0 
158,1.0 244,1.0 290,1.0 
153,2.0 155,1.0 158,1.0 159,2.0 170,3.0 226,3.0 240,3.0 291,1.0 354,2.0 419,1.0 420,1.0 421,1.0 422,1.0 423,1.0 424,1.0 
153,1.0 159,1.0 170,1.0 226,1.0 240,1.0 418,1.0 420,1.0 
150,1.0 153,1.0 159,1.0 
150,1.0 158,1.0 422,1.0 423,1.0 424,1.0 
150,1.0 158,1.0 170,1.0 291,1.0 398,1.0 421,1.0 423,1.0 424,1.0 426,1.0 
150,1.0 158,1.0 421,1.0 422,1.0 424,1.0 
150,1.0 158,1.0 421,1.0 422,1.0 423,1.0 
79,2.0 104,1.0 110,1.0 170,1.0 315,1.0 336,1.0 337,1.0 
170,1.0 291,1.0 398,1.0 422,1.0 
53,1.0 91,1.0 428,1.0 
53,1.0 89,1.0 430,1.0 435,1.0 
28,1.0 100,2.0 391,1.0 
209,2.0 290,1.0 331,2.0 362,1.0 390,2.0 435,1.0 436,1.0 
31,1.0 36,1.0 57,2.0 77,2.0 88,1.0 89,1.0 91,2.0 432,1.0 
57,1.0 77,1.0 88,1.0 91,1.0 431,1.0 
47,1.0 48,1.0 124,1.0 170,1.0 233,1.0 331,1.0 362,1.0 382,1.0 
22,1.0 296,1.0 
290,1.0 430,1.0 436,1.0 
48,1.0 290,1.0 331,1.0 437,1.0 
48,2.0 170,2.0 331,2.0 390,2.0 
48,1.0 53,1.0 54,1.0 56,1.0 59,1.0 60,1.0 170,1.0 212,1.0 291,1.0 294,1.0 295,2.0 332,1.0 338,1.0 367,1.0 387,1.0 390,1.0 439,1.0 453,3.0 454,1.0 474,1.0 
56,1.0 61,1.0 170,1.0 172,1.0 291,1.0 295,1.0 
28,1.0 78,1.0 384,1.0 
442,1.0 443,1.0 
200,2.0 308,2.0 443,2.0 
200,2.0 308,2.0 442,2.0 
27,2.0 33,2.0 368,2.0 
81,1.0 89,1.0 90,1.0 170,1.0 236,1.0 295,1.0 336,1.0 
28,1.0 96,1.0 127,1.0 
439,1.0 
49,1.0 52,1.0 212,1.0 367,1.0 387,1.0 
7,1.0 450,1.0 
7,1.0 449,1.0 
119,1.0 172,1.0 328,1.0 
246,1.0 
53,1.0 54,1.0 56,1.0 59,1.0 60,1.0 212,1.0 332,1.0 338,1.0 367,1.0 387,1.0 390,1.0 438,3.0 454,1.0 474,1.0 
7,1.0 353,1.0 390,1.0 394,1.0 455,1.0 
6,1.0 7,2.0 12,1.0 119,1.0 328,1.0 353,1.0 393,1.0 394,1.0 
10,1.0 11,2.0 12,1.0 20,1.0 246,1.0 
262,1.0 
40,1.0 69,1.0 
12,1.0 460,1.0 
12,1.0 459,1.0 
14,5.0 15,9.0 16,2.0 17,1.0 18,2.0 19,1.0 21,3.0 22,1.0 27,1.0 461,1.0 
20,3.0 22,2.0 28,1.0 29,1.0 55,1.0 78,2.0 99,1.0 111,2.0 122,1.0 160,3.0 462,1.0 
110,1.0 315,1.0 464,1.0 466,1.0 
110,1.0 278,1.0 315,1.0 463,1.0 
110,2.0 279,2.0 315,2.0 
110,1.0 315,1.0 464,1.0 
304,1.0 
54,1.0 141,1.0 360,1.0 
53,2.0 58,1.0 61,1.0 470,1.0 
53,2.0 58,1.0 61,1.0 469,1.0 
53,1.0 56,2.0 60,1.0 472,1.0 
53,1.0 56,2.0 60,1.0 471,1.0 
21,1.0 
53,1.0 54,1.0 56,1.0 59,1.0 60,1.0 438,1.0 453,1.0 
20,1.0 
15,1.0 53,1.0 54,1.0 59,1.0 
478,1.0 479,1.0 480,1.0 
477,1.0 479,1.0 480,1.0 
477,1.0 478,1.0 480,1.0 
477,1.0 478,1.0 479,1.0 
