1,1.0 2,3.0 3,2.0 36,1.0 37,1.0 58,5.0 60,1.0 64,5.0 65,4.0 79,2.0 81,2.0 100,2.0 103,2.0 114,4.0 121,4.0 134,3.0 142,1.0 146,1.0 149,1.0 151,6.0 156,2.0 158,5.0 159,1.0 160,2.0 163,1.0 164,1.0 167,3.0 168,1.0 172,1.0 173,2.0 175,2.0 176,3.0 182,5.0 187,2.0 192,1.0 197,4.0 199,1.0 203,1.0 206,1.0 215,1.0 218,2.0 223,1.0 226,1.0 227,2.0 234,2.0 240,1.0 245,1.0 247,2.0 249,3.0 259,1.0 263,3.0 279,1.0 280,1.0 290,1.0 292,1.0 295,1.0 296,1.0 299,1.0 313,2.0 317,3.0 330,1.0 335,2.0 336,2.0 337,2.0 338,2.0 343,5.0 344,6.0 350,2.0 353,1.0 358,2.0 394,1.0 461,1.0 594,1.0 
2,1.0 3,1.0 4,1.0 5,1.0 59,1.0 115,1.0 152,1.0 153,3.0 162,3.0 172,1.0 178,1.0 207,1.0 208,3.0 223,1.0 234,1.0 259,1.0 288,1.0 298,1.0 322,1.0 342,1.0 347,1.0 372,1.0 380,1.0 381,1.0 394,5.0 411,1.0 424,1.0 542,2.0 
0,1.0 1,1.0 3,3.0 4,1.0 5,1.0 37,5.0 38,2.0 81,6.0 82,3.0 102,1.0 103,1.0 115,1.0 116,3.0 133,3.0 138,2.0 139,4.0 142,1.0 151,2.0 155,1.0 164,3.0 168,1.0 182,2.0 186,1.0 190,2.0 193,1.0 213,1.0 226,2.0 248,1.0 263,1.0 277,1.0 279,1.0 280,1.0 287,3.0 292,1.0 295,1.0 317,1.0 321,2.0 350,2.0 353,1.0 371,1.0 394,1.0 474,1.0 518,2.0 
1,1.0 2,3.0 4,3.0 5,2.0 63,1.0 65,1.0 79,1.0 81,2.0 82,4.0 100,2.0 103,3.0 114,1.0 116,1.0 133,2.0 151,3.0 158,2.0 164,2.0 166,3.0 173,2.0 182,2.0 194,4.0 203,1.0 218,1.0 223,1.0 235,1.0 263,1.0 277,1.0 285,2.0 289,1.0 290,1.0 321,1.0 342,1.0 353,1.0 440,1.0 457,1.0 458,1.0 459,1.0 610,1.0 
3,2.0 5,3.0 6,1.0 7,1.0 8,1.0 9,1.0 10,1.0 80,1.0 82,2.0 103,1.0 121,2.0 156,2.0 164,1.0 194,3.0 198,1.0 203,1.0 206,1.0 214,1.0 278,1.0 279,1.0 321,1.0 342,1.0 344,2.0 
4,2.0 6,1.0 7,1.0 8,1.0 9,1.0 10,1.0 80,1.0 82,1.0 194,1.0 485,1.0 597,1.0 611,1.0 614,1.0 615,1.0 616,1.0 
7,2.0 8,2.0 9,1.0 10,1.0 11,1.0 12,1.0 40,1.0 89,1.0 159,1.0 200,1.0 209,1.0 317,1.0 390,1.0 454,1.0 455,1.0 456,1.0 
6,2.0 8,3.0 9,1.0 10,1.0 11,1.0 12,1.0 81,1.0 116,1.0 117,1.0 118,1.0 138,1.0 164,1.0 175,1.0 209,1.0 317,1.0 
6,2.0 7,3.0 9,1.0 10,1.0 11,1.0 12,1.0 164,1.0 209,1.0 317,1.0 610,1.0 611,1.0 613,1.0 
6,1.0 7,1.0 8,1.0 10,1.0 11,1.0 12,1.0 106,1.0 107,1.0 108,1.0 109,1.0 110,1.0 111,1.0 112,1.0 153,1.0 191,1.0 199,1.0 250,2.0 256,1.0 373,1.0 
6,1.0 7,1.0 8,1.0 9,1.0 11,1.0 12,1.0 
12,1.0 13,1.0 
11,1.0 13,1.0 14,1.0 91,1.0 
14,1.0 46,1.0 48,1.0 
15,2.0 16,1.0 49,1.0 92,2.0 
16,1.0 17,2.0 19,1.0 49,1.0 50,1.0 92,1.0 93,1.0 
15,1.0 17,2.0 19,1.0 94,1.0 134,1.0 149,1.0 175,1.0 229,1.0 
15,1.0 18,1.0 19,1.0 20,1.0 22,1.0 23,1.0 51,1.0 95,2.0 
19,1.0 21,1.0 95,1.0 162,3.0 208,3.0 387,1.0 394,3.0 593,2.0 
16,1.0 20,1.0 21,2.0 51,1.0 94,1.0 95,1.0 
21,1.0 22,2.0 24,1.0 51,1.0 52,2.0 53,1.0 95,1.0 304,1.0 576,1.0 580,1.0 581,1.0 582,1.0 
17,2.0 20,1.0 22,2.0 24,1.0 25,1.0 95,2.0 96,1.0 
16,1.0 20,1.0 23,1.0 24,1.0 25,1.0 53,2.0 95,1.0 
19,1.0 24,1.0 95,1.0 
21,1.0 25,3.0 26,1.0 53,1.0 96,2.0 
26,2.0 27,2.0 29,1.0 53,1.0 54,1.0 96,2.0 97,1.0 
25,1.0 27,2.0 29,1.0 55,1.0 97,1.0 98,1.0 
28,1.0 29,1.0 30,1.0 55,2.0 56,1.0 113,1.0 
29,1.0 30,1.0 
27,1.0 30,2.0 31,1.0 32,1.0 55,1.0 98,1.0 99,1.0 113,1.0 
29,1.0 31,1.0 32,1.0 56,1.0 57,1.0 99,1.0 100,1.0 
32,1.0 33,1.0 
31,1.0 33,1.0 
34,1.0 
0,1.0 2,1.0 34,1.0 35,1.0 36,1.0 37,1.0 38,1.0 39,1.0 58,3.0 60,1.0 64,4.0 100,11.0 103,1.0 114,1.0 121,3.0 134,1.0 143,2.0 146,1.0 149,1.0 150,1.0 151,1.0 154,3.0 158,1.0 160,1.0 167,2.0 182,1.0 199,1.0 206,1.0 218,1.0 249,1.0 263,7.0 278,1.0 291,1.0 292,1.0 313,2.0 315,1.0 355,1.0 469,1.0 
0,1.0 36,1.0 37,1.0 38,1.0 39,1.0 65,1.0 79,1.0 156,1.0 160,1.0 177,1.0 178,1.0 207,3.0 218,1.0 234,3.0 248,2.0 273,5.0 291,1.0 300,1.0 301,1.0 313,1.0 329,1.0 347,10.0 379,1.0 381,1.0 391,6.0 392,1.0 394,6.0 
35,1.0 37,3.0 38,3.0 39,1.0 76,1.0 79,1.0 81,4.0 82,2.0 83,1.0 100,1.0 103,2.0 104,1.0 116,2.0 139,2.0 150,1.0 175,1.0 181,1.0 193,4.0 194,1.0 196,1.0 203,1.0 215,1.0 231,1.0 240,1.0 263,1.0 265,1.0 273,2.0 276,1.0 277,1.0 280,1.0 321,2.0 343,1.0 363,1.0 398,1.0 425,1.0 440,1.0 479,1.0 480,1.0 
2,6.0 4,1.0 35,1.0 36,3.0 37,1.0 38,7.0 39,1.0 78,1.0 79,1.0 81,7.0 82,1.0 102,1.0 103,1.0 115,1.0 116,2.0 139,7.0 142,1.0 155,2.0 186,1.0 194,2.0 213,2.0 217,1.0 248,1.0 263,1.0 273,2.0 279,1.0 280,2.0 287,2.0 317,1.0 321,4.0 338,1.0 394,2.0 432,1.0 453,1.0 474,1.0 
2,2.0 6,1.0 36,2.0 37,6.0 39,2.0 40,1.0 41,1.0 42,1.0 43,1.0 44,1.0 64,1.0 81,3.0 102,1.0 103,1.0 116,2.0 138,1.0 139,6.0 154,1.0 167,1.0 186,1.0 217,1.0 218,1.0 273,2.0 287,2.0 321,4.0 390,1.0 394,2.0 453,1.0 454,1.0 455,1.0 
38,2.0 40,1.0 41,1.0 42,1.0 43,1.0 44,1.0 218,1.0 
6,1.0 41,1.0 42,1.0 43,1.0 44,1.0 45,1.0 46,1.0 159,1.0 200,1.0 
40,1.0 42,1.0 43,1.0 44,1.0 45,1.0 46,1.0 384,1.0 390,1.0 487,1.0 488,1.0 489,1.0 490,1.0 
40,1.0 41,1.0 43,1.0 44,1.0 45,1.0 46,1.0 60,2.0 61,1.0 62,2.0 79,1.0 149,1.0 151,1.0 199,1.0 610,2.0 
40,1.0 41,1.0 42,1.0 44,1.0 45,1.0 46,1.0 
40,1.0 41,1.0 42,1.0 43,1.0 45,1.0 46,1.0 
46,1.0 47,1.0 
13,1.0 45,1.0 47,1.0 48,1.0 
48,1.0 
14,1.0 15,1.0 49,2.0 
14,1.0 15,1.0 50,1.0 92,1.0 
16,1.0 18,1.0 
18,1.0 20,1.0 52,1.0 94,1.0 423,1.0 
20,1.0 21,1.0 95,1.0 304,1.0 423,1.0 576,1.0 580,1.0 581,1.0 582,1.0 
24,1.0 25,2.0 54,1.0 96,1.0 
26,1.0 56,1.0 206,1.0 231,1.0 430,1.0 
27,1.0 30,1.0 56,1.0 113,1.0 114,1.0 427,1.0 
30,1.0 55,1.0 57,1.0 
58,1.0 
0,5.0 34,1.0 58,2.0 59,1.0 60,1.0 64,5.0 65,6.0 79,9.0 100,1.0 103,2.0 104,1.0 114,6.0 121,4.0 142,1.0 143,3.0 154,3.0 156,6.0 157,5.0 160,1.0 167,12.0 175,1.0 176,3.0 187,4.0 194,2.0 197,2.0 201,1.0 214,1.0 231,2.0 263,5.0 276,1.0 291,1.0 313,7.0 314,1.0 320,1.0 343,1.0 344,3.0 358,1.0 386,2.0 422,3.0 457,1.0 
0,1.0 42,1.0 60,1.0 153,1.0 158,1.0 162,1.0 186,1.0 329,1.0 393,1.0 397,1.0 539,1.0 
34,1.0 42,2.0 61,1.0 62,2.0 102,1.0 103,2.0 105,1.0 116,1.0 141,1.0 149,1.0 150,1.0 151,1.0 163,1.0 182,1.0 217,1.0 355,1.0 500,1.0 501,1.0 
3,1.0 62,1.0 
3,1.0 61,1.0 185,1.0 195,1.0 196,1.0 
64,1.0 65,1.0 249,1.0 263,1.0 377,1.0 529,1.0 532,2.0 
0,3.0 34,3.0 58,4.0 65,7.0 66,1.0 71,2.0 114,1.0 116,2.0 121,4.0 122,2.0 123,2.0 138,1.0 139,1.0 142,1.0 143,4.0 153,1.0 154,1.0 156,5.0 157,3.0 159,4.0 162,1.0 167,4.0 168,1.0 169,1.0 178,3.0 197,1.0 199,1.0 208,1.0 223,1.0 226,1.0 234,1.0 248,1.0 274,1.0 278,1.0 280,1.0 295,1.0 296,2.0 299,1.0 315,1.0 328,3.0 343,7.0 347,2.0 351,1.0 360,2.0 364,1.0 365,1.0 371,1.0 381,1.0 382,3.0 386,3.0 393,1.0 523,1.0 527,1.0 590,2.0 594,1.0 
0,1.0 3,1.0 58,3.0 64,7.0 66,1.0 114,2.0 121,2.0 142,1.0 143,2.0 145,1.0 154,1.0 157,1.0 158,3.0 160,1.0 172,1.0 176,1.0 187,2.0 197,1.0 226,1.0 249,2.0 263,1.0 274,1.0 280,1.0 293,1.0 295,1.0 297,1.0 328,1.0 351,1.0 353,2.0 365,1.0 368,1.0 386,2.0 394,1.0 525,1.0 526,1.0 527,1.0 528,1.0 
67,1.0 
68,1.0 284,1.0 326,1.0 386,1.0 422,1.0 587,1.0 
36,1.0 69,1.0 83,1.0 116,1.0 373,1.0 
70,1.0 175,1.0 220,1.0 232,1.0 253,1.0 330,1.0 333,1.0 422,1.0 426,1.0 521,1.0 541,1.0 570,2.0 571,1.0 572,1.0 573,1.0 574,1.0 
71,1.0 165,3.0 459,2.0 529,1.0 
0,1.0 72,1.0 121,1.0 133,3.0 143,1.0 162,4.0 164,1.0 177,3.0 178,6.0 195,2.0 197,16.0 203,1.0 206,1.0 207,1.0 208,2.0 215,1.0 222,1.0 231,1.0 249,5.0 259,5.0 286,1.0 343,1.0 344,1.0 347,6.0 370,1.0 377,1.0 378,1.0 381,1.0 382,4.0 457,1.0 541,1.0 542,1.0 590,3.0 594,1.0 
73,1.0 394,2.0 459,2.0 
74,1.0 75,1.0 134,1.0 199,1.0 318,1.0 
75,1.0 76,1.0 77,1.0 
37,1.0 74,1.0 76,1.0 77,1.0 80,1.0 81,2.0 82,2.0 83,1.0 84,1.0 85,1.0 86,1.0 87,1.0 88,1.0 89,1.0 103,1.0 116,1.0 189,1.0 194,1.0 
37,1.0 77,1.0 78,1.0 81,1.0 201,1.0 203,2.0 206,1.0 235,1.0 282,1.0 283,1.0 
37,1.0 76,1.0 78,1.0 
37,1.0 79,1.0 160,1.0 161,1.0 259,1.0 379,1.0 
0,1.0 3,3.0 34,11.0 36,1.0 58,1.0 71,1.0 75,1.0 80,1.0 81,1.0 82,1.0 100,10.0 103,1.0 114,11.0 116,1.0 121,4.0 133,1.0 134,1.0 135,1.0 142,1.0 145,1.0 146,2.0 150,2.0 151,1.0 160,1.0 162,4.0 166,2.0 168,3.0 172,1.0 176,8.0 177,2.0 182,2.0 192,1.0 197,2.0 202,1.0 207,1.0 218,2.0 226,1.0 227,1.0 228,1.0 234,4.0 240,2.0 242,2.0 248,1.0 249,2.0 250,1.0 264,1.0 287,1.0 288,1.0 290,6.0 291,10.0 292,2.0 293,5.0 296,2.0 317,1.0 344,1.0 347,1.0 349,1.0 382,1.0 477,1.0 479,1.0 480,1.0 481,1.0 
0,4.0 35,3.0 71,1.0 75,1.0 79,2.0 81,1.0 82,1.0 83,1.0 84,1.0 85,1.0 86,1.0 87,1.0 88,1.0 89,1.0 103,1.0 114,3.0 115,1.0 116,1.0 121,1.0 160,1.0 162,1.0 166,1.0 181,1.0 199,1.0 207,2.0 231,1.0 249,1.0 289,1.0 368,1.0 372,1.0 391,7.0 394,9.0 537,1.0 542,1.0 591,5.0 597,1.0 608,1.0 
0,2.0 2,8.0 3,2.0 4,2.0 5,1.0 7,1.0 36,1.0 37,7.0 38,5.0 60,1.0 64,1.0 75,2.0 76,1.0 80,1.0 81,1.0 82,6.0 83,1.0 84,1.0 85,1.0 86,1.0 87,1.0 88,1.0 89,1.0 102,2.0 103,4.0 104,1.0 115,1.0 133,2.0 138,3.0 139,6.0 151,2.0 155,1.0 163,1.0 164,2.0 166,1.0 172,1.0 175,2.0 176,1.0 181,1.0 182,2.0 186,1.0 189,1.0 190,1.0 193,1.0 194,1.0 195,1.0 200,3.0 201,1.0 206,1.0 213,1.0 231,1.0 248,1.0 277,3.0 282,1.0 283,1.0 287,2.0 317,1.0 321,6.0 339,2.0 340,1.0 343,2.0 379,2.0 394,2.0 397,1.0 398,1.0 411,1.0 453,1.0 474,1.0 516,2.0 
2,3.0 3,3.0 4,1.0 5,2.0 36,2.0 37,1.0 75,2.0 80,1.0 81,5.0 82,1.0 83,1.0 84,1.0 85,1.0 86,1.0 87,1.0 88,1.0 89,1.0 103,2.0 116,1.0 119,1.0 131,1.0 133,2.0 147,3.0 149,1.0 150,2.0 151,2.0 164,2.0 182,3.0 194,3.0 203,1.0 248,1.0 277,1.0 339,2.0 343,2.0 351,1.0 365,1.0 383,2.0 398,1.0 474,1.0 485,1.0 508,2.0 597,1.0 611,1.0 614,1.0 615,1.0 616,1.0 
36,1.0 84,1.0 85,1.0 86,1.0 87,1.0 88,1.0 89,1.0 90,1.0 116,1.0 133,2.0 195,2.0 199,2.0 265,1.0 
83,1.0 85,1.0 86,1.0 87,1.0 88,1.0 89,1.0 90,1.0 
83,1.0 84,1.0 86,1.0 87,1.0 88,1.0 89,1.0 90,1.0 166,2.0 345,4.0 
83,1.0 84,1.0 85,1.0 87,1.0 88,1.0 89,1.0 90,1.0 147,1.0 148,1.0 
83,1.0 84,1.0 85,1.0 86,1.0 88,1.0 89,1.0 90,1.0 
83,1.0 84,1.0 85,1.0 86,1.0 87,1.0 89,1.0 90,1.0 181,1.0 200,1.0 
81,1.0 83,1.0 84,1.0 85,1.0 86,1.0 87,1.0 88,1.0 90,1.0 277,1.0 287,1.0 321,1.0 456,1.0 
12,1.0 91,1.0 
12,1.0 14,1.0 
15,2.0 17,1.0 93,1.0 
16,1.0 19,1.0 
20,2.0 22,1.0 
16,1.0 17,2.0 19,1.0 21,3.0 22,1.0 23,1.0 24,1.0 292,1.0 341,1.0 381,1.0 
25,2.0 26,1.0 27,1.0 29,1.0 97,1.0 223,1.0 299,1.0 
26,1.0 29,1.0 98,1.0 369,1.0 431,1.0 547,1.0 
29,1.0 30,1.0 99,1.0 
30,1.0 100,1.0 
0,4.0 36,1.0 58,13.0 64,1.0 79,6.0 101,1.0 102,1.0 103,1.0 104,1.0 105,1.0 114,7.0 121,2.0 133,1.0 134,2.0 137,1.0 146,1.0 149,1.0 150,2.0 151,2.0 154,1.0 156,1.0 157,1.0 164,1.0 167,6.0 175,3.0 176,11.0 182,2.0 198,2.0 199,2.0 203,1.0 206,2.0 207,3.0 214,1.0 215,2.0 218,1.0 223,2.0 226,2.0 231,2.0 234,2.0 235,1.0 250,2.0 263,11.0 275,1.0 290,1.0 291,2.0 313,3.0 344,1.0 354,7.0 367,2.0 371,1.0 377,1.0 479,1.0 480,1.0 481,1.0 
9,1.0 102,1.0 103,1.0 104,1.0 105,1.0 106,1.0 107,1.0 108,1.0 109,1.0 110,1.0 111,1.0 136,5.0 140,1.0 141,2.0 156,1.0 176,1.0 199,1.0 202,1.0 208,1.0 241,1.0 263,3.0 300,1.0 374,1.0 381,1.0 595,1.0 
2,1.0 3,1.0 9,1.0 36,1.0 81,2.0 101,1.0 103,3.0 104,2.0 105,1.0 106,1.0 107,1.0 108,1.0 109,1.0 110,1.0 111,1.0 146,1.0 177,1.0 181,1.0 200,1.0 217,2.0 226,1.0 263,1.0 264,1.0 274,2.0 285,1.0 287,2.0 295,1.0 377,1.0 379,3.0 457,1.0 458,1.0 
2,1.0 3,4.0 9,1.0 34,1.0 36,2.0 37,2.0 42,1.0 60,3.0 75,2.0 81,4.0 82,3.0 100,1.0 101,1.0 102,3.0 104,2.0 105,1.0 106,2.0 107,1.0 108,1.0 109,2.0 110,1.0 111,1.0 114,2.0 116,3.0 133,2.0 141,1.0 149,1.0 150,1.0 151,1.0 162,1.0 172,1.0 173,2.0 181,2.0 182,3.0 183,1.0 184,1.0 189,1.0 193,1.0 202,1.0 203,1.0 217,1.0 226,1.0 248,1.0 263,2.0 269,1.0 270,1.0 287,2.0 295,1.0 313,1.0 321,1.0 334,1.0 338,1.0 343,1.0 350,2.0 355,1.0 397,1.0 398,1.0 457,1.0 458,1.0 500,1.0 501,1.0 518,2.0 
9,1.0 36,1.0 101,1.0 102,1.0 103,3.0 105,2.0 106,1.0 107,1.0 108,1.0 109,1.0 110,1.0 111,1.0 131,1.0 177,1.0 181,1.0 195,1.0 206,1.0 269,1.0 270,1.0 278,1.0 279,1.0 
9,1.0 60,1.0 101,1.0 102,2.0 103,1.0 104,2.0 106,1.0 107,1.0 108,1.0 109,1.0 110,1.0 111,1.0 177,1.0 217,1.0 
7,1.0 9,1.0 81,1.0 107,1.0 108,1.0 109,1.0 110,1.0 111,1.0 112,1.0 133,1.0 175,1.0 182,1.0 183,1.0 184,1.0 185,1.0 
9,1.0 34,1.0 106,1.0 108,1.0 109,1.0 110,1.0 111,1.0 112,1.0 116,2.0 120,1.0 121,1.0 341,4.0 
9,1.0 106,1.0 107,1.0 109,1.0 110,1.0 111,1.0 112,1.0 321,1.0 362,2.0 
9,1.0 106,1.0 107,1.0 108,1.0 110,1.0 111,1.0 112,1.0 133,1.0 175,1.0 226,1.0 231,1.0 263,1.0 264,1.0 271,1.0 272,1.0 
9,1.0 106,1.0 107,1.0 108,1.0 109,1.0 111,1.0 112,1.0 
9,1.0 106,1.0 107,1.0 108,1.0 109,1.0 110,1.0 112,1.0 
13,1.0 46,1.0 
55,1.0 114,1.0 
0,8.0 2,1.0 3,1.0 34,8.0 42,1.0 65,2.0 75,1.0 79,10.0 81,1.0 82,1.0 100,1.0 103,1.0 104,1.0 105,1.0 115,2.0 116,1.0 133,2.0 134,1.0 135,1.0 149,1.0 150,1.0 151,3.0 158,3.0 164,1.0 166,2.0 176,3.0 181,1.0 182,2.0 197,1.0 199,2.0 207,1.0 209,1.0 215,2.0 218,1.0 226,1.0 231,2.0 234,2.0 263,7.0 290,5.0 294,1.0 295,2.0 313,1.0 343,2.0 351,2.0 358,1.0 366,1.0 368,1.0 395,1.0 528,1.0 
0,3.0 1,1.0 2,1.0 7,1.0 59,1.0 79,1.0 80,1.0 81,2.0 116,1.0 121,1.0 138,1.0 139,1.0 153,1.0 391,1.0 
2,1.0 3,1.0 7,1.0 36,3.0 37,3.0 38,2.0 58,1.0 64,2.0 65,1.0 83,1.0 88,1.0 103,3.0 104,1.0 105,1.0 106,1.0 114,1.0 117,1.0 118,1.0 132,1.0 133,1.0 138,1.0 139,3.0 142,1.0 157,2.0 160,1.0 166,5.0 167,1.0 173,1.0 174,1.0 178,1.0 179,2.0 180,1.0 182,1.0 183,1.0 184,1.0 190,1.0 193,2.0 194,1.0 201,1.0 203,1.0 213,1.0 263,1.0 265,1.0 273,2.0 276,1.0 277,1.0 287,1.0 321,4.0 338,2.0 341,2.0 343,2.0 352,2.0 358,2.0 360,2.0 516,2.0 
81,1.0 118,1.0 
81,1.0 117,1.0 
107,1.0 120,2.0 136,1.0 329,1.0 424,1.0 525,2.0 
34,2.0 107,1.0 121,2.0 136,1.0 162,2.0 177,2.0 216,1.0 248,2.0 289,1.0 291,1.0 296,1.0 316,1.0 347,1.0 370,1.0 376,4.0 424,1.0 530,1.0 531,2.0 
0,2.0 34,3.0 58,3.0 64,5.0 65,1.0 71,1.0 79,5.0 83,2.0 100,1.0 121,6.0 133,3.0 135,1.0 138,2.0 142,1.0 143,2.0 146,1.0 154,2.0 156,3.0 157,3.0 158,1.0 159,3.0 164,3.0 167,2.0 168,1.0 176,1.0 182,1.0 190,1.0 192,1.0 197,18.0 198,4.0 199,4.0 208,1.0 218,2.0 234,1.0 235,1.0 248,2.0 250,1.0 259,1.0 263,3.0 313,2.0 321,1.0 322,1.0 343,2.0 344,1.0 347,2.0 377,1.0 380,1.0 594,1.0 
123,2.0 124,2.0 125,2.0 133,1.0 134,2.0 137,1.0 182,1.0 213,1.0 
122,2.0 124,2.0 125,2.0 141,1.0 155,1.0 
125,2.0 126,2.0 127,2.0 
124,2.0 126,2.0 127,2.0 
127,2.0 128,2.0 129,2.0 172,1.0 378,2.0 
126,2.0 128,2.0 129,2.0 215,1.0 
129,3.0 130,2.0 131,2.0 223,2.0 248,2.0 537,2.0 
128,3.0 130,2.0 131,2.0 162,1.0 172,1.0 223,2.0 248,3.0 537,2.0 
131,2.0 132,2.0 151,2.0 185,1.0 203,1.0 206,2.0 209,2.0 235,2.0 250,1.0 514,3.0 515,1.0 
108,1.0 130,2.0 132,2.0 135,1.0 147,1.0 213,1.0 244,1.0 343,1.0 345,1.0 361,1.0 362,1.0 
2,1.0 133,2.0 137,1.0 
2,1.0 4,1.0 36,1.0 64,1.0 71,1.0 73,1.0 80,3.0 100,2.0 101,2.0 106,1.0 114,3.0 115,1.0 121,4.0 122,1.0 133,30.0 134,25.0 135,25.0 137,15.0 138,1.0 139,1.0 140,1.0 142,1.0 146,1.0 150,4.0 151,18.0 164,74.0 166,3.0 175,5.0 182,29.0 183,1.0 184,1.0 185,2.0 189,1.0 190,4.0 195,26.0 196,4.0 197,3.0 198,15.0 199,38.0 200,3.0 201,4.0 202,10.0 203,13.0 204,1.0 205,16.0 206,30.0 207,4.0 209,4.0 210,2.0 213,1.0 214,1.0 215,17.0 216,2.0 218,5.0 219,2.0 220,3.0 222,1.0 224,1.0 227,1.0 228,6.0 229,2.0 230,1.0 231,16.0 235,1.0 237,2.0 240,1.0 242,2.0 244,6.0 247,1.0 259,3.0 263,1.0 275,1.0 277,3.0 278,2.0 287,1.0 308,1.0 309,1.0 311,1.0 312,2.0 313,3.0 317,3.0 318,1.0 321,4.0 338,1.0 343,1.0 349,2.0 355,1.0 398,2.0 406,2.0 414,2.0 423,1.0 449,3.0 454,1.0 464,1.0 466,1.0 467,1.0 600,3.0 
58,2.0 73,1.0 100,1.0 114,1.0 119,1.0 122,1.0 133,33.0 134,8.0 135,5.0 137,15.0 140,1.0 142,1.0 143,1.0 149,16.0 151,2.0 152,2.0 156,1.0 164,27.0 175,1.0 182,40.0 195,1.0 196,1.0 198,3.0 199,11.0 203,5.0 205,15.0 206,16.0 209,1.0 213,9.0 215,2.0 220,1.0 228,1.0 229,1.0 237,1.0 240,4.0 242,1.0 244,3.0 245,1.0 247,5.0 263,2.0 284,1.0 288,1.0 299,1.0 317,8.0 318,1.0 334,6.0 350,1.0 357,1.0 381,1.0 409,1.0 436,4.0 449,3.0 463,1.0 464,1.0 466,1.0 469,1.0 470,1.0 472,1.0 
101,1.0 119,1.0 131,1.0 133,20.0 134,5.0 135,3.0 138,1.0 139,1.0 140,1.0 141,1.0 142,1.0 146,1.0 149,6.0 151,1.0 182,4.0 195,3.0 198,2.0 199,1.0 201,2.0 204,1.0 207,2.0 213,2.0 215,10.0 216,2.0 218,2.0 220,2.0 222,1.0 224,1.0 231,7.0 235,2.0 240,2.0 241,1.0 243,1.0 244,2.0 247,1.0 277,2.0 310,2.0 311,2.0 312,2.0 334,3.0 350,1.0 361,1.0 406,2.0 
34,2.0 58,1.0 100,1.0 101,3.0 120,1.0 121,3.0 142,1.0 145,1.0 156,1.0 162,2.0 199,1.0 207,1.0 208,3.0 248,1.0 249,1.0 259,1.0 263,1.0 293,1.0 300,1.0 329,1.0 374,1.0 381,2.0 382,1.0 535,5.0 595,1.0 
71,1.0 79,1.0 100,1.0 121,1.0 122,1.0 133,12.0 134,10.0 135,1.0 137,5.0 138,1.0 139,1.0 151,4.0 164,4.0 166,1.0 175,2.0 176,1.0 182,9.0 185,1.0 190,1.0 196,1.0 198,4.0 199,1.0 200,1.0 201,3.0 202,1.0 203,2.0 205,3.0 206,13.0 213,1.0 221,1.0 228,1.0 237,3.0 240,3.0 242,2.0 244,1.0 250,1.0 252,1.0 287,1.0 299,1.0 316,1.0 317,1.0 334,1.0 340,2.0 398,2.0 400,1.0 423,1.0 
6,1.0 38,1.0 41,1.0 64,1.0 101,1.0 116,1.0 135,1.0 139,4.0 140,1.0 141,1.0 155,1.0 159,1.0 167,1.0 179,1.0 193,2.0 194,1.0 201,1.0 357,2.0 384,1.0 390,2.0 454,1.0 455,1.0 487,1.0 488,1.0 
2,3.0 6,1.0 36,2.0 37,6.0 38,6.0 41,1.0 64,1.0 81,4.0 101,1.0 116,2.0 135,1.0 138,4.0 140,1.0 141,1.0 155,1.0 159,1.0 167,1.0 186,1.0 213,2.0 273,2.0 287,1.0 317,2.0 321,4.0 384,1.0 390,2.0 394,2.0 453,1.0 454,1.0 455,1.0 487,1.0 488,1.0 
101,1.0 133,1.0 136,1.0 141,1.0 213,2.0 227,1.0 311,1.0 317,1.0 
60,1.0 101,2.0 103,1.0 136,3.0 140,1.0 145,1.0 150,1.0 151,1.0 155,1.0 161,1.0 169,1.0 178,1.0 182,1.0 188,1.0 355,1.0 356,1.0 391,1.0 392,1.0 401,1.0 500,1.0 501,1.0 
0,1.0 2,1.0 37,1.0 58,1.0 60,1.0 103,1.0 114,1.0 116,1.0 121,1.0 141,1.0 143,1.0 154,2.0 167,1.0 176,1.0 263,3.0 279,1.0 280,1.0 290,1.0 294,1.0 313,3.0 
58,2.0 64,4.0 65,2.0 121,2.0 138,1.0 139,1.0 143,1.0 144,1.0 157,2.0 158,1.0 159,2.0 167,1.0 187,2.0 313,2.0 321,1.0 322,1.0 349,2.0 457,2.0 
145,1.0 
34,2.0 58,2.0 79,1.0 121,3.0 136,1.0 146,3.0 150,1.0 154,1.0 162,2.0 167,1.0 177,1.0 197,2.0 228,1.0 344,2.0 362,1.0 477,2.0 
34,1.0 58,2.0 86,1.0 100,1.0 101,1.0 141,1.0 146,1.0 147,1.0 149,2.0 154,2.0 158,1.0 162,8.0 167,5.0 176,1.0 181,2.0 191,1.0 200,2.0 203,2.0 208,6.0 226,1.0 249,8.0 258,1.0 263,3.0 264,5.0 275,2.0 277,1.0 312,1.0 313,3.0 343,1.0 344,9.0 347,2.0 349,3.0 351,2.0 382,1.0 393,1.0 
85,2.0 86,1.0 131,1.0 148,1.0 172,1.0 182,1.0 209,1.0 242,1.0 343,1.0 345,3.0 346,1.0 
149,1.0 150,1.0 
42,1.0 58,3.0 65,1.0 79,1.0 134,8.0 135,4.0 143,1.0 146,1.0 149,4.0 150,5.0 151,16.0 152,1.0 156,2.0 164,4.0 166,4.0 175,1.0 176,1.0 181,1.0 182,11.0 195,7.0 199,2.0 200,2.0 203,2.0 205,5.0 206,11.0 208,1.0 226,1.0 228,1.0 229,1.0 231,5.0 235,1.0 236,1.0 247,5.0 263,1.0 264,3.0 275,1.0 292,1.0 305,1.0 310,2.0 311,2.0 313,1.0 326,1.0 327,1.0 328,1.0 334,2.0 349,2.0 351,1.0 355,1.0 356,1.0 365,1.0 434,1.0 436,4.0 468,1.0 469,1.0 
4,1.0 58,1.0 65,1.0 100,2.0 133,2.0 141,1.0 149,5.0 151,12.0 159,1.0 164,3.0 175,2.0 176,2.0 182,8.0 197,2.0 199,6.0 202,2.0 203,7.0 204,2.0 205,1.0 206,3.0 209,2.0 214,1.0 215,8.0 218,1.0 220,2.0 226,1.0 227,1.0 228,2.0 229,4.0 234,3.0 236,1.0 239,1.0 242,2.0 243,1.0 259,3.0 260,1.0 261,1.0 262,1.0 290,1.0 291,1.0 334,2.0 343,1.0 348,1.0 351,1.0 354,1.0 355,2.0 356,2.0 365,1.0 367,1.0 
0,1.0 1,1.0 42,1.0 71,1.0 79,1.0 80,1.0 100,2.0 114,1.0 130,2.0 133,19.0 134,14.0 135,1.0 137,6.0 141,1.0 149,13.0 150,9.0 151,17.0 152,1.0 157,6.0 162,1.0 164,21.0 166,1.0 173,1.0 176,2.0 182,24.0 189,1.0 195,1.0 197,1.0 198,22.0 199,23.0 201,4.0 202,3.0 203,25.0 204,4.0 205,5.0 206,9.0 209,8.0 212,1.0 213,1.0 214,1.0 215,14.0 216,1.0 217,1.0 219,1.0 220,1.0 231,1.0 234,1.0 235,12.0 240,1.0 242,1.0 243,1.0 244,1.0 247,4.0 248,1.0 249,1.0 250,1.0 259,12.0 263,1.0 268,2.0 277,1.0 290,1.0 292,1.0 313,2.0 316,1.0 318,1.0 319,1.0 334,1.0 343,1.0 349,1.0 355,3.0 356,2.0 405,1.0 411,1.0 454,1.0 468,1.0 469,1.0 471,1.0 477,1.0 513,1.0 514,1.0 515,1.0 
0,1.0 1,1.0 153,2.0 208,1.0 313,1.0 370,1.0 373,1.0 547,1.0 
0,2.0 59,1.0 64,1.0 81,1.0 100,1.0 121,1.0 137,1.0 158,1.0 167,1.0 168,1.0 194,1.0 218,1.0 256,1.0 332,1.0 523,2.0 
0,1.0 34,2.0 38,1.0 58,4.0 64,3.0 65,2.0 101,1.0 123,1.0 141,1.0 146,1.0 154,1.0 156,2.0 167,1.0 254,3.0 263,2.0 276,1.0 280,1.0 313,3.0 314,1.0 318,2.0 527,1.0 
2,1.0 37,1.0 81,2.0 100,1.0 102,1.0 136,1.0 139,1.0 141,1.0 145,1.0 166,1.0 176,1.0 213,1.0 263,2.0 289,1.0 293,1.0 317,1.0 325,1.0 393,1.0 397,1.0 537,1.0 
0,3.0 1,1.0 58,3.0 64,2.0 65,1.0 82,1.0 115,1.0 121,3.0 142,1.0 154,1.0 157,4.0 162,1.0 167,10.0 175,2.0 179,1.0 197,3.0 199,1.0 207,2.0 208,4.0 215,1.0 218,2.0 227,2.0 231,1.0 245,1.0 249,1.0 254,1.0 263,4.0 313,1.0 318,6.0 344,3.0 347,3.0 364,1.0 381,1.0 382,1.0 457,1.0 542,1.0 
0,1.0 1,1.0 58,1.0 64,4.0 71,6.0 115,1.0 121,3.0 141,1.0 142,1.0 143,1.0 150,1.0 151,1.0 154,1.0 156,2.0 159,4.0 162,2.0 177,1.0 182,1.0 197,6.0 201,1.0 218,2.0 248,2.0 254,1.0 259,6.0 289,1.0 297,1.0 299,1.0 313,3.0 320,1.0 344,3.0 349,2.0 352,2.0 355,1.0 364,2.0 443,1.0 457,1.0 537,2.0 
0,4.0 3,2.0 64,1.0 65,2.0 100,1.0 156,1.0 159,2.0 162,1.0 167,1.0 176,1.0 187,3.0 206,1.0 208,1.0 226,4.0 235,1.0 285,2.0 295,3.0 300,1.0 301,1.0 335,2.0 336,2.0 337,2.0 338,2.0 350,1.0 351,1.0 353,2.0 366,1.0 381,1.0 
34,2.0 64,4.0 121,2.0 127,1.0 138,1.0 139,1.0 143,1.0 150,1.0 157,4.0 158,1.0 160,1.0 162,5.0 167,2.0 177,2.0 178,1.0 187,3.0 197,4.0 203,1.0 208,4.0 218,6.0 249,2.0 259,1.0 263,1.0 289,1.0 313,1.0 328,2.0 344,2.0 347,2.0 348,1.0 350,5.0 364,1.0 377,1.0 381,2.0 382,2.0 386,1.0 460,1.0 
0,2.0 34,1.0 58,1.0 64,1.0 65,1.0 79,1.0 116,1.0 150,1.0 151,1.0 161,2.0 162,2.0 166,1.0 168,4.0 172,3.0 177,2.0 179,1.0 180,1.0 190,1.0 249,4.0 265,1.0 289,2.0 343,1.0 370,1.0 373,2.0 380,1.0 381,1.0 394,1.0 395,1.0 396,2.0 475,1.0 546,1.0 
103,1.0 141,1.0 160,1.0 162,1.0 169,1.0 178,1.0 190,2.0 208,2.0 223,1.0 373,1.0 395,2.0 396,1.0 397,1.0 401,1.0 539,1.0 546,1.0 547,1.0 548,2.0 
1,2.0 18,3.0 37,1.0 59,1.0 64,4.0 71,3.0 79,3.0 80,1.0 103,1.0 120,2.0 136,2.0 145,1.0 146,8.0 156,1.0 157,2.0 158,1.0 159,4.0 160,2.0 162,29.0 167,1.0 168,2.0 172,2.0 177,10.0 178,4.0 182,2.0 185,2.0 188,5.0 189,1.0 190,2.0 192,1.0 196,3.0 197,3.0 207,1.0 208,57.0 216,1.0 218,2.0 223,3.0 224,2.0 226,1.0 233,5.0 234,4.0 248,8.0 249,36.0 250,4.0 259,6.0 264,1.0 277,2.0 289,19.0 300,2.0 301,1.0 313,2.0 316,1.0 317,2.0 318,1.0 322,3.0 337,1.0 342,3.0 343,5.0 344,8.0 347,2.0 350,2.0 351,1.0 355,1.0 370,4.0 373,2.0 376,1.0 377,3.0 380,1.0 381,17.0 382,8.0 391,6.0 393,3.0 394,4.0 395,1.0 396,2.0 397,1.0 403,1.0 411,1.0 519,1.0 531,1.0 535,2.0 537,1.0 539,1.0 542,1.0 543,1.0 545,1.0 547,2.0 552,1.0 591,1.0 592,1.0 593,2.0 594,1.0 596,1.0 597,1.0 600,2.0 
60,1.0 116,1.0 
0,4.0 4,1.0 64,1.0 71,2.0 80,2.0 100,1.0 101,2.0 114,3.0 121,3.0 133,86.0 134,19.0 135,2.0 137,3.0 149,6.0 150,6.0 151,24.0 157,6.0 158,2.0 164,14.0 165,1.0 175,3.0 182,27.0 185,1.0 187,2.0 189,1.0 195,4.0 196,4.0 197,2.0 198,5.0 199,22.0 200,2.0 202,4.0 203,14.0 205,16.0 206,28.0 209,13.0 214,2.0 215,4.0 218,2.0 219,1.0 220,1.0 224,1.0 228,2.0 229,1.0 230,1.0 231,4.0 240,1.0 244,2.0 245,1.0 247,7.0 259,23.0 263,2.0 275,1.0 277,1.0 309,1.0 313,5.0 317,1.0 335,2.0 336,2.0 349,1.0 355,1.0 398,2.0 443,1.0 454,1.0 464,1.0 466,1.0 467,1.0 486,1.0 600,3.0 
70,3.0 116,1.0 166,1.0 459,2.0 529,1.0 
3,3.0 4,3.0 5,1.0 65,1.0 79,1.0 81,1.0 100,1.0 104,1.0 105,1.0 114,1.0 116,5.0 134,7.0 159,1.0 160,1.0 167,1.0 176,1.0 179,1.0 180,1.0 182,8.0 190,1.0 213,4.0 218,1.0 223,1.0 289,1.0 290,1.0 316,1.0 317,4.0 344,2.0 345,3.0 349,1.0 460,1.0 
0,4.0 34,1.0 58,11.0 64,4.0 65,1.0 79,5.0 100,2.0 114,3.0 121,4.0 143,2.0 145,8.0 153,1.0 154,1.0 156,11.0 157,2.0 159,2.0 162,3.0 167,1.0 175,2.0 176,1.0 197,6.0 207,2.0 218,2.0 227,2.0 234,1.0 263,1.0 291,1.0 313,2.0 344,1.0 347,4.0 350,1.0 386,1.0 422,1.0 461,1.0 
64,1.0 101,1.0 116,1.0 160,3.0 162,2.0 169,1.0 172,1.0 177,4.0 178,1.0 190,2.0 192,1.0 223,1.0 248,1.0 249,3.0 253,1.0 265,4.0 289,3.0 306,1.0 330,2.0 333,1.0 347,1.0 370,2.0 371,1.0 373,3.0 379,5.0 381,1.0 389,1.0 390,1.0 396,2.0 547,1.0 573,1.0 577,3.0 579,1.0 584,1.0 585,1.0 586,1.0 
170,1.0 171,1.0 177,1.0 223,1.0 249,1.0 288,1.0 382,1.0 401,2.0 402,1.0 546,1.0 548,1.0 549,1.0 
171,1.0 172,1.0 
170,1.0 172,1.0 502,1.0 503,1.0 504,1.0 505,1.0 506,1.0 507,1.0 
1,1.0 71,1.0 100,1.0 101,1.0 102,1.0 121,1.0 126,1.0 133,1.0 141,1.0 152,1.0 161,1.0 162,2.0 168,1.0 177,3.0 178,2.0 182,1.0 190,1.0 191,2.0 208,3.0 215,1.0 223,4.0 226,1.0 234,1.0 248,3.0 249,4.0 250,8.0 259,3.0 263,1.0 287,1.0 288,1.0 296,1.0 300,1.0 301,3.0 345,1.0 347,1.0 370,5.0 371,2.0 372,1.0 377,6.0 379,2.0 380,3.0 382,4.0 386,1.0 388,1.0 394,1.0 403,1.0 537,1.0 541,1.0 542,3.0 546,1.0 552,1.0 588,1.0 589,1.0 590,1.0 
3,2.0 71,1.0 100,1.0 103,2.0 106,1.0 114,1.0 151,1.0 174,1.0 197,1.0 199,1.0 
106,1.0 173,1.0 
7,1.0 58,2.0 79,1.0 81,2.0 100,3.0 103,1.0 104,2.0 109,1.0 133,3.0 134,2.0 137,2.0 138,1.0 146,1.0 149,1.0 150,2.0 151,1.0 156,1.0 164,2.0 175,1.0 176,1.0 185,5.0 190,1.0 195,3.0 198,3.0 199,11.0 206,11.0 207,3.0 214,1.0 215,6.0 218,1.0 220,6.0 225,2.0 226,2.0 227,2.0 229,5.0 230,1.0 231,11.0 232,1.0 240,3.0 243,2.0 250,2.0 263,1.0 264,3.0 265,1.0 266,1.0 271,2.0 272,1.0 277,1.0 331,1.0 405,1.0 414,1.0 
0,2.0 2,1.0 3,1.0 4,1.0 5,1.0 58,2.0 65,1.0 79,7.0 81,2.0 82,1.0 100,13.0 103,1.0 104,1.0 114,6.0 121,1.0 134,1.0 137,1.0 146,1.0 166,1.0 175,1.0 182,1.0 191,1.0 198,1.0 199,1.0 202,1.0 203,1.0 206,2.0 207,1.0 213,1.0 226,6.0 231,3.0 234,3.0 240,1.0 242,1.0 263,4.0 290,3.0 291,12.0 293,7.0 295,1.0 313,3.0 349,1.0 351,2.0 
1,1.0 3,1.0 71,2.0 121,2.0 150,1.0 151,1.0 160,2.0 162,10.0 166,1.0 168,2.0 169,1.0 172,2.0 177,6.0 178,13.0 182,1.0 189,1.0 190,4.0 191,1.0 196,1.0 197,3.0 208,12.0 223,3.0 233,4.0 248,7.0 249,7.0 250,3.0 258,1.0 259,3.0 260,3.0 265,3.0 266,2.0 288,1.0 291,1.0 296,1.0 300,2.0 301,1.0 317,1.0 320,1.0 347,2.0 355,1.0 367,2.0 371,8.0 373,1.0 377,1.0 379,2.0 380,1.0 381,3.0 382,4.0 395,3.0 396,1.0 397,1.0 400,6.0 401,2.0 536,1.0 537,7.0 538,3.0 539,1.0 541,2.0 542,3.0 544,1.0 547,2.0 548,7.0 549,1.0 590,1.0 601,1.0 
35,1.0 71,4.0 116,1.0 141,2.0 145,1.0 160,1.0 161,1.0 162,4.0 166,1.0 167,1.0 169,1.0 172,1.0 177,6.0 178,5.0 182,1.0 188,1.0 190,6.0 191,1.0 197,2.0 198,2.0 205,1.0 208,1.0 215,2.0 223,4.0 234,1.0 248,7.0 249,5.0 250,5.0 256,2.0 257,1.0 258,1.0 265,3.0 266,2.0 274,4.0 284,1.0 288,3.0 300,3.0 301,3.0 319,1.0 347,15.0 354,1.0 370,1.0 371,4.0 373,1.0 377,2.0 379,1.0 381,3.0 382,15.0 392,2.0 393,1.0 395,4.0 397,1.0 399,1.0 400,3.0 401,1.0 411,1.0 476,1.0 536,1.0 537,2.0 539,1.0 547,1.0 590,2.0 596,1.0 598,1.0 
80,1.0 116,1.0 172,1.0 180,1.0 193,1.0 194,1.0 201,1.0 203,1.0 205,1.0 237,1.0 373,1.0 
80,1.0 179,1.0 
36,3.0 75,1.0 81,2.0 82,2.0 103,2.0 114,1.0 146,1.0 149,1.0 172,1.0 193,2.0 200,6.0 218,1.0 226,1.0 263,1.0 264,1.0 275,1.0 321,1.0 339,1.0 349,1.0 530,1.0 
58,1.0 65,1.0 73,1.0 79,1.0 80,1.0 100,1.0 106,1.0 114,1.0 133,41.0 134,37.0 135,2.0 137,11.0 140,1.0 141,1.0 147,1.0 149,20.0 150,7.0 151,25.0 159,1.0 162,2.0 164,28.0 166,1.0 176,3.0 177,2.0 182,10.0 183,1.0 184,1.0 185,1.0 189,1.0 190,1.0 195,6.0 196,1.0 199,2.0 205,20.0 206,1.0 207,1.0 209,2.0 213,6.0 215,8.0 220,1.0 226,1.0 228,2.0 229,2.0 231,3.0 233,1.0 234,1.0 235,1.0 240,1.0 242,10.0 243,1.0 244,4.0 247,3.0 263,1.0 277,1.0 279,1.0 287,2.0 289,1.0 291,1.0 293,1.0 295,1.0 299,1.0 305,1.0 317,9.0 318,1.0 326,1.0 327,1.0 328,1.0 334,8.0 345,1.0 346,1.0 349,1.0 351,1.0 354,1.0 355,3.0 356,2.0 365,1.0 367,1.0 393,1.0 409,1.0 410,1.0 436,4.0 437,1.0 438,1.0 454,1.0 464,1.0 466,2.0 467,1.0 468,1.0 
106,1.0 133,1.0 182,1.0 184,1.0 185,1.0 
106,1.0 133,1.0 182,1.0 183,1.0 185,1.0 
121,1.0 130,1.0 133,2.0 137,1.0 151,1.0 162,2.0 164,1.0 186,1.0 195,1.0 196,1.0 197,1.0 198,1.0 199,1.0 200,1.0 206,3.0 215,4.0 224,3.0 231,4.0 240,5.0 278,2.0 289,2.0 514,1.0 
2,1.0 37,1.0 38,1.0 59,1.0 116,1.0 139,1.0 187,1.0 321,1.0 329,1.0 521,2.0 522,2.0 
0,3.0 58,1.0 65,1.0 100,1.0 121,2.0 143,2.0 146,2.0 158,2.0 188,1.0 197,2.0 218,1.0 328,1.0 335,2.0 336,2.0 337,2.0 338,2.0 344,1.0 513,1.0 529,1.0 
0,1.0 58,1.0 81,1.0 103,1.0 160,1.0 162,8.0 189,1.0 193,1.0 207,2.0 208,6.0 234,3.0 249,5.0 277,2.0 289,1.0 344,1.0 347,3.0 377,1.0 382,4.0 391,10.0 393,1.0 592,1.0 598,2.0 
37,1.0 75,1.0 81,1.0 133,1.0 134,1.0 146,2.0 162,1.0 164,1.0 182,1.0 190,1.0 194,1.0 289,1.0 328,1.0 355,2.0 356,2.0 
59,1.0 80,1.0 96,1.0 129,1.0 137,1.0 155,1.0 160,2.0 161,1.0 162,5.0 168,4.0 172,1.0 177,4.0 178,3.0 191,2.0 202,1.0 203,1.0 206,1.0 208,7.0 210,1.0 212,1.0 215,1.0 222,2.0 225,1.0 231,1.0 248,2.0 249,5.0 253,1.0 288,3.0 289,1.0 299,1.0 300,4.0 306,1.0 333,1.0 377,1.0 378,1.0 379,3.0 380,4.0 382,1.0 383,1.0 392,1.0 393,1.0 395,15.0 397,1.0 400,1.0 537,3.0 546,1.0 547,2.0 548,1.0 551,1.0 573,1.0 577,1.0 
9,1.0 68,1.0 80,1.0 115,1.0 129,1.0 150,1.0 152,1.0 153,1.0 155,1.0 161,1.0 175,1.0 177,1.0 178,2.0 192,1.0 199,1.0 208,2.0 215,1.0 223,1.0 231,1.0 248,4.0 250,2.0 256,1.0 258,8.0 300,4.0 319,1.0 377,4.0 379,1.0 391,1.0 475,1.0 495,1.0 537,2.0 540,1.0 547,5.0 552,1.0 
168,1.0 177,1.0 188,1.0 347,1.0 545,1.0 546,1.0 
36,4.0 75,1.0 76,1.0 81,2.0 103,1.0 116,3.0 138,1.0 175,1.0 179,2.0 189,1.0 193,1.0 194,3.0 201,2.0 203,1.0 231,1.0 276,1.0 277,1.0 280,1.0 425,1.0 440,1.0 
3,2.0 4,2.0 5,2.0 36,1.0 37,2.0 58,2.0 60,1.0 64,1.0 76,1.0 81,1.0 82,3.0 105,1.0 116,1.0 151,1.0 179,1.0 193,2.0 194,1.0 201,1.0 203,2.0 218,1.0 235,1.0 280,1.0 285,1.0 321,1.0 342,1.0 344,2.0 350,2.0 432,1.0 440,2.0 485,1.0 518,2.0 597,1.0 611,1.0 614,1.0 615,1.0 616,1.0 
80,2.0 81,1.0 100,1.0 104,1.0 121,3.0 133,24.0 135,5.0 137,1.0 149,5.0 151,2.0 164,2.0 175,4.0 181,1.0 182,8.0 185,1.0 195,3.0 196,1.0 197,1.0 199,14.0 200,4.0 202,5.0 203,8.0 205,1.0 206,10.0 207,2.0 208,1.0 211,2.0 214,1.0 215,11.0 218,2.0 219,2.0 227,1.0 228,2.0 229,1.0 231,9.0 235,2.0 236,1.0 240,1.0 241,2.0 243,2.0 244,1.0 247,1.0 264,2.0 275,1.0 278,1.0 279,1.0 280,1.0 287,1.0 309,1.0 334,4.0 349,2.0 398,1.0 410,1.0 433,1.0 434,1.0 438,1.0 467,1.0 
36,1.0 114,1.0 121,1.0 133,7.0 137,1.0 162,2.0 164,4.0 175,1.0 177,1.0 178,1.0 185,2.0 195,1.0 197,1.0 202,2.0 203,1.0 206,1.0 214,1.0 215,1.0 220,1.0 229,1.0 231,3.0 240,1.0 249,2.0 259,2.0 275,1.0 309,1.0 313,3.0 600,4.0 
0,1.0 6,1.0 40,1.0 58,4.0 65,1.0 71,16.0 79,1.0 114,1.0 121,13.0 133,6.0 143,1.0 145,1.0 150,1.0 156,3.0 159,5.0 162,6.0 164,5.0 166,1.0 167,7.0 178,2.0 182,1.0 187,2.0 195,1.0 196,2.0 197,3.0 200,1.0 203,1.0 206,1.0 208,3.0 218,3.0 231,1.0 248,2.0 249,8.0 259,12.0 290,1.0 318,1.0 343,8.0 344,10.0 345,2.0 347,11.0 348,1.0 351,1.0 370,1.0 377,1.0 378,1.0 381,1.0 457,1.0 594,1.0 600,2.0 
4,1.0 71,1.0 79,1.0 83,2.0 101,1.0 121,2.0 133,14.0 134,1.0 135,2.0 137,6.0 151,24.0 164,2.0 175,6.0 185,1.0 195,4.0 198,9.0 199,29.0 200,4.0 201,3.0 202,3.0 203,12.0 204,1.0 206,12.0 210,2.0 214,2.0 215,25.0 222,1.0 224,2.0 233,1.0 235,9.0 240,8.0 243,2.0 268,1.0 278,1.0 279,1.0 343,1.0 344,1.0 382,1.0 411,1.0 419,1.0 420,1.0 462,2.0 513,1.0 
9,1.0 42,1.0 71,1.0 79,1.0 80,1.0 83,2.0 100,1.0 101,2.0 114,3.0 121,4.0 133,35.0 134,15.0 135,2.0 149,2.0 150,5.0 151,23.0 153,1.0 156,1.0 157,1.0 164,15.0 173,1.0 175,8.0 182,3.0 190,1.0 191,1.0 195,15.0 197,1.0 198,19.0 199,19.0 200,6.0 201,2.0 202,4.0 204,2.0 205,5.0 206,42.0 207,3.0 214,1.0 215,21.0 217,3.0 220,5.0 221,2.0 225,1.0 228,1.0 229,4.0 231,8.0 232,1.0 237,1.0 240,1.0 242,1.0 244,1.0 245,2.0 247,4.0 250,1.0 256,1.0 263,2.0 268,1.0 269,1.0 273,1.0 287,1.0 313,1.0 371,1.0 381,1.0 395,1.0 398,1.0 411,1.0 433,1.0 434,1.0 463,1.0 469,1.0 470,1.0 471,1.0 472,1.0 
6,1.0 36,2.0 40,1.0 81,3.0 133,4.0 134,3.0 146,1.0 149,2.0 159,1.0 164,3.0 181,5.0 185,1.0 190,2.0 193,2.0 198,1.0 199,7.0 200,1.0 206,9.0 218,1.0 224,1.0 226,1.0 235,1.0 240,1.0 247,2.0 252,1.0 254,1.0 263,1.0 264,1.0 275,1.0 321,5.0 334,1.0 339,2.0 340,1.0 397,1.0 
3,1.0 4,1.0 116,1.0 133,5.0 134,1.0 135,1.0 137,2.0 149,1.0 151,2.0 164,1.0 179,1.0 189,1.0 193,1.0 194,1.0 198,5.0 199,3.0 203,3.0 206,3.0 235,2.0 247,1.0 320,1.0 321,1.0 340,1.0 341,1.0 364,1.0 406,1.0 
0,1.0 79,1.0 100,1.0 101,1.0 133,11.0 135,2.0 137,1.0 150,3.0 151,2.0 164,4.0 176,1.0 190,1.0 195,4.0 196,1.0 197,1.0 199,1.0 202,1.0 203,9.0 204,1.0 209,1.0 214,1.0 215,4.0 220,1.0 227,3.0 228,7.0 229,2.0 231,11.0 232,1.0 235,2.0 236,2.0 237,1.0 240,1.0 241,1.0 243,1.0 244,1.0 249,1.0 251,1.0 252,1.0 253,1.0 259,2.0 267,1.0 268,1.0 343,1.0 
0,3.0 4,1.0 71,2.0 76,1.0 79,1.0 81,1.0 103,1.0 107,2.0 130,1.0 133,13.0 134,5.0 135,1.0 137,3.0 149,2.0 150,5.0 151,27.0 152,1.0 159,1.0 164,11.0 176,1.0 190,1.0 195,6.0 197,3.0 198,16.0 201,2.0 202,7.0 203,12.0 204,2.0 205,1.0 206,12.0 210,2.0 211,2.0 212,1.0 213,1.0 214,4.0 215,2.0 216,1.0 219,1.0 227,2.0 228,2.0 229,1.0 231,4.0 235,18.0 236,1.0 237,1.0 244,1.0 245,1.0 247,3.0 251,1.0 252,1.0 253,1.0 263,1.0 284,1.0 292,1.0 308,1.0 313,1.0 334,4.0 341,2.0 343,4.0 348,1.0 349,2.0 350,1.0 400,1.0 469,1.0 477,1.0 513,1.0 514,1.0 
150,2.0 151,2.0 198,2.0 199,1.0 202,2.0 205,2.0 206,3.0 214,1.0 215,2.0 228,1.0 231,2.0 235,1.0 236,2.0 242,1.0 304,1.0 305,1.0 306,1.0 307,1.0 344,1.0 382,1.0 
7,1.0 8,1.0 58,1.0 80,3.0 115,1.0 130,1.0 133,14.0 134,6.0 135,1.0 137,2.0 149,6.0 150,1.0 151,5.0 154,1.0 155,1.0 164,13.0 166,3.0 175,1.0 182,5.0 195,2.0 199,5.0 200,2.0 203,1.0 206,10.0 214,1.0 215,1.0 231,2.0 237,5.0 238,1.0 242,3.0 244,1.0 289,1.0 313,2.0 321,4.0 338,1.0 393,1.0 414,1.0 437,1.0 447,1.0 471,1.0 483,1.0 484,1.0 485,1.0 
0,2.0 4,1.0 54,1.0 71,2.0 76,1.0 79,1.0 80,1.0 100,1.0 101,2.0 104,1.0 114,2.0 121,1.0 130,2.0 133,33.0 134,23.0 135,1.0 137,17.0 142,1.0 149,8.0 150,3.0 151,7.0 164,28.0 175,5.0 181,1.0 185,4.0 195,9.0 198,9.0 199,44.0 200,8.0 201,2.0 202,1.0 203,11.0 204,1.0 205,5.0 206,17.0 207,1.0 212,2.0 213,1.0 214,3.0 215,22.0 217,2.0 221,3.0 224,1.0 228,5.0 229,3.0 231,12.0 235,4.0 237,2.0 240,9.0 244,1.0 247,10.0 269,1.0 273,1.0 275,1.0 278,2.0 279,2.0 280,1.0 290,1.0 309,1.0 334,3.0 340,2.0 342,1.0 344,1.0 364,1.0 381,1.0 398,3.0 399,1.0 404,1.0 407,1.0 408,1.0 409,1.0 414,1.0 421,1.0 423,1.0 430,1.0 433,1.0 434,1.0 448,1.0 469,1.0 472,1.0 514,1.0 
58,1.0 71,1.0 76,1.0 79,2.0 81,1.0 100,4.0 114,1.0 121,1.0 133,2.0 146,1.0 156,4.0 159,1.0 162,1.0 164,2.0 167,5.0 172,2.0 176,2.0 177,2.0 196,1.0 197,9.0 198,1.0 202,1.0 226,1.0 227,1.0 228,1.0 240,1.0 249,4.0 250,2.0 259,2.0 263,3.0 282,1.0 283,1.0 289,1.0 290,2.0 291,4.0 293,2.0 300,2.0 318,1.0 343,1.0 344,11.0 347,6.0 350,1.0 382,2.0 393,1.0 478,1.0 594,1.0 
1,3.0 18,3.0 64,3.0 71,1.0 101,1.0 133,1.0 136,3.0 146,6.0 149,1.0 152,1.0 156,2.0 158,1.0 159,3.0 161,2.0 162,58.0 164,1.0 172,3.0 177,12.0 188,3.0 190,4.0 191,2.0 195,1.0 197,2.0 208,20.0 218,3.0 223,5.0 234,3.0 238,1.0 249,26.0 250,1.0 258,2.0 259,1.0 260,1.0 263,1.0 264,1.0 277,2.0 288,4.0 300,5.0 318,1.0 320,1.0 322,3.0 342,3.0 343,4.0 344,6.0 347,5.0 349,1.0 351,1.0 354,1.0 367,2.0 370,1.0 371,6.0 373,1.0 377,1.0 379,1.0 380,2.0 381,20.0 382,8.0 391,3.0 394,5.0 395,5.0 397,6.0 400,5.0 401,1.0 519,1.0 535,2.0 537,4.0 538,1.0 539,6.0 542,3.0 543,1.0 544,1.0 546,1.0 547,3.0 548,9.0 551,2.0 591,1.0 592,1.0 593,2.0 594,1.0 595,1.0 
0,1.0 6,1.0 7,1.0 8,1.0 64,1.0 121,1.0 133,4.0 134,1.0 150,2.0 151,7.0 155,1.0 157,6.0 164,14.0 202,2.0 203,2.0 213,3.0 215,2.0 218,2.0 239,1.0 259,23.0 292,1.0 313,1.0 317,1.0 325,1.0 345,1.0 346,1.0 514,1.0 515,1.0 516,1.0 
195,2.0 203,2.0 211,2.0 380,1.0 
151,2.0 195,2.0 203,4.0 
206,2.0 213,1.0 214,1.0 399,1.0 493,1.0 
2,1.0 37,1.0 81,1.0 130,1.0 133,2.0 134,7.0 135,1.0 137,1.0 139,2.0 149,4.0 151,1.0 155,1.0 182,7.0 196,1.0 205,7.0 206,1.0 209,1.0 212,1.0 214,1.0 243,1.0 244,1.0 288,1.0 317,5.0 334,1.0 361,1.0 362,1.0 436,1.0 
101,1.0 103,1.0 133,3.0 136,1.0 175,3.0 177,1.0 195,1.0 198,2.0 203,1.0 204,1.0 206,1.0 207,1.0 215,3.0 218,1.0 223,1.0 233,1.0 235,1.0 238,1.0 243,1.0 278,2.0 290,1.0 344,1.0 382,1.0 414,2.0 
71,1.0 79,1.0 100,2.0 121,1.0 133,19.0 135,14.0 137,1.0 150,6.0 151,15.0 156,1.0 164,2.0 172,1.0 175,8.0 179,1.0 182,9.0 185,1.0 191,1.0 195,9.0 198,24.0 199,21.0 200,1.0 202,6.0 203,2.0 204,3.0 206,25.0 207,4.0 209,3.0 214,3.0 215,18.0 216,2.0 217,4.0 218,2.0 220,7.0 221,1.0 224,1.0 225,2.0 226,2.0 228,2.0 229,1.0 231,8.0 234,1.0 235,2.0 239,1.0 240,20.0 242,11.0 243,6.0 250,1.0 254,1.0 255,1.0 258,1.0 259,5.0 260,1.0 261,1.0 262,1.0 263,1.0 268,1.0 278,5.0 281,1.0 290,1.0 291,2.0 292,1.0 293,2.0 294,1.0 313,1.0 318,1.0 319,1.0 334,3.0 342,1.0 371,1.0 379,2.0 404,1.0 407,1.0 408,1.0 414,2.0 462,2.0 465,1.0 466,1.0 
71,1.0 151,1.0 162,1.0 197,1.0 198,3.0 203,1.0 215,2.0 370,1.0 371,1.0 
3,1.0 36,1.0 58,1.0 64,2.0 102,2.0 103,1.0 104,1.0 159,1.0 195,2.0 199,1.0 215,3.0 287,1.0 318,1.0 319,1.0 331,1.0 371,1.0 457,1.0 458,1.0 
0,1.0 34,3.0 35,1.0 58,1.0 64,3.0 79,2.0 100,2.0 103,1.0 104,1.0 114,2.0 121,2.0 133,4.0 142,1.0 151,1.0 156,1.0 159,9.0 162,3.0 164,1.0 177,1.0 178,1.0 194,1.0 195,4.0 197,2.0 198,1.0 199,1.0 207,1.0 208,4.0 215,1.0 218,2.0 219,2.0 234,2.0 259,2.0 290,2.0 291,2.0 292,1.0 293,1.0 313,5.0 343,2.0 344,2.0 347,2.0 350,1.0 381,2.0 422,1.0 461,2.0 541,1.0 
133,2.0 135,2.0 151,1.0 164,1.0 203,1.0 215,2.0 
0,1.0 79,1.0 133,2.0 134,1.0 150,2.0 151,1.0 164,3.0 175,5.0 182,1.0 198,2.0 199,6.0 202,1.0 206,2.0 207,1.0 209,1.0 215,7.0 220,1.0 225,1.0 226,1.0 229,4.0 230,2.0 231,2.0 232,2.0 234,2.0 239,1.0 242,1.0 331,1.0 
164,2.0 196,1.0 203,2.0 206,2.0 
63,1.0 100,3.0 137,1.0 175,1.0 207,1.0 269,1.0 273,1.0 532,1.0 552,1.0 591,1.0 604,1.0 
102,1.0 128,1.0 129,1.0 159,1.0 160,1.0 161,1.0 162,1.0 168,1.0 169,1.0 172,4.0 177,5.0 178,4.0 190,3.0 191,5.0 192,1.0 208,5.0 214,1.0 218,1.0 223,2.0 248,7.0 250,6.0 256,3.0 257,1.0 258,4.0 259,1.0 260,1.0 265,1.0 266,1.0 285,1.0 289,3.0 299,2.0 300,3.0 301,4.0 354,1.0 371,2.0 373,1.0 377,7.0 379,1.0 382,3.0 395,2.0 396,1.0 400,2.0 401,1.0 537,7.0 541,1.0 542,2.0 545,1.0 548,1.0 549,1.0 552,1.0 607,1.0 
162,2.0 185,3.0 198,2.0 199,1.0 200,1.0 206,1.0 215,3.0 231,1.0 240,2.0 278,2.0 289,2.0 419,1.0 420,1.0 
79,1.0 175,1.0 207,1.0 208,1.0 215,1.0 220,1.0 226,1.0 288,1.0 354,1.0 
0,3.0 2,1.0 64,2.0 65,1.0 79,5.0 114,5.0 156,2.0 158,1.0 162,1.0 167,2.0 176,3.0 202,1.0 207,3.0 215,2.0 218,1.0 227,1.0 228,1.0 234,7.0 243,2.0 263,2.0 275,1.0 287,1.0 290,2.0 291,6.0 292,2.0 293,3.0 294,1.0 295,9.0 296,2.0 298,1.0 299,2.0 328,1.0 343,1.0 344,1.0 351,1.0 368,2.0 369,2.0 371,1.0 377,1.0 
4,1.0 133,2.0 134,1.0 150,4.0 164,1.0 175,2.0 182,1.0 196,1.0 199,2.0 202,2.0 203,2.0 206,2.0 228,2.0 
4,1.0 133,7.0 137,1.0 140,1.0 145,1.0 150,3.0 151,1.0 164,2.0 195,2.0 196,2.0 198,1.0 202,6.0 203,3.0 206,4.0 227,2.0 229,2.0 231,4.0 235,1.0 236,1.0 237,1.0 244,1.0 317,1.0 477,1.0 
58,1.0 133,3.0 134,1.0 149,1.0 150,1.0 151,1.0 156,1.0 164,2.0 175,5.0 182,1.0 195,1.0 199,5.0 202,3.0 203,1.0 206,3.0 215,1.0 220,4.0 228,2.0 229,1.0 230,2.0 231,6.0 232,1.0 240,1.0 334,1.0 
133,1.0 164,1.0 199,1.0 202,1.0 220,1.0 229,1.0 231,1.0 
36,1.0 54,1.0 58,1.0 79,1.0 81,1.0 100,2.0 103,1.0 104,2.0 109,1.0 114,1.0 133,17.0 135,7.0 146,2.0 149,5.0 156,1.0 164,8.0 167,1.0 172,2.0 175,9.0 176,2.0 179,1.0 182,3.0 190,1.0 191,1.0 195,13.0 196,1.0 198,1.0 199,7.0 202,10.0 203,6.0 204,1.0 205,3.0 206,13.0 207,1.0 214,1.0 215,6.0 220,1.0 226,1.0 228,3.0 229,2.0 231,3.0 232,1.0 235,4.0 236,2.0 237,2.0 240,4.0 241,2.0 242,1.0 243,1.0 249,1.0 250,1.0 254,1.0 255,1.0 258,1.0 263,3.0 264,4.0 265,1.0 266,1.0 267,1.0 268,1.0 269,1.0 271,2.0 272,1.0 273,1.0 275,1.0 277,3.0 278,2.0 293,1.0 295,1.0 299,1.0 309,1.0 310,2.0 311,2.0 312,2.0 334,1.0 349,1.0 395,1.0 398,1.0 421,1.0 430,1.0 
175,2.0 199,1.0 220,2.0 229,1.0 231,1.0 331,1.0 
120,1.0 136,1.0 150,1.0 162,1.0 177,1.0 189,1.0 220,1.0 234,1.0 297,1.0 355,1.0 376,1.0 519,1.0 520,1.0 535,1.0 
0,5.0 3,1.0 34,1.0 64,4.0 79,8.0 100,1.0 114,3.0 133,1.0 134,1.0 137,1.0 145,1.0 146,1.0 149,1.0 150,1.0 151,3.0 162,4.0 166,1.0 167,4.0 176,1.0 178,1.0 182,2.0 197,4.0 199,1.0 203,1.0 208,3.0 215,3.0 218,2.0 220,2.0 226,8.0 231,1.0 240,1.0 242,1.0 243,1.0 244,1.0 263,1.0 290,6.0 291,8.0 292,5.0 293,2.0 294,1.0 295,3.0 296,1.0 343,3.0 347,3.0 382,3.0 411,1.0 541,1.0 
0,2.0 2,1.0 81,1.0 114,1.0 116,1.0 121,1.0 130,2.0 133,3.0 135,4.0 151,12.0 195,2.0 198,9.0 201,2.0 202,1.0 203,18.0 206,4.0 213,1.0 215,1.0 216,1.0 228,1.0 231,4.0 234,1.0 235,5.0 236,2.0 240,1.0 287,1.0 344,1.0 513,1.0 514,1.0 
58,1.0 133,2.0 135,1.0 156,1.0 167,1.0 195,2.0 202,2.0 203,2.0 207,1.0 228,2.0 231,3.0 235,3.0 
58,1.0 102,1.0 135,1.0 149,1.0 154,1.0 155,1.0 175,2.0 182,1.0 199,1.0 205,5.0 215,1.0 220,1.0 231,2.0 238,1.0 274,1.0 313,1.0 
35,2.0 100,1.0 136,1.0 150,1.0 176,1.0 215,1.0 273,2.0 535,1.0 
133,1.0 150,1.0 151,1.0 164,1.0 202,1.0 203,1.0 209,1.0 
0,1.0 54,1.0 79,2.0 101,1.0 114,1.0 122,1.0 133,2.0 134,3.0 135,1.0 137,5.0 142,1.0 151,2.0 175,1.0 176,1.0 182,1.0 185,1.0 195,3.0 198,11.0 199,2.0 200,1.0 202,3.0 206,10.0 214,3.0 215,18.0 231,5.0 234,1.0 240,3.0 241,2.0 242,3.0 243,1.0 247,2.0 278,5.0 290,1.0 291,1.0 292,1.0 293,1.0 297,1.0 334,4.0 350,1.0 405,1.0 421,1.0 462,2.0 
100,1.0 149,1.0 195,3.0 199,2.0 206,2.0 207,1.0 215,1.0 220,1.0 231,1.0 236,1.0 242,1.0 244,2.0 334,1.0 422,1.0 
79,2.0 133,2.0 134,1.0 137,2.0 147,1.0 150,1.0 151,1.0 164,2.0 176,2.0 182,12.0 190,1.0 195,1.0 199,1.0 204,1.0 207,1.0 209,1.0 215,10.0 220,1.0 231,1.0 234,1.0 236,1.0 237,1.0 240,4.0 242,2.0 290,1.0 291,1.0 292,1.0 293,1.0 297,1.0 324,1.0 346,1.0 465,1.0 466,1.0 
134,2.0 135,1.0 150,1.0 175,3.0 182,2.0 185,1.0 195,1.0 215,6.0 226,1.0 229,1.0 231,1.0 234,1.0 235,1.0 240,2.0 291,2.0 292,1.0 293,2.0 294,1.0 
131,1.0 133,4.0 134,2.0 135,3.0 137,1.0 151,2.0 164,1.0 182,4.0 199,1.0 202,1.0 203,1.0 205,1.0 213,2.0 214,2.0 224,2.0 228,1.0 237,1.0 308,1.0 317,1.0 361,1.0 
79,1.0 195,1.0 196,1.0 199,1.0 206,1.0 207,1.0 246,1.0 247,4.0 298,2.0 439,1.0 
0,1.0 206,1.0 240,1.0 
133,1.0 134,1.0 137,1.0 142,1.0 149,5.0 151,8.0 162,1.0 182,3.0 195,2.0 199,4.0 203,2.0 206,9.0 207,1.0 214,1.0 218,1.0 228,1.0 231,2.0 240,1.0 245,3.0 247,1.0 248,1.0 249,1.0 250,1.0 298,1.0 305,1.0 326,1.0 327,1.0 328,1.0 334,1.0 338,1.0 433,1.0 443,1.0 447,1.0 448,1.0 477,1.0 
2,1.0 37,1.0 71,1.0 79,1.0 81,1.0 82,1.0 120,1.0 121,2.0 128,1.0 129,2.0 145,1.0 156,1.0 157,1.0 162,9.0 172,3.0 177,8.0 178,7.0 190,6.0 191,4.0 196,1.0 197,2.0 223,6.0 233,1.0 238,2.0 248,5.0 249,3.0 250,5.0 258,2.0 259,1.0 260,1.0 265,1.0 266,1.0 288,3.0 289,4.0 291,2.0 293,1.0 300,2.0 313,1.0 316,1.0 318,1.0 346,1.0 347,11.0 354,1.0 367,1.0 370,2.0 371,2.0 373,2.0 376,1.0 377,4.0 379,1.0 380,1.0 382,1.0 393,1.0 395,6.0 396,1.0 397,1.0 399,1.0 400,2.0 474,1.0 477,1.0 537,9.0 539,1.0 541,1.0 542,1.0 546,1.0 547,1.0 590,1.0 
0,2.0 71,3.0 79,2.0 80,4.0 101,1.0 136,1.0 146,6.0 155,1.0 156,1.0 160,1.0 162,34.0 168,4.0 169,1.0 172,3.0 177,5.0 178,5.0 188,5.0 190,6.0 191,1.0 196,3.0 197,9.0 200,2.0 202,1.0 207,4.0 208,27.0 222,1.0 223,1.0 231,1.0 248,2.0 249,18.0 250,2.0 259,5.0 263,1.0 277,2.0 289,2.0 318,1.0 321,2.0 330,1.0 342,5.0 344,12.0 347,12.0 377,8.0 379,2.0 380,1.0 381,1.0 382,3.0 391,5.0 393,1.0 394,1.0 402,1.0 535,1.0 537,1.0 551,1.0 577,1.0 579,1.0 592,1.0 600,2.0 
1,1.0 9,1.0 20,1.0 52,1.0 69,1.0 71,1.0 95,1.0 137,1.0 153,1.0 159,1.0 160,1.0 162,2.0 172,9.0 177,2.0 178,5.0 181,1.0 190,3.0 191,2.0 196,1.0 199,1.0 203,1.0 206,1.0 208,2.0 215,1.0 223,7.0 231,2.0 234,1.0 248,4.0 249,1.0 256,4.0 263,2.0 265,1.0 288,1.0 290,1.0 298,1.0 300,1.0 301,4.0 329,1.0 331,1.0 347,4.0 350,1.0 354,1.0 370,1.0 371,2.0 374,1.0 375,1.0 376,1.0 377,6.0 379,11.0 381,1.0 382,4.0 393,10.0 395,2.0 397,8.0 473,2.0 475,1.0 482,2.0 495,1.0 537,2.0 541,2.0 542,3.0 552,1.0 553,1.0 554,1.0 557,1.0 558,1.0 564,1.0 570,1.0 571,1.0 572,1.0 589,1.0 590,1.0 
164,1.0 206,1.0 252,1.0 253,1.0 307,2.0 329,1.0 330,1.0 
164,1.0 200,1.0 205,1.0 206,2.0 251,1.0 253,1.0 254,1.0 332,3.0 386,2.0 415,1.0 422,2.0 474,1.0 
69,1.0 164,1.0 206,1.0 241,1.0 251,1.0 252,4.0 284,1.0 330,1.0 332,9.0 333,2.0 415,1.0 422,1.0 424,6.0 496,1.0 570,1.0 
154,2.0 156,3.0 189,2.0 255,1.0 256,1.0 257,1.0 318,2.0 329,2.0 
254,1.0 256,1.0 257,1.0 
81,1.0 102,1.0 137,1.0 153,1.0 162,1.0 177,1.0 178,2.0 215,1.0 223,3.0 231,1.0 250,3.0 257,3.0 289,1.0 300,1.0 301,1.0 371,1.0 377,1.0 382,1.0 537,2.0 542,1.0 
162,1.0 177,1.0 215,1.0 223,1.0 231,1.0 256,3.0 289,1.0 537,1.0 542,1.0 
150,1.0 161,1.0 175,1.0 177,1.0 178,2.0 191,8.0 208,1.0 215,1.0 223,1.0 231,1.0 248,3.0 300,3.0 319,1.0 537,2.0 547,3.0 
0,2.0 1,1.0 64,1.0 71,7.0 78,1.0 121,2.0 133,4.0 147,1.0 150,3.0 151,12.0 157,12.0 159,1.0 160,1.0 161,1.0 162,6.0 164,24.0 172,3.0 177,1.0 178,2.0 196,2.0 197,12.0 202,2.0 207,2.0 208,1.0 209,24.0 215,5.0 218,4.0 222,1.0 223,2.0 249,5.0 250,1.0 259,26.0 260,3.0 300,1.0 313,2.0 343,6.0 350,1.0 373,1.0 379,2.0 382,5.0 412,1.0 413,1.0 537,1.0 541,2.0 542,1.0 547,1.0 594,1.0 600,2.0 
133,1.0 150,1.0 164,1.0 177,2.0 196,1.0 208,1.0 215,1.0 223,3.0 248,2.0 259,3.0 264,1.0 271,1.0 288,1.0 300,2.0 301,1.0 320,1.0 537,3.0 538,4.0 541,2.0 546,1.0 547,1.0 600,1.0 
156,1.0 215,1.0 231,1.0 262,1.0 263,1.0 
156,1.0 215,1.0 231,1.0 261,1.0 263,1.0 
0,5.0 3,1.0 34,1.0 35,1.0 36,1.0 58,10.0 71,1.0 100,12.0 102,1.0 103,2.0 114,4.0 133,5.0 142,3.0 146,1.0 149,1.0 151,2.0 156,8.0 159,1.0 164,5.0 167,10.0 173,1.0 176,3.0 179,1.0 182,2.0 195,2.0 197,1.0 199,4.0 202,1.0 203,2.0 206,4.0 207,2.0 208,1.0 215,1.0 218,5.0 220,1.0 226,3.0 231,2.0 234,1.0 236,1.0 240,1.0 241,1.0 245,1.0 247,3.0 249,1.0 250,1.0 291,1.0 293,1.0 313,4.0 326,1.0 327,1.0 343,2.0 350,1.0 354,1.0 363,1.0 377,2.0 381,1.0 382,1.0 467,1.0 542,1.0 
109,2.0 133,1.0 146,5.0 149,4.0 162,1.0 164,1.0 175,2.0 181,2.0 191,1.0 195,2.0 196,1.0 200,2.0 208,1.0 226,2.0 231,3.0 258,1.0 260,1.0 263,2.0 264,2.0 271,4.0 272,2.0 275,2.0 349,2.0 393,1.0 600,1.0 
133,1.0 160,1.0 168,4.0 177,3.0 178,2.0 199,1.0 202,1.0 208,1.0 223,1.0 226,1.0 231,1.0 242,1.0 248,2.0 249,1.0 250,1.0 266,4.0 289,2.0 330,1.0 347,2.0 370,2.0 373,1.0 536,1.0 537,1.0 542,1.0 577,1.0 584,1.0 585,1.0 586,1.0 
177,2.0 178,1.0 202,1.0 223,1.0 231,1.0 248,1.0 249,1.0 265,4.0 536,1.0 
58,1.0 175,1.0 176,1.0 231,1.0 268,1.0 
58,1.0 134,1.0 151,1.0 175,1.0 176,1.0 231,1.0 267,1.0 
102,1.0 175,1.0 231,1.0 250,1.0 263,1.0 270,1.0 273,4.0 274,1.0 382,1.0 517,2.0 
175,1.0 231,1.0 269,1.0 
109,2.0 133,1.0 164,1.0 175,2.0 196,1.0 226,1.0 231,2.0 260,1.0 263,1.0 264,4.0 271,1.0 272,2.0 600,1.0 
109,1.0 175,1.0 226,1.0 231,1.0 263,1.0 264,1.0 271,1.0 
35,5.0 36,2.0 37,2.0 38,2.0 79,1.0 81,2.0 102,1.0 139,2.0 248,2.0 250,1.0 263,1.0 269,4.0 274,1.0 291,1.0 321,2.0 329,1.0 347,4.0 382,1.0 517,2.0 
64,1.0 65,1.0 71,2.0 102,2.0 146,1.0 178,2.0 181,1.0 197,2.0 200,1.0 264,1.0 328,1.0 347,2.0 351,1.0 365,1.0 382,2.0 
133,1.0 146,1.0 149,1.0 181,1.0 195,1.0 200,1.0 205,1.0 206,1.0 207,1.0 226,2.0 231,1.0 237,1.0 263,1.0 264,1.0 309,2.0 
88,1.0 116,1.0 135,1.0 149,1.0 231,1.0 314,1.0 
34,1.0 37,1.0 38,1.0 64,1.0 65,1.0 81,2.0 104,1.0 116,1.0 133,2.0 146,3.0 151,2.0 154,1.0 162,2.0 164,2.0 175,1.0 182,2.0 195,1.0 205,1.0 206,1.0 208,2.0 231,1.0 237,1.0 249,2.0 287,1.0 312,2.0 321,2.0 328,1.0 338,1.0 344,2.0 
64,2.0 65,1.0 133,2.0 137,1.0 151,1.0 159,1.0 195,1.0 206,1.0 214,3.0 215,5.0 231,2.0 240,5.0 241,3.0 279,2.0 280,1.0 315,1.0 328,1.0 331,1.0 414,2.0 
2,1.0 37,1.0 142,1.0 182,1.0 195,2.0 206,1.0 241,1.0 263,1.0 278,2.0 280,2.0 334,1.0 343,2.0 516,2.0 
2,1.0 36,1.0 37,2.0 58,1.0 64,1.0 65,1.0 142,1.0 181,1.0 193,1.0 194,1.0 195,1.0 200,1.0 206,1.0 263,1.0 279,1.0 425,1.0 432,1.0 527,1.0 
207,1.0 
76,1.0 81,1.0 201,1.0 283,1.0 
76,1.0 81,1.0 201,1.0 282,1.0 
3,1.0 67,1.0 133,1.0 164,1.0 194,1.0 285,1.0 326,2.0 386,2.0 415,1.0 422,1.0 424,1.0 440,1.0 474,1.0 587,1.0 
3,1.0 102,1.0 149,1.0 151,1.0 177,1.0 194,1.0 195,1.0 203,2.0 231,1.0 235,1.0 264,1.0 440,1.0 
79,1.0 287,1.0 290,1.0 
2,3.0 3,1.0 37,1.0 38,2.0 64,1.0 79,1.0 81,2.0 102,2.0 103,2.0 116,1.0 133,1.0 134,1.0 135,1.0 138,2.0 139,1.0 159,1.0 177,1.0 182,3.0 187,1.0 190,1.0 193,1.0 199,1.0 217,1.0 226,2.0 277,1.0 288,1.0 292,1.0 295,1.0 321,1.0 331,1.0 332,1.0 409,1.0 457,1.0 458,1.0 
3,1.0 157,1.0 162,1.0 166,1.0 172,1.0 177,1.0 178,3.0 190,3.0 191,2.0 208,4.0 248,3.0 250,1.0 258,1.0 298,1.0 300,3.0 301,1.0 313,1.0 354,2.0 377,2.0 395,3.0 397,4.0 435,1.0 537,1.0 539,4.0 546,2.0 548,1.0 589,1.0 
80,1.0 120,1.0 155,1.0 157,2.0 159,1.0 160,3.0 162,19.0 168,3.0 172,1.0 177,1.0 178,1.0 185,2.0 188,2.0 190,1.0 192,1.0 207,1.0 223,3.0 224,2.0 248,4.0 256,1.0 257,1.0 265,2.0 289,6.0 313,2.0 316,1.0 344,1.0 347,1.0 350,1.0 370,1.0 376,1.0 379,1.0 380,1.0 382,1.0 391,3.0 393,1.0 397,1.0 415,1.0 537,1.0 545,1.0 546,1.0 585,1.0 586,1.0 597,1.0 
79,8.0 100,4.0 114,4.0 133,2.0 134,1.0 135,1.0 137,2.0 197,1.0 203,2.0 206,4.0 215,1.0 218,3.0 226,3.0 234,6.0 240,1.0 241,1.0 242,1.0 247,1.0 263,2.0 291,2.0 292,2.0 293,1.0 295,4.0 334,1.0 366,2.0 367,1.0 368,1.0 370,1.0 373,1.0 408,1.0 
58,1.0 79,4.0 100,10.0 121,2.0 150,1.0 164,1.0 167,1.0 172,1.0 176,12.0 177,1.0 182,1.0 196,1.0 197,2.0 215,1.0 226,6.0 234,9.0 240,1.0 242,1.0 243,1.0 248,3.0 263,4.0 265,1.0 290,4.0 292,3.0 293,15.0 295,1.0 298,1.0 313,1.0 347,2.0 
34,2.0 79,2.0 142,1.0 149,1.0 150,1.0 151,1.0 176,3.0 182,1.0 190,1.0 203,1.0 215,1.0 234,4.0 240,1.0 242,1.0 243,1.0 290,1.0 291,3.0 293,2.0 294,1.0 313,1.0 381,1.0 440,1.0 441,1.0 442,1.0 469,1.0 
100,8.0 149,1.0 150,1.0 156,1.0 158,1.0 164,1.0 176,7.0 182,2.0 196,1.0 215,1.0 226,5.0 234,3.0 243,1.0 247,1.0 248,1.0 250,1.0 263,2.0 290,1.0 291,15.0 295,3.0 297,2.0 318,1.0 326,1.0 327,1.0 371,1.0 
100,1.0 195,1.0 215,1.0 226,1.0 241,1.0 243,1.0 291,2.0 292,1.0 293,1.0 295,3.0 366,3.0 
2,2.0 65,2.0 102,1.0 103,1.0 114,1.0 158,2.0 182,1.0 215,1.0 218,1.0 226,14.0 231,1.0 240,1.0 242,1.0 243,1.0 287,2.0 290,3.0 291,2.0 293,3.0 294,1.0 296,3.0 298,1.0 366,6.0 368,1.0 528,1.0 
65,1.0 121,1.0 157,1.0 172,1.0 177,1.0 197,1.0 240,1.0 242,1.0 295,2.0 297,2.0 298,1.0 367,2.0 370,1.0 379,1.0 
64,1.0 158,1.0 172,1.0 214,1.0 226,1.0 234,1.0 290,1.0 293,2.0 295,1.0 299,1.0 414,1.0 
157,2.0 288,1.0 291,1.0 296,1.0 313,1.0 368,1.0 369,2.0 537,1.0 
0,1.0 64,2.0 159,1.0 218,1.0 223,2.0 233,1.0 250,1.0 294,1.0 296,2.0 297,1.0 366,2.0 373,1.0 378,1.0 379,1.0 396,1.0 
35,1.0 156,1.0 162,2.0 172,1.0 177,2.0 178,3.0 190,5.0 191,3.0 208,5.0 223,3.0 248,2.0 249,1.0 250,2.0 258,2.0 259,1.0 260,2.0 263,1.0 265,1.0 288,3.0 300,2.0 301,3.0 302,1.0 303,1.0 319,1.0 347,1.0 367,1.0 374,1.0 377,2.0 379,1.0 381,1.0 382,1.0 395,4.0 397,3.0 403,1.0 538,1.0 539,3.0 541,1.0 546,1.0 547,8.0 552,1.0 588,1.0 606,2.0 
162,1.0 172,3.0 177,1.0 178,3.0 191,1.0 223,4.0 248,1.0 250,4.0 256,1.0 257,1.0 258,1.0 265,1.0 288,1.0 300,3.0 302,1.0 303,1.0 347,1.0 377,3.0 382,1.0 537,1.0 552,1.0 589,1.0 
204,1.0 303,1.0 304,1.0 305,1.0 
204,1.0 302,1.0 304,1.0 305,1.0 
168,1.0 190,1.0 204,1.0 305,1.0 306,2.0 307,1.0 327,1.0 379,1.0 575,1.0 576,2.0 577,1.0 580,1.0 581,1.0 582,1.0 583,1.0 
168,1.0 204,1.0 249,1.0 251,1.0 291,1.0 293,1.0 304,1.0 306,1.0 307,2.0 308,1.0 328,2.0 379,1.0 573,1.0 578,1.0 
305,2.0 307,1.0 308,1.0 424,1.0 426,1.0 573,2.0 577,1.0 578,1.0 
168,1.0 213,1.0 251,1.0 265,1.0 305,1.0 306,1.0 308,1.0 327,1.0 329,1.0 330,1.0 373,1.0 436,1.0 578,1.0 582,1.0 
291,1.0 293,1.0 305,1.0 331,1.0 332,1.0 333,1.0 422,1.0 
133,1.0 195,1.0 205,1.0 206,1.0 231,1.0 237,1.0 275,2.0 
235,2.0 236,1.0 311,2.0 
134,1.0 182,1.0 213,1.0 235,2.0 236,1.0 254,1.0 310,2.0 529,1.0 
34,1.0 146,1.0 154,1.0 205,1.0 237,1.0 277,2.0 
0,3.0 34,3.0 58,7.0 82,4.0 100,1.0 103,1.0 134,1.0 149,1.0 151,1.0 154,3.0 156,4.0 157,6.0 162,2.0 164,1.0 167,4.0 172,1.0 175,1.0 177,1.0 197,1.0 203,2.0 218,2.0 226,1.0 234,1.0 247,1.0 248,4.0 259,1.0 263,3.0 276,1.0 289,1.0 291,2.0 294,1.0 313,1.0 314,1.0 343,1.0 347,3.0 350,1.0 537,2.0 
135,1.0 149,1.0 203,1.0 206,1.0 231,1.0 276,1.0 
137,1.0 151,1.0 278,1.0 
157,1.0 162,1.0 166,1.0 248,1.0 289,1.0 313,1.0 317,1.0 
6,1.0 7,1.0 8,1.0 133,3.0 134,8.0 137,2.0 140,4.0 149,4.0 151,1.0 162,2.0 164,1.0 177,2.0 182,9.0 196,1.0 205,4.0 209,3.0 215,1.0 227,1.0 233,1.0 244,1.0 436,4.0 
58,1.0 64,1.0 73,1.0 134,1.0 154,1.0 156,5.0 162,1.0 199,1.0 208,3.0 217,1.0 249,1.0 254,1.0 319,1.0 343,1.0 344,2.0 382,1.0 
58,1.0 64,1.0 178,1.0 190,1.0 217,1.0 300,1.0 318,1.0 395,1.0 547,1.0 
134,1.0 149,1.0 177,1.0 191,1.0 201,1.0 208,1.0 258,1.0 537,1.0 
2,2.0 3,1.0 4,1.0 36,2.0 37,7.0 38,7.0 60,1.0 81,5.0 103,1.0 105,1.0 116,4.0 134,4.0 139,5.0 154,1.0 164,4.0 177,1.0 182,4.0 186,1.0 190,2.0 194,1.0 200,4.0 201,1.0 273,2.0 277,2.0 287,1.0 322,1.0 323,1.0 338,2.0 339,1.0 340,1.0 341,1.0 342,1.0 362,1.0 394,2.0 397,1.0 453,1.0 
71,1.0 159,1.0 162,2.0 197,1.0 208,2.0 218,1.0 321,1.0 323,1.0 381,2.0 
242,1.0 324,1.0 
133,1.0 134,1.0 182,1.0 242,1.0 
155,1.0 263,1.0 293,1.0 
67,1.0 149,1.0 182,1.0 247,1.0 284,2.0 305,1.0 327,2.0 328,1.0 386,1.0 415,1.0 422,1.0 474,1.0 587,1.0 
36,1.0 149,1.0 182,1.0 193,1.0 247,1.0 280,1.0 305,2.0 307,2.0 326,1.0 328,1.0 577,1.0 578,1.0 582,1.0 583,1.0 
35,1.0 59,1.0 64,3.0 65,3.0 119,1.0 136,1.0 186,1.0 250,1.0 251,2.0 273,1.0 274,1.0 277,1.0 278,1.0 305,1.0 307,1.0 313,1.0 329,4.0 351,1.0 365,1.0 371,1.0 379,1.0 393,1.0 397,1.0 525,1.0 535,1.0 
153,1.0 217,1.0 250,2.0 253,9.0 278,1.0 287,2.0 308,1.0 328,5.0 330,1.0 331,4.0 332,3.0 379,2.0 393,2.0 397,2.0 424,6.0 523,1.0 533,1.0 534,1.0 
69,1.0 168,1.0 253,1.0 308,1.0 327,1.0 329,1.0 331,1.0 333,3.0 379,1.0 381,1.0 422,1.0 425,1.0 570,1.0 577,2.0 578,1.0 579,1.0 584,1.0 
64,3.0 159,3.0 217,1.0 250,1.0 278,1.0 287,1.0 308,1.0 329,1.0 332,1.0 333,1.0 364,1.0 379,1.0 393,1.0 397,1.0 
63,1.0 70,1.0 165,1.0 182,1.0 187,1.0 201,1.0 247,1.0 252,3.0 287,1.0 311,1.0 329,2.0 333,1.0 364,1.0 386,4.0 415,3.0 422,6.0 474,2.0 529,3.0 532,1.0 
69,1.0 168,1.0 182,1.0 247,1.0 253,2.0 265,1.0 330,1.0 332,1.0 370,1.0 415,1.0 422,2.0 425,1.0 496,1.0 570,1.0 578,1.0 
54,1.0 133,2.0 134,5.0 135,2.0 137,1.0 149,1.0 152,1.0 175,2.0 182,8.0 195,5.0 203,4.0 206,2.0 229,1.0 231,4.0 240,1.0 241,1.0 279,1.0 284,1.0 287,1.0 292,1.0 334,3.0 409,2.0 410,1.0 438,1.0 
0,2.0 158,2.0 187,2.0 336,2.0 337,2.0 338,2.0 
0,2.0 158,2.0 187,2.0 335,2.0 337,2.0 338,2.0 
2,1.0 37,1.0 81,2.0 82,1.0 181,1.0 196,1.0 200,1.0 248,1.0 338,2.0 356,19.0 362,6.0 475,19.0 
2,1.0 37,2.0 81,2.0 133,1.0 139,1.0 151,1.0 155,1.0 181,1.0 196,1.0 200,1.0 213,1.0 317,1.0 337,2.0 358,4.0 448,1.0 461,1.0 
81,1.0 82,2.0 200,1.0 321,1.0 340,1.0 383,2.0 508,2.0 
137,2.0 201,2.0 206,2.0 321,1.0 341,1.0 
3,1.0 4,1.0 107,2.0 116,4.0 157,2.0 201,1.0 321,1.0 341,2.0 352,2.0 365,1.0 493,1.0 
1,1.0 60,1.0 105,1.0 188,3.0 194,1.0 290,1.0 321,1.0 372,1.0 391,3.0 394,3.0 542,1.0 591,3.0 
0,3.0 58,1.0 64,5.0 71,2.0 79,1.0 121,2.0 131,1.0 133,1.0 147,1.0 150,1.0 151,1.0 162,3.0 164,1.0 167,1.0 178,3.0 197,9.0 202,1.0 203,4.0 208,3.0 248,1.0 259,8.0 263,1.0 330,1.0 343,1.0 344,1.0 345,1.0 347,2.0 349,1.0 381,3.0 382,4.0 393,1.0 460,5.0 590,2.0 594,4.0 
0,1.0 3,2.0 4,2.0 58,1.0 65,3.0 79,1.0 100,4.0 121,4.0 133,2.0 146,14.0 149,1.0 156,2.0 158,5.0 159,2.0 162,8.0 164,2.0 167,3.0 176,2.0 187,3.0 196,2.0 197,9.0 207,4.0 208,6.0 218,1.0 249,12.0 260,1.0 263,1.0 264,1.0 271,1.0 289,1.0 291,2.0 293,1.0 300,2.0 313,2.0 343,1.0 347,4.0 351,1.0 382,1.0 513,1.0 594,1.0 600,2.0 
4,2.0 85,2.0 159,2.0 166,5.0 182,1.0 197,2.0 344,2.0 345,2.0 371,1.0 
208,1.0 209,1.0 345,1.0 
1,1.0 35,2.0 71,4.0 79,1.0 80,5.0 121,2.0 145,1.0 146,2.0 156,5.0 159,3.0 160,1.0 162,2.0 167,6.0 168,1.0 172,1.0 177,2.0 178,12.0 188,2.0 190,2.0 197,12.0 207,6.0 208,7.0 218,2.0 234,3.0 238,2.0 248,11.0 249,10.0 250,3.0 260,1.0 263,1.0 265,2.0 273,2.0 274,4.0 289,1.0 291,2.0 318,1.0 342,1.0 344,4.0 347,19.0 382,10.0 391,2.0 393,2.0 394,1.0 395,2.0 403,4.0 477,1.0 537,1.0 538,1.0 542,1.0 546,1.0 590,2.0 
150,1.0 159,1.0 197,1.0 203,1.0 
36,1.0 58,2.0 79,1.0 81,1.0 82,1.0 103,1.0 133,1.0 142,1.0 143,1.0 154,1.0 157,2.0 164,1.0 167,1.0 194,2.0 199,1.0 203,1.0 206,1.0 254,3.0 332,2.0 350,1.0 457,1.0 
149,1.0 151,1.0 159,5.0 162,2.0 167,2.0 177,1.0 195,1.0 199,1.0 205,1.0 208,1.0 218,2.0 249,2.0 259,1.0 264,1.0 289,1.0 313,1.0 377,1.0 382,2.0 422,1.0 460,1.0 516,5.0 
0,3.0 58,2.0 65,1.0 71,1.0 114,3.0 149,1.0 150,1.0 158,1.0 162,1.0 176,1.0 182,1.0 187,2.0 197,1.0 208,1.0 365,2.0 381,1.0 
157,2.0 159,2.0 344,2.0 
131,1.0 135,1.0 149,1.0 195,1.0 203,2.0 244,1.0 
79,5.0 178,1.0 190,1.0 207,2.0 208,1.0 223,1.0 245,1.0 247,1.0 248,1.0 259,1.0 260,1.0 284,1.0 288,2.0 297,1.0 344,1.0 367,1.0 395,1.0 397,1.0 537,1.0 539,1.0 
133,1.0 134,1.0 141,1.0 149,1.0 150,2.0 151,2.0 162,1.0 164,1.0 182,3.0 189,2.0 289,1.0 356,2.0 
51,1.0 79,2.0 114,2.0 145,2.0 160,1.0 177,1.0 189,2.0 362,6.0 415,27.0 423,1.0 474,16.0 494,2.0 
206,1.0 358,2.0 359,2.0 448,1.0 
0,1.0 64,2.0 114,2.0 116,5.0 176,1.0 277,1.0 321,1.0 338,4.0 358,3.0 359,2.0 360,2.0 
116,2.0 358,4.0 
64,2.0 65,2.0 143,2.0 
213,1.0 362,1.0 
38,1.0 51,1.0 108,1.0 145,1.0 154,1.0 197,1.0 321,2.0 356,6.0 362,1.0 415,5.0 423,1.0 474,5.0 
147,1.0 182,1.0 242,1.0 
64,2.0 65,1.0 79,1.0 156,1.0 157,1.0 189,1.0 201,1.0 364,1.0 373,1.0 
37,1.0 58,1.0 65,1.0 71,1.0 149,1.0 150,1.0 182,1.0 194,1.0 197,1.0 280,1.0 351,2.0 
137,1.0 158,1.0 176,2.0 182,1.0 202,1.0 203,1.0 226,5.0 231,1.0 242,1.0 295,7.0 368,1.0 
2,1.0 102,1.0 103,1.0 150,1.0 176,1.0 177,2.0 182,1.0 190,1.0 191,1.0 208,2.0 226,1.0 248,1.0 287,1.0 295,1.0 300,1.0 354,2.0 371,2.0 377,1.0 400,2.0 547,1.0 548,2.0 
0,1.0 64,1.0 158,1.0 172,1.0 245,1.0 290,2.0 299,1.0 369,1.0 439,1.0 537,1.0 
292,1.0 294,2.0 334,1.0 366,1.0 397,1.0 409,1.0 440,1.0 441,1.0 442,1.0 539,1.0 547,1.0 
71,1.0 79,1.0 120,1.0 130,1.0 162,5.0 168,2.0 178,1.0 197,1.0 215,1.0 216,1.0 248,1.0 250,4.0 265,2.0 284,1.0 289,1.0 299,1.0 326,1.0 370,1.0 373,2.0 531,1.0 547,1.0 548,1.0 585,2.0 586,1.0 
1,1.0 2,2.0 9,2.0 69,1.0 97,1.0 133,1.0 168,1.0 172,1.0 177,5.0 178,4.0 179,1.0 191,1.0 199,1.0 208,3.0 223,3.0 248,1.0 250,1.0 256,2.0 286,1.0 293,1.0 300,1.0 331,1.0 354,1.0 373,3.0 380,2.0 382,3.0 384,1.0 395,1.0 400,9.0 401,1.0 403,1.0 521,1.0 540,1.0 546,1.0 548,2.0 588,1.0 
207,2.0 344,2.0 373,1.0 542,2.0 
9,1.0 50,1.0 68,1.0 128,1.0 129,1.0 161,1.0 168,1.0 172,2.0 177,1.0 179,1.0 190,2.0 208,1.0 223,2.0 248,3.0 250,3.0 259,1.0 265,1.0 284,1.0 326,1.0 330,1.0 347,1.0 370,2.0 374,1.0 379,1.0 385,1.0 396,5.0 412,1.0 413,1.0 537,2.0 547,1.0 548,2.0 577,1.0 584,1.0 585,1.0 
156,1.0 172,1.0 250,1.0 263,1.0 300,1.0 
172,1.0 
120,4.0 162,1.0 177,2.0 248,2.0 289,1.0 291,1.0 296,1.0 313,1.0 316,1.0 347,1.0 424,1.0 
71,2.0 79,1.0 80,2.0 115,1.0 116,1.0 121,1.0 152,1.0 159,1.0 160,1.0 162,2.0 166,1.0 168,1.0 172,6.0 177,2.0 178,2.0 188,1.0 191,4.0 197,1.0 208,2.0 222,1.0 223,3.0 248,1.0 249,4.0 250,7.0 263,1.0 288,1.0 293,1.0 300,1.0 301,3.0 321,1.0 350,1.0 377,2.0 382,9.0 391,2.0 392,1.0 403,1.0 540,1.0 541,1.0 542,2.0 547,2.0 552,2.0 589,1.0 590,1.0 598,1.0 
126,2.0 296,1.0 299,1.0 379,1.0 581,2.0 609,2.0 
20,1.0 35,1.0 52,1.0 69,1.0 78,1.0 81,1.0 103,1.0 160,1.0 161,1.0 162,1.0 168,5.0 172,1.0 175,1.0 177,3.0 178,2.0 190,2.0 191,1.0 199,1.0 208,1.0 215,1.0 216,1.0 217,1.0 223,1.0 248,1.0 249,2.0 250,11.0 253,1.0 259,4.0 289,1.0 296,1.0 300,1.0 301,1.0 306,1.0 329,1.0 330,1.0 331,1.0 333,1.0 373,1.0 377,1.0 381,3.0 393,9.0 397,8.0 399,1.0 412,1.0 413,1.0 473,2.0 475,1.0 482,2.0 495,1.0 541,1.0 547,1.0 548,1.0 553,1.0 554,1.0 557,1.0 558,1.0 564,1.0 570,1.0 571,1.0 572,1.0 573,1.0 577,2.0 579,1.0 
1,1.0 2,1.0 81,1.0 103,1.0 133,1.0 141,1.0 153,1.0 161,1.0 168,1.0 172,5.0 177,2.0 178,1.0 190,1.0 208,2.0 248,1.0 249,1.0 250,2.0 256,1.0 347,1.0 371,2.0 373,1.0 381,1.0 537,1.0 543,1.0 
1,1.0 35,1.0 71,1.0 101,1.0 136,2.0 158,1.0 159,2.0 162,17.0 168,1.0 177,4.0 178,4.0 190,2.0 197,1.0 208,21.0 218,2.0 249,1.0 292,1.0 300,1.0 301,1.0 322,3.0 337,1.0 343,1.0 347,1.0 351,1.0 379,3.0 381,6.0 394,1.0 401,1.0 473,1.0 475,1.0 535,1.0 544,1.0 547,1.0 548,1.0 594,1.0 595,1.0 596,1.0 
64,3.0 71,4.0 79,1.0 146,1.0 159,3.0 162,8.0 169,1.0 172,4.0 177,3.0 178,14.0 188,1.0 197,2.0 198,2.0 204,2.0 207,2.0 208,7.0 214,2.0 222,1.0 223,3.0 234,3.0 238,1.0 249,4.0 250,5.0 256,1.0 257,1.0 259,5.0 263,1.0 264,1.0 274,4.0 288,1.0 289,1.0 300,1.0 301,2.0 343,4.0 344,1.0 347,10.0 350,3.0 371,4.0 377,10.0 382,10.0 383,1.0 402,1.0 403,3.0 542,1.0 546,1.0 588,1.0 589,1.0 590,2.0 594,1.0 598,1.0 
82,2.0 339,2.0 371,1.0 382,1.0 508,2.0 
41,1.0 380,1.0 390,1.0 487,1.0 488,1.0 489,1.0 490,1.0 
133,1.0 135,1.0 172,1.0 215,1.0 330,1.0 
1,1.0 67,1.0 119,1.0 120,1.0 284,1.0 304,1.0 326,1.0 328,1.0 329,6.0 376,1.0 394,1.0 422,7.0 424,3.0 525,1.0 587,1.0 
172,1.0 
371,1.0 405,1.0 444,1.0 445,1.0 446,1.0 447,1.0 448,1.0 449,1.0 
250,1.0 390,1.0 
6,1.0 41,1.0 89,1.0 250,1.0 384,1.0 389,1.0 454,1.0 455,1.0 456,1.0 487,1.0 488,1.0 489,1.0 490,1.0 
0,2.0 35,6.0 58,1.0 79,1.0 80,4.0 115,1.0 116,1.0 121,1.0 160,1.0 162,8.0 166,1.0 188,10.0 207,4.0 208,6.0 234,6.0 249,5.0 277,2.0 289,2.0 344,1.0 347,8.0 368,1.0 372,1.0 382,3.0 394,6.0 537,1.0 542,1.0 592,1.0 597,1.0 
0,1.0 34,1.0 35,1.0 65,1.0 79,1.0 141,1.0 160,2.0 188,1.0 218,1.0 391,1.0 
20,1.0 52,1.0 59,1.0 69,1.0 156,1.0 162,2.0 178,1.0 200,1.0 205,1.0 206,1.0 207,1.0 248,1.0 250,9.0 265,1.0 266,1.0 318,1.0 321,1.0 329,1.0 331,1.0 347,3.0 377,1.0 379,9.0 393,1.0 397,10.0 403,1.0 473,2.0 482,2.0 537,1.0 539,1.0 541,1.0 553,1.0 554,1.0 557,1.0 558,1.0 564,1.0 570,1.0 571,1.0 572,1.0 585,1.0 
0,3.0 1,5.0 2,1.0 18,3.0 35,6.0 37,2.0 38,2.0 72,2.0 81,1.0 116,1.0 139,2.0 162,5.0 172,1.0 178,1.0 190,1.0 207,9.0 208,5.0 234,4.0 249,8.0 287,1.0 288,1.0 298,1.0 321,1.0 322,1.0 347,9.0 381,1.0 391,6.0 411,1.0 424,1.0 453,1.0 459,2.0 591,8.0 593,2.0 608,1.0 
59,1.0 96,1.0 160,2.0 161,1.0 162,5.0 168,2.0 177,3.0 178,2.0 190,15.0 208,6.0 225,1.0 248,3.0 250,1.0 288,3.0 300,4.0 380,1.0 393,1.0 537,2.0 546,1.0 547,2.0 548,1.0 
68,1.0 128,1.0 129,1.0 161,1.0 177,1.0 208,1.0 223,2.0 248,3.0 250,1.0 347,1.0 373,5.0 537,2.0 548,1.0 
2,1.0 69,1.0 81,1.0 160,1.0 162,1.0 177,2.0 178,1.0 208,4.0 223,1.0 248,1.0 250,8.0 288,2.0 289,1.0 300,2.0 329,1.0 331,1.0 371,1.0 379,8.0 393,9.0 398,1.0 403,1.0 473,2.0 482,2.0 537,1.0 539,9.0 541,1.0 546,1.0 547,1.0 548,2.0 550,1.0 551,1.0 553,1.0 554,1.0 557,1.0 558,1.0 564,1.0 570,1.0 571,1.0 572,1.0 585,1.0 
133,5.0 134,2.0 137,1.0 164,2.0 190,1.0 198,1.0 199,2.0 206,5.0 
178,1.0 248,1.0 379,1.0 400,1.0 
69,1.0 97,1.0 169,1.0 177,3.0 178,3.0 208,3.0 223,2.0 248,1.0 249,1.0 371,9.0 382,1.0 397,1.0 521,1.0 540,1.0 548,2.0 
81,1.0 102,1.0 169,2.0 177,1.0 223,1.0 288,1.0 289,1.0 382,1.0 544,1.0 546,1.0 548,1.0 549,1.0 
100,1.0 
35,4.0 100,1.0 175,1.0 188,1.0 231,1.0 300,1.0 379,1.0 381,1.0 391,3.0 394,3.0 519,1.0 533,1.0 546,1.0 588,1.0 591,1.0 598,1.0 599,1.0 
206,1.0 215,1.0 
114,1.0 151,1.0 240,1.0 388,1.0 444,1.0 445,1.0 446,1.0 447,1.0 448,1.0 449,1.0 
133,1.0 135,1.0 201,1.0 247,1.0 
206,1.0 215,1.0 
206,1.0 215,1.0 290,1.0 
134,2.0 135,1.0 137,1.0 182,1.0 242,1.0 292,1.0 334,2.0 
241,1.0 
145,1.0 151,1.0 162,1.0 167,1.0 178,1.0 198,1.0 199,1.0 234,1.0 356,1.0 412,1.0 
78,1.0 259,1.0 379,1.0 413,3.0 473,1.0 474,1.0 476,1.0 
78,1.0 259,1.0 379,1.0 412,2.0 414,1.0 415,1.0 473,1.0 474,1.0 475,1.0 476,1.0 495,1.0 
103,1.0 214,2.0 215,1.0 240,1.0 244,2.0 278,1.0 290,1.0 415,1.0 
145,1.0 191,1.0 228,1.0 250,1.0 259,1.0 373,1.0 379,2.0 413,1.0 416,1.0 474,19.0 475,1.0 477,1.0 482,30.0 495,1.0 496,1.0 
417,1.0 495,1.0 
418,1.0 497,1.0 498,1.0 
133,1.0 135,1.0 198,1.0 496,1.0 497,1.0 511,1.0 
198,1.0 215,1.0 243,1.0 420,1.0 
198,1.0 215,1.0 243,1.0 419,1.0 
234,1.0 
2,1.0 3,1.0 67,1.0 69,1.0 81,1.0 82,1.0 253,2.0 284,1.0 326,1.0 329,9.0 330,1.0 333,1.0 385,2.0 386,7.0 570,1.0 587,1.0 
18,1.0 51,1.0 52,1.0 114,1.0 
64,1.0 65,1.0 252,3.0 253,7.0 274,1.0 277,1.0 278,1.0 326,1.0 328,3.0 332,6.0 386,3.0 
168,1.0 265,1.0 306,1.0 333,1.0 370,1.0 578,1.0 
240,1.0 304,1.0 334,1.0 573,1.0 574,1.0 575,1.0 576,1.0 
428,1.0 
429,1.0 
54,1.0 206,1.0 231,1.0 499,1.0 
97,1.0 
52,1.0 
134,1.0 203,1.0 334,1.0 
176,1.0 
58,1.0 167,1.0 263,1.0 291,1.0 
245,1.0 247,1.0 
149,4.0 166,4.0 182,1.0 205,1.0 213,1.0 
182,1.0 205,1.0 
368,1.0 
245,1.0 298,1.0 
3,1.0 36,1.0 76,1.0 151,1.0 193,1.0 194,2.0 203,1.0 234,1.0 235,1.0 285,1.0 292,1.0 441,1.0 442,1.0 
234,1.0 292,1.0 440,1.0 442,1.0 
234,1.0 292,1.0 440,1.0 441,1.0 
151,2.0 388,1.0 405,1.0 444,1.0 445,1.0 446,1.0 447,2.0 610,1.0 611,1.0 
81,1.0 321,1.0 388,1.0 405,1.0 445,1.0 446,1.0 447,1.0 448,1.0 449,1.0 450,1.0 451,1.0 452,1.0 
388,1.0 405,1.0 444,1.0 446,1.0 447,1.0 448,1.0 449,1.0 
388,1.0 405,1.0 444,1.0 445,1.0 447,1.0 448,1.0 449,1.0 
151,1.0 317,1.0 388,1.0 405,1.0 443,1.0 444,1.0 445,1.0 446,1.0 448,1.0 449,1.0 485,1.0 
151,1.0 206,1.0 338,1.0 364,1.0 444,1.0 449,1.0 450,1.0 451,1.0 452,1.0 
134,3.0 164,3.0 182,3.0 444,1.0 448,1.0 450,1.0 451,1.0 452,1.0 
81,1.0 321,1.0 444,1.0 451,1.0 452,1.0 
81,1.0 321,1.0 444,1.0 450,1.0 452,1.0 
81,1.0 321,1.0 444,1.0 450,1.0 451,1.0 
37,1.0 38,1.0 81,1.0 139,1.0 287,1.0 394,1.0 
6,1.0 89,1.0 133,1.0 151,1.0 164,1.0 182,1.0 390,1.0 455,1.0 456,1.0 
6,1.0 89,1.0 390,1.0 454,1.0 456,1.0 
81,1.0 89,1.0 277,1.0 287,1.0 321,1.0 
3,1.0 116,1.0 143,2.0 157,2.0 349,2.0 458,1.0 459,1.0 
3,1.0 457,1.0 459,1.0 
81,2.0 279,2.0 358,1.0 460,5.0 516,4.0 
70,2.0 72,2.0 165,2.0 166,1.0 349,1.0 394,2.0 459,5.0 524,2.0 525,2.0 526,2.0 
0,2.0 100,1.0 103,1.0 116,1.0 218,1.0 321,1.0 461,1.0 
215,2.0 240,2.0 334,2.0 
134,1.0 137,1.0 240,1.0 
133,1.0 205,1.0 
182,1.0 
133,1.0 134,1.0 164,1.0 182,2.0 215,1.0 242,1.0 
80,1.0 133,1.0 164,1.0 182,1.0 195,1.0 
292,1.0 
134,1.0 149,1.0 151,1.0 199,1.0 203,1.0 206,1.0 292,1.0 381,1.0 
134,1.0 199,1.0 
151,1.0 199,1.0 205,1.0 
34,1.0 
162,1.0 250,1.0 329,1.0 379,1.0 393,1.0 397,1.0 412,1.0 413,1.0 474,1.0 482,2.0 
160,1.0 259,1.0 373,1.0 379,1.0 412,1.0 413,1.0 415,19.0 473,1.0 482,18.0 
178,1.0 250,1.0 337,19.0 356,31.0 362,6.0 379,1.0 393,1.0 413,1.0 415,1.0 495,2.0 
289,1.0 416,1.0 495,1.0 
145,2.0 150,1.0 162,1.0 177,1.0 228,1.0 392,1.0 
296,1.0 556,1.0 
36,1.0 79,1.0 100,1.0 480,1.0 
36,1.0 79,1.0 100,1.0 479,1.0 
79,1.0 100,1.0 
250,1.0 329,1.0 337,18.0 379,1.0 393,1.0 397,1.0 412,1.0 473,2.0 475,30.0 
317,1.0 484,1.0 
317,1.0 483,1.0 
317,1.0 447,1.0 597,1.0 611,1.0 614,1.0 615,1.0 616,1.0 
205,1.0 
41,1.0 384,1.0 390,1.0 488,1.0 489,1.0 490,1.0 
41,1.0 384,1.0 390,1.0 487,1.0 489,1.0 490,1.0 
490,1.0 491,1.0 
489,1.0 491,1.0 
492,1.0 
212,1.0 
356,1.0 411,1.0 
413,1.0 482,1.0 
250,1.0 379,1.0 393,1.0 413,1.0 415,1.0 418,2.0 475,2.0 511,1.0 
191,1.0 250,1.0 379,1.0 415,1.0 417,1.0 497,1.0 
417,1.0 498,1.0 512,1.0 
429,1.0 
142,1.0 
171,1.0 501,1.0 502,1.0 503,1.0 504,1.0 505,1.0 
171,1.0 500,1.0 502,1.0 503,1.0 504,1.0 505,1.0 
171,1.0 503,1.0 504,1.0 505,1.0 506,1.0 507,1.0 
171,1.0 502,1.0 504,1.0 505,1.0 506,1.0 507,1.0 
171,1.0 502,1.0 503,1.0 505,1.0 506,1.0 507,1.0 
171,1.0 502,1.0 503,1.0 504,1.0 506,1.0 507,1.0 
507,1.0 508,1.0 
506,1.0 508,1.0 
3,1.0 4,1.0 82,1.0 194,1.0 378,1.0 509,1.0 612,2.0 
510,1.0 
341,1.0 
418,1.0 497,1.0 
314,1.0 
36,1.0 187,1.0 193,1.0 194,1.0 440,1.0 529,1.0 
134,1.0 185,1.0 203,1.0 206,1.0 209,1.0 235,1.0 
209,1.0 516,1.0 
81,2.0 116,2.0 186,2.0 269,2.0 273,2.0 279,2.0 343,6.0 517,4.0 519,2.0 520,2.0 521,2.0 522,2.0 
2,2.0 194,2.0 516,4.0 518,4.0 
2,2.0 103,2.0 194,2.0 350,6.0 
79,2.0 162,4.0 208,1.0 223,1.0 226,1.0 249,1.0 299,1.0 382,1.0 517,2.0 520,3.0 591,4.0 
79,1.0 162,1.0 249,1.0 517,2.0 519,3.0 
69,1.0 103,2.0 175,1.0 220,1.0 232,1.0 516,2.0 518,2.0 
186,2.0 521,2.0 
153,2.0 167,1.0 332,1.0 
116,2.0 460,2.0 516,2.0 
119,2.0 329,1.0 344,1.0 424,1.0 524,2.0 526,3.0 
344,1.0 524,2.0 525,3.0 
58,1.0 64,1.0 65,1.0 280,1.0 
65,1.0 114,1.0 368,1.0 
120,1.0 181,1.0 200,1.0 252,1.0 254,1.0 311,1.0 332,2.0 530,2.0 531,1.0 
166,1.0 181,1.0 349,1.0 460,1.0 529,1.0 
120,2.0 162,1.0 216,1.0 370,1.0 530,1.0 
63,2.0 249,1.0 263,1.0 377,1.0 529,1.0 
207,1.0 259,1.0 332,1.0 382,1.0 534,1.0 599,1.0 
332,1.0 533,1.0 
136,5.0 162,2.0 207,1.0 208,2.0 248,1.0 249,1.0 259,1.0 293,1.0 329,1.0 381,1.0 382,1.0 
177,1.0 178,1.0 190,1.0 395,1.0 
0,1.0 1,1.0 64,1.0 128,1.0 129,1.0 155,1.0 157,1.0 162,2.0 172,2.0 177,7.0 178,2.0 190,2.0 191,3.0 208,4.0 223,7.0 248,9.0 250,1.0 256,2.0 257,1.0 258,2.0 259,2.0 260,3.0 289,1.0 301,1.0 313,1.0 320,1.0 354,1.0 368,1.0 371,2.0 373,1.0 377,1.0 380,1.0 382,1.0 393,1.0 395,2.0 396,1.0 397,1.0 400,1.0 537,2.0 538,2.0 541,1.0 542,2.0 543,1.0 585,1.0 602,1.0 
177,1.0 208,1.0 223,2.0 248,2.0 260,4.0 288,1.0 300,1.0 301,1.0 320,1.0 537,2.0 546,1.0 
160,1.0 162,1.0 177,2.0 178,1.0 208,4.0 223,1.0 248,1.0 288,2.0 289,1.0 300,2.0 397,9.0 546,1.0 547,1.0 548,2.0 550,1.0 551,1.0 
178,1.0 223,1.0 248,1.0 288,1.0 354,2.0 537,1.0 
69,1.0 71,1.0 177,3.0 223,1.0 249,1.0 250,1.0 256,1.0 260,1.0 300,1.0 426,1.0 537,1.0 538,1.0 541,1.0 542,1.0 547,1.0 570,1.0 571,1.0 572,1.0 573,1.0 574,1.0 590,1.0 605,1.0 
1,1.0 71,1.0 162,1.0 172,2.0 177,4.0 191,1.0 207,2.0 208,3.0 223,2.0 249,1.0 250,1.0 258,1.0 259,1.0 260,1.0 344,2.0 372,2.0 377,1.0 382,1.0 537,2.0 538,1.0 541,1.0 542,1.0 590,1.0 603,1.0 
177,1.0 208,1.0 380,1.0 381,1.0 
289,1.0 382,1.0 401,1.0 
192,1.0 347,1.0 546,1.0 
35,1.0 160,1.0 161,1.0 172,1.0 191,2.0 208,1.0 248,1.0 258,1.0 260,1.0 288,2.0 289,1.0 300,1.0 347,1.0 377,1.0 379,1.0 380,1.0 381,1.0 397,1.0 403,1.0 538,1.0 539,1.0 548,2.0 588,1.0 
152,1.0 161,1.0 162,2.0 168,1.0 177,2.0 178,1.0 190,5.0 191,1.0 208,3.0 248,1.0 249,3.0 259,1.0 260,2.0 300,8.0 319,1.0 367,1.0 369,1.0 370,1.0 373,2.0 377,1.0 379,1.0 395,3.0 396,1.0 397,2.0 538,1.0 539,2.0 541,1.0 548,1.0 552,1.0 585,1.0 
161,2.0 177,7.0 190,2.0 191,1.0 208,9.0 223,1.0 249,1.0 288,1.0 367,2.0 371,5.0 377,1.0 379,1.0 381,1.0 382,1.0 395,1.0 397,2.0 400,4.0 539,2.0 546,2.0 547,1.0 585,1.0 
177,1.0 223,1.0 371,1.0 400,1.0 
177,1.0 208,1.0 367,1.0 548,1.0 
177,1.0 208,1.0 248,1.0 300,1.0 367,2.0 519,2.0 547,1.0 548,1.0 591,2.0 
172,1.0 218,1.0 223,1.0 234,1.0 248,1.0 250,1.0 259,1.0 260,1.0 300,1.0 301,1.0 377,1.0 547,1.0 604,1.0 
554,1.0 555,1.0 
553,1.0 555,1.0 
478,1.0 
250,1.0 379,1.0 393,1.0 397,1.0 557,1.0 
250,1.0 379,1.0 393,1.0 397,1.0 558,1.0 
559,1.0 
560,1.0 
561,1.0 
562,1.0 563,1.0 
250,1.0 379,1.0 393,1.0 397,1.0 563,1.0 
250,1.0 379,1.0 393,1.0 397,1.0 562,1.0 
565,1.0 
566,1.0 
567,1.0 568,1.0 
568,1.0 569,1.0 
567,1.0 569,1.0 
250,1.0 379,1.0 393,1.0 397,1.0 
69,2.0 253,1.0 330,1.0 333,1.0 422,1.0 426,1.0 541,1.0 571,1.0 572,1.0 573,1.0 574,1.0 
69,1.0 426,1.0 541,1.0 570,1.0 572,1.0 573,1.0 574,1.0 
69,1.0 426,1.0 541,1.0 570,1.0 571,1.0 573,1.0 574,1.0 
168,1.0 249,1.0 304,1.0 305,2.0 306,1.0 379,1.0 426,1.0 573,1.0 574,1.0 575,1.0 576,1.0 577,1.0 578,2.0 
304,1.0 426,1.0 573,1.0 575,1.0 576,1.0 
168,1.0 190,1.0 304,1.0 379,1.0 576,1.0 
168,1.0 190,1.0 304,2.0 327,1.0 379,1.0 575,1.0 577,1.0 580,1.0 581,1.0 582,1.0 583,1.0 
168,1.0 305,1.0 306,1.0 307,1.0 327,1.0 330,2.0 333,1.0 379,1.0 381,1.0 425,1.0 573,2.0 578,3.0 579,1.0 582,1.0 583,1.0 584,1.0 
168,3.0 249,1.0 265,2.0 305,1.0 307,1.0 333,1.0 370,1.0 373,1.0 379,1.0 425,1.0 573,1.0 582,1.0 
168,1.0 330,1.0 379,1.0 381,1.0 577,1.0 
304,1.0 327,1.0 576,1.0 577,1.0 581,1.0 582,1.0 583,1.0 
304,1.0 327,1.0 378,2.0 576,1.0 577,1.0 580,1.0 582,1.0 583,1.0 610,2.0 
168,1.0 265,1.0 304,1.0 307,1.0 327,1.0 373,1.0 576,1.0 577,1.0 578,1.0 580,1.0 581,1.0 583,1.0 
307,1.0 327,1.0 577,1.0 578,1.0 582,1.0 
330,1.0 333,1.0 425,1.0 577,1.0 578,1.0 
168,1.0 172,1.0 190,1.0 249,1.0 265,1.0 289,1.0 347,1.0 371,1.0 382,1.0 537,1.0 547,1.0 548,1.0 586,1.0 
168,1.0 265,1.0 289,1.0 347,1.0 585,1.0 
67,1.0 284,1.0 326,1.0 386,1.0 422,1.0 
35,1.0 300,1.0 379,1.0 381,1.0 403,1.0 546,1.0 
162,1.0 172,1.0 250,1.0 288,1.0 301,1.0 377,1.0 
71,3.0 177,2.0 178,4.0 249,1.0 347,4.0 382,4.0 541,1.0 542,1.0 
0,2.0 79,1.0 162,3.0 207,6.0 208,1.0 222,1.0 223,1.0 226,1.0 249,6.0 299,1.0 347,2.0 382,1.0 394,8.0 519,4.0 552,1.0 604,1.0 
146,1.0 162,1.0 208,1.0 249,1.0 344,1.0 
146,2.0 162,2.0 208,2.0 344,2.0 
0,1.0 79,1.0 121,2.0 162,2.0 208,2.0 259,1.0 343,3.0 344,1.0 381,2.0 382,1.0 
159,1.0 208,1.0 218,1.0 381,1.0 
1,1.0 394,1.0 
157,1.0 162,1.0 289,1.0 313,1.0 485,1.0 611,1.0 614,1.0 615,1.0 616,1.0 
162,1.0 188,2.0 207,1.0 347,1.0 377,1.0 382,1.0 393,1.0 
207,1.0 259,1.0 382,1.0 533,1.0 
133,3.0 162,2.0 164,3.0 196,4.0 249,2.0 259,2.0 313,3.0 
1,1.0 394,1.0 
101,1.0 136,1.0 
222,1.0 591,1.0 
218,1.0 234,1.0 552,1.0 
1,1.0 342,1.0 
80,2.0 391,2.0 
120,1.0 376,1.0 
0,1.0 394,1.0 
3,1.0 8,1.0 42,2.0 443,1.0 610,31.0 611,2.0 613,1.0 
508,2.0 581,2.0 609,34.0 
8,1.0 443,1.0 485,1.0 597,1.0 610,2.0 613,1.0 614,1.0 615,1.0 616,1.0 
82,2.0 339,2.0 383,2.0 
8,1.0 610,1.0 611,1.0 
485,1.0 597,1.0 611,1.0 615,1.0 616,1.0 
485,1.0 597,1.0 611,1.0 614,1.0 616,1.0 
485,1.0 597,1.0 611,1.0 614,1.0 615,1.0 
