0,2.0 1,8.0 2,3.0 3,2.0 9,2.0 10,2.0 11,7.0 45,6.0 46,26.0 47,6.0 48,5.0 49,5.0 51,10.0 52,18.0 54,3.0 57,6.0 58,6.0 59,23.0 65,4.0 76,2.0 96,7.0 107,5.0 112,3.0 113,6.0 115,5.0 116,5.0 117,5.0 118,5.0 119,5.0 122,5.0 123,5.0 124,5.0 125,7.0 126,5.0 127,8.0 133,3.0 136,2.0 143,2.0 161,4.0 162,2.0 167,4.0 168,4.0 169,2.0 170,4.0 171,8.0 176,4.0 178,2.0 188,3.0 195,3.0 197,3.0 203,2.0 214,3.0 225,1.0 
0,6.0 2,3.0 3,3.0 11,5.0 12,6.0 22,1.0 23,3.0 24,3.0 25,3.0 26,3.0 48,6.0 49,2.0 51,5.0 53,2.0 75,5.0 81,2.0 92,5.0 136,3.0 138,1.0 160,3.0 182,2.0 195,1.0 203,1.0 244,1.0 261,1.0 262,1.0 
1,3.0 3,3.0 225,1.0 
4,6.0 9,2.0 10,2.0 76,2.0 94,2.0 128,2.0 178,2.0 
5,6.0 
6,6.0 
7,6.0 
8,6.0 
9,6.0 
3,2.0 10,8.0 76,2.0 94,2.0 128,2.0 178,2.0 
3,2.0 9,2.0 11,6.0 76,2.0 94,2.0 128,2.0 178,2.0 
0,8.0 1,14.0 22,3.0 23,3.0 47,1.0 48,5.0 51,5.0 52,7.0 59,1.0 72,5.0 75,5.0 77,5.0 78,5.0 90,5.0 92,5.0 96,2.0 106,5.0 107,5.0 125,2.0 131,1.0 136,2.0 161,2.0 203,1.0 206,1.0 
13,6.0 
14,6.0 
0,3.0 15,6.0 22,5.0 23,8.0 40,8.0 41,3.0 42,3.0 43,3.0 44,3.0 45,1.0 51,3.0 52,3.0 54,1.0 58,1.0 65,3.0 80,1.0 124,3.0 137,6.0 146,5.0 147,5.0 171,3.0 172,1.0 205,1.0 214,4.0 
11,3.0 16,3.0 17,3.0 22,3.0 
17,3.0 18,3.0 19,3.0 
16,3.0 18,3.0 19,3.0 
19,3.0 20,3.0 
18,3.0 20,3.0 
21,3.0 
3,3.0 
1,3.0 2,1.0 11,3.0 23,8.0 40,5.0 45,1.0 46,5.0 48,2.0 52,5.0 53,1.0 54,1.0 60,3.0 61,3.0 62,3.0 63,3.0 64,3.0 65,1.0 81,5.0 128,5.0 130,5.0 131,5.0 132,5.0 146,5.0 147,5.0 188,3.0 195,2.0 205,3.0 212,3.0 
0,3.0 1,3.0 14,8.0 22,10.0 24,3.0 25,3.0 26,3.0 40,5.0 52,3.0 65,3.0 81,5.0 124,3.0 128,5.0 130,5.0 131,5.0 132,5.0 137,3.0 146,5.0 147,5.0 214,3.0 
25,3.0 26,3.0 27,3.0 
24,3.0 26,3.0 27,3.0 
24,3.0 25,3.0 27,3.0 
28,3.0 29,3.0 30,3.0 
29,3.0 30,3.0 31,3.0 
28,3.0 30,3.0 31,3.0 
28,3.0 29,3.0 31,3.0 
32,3.0 33,3.0 
33,3.0 34,3.0 35,3.0 36,3.0 
32,3.0 34,3.0 35,3.0 36,3.0 
35,3.0 36,3.0 37,3.0 
34,3.0 36,3.0 37,3.0 
34,3.0 35,3.0 37,3.0 
38,3.0 39,3.0 
14,3.0 39,3.0 40,3.0 41,3.0 42,3.0 51,5.0 101,5.0 102,5.0 113,6.0 132,1.0 160,1.0 188,6.0 
14,3.0 38,3.0 40,3.0 41,3.0 42,3.0 58,1.0 66,18.0 134,2.0 157,2.0 158,2.0 159,2.0 160,2.0 161,2.0 171,3.0 203,15.0 220,1.0 273,1.0 288,1.0 
14,3.0 22,5.0 41,3.0 42,3.0 43,3.0 44,3.0 46,5.0 52,5.0 146,5.0 147,5.0 
14,3.0 40,3.0 42,3.0 43,3.0 44,3.0 
0,3.0 14,3.0 40,3.0 41,3.0 43,3.0 44,3.0 45,3.0 56,2.0 112,3.0 130,2.0 232,1.0 243,1.0 
44,3.0 45,3.0 46,3.0 47,3.0 48,3.0 
43,3.0 45,3.0 46,3.0 47,3.0 48,3.0 
0,10.0 22,1.0 42,3.0 46,15.0 47,15.0 48,12.0 49,3.0 50,3.0 51,6.0 52,4.0 53,4.0 54,16.0 55,3.0 56,3.0 57,6.0 58,6.0 59,3.0 60,2.0 79,2.0 81,6.0 95,2.0 112,3.0 113,6.0 122,1.0 123,2.0 125,2.0 134,5.0 135,2.0 146,1.0 161,6.0 171,2.0 188,1.0 193,2.0 228,1.0 
0,34.0 1,5.0 3,2.0 9,2.0 10,2.0 11,5.0 42,3.0 45,18.0 47,9.0 48,11.0 49,3.0 50,3.0 51,13.0 52,33.0 53,3.0 54,6.0 55,3.0 56,3.0 57,6.0 58,6.0 59,20.0 65,5.0 66,5.0 74,5.0 76,2.0 79,2.0 80,1.0 84,5.0 85,5.0 99,5.0 100,5.0 113,6.0 114,2.0 127,8.0 132,2.0 143,2.0 161,2.0 162,2.0 167,4.0 168,4.0 169,2.0 170,4.0 171,8.0 176,4.0 178,2.0 188,3.0 194,1.0 195,3.0 197,3.0 234,1.0 
0,6.0 45,9.0 46,9.0 48,16.0 49,3.0 50,3.0 54,4.0 57,6.0 58,6.0 59,5.0 125,1.0 134,2.0 137,2.0 149,2.0 160,10.0 161,1.0 171,1.0 
0,6.0 1,5.0 2,1.0 11,5.0 22,2.0 45,7.0 46,6.0 47,15.0 49,3.0 50,3.0 51,8.0 52,4.0 53,3.0 54,1.0 59,4.0 65,4.0 134,2.0 136,2.0 137,5.0 149,2.0 160,10.0 172,2.0 195,3.0 200,2.0 203,1.0 210,1.0 213,5.0 214,1.0 229,1.0 
0,5.0 1,2.0 45,3.0 46,3.0 48,3.0 50,3.0 51,3.0 53,2.0 81,2.0 96,5.0 124,5.0 125,5.0 126,5.0 147,2.0 160,2.0 173,2.0 182,2.0 188,2.0 201,2.0 
45,3.0 46,3.0 48,3.0 49,3.0 51,3.0 
0,11.0 1,5.0 11,5.0 14,3.0 45,8.0 46,8.0 48,8.0 52,20.0 53,3.0 54,3.0 55,3.0 56,3.0 78,1.0 79,2.0 114,2.0 115,5.0 116,5.0 117,5.0 120,5.0 126,2.0 128,2.0 129,4.0 132,2.0 133,2.0 134,2.0 135,2.0 136,2.0 137,3.0 153,1.0 160,2.0 163,1.0 171,3.0 172,4.0 181,1.0 192,2.0 193,2.0 199,2.0 203,1.0 227,1.0 230,1.0 307,1.0 
0,24.0 1,5.0 11,12.0 22,1.0 38,5.0 45,7.0 46,33.0 48,5.0 51,25.0 53,10.0 54,7.0 58,2.0 59,2.0 65,3.0 71,5.0 74,10.0 79,2.0 82,5.0 84,10.0 89,5.0 96,2.0 97,5.0 98,5.0 99,5.0 100,5.0 106,5.0 107,6.0 112,5.0 113,11.0 114,10.0 115,5.0 116,5.0 117,5.0 122,1.0 125,2.0 126,2.0 127,2.0 128,2.0 129,4.0 132,2.0 133,2.0 134,4.0 135,4.0 136,5.0 137,3.0 139,5.0 141,2.0 143,8.0 146,4.0 161,11.0 162,2.0 167,4.0 168,4.0 169,2.0 170,2.0 172,4.0 176,1.0 177,1.0 190,2.0 192,2.0 193,2.0 201,1.0 203,1.0 205,12.0 214,3.0 225,1.0 
1,2.0 45,3.0 46,3.0 49,2.0 51,3.0 52,10.0 54,4.0 58,4.0 79,2.0 80,2.0 81,2.0 129,2.0 132,6.0 133,4.0 134,1.0 136,5.0 138,4.0 139,7.0 141,2.0 142,4.0 160,4.0 182,2.0 188,2.0 189,2.0 190,2.0 191,13.0 196,1.0 300,1.0 
0,3.0 1,1.0 14,1.0 22,1.0 45,10.0 46,6.0 47,3.0 51,3.0 52,1.0 53,1.0 55,3.0 56,3.0 57,3.0 58,3.0 65,5.0 66,2.0 67,2.0 81,2.0 113,10.0 122,2.0 125,2.0 134,3.0 136,8.0 137,3.0 146,4.0 188,1.0 196,1.0 213,1.0 214,1.0 225,1.0 228,1.0 
0,3.0 45,3.0 46,3.0 47,3.0 54,3.0 56,3.0 
0,3.0 45,3.0 46,3.0 47,3.0 54,3.0 55,3.0 81,1.0 94,5.0 127,1.0 128,1.0 133,1.0 136,1.0 149,1.0 173,1.0 179,1.0 183,2.0 194,2.0 225,1.0 233,1.0 240,1.0 244,2.0 248,2.0 269,1.0 
0,3.0 22,3.0 45,3.0 46,3.0 47,3.0 58,6.0 59,3.0 60,3.0 61,3.0 62,3.0 171,8.0 172,8.0 176,8.0 
0,3.0 14,1.0 22,3.0 45,3.0 46,3.0 47,3.0 52,2.0 53,4.0 57,6.0 59,3.0 60,3.0 61,3.0 62,3.0 80,5.0 132,1.0 136,1.0 141,2.0 160,2.0 171,4.0 172,5.0 188,2.0 189,2.0 190,2.0 273,1.0 
0,20.0 3,2.0 9,2.0 10,2.0 45,4.0 46,17.0 47,4.0 48,4.0 52,5.0 54,2.0 57,3.0 58,3.0 76,2.0 77,3.0 114,3.0 125,1.0 127,6.0 133,3.0 137,3.0 143,2.0 161,2.0 170,2.0 171,8.0 176,4.0 178,2.0 188,3.0 192,2.0 195,3.0 196,2.0 197,3.0 210,1.0 213,5.0 214,1.0 229,1.0 
0,5.0 22,3.0 45,2.0 54,2.0 61,3.0 62,3.0 63,3.0 64,3.0 81,2.0 113,2.0 
22,3.0 60,3.0 62,3.0 63,3.0 64,3.0 236,1.0 
22,3.0 60,3.0 61,3.0 63,3.0 64,3.0 
64,3.0 65,3.0 66,3.0 67,3.0 
63,3.0 65,3.0 66,3.0 67,3.0 
0,4.0 22,1.0 39,18.0 45,3.0 48,2.0 52,3.0 54,3.0 66,28.0 67,5.0 68,5.0 81,6.0 85,5.0 86,5.0 96,6.0 128,12.0 132,6.0 192,6.0 195,2.0 203,1.0 214,3.0 225,1.0 287,1.0 293,1.0 
39,18.0 65,10.0 67,5.0 68,5.0 85,5.0 86,5.0 171,3.0 203,15.0 
65,5.0 66,5.0 68,5.0 
69,5.0 
52,5.0 70,5.0 
69,5.0 
11,5.0 179,2.0 195,2.0 
52,5.0 73,10.0 
72,10.0 
1,5.0 46,5.0 52,5.0 127,8.0 128,4.0 133,12.0 161,2.0 175,4.0 199,2.0 
76,15.0 77,5.0 78,5.0 
3,2.0 9,2.0 10,2.0 11,5.0 75,5.0 79,5.0 94,2.0 128,2.0 178,2.0 
53,1.0 75,5.0 76,5.0 78,8.0 125,3.0 153,1.0 173,1.0 191,1.0 214,1.0 239,1.0 241,1.0 242,1.0 294,1.0 295,1.0 296,2.0 
51,1.0 53,1.0 75,5.0 76,5.0 77,8.0 143,1.0 153,2.0 163,1.0 181,1.0 191,1.0 274,1.0 296,1.0 307,1.0 
53,2.0 80,9.0 127,12.0 132,4.0 135,12.0 173,12.0 174,12.0 177,4.0 191,2.0 
58,4.0 80,2.0 81,5.0 110,1.0 122,2.0 129,4.0 133,2.0 136,2.0 171,4.0 172,5.0 193,2.0 194,1.0 196,2.0 255,4.0 277,1.0 
22,5.0 23,5.0 45,6.0 51,8.0 52,13.0 54,10.0 58,4.0 60,2.0 65,6.0 80,4.0 81,1.0 96,2.0 113,10.0 127,5.0 128,6.0 129,10.0 130,5.0 131,5.0 132,18.0 133,3.0 134,5.0 135,5.0 153,8.0 160,2.0 171,4.0 176,4.0 196,4.0 201,2.0 225,1.0 255,2.0 275,1.0 
83,5.0 84,5.0 
46,5.0 84,5.0 
1,5.0 46,10.0 52,5.0 79,12.0 83,5.0 172,12.0 
65,5.0 66,5.0 86,5.0 
87,5.0 
52,5.0 88,5.0 
87,5.0 
11,5.0 
52,5.0 91,10.0 
90,10.0 
93,15.0 
11,5.0 56,5.0 92,5.0 136,8.0 154,8.0 
95,7.0 128,2.0 
96,5.0 126,2.0 172,2.0 
52,5.0 65,6.0 71,2.0 81,5.0 126,5.0 128,6.0 161,2.0 179,2.0 195,2.0 
46,5.0 52,5.0 98,5.0 99,5.0 
46,5.0 52,5.0 97,5.0 99,5.0 
46,5.0 52,5.0 100,5.0 
101,5.0 102,5.0 
102,10.0 103,10.0 
101,10.0 103,10.0 118,1.0 197,1.0 228,1.0 284,3.0 285,3.0 286,1.0 
0,5.0 51,5.0 52,5.0 104,5.0 105,5.0 115,5.0 
11,5.0 52,5.0 105,5.0 106,5.0 
11,5.0 52,5.0 104,5.0 106,5.0 
11,5.0 52,5.0 107,5.0 203,1.0 
38,5.0 52,6.0 56,1.0 108,5.0 109,5.0 119,5.0 205,6.0 
109,5.0 110,5.0 
52,5.0 108,5.0 110,5.0 111,5.0 112,5.0 113,5.0 114,5.0 
102,1.0 109,5.0 111,5.0 114,1.0 284,1.0 285,1.0 
52,5.0 109,5.0 112,5.0 113,5.0 114,5.0 
0,3.0 38,5.0 52,5.0 59,3.0 113,5.0 114,5.0 
0,6.0 14,1.0 38,5.0 46,6.0 52,11.0 54,10.0 65,2.0 66,2.0 67,2.0 112,5.0 114,5.0 127,2.0 136,8.0 162,2.0 167,4.0 168,4.0 169,2.0 170,2.0 177,6.0 188,6.0 237,1.0 
14,3.0 23,3.0 38,5.0 46,2.0 51,2.0 52,10.0 54,3.0 79,2.0 112,5.0 113,5.0 118,1.0 124,3.0 132,2.0 133,1.0 137,9.0 146,3.0 161,2.0 192,1.0 224,3.0 239,1.0 
0,5.0 51,5.0 52,5.0 116,5.0 117,5.0 
0,5.0 46,3.0 117,5.0 118,5.0 147,3.0 208,3.0 215,3.0 
0,5.0 116,5.0 118,5.0 
0,5.0 107,5.0 114,1.0 119,5.0 157,1.0 176,1.0 197,1.0 201,4.0 204,1.0 209,3.0 219,1.0 225,1.0 239,1.0 286,1.0 
38,5.0 107,5.0 
60,5.0 121,5.0 
120,5.0 
0,6.0 45,1.0 49,5.0 54,2.0 81,2.0 123,5.0 124,5.0 125,5.0 193,2.0 194,2.0 
0,5.0 45,2.0 49,5.0 122,5.0 124,5.0 125,5.0 171,2.0 
0,8.0 14,3.0 23,3.0 49,5.0 52,3.0 65,3.0 96,5.0 125,5.0 126,5.0 131,3.0 137,3.0 160,3.0 207,3.0 214,3.0 217,3.0 218,3.0 
0,7.0 11,2.0 14,1.0 45,2.0 49,5.0 52,2.0 54,2.0 79,2.0 96,7.0 124,5.0 126,5.0 134,3.0 161,2.0 213,1.0 214,1.0 225,1.0 
0,2.0 11,2.0 48,2.0 52,2.0 81,10.0 96,5.0 125,2.0 128,5.0 162,2.0 172,2.0 192,2.0 200,2.0 
45,2.0 52,1.0 74,12.0 81,2.0 125,2.0 126,5.0 127,1.0 128,5.0 133,14.0 134,8.0 135,12.0 161,4.0 170,4.0 171,16.0 172,4.0 173,12.0 174,12.0 176,1.0 179,1.0 192,2.0 254,2.0 281,1.0 
22,5.0 23,5.0 65,6.0 81,16.0 94,2.0 95,2.0 107,6.0 126,7.0 127,2.0 130,5.0 131,5.0 132,5.0 133,2.0 161,2.0 171,4.0 172,1.0 175,4.0 176,4.0 192,6.0 220,1.0 255,1.0 288,1.0 
1,2.0 22,5.0 23,5.0 49,2.0 51,2.0 52,2.0 53,2.0 81,10.0 126,2.0 128,9.0 130,5.0 131,5.0 132,10.0 133,2.0 134,10.0 135,5.0 137,5.0 138,5.0 139,2.0 156,4.0 161,2.0 172,4.0 182,2.0 190,2.0 266,1.0 
22,5.0 23,5.0 42,2.0 56,4.0 81,5.0 128,5.0 131,5.0 132,5.0 232,1.0 243,1.0 245,2.0 
22,5.0 23,5.0 81,5.0 114,1.0 118,1.0 124,3.0 128,5.0 130,5.0 132,5.0 160,3.0 180,1.0 217,3.0 218,3.0 
53,2.0 59,2.0 79,4.0 80,4.0 81,2.0 129,7.0 133,7.0 134,10.0 135,11.0 136,16.0 137,10.0 138,12.0 140,5.0 142,4.0 143,11.0 149,1.0 155,4.0 160,3.0 176,2.0 177,1.0 191,2.0 196,2.0 216,3.0 268,1.0 289,1.0 290,1.0 
0,6.0 46,8.0 47,1.0 51,2.0 52,4.0 54,2.0 59,6.0 74,12.0 81,6.0 114,2.0 122,2.0 127,12.0 128,6.0 129,5.0 132,5.0 133,1.0 135,1.0 136,10.0 137,6.0 138,4.0 143,1.0 152,4.0 160,3.0 161,6.0 175,4.0 177,2.0 183,2.0 190,2.0 201,3.0 210,3.0 216,1.0 257,2.0 266,1.0 270,1.0 275,1.0 276,1.0 
14,3.0 39,4.0 45,2.0 48,3.0 51,4.0 59,3.0 80,2.0 84,8.0 95,2.0 132,5.0 134,9.0 135,27.0 136,11.0 137,16.0 138,5.0 139,5.0 149,2.0 157,4.0 158,4.0 159,4.0 160,2.0 161,2.0 171,8.0 172,8.0 174,6.0 193,2.0 196,2.0 204,18.0 205,3.0 206,3.0 213,6.0 214,3.0 
39,2.0 45,2.0 52,6.0 74,12.0 95,2.0 118,1.0 127,12.0 132,5.0 133,12.0 134,29.0 135,6.0 136,11.0 157,2.0 158,2.0 159,2.0 173,12.0 174,12.0 188,1.0 193,2.0 205,6.0 214,1.0 225,1.0 271,1.0 
45,6.0 52,2.0 53,10.0 60,2.0 79,2.0 81,10.0 129,5.0 132,18.0 133,1.0 134,6.0 136,6.0 137,5.0 138,7.0 139,5.0 140,5.0 141,2.0 142,7.0 144,5.0 148,34.0 174,6.0 183,2.0 191,11.0 196,4.0 203,1.0 263,1.0 268,2.0 270,2.0 
0,3.0 14,9.0 23,6.0 48,3.0 51,3.0 52,3.0 54,3.0 59,3.0 65,9.0 77,3.0 80,2.0 114,3.0 124,6.0 133,6.0 134,7.0 136,6.0 137,3.0 138,10.0 139,5.0 140,5.0 141,5.0 146,3.0 149,2.0 171,3.0 196,2.0 213,6.0 214,3.0 224,3.0 
53,2.0 56,1.0 132,4.0 133,4.0 134,5.0 136,3.0 137,10.0 138,1.0 139,5.0 140,5.0 141,5.0 160,3.0 191,2.0 263,2.0 
129,2.0 132,5.0 133,2.0 136,10.0 144,5.0 
137,5.0 138,5.0 141,5.0 
136,9.0 142,6.0 149,2.0 183,2.0 190,2.0 219,3.0 221,3.0 225,1.0 291,2.0 292,1.0 
52,2.0 53,4.0 58,4.0 132,9.0 136,7.0 141,1.0 143,6.0 160,2.0 188,2.0 291,1.0 
11,1.0 47,1.0 52,5.0 53,5.0 78,1.0 81,2.0 127,2.0 133,7.0 136,4.0 137,6.0 142,4.0 143,1.0 149,1.0 151,4.0 160,4.0 161,2.0 177,2.0 183,2.0 245,1.0 264,2.0 265,1.0 272,1.0 274,1.0 
145,5.0 
14,5.0 23,5.0 
22,5.0 40,5.0 45,1.0 46,5.0 52,6.0 54,3.0 65,3.0 122,1.0 137,3.0 147,5.0 
22,5.0 40,5.0 46,8.0 49,2.0 52,5.0 56,4.0 116,3.0 146,5.0 173,6.0 208,3.0 215,3.0 
132,6.0 134,6.0 135,6.0 136,12.0 143,6.0 149,4.0 
11,1.0 80,2.0 134,2.0 137,2.0 138,2.0 141,2.0 143,1.0 150,2.0 189,2.0 196,2.0 225,2.0 
136,2.0 
133,4.0 
81,4.0 309,2.0 
93,8.0 154,8.0 300,7.0 
93,8.0 136,8.0 
129,4.0 
81,4.0 
39,2.0 134,2.0 158,2.0 159,2.0 160,2.0 161,2.0 215,1.0 
39,2.0 134,2.0 157,2.0 159,2.0 160,2.0 161,2.0 
39,2.0 56,1.0 134,2.0 157,2.0 158,2.0 160,2.0 161,2.0 269,1.0 
45,6.0 81,2.0 106,1.0 132,5.0 133,1.0 136,2.0 141,6.0 142,2.0 143,3.0 149,1.0 161,14.0 176,2.0 183,2.0 189,2.0 196,6.0 225,2.0 244,2.0 259,1.0 260,1.0 289,1.0 290,1.0 
0,4.0 45,6.0 46,4.0 47,12.0 48,12.0 57,4.0 59,4.0 65,6.0 81,2.0 96,2.0 127,2.0 128,10.0 129,2.0 132,5.0 133,4.0 143,2.0 160,2.0 161,1.0 171,5.0 172,1.0 176,6.0 177,2.0 179,2.0 188,2.0 192,2.0 196,6.0 220,1.0 246,1.0 257,2.0 278,1.0 283,2.0 288,1.0 
0,2.0 46,2.0 52,2.0 113,2.0 163,2.0 164,2.0 165,2.0 166,2.0 167,2.0 168,2.0 
51,1.0 78,1.0 153,1.0 164,2.0 165,2.0 166,2.0 167,2.0 168,2.0 181,1.0 307,1.0 
81,2.0 132,2.0 163,2.0 165,4.0 166,2.0 167,2.0 168,2.0 180,2.0 181,2.0 
81,2.0 132,2.0 163,2.0 164,4.0 166,2.0 167,2.0 168,2.0 180,2.0 181,2.0 
163,2.0 164,2.0 165,2.0 167,2.0 168,2.0 
0,6.0 46,6.0 52,6.0 113,6.0 162,2.0 168,6.0 169,2.0 
0,6.0 46,6.0 52,6.0 113,6.0 162,2.0 167,6.0 169,2.0 
0,2.0 46,2.0 52,2.0 113,2.0 167,2.0 168,2.0 
127,4.0 171,4.0 
57,8.0 58,4.0 65,6.0 79,2.0 80,4.0 84,12.0 96,6.0 127,4.0 134,8.0 161,2.0 171,1.0 172,38.0 175,1.0 176,14.0 225,1.0 252,2.0 283,1.0 
57,4.0 79,12.0 80,6.0 81,6.0 84,12.0 128,5.0 129,4.0 133,4.0 161,11.0 171,6.0 176,6.0 177,4.0 255,1.0 
49,2.0 56,4.0 74,12.0 77,1.0 127,12.0 133,12.0 135,12.0 147,6.0 174,12.0 224,1.0 239,1.0 294,1.0 295,1.0 296,1.0 
52,1.0 74,12.0 127,12.0 133,12.0 134,6.0 135,12.0 173,12.0 205,3.0 206,3.0 214,3.0 
128,4.0 171,6.0 225,2.0 252,1.0 
57,8.0 127,1.0 132,2.0 133,4.0 160,1.0 164,2.0 165,2.0 171,14.0 172,14.0 180,2.0 181,2.0 190,1.0 196,2.0 197,2.0 201,4.0 212,1.0 259,3.0 281,1.0 282,1.0 
0,4.0 46,4.0 59,4.0 65,6.0 74,2.0 78,1.0 81,6.0 132,1.0 133,3.0 143,4.0 161,1.0 177,1.0 183,2.0 190,2.0 199,2.0 257,2.0 258,1.0 264,1.0 
3,2.0 9,2.0 10,2.0 76,2.0 94,2.0 128,2.0 
127,2.0 128,2.0 172,2.0 254,1.0 
81,2.0 118,1.0 132,2.0 164,2.0 165,2.0 181,2.0 
51,1.0 78,1.0 81,2.0 132,2.0 153,1.0 163,1.0 164,2.0 165,2.0 180,2.0 307,1.0 
1,2.0 49,2.0 53,2.0 81,2.0 135,1.0 160,2.0 
39,1.0 49,2.0 133,2.0 142,2.0 143,1.0 159,1.0 177,2.0 183,2.0 184,2.0 185,2.0 186,2.0 187,2.0 189,2.0 201,1.0 268,2.0 272,2.0 
136,2.0 141,2.0 185,2.0 186,2.0 187,2.0 
136,2.0 141,2.0 184,2.0 186,2.0 187,2.0 
136,2.0 141,2.0 184,2.0 185,2.0 187,2.0 
136,2.0 141,2.0 184,2.0 185,2.0 186,2.0 
0,3.0 42,2.0 53,2.0 58,2.0 59,3.0 81,1.0 113,6.0 130,2.0 133,4.0 149,1.0 160,2.0 171,1.0 175,1.0 177,6.0 189,2.0 195,6.0 197,3.0 205,3.0 210,1.0 232,1.0 243,1.0 246,2.0 247,2.0 271,1.0 
136,2.0 149,2.0 160,2.0 183,2.0 244,2.0 
51,2.0 129,1.0 133,1.0 141,2.0 149,2.0 160,1.0 176,1.0 190,2.0 199,2.0 259,1.0 265,1.0 266,4.0 267,1.0 
53,13.0 79,2.0 80,2.0 129,2.0 132,6.0 133,4.0 138,4.0 139,2.0 142,4.0 174,1.0 300,1.0 
38,6.0 126,2.0 143,2.0 161,1.0 172,2.0 192,1.0 198,2.0 278,2.0 279,1.0 
45,2.0 95,2.0 122,2.0 134,2.0 135,2.0 194,2.0 
80,2.0 81,2.0 127,2.0 195,2.0 202,2.0 255,1.0 
0,3.0 2,1.0 22,2.0 46,3.0 48,3.0 52,1.0 59,3.0 65,1.0 71,2.0 118,3.0 128,2.0 133,3.0 179,2.0 188,3.0 197,3.0 202,2.0 208,3.0 209,3.0 
1,1.0 47,6.0 48,6.0 54,5.0 59,2.0 80,2.0 81,4.0 113,4.0 127,2.0 131,1.0 136,2.0 161,6.0 192,2.0 197,2.0 235,1.0 
0,3.0 59,3.0 127,2.0 133,3.0 188,3.0 195,3.0 196,2.0 213,1.0 219,1.0 271,1.0 286,3.0 287,1.0 
45,2.0 123,2.0 
51,2.0 74,2.0 160,2.0 161,2.0 
48,2.0 172,2.0 
133,3.0 135,1.0 143,2.0 176,2.0 182,1.0 183,2.0 194,2.0 201,2.0 210,3.0 211,3.0 259,4.0 268,1.0 
128,2.0 195,2.0 
1,1.0 134,18.0 221,2.0 229,1.0 271,1.0 
65,18.0 113,1.0 204,2.0 205,2.0 237,1.0 
52,12.0 116,3.0 143,6.0 147,3.0 161,6.0 188,3.0 195,3.0 208,3.0 214,3.0 215,3.0 226,1.0 227,1.0 231,1.0 232,1.0 233,1.0 238,1.0 
11,1.0 124,3.0 131,1.0 306,1.0 
195,3.0 208,3.0 
46,3.0 116,3.0 118,3.0 147,3.0 195,3.0 209,3.0 215,3.0 
118,3.0 201,3.0 
48,2.0 59,2.0 133,3.0 201,3.0 213,1.0 
22,3.0 212,3.0 280,1.0 
22,3.0 47,1.0 102,2.0 188,3.0 205,3.0 225,1.0 284,2.0 285,2.0 
48,5.0 54,1.0 59,5.0 65,3.0 77,3.0 125,1.0 137,6.0 210,1.0 212,1.0 225,1.0 229,1.0 
0,4.0 14,1.0 45,1.0 52,3.0 54,2.0 65,3.0 116,3.0 125,1.0 129,1.0 147,3.0 190,1.0 203,1.0 205,3.0 208,3.0 213,1.0 215,3.0 225,1.0 233,1.0 240,1.0 
46,3.0 61,1.0 116,3.0 147,3.0 208,3.0 
46,1.0 124,3.0 131,3.0 217,3.0 218,3.0 
124,3.0 131,3.0 160,3.0 218,3.0 
124,3.0 131,3.0 160,3.0 217,3.0 
197,1.0 213,1.0 219,3.0 220,3.0 222,3.0 223,3.0 286,1.0 
38,1.0 138,3.0 141,1.0 288,2.0 291,1.0 
133,1.0 143,1.0 177,1.0 183,1.0 190,1.0 201,1.0 219,3.0 222,3.0 
219,6.0 
114,3.0 137,3.0 224,3.0 
14,3.0 23,3.0 114,3.0 124,3.0 137,6.0 143,1.0 177,1.0 
45,1.0 54,1.0 65,1.0 77,1.0 118,1.0 128,1.0 130,2.0 147,4.0 161,1.0 173,4.0 176,1.0 201,1.0 204,2.0 245,2.0 250,2.0 251,2.0 253,1.0 256,1.0 292,1.0 
132,1.0 160,1.0 227,1.0 
132,2.0 160,1.0 177,1.0 226,1.0 230,1.0 
48,1.0 59,1.0 197,1.0 213,1.0 286,1.0 
53,1.0 143,1.0 183,1.0 271,1.0 
132,1.0 177,1.0 227,1.0 
46,1.0 232,1.0 233,1.0 
42,1.0 46,1.0 56,1.0 130,1.0 231,1.0 233,1.0 243,1.0 
46,1.0 49,2.0 231,1.0 232,1.0 240,2.0 
196,1.0 235,1.0 
131,1.0 196,1.0 
118,1.0 
14,1.0 113,1.0 
11,1.0 206,1.0 
56,1.0 77,1.0 173,1.0 239,1.0 294,1.0 295,1.0 296,1.0 
49,2.0 233,2.0 
77,1.0 242,1.0 
77,1.0 241,1.0 
42,1.0 56,1.0 130,1.0 232,1.0 
1,1.0 160,1.0 189,2.0 225,2.0 244,1.0 260,2.0 
56,2.0 114,1.0 130,2.0 221,1.0 
14,1.0 56,2.0 58,1.0 247,2.0 
56,2.0 246,2.0 
249,2.0 
175,2.0 
188,2.0 251,2.0 
188,2.0 250,2.0 
171,1.0 225,1.0 
56,1.0 
52,1.0 127,1.0 
80,2.0 81,1.0 110,1.0 225,1.0 277,1.0 
52,1.0 
133,1.0 135,1.0 177,1.0 258,1.0 
176,1.0 190,1.0 
106,1.0 135,1.0 160,1.0 182,1.0 201,2.0 
1,1.0 244,1.0 
1,1.0 262,1.0 
1,1.0 136,1.0 138,1.0 
56,1.0 138,1.0 
143,1.0 265,1.0 
203,1.0 245,1.0 
190,2.0 265,1.0 267,1.0 
203,1.0 
136,1.0 159,1.0 183,1.0 191,1.0 
56,1.0 133,1.0 136,1.0 
136,1.0 203,1.0 
81,1.0 133,1.0 143,1.0 183,1.0 188,1.0 212,1.0 229,1.0 
39,1.0 183,1.0 
58,1.0 132,1.0 136,1.0 
143,1.0 245,1.0 
133,1.0 153,1.0 203,1.0 276,1.0 310,2.0 
133,1.0 216,1.0 
110,1.0 
192,1.0 279,1.0 
211,1.0 
127,1.0 176,1.0 
176,1.0 282,1.0 
176,1.0 212,1.0 
161,1.0 246,1.0 
102,3.0 118,1.0 197,1.0 228,1.0 285,3.0 286,1.0 
102,3.0 118,1.0 197,1.0 228,1.0 284,3.0 286,1.0 
197,3.0 213,1.0 219,1.0 271,1.0 287,1.0 
77,1.0 173,1.0 212,1.0 239,1.0 293,1.0 294,1.0 295,1.0 
38,1.0 141,1.0 220,2.0 291,1.0 
39,1.0 290,1.0 
39,1.0 289,1.0 
141,2.0 142,1.0 225,1.0 292,1.0 
65,1.0 225,1.0 
77,1.0 173,1.0 239,1.0 287,1.0 294,1.0 295,1.0 
77,1.0 173,1.0 239,1.0 295,1.0 296,1.0 
77,1.0 173,1.0 239,1.0 294,1.0 296,1.0 
297,4.0 
153,2.0 298,2.0 
299,2.0 
153,2.0 
152,1.0 301,2.0 302,2.0 303,2.0 305,1.0 308,1.0 311,1.0 
296,2.0 302,2.0 
296,2.0 301,2.0 
304,2.0 
77,2.0 78,2.0 
206,1.0 308,1.0 
51,1.0 77,1.0 78,2.0 152,1.0 163,1.0 181,1.0 307,1.0 
51,1.0 78,1.0 153,1.0 163,1.0 181,1.0 
306,2.0 
275,1.0 310,1.0 312,1.0 
153,1.0 203,1.0 275,2.0 
305,1.0 
313,1.0 
275,1.0 310,1.0 
