0,3.0 1,3.0 2,5.0 3,3.0 7,11.0 20,18.0 21,8.0 23,1.0 35,3.0 43,8.0 46,5.0 72,5.0 84,15.0 85,1.0 86,5.0 87,1.0 88,5.0 89,5.0 97,5.0 98,5.0 99,5.0 100,5.0 119,8.0 124,6.0 196,3.0 227,2.0 228,2.0 266,3.0 267,3.0 293,1.0 344,1.0 345,1.0 350,1.0 
2,9.0 3,9.0 4,6.0 5,6.0 13,2.0 15,3.0 16,3.0 20,2.0 21,7.0 28,5.0 29,8.0 40,5.0 46,2.0 48,4.0 49,4.0 53,8.0 54,3.0 84,2.0 94,5.0 110,2.0 146,2.0 154,5.0 161,2.0 162,2.0 166,2.0 182,5.0 183,5.0 184,5.0 191,2.0 192,2.0 193,2.0 
0,1.0 1,9.0 3,9.0 4,6.0 5,6.0 7,1.0 15,3.0 16,3.0 28,5.0 43,1.0 85,1.0 125,5.0 126,5.0 127,5.0 350,1.0 
1,9.0 2,9.0 4,9.0 5,6.0 7,1.0 12,3.0 15,3.0 16,3.0 49,2.0 52,3.0 62,5.0 80,2.0 107,3.0 111,5.0 123,5.0 124,5.0 147,5.0 167,5.0 184,3.0 210,1.0 224,2.0 234,1.0 268,3.0 270,1.0 275,3.0 292,2.0 301,1.0 302,2.0 325,2.0 351,1.0 
1,3.0 5,6.0 6,6.0 29,3.0 53,3.0 54,3.0 
4,6.0 6,6.0 
6,7.0 7,12.0 20,26.0 21,13.0 22,3.0 23,1.0 24,1.0 27,5.0 28,2.0 31,1.0 33,2.0 34,1.0 42,3.0 43,3.0 46,8.0 47,6.0 55,1.0 65,3.0 66,3.0 67,3.0 68,1.0 73,3.0 83,3.0 84,48.0 85,1.0 86,1.0 97,1.0 102,8.0 103,3.0 108,1.0 113,5.0 116,5.0 117,5.0 118,5.0 119,15.0 120,5.0 121,3.0 123,1.0 124,1.0 141,3.0 197,2.0 198,2.0 211,1.0 224,5.0 242,1.0 243,3.0 244,1.0 251,3.0 255,5.0 256,7.0 271,3.0 273,3.0 310,1.0 312,1.0 314,1.0 346,2.0 347,1.0 348,3.0 349,2.0 350,2.0 351,1.0 352,1.0 
0,11.0 2,2.0 3,2.0 6,3.0 7,11.0 8,6.0 9,6.0 10,6.0 17,3.0 18,3.0 19,3.0 20,3.0 23,2.0 26,2.0 28,4.0 31,1.0 34,1.0 43,25.0 46,2.0 54,1.0 57,1.0 61,4.0 69,1.0 77,3.0 80,3.0 85,1.0 87,1.0 89,1.0 107,7.0 119,9.0 122,4.0 124,1.0 135,3.0 174,2.0 209,12.0 227,3.0 230,1.0 234,1.0 239,3.0 255,1.0 256,7.0 262,3.0 275,2.0 305,1.0 306,1.0 326,1.0 344,1.0 345,1.0 350,1.0 351,3.0 353,1.0 354,1.0 
9,6.0 10,6.0 11,6.0 12,6.0 13,6.0 
8,6.0 10,6.0 11,6.0 12,6.0 13,6.0 
8,6.0 9,6.0 11,6.0 12,6.0 13,6.0 
12,12.0 13,6.0 14,6.0 29,4.0 153,4.0 183,4.0 184,2.0 188,4.0 204,2.0 210,2.0 211,6.0 212,6.0 
3,3.0 4,3.0 11,12.0 13,6.0 14,6.0 29,4.0 46,5.0 52,8.0 53,5.0 68,5.0 85,5.0 153,4.0 156,5.0 157,5.0 162,5.0 184,2.0 204,2.0 210,2.0 211,6.0 212,6.0 
11,6.0 12,6.0 14,6.0 146,2.0 159,5.0 160,5.0 161,2.0 162,2.0 166,2.0 186,2.0 193,2.0 209,3.0 258,3.0 
1,6.0 2,6.0 3,6.0 
6,3.0 16,3.0 
6,3.0 15,3.0 
0,3.0 6,3.0 18,3.0 19,3.0 20,9.0 21,6.0 35,3.0 36,3.0 37,3.0 38,3.0 43,3.0 44,3.0 45,3.0 111,3.0 123,5.0 124,3.0 196,3.0 265,3.0 
6,3.0 17,3.0 19,3.0 20,3.0 21,3.0 
6,3.0 17,3.0 18,3.0 20,3.0 21,6.0 48,3.0 49,3.0 
0,17.0 6,26.0 7,3.0 17,3.0 20,19.0 21,47.0 22,3.0 23,1.0 32,5.0 35,18.0 43,27.0 47,12.0 52,6.0 53,3.0 60,3.0 61,27.0 65,8.0 67,3.0 68,3.0 70,3.0 72,10.0 73,6.0 83,6.0 84,47.0 86,5.0 87,5.0 88,10.0 91,4.0 97,5.0 99,5.0 100,5.0 103,7.0 107,5.0 108,5.0 109,5.0 110,10.0 111,3.0 119,3.0 123,5.0 124,6.0 137,3.0 141,3.0 146,3.0 153,3.0 164,6.0 184,1.0 185,4.0 191,5.0 192,2.0 196,18.0 197,4.0 198,4.0 206,3.0 209,9.0 234,1.0 239,3.0 243,3.0 247,6.0 248,3.0 249,6.0 250,3.0 251,6.0 254,3.0 262,3.0 265,3.0 266,3.0 267,3.0 268,3.0 270,6.0 271,3.0 276,6.0 296,2.0 306,1.0 
0,3.0 1,4.0 6,13.0 13,2.0 20,42.0 21,14.0 22,3.0 23,1.0 26,10.0 28,20.0 32,2.0 33,5.0 35,15.0 43,4.0 46,4.0 48,7.0 49,7.0 50,3.0 53,10.0 55,3.0 56,3.0 57,5.0 59,3.0 60,10.0 62,10.0 65,13.0 66,5.0 67,3.0 68,10.0 71,5.0 72,5.0 74,10.0 77,9.0 78,5.0 80,5.0 81,5.0 82,5.0 84,14.0 87,5.0 88,5.0 97,1.0 103,9.0 108,1.0 110,9.0 115,5.0 119,1.0 124,3.0 129,5.0 130,5.0 131,5.0 132,9.0 135,5.0 138,5.0 146,2.0 151,5.0 161,2.0 162,2.0 166,7.0 179,5.0 184,1.0 189,4.0 191,2.0 192,2.0 193,2.0 196,15.0 197,4.0 198,4.0 206,3.0 230,1.0 244,1.0 247,6.0 249,6.0 255,5.0 266,3.0 267,3.0 268,3.0 270,6.0 296,2.0 306,1.0 308,4.0 309,2.0 310,1.0 312,1.0 
23,3.0 
0,1.0 7,2.0 17,3.0 20,3.0 24,3.0 26,12.0 32,3.0 33,12.0 43,1.0 84,24.0 100,6.0 109,3.0 111,3.0 119,1.0 235,6.0 239,9.0 240,12.0 241,9.0 256,1.0 265,3.0 306,2.0 307,2.0 345,1.0 
0,1.0 6,1.0 7,1.0 24,4.0 25,3.0 26,3.0 55,2.0 84,1.0 119,1.0 232,2.0 233,2.0 256,1.0 352,1.0 
26,3.0 27,3.0 32,2.0 43,2.0 46,2.0 47,2.0 60,2.0 78,2.0 207,2.0 208,2.0 
7,1.0 21,10.0 23,12.0 25,3.0 27,3.0 32,3.0 33,12.0 43,1.0 71,5.0 84,12.0 100,6.0 132,5.0 239,9.0 240,12.0 241,9.0 256,1.0 353,1.0 
6,5.0 28,3.0 29,3.0 30,3.0 102,5.0 117,5.0 
1,5.0 2,5.0 6,4.0 7,2.0 21,20.0 29,8.0 30,3.0 31,10.0 32,6.0 33,6.0 34,7.0 43,4.0 53,10.0 54,1.0 62,10.0 74,10.0 94,5.0 112,5.0 122,1.0 125,5.0 126,5.0 127,5.0 131,5.0 170,5.0 171,5.0 184,3.0 204,3.0 
1,8.0 11,4.0 12,4.0 21,3.0 28,8.0 30,3.0 31,3.0 53,6.0 54,3.0 94,5.0 127,3.0 153,9.0 164,5.0 211,4.0 212,4.0 249,3.0 252,3.0 292,3.0 
28,3.0 29,3.0 31,3.0 
7,1.0 28,3.0 32,3.0 33,3.0 34,7.0 35,6.0 107,1.0 
17,3.0 20,6.0 21,2.0 23,3.0 25,2.0 28,6.0 31,6.0 33,6.0 34,6.0 43,2.0 46,2.0 47,2.0 60,2.0 78,2.0 84,3.0 110,3.0 111,3.0 207,2.0 208,2.0 240,3.0 250,3.0 265,3.0 
6,1.0 12,5.0 23,12.0 26,12.0 28,6.0 31,6.0 32,9.0 34,6.0 46,5.0 84,13.0 85,6.0 100,6.0 239,9.0 240,12.0 241,9.0 350,1.0 
7,1.0 31,7.0 35,6.0 107,1.0 214,3.0 282,3.0 287,3.0 288,3.0 
0,3.0 17,6.0 20,15.0 21,15.0 124,3.0 196,15.0 206,3.0 247,6.0 249,6.0 266,3.0 267,3.0 268,3.0 270,6.0 
37,3.0 38,3.0 39,3.0 40,3.0 41,3.0 
36,3.0 38,3.0 39,3.0 40,3.0 41,3.0 
36,3.0 37,3.0 39,3.0 40,3.0 41,3.0 
40,3.0 41,3.0 42,3.0 74,4.0 109,4.0 
1,5.0 39,3.0 41,3.0 42,3.0 89,5.0 112,5.0 122,5.0 154,5.0 155,5.0 
39,3.0 40,3.0 42,3.0 73,5.0 84,3.0 255,3.0 256,3.0 
19,3.0 28,3.0 32,3.0 33,3.0 
0,8.0 1,2.0 2,2.0 6,6.0 7,24.0 20,27.0 23,1.0 26,2.0 28,2.0 43,18.0 44,3.0 45,3.0 46,32.0 47,3.0 51,4.0 53,3.0 54,1.0 57,1.0 60,2.0 61,34.0 66,3.0 68,3.0 69,1.0 70,3.0 78,2.0 80,1.0 83,3.0 85,1.0 86,5.0 89,1.0 93,1.0 95,1.0 97,5.0 98,5.0 100,4.0 106,1.0 107,3.0 119,1.0 121,2.0 122,3.0 124,1.0 125,10.0 164,6.0 174,2.0 175,1.0 186,2.0 192,2.0 201,2.0 208,2.0 209,13.0 211,1.0 227,3.0 230,1.0 256,7.0 275,2.0 303,1.0 304,1.0 305,1.0 306,1.0 316,2.0 350,1.0 351,1.0 353,1.0 354,1.0 
6,3.0 43,3.0 45,3.0 46,3.0 47,3.0 
6,3.0 43,3.0 44,3.0 46,3.0 47,3.0 
0,5.0 1,2.0 6,8.0 7,1.0 12,5.0 42,3.0 43,31.0 46,6.0 47,6.0 51,4.0 52,3.0 60,2.0 61,6.0 63,3.0 68,5.0 78,2.0 85,5.0 86,5.0 93,1.0 95,1.0 97,5.0 98,5.0 100,4.0 106,1.0 107,1.0 112,3.0 113,5.0 116,5.0 117,3.0 119,2.0 121,2.0 122,1.0 124,1.0 137,3.0 175,1.0 186,2.0 192,2.0 201,2.0 208,2.0 209,6.0 211,1.0 230,2.0 253,3.0 258,1.0 281,3.0 303,1.0 304,1.0 316,2.0 317,4.0 318,1.0 319,1.0 320,1.0 
0,1.0 6,8.0 20,19.0 21,4.0 25,2.0 29,3.0 32,2.0 42,3.0 43,2.0 46,8.0 52,6.0 60,2.0 69,5.0 73,5.0 78,2.0 84,17.0 85,5.0 112,2.0 117,3.0 121,2.0 146,3.0 191,3.0 199,2.0 203,2.0 206,2.0 207,2.0 208,2.0 234,1.0 248,3.0 251,3.0 254,3.0 276,3.0 293,3.0 294,1.0 
1,4.0 13,2.0 20,2.0 21,7.0 49,7.0 50,3.0 84,2.0 110,2.0 146,2.0 161,2.0 162,2.0 166,2.0 191,2.0 192,2.0 193,2.0 
1,4.0 3,2.0 13,2.0 20,2.0 21,7.0 48,7.0 50,3.0 80,1.0 84,2.0 107,2.0 110,2.0 146,2.0 161,2.0 162,2.0 166,2.0 191,2.0 192,2.0 193,2.0 292,2.0 301,1.0 302,2.0 
51,3.0 
3,3.0 12,3.0 52,3.0 100,4.0 112,4.0 153,4.0 
3,3.0 4,3.0 12,8.0 20,6.0 46,3.0 47,6.0 73,3.0 117,3.0 137,8.0 145,5.0 162,5.0 251,3.0 
1,8.0 12,5.0 20,3.0 21,13.0 28,10.0 29,6.0 43,3.0 54,3.0 68,3.0 74,10.0 156,5.0 157,5.0 182,5.0 183,5.0 184,5.0 209,3.0 249,3.0 
1,3.0 7,1.0 21,3.0 29,3.0 43,1.0 53,3.0 83,5.0 227,1.0 
21,5.0 233,2.0 313,1.0 
21,3.0 
7,1.0 20,4.0 21,4.0 43,1.0 58,12.0 68,4.0 84,4.0 89,14.0 90,5.0 91,5.0 209,1.0 
6,3.0 7,1.0 20,3.0 21,10.0 43,3.0 46,2.0 59,3.0 89,1.0 145,3.0 200,5.0 209,1.0 305,1.0 
21,3.0 60,3.0 
20,3.0 43,2.0 46,2.0 61,10.0 78,2.0 186,2.0 208,2.0 209,3.0 276,3.0 
7,3.0 20,27.0 21,14.0 28,10.0 43,34.0 46,5.0 61,9.0 70,3.0 83,3.0 93,1.0 95,1.0 106,1.0 119,1.0 125,10.0 131,5.0 164,6.0 188,4.0 209,8.0 230,1.0 239,3.0 262,3.0 303,1.0 304,1.0 
63,20.0 64,10.0 148,8.0 
6,5.0 21,10.0 46,5.0 62,13.0 65,15.0 116,5.0 
62,10.0 113,5.0 337,1.0 
6,11.0 20,6.0 21,8.0 27,5.0 63,10.0 65,3.0 66,14.0 67,15.0 77,6.0 102,5.0 113,3.0 134,3.0 184,4.0 206,3.0 271,3.0 272,3.0 
1,4.0 21,4.0 48,4.0 49,4.0 65,3.0 67,17.0 184,4.0 190,2.0 261,3.0 272,3.0 
6,3.0 20,6.0 21,13.0 25,2.0 32,2.0 35,3.0 47,2.0 65,15.0 67,9.0 76,5.0 113,3.0 190,2.0 196,3.0 206,15.0 207,2.0 271,3.0 
6,1.0 21,14.0 26,10.0 57,4.0 69,10.0 70,1.0 84,1.0 86,5.0 152,5.0 200,4.0 224,1.0 305,1.0 
7,1.0 20,3.0 21,5.0 43,4.0 61,3.0 68,6.0 70,10.0 80,5.0 81,5.0 92,6.0 104,5.0 209,1.0 
6,4.0 12,5.0 20,3.0 52,5.0 68,10.0 69,4.0 84,4.0 202,1.0 224,1.0 244,1.0 313,1.0 324,1.0 
72,5.0 
0,5.0 20,10.0 21,5.0 57,5.0 73,10.0 84,10.0 87,5.0 88,5.0 89,5.0 
20,5.0 21,10.0 28,10.0 29,5.0 43,2.0 46,2.0 47,3.0 53,10.0 58,3.0 83,3.0 112,2.0 145,3.0 153,5.0 155,3.0 159,5.0 168,5.0 169,5.0 200,3.0 
47,4.0 52,5.0 61,4.0 73,5.0 75,18.0 86,5.0 133,5.0 134,5.0 137,5.0 188,8.0 196,4.0 
74,18.0 86,5.0 196,4.0 
6,3.0 20,3.0 21,5.0 47,3.0 77,5.0 84,3.0 
21,5.0 29,3.0 53,3.0 65,7.0 76,11.0 135,4.0 332,1.0 333,1.0 334,1.0 335,1.0 
43,2.0 46,2.0 60,2.0 79,5.0 186,2.0 208,2.0 
69,5.0 
3,1.0 6,1.0 7,2.0 21,5.0 46,1.0 81,5.0 82,5.0 84,1.0 107,2.0 122,1.0 234,1.0 292,1.0 302,1.0 351,2.0 
21,5.0 80,5.0 82,5.0 
83,5.0 
47,5.0 58,3.0 73,3.0 84,5.0 85,5.0 138,3.0 145,3.0 166,5.0 200,3.0 
0,11.0 6,48.0 20,47.0 21,16.0 23,37.0 24,1.0 26,12.0 32,6.0 33,14.0 47,14.0 55,1.0 68,1.0 69,5.0 72,10.0 84,11.0 85,6.0 86,1.0 87,5.0 88,10.0 91,4.0 97,1.0 99,5.0 100,11.0 102,3.0 103,7.0 108,1.0 110,6.0 119,8.0 121,3.0 123,1.0 124,1.0 141,3.0 153,3.0 185,2.0 191,2.0 192,2.0 209,3.0 211,1.0 224,5.0 230,1.0 234,1.0 239,9.0 240,12.0 241,9.0 242,1.0 243,3.0 244,1.0 248,3.0 250,3.0 251,3.0 254,3.0 255,5.0 256,10.0 293,3.0 294,1.0 310,1.0 312,1.0 314,1.0 346,2.0 347,1.0 348,3.0 349,2.0 350,2.0 351,1.0 352,1.0 
6,1.0 7,2.0 12,5.0 43,1.0 46,5.0 47,5.0 68,5.0 69,5.0 84,5.0 107,1.0 350,2.0 
0,12.0 6,1.0 7,1.0 20,15.0 21,5.0 72,5.0 74,5.0 84,11.0 97,5.0 98,5.0 110,5.0 119,1.0 128,5.0 133,5.0 185,2.0 234,1.0 256,1.0 
0,1.0 7,1.0 57,5.0 72,5.0 88,5.0 89,5.0 119,1.0 
57,5.0 72,5.0 87,5.0 89,10.0 99,5.0 100,5.0 101,5.0 
3,5.0 6,1.0 20,4.0 40,5.0 57,15.0 84,5.0 90,5.0 91,5.0 101,10.0 102,5.0 103,5.0 122,5.0 123,7.0 224,1.0 314,1.0 
57,5.0 89,5.0 
57,4.0 68,4.0 92,5.0 93,5.0 103,4.0 
1,5.0 7,1.0 28,5.0 29,5.0 43,1.0 69,5.0 70,7.0 93,6.0 104,5.0 161,5.0 209,1.0 261,1.0 312,1.0 313,1.0 
1,5.0 28,5.0 29,5.0 92,6.0 158,7.0 224,1.0 
95,5.0 96,5.0 
0,5.0 20,5.0 43,6.0 46,6.0 61,1.0 96,6.0 97,2.0 106,5.0 107,5.0 209,1.0 
0,5.0 43,6.0 46,6.0 61,1.0 95,5.0 209,1.0 
0,5.0 6,1.0 20,5.0 21,1.0 84,6.0 86,5.0 98,5.0 106,1.0 108,5.0 109,5.0 110,5.0 139,1.0 255,1.0 311,1.0 329,1.0 
0,5.0 20,5.0 84,5.0 86,5.0 95,1.0 97,5.0 
88,5.0 89,5.0 100,5.0 101,5.0 219,4.0 220,4.0 
23,6.0 26,6.0 32,3.0 33,6.0 51,4.0 84,6.0 88,5.0 89,5.0 99,5.0 101,5.0 112,4.0 153,4.0 239,3.0 240,6.0 241,3.0 
1,5.0 53,5.0 58,1.0 89,10.0 102,5.0 103,5.0 182,5.0 321,1.0 
6,5.0 27,5.0 89,5.0 101,5.0 117,5.0 123,3.0 146,3.0 235,3.0 263,3.0 264,3.0 
21,5.0 57,8.0 68,4.0 69,5.0 70,3.0 89,4.0 91,4.0 92,5.0 110,5.0 135,5.0 138,5.0 166,5.0 179,5.0 189,4.0 
11,4.0 12,4.0 29,4.0 105,5.0 153,4.0 
95,5.0 106,5.0 
20,8.0 32,3.0 43,1.0 46,1.0 61,1.0 84,3.0 95,6.0 107,5.0 108,1.0 110,3.0 178,1.0 209,1.0 
3,4.0 7,7.0 11,2.0 12,2.0 20,5.0 43,4.0 46,2.0 49,2.0 61,1.0 80,4.0 97,5.0 107,2.0 108,5.0 109,5.0 119,1.0 122,1.0 184,2.0 204,2.0 209,3.0 210,2.0 230,1.0 234,1.0 275,2.0 292,6.0 301,1.0 302,2.0 351,3.0 
6,1.0 21,1.0 84,1.0 97,6.0 109,5.0 110,5.0 140,1.0 255,1.0 304,1.0 
39,4.0 65,3.0 67,3.0 74,4.0 97,5.0 108,5.0 110,5.0 206,3.0 236,3.0 249,3.0 
0,1.0 20,13.0 21,6.0 32,3.0 52,3.0 84,6.0 86,5.0 103,5.0 104,4.0 111,5.0 119,1.0 135,5.0 137,3.0 138,5.0 166,5.0 179,5.0 185,4.0 191,2.0 192,2.0 224,4.0 230,1.0 234,1.0 250,3.0 
0,3.0 3,5.0 17,3.0 20,6.0 21,3.0 35,3.0 47,4.0 112,5.0 124,3.0 161,4.0 167,5.0 196,3.0 265,3.0 
20,3.0 21,4.0 28,5.0 43,2.0 46,2.0 47,3.0 73,2.0 113,5.0 140,5.0 146,3.0 153,4.0 155,5.0 170,5.0 171,5.0 209,3.0 
6,3.0 20,3.0 21,3.0 63,5.0 64,5.0 65,3.0 114,5.0 115,5.0 
63,5.0 115,5.0 
57,5.0 63,5.0 114,5.0 129,5.0 130,5.0 
6,5.0 46,5.0 113,5.0 
6,5.0 110,3.0 118,5.0 119,5.0 
6,5.0 119,5.0 120,5.0 221,3.0 238,12.0 
0,8.0 6,13.0 7,8.0 21,1.0 23,1.0 28,3.0 43,1.0 46,1.0 61,1.0 84,8.0 87,1.0 118,5.0 119,5.0 120,5.0 124,1.0 184,3.0 187,2.0 204,3.0 209,1.0 230,4.0 231,2.0 255,1.0 303,1.0 344,1.0 345,1.0 346,2.0 347,1.0 
121,5.0 
40,5.0 58,2.0 89,5.0 101,5.0 199,2.0 200,4.0 201,2.0 202,2.0 242,3.0 
0,5.0 7,4.0 28,2.0 43,4.0 46,2.0 54,1.0 61,1.0 107,1.0 119,3.0 122,1.0 209,1.0 229,2.0 230,3.0 
3,5.0 6,3.0 84,3.0 101,1.0 124,5.0 149,26.0 242,1.0 
0,5.0 6,1.0 20,3.0 21,3.0 24,2.0 35,3.0 43,5.0 61,5.0 84,1.0 119,1.0 125,7.0 196,3.0 211,2.0 227,2.0 228,2.0 232,2.0 266,3.0 267,3.0 315,2.0 
2,5.0 24,2.0 28,5.0 43,5.0 61,5.0 86,5.0 124,2.0 125,10.0 126,5.0 127,5.0 128,5.0 232,2.0 
2,5.0 28,5.0 125,5.0 127,5.0 
2,5.0 28,5.0 29,3.0 125,5.0 126,5.0 292,3.0 
21,5.0 86,5.0 
57,5.0 115,5.0 130,5.0 
57,5.0 115,5.0 129,5.0 
21,5.0 28,5.0 62,5.0 
72,5.0 154,4.0 190,4.0 
74,5.0 
7,3.0 135,11.0 206,2.0 209,3.0 
7,3.0 21,5.0 77,7.0 103,5.0 110,5.0 136,5.0 138,5.0 166,5.0 179,5.0 209,3.0 280,3.0 
20,3.0 60,3.0 137,5.0 209,3.0 
20,3.0 46,3.0 52,8.0 63,3.0 138,5.0 145,5.0 251,3.0 281,3.0 
21,5.0 103,5.0 106,3.0 110,5.0 135,5.0 139,5.0 166,5.0 179,5.0 
108,1.0 140,5.0 
12,5.0 46,3.0 47,3.0 52,3.0 53,5.0 141,5.0 312,1.0 
142,5.0 219,3.0 245,3.0 246,3.0 247,3.0 
143,5.0 
144,5.0 
74,5.0 
6,3.0 20,3.0 58,3.0 146,5.0 200,3.0 
3,5.0 13,2.0 20,3.0 47,3.0 84,3.0 102,3.0 147,5.0 153,3.0 161,2.0 162,2.0 166,2.0 186,2.0 193,2.0 209,3.0 235,3.0 254,3.0 263,3.0 264,3.0 
3,5.0 62,5.0 
123,5.0 282,3.0 
17,5.0 20,5.0 21,5.0 123,10.0 150,6.0 151,5.0 224,1.0 
89,1.0 149,5.0 
21,5.0 33,5.0 
153,5.0 193,3.0 209,3.0 248,3.0 259,3.0 279,3.0 
1,5.0 11,4.0 12,4.0 21,4.0 29,9.0 40,5.0 41,3.0 46,3.0 112,4.0 164,5.0 209,3.0 211,4.0 212,4.0 255,3.0 314,1.0 
21,4.0 40,5.0 190,4.0 
112,5.0 140,8.0 
93,5.0 157,5.0 
93,5.0 156,5.0 160,5.0 172,5.0 173,5.0 174,5.0 175,5.0 176,5.0 
13,5.0 92,1.0 261,1.0 304,1.0 
28,5.0 92,5.0 112,5.0 160,5.0 161,5.0 168,5.0 169,5.0 
92,5.0 157,5.0 159,5.0 161,5.0 172,5.0 173,5.0 174,5.0 175,5.0 176,5.0 
13,2.0 46,3.0 47,4.0 54,5.0 70,5.0 92,5.0 111,4.0 146,2.0 162,2.0 166,2.0 181,5.0 186,2.0 193,2.0 209,3.0 
13,2.0 146,2.0 161,2.0 163,5.0 166,7.0 186,2.0 193,2.0 
73,5.0 110,4.0 224,4.0 
20,6.0 43,6.0 61,6.0 165,5.0 
166,5.0 
3,5.0 13,2.0 21,5.0 103,5.0 110,5.0 111,5.0 121,5.0 135,5.0 138,5.0 146,2.0 161,7.0 162,2.0 179,5.0 181,5.0 186,2.0 193,2.0 
41,5.0 
28,5.0 112,5.0 159,5.0 169,5.0 
28,5.0 112,5.0 159,5.0 168,5.0 
157,5.0 160,5.0 171,5.0 172,5.0 
157,5.0 160,5.0 170,5.0 172,5.0 
157,5.0 160,5.0 173,5.0 174,5.0 175,5.0 176,5.0 
174,5.0 175,5.0 176,5.0 177,5.0 
7,1.0 43,1.0 173,5.0 175,5.0 176,5.0 177,5.0 227,1.0 354,1.0 
43,1.0 46,1.0 173,5.0 174,5.0 176,5.0 177,5.0 316,1.0 
173,5.0 174,5.0 175,5.0 177,5.0 
178,5.0 
21,5.0 103,5.0 110,5.0 135,5.0 138,5.0 166,5.0 311,1.0 
180,5.0 
162,5.0 244,1.0 
54,5.0 161,5.0 
1,5.0 53,5.0 183,5.0 184,5.0 
11,4.0 20,5.0 86,5.0 110,5.0 184,5.0 188,4.0 
1,4.0 3,3.0 6,3.0 11,2.0 12,2.0 20,6.0 21,5.0 28,3.0 43,3.0 48,4.0 49,4.0 66,4.0 86,5.0 110,5.0 183,5.0 204,5.0 210,2.0 211,2.0 212,2.0 268,3.0 275,3.0 296,1.0 
11,4.0 183,4.0 186,8.0 187,4.0 
39,4.0 109,4.0 185,8.0 187,4.0 194,8.0 195,4.0 
11,4.0 124,2.0 125,2.0 183,4.0 185,4.0 231,2.0 
21,4.0 61,4.0 74,8.0 
57,4.0 89,4.0 103,4.0 
21,4.0 25,2.0 32,2.0 47,2.0 67,2.0 154,4.0 207,2.0 
20,8.0 43,3.0 47,3.0 53,3.0 84,2.0 110,2.0 185,2.0 192,2.0 209,3.0 276,3.0 
20,2.0 84,2.0 107,2.0 110,2.0 185,2.0 191,2.0 209,2.0 
13,2.0 146,2.0 161,2.0 162,2.0 166,2.0 186,2.0 209,3.0 259,3.0 260,3.0 274,3.0 277,3.0 
186,8.0 195,4.0 
39,4.0 109,4.0 186,4.0 
0,3.0 20,15.0 21,15.0 35,15.0 47,4.0 74,4.0 124,3.0 206,3.0 247,6.0 249,6.0 266,3.0 267,3.0 268,3.0 270,6.0 
111,4.0 161,4.0 198,4.0 
111,4.0 161,4.0 197,4.0 
58,2.0 121,2.0 200,2.0 
6,3.0 20,6.0 43,2.0 46,2.0 47,5.0 52,3.0 58,5.0 145,3.0 202,2.0 314,1.0 
121,2.0 200,2.0 202,2.0 
47,2.0 68,1.0 200,2.0 
204,2.0 205,2.0 
6,3.0 11,2.0 12,2.0 28,3.0 43,3.0 47,2.0 184,5.0 205,2.0 210,2.0 211,2.0 212,2.0 
47,2.0 204,2.0 
20,6.0 21,6.0 35,6.0 65,6.0 66,2.0 67,15.0 109,6.0 113,3.0 134,2.0 196,6.0 206,6.0 249,12.0 322,1.0 323,1.0 
25,2.0 32,2.0 43,2.0 46,2.0 47,2.0 60,2.0 78,2.0 208,2.0 
43,2.0 46,2.0 60,2.0 78,2.0 186,2.0 
7,11.0 11,2.0 12,2.0 13,3.0 20,12.0 23,1.0 43,13.0 46,11.0 53,3.0 57,1.0 60,3.0 61,8.0 68,3.0 69,1.0 77,3.0 89,1.0 93,1.0 95,1.0 106,1.0 107,2.0 112,3.0 119,1.0 135,3.0 152,3.0 153,3.0 161,3.0 184,2.0 193,3.0 204,2.0 210,2.0 230,1.0 239,3.0 240,3.0 257,3.0 258,3.0 259,3.0 260,3.0 262,3.0 276,3.0 303,1.0 304,1.0 305,1.0 306,1.0 
11,2.0 12,2.0 184,2.0 204,2.0 211,2.0 212,2.0 244,1.0 
124,2.0 212,6.0 213,6.0 214,6.0 221,4.0 315,2.0 
211,6.0 213,6.0 214,6.0 
84,12.0 214,6.0 215,6.0 216,6.0 222,4.0 
34,3.0 213,6.0 215,6.0 216,6.0 282,3.0 287,3.0 288,3.0 
216,6.0 217,6.0 218,6.0 223,4.0 
215,6.0 217,6.0 218,6.0 
99,4.0 163,4.0 218,6.0 219,4.0 225,2.0 226,2.0 
99,4.0 217,6.0 219,4.0 225,2.0 226,2.0 
99,4.0 141,3.0 220,4.0 246,3.0 
211,4.0 
6,3.0 84,3.0 213,16.0 
215,4.0 
217,4.0 
3,2.0 6,5.0 68,1.0 84,5.0 104,4.0 110,4.0 123,1.0 124,1.0 153,1.0 206,1.0 210,1.0 211,1.0 242,1.0 270,2.0 314,1.0 325,2.0 327,1.0 
0,2.0 124,2.0 226,2.0 
0,2.0 124,2.0 225,2.0 
7,3.0 43,3.0 122,2.0 174,2.0 227,1.0 228,2.0 229,2.0 354,1.0 
122,2.0 227,2.0 229,2.0 
119,2.0 122,2.0 230,2.0 
6,1.0 21,1.0 43,1.0 46,1.0 61,1.0 84,1.0 119,4.0 187,2.0 209,1.0 231,2.0 255,1.0 303,1.0 
124,2.0 125,2.0 187,2.0 
24,3.0 55,2.0 233,2.0 
21,2.0 55,2.0 
235,3.0 
236,12.0 
118,3.0 237,12.0 
118,12.0 
221,12.0 
23,9.0 102,3.0 109,3.0 146,3.0 235,6.0 240,9.0 241,9.0 262,3.0 263,3.0 264,3.0 
6,3.0 17,3.0 20,6.0 23,12.0 32,3.0 47,3.0 84,3.0 109,3.0 111,3.0 235,6.0 239,9.0 241,9.0 265,3.0 
23,9.0 109,3.0 235,6.0 239,9.0 240,9.0 
6,4.0 20,3.0 84,4.0 89,2.0 224,1.0 
244,3.0 
6,3.0 7,1.0 20,3.0 70,1.0 84,3.0 92,2.0 224,1.0 255,1.0 324,1.0 
141,3.0 219,3.0 
141,3.0 
20,6.0 21,6.0 35,6.0 67,3.0 196,6.0 206,6.0 247,6.0 248,3.0 249,15.0 270,12.0 
134,3.0 249,6.0 260,3.0 273,3.0 
20,9.0 21,6.0 35,6.0 43,3.0 61,3.0 65,6.0 67,6.0 109,6.0 136,3.0 196,6.0 206,15.0 247,12.0 249,6.0 273,3.0 274,6.0 
191,3.0 
252,3.0 261,3.0 
73,3.0 161,3.0 209,3.0 
112,3.0 209,3.0 
20,3.0 84,3.0 153,3.0 
6,5.0 7,1.0 21,5.0 41,3.0 84,8.0 97,1.0 108,1.0 244,1.0 256,3.0 310,1.0 312,1.0 326,1.0 
6,7.0 7,7.0 23,1.0 24,1.0 26,2.0 43,7.0 55,1.0 84,10.0 86,1.0 209,3.0 256,4.0 351,1.0 352,1.0 353,1.0 
13,3.0 209,3.0 
101,1.0 152,3.0 209,3.0 318,1.0 319,1.0 320,1.0 
193,3.0 209,3.0 260,3.0 
209,3.0 240,3.0 248,3.0 273,3.0 
7,3.0 20,3.0 61,3.0 66,3.0 92,1.0 93,1.0 209,3.0 272,3.0 
102,3.0 146,3.0 239,3.0 263,3.0 264,3.0 
102,3.0 146,3.0 235,3.0 264,3.0 298,2.0 
102,3.0 146,3.0 235,3.0 263,3.0 
0,3.0 17,3.0 20,6.0 21,3.0 35,3.0 111,3.0 124,3.0 196,3.0 
267,3.0 268,3.0 269,3.0 
266,3.0 268,3.0 269,3.0 
247,6.0 249,6.0 268,3.0 269,3.0 270,12.0 
247,3.0 268,3.0 270,3.0 
20,3.0 21,3.0 35,3.0 196,3.0 206,3.0 247,15.0 249,6.0 268,9.0 270,6.0 323,1.0 328,1.0 330,1.0 
6,3.0 20,3.0 73,3.0 83,3.0 
65,3.0 66,3.0 261,3.0 291,3.0 
77,3.0 248,3.0 249,3.0 260,3.0 
3,3.0 184,3.0 193,3.0 249,3.0 275,3.0 277,6.0 331,1.0 
3,3.0 7,1.0 43,1.0 80,1.0 107,1.0 184,3.0 268,3.0 351,1.0 
152,3.0 193,3.0 274,3.0 279,3.0 
20,3.0 47,3.0 191,3.0 278,3.0 
274,3.0 
152,3.0 248,3.0 
46,3.0 137,3.0 281,3.0 
46,3.0 63,3.0 137,3.0 
34,3.0 214,3.0 283,3.0 285,3.0 287,3.0 288,3.0 289,3.0 
284,3.0 290,3.0 
285,3.0 
34,3.0 214,3.0 282,3.0 286,3.0 287,3.0 
282,3.0 285,3.0 
34,3.0 214,3.0 282,3.0 288,3.0 
282,3.0 289,3.0 
283,3.0 
272,3.0 339,1.0 
29,3.0 127,3.0 
3,2.0 7,1.0 46,1.0 47,3.0 49,2.0 80,1.0 84,3.0 107,5.0 122,1.0 293,2.0 295,1.0 301,1.0 302,2.0 
0,1.0 1,1.0 2,1.0 3,1.0 47,2.0 84,2.0 234,1.0 294,1.0 
295,1.0 
296,2.0 
20,2.0 21,2.0 297,2.0 
263,2.0 
299,2.0 
300,2.0 
107,2.0 
292,1.0 295,1.0 302,1.0 
7,1.0 46,1.0 80,1.0 107,1.0 122,1.0 292,2.0 295,1.0 301,1.0 
98,1.0 
43,1.0 46,1.0 61,1.0 93,1.0 106,1.0 209,1.0 
7,1.0 43,1.0 57,1.0 69,1.0 209,1.0 
23,2.0 307,2.0 
20,2.0 21,2.0 184,1.0 
20,1.0 21,4.0 84,1.0 110,1.0 309,1.0 
21,2.0 84,1.0 110,1.0 308,1.0 
95,1.0 
6,1.0 21,1.0 84,1.0 224,1.0 255,1.0 329,1.0 
6,1.0 21,1.0 84,1.0 108,1.0 244,1.0 255,1.0 
6,1.0 70,1.0 84,1.0 244,1.0 256,1.0 
6,1.0 68,1.0 84,1.0 180,1.0 224,1.0 242,1.0 
43,2.0 46,2.0 175,1.0 
43,2.0 46,2.0 
43,1.0 46,3.0 258,1.0 318,1.0 319,1.0 320,1.0 
101,1.0 258,1.0 319,1.0 320,1.0 
101,1.0 258,1.0 318,1.0 320,1.0 
101,1.0 258,1.0 318,1.0 319,1.0 
149,1.0 
77,1.0 206,1.0 332,1.0 333,1.0 334,1.0 
244,1.0 311,1.0 
3,1.0 70,1.0 224,1.0 325,1.0 
3,2.0 210,1.0 224,2.0 270,1.0 
93,1.0 
106,1.0 
270,1.0 274,1.0 
3,1.0 97,1.0 224,1.0 325,1.0 
328,1.0 
322,1.0 
77,1.0 333,1.0 334,1.0 335,1.0 
77,1.0 332,1.0 334,1.0 335,1.0 
77,1.0 332,1.0 333,1.0 335,1.0 
336,1.0 
64,1.0 
338,1.0 
290,1.0 
340,1.0 
341,1.0 
342,1.0 
343,1.0 
232,1.0 
86,1.0 
0,1.0 7,1.0 119,1.0 124,1.0 
6,1.0 84,1.0 119,1.0 347,1.0 
6,1.0 84,1.0 348,1.0 
6,3.0 84,3.0 348,1.0 349,2.0 350,1.0 
6,1.0 84,1.0 348,1.0 350,1.0 
6,2.0 7,2.0 43,1.0 84,1.0 85,2.0 107,1.0 256,1.0 
3,1.0 6,2.0 7,1.0 80,2.0 84,2.0 107,1.0 234,1.0 256,1.0 
6,1.0 23,1.0 84,1.0 256,1.0 
7,1.0 43,1.0 122,1.0 
0,1.0 7,1.0 43,1.0 
