0,3.0 1,6.0 2,6.0 3,6.0 5,5.0 24,5.0 26,10.0 28,19.0 32,13.0 36,16.0 44,1.0 115,5.0 122,10.0 123,5.0 195,1.0 209,3.0 227,1.0 228,1.0 
0,6.0 2,6.0 3,6.0 32,5.0 33,5.0 43,5.0 125,5.0 
0,3.0 1,3.0 3,6.0 4,6.0 5,3.0 6,3.0 7,3.0 8,3.0 16,5.0 17,5.0 24,25.0 31,5.0 32,30.0 48,5.0 49,5.0 52,5.0 62,5.0 67,5.0 
2,6.0 4,6.0 5,3.0 7,3.0 8,3.0 
2,3.0 5,6.0 6,6.0 7,3.0 8,3.0 9,3.0 10,3.0 17,5.0 30,3.0 31,3.0 44,5.0 45,5.0 81,5.0 82,5.0 83,5.0 84,5.0 
2,3.0 4,6.0 6,6.0 26,8.0 28,4.0 30,3.0 31,3.0 32,5.0 36,4.0 46,5.0 68,3.0 133,3.0 141,1.0 172,3.0 
0,3.0 1,3.0 2,3.0 4,3.0 5,3.0 30,3.0 31,3.0 
4,3.0 8,3.0 9,3.0 10,3.0 17,5.0 52,5.0 63,5.0 70,4.0 85,10.0 87,15.0 88,5.0 90,5.0 125,5.0 144,4.0 167,4.0 
4,3.0 7,3.0 9,3.0 10,3.0 17,5.0 24,5.0 48,5.0 
10,3.0 11,3.0 12,3.0 13,3.0 36,2.0 47,2.0 
9,3.0 11,3.0 12,3.0 13,3.0 44,1.0 65,1.0 80,1.0 163,1.0 
12,3.0 13,3.0 14,3.0 15,3.0 17,2.0 26,2.0 190,2.0 191,2.0 
11,3.0 13,3.0 14,3.0 15,3.0 
11,3.0 12,3.0 14,3.0 15,3.0 16,2.0 26,2.0 192,2.0 
15,3.0 16,3.0 17,3.0 
14,3.0 16,3.0 17,3.0 
2,5.0 17,8.0 18,3.0 19,3.0 26,2.0 31,2.0 32,5.0 52,5.0 62,1.0 75,2.0 
2,5.0 4,5.0 8,5.0 16,8.0 17,34.0 18,17.0 19,3.0 24,61.0 26,54.0 28,6.0 30,5.0 32,5.0 33,13.0 35,2.0 36,2.0 43,3.0 44,13.0 45,5.0 47,16.0 48,11.0 49,5.0 52,7.0 56,20.0 57,10.0 59,2.0 62,10.0 63,5.0 75,1.0 80,2.0 84,2.0 88,15.0 90,5.0 95,2.0 97,4.0 98,2.0 104,2.0 105,2.0 111,4.0 112,2.0 113,5.0 120,1.0 130,3.0 132,2.0 133,2.0 134,2.0 139,2.0 144,2.0 149,14.0 153,2.0 154,4.0 158,2.0 161,2.0 162,2.0 163,5.0 168,2.0 171,22.0 172,6.0 173,2.0 174,2.0 176,2.0 180,4.0 184,2.0 185,2.0 186,2.0 187,2.0 215,3.0 221,2.0 222,1.0 226,1.0 
11,2.0 17,14.0 18,22.0 19,3.0 20,3.0 24,32.0 26,46.0 28,32.0 49,4.0 63,4.0 80,4.0 84,2.0 139,8.0 163,4.0 187,2.0 188,2.0 189,2.0 190,2.0 191,2.0 
18,3.0 20,3.0 197,3.0 
21,3.0 
22,3.0 
23,3.0 85,30.0 86,5.0 87,10.0 89,5.0 94,10.0 
17,2.0 24,3.0 47,2.0 
0,1.0 1,1.0 2,25.0 8,5.0 11,2.0 13,2.0 17,57.0 18,32.0 24,42.0 25,6.0 26,61.0 27,12.0 28,26.0 29,3.0 31,5.0 32,25.0 33,8.0 36,45.0 37,2.0 43,1.0 44,3.0 47,5.0 48,10.0 49,5.0 51,5.0 53,5.0 54,10.0 55,5.0 56,20.0 57,10.0 59,5.0 60,5.0 62,7.0 67,5.0 72,3.0 74,1.0 95,2.0 101,1.0 107,3.0 112,4.0 118,2.0 138,2.0 141,2.0 144,2.0 145,2.0 154,2.0 155,2.0 163,8.0 172,2.0 189,2.0 190,2.0 191,2.0 192,2.0 198,3.0 199,3.0 200,3.0 201,3.0 202,3.0 
26,3.0 28,10.0 37,3.0 42,3.0 44,1.0 50,1.0 52,10.0 62,4.0 63,1.0 75,1.0 76,3.0 146,2.0 194,3.0 195,3.0 196,3.0 
5,8.0 11,2.0 16,2.0 17,54.0 18,46.0 24,63.0 26,46.0 27,3.0 28,18.0 31,2.0 32,15.0 36,77.0 44,2.0 46,5.0 47,5.0 50,4.0 51,5.0 53,5.0 54,10.0 55,5.0 59,5.0 60,5.0 62,3.0 68,3.0 75,1.0 79,5.0 80,2.0 81,3.0 83,10.0 84,7.0 111,3.0 113,10.0 114,5.0 130,1.0 133,2.0 134,2.0 139,4.0 149,14.0 154,2.0 161,2.0 163,4.0 171,22.0 184,2.0 185,2.0 186,2.0 187,2.0 188,2.0 190,2.0 191,2.0 203,3.0 207,1.0 212,1.0 230,1.0 
17,2.0 24,12.0 28,3.0 37,2.0 94,10.0 112,4.0 121,10.0 144,2.0 163,4.0 172,2.0 
0,31.0 1,2.0 5,9.0 13,2.0 18,32.0 24,34.0 26,26.0 28,18.0 29,3.0 32,32.0 33,40.0 34,5.0 36,27.0 37,10.0 38,5.0 41,5.0 42,5.0 43,2.0 44,8.0 52,10.0 60,1.0 62,2.0 64,2.0 65,1.0 66,3.0 75,2.0 97,2.0 102,1.0 110,4.0 111,7.0 112,2.0 122,10.0 133,3.0 138,2.0 139,2.0 141,1.0 144,3.0 154,2.0 163,2.0 165,2.0 168,2.0 170,2.0 171,4.0 172,9.0 188,2.0 189,2.0 192,2.0 209,3.0 226,1.0 234,2.0 
4,3.0 5,3.0 6,3.0 30,3.0 
4,3.0 5,3.0 6,3.0 17,5.0 24,4.0 28,4.0 31,3.0 33,5.0 113,5.0 
17,5.0 22,5.0 24,5.0 28,5.0 31,3.0 32,5.0 33,5.0 83,5.0 84,5.0 
0,12.0 1,6.0 2,30.0 5,5.0 16,5.0 17,5.0 24,30.0 26,20.0 28,30.0 31,5.0 33,20.0 34,5.0 36,8.0 38,5.0 41,5.0 42,5.0 43,6.0 44,1.0 46,5.0 48,5.0 49,5.0 52,5.0 60,1.0 62,5.0 64,5.0 65,1.0 66,11.0 67,5.0 83,15.0 84,10.0 90,5.0 95,5.0 101,5.0 102,3.0 112,1.0 113,10.0 114,5.0 214,3.0 226,1.0 
0,1.0 1,6.0 17,8.0 24,9.0 28,38.0 32,20.0 34,5.0 36,14.0 37,10.0 38,5.0 41,5.0 42,5.0 43,5.0 44,3.0 47,4.0 64,1.0 95,2.0 101,2.0 110,2.0 111,4.0 124,3.0 138,2.0 141,2.0 144,2.0 145,2.0 148,2.0 149,2.0 152,2.0 153,4.0 158,2.0 162,2.0 163,2.0 165,2.0 168,4.0 
28,5.0 33,5.0 35,10.0 36,5.0 
34,10.0 98,2.0 112,2.0 179,2.0 
0,8.0 5,9.0 17,2.0 24,45.0 26,82.0 28,19.0 32,5.0 33,12.0 36,20.0 37,10.0 40,1.0 44,1.0 47,7.0 50,1.0 51,10.0 53,5.0 54,15.0 55,5.0 59,5.0 60,5.0 68,3.0 70,20.0 71,5.0 73,5.0 75,2.0 77,5.0 78,5.0 79,5.0 120,1.0 130,3.0 141,1.0 144,2.0 145,2.0 149,2.0 152,2.0 153,2.0 163,1.0 182,2.0 207,1.0 209,3.0 212,1.0 213,3.0 230,1.0 
17,2.0 24,3.0 28,14.0 32,10.0 33,10.0 41,5.0 44,4.0 64,2.0 66,5.0 78,2.0 110,3.0 111,1.0 130,3.0 137,2.0 141,1.0 144,1.0 163,1.0 172,2.0 194,3.0 195,3.0 235,1.0 240,1.0 
39,5.0 
26,1.0 36,1.0 40,5.0 
25,1.0 28,5.0 33,5.0 36,5.0 222,1.0 
28,5.0 32,5.0 33,5.0 42,5.0 
1,5.0 24,3.0 32,5.0 33,5.0 
4,5.0 17,5.0 24,3.0 44,5.0 88,3.0 130,6.0 193,3.0 
0,1.0 4,5.0 9,2.0 10,1.0 17,11.0 23,2.0 24,1.0 26,2.0 28,6.0 32,1.0 36,1.0 40,1.0 43,2.0 45,5.0 48,1.0 50,2.0 62,1.0 64,3.0 65,2.0 66,2.0 74,3.0 75,2.0 80,1.0 88,8.0 94,4.0 101,2.0 106,1.0 110,2.0 111,4.0 112,2.0 130,5.0 131,2.0 138,2.0 161,1.0 163,5.0 170,2.0 195,1.0 210,3.0 221,2.0 222,1.0 226,1.0 227,1.0 228,1.0 
0,5.0 28,5.0 36,5.0 
47,5.0 
8,5.0 17,23.0 24,5.0 26,2.0 33,4.0 35,2.0 36,2.0 44,2.0 48,6.0 50,5.0 52,2.0 59,2.0 88,4.0 95,2.0 97,2.0 98,2.0 104,2.0 132,2.0 153,2.0 154,2.0 158,2.0 162,2.0 163,2.0 171,2.0 172,2.0 180,4.0 182,2.0 183,2.0 
2,5.0 17,6.0 24,10.0 26,5.0 32,5.0 36,5.0 44,1.0 47,6.0 52,2.0 95,2.0 97,2.0 98,2.0 104,2.0 106,1.0 154,2.0 161,1.0 180,2.0 
2,5.0 16,5.0 17,5.0 32,5.0 49,8.0 50,13.0 63,18.0 64,2.0 65,18.0 78,2.0 80,18.0 91,5.0 118,10.0 130,3.0 132,18.0 133,19.0 134,2.0 135,2.0 136,4.0 139,22.0 140,2.0 142,4.0 143,2.0 144,2.0 
24,5.0 26,5.0 36,5.0 44,1.0 49,13.0 51,5.0 62,3.0 63,8.0 65,1.0 130,1.0 230,1.0 231,1.0 
24,5.0 26,5.0 36,10.0 47,5.0 70,5.0 78,5.0 
0,15.0 17,2.0 28,15.0 32,5.0 47,2.0 48,2.0 64,5.0 93,20.0 94,10.0 98,2.0 100,5.0 104,10.0 105,5.0 111,5.0 122,10.0 126,5.0 127,5.0 
24,5.0 26,5.0 36,5.0 54,5.0 
24,10.0 26,10.0 36,15.0 55,5.0 60,5.0 70,5.0 77,5.0 
2,5.0 24,5.0 32,5.0 106,1.0 161,1.0 237,1.0 
17,10.0 24,10.0 57,10.0 
58,5.0 66,5.0 
2,5.0 24,5.0 32,8.0 69,10.0 72,5.0 91,10.0 
17,2.0 24,5.0 26,5.0 36,5.0 47,2.0 49,1.0 54,5.0 63,1.0 132,2.0 180,2.0 
61,5.0 62,1.0 154,1.0 226,1.0 232,1.0 
2,5.0 24,5.0 32,5.0 
0,1.0 17,5.0 28,1.0 32,1.0 44,2.0 50,2.0 62,8.0 63,14.0 65,5.0 83,5.0 84,5.0 85,18.0 88,8.0 94,1.0 110,1.0 112,2.0 118,22.0 128,1.0 129,5.0 130,4.0 133,21.0 134,3.0 138,4.0 144,6.0 146,18.0 147,2.0 148,2.0 150,2.0 154,23.0 155,18.0 156,2.0 159,4.0 160,2.0 161,2.0 163,2.0 200,3.0 204,3.0 227,1.0 232,1.0 
17,7.0 18,4.0 24,4.0 26,1.0 27,4.0 28,1.0 32,3.0 33,2.0 36,1.0 44,1.0 49,19.0 50,1.0 59,1.0 62,11.0 63,2.0 64,5.0 65,2.0 80,18.0 88,5.0 101,3.0 112,1.0 130,5.0 133,1.0 136,2.0 139,18.0 140,2.0 142,2.0 143,2.0 144,2.0 146,3.0 163,2.0 193,3.0 
4,5.0 28,4.0 32,5.0 36,5.0 44,2.0 49,2.0 51,5.0 52,5.0 62,3.0 65,9.0 66,10.0 70,5.0 75,2.0 80,7.0 81,5.0 82,5.0 93,5.0 95,13.0 102,5.0 104,5.0 107,5.0 111,3.0 112,1.0 130,1.0 132,2.0 133,2.0 136,2.0 144,2.0 154,7.0 170,2.0 172,2.0 180,1.0 233,1.0 
10,1.0 17,5.0 24,7.0 27,2.0 28,6.0 32,1.0 33,4.0 44,2.0 49,18.0 59,1.0 62,2.0 63,3.0 64,4.0 65,2.0 78,2.0 80,1.0 112,1.0 130,1.0 132,18.0 133,18.0 134,2.0 135,2.0 136,2.0 144,2.0 154,2.0 163,1.0 233,1.0 
0,1.0 1,1.0 2,5.0 24,12.0 25,3.0 28,6.0 32,17.0 33,5.0 37,3.0 44,8.0 64,12.0 78,2.0 83,5.0 84,5.0 85,5.0 90,5.0 93,5.0 95,7.0 100,4.0 101,8.0 102,5.0 105,5.0 106,5.0 107,10.0 110,2.0 111,1.0 112,1.0 138,4.0 141,3.0 144,1.0 145,2.0 163,1.0 
58,5.0 68,5.0 
67,5.0 205,3.0 208,3.0 
36,5.0 58,10.0 70,5.0 
7,4.0 36,20.0 51,5.0 54,5.0 64,2.0 71,5.0 73,5.0 77,5.0 78,5.0 130,2.0 144,4.0 167,4.0 
1,5.0 69,5.0 
26,3.0 36,8.0 70,5.0 81,3.0 130,3.0 191,3.0 218,3.0 219,3.0 
74,5.0 
16,3.0 24,1.0 26,2.0 36,2.0 75,10.0 94,3.0 118,3.0 130,3.0 212,1.0 229,1.0 
24,2.0 27,2.0 74,10.0 76,5.0 130,2.0 131,2.0 
26,5.0 36,10.0 54,5.0 70,5.0 107,3.0 130,3.0 196,3.0 
64,5.0 
28,2.0 37,2.0 44,2.0 49,2.0 64,4.0 65,2.0 66,2.0 76,5.0 132,2.0 133,2.0 
64,5.0 
17,2.0 18,6.0 26,2.0 28,1.0 49,18.0 63,18.0 64,5.0 80,2.0 95,2.0 136,2.0 139,18.0 140,2.0 142,2.0 143,2.0 144,2.0 154,2.0 170,2.0 
4,5.0 26,3.0 43,1.0 50,3.0 82,5.0 83,5.0 84,5.0 219,1.0 242,1.0 
4,5.0 81,5.0 83,5.0 84,5.0 
22,20.0 31,5.0 84,40.0 85,10.0 90,5.0 92,5.0 102,5.0 105,5.0 109,5.0 115,5.0 
18,2.0 22,20.0 26,2.0 28,2.0 31,5.0 83,40.0 85,10.0 90,5.0 92,5.0 102,5.0 105,5.0 109,5.0 
7,10.0 17,5.0 22,20.0 26,10.0 32,10.0 52,5.0 62,18.0 63,5.0 64,5.0 66,5.0 85,6.0 87,20.0 88,5.0 90,5.0 93,15.0 94,15.0 96,5.0 97,5.0 103,5.0 111,5.0 113,10.0 114,5.0 133,22.0 138,2.0 144,2.0 146,20.0 147,2.0 148,2.0 150,4.0 
7,5.0 85,5.0 87,5.0 
7,15.0 17,5.0 26,10.0 27,10.0 32,10.0 63,5.0 85,20.0 88,5.0 90,5.0 94,10.0 113,10.0 114,5.0 121,10.0 125,5.0 
5,3.0 9,2.0 17,12.0 23,2.0 26,5.0 36,3.0 43,3.0 44,8.0 47,2.0 49,5.0 62,5.0 63,5.0 90,5.0 101,2.0 111,2.0 128,1.0 130,3.0 163,1.0 170,2.0 171,2.0 172,2.0 183,2.0 200,3.0 
7,5.0 85,5.0 87,5.0 
17,5.0 49,5.0 83,5.0 84,5.0 88,5.0 102,5.0 
7,5.0 17,8.0 30,5.0 83,5.0 84,5.0 92,5.0 113,5.0 217,3.0 
83,5.0 84,5.0 85,5.0 
52,20.0 64,5.0 66,5.0 85,10.0 94,10.0 97,5.0 100,5.0 104,10.0 105,5.0 110,5.0 111,5.0 
25,10.0 26,10.0 32,10.0 37,3.0 44,1.0 52,10.0 64,6.0 65,1.0 66,3.0 85,10.0 87,10.0 93,10.0 100,5.0 113,10.0 114,5.0 130,3.0 
17,3.0 24,2.0 26,2.0 28,2.0 32,5.0 33,2.0 36,1.0 44,2.0 64,8.0 65,1.0 66,5.0 80,2.0 83,5.0 84,5.0 107,2.0 111,1.0 112,1.0 130,1.0 144,3.0 145,2.0 149,2.0 154,6.0 155,2.0 170,4.0 171,2.0 177,2.0 178,2.0 181,2.0 233,1.0 
93,5.0 
52,5.0 63,6.0 93,5.0 94,5.0 98,11.0 99,5.0 
35,2.0 62,2.0 85,5.0 97,6.0 
97,5.0 
24,4.0 32,5.0 33,4.0 66,9.0 95,2.0 101,5.0 138,2.0 141,2.0 145,2.0 
17,5.0 24,3.0 32,5.0 33,8.0 36,5.0 44,2.0 47,4.0 62,3.0 66,8.0 83,5.0 84,5.0 88,2.0 90,5.0 111,2.0 120,1.0 144,2.0 146,3.0 148,2.0 149,2.0 151,2.0 152,2.0 153,2.0 157,4.0 158,2.0 162,2.0 163,3.0 
31,5.0 62,4.0 83,5.0 84,5.0 85,5.0 112,1.0 134,3.0 154,1.0 
52,5.0 93,5.0 104,5.0 
17,2.0 47,2.0 48,2.0 52,10.0 93,10.0 95,2.0 105,5.0 111,5.0 154,2.0 
66,5.0 106,10.0 107,5.0 109,2.0 110,5.0 144,2.0 158,1.0 161,4.0 163,1.0 176,2.0 
66,5.0 105,6.0 107,5.0 108,5.0 109,1.0 153,1.0 161,2.0 162,1.0 
43,3.0 64,5.0 66,10.0 102,5.0 105,5.0 106,5.0 110,2.0 111,4.0 149,6.0 197,3.0 
83,5.0 84,5.0 109,5.0 
83,5.0 84,5.0 85,5.0 105,7.0 110,1.0 111,1.0 144,1.0 158,1.0 161,3.0 163,3.0 238,1.0 239,1.0 
28,2.0 44,2.0 65,2.0 66,2.0 85,5.0 109,6.0 112,1.0 138,2.0 141,2.0 144,2.0 154,1.0 161,2.0 163,3.0 235,1.0 236,1.0 
37,3.0 44,1.0 63,2.0 64,4.0 65,2.0 66,1.0 80,2.0 93,5.0 95,6.0 112,6.0 137,2.0 141,2.0 144,9.0 154,1.0 163,5.0 170,4.0 234,1.0 238,1.0 239,1.0 
17,1.0 28,1.0 33,1.0 44,1.0 50,1.0 62,3.0 63,1.0 64,8.0 66,6.0 102,1.0 107,5.0 110,1.0 144,4.0 154,7.0 163,3.0 220,1.0 221,1.0 
17,5.0 24,4.0 26,10.0 28,4.0 30,5.0 32,10.0 33,5.0 83,10.0 84,5.0 114,5.0 
26,5.0 32,5.0 83,5.0 84,5.0 113,5.0 
49,10.0 116,10.0 117,10.0 
115,10.0 133,1.0 241,1.0 
115,10.0 
49,3.0 62,22.0 118,6.0 119,10.0 138,2.0 154,18.0 155,18.0 156,2.0 159,4.0 160,2.0 161,2.0 211,3.0 
120,10.0 
17,1.0 36,1.0 75,1.0 87,10.0 
27,10.0 94,10.0 
0,10.0 62,2.0 115,5.0 118,2.0 123,5.0 154,2.0 155,2.0 
124,5.0 
71,5.0 216,3.0 
58,10.0 
127,5.0 128,5.0 
126,5.0 128,5.0 
25,1.0 37,1.0 129,5.0 
7,5.0 17,5.0 87,5.0 
17,6.0 25,3.0 26,1.0 28,2.0 32,2.0 36,3.0 37,3.0 40,1.0 44,5.0 49,4.0 50,6.0 62,1.0 63,3.0 64,2.0 65,4.0 66,8.0 70,2.0 94,3.0 95,1.0 101,3.0 105,2.0 131,5.0 141,1.0 144,3.0 154,1.0 161,1.0 163,2.0 170,1.0 176,2.0 180,1.0 191,3.0 193,6.0 204,3.0 218,3.0 219,3.0 225,1.0 230,1.0 
49,4.0 65,4.0 130,5.0 170,1.0 
44,2.0 49,18.0 64,2.0 65,18.0 78,2.0 88,2.0 132,6.0 133,22.0 134,2.0 135,4.0 136,2.0 
17,2.0 26,2.0 49,18.0 62,18.0 64,2.0 65,18.0 78,2.0 81,1.0 85,22.0 88,1.0 116,1.0 118,3.0 132,22.0 133,12.0 134,2.0 135,4.0 136,2.0 138,2.0 144,2.0 146,20.0 147,2.0 148,2.0 150,4.0 171,2.0 210,3.0 219,1.0 242,1.0 
17,2.0 26,2.0 37,2.0 62,3.0 66,2.0 78,2.0 130,3.0 149,2.0 204,3.0 
49,2.0 65,2.0 78,2.0 132,2.0 133,2.0 
111,2.0 144,2.0 
28,2.0 37,2.0 44,2.0 66,2.0 110,2.0 
18,4.0 24,2.0 33,2.0 63,4.0 66,2.0 80,4.0 100,2.0 141,4.0 161,2.0 
17,2.0 18,4.0 26,4.0 28,2.0 49,22.0 63,18.0 80,18.0 136,2.0 139,6.0 140,2.0 142,4.0 143,2.0 144,2.0 
66,2.0 100,2.0 138,2.0 
5,1.0 24,2.0 28,3.0 33,4.0 36,1.0 37,2.0 44,1.0 66,1.0 88,1.0 101,3.0 109,1.0 110,1.0 111,1.0 138,2.0 144,4.0 151,2.0 163,3.0 
49,2.0 63,2.0 80,2.0 139,2.0 143,2.0 
49,2.0 63,2.0 80,2.0 139,2.0 144,2.0 
7,2.0 17,8.0 24,2.0 26,1.0 27,2.0 28,8.0 33,4.0 36,2.0 37,1.0 44,2.0 47,6.0 48,6.0 49,2.0 52,2.0 62,4.0 63,2.0 64,5.0 65,4.0 66,3.0 70,2.0 80,2.0 85,2.0 88,2.0 95,3.0 100,2.0 101,2.0 104,2.0 105,2.0 107,2.0 109,2.0 110,1.0 111,3.0 112,2.0 130,1.0 131,1.0 133,2.0 136,2.0 138,2.0 139,2.0 141,3.0 144,4.0 145,4.0 146,2.0 149,6.0 155,6.0 161,2.0 163,2.0 167,2.0 170,2.0 172,6.0 175,10.0 176,2.0 177,2.0 178,2.0 180,2.0 234,1.0 238,1.0 239,1.0 
24,2.0 25,4.0 33,2.0 66,2.0 95,2.0 100,2.0 
62,21.0 85,20.0 101,3.0 133,20.0 138,2.0 144,2.0 146,4.0 147,2.0 148,2.0 150,4.0 
33,2.0 101,2.0 148,2.0 
33,2.0 36,2.0 62,2.0 85,2.0 101,2.0 133,2.0 144,4.0 146,2.0 149,2.0 
17,14.0 26,14.0 36,2.0 64,2.0 80,2.0 107,6.0 110,4.0 111,4.0 134,2.0 144,2.0 145,2.0 149,4.0 155,2.0 161,2.0 164,2.0 
62,2.0 85,2.0 133,2.0 146,2.0 148,2.0 
33,2.0 36,2.0 101,2.0 152,2.0 
33,2.0 36,2.0 153,2.0 
17,2.0 24,2.0 33,2.0 47,2.0 101,2.0 122,2.0 130,1.0 154,4.0 155,4.0 157,2.0 158,2.0 161,1.0 162,1.0 163,1.0 
10,1.0 17,10.0 24,4.0 26,2.0 27,2.0 44,4.0 47,2.0 62,23.0 63,2.0 64,2.0 65,4.0 94,1.0 95,4.0 110,1.0 112,3.0 118,18.0 122,2.0 130,3.0 138,2.0 154,2.0 155,18.0 156,2.0 159,2.0 160,2.0 161,2.0 163,2.0 170,4.0 171,2.0 172,2.0 181,2.0 232,1.0 233,1.0 
24,2.0 28,2.0 62,18.0 64,2.0 107,2.0 111,2.0 118,18.0 122,2.0 138,2.0 144,2.0 149,2.0 154,18.0 155,2.0 156,2.0 159,2.0 160,2.0 161,2.0 170,2.0 171,2.0 177,2.0 178,2.0 
101,2.0 153,2.0 157,2.0 
17,4.0 33,4.0 47,4.0 101,4.0 153,2.0 158,2.0 162,2.0 163,2.0 
17,2.0 33,2.0 47,2.0 55,1.0 153,2.0 161,1.0 237,1.0 
62,2.0 118,2.0 154,2.0 155,2.0 160,2.0 
62,2.0 118,2.0 154,2.0 155,2.0 161,2.0 
17,2.0 26,2.0 44,3.0 48,1.0 55,1.0 62,2.0 88,2.0 101,2.0 105,2.0 106,2.0 109,3.0 118,2.0 130,1.0 138,2.0 141,1.0 144,2.0 149,2.0 153,1.0 154,2.0 155,2.0 157,2.0 158,1.0 162,3.0 163,4.0 236,1.0 237,1.0 
17,2.0 33,2.0 47,2.0 101,2.0 130,1.0 141,2.0 153,1.0 157,2.0 161,1.0 163,3.0 
10,2.0 17,2.0 18,4.0 24,4.0 26,2.0 28,2.0 33,2.0 37,1.0 44,3.0 47,2.0 48,1.0 65,2.0 66,1.0 80,1.0 95,3.0 105,1.0 109,2.0 111,5.0 130,1.0 141,4.0 144,18.0 149,2.0 154,1.0 161,4.0 162,2.0 163,1.0 164,2.0 175,10.0 236,1.0 238,1.0 239,1.0 
110,2.0 149,2.0 
144,2.0 166,2.0 
165,2.0 
7,4.0 70,4.0 144,4.0 
95,4.0 169,4.0 
168,4.0 
7,2.0 17,4.0 47,2.0 64,2.0 70,4.0 95,3.0 111,2.0 130,4.0 149,2.0 154,4.0 155,2.0 167,2.0 177,2.0 178,2.0 
17,22.0 26,22.0 28,4.0 111,4.0 133,2.0 154,2.0 171,6.0 184,2.0 185,2.0 186,2.0 
5,3.0 17,8.0 26,2.0 28,9.0 47,2.0 62,2.0 88,2.0 97,4.0 133,3.0 144,2.0 154,2.0 170,2.0 171,2.0 173,2.0 174,2.0 183,2.0 
19,3.0 75,2.0 
24,2.0 27,2.0 
17,6.0 28,4.0 47,6.0 48,6.0 52,2.0 104,2.0 144,10.0 172,4.0 180,2.0 
105,2.0 144,2.0 161,2.0 
64,2.0 111,2.0 155,2.0 170,2.0 178,2.0 
64,2.0 111,2.0 155,2.0 170,2.0 177,2.0 
35,2.0 
17,4.0 47,4.0 48,2.0 59,2.0 97,2.0 130,1.0 132,2.0 225,1.0 
17,2.0 47,2.0 59,2.0 180,2.0 181,4.0 
47,2.0 88,2.0 172,2.0 183,2.0 
17,2.0 26,2.0 47,2.0 88,2.0 171,2.0 172,2.0 
17,2.0 26,2.0 171,2.0 
17,2.0 26,2.0 171,2.0 
17,2.0 26,2.0 149,2.0 
17,2.0 18,2.0 26,2.0 
18,2.0 24,2.0 28,2.0 
18,2.0 24,2.0 26,2.0 
11,2.0 17,2.0 26,2.0 191,2.0 
11,2.0 17,2.0 26,2.0 28,1.0 32,1.0 50,1.0 66,2.0 130,3.0 190,2.0 218,3.0 219,3.0 
13,2.0 16,2.0 26,2.0 
44,3.0 66,3.0 130,6.0 
37,3.0 130,3.0 195,3.0 
24,1.0 37,3.0 130,3.0 194,3.0 228,1.0 
76,3.0 107,3.0 
76,3.0 173,3.0 
26,3.0 199,3.0 200,3.0 201,3.0 202,3.0 203,3.0 
26,3.0 198,3.0 200,3.0 201,3.0 202,3.0 203,3.0 
5,3.0 26,6.0 36,3.0 88,3.0 198,3.0 199,3.0 201,3.0 202,3.0 203,3.0 
26,3.0 198,3.0 199,3.0 200,3.0 202,3.0 203,3.0 
26,3.0 198,3.0 199,3.0 200,3.0 201,3.0 203,3.0 
26,3.0 62,3.0 
63,3.0 130,3.0 
206,3.0 
207,3.0 
68,3.0 208,1.0 
0,3.0 28,3.0 32,3.0 222,1.0 225,1.0 
5,3.0 28,3.0 172,3.0 
72,3.0 74,3.0 
212,3.0 
44,3.0 72,3.0 74,2.0 
58,3.0 
91,3.0 
28,3.0 
91,3.0 
212,3.0 
28,1.0 32,1.0 50,1.0 66,2.0 130,3.0 191,3.0 219,3.0 
28,1.0 32,1.0 43,1.0 50,1.0 66,2.0 81,1.0 130,3.0 191,3.0 218,3.0 242,1.0 
112,1.0 
17,2.0 44,2.0 222,1.0 226,1.0 
17,1.0 36,1.0 39,1.0 40,1.0 44,2.0 130,1.0 221,1.0 223,1.0 
224,1.0 
208,1.0 
222,2.0 
60,1.0 62,2.0 154,1.0 232,1.0 
0,1.0 44,1.0 195,1.0 228,1.0 
24,1.0 195,1.0 
141,1.0 
50,1.0 231,1.0 
25,1.0 
62,1.0 130,1.0 154,1.0 
62,1.0 64,1.0 65,1.0 154,1.0 
44,2.0 88,1.0 101,1.0 111,1.0 144,1.0 
110,1.0 161,1.0 163,1.0 236,1.0 
44,1.0 48,1.0 161,1.0 163,1.0 
55,1.0 106,1.0 161,1.0 
95,1.0 111,1.0 144,1.0 163,1.0 239,1.0 
95,1.0 111,1.0 144,1.0 163,1.0 238,1.0 
66,1.0 112,1.0 
116,1.0 
43,1.0 81,1.0 219,1.0 
