0,12.0 1,18.0 2,42.0 3,6.0 10,3.0 15,6.0 20,6.0 31,30.0 34,3.0 55,6.0 56,9.0 57,6.0 58,6.0 82,3.0 87,6.0 95,3.0 96,3.0 97,3.0 98,6.0 105,3.0 124,3.0 129,3.0 
0,18.0 2,6.0 3,6.0 15,6.0 20,6.0 54,6.0 
0,36.0 2,24.0 3,102.0 4,12.0 5,6.0 8,6.0 18,6.0 21,6.0 23,6.0 26,12.0 27,3.0 29,6.0 31,36.0 36,15.0 37,6.0 38,6.0 51,12.0 55,6.0 56,6.0 57,6.0 58,6.0 87,3.0 124,3.0 126,3.0 127,3.0 129,3.0 
0,1.0 1,1.0 2,102.0 3,12.0 4,12.0 5,6.0 8,6.0 11,3.0 13,1.0 18,6.0 21,18.0 23,6.0 26,15.0 27,3.0 31,6.0 34,9.0 36,3.0 42,3.0 44,3.0 51,12.0 73,3.0 78,25.0 79,60.0 86,3.0 88,6.0 89,1.0 92,3.0 97,6.0 98,3.0 101,6.0 103,24.0 106,3.0 107,12.0 120,3.0 121,6.0 126,3.0 127,3.0 
2,6.0 3,6.0 9,6.0 10,6.0 
6,12.0 
2,12.0 3,12.0 7,12.0 
6,12.0 
0,3.0 9,6.0 10,9.0 34,3.0 
5,6.0 10,24.0 11,6.0 28,12.0 
0,3.0 5,6.0 9,24.0 11,6.0 12,15.0 13,6.0 27,1.0 28,12.0 34,12.0 50,3.0 53,2.0 84,3.0 87,3.0 95,3.0 114,2.0 124,3.0 128,3.0 
10,6.0 12,6.0 86,3.0 94,3.0 
10,18.0 13,9.0 27,1.0 34,12.0 50,3.0 53,2.0 69,1.0 78,3.0 87,16.0 89,6.0 100,3.0 104,3.0 114,2.0 124,3.0 125,6.0 128,3.0 130,3.0 141,3.0 142,1.0 
14,6.0 117,24.0 
0,6.0 1,6.0 21,6.0 31,6.0 64,6.0 77,6.0 143,1.0 
16,6.0 
17,12.0 
2,12.0 3,12.0 
19,6.0 
0,6.0 1,6.0 
16,6.0 
22,6.0 26,6.0 31,6.0 77,6.0 114,18.0 118,6.0 136,3.0 
2,6.0 3,6.0 14,6.0 26,9.0 
24,12.0 
23,6.0 25,6.0 80,6.0 
2,6.0 3,6.0 
3,3.0 27,12.0 34,3.0 35,6.0 42,3.0 48,3.0 78,6.0 79,9.0 114,12.0 134,3.0 
9,6.0 10,6.0 26,3.0 27,1.0 31,6.0 48,3.0 64,19.0 78,1.0 89,1.0 
29,12.0 30,3.0 31,6.0 50,6.0 
28,6.0 30,6.0 31,6.0 
2,6.0 3,6.0 34,3.0 39,6.0 
0,30.0 2,30.0 21,18.0 26,6.0 31,12.0 32,6.0 33,6.0 40,6.0 45,6.0 46,6.0 51,6.0 53,6.0 55,6.0 56,6.0 57,6.0 58,6.0 64,3.0 77,6.0 93,3.0 
33,6.0 
27,6.0 34,6.0 35,6.0 44,6.0 48,3.0 49,6.0 
0,3.0 2,6.0 3,9.0 10,12.0 11,3.0 12,9.0 13,18.0 33,6.0 34,15.0 35,54.0 36,6.0 39,6.0 40,12.0 42,18.0 46,12.0 48,6.0 50,3.0 53,3.0 79,9.0 84,3.0 86,3.0 87,9.0 88,3.0 89,9.0 91,12.0 95,3.0 114,9.0 121,3.0 128,3.0 
1,6.0 2,6.0 24,6.0 34,54.0 35,12.0 36,6.0 39,6.0 42,6.0 46,12.0 48,6.0 78,6.0 79,6.0 107,3.0 
2,15.0 3,3.0 29,6.0 37,6.0 38,6.0 126,3.0 127,3.0 
34,6.0 35,6.0 38,6.0 
34,6.0 35,6.0 37,6.0 
30,6.0 31,6.0 
41,30.0 47,6.0 
34,18.0 40,12.0 42,18.0 43,6.0 
1,6.0 3,24.0 33,6.0 34,18.0 35,6.0 40,12.0 73,3.0 78,24.0 79,24.0 86,3.0 103,24.0 107,3.0 123,3.0 
41,6.0 
2,6.0 27,6.0 31,6.0 36,6.0 48,6.0 49,3.0 57,6.0 66,6.0 67,6.0 70,6.0 71,6.0 72,6.0 
44,6.0 
2,18.0 3,18.0 47,30.0 51,12.0 52,6.0 
34,18.0 35,18.0 40,6.0 46,12.0 
14,6.0 26,3.0 34,3.0 35,6.0 42,6.0 49,9.0 64,12.0 135,3.0 
9,6.0 10,9.0 12,3.0 27,1.0 31,6.0 34,6.0 65,3.0 75,6.0 76,6.0 87,3.0 135,3.0 
28,6.0 120,3.0 137,3.0 
46,30.0 76,3.0 96,3.0 108,3.0 137,3.0 138,3.0 
46,6.0 
3,3.0 33,3.0 48,6.0 49,1.0 53,5.0 78,2.0 79,3.0 89,2.0 114,6.0 
0,6.0 2,6.0 31,6.0 
56,6.0 57,6.0 58,6.0 59,6.0 
0,3.0 55,6.0 57,6.0 58,6.0 59,6.0 82,3.0 96,3.0 97,3.0 98,3.0 
44,6.0 55,6.0 56,6.0 58,6.0 59,6.0 66,6.0 67,6.0 88,6.0 98,6.0 
55,6.0 56,6.0 57,6.0 59,6.0 
60,6.0 61,6.0 
61,6.0 62,6.0 83,3.0 87,9.0 99,3.0 103,9.0 108,3.0 110,9.0 
60,6.0 62,6.0 68,6.0 69,6.0 
63,6.0 113,3.0 
33,6.0 44,12.0 53,1.0 
22,6.0 26,3.0 44,12.0 57,6.0 65,12.0 66,6.0 70,6.0 71,6.0 74,6.0 114,1.0 132,3.0 
22,9.0 27,6.0 34,3.0 48,6.0 114,3.0 115,3.0 117,3.0 
44,6.0 57,6.0 67,6.0 
61,6.0 68,6.0 
61,6.0 69,6.0 
63,13.0 73,6.0 
44,6.0 71,6.0 72,6.0 
44,6.0 70,6.0 72,6.0 
69,6.0 73,6.0 
62,3.0 63,6.0 69,6.0 
49,6.0 
48,6.0 76,6.0 
3,3.0 48,6.0 75,6.0 79,3.0 96,3.0 108,3.0 121,3.0 138,3.0 
21,6.0 26,6.0 31,6.0 
3,24.0 10,3.0 12,4.0 24,6.0 35,6.0 42,3.0 73,3.0 79,30.0 87,1.0 89,4.0 97,6.0 101,6.0 103,24.0 107,12.0 125,3.0 128,3.0 139,3.0 140,3.0 142,1.0 
0,1.0 1,1.0 3,60.0 11,3.0 13,1.0 21,12.0 24,6.0 26,3.0 34,9.0 35,6.0 42,3.0 44,3.0 73,3.0 78,31.0 86,3.0 88,3.0 89,1.0 92,3.0 97,6.0 101,6.0 103,24.0 107,12.0 120,3.0 121,6.0 
81,12.0 
80,6.0 82,6.0 83,6.0 84,6.0 85,6.0 
0,3.0 42,6.0 56,3.0 83,12.0 84,12.0 85,12.0 86,6.0 87,6.0 88,6.0 96,3.0 97,3.0 98,3.0 
42,9.0 82,12.0 84,12.0 85,12.0 86,6.0 87,6.0 88,6.0 108,3.0 
12,3.0 42,6.0 82,12.0 83,12.0 85,12.0 86,6.0 87,6.0 88,6.0 
42,6.0 82,12.0 83,12.0 84,12.0 86,6.0 87,6.0 88,6.0 
0,4.0 1,1.0 2,3.0 11,3.0 13,1.0 87,6.0 88,6.0 89,3.0 94,3.0 
0,7.0 1,1.0 3,6.0 10,3.0 12,19.0 13,1.0 34,9.0 35,3.0 42,15.0 50,3.0 57,12.0 60,3.0 69,1.0 78,3.0 79,3.0 86,6.0 88,6.0 89,9.0 103,27.0 106,3.0 107,3.0 110,21.0 111,6.0 142,1.0 
0,4.0 1,1.0 2,6.0 12,3.0 13,1.0 86,6.0 87,12.0 89,3.0 98,3.0 121,3.0 141,3.0 
10,1.0 12,1.0 31,6.0 34,6.0 78,4.0 90,6.0 125,3.0 139,3.0 140,3.0 
34,6.0 91,6.0 
12,12.0 34,6.0 87,12.0 
34,3.0 
3,3.0 34,3.0 79,3.0 
8,3.0 
0,3.0 56,3.0 82,3.0 96,3.0 97,3.0 
0,3.0 3,3.0 56,3.0 76,3.0 79,3.0 82,3.0 97,3.0 98,3.0 108,3.0 121,3.0 138,3.0 
0,3.0 56,3.0 82,9.0 83,6.0 84,6.0 85,6.0 96,3.0 98,3.0 
0,6.0 2,3.0 87,6.0 88,3.0 
12,3.0 
101,3.0 
87,6.0 102,3.0 103,6.0 109,6.0 110,6.0 
87,3.0 
3,27.0 42,18.0 73,3.0 78,27.0 79,27.0 87,24.0 97,6.0 101,6.0 103,3.0 107,15.0 110,21.0 111,6.0 
87,3.0 
87,3.0 
3,3.0 88,3.0 98,3.0 
3,3.0 42,3.0 60,12.0 73,3.0 78,3.0 79,3.0 103,3.0 
3,3.0 42,3.0 76,3.0 79,3.0 83,3.0 96,3.0 121,3.0 138,3.0 
101,6.0 
3,3.0 42,15.0 78,3.0 79,3.0 87,21.0 103,24.0 107,3.0 111,6.0 
112,12.0 
87,6.0 103,6.0 110,6.0 111,6.0 
53,3.0 
34,18.0 49,3.0 53,6.0 65,12.0 78,2.0 89,2.0 114,2.0 117,1.0 119,6.0 134,3.0 
116,3.0 
0,3.0 1,3.0 
3,12.0 14,1.0 31,12.0 79,12.0 135,6.0 
34,6.0 
3,6.0 79,6.0 
28,3.0 50,3.0 
0,1.0 1,1.0 3,3.0 12,3.0 13,1.0 78,1.0 79,3.0 88,3.0 89,1.0 122,3.0 141,3.0 
42,3.0 
2,3.0 3,3.0 
3,3.0 12,3.0 79,3.0 
2,3.0 3,3.0 10,6.0 12,3.0 34,3.0 36,3.0 139,3.0 140,3.0 
12,3.0 127,3.0 
12,3.0 126,3.0 
10,2.0 12,6.0 78,3.0 87,1.0 142,1.0 
12,3.0 
131,3.0 132,3.0 134,3.0 
130,3.0 
26,3.0 133,3.0 
130,3.0 
27,3.0 64,3.0 65,3.0 
21,3.0 49,3.0 65,6.0 
117,3.0 
51,6.0 
3,3.0 76,3.0 79,3.0 96,3.0 108,3.0 121,3.0 
10,3.0 12,3.0 125,3.0 140,3.0 
10,3.0 12,3.0 125,3.0 139,3.0 
12,3.0 78,3.0 128,3.0 
12,1.0 69,1.0 87,1.0 
13,1.0 
