1,5.0 2,2.0 3,4.0 4,2.0 10,2.0 11,2.0 12,2.0 15,10.0 16,10.0 17,10.0 18,10.0 19,2.0 20,2.0 21,3.0 22,4.0 39,1.0 42,5.0 61,1.0 74,2.0 87,1.0 99,2.0 113,1.0 133,1.0 
0,13.0 3,4.0 4,2.0 5,2.0 6,4.0 7,2.0 8,2.0 9,4.0 10,2.0 13,2.0 14,2.0 19,2.0 20,2.0 21,2.0 22,2.0 23,2.0 24,2.0 25,2.0 39,1.0 74,1.0 87,1.0 99,1.0 
1,2.0 3,4.0 4,4.0 9,2.0 14,2.0 16,4.0 17,1.0 18,1.0 39,1.0 48,1.0 50,2.0 51,2.0 62,1.0 74,1.0 
0,2.0 1,4.0 2,4.0 4,21.0 6,2.0 7,2.0 8,2.0 9,4.0 10,4.0 11,2.0 12,2.0 13,2.0 14,4.0 16,2.0 17,4.0 23,4.0 24,2.0 25,2.0 26,2.0 38,4.0 45,2.0 47,1.0 50,2.0 51,4.0 62,5.0 80,15.0 100,2.0 150,2.0 224,2.0 257,1.0 
0,2.0 1,2.0 2,4.0 3,21.0 7,2.0 8,2.0 9,4.0 13,2.0 14,4.0 16,2.0 26,6.0 32,2.0 33,2.0 34,2.0 50,4.0 51,2.0 62,5.0 80,15.0 94,2.0 154,2.0 219,2.0 220,2.0 
0,2.0 6,2.0 7,2.0 8,2.0 9,2.0 17,2.0 35,2.0 36,2.0 37,2.0 38,2.0 39,2.0 
0,7.0 3,2.0 5,2.0 7,45.0 8,4.0 9,2.0 10,2.0 14,5.0 23,9.0 24,2.0 25,2.0 26,2.0 40,1.0 46,36.0 51,5.0 52,5.0 75,15.0 127,5.0 128,10.0 152,5.0 154,5.0 155,5.0 156,5.0 192,2.0 194,2.0 
0,7.0 4,2.0 5,2.0 6,42.0 8,4.0 9,2.0 14,5.0 26,4.0 27,2.0 38,1.0 40,1.0 46,35.0 52,5.0 75,10.0 94,2.0 127,5.0 128,10.0 154,7.0 155,5.0 156,5.0 161,1.0 163,1.0 183,1.0 
0,2.0 5,2.0 6,2.0 7,4.0 9,2.0 26,4.0 27,2.0 47,1.0 50,2.0 157,1.0 221,2.0 256,1.0 
0,4.0 2,2.0 3,4.0 4,4.0 5,2.0 6,2.0 7,2.0 8,2.0 13,2.0 14,4.0 16,2.0 50,2.0 51,2.0 
1,2.0 3,4.0 6,2.0 7,2.0 8,2.0 11,2.0 12,2.0 23,2.0 24,2.0 25,2.0 26,2.0 
1,2.0 3,2.0 10,2.0 12,2.0 
1,2.0 3,2.0 10,2.0 11,2.0 
0,2.0 3,2.0 4,2.0 9,2.0 14,2.0 
0,2.0 2,2.0 3,4.0 4,4.0 6,5.0 7,5.0 9,4.0 13,2.0 16,2.0 18,1.0 32,1.0 39,1.0 40,1.0 50,2.0 51,2.0 53,1.0 92,1.0 102,5.0 127,5.0 154,5.0 155,5.0 156,5.0 157,1.0 260,1.0 261,1.0 275,1.0 
1,10.0 16,16.0 17,10.0 18,10.0 44,7.0 49,1.0 103,2.0 165,1.0 168,1.0 174,1.0 299,1.0 301,1.0 308,1.0 310,1.0 
1,10.0 2,1.0 15,15.0 16,30.0 17,54.0 18,24.0 21,3.0 38,4.0 39,45.0 41,5.0 42,8.0 44,11.0 46,27.0 47,17.0 48,31.0 49,7.0 52,5.0 57,7.0 60,5.0 61,6.0 62,61.0 64,11.0 69,46.0 72,2.0 74,23.0 75,10.0 77,2.0 80,7.0 84,5.0 87,10.0 92,8.0 94,2.0 99,2.0 100,4.0 102,29.0 103,16.0 104,30.0 105,15.0 106,12.0 107,10.0 113,2.0 114,2.0 116,5.0 135,5.0 136,9.0 137,5.0 138,5.0 165,1.0 167,1.0 168,2.0 174,1.0 196,2.0 231,1.0 233,1.0 243,2.0 276,1.0 307,1.0 308,1.0 310,1.0 
0,1.0 1,10.0 3,5.0 15,10.0 16,54.0 17,6.0 18,41.0 21,1.0 38,57.0 39,68.0 40,3.0 42,1.0 44,8.0 46,17.0 47,8.0 48,17.0 49,4.0 52,3.0 54,5.0 57,9.0 60,5.0 61,5.0 62,25.0 64,14.0 70,14.0 72,4.0 74,14.0 75,5.0 77,2.0 80,2.0 86,2.0 92,8.0 94,8.0 99,4.0 100,2.0 101,5.0 102,1.0 103,5.0 104,28.0 105,5.0 106,1.0 113,3.0 114,1.0 116,3.0 121,6.0 135,5.0 136,9.0 137,5.0 138,5.0 145,8.0 148,1.0 157,4.0 158,2.0 159,2.0 160,4.0 166,4.0 167,4.0 170,4.0 180,6.0 196,4.0 200,4.0 202,4.0 205,4.0 207,4.0 209,4.0 211,1.0 215,2.0 221,1.0 224,2.0 231,1.0 234,2.0 235,2.0 236,2.0 238,2.0 253,1.0 276,1.0 
0,1.0 1,10.0 14,1.0 15,10.0 16,16.0 17,42.0 18,7.0 20,10.0 21,28.0 38,50.0 39,16.0 40,14.0 41,2.0 42,28.0 44,3.0 45,1.0 46,6.0 48,5.0 49,18.0 52,24.0 61,1.0 62,5.0 64,3.0 66,5.0 69,5.0 70,4.0 72,2.0 73,5.0 74,5.0 75,5.0 76,1.0 80,5.0 91,1.0 93,3.0 99,4.0 101,5.0 105,1.0 108,5.0 112,5.0 114,2.0 121,5.0 144,1.0 163,1.0 165,1.0 169,2.0 170,2.0 171,1.0 176,1.0 179,2.0 200,4.0 205,4.0 209,4.0 213,2.0 231,1.0 234,2.0 235,2.0 236,2.0 249,2.0 250,2.0 251,2.0 253,1.0 261,1.0 276,1.0 279,1.0 304,1.0 308,1.0 
0,2.0 1,2.0 20,4.0 21,4.0 22,4.0 
0,2.0 1,2.0 6,15.0 7,15.0 19,4.0 20,5.0 21,43.0 22,4.0 42,24.0 46,15.0 47,5.0 48,5.0 50,10.0 59,5.0 75,10.0 83,1.0 95,15.0 96,10.0 98,10.0 101,10.0 106,2.0 108,10.0 109,12.0 110,10.0 117,10.0 130,10.0 133,5.0 281,1.0 282,1.0 283,1.0 284,1.0 
0,2.0 1,2.0 16,5.0 17,7.0 18,10.0 19,4.0 20,43.0 21,21.0 22,71.0 39,5.0 41,55.0 42,63.0 43,5.0 46,2.0 48,7.0 50,24.0 51,10.0 52,10.0 53,5.0 55,4.0 57,2.0 61,2.0 69,1.0 74,1.0 75,10.0 80,4.0 82,2.0 83,15.0 95,15.0 96,10.0 99,2.0 101,10.0 106,6.0 108,10.0 109,28.0 110,10.0 111,1.0 113,1.0 121,10.0 122,10.0 133,3.0 197,2.0 198,3.0 199,4.0 210,4.0 214,2.0 221,2.0 275,1.0 295,1.0 327,1.0 
0,4.0 1,2.0 16,5.0 18,6.0 19,4.0 20,4.0 21,70.0 22,17.0 38,8.0 39,2.0 41,83.0 42,2.0 43,14.0 44,2.0 50,14.0 51,15.0 55,4.0 61,1.0 65,5.0 74,1.0 77,10.0 78,5.0 83,15.0 99,1.0 101,10.0 106,4.0 109,14.0 113,1.0 114,1.0 121,10.0 122,10.0 133,1.0 196,3.0 198,3.0 199,4.0 210,8.0 211,4.0 212,4.0 213,4.0 292,1.0 327,1.0 
3,4.0 6,9.0 7,2.0 8,2.0 10,2.0 24,2.0 25,2.0 26,2.0 45,2.0 51,7.0 75,5.0 150,2.0 152,5.0 192,2.0 194,2.0 
3,2.0 6,2.0 7,2.0 8,2.0 10,2.0 23,2.0 25,5.0 26,2.0 46,1.0 49,1.0 103,1.0 179,1.0 187,2.0 188,2.0 
3,2.0 6,2.0 7,2.0 8,2.0 10,2.0 23,2.0 24,5.0 26,2.0 46,1.0 49,1.0 103,1.0 179,1.0 187,2.0 188,2.0 
4,4.0 7,4.0 8,6.0 26,2.0 27,2.0 50,4.0 94,2.0 154,2.0 219,2.0 220,2.0 221,2.0 
28,2.0 29,2.0 30,2.0 38,1.0 39,1.0 179,1.0 297,1.0 
29,2.0 30,2.0 31,2.0 
28,2.0 30,2.0 31,2.0 
28,2.0 29,2.0 31,2.0 
4,2.0 32,2.0 33,2.0 
4,2.0 33,2.0 34,2.0 40,1.0 65,1.0 
4,2.0 32,2.0 34,2.0 
5,2.0 35,2.0 36,2.0 37,2.0 
5,2.0 17,2.0 36,2.0 37,2.0 38,2.0 39,2.0 48,2.0 49,2.0 57,2.0 70,2.0 172,2.0 
5,2.0 17,2.0 35,2.0 37,2.0 38,2.0 39,2.0 
5,2.0 17,2.0 35,2.0 36,2.0 38,2.0 39,2.0 
0,1.0 3,4.0 7,1.0 16,5.0 17,56.0 18,52.0 24,1.0 25,1.0 27,1.0 38,3.0 39,75.0 40,10.0 44,27.0 45,7.0 46,17.0 47,4.0 48,1.0 49,32.0 57,9.0 62,19.0 64,6.0 66,5.0 69,11.0 70,4.0 73,5.0 74,7.0 75,15.0 86,5.0 87,1.0 92,9.0 93,5.0 94,11.0 99,2.0 100,2.0 101,10.0 102,7.0 103,1.0 104,9.0 106,4.0 108,1.0 113,2.0 114,3.0 116,5.0 121,5.0 122,2.0 124,1.0 136,11.0 144,1.0 145,4.0 148,5.0 150,2.0 152,2.0 161,1.0 163,1.0 165,1.0 168,1.0 169,2.0 170,2.0 171,1.0 175,4.0 176,1.0 179,18.0 186,1.0 196,2.0 200,4.0 202,4.0 205,4.0 207,4.0 209,4.0 210,1.0 217,2.0 224,2.0 234,2.0 235,2.0 236,2.0 238,2.0 240,2.0 241,2.0 242,2.0 243,2.0 245,2.0 246,2.0 247,2.0 249,2.0 253,1.0 266,1.0 269,1.0 288,1.0 290,1.0 297,1.0 316,1.0 
3,1.0 14,2.0 16,41.0 17,64.0 18,21.0 21,6.0 27,1.0 38,75.0 40,6.0 42,6.0 44,14.0 45,4.0 46,13.0 47,3.0 48,1.0 49,16.0 52,6.0 53,1.0 54,5.0 57,21.0 58,5.0 60,5.0 61,6.0 62,56.0 63,5.0 64,1.0 69,21.0 72,4.0 74,18.0 75,20.0 86,5.0 87,6.0 93,6.0 94,4.0 99,10.0 101,5.0 102,6.0 103,5.0 104,5.0 105,5.0 106,5.0 111,10.0 113,1.0 114,1.0 115,1.0 116,10.0 118,5.0 119,5.0 122,2.0 124,5.0 135,5.0 148,5.0 149,1.0 161,1.0 179,3.0 196,2.0 202,4.0 207,4.0 210,4.0 211,1.0 217,2.0 230,1.0 231,1.0 233,1.0 234,2.0 235,2.0 236,2.0 249,2.0 266,1.0 275,1.0 276,1.0 297,1.0 
7,1.0 14,1.0 18,14.0 21,12.0 22,20.0 32,1.0 38,8.0 39,6.0 41,22.0 42,2.0 44,6.0 45,6.0 46,7.0 48,5.0 49,12.0 64,24.0 65,1.0 80,5.0 91,10.0 98,5.0 99,2.0 101,5.0 111,5.0 150,2.0 165,1.0 183,1.0 221,1.0 233,1.0 236,1.0 240,2.0 241,2.0 242,2.0 270,1.0 
18,11.0 21,54.0 22,85.0 38,6.0 41,12.0 42,11.0 43,6.0 50,4.0 55,4.0 57,1.0 61,1.0 65,5.0 69,1.0 80,5.0 82,5.0 99,2.0 101,10.0 106,4.0 109,14.0 111,1.0 114,1.0 121,10.0 122,10.0 198,3.0 199,4.0 210,6.0 227,2.0 287,3.0 292,2.0 293,1.0 294,1.0 295,1.0 327,1.0 
17,5.0 18,15.0 20,24.0 21,63.0 22,4.0 39,5.0 40,5.0 41,16.0 42,11.0 43,4.0 49,5.0 52,15.0 53,5.0 57,1.0 61,10.0 75,10.0 80,5.0 81,5.0 82,5.0 85,5.0 86,5.0 91,10.0 99,1.0 106,2.0 108,10.0 109,12.0 110,10.0 132,5.0 197,2.0 275,1.0 295,1.0 
0,1.0 21,2.0 22,15.0 38,2.0 39,2.0 41,4.0 42,2.0 44,2.0 51,5.0 61,2.0 69,1.0 74,1.0 77,10.0 78,5.0 99,2.0 111,1.0 113,1.0 130,2.0 292,1.0 293,1.0 294,1.0 295,1.0 
15,5.0 16,18.0 17,12.0 18,7.0 38,24.0 39,16.0 40,13.0 44,2.0 45,6.0 46,4.0 47,8.0 48,20.0 49,37.0 51,1.0 52,5.0 57,5.0 62,5.0 64,5.0 69,6.0 70,14.0 71,5.0 74,6.0 76,5.0 92,4.0 93,4.0 94,8.0 96,1.0 100,1.0 103,12.0 107,1.0 108,1.0 111,1.0 115,1.0 121,1.0 124,1.0 135,1.0 137,1.0 144,1.0 149,1.0 150,2.0 152,1.0 158,1.0 163,1.0 165,1.0 167,5.0 168,2.0 171,1.0 174,1.0 186,1.0 210,1.0 228,1.0 240,2.0 241,2.0 242,2.0 245,2.0 246,2.0 247,2.0 263,1.0 265,1.0 266,1.0 269,1.0 288,1.0 290,1.0 298,1.0 300,1.0 302,1.0 307,1.0 308,2.0 310,1.0 317,1.0 
3,2.0 4,2.0 22,2.0 23,2.0 26,2.0 38,6.0 39,4.0 40,4.0 41,1.0 44,4.0 46,2.0 48,2.0 50,2.0 51,2.0 102,1.0 125,5.0 134,2.0 150,19.0 151,5.0 152,2.0 166,1.0 167,1.0 184,4.0 196,1.0 218,2.0 219,2.0 220,2.0 299,1.0 301,1.0 302,1.0 
0,5.0 6,36.0 7,36.0 14,5.0 16,42.0 17,16.0 38,17.0 39,17.0 40,2.0 44,4.0 47,15.0 48,22.0 49,17.0 52,5.0 57,5.0 60,5.0 61,7.0 62,15.0 64,10.0 69,20.0 70,5.0 74,7.0 75,10.0 86,5.0 87,5.0 99,3.0 101,5.0 102,25.0 103,1.0 104,5.0 106,5.0 107,5.0 113,2.0 116,6.0 127,5.0 128,10.0 135,1.0 148,1.0 168,1.0 215,2.0 288,1.0 
2,2.0 3,3.0 4,2.0 6,5.0 7,5.0 8,2.0 9,2.0 14,4.0 15,1.0 16,23.0 17,5.0 20,5.0 39,6.0 41,5.0 42,5.0 44,8.0 46,12.0 47,2.0 48,2.0 49,7.0 50,2.0 51,2.0 52,5.0 57,5.0 61,5.0 62,10.0 69,15.0 74,5.0 76,5.0 92,1.0 98,5.0 102,5.0 104,5.0 105,10.0 116,5.0 136,5.0 137,6.0 138,5.0 139,5.0 140,5.0 141,5.0 142,5.0 157,1.0 173,1.0 210,1.0 227,1.0 238,3.0 253,1.0 255,1.0 256,1.0 257,1.0 259,2.0 265,1.0 266,1.0 318,1.0 
2,1.0 16,36.0 17,23.0 18,5.0 35,4.0 38,5.0 39,11.0 40,1.0 44,17.0 45,2.0 46,17.0 47,7.0 48,5.0 49,27.0 57,4.0 61,7.0 62,6.0 64,1.0 69,16.0 70,12.0 74,13.0 75,5.0 84,5.0 86,2.0 87,10.0 91,5.0 92,12.0 94,10.0 99,2.0 102,15.0 106,6.0 107,10.0 113,2.0 121,2.0 145,4.0 150,2.0 167,1.0 168,1.0 172,4.0 176,4.0 179,3.0 186,3.0 187,1.0 196,2.0 215,2.0 221,1.0 223,2.0 228,1.0 233,1.0 322,1.0 
2,2.0 3,2.0 4,2.0 9,2.0 14,2.0 16,9.0 17,10.0 18,27.0 21,5.0 24,1.0 25,1.0 35,4.0 38,31.0 39,23.0 40,12.0 42,5.0 44,37.0 46,20.0 47,7.0 48,30.0 49,1.0 50,2.0 51,2.0 52,10.0 57,2.0 58,5.0 62,5.0 64,4.0 70,14.0 74,6.0 76,5.0 80,5.0 86,5.0 87,1.0 92,8.0 94,8.0 99,4.0 101,5.0 102,1.0 103,8.0 104,1.0 106,1.0 108,1.0 121,3.0 124,1.0 135,1.0 144,1.0 145,2.0 163,4.0 165,1.0 167,1.0 169,2.0 170,2.0 171,2.0 176,1.0 179,8.0 186,3.0 223,2.0 228,1.0 245,2.0 246,2.0 247,2.0 269,2.0 290,1.0 298,1.0 300,1.0 302,1.0 
2,2.0 3,2.0 4,4.0 8,2.0 9,2.0 14,2.0 16,7.0 20,5.0 21,14.0 22,9.0 26,4.0 41,4.0 48,5.0 51,7.0 64,2.0 83,5.0 95,5.0 96,5.0 136,1.0 219,2.0 220,2.0 221,2.0 
2,2.0 3,4.0 4,2.0 6,5.0 9,2.0 14,2.0 16,7.0 21,5.0 22,10.0 23,7.0 43,5.0 44,1.0 45,2.0 50,7.0 75,5.0 77,5.0 83,5.0 122,2.0 134,2.0 150,2.0 152,5.0 217,2.0 218,2.0 265,1.0 
16,5.0 17,5.0 18,22.0 20,12.0 21,37.0 22,10.0 39,5.0 42,32.0 43,5.0 52,4.0 76,12.0 77,5.0 83,5.0 87,5.0 88,5.0 101,10.0 231,1.0 268,1.0 277,1.0 301,1.0 
17,5.0 39,5.0 102,1.0 106,1.0 197,2.0 274,1.0 275,1.0 
17,5.0 39,5.0 55,5.0 56,5.0 
17,4.0 18,4.0 38,4.0 54,5.0 209,8.0 
54,5.0 
16,19.0 17,4.0 21,1.0 39,10.0 41,1.0 42,1.0 45,1.0 46,15.0 47,10.0 48,2.0 49,5.0 57,5.0 61,1.0 62,5.0 69,21.0 74,5.0 92,4.0 94,6.0 100,2.0 101,2.0 102,10.0 106,5.0 111,6.0 132,1.0 145,2.0 227,1.0 
59,5.0 208,4.0 
39,5.0 47,6.0 49,5.0 72,1.0 98,5.0 259,1.0 
16,5.0 39,5.0 46,5.0 61,5.0 62,5.0 
0,1.0 1,1.0 16,11.0 17,14.0 18,6.0 20,10.0 21,1.0 38,15.0 39,31.0 40,5.0 43,1.0 47,5.0 48,1.0 57,1.0 62,20.0 63,5.0 64,1.0 69,13.0 70,2.0 74,20.0 86,5.0 90,1.0 91,10.0 94,4.0 98,5.0 99,7.0 105,5.0 108,10.0 111,18.0 113,10.0 115,5.0 121,5.0 123,5.0 125,5.0 130,1.0 132,1.0 133,2.0 138,5.0 139,5.0 140,5.0 141,5.0 142,5.0 180,2.0 227,1.0 230,2.0 231,2.0 232,2.0 233,2.0 287,1.0 296,1.0 
3,5.0 4,5.0 14,1.0 16,41.0 17,17.0 18,8.0 21,1.0 38,14.0 39,51.0 42,1.0 46,5.0 47,5.0 48,7.0 52,1.0 57,4.0 61,11.0 62,5.0 63,5.0 64,5.0 69,35.0 70,8.0 72,2.0 74,16.0 75,5.0 80,5.0 92,4.0 94,13.0 99,5.0 102,5.0 103,15.0 104,25.0 105,20.0 106,5.0 111,5.0 116,10.0 117,5.0 118,5.0 119,5.0 124,5.0 138,5.0 139,5.0 140,5.0 141,5.0 145,6.0 147,5.0 148,5.0 180,5.0 231,1.0 276,1.0 
40,5.0 48,2.0 49,2.0 64,5.0 70,2.0 
0,1.0 16,5.0 17,7.0 18,2.0 21,19.0 22,28.0 38,2.0 40,23.0 41,28.0 42,1.0 45,2.0 62,5.0 91,10.0 103,5.0 104,10.0 150,2.0 203,4.0 204,4.0 210,4.0 233,1.0 236,1.0 253,1.0 
6,1.0 18,5.0 38,5.0 46,1.0 
18,5.0 38,5.0 67,5.0 68,5.0 
66,5.0 
66,5.0 
16,51.0 20,10.0 21,1.0 39,15.0 44,5.0 46,20.0 47,15.0 48,21.0 57,16.0 61,13.0 62,30.0 69,25.0 70,5.0 74,20.0 75,5.0 86,5.0 87,10.0 90,1.0 99,2.0 102,40.0 103,10.0 104,10.0 105,15.0 106,10.0 107,10.0 111,8.0 117,5.0 118,5.0 119,5.0 120,5.0 125,5.0 132,1.0 133,1.0 138,5.0 139,5.0 140,5.0 141,5.0 142,5.0 147,5.0 227,1.0 233,1.0 287,1.0 
17,14.0 18,4.0 35,4.0 38,1.0 40,5.0 44,14.0 46,5.0 48,10.0 49,14.0 57,3.0 61,2.0 62,8.0 64,5.0 71,5.0 91,1.0 92,8.0 94,10.0 102,5.0 104,4.0 105,1.0 114,1.0 116,5.0 121,3.0 136,4.0 144,1.0 145,6.0 163,4.0 167,4.0 170,4.0 179,2.0 180,6.0 186,2.0 223,2.0 279,1.0 315,1.0 
40,5.0 72,5.0 106,5.0 108,1.0 114,5.0 117,1.0 124,1.0 
44,5.0 47,1.0 59,1.0 70,5.0 94,4.0 185,1.0 259,1.0 261,1.0 323,18.0 324,1.0 325,1.0 326,1.0 
17,5.0 48,5.0 
0,1.0 1,1.0 3,10.0 4,10.0 16,18.0 17,18.0 18,7.0 21,1.0 38,15.0 39,29.0 40,5.0 42,1.0 43,1.0 52,1.0 61,21.0 62,21.0 69,20.0 72,2.0 75,5.0 86,20.0 87,1.0 94,1.0 99,6.0 103,5.0 104,5.0 105,5.0 108,5.0 113,5.0 117,5.0 120,5.0 121,5.0 130,1.0 133,1.0 147,5.0 153,1.0 161,1.0 230,3.0 231,3.0 232,2.0 233,3.0 276,1.0 296,1.0 
17,2.0 42,10.0 52,5.0 61,20.0 76,5.0 98,15.0 101,10.0 108,5.0 111,15.0 113,10.0 114,5.0 115,5.0 123,5.0 
21,5.0 22,10.0 43,5.0 52,11.0 77,5.0 83,5.0 231,1.0 268,1.0 277,1.0 
22,10.0 43,10.0 44,2.0 48,4.0 49,4.0 51,5.0 70,2.0 77,4.0 78,5.0 80,12.0 196,6.0 222,4.0 227,6.0 
18,5.0 40,5.0 49,5.0 79,10.0 
78,10.0 
20,5.0 21,6.0 42,10.0 44,7.0 47,10.0 48,4.0 49,9.0 69,10.0 70,2.0 77,12.0 80,5.0 81,5.0 82,9.0 84,5.0 85,5.0 86,5.0 102,10.0 109,2.0 110,10.0 121,10.0 129,10.0 196,6.0 214,2.0 221,2.0 222,4.0 227,6.0 320,3.0 321,1.0 
18,5.0 40,5.0 42,5.0 49,5.0 85,1.0 136,1.0 273,1.0 
18,1.0 21,4.0 44,5.0 47,5.0 49,5.0 70,1.0 80,9.0 109,2.0 115,1.0 153,5.0 179,1.0 214,2.0 
16,5.0 20,1.0 21,16.0 22,15.0 50,10.0 51,10.0 83,5.0 133,1.0 281,1.0 282,1.0 283,1.0 284,1.0 285,1.0 
38,5.0 42,5.0 80,5.0 85,5.0 86,10.0 91,10.0 92,5.0 93,5.0 97,5.0 98,5.0 
42,5.0 52,5.0 81,1.0 86,5.0 136,1.0 273,1.0 
3,10.0 4,10.0 40,15.0 42,5.0 52,5.0 61,5.0 64,10.0 74,15.0 75,2.0 82,5.0 84,5.0 85,5.0 90,5.0 91,20.0 94,5.0 95,4.0 97,5.0 98,11.0 101,13.0 117,1.0 133,4.0 196,4.0 
16,5.0 38,1.0 39,6.0 48,5.0 49,1.0 57,5.0 69,5.0 74,2.0 75,5.0 88,5.0 89,5.0 93,5.0 99,1.0 102,5.0 106,5.0 107,5.0 111,5.0 161,1.0 230,1.0 233,1.0 
87,5.0 89,5.0 99,5.0 100,5.0 
86,5.0 90,5.0 
84,5.0 86,5.0 91,5.0 99,1.0 102,1.0 106,1.0 114,1.0 287,1.0 
20,10.0 21,10.0 22,10.0 38,10.0 39,5.0 40,10.0 41,10.0 44,5.0 61,10.0 64,10.0 84,10.0 86,5.0 92,5.0 93,5.0 97,5.0 98,5.0 101,6.0 125,1.0 279,1.0 
14,1.0 16,8.0 17,14.0 18,2.0 21,2.0 38,9.0 42,2.0 44,4.0 48,12.0 49,8.0 52,4.0 61,4.0 62,6.0 70,12.0 77,2.0 80,2.0 93,5.0 94,9.0 100,4.0 102,4.0 145,4.0 157,1.0 163,4.0 172,4.0 176,4.0 179,4.0 196,2.0 260,1.0 
18,3.0 38,5.0 39,6.0 44,4.0 46,1.0 57,5.0 87,5.0 92,5.0 94,5.0 106,5.0 111,5.0 115,1.0 149,1.0 163,1.0 308,1.0 
16,6.0 17,10.0 18,2.0 20,5.0 21,10.0 22,4.0 38,2.0 41,5.0 42,1.0 48,4.0 57,4.0 62,2.0 64,2.0 70,2.0 80,2.0 82,2.0 86,4.0 88,5.0 92,12.0 95,5.0 99,5.0 101,4.0 102,2.0 162,1.0 180,7.0 181,6.0 229,2.0 232,2.0 243,2.0 328,1.0 
20,15.0 21,15.0 48,5.0 50,10.0 62,2.0 70,2.0 86,2.0 95,5.0 96,10.0 133,4.0 196,2.0 
20,5.0 21,5.0 44,1.0 48,5.0 50,5.0 95,5.0 152,1.0 
86,5.0 94,5.0 98,5.0 
18,11.0 38,5.0 46,5.0 47,5.0 49,5.0 52,10.0 61,5.0 70,1.0 74,10.0 86,21.0 91,5.0 94,5.0 97,5.0 101,16.0 111,10.0 116,5.0 117,1.0 146,1.0 179,1.0 
0,1.0 1,1.0 17,5.0 21,1.0 38,3.0 39,11.0 43,1.0 44,4.0 46,1.0 48,2.0 49,3.0 51,1.0 61,7.0 62,5.0 69,2.0 72,2.0 74,6.0 87,2.0 88,5.0 90,1.0 100,5.0 102,8.0 106,5.0 111,2.0 113,9.0 114,10.0 124,5.0 130,1.0 133,2.0 143,5.0 144,5.0 161,1.0 187,2.0 195,2.0 230,3.0 231,2.0 232,2.0 233,7.0 236,4.0 239,4.0 244,2.0 264,1.0 287,1.0 296,1.0 
16,2.0 18,2.0 21,2.0 42,2.0 44,1.0 47,1.0 52,2.0 58,4.0 71,1.0 77,2.0 80,2.0 86,5.0 92,4.0 98,5.0 99,2.0 102,2.0 114,2.0 115,1.0 117,1.0 137,1.0 149,1.0 167,1.0 227,2.0 265,1.0 266,1.0 289,1.0 308,1.0 
3,4.0 17,10.0 18,14.0 20,10.0 21,10.0 38,19.0 39,11.0 42,10.0 44,7.0 46,5.0 47,1.0 49,6.0 52,10.0 61,15.0 71,5.0 74,15.0 86,15.0 91,5.0 93,1.0 106,5.0 108,19.0 113,5.0 114,10.0 115,10.0 117,11.0 121,6.0 125,2.0 144,1.0 259,1.0 290,1.0 
2,1.0 7,1.0 14,5.0 15,1.0 16,30.0 17,1.0 20,10.0 22,1.0 38,8.0 39,11.0 41,1.0 44,1.0 45,1.0 46,16.0 47,5.0 48,16.0 57,5.0 62,5.0 69,35.0 70,5.0 74,5.0 75,10.0 87,10.0 92,4.0 99,8.0 100,4.0 102,5.0 106,12.0 107,10.0 114,6.0 116,5.0 127,5.0 143,5.0 144,5.0 145,5.0 146,5.0 152,1.0 187,2.0 195,2.0 
16,16.0 17,5.0 44,11.0 46,6.0 47,5.0 48,6.0 49,7.0 62,5.0 69,10.0 102,5.0 104,10.0 105,6.0 106,5.0 107,1.0 111,1.0 135,1.0 136,5.0 137,5.0 167,1.0 171,1.0 179,4.0 188,1.0 269,1.0 298,1.0 300,1.0 302,1.0 307,1.0 317,1.0 
16,20.0 17,18.0 24,1.0 25,1.0 38,9.0 46,5.0 47,12.0 48,5.0 49,1.0 61,5.0 62,15.0 64,5.0 69,15.0 70,4.0 102,5.0 103,15.0 104,5.0 105,15.0 106,5.0 136,9.0 137,5.0 138,5.0 139,5.0 140,5.0 141,5.0 170,4.0 175,4.0 179,5.0 238,2.0 
16,10.0 46,5.0 47,11.0 48,5.0 61,10.0 62,10.0 69,20.0 70,1.0 102,5.0 103,5.0 104,10.0 105,5.0 106,5.0 136,1.0 138,5.0 139,10.0 140,10.0 141,10.0 142,5.0 
2,1.0 15,1.0 16,13.0 17,6.0 18,4.0 38,6.0 39,2.0 40,5.0 44,2.0 46,11.0 48,11.0 57,5.0 69,10.0 71,5.0 87,5.0 99,5.0 102,17.0 107,5.0 111,5.0 113,4.0 114,8.0 145,5.0 146,5.0 233,4.0 236,4.0 239,4.0 244,2.0 319,1.0 
16,5.0 39,5.0 48,5.0 69,5.0 75,5.0 87,10.0 93,5.0 102,5.0 103,1.0 125,5.0 126,5.0 179,1.0 
6,10.0 7,10.0 16,5.0 17,10.0 20,10.0 21,10.0 38,10.0 39,15.0 42,10.0 44,4.0 46,11.0 61,10.0 62,5.0 70,4.0 74,5.0 101,1.0 102,5.0 109,10.0 110,10.0 111,5.0 112,5.0 115,10.0 124,2.0 125,1.0 
20,12.0 21,28.0 22,14.0 41,14.0 42,12.0 80,2.0 82,2.0 108,10.0 110,10.0 121,10.0 122,10.0 214,2.0 
20,20.0 21,10.0 42,10.0 108,10.0 109,10.0 121,10.0 
16,10.0 18,5.0 21,1.0 38,5.0 39,15.0 44,1.0 46,10.0 49,5.0 57,6.0 61,18.0 62,15.0 69,13.0 74,5.0 90,1.0 98,10.0 99,2.0 103,1.0 106,5.0 108,5.0 115,5.0 117,5.0 118,10.0 119,5.0 120,5.0 132,1.0 133,1.0 227,1.0 287,1.0 
38,5.0 39,5.0 102,5.0 108,5.0 
0,1.0 1,1.0 17,1.0 18,5.0 38,5.0 39,11.0 43,1.0 61,10.0 62,10.0 74,5.0 99,14.0 101,5.0 106,4.0 114,8.0 118,5.0 123,5.0 130,1.0 133,1.0 230,2.0 231,2.0 232,2.0 233,6.0 236,4.0 239,4.0 244,2.0 296,1.0 
17,1.0 18,8.0 38,3.0 39,1.0 40,5.0 44,3.0 46,2.0 48,2.0 49,2.0 70,1.0 71,5.0 99,10.0 101,5.0 102,6.0 106,8.0 113,7.0 143,5.0 144,5.0 233,2.0 236,2.0 239,2.0 244,2.0 
6,15.0 7,10.0 16,5.0 18,1.0 23,5.0 39,5.0 46,10.0 51,5.0 61,5.0 62,5.0 70,1.0 71,1.0 82,1.0 100,1.0 108,10.0 111,5.0 117,1.0 149,2.0 152,5.0 179,1.0 279,1.0 280,1.0 289,1.0 
6,5.0 7,5.0 14,5.0 94,2.0 111,5.0 113,5.0 115,5.0 117,5.0 118,10.0 121,2.0 144,1.0 148,6.0 154,5.0 291,1.0 
39,5.0 46,5.0 47,1.0 62,5.0 69,5.0 70,5.0 71,1.0 101,11.0 102,5.0 108,11.0 111,5.0 115,10.0 118,5.0 124,1.0 259,1.0 
39,10.0 62,10.0 69,10.0 74,5.0 99,5.0 111,10.0 113,5.0 117,5.0 119,5.0 120,5.0 
69,5.0 74,5.0 111,5.0 118,5.0 120,5.0 
69,5.0 74,5.0 86,5.0 
17,7.0 20,10.0 21,10.0 22,10.0 35,2.0 38,6.0 39,5.0 41,10.0 44,1.0 46,2.0 48,4.0 49,3.0 61,5.0 70,2.0 74,5.0 94,2.0 98,1.0 101,4.0 108,1.0 109,10.0 110,10.0 116,2.0 122,10.0 124,1.0 144,3.0 146,1.0 290,1.0 
21,10.0 22,10.0 40,2.0 41,10.0 51,2.0 64,2.0 109,10.0 121,10.0 134,2.0 217,4.0 218,2.0 
38,5.0 39,5.0 61,5.0 62,5.0 113,5.0 
17,1.0 46,1.0 101,1.0 107,5.0 108,2.0 125,6.0 126,5.0 
38,1.0 39,6.0 44,2.0 49,1.0 87,5.0 93,6.0 99,5.0 101,2.0 102,5.0 107,5.0 114,5.0 116,5.0 121,1.0 126,5.0 143,5.0 144,1.0 290,1.0 
39,5.0 87,5.0 93,5.0 107,5.0 125,5.0 
80,10.0 
80,10.0 
20,10.0 
0,1.0 22,1.0 43,2.0 61,1.0 74,1.0 99,1.0 113,1.0 131,10.0 
6,10.0 7,10.0 46,10.0 
20,5.0 227,1.0 286,1.0 287,1.0 
21,3.0 41,1.0 43,2.0 57,1.0 61,2.0 62,2.0 69,1.0 70,2.0 74,1.0 86,2.0 95,4.0 99,1.0 111,1.0 113,1.0 130,1.0 134,5.0 196,2.0 296,1.0 
3,5.0 4,5.0 45,2.0 51,2.0 62,5.0 122,2.0 150,2.0 217,2.0 218,4.0 
16,5.0 17,5.0 44,2.0 46,5.0 49,2.0 103,1.0 
16,9.0 17,9.0 38,12.0 47,7.0 50,1.0 53,1.0 57,1.0 62,5.0 70,3.0 94,2.0 99,2.0 104,9.0 105,5.0 106,3.0 113,2.0 114,2.0 136,1.0 137,5.0 138,5.0 186,1.0 238,2.0 243,2.0 273,1.0 315,1.0 316,1.0 
16,5.0 17,5.0 47,6.0 62,5.0 104,5.0 105,5.0 136,5.0 138,5.0 238,1.0 253,1.0 
47,5.0 61,10.0 62,5.0 69,10.0 104,5.0 105,10.0 125,5.0 139,5.0 140,5.0 141,5.0 
47,5.0 61,5.0 69,5.0 105,5.0 140,5.0 141,5.0 142,5.0 
47,5.0 61,5.0 69,5.0 105,5.0 139,5.0 141,5.0 142,5.0 
47,5.0 61,5.0 69,5.0 105,5.0 139,5.0 140,5.0 142,5.0 
61,5.0 69,5.0 138,5.0 
99,5.0 102,5.0 114,5.0 144,5.0 
17,2.0 38,1.0 44,1.0 46,2.0 48,2.0 49,1.0 98,1.0 102,5.0 106,5.0 108,1.0 121,3.0 124,1.0 145,5.0 146,1.0 290,1.0 291,1.0 
17,6.0 48,6.0 49,2.0 57,2.0 62,6.0 70,6.0 94,8.0 102,5.0 106,5.0 146,5.0 180,4.0 
18,1.0 62,5.0 69,5.0 70,1.0 74,5.0 98,1.0 147,5.0 179,1.0 
62,5.0 69,5.0 74,5.0 117,5.0 
38,5.0 39,5.0 62,5.0 116,1.0 144,1.0 149,5.0 291,1.0 
45,5.0 71,1.0 100,1.0 115,2.0 117,1.0 150,5.0 151,5.0 279,1.0 280,1.0 289,1.0 
3,2.0 4,2.0 23,2.0 26,2.0 38,2.0 44,2.0 45,19.0 48,2.0 50,2.0 51,2.0 125,5.0 134,2.0 151,5.0 152,2.0 184,4.0 218,2.0 219,2.0 220,2.0 
45,5.0 125,5.0 150,5.0 
6,5.0 7,1.0 23,5.0 38,3.0 44,1.0 45,2.0 51,5.0 75,5.0 102,1.0 150,2.0 158,1.0 
41,1.0 42,5.0 153,1.0 167,1.0 287,1.0 315,1.0 
4,2.0 6,5.0 7,7.0 14,5.0 26,2.0 94,2.0 155,5.0 156,5.0 
16,5.0 44,5.0 48,5.0 49,5.0 156,5.0 
16,5.0 38,2.0 39,2.0 44,5.0 48,5.0 49,5.0 155,5.0 196,2.0 216,2.0 
17,1.0 18,4.0 39,2.0 40,2.0 49,4.0 62,1.0 158,2.0 159,2.0 256,1.0 260,1.0 
18,2.0 49,2.0 99,1.0 157,2.0 264,1.0 
18,2.0 40,2.0 49,2.0 157,2.0 
161,4.0 
100,1.0 162,5.0 163,1.0 230,3.0 233,3.0 265,1.0 277,3.0 
47,1.0 49,4.0 70,4.0 92,4.0 163,2.0 165,1.0 255,1.0 265,1.0 269,2.0 323,1.0 
47,1.0 100,1.0 161,1.0 162,1.0 164,4.0 265,3.0 
40,1.0 165,4.0 
15,1.0 17,8.0 38,1.0 39,1.0 44,1.0 45,1.0 86,1.0 98,1.0 166,1.0 265,1.0 269,1.0 299,4.0 
45,1.0 100,1.0 153,1.0 165,1.0 167,6.0 173,1.0 
16,1.0 18,1.0 44,1.0 47,1.0 48,1.0 64,4.0 93,1.0 166,1.0 168,14.0 299,1.0 
16,1.0 18,4.0 38,4.0 40,1.0 44,2.0 48,1.0 49,6.0 100,1.0 103,2.0 115,1.0 149,1.0 167,6.0 168,2.0 169,3.0 170,3.0 288,5.0 289,1.0 
17,4.0 18,2.0 38,1.0 44,1.0 49,1.0 70,4.0 93,1.0 104,4.0 170,2.0 173,1.0 179,1.0 
165,2.0 168,3.0 171,2.0 174,7.0 
38,1.0 49,1.0 165,2.0 170,1.0 174,2.0 179,1.0 266,1.0 
101,2.0 173,4.0 
166,1.0 169,5.0 319,1.0 
38,1.0 39,1.0 44,1.0 47,1.0 48,4.0 92,4.0 100,1.0 175,4.0 266,3.0 
48,4.0 92,4.0 176,4.0 
15,1.0 45,1.0 52,1.0 174,4.0 177,4.0 266,2.0 301,3.0 
45,1.0 178,4.0 
38,4.0 104,4.0 179,4.0 311,1.0 
17,4.0 18,2.0 24,1.0 25,1.0 27,1.0 38,17.0 39,2.0 46,1.0 48,4.0 49,8.0 61,1.0 62,4.0 70,6.0 91,1.0 92,4.0 102,1.0 103,4.0 104,5.0 105,1.0 106,1.0 121,1.0 144,1.0 145,4.0 165,1.0 171,1.0 175,4.0 176,1.0 179,1.0 187,1.0 188,1.0 269,1.0 279,1.0 297,1.0 322,1.0 
94,7.0 162,1.0 181,6.0 
182,6.0 183,6.0 
183,6.0 184,6.0 
182,6.0 183,1.0 184,6.0 186,1.0 257,1.0 271,1.0 272,1.0 
45,4.0 150,4.0 184,2.0 185,6.0 
62,2.0 72,1.0 145,2.0 186,6.0 
44,1.0 48,1.0 49,1.0 81,1.0 85,1.0 153,1.0 185,2.0 187,9.0 224,2.0 
24,4.0 25,4.0 38,4.0 70,2.0 92,4.0 136,2.0 179,4.0 186,3.0 187,2.0 188,2.0 196,2.0 211,6.0 287,2.0 315,2.0 319,1.0 
189,2.0 315,5.0 
99,2.0 102,2.0 190,2.0 195,2.0 
189,2.0 190,2.0 191,2.0 
190,2.0 192,2.0 
191,2.0 193,2.0 
6,2.0 23,2.0 194,2.0 
6,2.0 23,2.0 82,1.0 115,1.0 192,2.0 214,1.0 231,1.0 268,1.0 277,1.0 278,1.0 
99,2.0 102,2.0 187,2.0 
22,3.0 38,2.0 39,2.0 48,2.0 49,2.0 70,2.0 77,6.0 80,6.0 86,4.0 95,4.0 122,2.0 133,4.0 196,3.0 217,2.0 222,4.0 287,2.0 292,1.0 315,2.0 
17,2.0 39,2.0 53,2.0 
21,3.0 22,3.0 41,3.0 
17,4.0 18,4.0 38,4.0 
17,4.0 38,4.0 39,4.0 201,8.0 
200,8.0 
64,4.0 203,4.0 
64,4.0 204,4.0 
38,4.0 46,4.0 49,4.0 
17,4.0 38,4.0 39,4.0 206,8.0 209,8.0 
205,8.0 
100,4.0 
44,4.0 48,4.0 49,4.0 
55,8.0 94,4.0 205,8.0 
17,2.0 21,2.0 22,4.0 48,2.0 80,2.0 211,26.0 212,4.0 213,4.0 221,3.0 
21,4.0 22,8.0 38,6.0 39,8.0 40,1.0 41,6.0 44,3.0 62,4.0 187,4.0 210,12.0 212,4.0 213,4.0 227,2.0 263,1.0 317,1.0 
22,4.0 210,4.0 211,4.0 213,4.0 
17,2.0 18,2.0 22,4.0 210,4.0 211,4.0 212,4.0 250,2.0 251,2.0 
21,2.0 80,2.0 82,3.0 109,2.0 115,1.0 194,1.0 231,1.0 268,1.0 277,1.0 278,1.0 
156,2.0 216,2.0 
38,2.0 39,2.0 156,2.0 196,2.0 
40,2.0 51,2.0 64,2.0 122,4.0 134,2.0 218,2.0 
45,2.0 51,2.0 122,2.0 134,4.0 150,2.0 217,2.0 
4,4.0 7,2.0 8,2.0 26,6.0 50,2.0 154,2.0 220,2.0 
4,2.0 8,2.0 26,4.0 50,2.0 219,2.0 
50,2.0 64,3.0 210,5.0 225,2.0 
48,2.0 49,2.0 70,2.0 77,2.0 80,2.0 196,2.0 
48,2.0 49,2.0 70,2.0 121,2.0 
35,2.0 48,2.0 49,2.0 70,2.0 186,2.0 226,2.0 
63,2.0 
224,2.0 
41,2.0 44,2.0 48,2.0 49,2.0 77,6.0 80,6.0 132,1.0 210,2.0 227,3.0 281,1.0 286,1.0 287,1.0 318,3.0 
44,1.0 48,1.0 49,1.0 
121,2.0 144,1.0 328,1.0 
17,2.0 18,2.0 38,2.0 39,2.0 161,3.0 230,4.0 231,10.0 232,10.0 233,13.0 252,2.0 277,3.0 
17,2.0 18,3.0 38,2.0 39,2.0 52,1.0 82,1.0 115,1.0 194,2.0 214,2.0 230,10.0 231,8.0 232,10.0 233,10.0 268,5.0 276,5.0 277,5.0 278,2.0 
17,2.0 18,2.0 38,2.0 39,2.0 230,12.0 231,10.0 232,4.0 233,10.0 
17,2.0 18,2.0 38,6.0 39,2.0 40,2.0 41,1.0 43,1.0 44,4.0 49,2.0 161,3.0 230,13.0 231,10.0 232,10.0 233,14.0 236,25.0 239,20.0 244,10.0 253,1.0 267,1.0 268,1.0 269,1.0 277,3.0 
235,2.0 236,2.0 
234,2.0 236,2.0 
17,4.0 38,8.0 40,2.0 41,1.0 43,1.0 44,4.0 49,2.0 104,4.0 136,4.0 233,25.0 236,10.0 237,2.0 239,20.0 244,10.0 
17,2.0 18,2.0 38,2.0 39,2.0 
20,1.0 38,2.0 40,2.0 44,2.0 83,1.0 99,2.0 106,2.0 113,2.0 236,2.0 238,2.0 253,5.0 
38,4.0 40,2.0 44,4.0 49,2.0 233,20.0 236,20.0 239,8.0 244,10.0 
241,2.0 242,2.0 
240,2.0 242,2.0 
16,4.0 38,4.0 136,4.0 238,2.0 243,2.0 
16,2.0 38,2.0 99,2.0 106,2.0 113,2.0 114,2.0 136,2.0 242,2.0 
38,2.0 44,2.0 49,2.0 233,10.0 236,10.0 239,10.0 244,4.0 
246,2.0 247,2.0 
245,2.0 247,2.0 
18,4.0 38,2.0 39,2.0 213,2.0 248,2.0 250,2.0 251,2.0 
38,2.0 44,2.0 49,2.0 
250,2.0 
17,2.0 18,2.0 213,2.0 247,2.0 251,2.0 
17,2.0 18,2.0 213,2.0 250,2.0 
219,2.0 
20,1.0 83,1.0 162,1.0 233,1.0 238,5.0 253,2.0 254,1.0 
253,1.0 
8,1.0 47,2.0 
17,1.0 39,1.0 157,1.0 
59,1.0 72,1.0 183,1.0 257,1.0 258,1.0 
257,1.0 
14,2.0 39,1.0 47,2.0 92,1.0 
39,1.0 62,1.0 157,1.0 
72,1.0 211,1.0 261,1.0 262,1.0 
261,1.0 
44,1.0 96,1.0 
44,1.0 51,1.0 99,1.0 
18,1.0 162,1.0 164,1.0 165,5.0 166,1.0 269,2.0 312,1.0 313,1.0 314,1.0 
18,1.0 38,1.0 49,1.0 170,1.0 171,2.0 176,5.0 179,1.0 
233,1.0 
82,1.0 115,1.0 194,2.0 214,2.0 231,5.0 233,1.0 268,2.0 277,5.0 278,2.0 
38,1.0 40,1.0 49,1.0 86,1.0 98,1.0 161,1.0 162,1.0 163,1.0 165,1.0 179,1.0 265,1.0 270,1.0 
14,1.0 40,1.0 
183,1.0 
183,1.0 
50,1.0 136,1.0 
102,1.0 152,1.0 
17,1.0 39,1.0 53,1.0 102,1.0 106,1.0 295,1.0 
18,1.0 52,1.0 231,5.0 276,2.0 
38,1.0 39,1.0 82,1.0 115,1.0 161,2.0 194,2.0 214,2.0 230,2.0 231,5.0 233,2.0 268,5.0 277,2.0 278,2.0 
82,1.0 115,1.0 194,1.0 214,1.0 231,1.0 268,1.0 277,1.0 
44,1.0 91,1.0 100,1.0 101,1.0 125,1.0 280,1.0 
44,1.0 100,1.0 279,1.0 
44,1.0 83,1.0 103,1.0 282,1.0 283,1.0 284,1.0 285,1.0 
83,1.0 281,1.0 283,1.0 284,1.0 285,1.0 
83,1.0 281,1.0 282,1.0 284,1.0 285,1.0 
83,1.0 281,1.0 282,1.0 283,1.0 285,1.0 
21,1.0 83,1.0 133,1.0 
61,1.0 69,1.0 99,1.0 111,1.0 287,1.0 
41,3.0 61,1.0 69,1.0 90,1.0 99,2.0 102,1.0 106,1.0 111,1.0 114,1.0 196,2.0 286,1.0 287,1.0 292,1.0 315,2.0 
44,2.0 49,2.0 100,1.0 103,2.0 115,1.0 149,1.0 168,5.0 288,2.0 289,1.0 302,1.0 303,2.0 
71,1.0 100,1.0 115,1.0 117,1.0 149,1.0 
38,1.0 44,1.0 49,1.0 108,1.0 121,1.0 124,1.0 144,1.0 
17,1.0 46,1.0 48,1.0 144,1.0 
0,1.0 18,1.0 22,1.0 38,1.0 70,1.0 136,1.0 293,1.0 294,1.0 295,1.0 
0,1.0 22,1.0 292,1.0 294,1.0 295,1.0 
0,1.0 22,1.0 292,1.0 293,1.0 295,1.0 
0,1.0 17,1.0 22,1.0 39,1.0 275,1.0 292,1.0 293,1.0 294,1.0 
43,1.0 130,1.0 133,1.0 
27,1.0 38,1.0 39,1.0 179,1.0 
265,1.0 
15,2.0 16,2.0 44,2.0 166,2.0 167,2.0 265,1.0 
266,1.0 
15,2.0 16,2.0 44,2.0 176,1.0 177,1.0 302,3.0 
178,1.0 288,4.0 301,1.0 
18,1.0 38,1.0 49,1.0 179,1.0 
305,1.0 
306,1.0 
38,1.0 49,1.0 179,1.0 
162,1.0 
18,1.0 44,1.0 93,1.0 162,1.0 269,1.0 309,1.0 
308,1.0 
170,1.0 
288,1.0 
45,1.0 102,1.0 313,1.0 314,1.0 
45,1.0 102,1.0 312,1.0 314,1.0 
45,1.0 102,1.0 312,1.0 313,1.0 
103,2.0 179,2.0 187,6.0 188,1.0 318,2.0 320,2.0 
38,1.0 136,1.0 
47,1.0 211,1.0 
188,2.0 227,3.0 281,1.0 318,1.0 320,2.0 
80,1.0 168,1.0 188,1.0 319,1.0 320,1.0 
80,3.0 188,2.0 318,2.0 320,1.0 321,1.0 
48,1.0 179,1.0 
48,1.0 179,1.0 
72,19.0 
221,1.0 325,1.0 326,1.0 
221,1.0 324,1.0 326,1.0 
221,1.0 324,1.0 325,1.0 
21,1.0 22,1.0 41,1.0 
121,1.0 144,1.0 229,1.0 
