1,3.0 2,2.0 14,1.0 33,1.0 57,1.0 91,1.0 211,1.0 212,1.0 
0,3.0 2,2.0 3,5.0 5,3.0 8,5.0 11,2.0 14,6.0 17,1.0 28,5.0 33,2.0 38,5.0 39,4.0 40,5.0 41,5.0 48,2.0 54,2.0 56,1.0 57,1.0 87,14.0 91,1.0 129,2.0 147,4.0 160,4.0 161,2.0 164,2.0 166,10.0 169,4.0 176,2.0 211,1.0 212,1.0 218,1.0 219,1.0 
3,2.0 4,2.0 14,1.0 57,1.0 
4,18.0 5,10.0 6,10.0 7,3.0 8,2.0 13,6.0 14,7.0 16,2.0 17,2.0 25,5.0 26,5.0 27,5.0 32,2.0 33,2.0 36,5.0 56,4.0 63,5.0 64,5.0 66,5.0 69,5.0 84,1.0 87,3.0 166,3.0 173,2.0 177,2.0 178,1.0 179,1.0 200,2.0 201,2.0 213,2.0 220,3.0 234,1.0 
3,18.0 5,10.0 6,10.0 7,3.0 14,2.0 25,5.0 26,5.0 27,5.0 56,2.0 87,1.0 166,1.0 177,2.0 178,1.0 179,1.0 220,1.0 
1,3.0 6,15.0 7,9.0 8,11.0 13,1.0 14,1.0 33,4.0 35,5.0 40,3.0 41,3.0 64,4.0 65,4.0 66,5.0 82,1.0 87,1.0 166,1.0 202,4.0 220,1.0 
5,15.0 7,8.0 8,10.0 14,2.0 17,2.0 32,2.0 35,5.0 56,2.0 57,2.0 
5,9.0 6,8.0 8,6.0 13,1.0 14,2.0 35,5.0 42,1.0 66,1.0 72,7.0 73,7.0 82,1.0 87,1.0 100,2.0 118,2.0 153,2.0 166,1.0 191,1.0 220,1.0 237,1.0 
3,11.0 4,7.0 7,2.0 8,9.0 9,11.0 10,12.0 12,2.0 13,25.0 14,22.0 17,19.0 18,10.0 19,10.0 32,5.0 33,4.0 35,8.0 39,8.0 40,4.0 41,4.0 42,29.0 44,2.0 45,2.0 51,1.0 56,17.0 57,4.0 60,2.0 61,8.0 63,5.0 64,7.0 65,1.0 66,7.0 71,2.0 73,5.0 76,5.0 84,5.0 85,5.0 86,5.0 87,3.0 88,3.0 89,2.0 90,2.0 99,4.0 100,2.0 104,4.0 105,6.0 111,2.0 116,2.0 168,2.0 177,2.0 195,2.0 197,2.0 213,2.0 237,2.0 
1,5.0 10,10.0 11,10.0 12,18.0 16,4.0 98,1.0 148,1.0 167,3.0 169,1.0 232,1.0 
9,10.0 11,11.0 12,10.0 13,2.0 16,1.0 28,2.0 40,2.0 61,2.0 74,2.0 99,1.0 228,1.0 
1,2.0 8,10.0 12,20.0 13,10.0 14,10.0 15,1.0 16,4.0 17,10.0 26,1.0 28,2.0 39,6.0 61,2.0 87,4.0 96,2.0 129,2.0 147,2.0 163,1.0 166,4.0 170,2.0 181,2.0 
8,14.0 9,4.0 10,4.0 11,20.0 13,10.0 14,10.0 15,3.0 16,3.0 17,10.0 34,2.0 35,2.0 42,2.0 51,2.0 52,1.0 56,1.0 60,2.0 61,2.0 63,1.0 98,3.0 100,1.0 106,2.0 107,2.0 113,2.0 144,2.0 148,1.0 164,2.0 167,3.0 172,1.0 232,1.0 
1,4.0 3,6.0 8,13.0 9,1.0 13,4.0 14,35.0 15,10.0 16,12.0 17,7.0 18,10.0 22,5.0 23,5.0 28,15.0 29,5.0 30,6.0 31,5.0 32,5.0 33,5.0 34,5.0 39,4.0 40,2.0 41,4.0 51,1.0 55,4.0 56,13.0 57,5.0 59,1.0 61,2.0 63,9.0 64,3.0 65,1.0 66,1.0 73,5.0 74,22.0 75,10.0 76,9.0 87,4.0 163,2.0 166,4.0 168,6.0 171,2.0 173,4.0 195,2.0 200,2.0 201,2.0 213,2.0 217,1.0 
2,1.0 3,13.0 4,3.0 7,1.0 8,16.0 9,1.0 12,2.0 13,36.0 15,10.0 16,14.0 17,29.0 18,10.0 22,5.0 23,5.0 32,7.0 33,13.0 35,2.0 36,5.0 40,5.0 41,10.0 42,2.0 51,1.0 55,1.0 56,14.0 57,14.0 58,7.0 59,10.0 63,5.0 64,1.0 65,3.0 66,24.0 67,2.0 68,5.0 71,1.0 74,5.0 75,5.0 76,5.0 84,2.0 106,4.0 108,2.0 109,2.0 111,2.0 113,2.0 155,2.0 156,2.0 159,1.0 163,2.0 168,1.0 170,3.0 177,2.0 178,1.0 179,1.0 182,1.0 183,2.0 195,1.0 197,2.0 208,2.0 211,1.0 212,1.0 217,1.0 237,1.0 
3,1.0 4,1.0 9,1.0 11,10.0 12,13.0 13,1.0 16,10.0 28,1.0 56,1.0 58,1.0 63,1.0 66,2.0 74,1.0 100,1.0 163,1.0 
9,4.0 11,14.0 12,16.0 15,11.0 28,3.0 39,4.0 61,2.0 66,3.0 74,3.0 75,2.0 96,6.0 116,1.0 149,2.0 163,1.0 164,2.0 228,1.0 
1,2.0 3,2.0 6,2.0 8,24.0 9,4.0 11,2.0 13,10.0 14,32.0 16,12.0 17,6.0 18,10.0 19,10.0 28,17.0 32,20.0 33,29.0 35,2.0 40,5.0 41,6.0 42,11.0 44,1.0 53,5.0 54,5.0 55,7.0 56,18.0 57,15.0 59,3.0 60,2.0 61,8.0 64,2.0 65,5.0 66,18.0 71,5.0 72,5.0 73,10.0 78,10.0 79,5.0 82,5.0 87,2.0 111,2.0 113,2.0 118,2.0 119,2.0 145,2.0 146,4.0 147,4.0 155,2.0 156,2.0 163,2.0 166,2.0 170,1.0 182,1.0 183,1.0 195,1.0 208,2.0 213,2.0 220,1.0 221,1.0 223,1.0 224,1.0 
13,10.0 14,10.0 19,10.0 20,21.0 21,10.0 22,15.0 23,10.0 54,2.0 55,1.0 62,5.0 65,2.0 66,2.0 192,1.0 
18,10.0 20,10.0 21,10.0 
11,2.0 18,12.0 21,10.0 22,16.0 23,5.0 24,10.0 62,5.0 
18,11.0 20,10.0 22,10.0 
8,5.0 13,10.0 14,10.0 18,16.0 20,7.0 23,5.0 24,5.0 190,1.0 
18,5.0 20,10.0 24,5.0 62,5.0 
8,10.0 22,5.0 
13,5.0 26,5.0 27,5.0 
13,5.0 25,5.0 27,5.0 28,3.0 66,1.0 74,1.0 124,2.0 181,1.0 
13,5.0 25,5.0 26,5.0 
1,4.0 3,2.0 6,2.0 8,2.0 9,4.0 11,4.0 12,2.0 13,15.0 16,8.0 17,20.0 22,2.0 26,2.0 28,1.0 29,1.0 30,1.0 32,12.0 33,2.0 35,2.0 36,5.0 39,4.0 40,7.0 41,3.0 42,2.0 55,8.0 56,10.0 60,5.0 61,14.0 63,12.0 64,1.0 66,8.0 72,2.0 74,16.0 87,6.0 101,2.0 102,2.0 106,2.0 113,2.0 114,2.0 124,2.0 129,2.0 149,2.0 150,2.0 156,2.0 166,6.0 168,2.0 170,2.0 173,1.0 196,2.0 200,1.0 201,1.0 236,1.0 
14,5.0 30,5.0 31,5.0 65,1.0 66,1.0 196,1.0 236,1.0 
8,1.0 13,2.0 14,6.0 28,1.0 29,5.0 31,5.0 74,1.0 233,1.0 
14,5.0 29,5.0 30,5.0 61,2.0 63,2.0 
3,4.0 6,2.0 8,3.0 13,11.0 14,14.0 17,22.0 33,9.0 56,12.0 57,10.0 59,1.0 63,2.0 64,1.0 65,3.0 66,4.0 89,1.0 90,1.0 118,2.0 119,2.0 165,2.0 170,2.0 173,1.0 183,1.0 199,2.0 200,1.0 201,1.0 213,2.0 220,1.0 221,1.0 
0,1.0 1,1.0 2,1.0 3,2.0 5,4.0 8,6.0 13,9.0 14,7.0 17,32.0 28,1.0 32,9.0 33,7.0 35,3.0 40,8.0 41,8.0 42,2.0 44,3.0 56,6.0 57,3.0 58,2.0 59,5.0 60,4.0 61,8.0 64,4.0 65,6.0 66,6.0 79,1.0 96,2.0 145,2.0 146,4.0 147,4.0 170,1.0 175,2.0 202,4.0 211,2.0 212,2.0 213,2.0 217,2.0 220,1.0 221,1.0 223,1.0 224,1.0 
5,7.0 6,5.0 7,5.0 33,2.0 35,4.0 40,2.0 41,2.0 64,2.0 202,2.0 
3,3.0 5,2.0 8,14.0 9,5.0 13,1.0 14,2.0 17,3.0 28,2.0 32,1.0 33,3.0 34,4.0 40,9.0 41,6.0 42,5.0 56,1.0 60,1.0 61,4.0 64,2.0 74,2.0 85,5.0 86,5.0 175,2.0 197,2.0 202,2.0 
1,10.0 5,3.0 37,10.0 38,5.0 44,5.0 176,2.0 
36,10.0 
1,5.0 8,5.0 
1,9.0 9,4.0 11,2.0 12,4.0 28,2.0 54,2.0 61,2.0 87,9.0 88,3.0 89,3.0 90,3.0 92,2.0 93,2.0 129,4.0 147,2.0 166,7.0 167,4.0 170,2.0 218,1.0 235,1.0 
8,9.0 11,2.0 12,2.0 14,2.0 17,9.0 28,16.0 33,7.0 35,8.0 39,2.0 41,19.0 42,12.0 43,5.0 44,8.0 55,2.0 58,2.0 59,4.0 60,3.0 61,11.0 63,1.0 74,1.0 79,1.0 87,2.0 101,2.0 102,2.0 106,2.0 166,2.0 170,2.0 217,2.0 223,1.0 224,1.0 
8,4.0 11,2.0 17,16.0 28,18.0 33,7.0 35,2.0 39,2.0 40,19.0 42,7.0 43,5.0 44,8.0 55,2.0 58,5.0 59,8.0 60,7.0 61,18.0 63,1.0 74,1.0 79,1.0 87,2.0 113,2.0 114,2.0 166,2.0 170,2.0 217,2.0 223,1.0 224,1.0 
3,2.0 4,2.0 7,1.0 8,29.0 13,10.0 14,9.0 17,1.0 33,2.0 39,3.0 40,4.0 41,2.0 43,5.0 44,7.0 45,7.0 56,12.0 60,1.0 63,5.0 66,2.0 71,1.0 73,5.0 76,5.0 79,6.0 84,5.0 87,3.0 88,3.0 89,2.0 90,2.0 103,2.0 110,2.0 115,2.0 177,2.0 237,1.0 
42,5.0 44,5.0 45,5.0 
8,7.0 36,5.0 42,12.0 43,5.0 45,8.0 60,1.0 61,1.0 79,1.0 83,5.0 
46,8.0 
47,8.0 128,3.0 129,4.0 
48,8.0 126,2.0 
14,2.0 17,2.0 49,8.0 66,2.0 125,4.0 126,2.0 
12,2.0 50,5.0 74,2.0 75,2.0 113,2.0 124,2.0 227,1.0 
51,5.0 52,5.0 
8,1.0 13,1.0 14,1.0 17,5.0 52,6.0 53,7.0 54,6.0 95,2.0 96,2.0 106,2.0 144,2.0 168,1.0 
17,5.0 51,6.0 53,6.0 54,6.0 95,1.0 96,1.0 106,1.0 144,1.0 
17,5.0 28,7.0 54,6.0 55,6.0 61,2.0 95,2.0 96,2.0 
1,4.0 8,5.0 11,2.0 17,5.0 28,9.0 35,6.0 53,6.0 55,6.0 61,1.0 63,2.0 72,2.0 74,1.0 85,5.0 87,4.0 95,1.0 96,1.0 164,1.0 166,4.0 169,5.0 
1,2.0 6,2.0 13,4.0 14,1.0 17,8.0 28,8.0 32,8.0 33,1.0 39,2.0 55,2.0 56,8.0 61,6.0 63,4.0 65,2.0 66,6.0 87,2.0 106,1.0 159,1.0 166,2.0 168,2.0 183,1.0 192,1.0 195,2.0 
3,4.0 4,2.0 6,2.0 8,4.0 12,2.0 13,18.0 14,25.0 15,1.0 17,18.0 28,1.0 32,12.0 33,6.0 42,5.0 57,9.0 63,1.0 73,10.0 74,11.0 75,15.0 76,10.0 77,5.0 78,5.0 79,5.0 89,1.0 90,1.0 106,2.0 108,2.0 109,2.0 159,2.0 170,1.0 173,4.0 177,2.0 178,1.0 179,1.0 200,2.0 201,2.0 203,2.0 204,2.0 213,2.0 220,1.0 221,1.0 
2,1.0 3,1.0 4,1.0 8,3.0 13,4.0 14,13.0 17,5.0 32,2.0 33,7.0 35,5.0 40,8.0 41,7.0 58,7.0 59,8.0 64,1.0 66,2.0 72,5.0 144,1.0 165,3.0 168,1.0 185,1.0 186,1.0 195,1.0 211,1.0 212,1.0 
3,1.0 4,1.0 15,1.0 33,2.0 40,2.0 41,5.0 59,7.0 60,7.0 61,7.0 
8,1.0 17,2.0 28,1.0 33,5.0 35,1.0 40,4.0 41,8.0 58,7.0 60,8.0 61,9.0 65,1.0 66,1.0 183,1.0 223,1.0 224,1.0 
3,8.0 4,7.0 8,3.0 13,1.0 17,6.0 32,1.0 33,1.0 35,1.0 40,2.0 41,2.0 42,1.0 44,1.0 45,1.0 56,1.0 61,10.0 71,5.0 
1,2.0 3,10.0 4,7.0 8,5.0 9,4.0 11,4.0 12,2.0 13,4.0 16,4.0 17,12.0 28,14.0 32,5.0 33,4.0 35,4.0 39,4.0 40,4.0 41,6.0 44,1.0 45,1.0 55,6.0 56,5.0 57,2.0 60,10.0 61,2.0 63,15.0 64,5.0 65,6.0 66,16.0 68,1.0 74,3.0 87,4.0 100,2.0 115,2.0 129,2.0 149,2.0 150,2.0 165,2.0 166,4.0 168,1.0 170,2.0 173,3.0 175,2.0 184,1.0 195,2.0 200,1.0 201,1.0 209,2.0 210,2.0 
20,5.0 22,5.0 24,5.0 
1,4.0 3,7.0 12,2.0 13,11.0 14,5.0 15,1.0 28,13.0 32,6.0 35,1.0 39,6.0 40,1.0 41,1.0 55,4.0 56,1.0 57,2.0 60,5.0 61,16.0 64,10.0 65,5.0 66,18.0 68,6.0 69,5.0 70,5.0 72,2.0 74,3.0 75,1.0 80,5.0 81,5.0 87,4.0 97,1.0 115,2.0 165,2.0 166,4.0 168,5.0 184,1.0 199,2.0 209,2.0 210,2.0 
5,4.0 8,1.0 13,1.0 14,2.0 17,3.0 32,2.0 33,4.0 61,5.0 63,10.0 65,11.0 66,16.0 69,5.0 70,5.0 178,1.0 179,1.0 195,1.0 202,4.0 
0,1.0 1,3.0 12,3.0 14,1.0 20,2.0 28,2.0 33,2.0 56,2.0 57,1.0 59,1.0 66,26.0 67,5.0 74,2.0 87,2.0 106,1.0 128,2.0 160,3.0 173,2.0 183,2.0 193,1.0 194,1.0 203,2.0 205,2.0 211,2.0 212,2.0 
0,1.0 1,3.0 3,5.0 7,1.0 8,8.0 12,1.0 14,19.0 16,4.0 17,16.0 20,2.0 22,2.0 28,15.0 29,1.0 31,2.0 32,2.0 33,2.0 42,4.0 55,5.0 56,2.0 57,5.0 61,10.0 63,13.0 64,6.0 65,22.0 66,5.0 67,5.0 69,5.0 70,5.0 71,2.0 74,8.0 87,2.0 106,1.0 111,2.0 128,3.0 148,2.0 149,2.0 150,2.0 155,2.0 156,2.0 160,2.0 163,2.0 165,2.0 168,1.0 173,2.0 195,2.0 196,2.0 203,2.0 205,2.0 208,2.0 211,2.0 212,2.0 236,1.0 237,1.0 
14,5.0 63,5.0 68,7.0 84,2.0 95,2.0 96,2.0 106,2.0 169,2.0 
3,5.0 14,5.0 61,2.0 63,7.0 66,5.0 68,1.0 70,2.0 95,2.0 96,2.0 168,1.0 169,2.0 184,2.0 198,2.0 
63,5.0 64,5.0 66,5.0 70,5.0 
28,5.0 32,2.0 63,7.0 66,5.0 198,2.0 199,2.0 
8,2.0 14,1.0 17,5.0 42,1.0 55,1.0 57,5.0 61,1.0 66,2.0 68,1.0 72,5.0 160,1.0 168,1.0 193,1.0 194,1.0 
7,7.0 28,2.0 32,2.0 35,5.0 40,5.0 57,5.0 63,2.0 73,7.0 100,2.0 118,2.0 153,2.0 191,1.0 
7,7.0 8,5.0 13,5.0 17,10.0 33,2.0 42,10.0 56,10.0 72,7.0 74,5.0 75,5.0 78,12.0 79,5.0 82,5.0 100,2.0 118,2.0 153,2.0 191,1.0 
3,2.0 8,2.0 12,3.0 13,14.0 17,1.0 22,2.0 28,16.0 29,1.0 30,1.0 32,2.0 35,2.0 40,1.0 41,1.0 42,2.0 56,5.0 61,3.0 63,1.0 64,1.0 66,6.0 74,3.0 75,18.0 76,11.0 83,5.0 106,1.0 156,2.0 163,2.0 171,2.0 172,2.0 173,2.0 196,2.0 236,1.0 
12,3.0 13,2.0 17,5.0 56,10.0 73,5.0 74,20.0 76,7.0 77,5.0 78,5.0 83,5.0 106,1.0 172,2.0 
13,9.0 14,5.0 56,10.0 65,2.0 66,2.0 74,9.0 75,10.0 77,5.0 78,2.0 159,2.0 163,2.0 171,2.0 
17,5.0 56,5.0 73,5.0 75,5.0 78,5.0 
8,5.0 17,10.0 33,2.0 42,10.0 56,5.0 65,2.0 66,2.0 73,12.0 76,2.0 79,5.0 82,5.0 159,2.0 
42,6.0 44,1.0 45,1.0 63,5.0 
17,5.0 73,5.0 78,5.0 81,5.0 82,5.0 
17,5.0 73,5.0 78,5.0 80,5.0 82,5.0 
5,1.0 7,1.0 8,6.0 13,1.0 14,1.0 17,5.0 42,5.0 73,5.0 78,5.0 87,1.0 166,1.0 220,1.0 
44,10.0 131,2.0 
54,6.0 67,2.0 68,2.0 95,2.0 96,2.0 106,2.0 169,2.0 
8,5.0 35,5.0 86,5.0 
8,5.0 42,5.0 87,1.0 166,1.0 220,1.0 
1,14.0 5,2.0 7,2.0 8,2.0 11,4.0 13,2.0 14,2.0 28,2.0 30,1.0 39,9.0 48,2.0 54,2.0 56,1.0 61,2.0 82,2.0 86,1.0 87,2.0 88,3.0 89,3.0 90,3.0 92,2.0 93,2.0 129,4.0 147,4.0 160,4.0 161,2.0 164,2.0 166,20.0 169,4.0 170,2.0 220,8.0 233,1.0 
39,3.0 87,3.0 89,3.0 90,3.0 92,2.0 93,2.0 
0,1.0 1,1.0 33,1.0 39,2.0 40,1.0 41,1.0 87,2.0 88,2.0 90,4.0 92,2.0 93,2.0 217,1.0 
0,1.0 1,1.0 33,1.0 39,2.0 40,1.0 41,1.0 87,2.0 88,2.0 89,4.0 92,2.0 93,2.0 217,1.0 
3,1.0 4,1.0 
93,2.0 94,2.0 
92,2.0 94,2.0 95,2.0 
95,2.0 
17,2.0 28,2.0 33,2.0 42,2.0 53,2.0 54,1.0 55,1.0 61,2.0 68,2.0 70,2.0 93,2.0 96,6.0 145,2.0 169,2.0 187,1.0 188,1.0 189,1.0 198,2.0 
7,2.0 8,2.0 17,2.0 28,2.0 33,2.0 35,2.0 53,2.0 54,1.0 55,1.0 61,4.0 66,1.0 68,2.0 70,2.0 72,2.0 73,4.0 78,2.0 95,6.0 97,2.0 145,2.0 169,2.0 198,2.0 
8,2.0 12,2.0 28,1.0 61,2.0 63,3.0 65,2.0 66,1.0 74,3.0 75,2.0 114,2.0 209,2.0 
8,2.0 10,1.0 99,1.0 148,1.0 172,1.0 230,1.0 231,1.0 
10,1.0 11,1.0 16,1.0 100,2.0 102,2.0 230,1.0 
12,1.0 13,2.0 28,2.0 40,2.0 74,2.0 76,2.0 98,1.0 101,2.0 102,2.0 112,2.0 117,2.0 148,1.0 154,1.0 
28,2.0 40,2.0 102,2.0 
14,2.0 26,2.0 28,4.0 41,2.0 42,2.0 56,2.0 108,2.0 113,2.0 
8,2.0 104,2.0 
8,2.0 102,2.0 105,2.0 
14,4.0 28,2.0 40,2.0 56,4.0 
51,2.0 52,1.0 53,2.0 54,1.0 67,2.0 68,2.0 84,2.0 95,6.0 96,6.0 97,1.0 107,2.0 112,2.0 144,4.0 164,2.0 169,2.0 
8,4.0 
14,2.0 56,2.0 109,2.0 
7,2.0 42,2.0 72,2.0 73,2.0 
8,2.0 111,2.0 
8,2.0 105,2.0 162,2.0 
8,2.0 14,2.0 17,2.0 66,2.0 
12,2.0 28,2.0 41,2.0 51,2.0 52,1.0 97,2.0 106,2.0 114,4.0 144,2.0 
42,2.0 61,4.0 63,2.0 97,2.0 209,2.0 
8,2.0 65,2.0 66,2.0 116,2.0 210,2.0 
8,2.0 12,1.0 105,2.0 163,1.0 
17,2.0 32,2.0 118,2.0 
17,2.0 32,2.0 119,2.0 207,2.0 
120,2.0 
121,2.0 
122,2.0 
123,2.0 
49,2.0 
125,2.0 205,2.0 
48,2.0 49,2.0 126,2.0 151,2.0 205,2.0 
48,4.0 127,2.0 205,2.0 
46,2.0 
14,1.0 17,1.0 46,1.0 129,2.0 181,3.0 
46,4.0 130,2.0 167,4.0 
83,2.0 
132,2.0 
1,2.0 133,2.0 
132,2.0 134,2.0 
135,2.0 
136,2.0 
137,2.0 
138,2.0 
139,2.0 
140,2.0 
141,2.0 
142,2.0 
143,2.0 
106,2.0 144,2.0 
51,2.0 52,1.0 53,2.0 54,1.0 95,5.0 96,4.0 106,4.0 185,1.0 186,1.0 187,1.0 188,1.0 
17,4.0 33,4.0 
17,2.0 33,2.0 65,2.0 147,2.0 
17,2.0 33,2.0 39,4.0 65,2.0 146,2.0 
10,1.0 15,2.0 98,1.0 99,1.0 231,1.0 
28,2.0 61,2.0 66,2.0 150,2.0 
151,4.0 
7,2.0 72,2.0 73,2.0 150,2.0 152,2.0 206,2.0 
76,2.0 78,2.0 151,2.0 159,2.0 
154,2.0 
14,2.0 17,2.0 66,2.0 98,1.0 100,1.0 155,2.0 
14,2.0 17,2.0 66,2.0 156,2.0 
157,4.0 
152,2.0 158,2.0 
28,2.0 74,2.0 
5,2.0 14,1.0 33,2.0 55,1.0 64,2.0 65,3.0 66,2.0 76,2.0 78,2.0 183,1.0 202,2.0 204,2.0 
1,4.0 48,2.0 55,1.0 61,1.0 66,1.0 71,2.0 87,4.0 160,1.0 161,2.0 193,3.0 194,3.0 
1,2.0 87,2.0 160,2.0 
14,2.0 17,2.0 66,2.0 
9,1.0 12,1.0 15,1.0 16,2.0 97,2.0 100,1.0 109,2.0 116,1.0 154,1.0 
3,3.0 13,3.0 14,1.0 28,1.0 47,2.0 55,1.0 57,1.0 61,4.0 63,4.0 66,2.0 74,1.0 159,1.0 165,1.0 169,1.0 
5,1.0 14,2.0 17,2.0 32,2.0 57,3.0 66,2.0 144,1.0 180,1.0 185,1.0 186,1.0 
1,10.0 5,2.0 7,2.0 8,2.0 11,4.0 13,3.0 14,2.0 28,3.0 30,1.0 39,7.0 54,2.0 56,1.0 61,2.0 74,1.0 82,2.0 86,1.0 87,20.0 129,4.0 147,4.0 164,2.0 166,2.0 169,4.0 170,2.0 218,2.0 220,8.0 233,1.0 235,2.0 
11,3.0 13,8.0 16,3.0 28,4.0 55,4.0 63,8.0 
1,2.0 3,1.0 8,1.0 13,1.0 14,1.0 51,1.0 54,5.0 68,1.0 71,1.0 87,2.0 166,2.0 
1,2.0 57,1.0 68,2.0 70,2.0 87,2.0 95,2.0 96,2.0 164,6.0 165,1.0 166,2.0 198,2.0 
11,2.0 14,3.0 28,2.0 33,1.0 39,2.0 40,1.0 41,1.0 59,1.0 61,2.0 67,2.0 84,2.0 87,2.0 106,2.0 129,2.0 166,2.0 
74,2.0 75,2.0 
10,1.0 98,1.0 100,2.0 
13,1.0 14,1.0 32,1.0 34,2.0 35,2.0 56,4.0 89,1.0 90,1.0 159,2.0 174,2.0 200,4.0 201,4.0 203,2.0 204,2.0 
96,2.0 
17,2.0 35,2.0 40,2.0 41,2.0 61,2.0 
1,2.0 40,2.0 41,2.0 
3,2.0 4,2.0 14,2.0 56,2.0 178,1.0 179,1.0 
64,1.0 165,1.0 178,4.0 179,10.0 180,1.0 
64,1.0 165,1.0 178,10.0 179,4.0 180,1.0 
5,1.0 165,1.0 
18,2.0 26,1.0 28,2.0 66,2.0 74,2.0 128,1.0 
96,1.0 
59,1.0 65,2.0 66,1.0 160,1.0 193,1.0 194,1.0 
61,1.0 63,1.0 68,1.0 168,1.0 
95,1.0 144,1.0 186,1.0 187,1.0 188,1.0 
95,1.0 144,1.0 185,1.0 187,1.0 188,1.0 
95,1.0 188,1.0 189,1.0 
95,1.0 187,1.0 189,1.0 
21,1.0 
7,1.0 72,1.0 73,1.0 
22,1.0 
55,1.0 106,1.0 
17,1.0 33,1.0 40,1.0 41,1.0 55,1.0 59,1.0 61,1.0 66,1.0 71,2.0 160,3.0 193,1.0 194,3.0 222,1.0 
55,1.0 61,1.0 66,1.0 71,2.0 160,3.0 193,3.0 194,1.0 
8,1.0 13,1.0 14,1.0 17,1.0 55,1.0 61,1.0 64,1.0 65,2.0 66,3.0 
29,1.0 65,2.0 66,2.0 236,1.0 
63,1.0 97,2.0 
32,2.0 63,2.0 70,2.0 199,2.0 
3,2.0 13,2.0 32,2.0 63,2.0 
13,1.0 14,1.0 32,1.0 34,2.0 35,2.0 56,2.0 89,1.0 90,1.0 173,4.0 201,4.0 
13,1.0 14,1.0 32,1.0 34,2.0 35,2.0 56,2.0 89,1.0 90,1.0 173,4.0 200,4.0 
5,4.0 33,4.0 64,4.0 65,4.0 66,4.0 
56,2.0 159,2.0 173,2.0 204,2.0 
5,2.0 33,2.0 64,2.0 159,2.0 202,2.0 
14,2.0 17,2.0 125,4.0 126,2.0 
163,2.0 
14,2.0 17,2.0 66,2.0 
114,2.0 
61,2.0 63,2.0 115,2.0 210,2.0 
65,2.0 66,2.0 115,2.0 
0,1.0 1,1.0 2,1.0 14,2.0 17,1.0 33,3.0 40,1.0 41,1.0 57,2.0 212,2.0 
0,1.0 1,1.0 2,1.0 14,2.0 17,1.0 33,3.0 40,1.0 41,1.0 57,2.0 211,2.0 
214,2.0 
215,2.0 
216,2.0 
133,2.0 
8,1.0 33,2.0 40,2.0 41,2.0 42,1.0 44,2.0 61,1.0 79,1.0 
13,1.0 17,1.0 28,1.0 32,1.0 33,1.0 39,1.0 56,1.0 74,1.0 166,2.0 219,1.0 235,2.0 
17,1.0 32,1.0 33,1.0 56,1.0 218,1.0 
5,2.0 7,2.0 8,2.0 13,2.0 14,2.0 30,1.0 56,1.0 82,2.0 86,1.0 87,8.0 166,8.0 193,1.0 220,2.0 221,1.0 222,1.0 233,1.0 
193,1.0 220,1.0 222,1.0 
17,1.0 33,1.0 40,1.0 41,1.0 59,1.0 193,1.0 
224,1.0 225,1.0 226,1.0 
223,1.0 225,1.0 226,1.0 
32,1.0 56,1.0 173,1.0 200,1.0 201,1.0 226,1.0 
32,1.0 56,1.0 173,1.0 200,1.0 201,1.0 225,1.0 
228,1.0 229,1.0 
15,1.0 16,1.0 163,1.0 229,1.0 
163,1.0 228,1.0 
16,1.0 99,1.0 
11,1.0 16,1.0 
15,1.0 58,1.0 
8,1.0 13,1.0 14,1.0 30,1.0 
166,1.0 218,1.0 235,1.0 
13,1.0 28,1.0 39,1.0 74,1.0 166,2.0 218,2.0 
29,1.0 65,1.0 66,1.0 196,1.0 
7,1.0 8,2.0 14,1.0 42,1.0 66,1.0 
