0,1.0 1,4.0 2,3.0 3,3.0 4,3.0 61,3.0 62,4.0 
0,2.0 2,7.0 3,2.0 4,2.0 12,3.0 28,3.0 29,3.0 30,3.0 58,2.0 62,1.0 63,1.0 119,2.0 
0,2.0 1,6.0 3,2.0 4,2.0 7,2.0 25,2.0 57,2.0 58,2.0 62,1.0 63,2.0 64,2.0 65,2.0 66,2.0 97,1.0 119,2.0 
4,3.0 5,3.0 6,3.0 7,3.0 8,3.0 9,3.0 10,3.0 
3,3.0 5,3.0 6,3.0 7,3.0 8,3.0 9,3.0 10,3.0 
6,3.0 7,3.0 8,9.0 9,9.0 10,3.0 11,3.0 12,6.0 25,15.0 28,3.0 43,6.0 45,6.0 53,6.0 54,3.0 
5,3.0 6,20.0 7,3.0 8,3.0 9,3.0 10,3.0 11,3.0 12,3.0 20,2.0 25,2.0 40,2.0 43,4.0 44,2.0 56,6.0 57,92.0 65,74.0 71,2.0 72,2.0 74,2.0 80,4.0 82,2.0 85,2.0 88,2.0 93,4.0 95,2.0 102,8.0 104,2.0 113,2.0 116,2.0 117,4.0 118,4.0 
5,3.0 6,3.0 8,3.0 9,3.0 10,3.0 11,3.0 12,5.0 25,5.0 55,3.0 56,3.0 57,9.0 62,2.0 64,2.0 65,6.0 66,2.0 67,2.0 68,2.0 
0,3.0 5,9.0 6,3.0 7,3.0 8,15.0 9,15.0 10,3.0 11,3.0 12,3.0 15,21.0 16,80.0 19,12.0 20,25.0 25,18.0 26,12.0 27,3.0 40,4.0 42,4.0 43,3.0 53,3.0 58,11.0 59,3.0 60,6.0 61,3.0 62,3.0 64,2.0 65,56.0 66,8.0 71,2.0 72,2.0 74,4.0 82,2.0 90,2.0 91,4.0 93,6.0 94,2.0 99,4.0 106,4.0 121,6.0 
1,3.0 5,6.0 6,3.0 7,3.0 8,12.0 10,3.0 11,3.0 12,6.0 15,6.0 20,6.0 25,3.0 28,3.0 29,3.0 
5,3.0 6,3.0 7,3.0 8,3.0 9,3.0 11,3.0 12,3.0 
12,3.0 13,3.0 14,3.0 
1,3.0 7,2.0 11,3.0 13,3.0 14,3.0 28,6.0 29,3.0 30,6.0 54,3.0 57,2.0 65,2.0 68,2.0 77,2.0 78,2.0 79,2.0 
14,3.0 15,3.0 16,3.0 17,3.0 18,3.0 19,3.0 
13,3.0 15,3.0 16,3.0 17,3.0 18,3.0 19,3.0 
8,24.0 9,6.0 15,3.0 16,3.0 17,3.0 18,3.0 19,15.0 20,30.0 40,6.0 58,3.0 59,3.0 
8,83.0 15,6.0 16,12.0 17,3.0 18,3.0 19,3.0 20,9.0 23,2.0 25,2.0 26,4.0 40,6.0 42,4.0 58,8.0 64,2.0 65,56.0 66,8.0 71,2.0 72,8.0 73,2.0 74,6.0 76,2.0 82,2.0 90,2.0 91,4.0 93,6.0 94,2.0 99,4.0 106,4.0 121,6.0 
8,3.0 15,6.0 16,3.0 18,3.0 19,3.0 20,3.0 
8,3.0 15,6.0 16,3.0 17,3.0 19,3.0 20,3.0 
5,3.0 8,12.0 15,9.0 16,3.0 17,3.0 18,3.0 20,6.0 21,3.0 22,3.0 23,3.0 25,6.0 26,3.0 
7,3.0 8,23.0 9,6.0 15,21.0 16,10.0 19,12.0 20,14.0 40,62.0 41,6.0 42,12.0 43,6.0 44,6.0 47,12.0 48,6.0 49,9.0 50,3.0 55,3.0 58,3.0 59,3.0 64,2.0 65,4.0 71,2.0 72,14.0 
22,6.0 23,6.0 24,6.0 
21,6.0 23,6.0 24,6.0 
21,6.0 22,6.0 24,6.0 73,4.0 74,4.0 75,4.0 96,2.0 
8,3.0 15,3.0 20,3.0 21,3.0 22,3.0 23,3.0 101,2.0 102,2.0 110,4.0 
0,3.0 5,15.0 6,2.0 7,2.0 8,18.0 9,6.0 12,3.0 15,6.0 25,27.0 26,16.0 27,3.0 28,3.0 40,57.0 42,3.0 43,9.0 46,12.0 48,3.0 51,3.0 52,3.0 53,6.0 54,3.0 56,3.0 57,7.0 60,6.0 61,3.0 62,3.0 64,2.0 65,8.0 66,2.0 67,2.0 68,2.0 72,4.0 
0,3.0 6,2.0 8,12.0 25,16.0 26,3.0 27,3.0 43,3.0 60,6.0 61,3.0 62,3.0 65,4.0 72,6.0 76,2.0 
8,3.0 15,3.0 20,3.0 
1,3.0 12,6.0 29,3.0 30,6.0 54,3.0 
1,3.0 12,3.0 28,3.0 30,3.0 
31,6.0 
32,6.0 
33,6.0 
34,6.0 35,6.0 
35,6.0 36,6.0 
34,6.0 36,6.0 
37,6.0 
38,6.0 
39,6.0 
20,6.0 40,6.0 
7,3.0 8,5.0 15,6.0 16,10.0 20,60.0 25,54.0 40,36.0 41,6.0 42,12.0 43,12.0 44,6.0 46,12.0 47,12.0 48,6.0 49,9.0 50,3.0 52,3.0 55,3.0 65,6.0 72,12.0 
20,6.0 40,6.0 42,6.0 80,2.0 
5,6.0 8,7.0 15,3.0 16,4.0 20,9.0 40,6.0 43,16.0 44,2.0 58,9.0 65,6.0 75,2.0 81,2.0 108,2.0 
5,6.0 6,6.0 8,8.0 16,2.0 20,6.0 25,18.0 26,6.0 40,18.0 44,8.0 45,6.0 57,6.0 60,3.0 65,6.0 80,6.0 81,2.0 111,2.0 112,2.0 
6,4.0 8,4.0 16,4.0 20,6.0 40,6.0 42,6.0 43,2.0 57,4.0 65,10.0 75,2.0 112,2.0 
25,6.0 40,6.0 43,6.0 
15,6.0 25,6.0 40,6.0 
20,12.0 40,12.0 48,3.0 49,3.0 
20,3.0 25,3.0 40,6.0 49,3.0 50,3.0 51,3.0 52,3.0 
7,3.0 20,3.0 25,3.0 40,3.0 48,3.0 50,3.0 51,3.0 55,3.0 
25,3.0 48,3.0 49,3.0 51,3.0 
25,3.0 40,3.0 48,3.0 52,3.0 
8,3.0 40,3.0 
5,9.0 6,2.0 25,9.0 57,2.0 
12,3.0 28,3.0 30,3.0 
7,3.0 25,3.0 56,3.0 57,3.0 
25,3.0 42,3.0 57,3.0 65,6.0 
6,92.0 7,6.0 12,2.0 25,7.0 42,3.0 43,4.0 44,2.0 56,9.0 57,20.0 62,2.0 64,2.0 65,80.0 66,2.0 67,2.0 68,2.0 71,2.0 74,2.0 80,4.0 82,2.0 85,2.0 88,2.0 93,4.0 95,2.0 102,8.0 104,2.0 113,2.0 116,2.0 117,4.0 118,4.0 
8,9.0 15,3.0 16,6.0 20,3.0 59,3.0 65,4.0 75,2.0 80,4.0 98,6.0 107,2.0 
8,3.0 25,3.0 26,3.0 43,3.0 
0,3.0 8,3.0 25,3.0 26,3.0 61,3.0 62,3.0 
0,4.0 1,2.0 2,1.0 62,4.0 
0,4.0 1,4.0 2,5.0 61,3.0 62,1.0 63,2.0 97,1.0 
2,2.0 7,2.0 25,2.0 57,2.0 64,2.0 65,2.0 66,2.0 
7,2.0 8,2.0 16,2.0 20,4.0 25,2.0 40,2.0 57,2.0 65,2.0 66,2.0 67,2.0 68,2.0 71,2.0 72,2.0 
6,74.0 7,6.0 8,58.0 12,4.0 16,58.0 20,4.0 23,2.0 25,6.0 26,2.0 40,6.0 41,2.0 42,4.0 44,2.0 53,2.0 57,80.0 58,8.0 62,2.0 64,2.0 65,32.0 66,8.0 67,2.0 68,4.0 71,2.0 72,6.0 74,4.0 77,2.0 78,2.0 80,6.0 82,4.0 83,2.0 86,2.0 90,2.0 91,2.0 92,2.0 93,12.0 94,2.0 98,2.0 99,4.0 102,8.0 104,2.0 106,4.0 113,2.0 116,2.0 117,4.0 118,4.0 119,2.0 120,4.0 122,2.0 
7,2.0 8,2.0 16,2.0 25,2.0 43,4.0 57,2.0 64,2.0 65,6.0 67,2.0 68,2.0 100,4.0 
68,2.0 69,2.0 70,2.0 
12,2.0 67,2.0 69,2.0 70,2.0 77,2.0 78,2.0 79,2.0 
8,2.0 16,2.0 20,2.0 64,2.0 70,2.0 71,2.0 
8,2.0 16,2.0 20,2.0 64,2.0 69,2.0 71,2.0 
8,2.0 16,2.0 20,4.0 40,2.0 42,4.0 64,2.0 72,2.0 105,2.0 
6,2.0 16,8.0 20,12.0 25,4.0 26,6.0 40,12.0 65,8.0 76,2.0 
23,4.0 74,4.0 75,4.0 
23,4.0 73,4.0 75,4.0 93,4.0 95,2.0 108,2.0 
20,2.0 23,2.0 40,2.0 42,2.0 72,2.0 73,2.0 74,4.0 93,2.0 99,2.0 107,2.0 109,2.0 
6,2.0 26,2.0 72,2.0 
12,2.0 68,2.0 78,2.0 79,2.0 
12,2.0 68,2.0 77,2.0 79,2.0 
8,2.0 16,2.0 
6,8.0 8,2.0 16,2.0 57,8.0 65,10.0 103,6.0 108,2.0 111,2.0 
43,2.0 65,2.0 
6,2.0 8,2.0 16,2.0 57,2.0 65,4.0 111,2.0 
84,2.0 
6,2.0 57,2.0 65,2.0 
84,2.0 
87,2.0 
6,2.0 57,2.0 
89,2.0 
65,2.0 
8,2.0 16,2.0 65,2.0 
8,2.0 16,2.0 65,4.0 
44,2.0 
6,2.0 8,4.0 16,4.0 42,6.0 43,4.0 44,2.0 57,2.0 65,8.0 75,2.0 94,2.0 107,2.0 
6,2.0 8,2.0 16,2.0 57,2.0 65,2.0 96,2.0 
65,2.0 93,2.0 
7,2.0 8,2.0 16,2.0 57,2.0 65,4.0 
0,1.0 2,1.0 62,1.0 124,1.0 
65,2.0 71,4.0 75,2.0 123,2.0 
44,4.0 108,2.0 
24,2.0 101,4.0 
6,4.0 57,4.0 65,4.0 110,2.0 
6,8.0 57,8.0 65,8.0 109,2.0 110,2.0 
6,2.0 57,2.0 66,4.0 111,2.0 
93,2.0 
94,2.0 
8,4.0 16,4.0 65,4.0 
42,2.0 75,2.0 98,2.0 
44,2.0 58,2.0 93,2.0 103,2.0 111,2.0 113,2.0 
110,6.0 
24,4.0 80,2.0 100,2.0 102,2.0 109,4.0 
43,2.0 44,2.0 108,2.0 112,2.0 113,2.0 116,2.0 
43,2.0 80,2.0 82,2.0 
6,2.0 57,2.0 65,2.0 111,2.0 114,4.0 115,4.0 
108,2.0 113,2.0 
113,4.0 
8,4.0 16,4.0 65,4.0 
6,4.0 57,4.0 65,4.0 
1,3.0 2,3.0 97,1.0 124,1.0 
6,4.0 57,4.0 
8,4.0 16,4.0 
65,6.0 
8,2.0 16,2.0 
8,2.0 16,2.0 
0,1.0 97,1.0 
