0,3.0 1,31.0 2,23.0 3,18.0 4,11.0 5,5.0 10,2.0 14,3.0 15,3.0 16,3.0 17,5.0 18,9.0 19,3.0 52,2.0 61,6.0 113,3.0 119,2.0 141,8.0 159,2.0 167,2.0 191,4.0 256,2.0 
0,28.0 1,4.0 2,27.0 3,51.0 4,12.0 5,6.0 10,2.0 11,27.0 12,30.0 13,18.0 14,12.0 16,12.0 18,6.0 19,3.0 24,4.0 26,3.0 34,4.0 35,22.0 44,6.0 48,27.0 55,4.0 66,6.0 69,6.0 73,4.0 74,4.0 75,6.0 77,6.0 78,4.0 84,4.0 85,6.0 86,4.0 96,6.0 105,8.0 107,3.0 109,3.0 111,3.0 113,3.0 115,3.0 117,3.0 130,4.0 141,72.0 142,4.0 144,4.0 148,4.0 151,4.0 152,4.0 154,4.0 157,4.0 159,4.0 162,4.0 163,4.0 167,2.0 182,2.0 191,4.0 217,2.0 249,1.0 
0,23.0 1,27.0 3,15.0 4,18.0 5,6.0 9,6.0 18,3.0 24,3.0 35,6.0 52,12.0 53,6.0 57,6.0 61,6.0 63,6.0 77,6.0 85,6.0 113,3.0 115,3.0 
0,13.0 1,37.0 2,7.0 3,20.0 4,21.0 5,6.0 11,6.0 12,54.0 14,6.0 15,3.0 16,15.0 17,50.0 35,12.0 36,6.0 40,6.0 43,6.0 52,2.0 55,4.0 64,3.0 68,4.0 73,6.0 74,6.0 75,6.0 78,4.0 82,3.0 95,4.0 96,4.0 105,7.0 106,6.0 118,2.0 119,20.0 120,3.0 122,3.0 123,4.0 124,3.0 127,4.0 139,1.0 140,1.0 159,2.0 162,4.0 163,8.0 164,8.0 165,4.0 166,4.0 169,4.0 173,4.0 174,2.0 177,4.0 254,2.0 256,2.0 
0,6.0 1,13.0 2,13.0 3,21.0 4,1.0 5,6.0 9,6.0 11,6.0 12,6.0 14,6.0 40,6.0 64,3.0 71,6.0 105,7.0 106,6.0 139,1.0 140,1.0 174,2.0 
6,6.0 7,6.0 88,6.0 89,6.0 90,6.0 
5,12.0 7,6.0 8,6.0 87,6.0 
6,6.0 8,6.0 
9,6.0 
10,6.0 31,6.0 
0,2.0 1,8.0 11,6.0 12,6.0 16,4.0 35,4.0 141,2.0 177,4.0 
1,27.0 12,15.0 13,18.0 14,12.0 26,3.0 44,6.0 117,3.0 
1,30.0 3,48.0 11,15.0 12,4.0 13,12.0 14,12.0 16,20.0 17,68.0 26,3.0 38,8.0 48,15.0 61,4.0 68,4.0 69,8.0 95,4.0 96,10.0 107,3.0 109,3.0 111,3.0 117,3.0 123,4.0 127,4.0 129,4.0 130,8.0 163,4.0 164,8.0 165,4.0 166,4.0 169,4.0 173,4.0 174,4.0 177,4.0 
0,12.0 1,12.0 2,12.0 3,3.0 4,3.0 14,12.0 17,14.0 39,6.0 41,4.0 43,6.0 44,4.0 49,6.0 56,6.0 59,6.0 105,4.0 141,12.0 149,4.0 151,2.0 
0,16.0 1,19.0 2,13.0 3,10.0 4,10.0 11,6.0 13,12.0 17,3.0 64,3.0 105,7.0 106,6.0 139,1.0 140,1.0 141,2.0 250,2.0 
0,3.0 14,3.0 16,3.0 
0,3.0 1,12.0 3,12.0 10,4.0 12,20.0 14,3.0 15,3.0 17,22.0 35,4.0 38,8.0 48,2.0 55,4.0 61,4.0 69,8.0 78,4.0 129,4.0 130,8.0 162,4.0 163,4.0 174,4.0 177,4.0 194,2.0 215,4.0 216,4.0 243,2.0 
0,8.0 1,3.0 3,50.0 12,68.0 13,14.0 16,22.0 17,4.0 18,3.0 37,16.0 38,14.0 41,4.0 44,4.0 48,2.0 61,4.0 68,4.0 69,8.0 95,4.0 96,4.0 105,4.0 123,4.0 127,4.0 129,4.0 130,8.0 141,12.0 147,2.0 149,4.0 151,2.0 163,4.0 164,8.0 165,4.0 166,4.0 169,4.0 173,4.0 174,4.0 177,4.0 194,2.0 222,2.0 226,2.0 232,2.0 237,2.0 243,2.0 256,2.0 
0,6.0 1,6.0 2,3.0 19,3.0 21,3.0 23,3.0 24,5.0 113,3.0 143,2.0 247,2.0 252,2.0 253,2.0 255,2.0 
20,3.0 
18,3.0 21,3.0 23,3.0 24,3.0 196,8.0 246,2.0 
20,2.0 22,3.0 25,3.0 26,3.0 27,3.0 28,3.0 
20,7.0 193,4.0 
18,3.0 21,3.0 24,3.0 45,6.0 82,6.0 83,6.0 84,6.0 
1,3.0 2,3.0 18,5.0 21,3.0 23,3.0 105,1.0 115,3.0 139,1.0 140,1.0 143,2.0 217,3.0 218,2.0 255,2.0 
26,3.0 27,3.0 28,3.0 29,3.0 30,3.0 45,6.0 46,6.0 57,3.0 61,6.0 128,6.0 130,3.0 
1,3.0 11,3.0 12,3.0 25,3.0 27,3.0 28,3.0 29,3.0 30,3.0 117,3.0 
25,3.0 26,3.0 28,12.0 29,3.0 30,3.0 59,6.0 61,6.0 104,6.0 
25,3.0 26,3.0 27,12.0 29,3.0 30,3.0 59,6.0 61,6.0 104,6.0 166,2.0 196,2.0 248,4.0 249,2.0 
2,3.0 4,3.0 30,3.0 
2,3.0 4,3.0 29,3.0 
32,6.0 95,8.0 
33,6.0 113,3.0 220,2.0 
34,6.0 147,2.0 
1,6.0 3,6.0 35,6.0 144,8.0 171,4.0 219,2.0 
1,22.0 2,6.0 3,24.0 10,4.0 16,4.0 24,1.0 63,6.0 75,6.0 177,4.0 182,2.0 217,2.0 249,1.0 
17,6.0 37,6.0 
17,16.0 38,6.0 147,2.0 222,2.0 226,2.0 232,2.0 237,2.0 
39,14.0 61,4.0 68,4.0 130,4.0 189,4.0 
3,6.0 12,8.0 16,8.0 17,8.0 61,6.0 68,7.0 112,8.0 139,8.0 177,4.0 189,12.0 206,4.0 
1,6.0 3,6.0 13,8.0 17,8.0 35,6.0 41,20.0 42,6.0 87,8.0 141,8.0 198,2.0 
1,8.0 3,8.0 4,6.0 16,8.0 40,28.0 49,2.0 67,4.0 78,20.0 120,8.0 152,2.0 258,2.0 259,2.0 260,2.0 261,2.0 262,2.0 263,2.0 
41,10.0 61,6.0 64,6.0 75,4.0 76,4.0 154,32.0 264,2.0 
1,6.0 11,6.0 44,6.0 
0,4.0 1,4.0 13,6.0 25,6.0 45,6.0 105,4.0 141,4.0 148,4.0 152,8.0 193,8.0 203,12.0 204,8.0 211,4.0 
23,6.0 25,6.0 46,6.0 82,10.0 83,10.0 84,6.0 150,4.0 214,4.0 
47,6.0 
48,6.0 
1,27.0 12,15.0 13,6.0 16,2.0 17,2.0 66,6.0 69,6.0 96,6.0 107,3.0 109,3.0 111,3.0 194,2.0 243,2.0 
1,4.0 16,4.0 41,2.0 50,6.0 78,2.0 141,4.0 174,2.0 213,2.0 215,4.0 
1,4.0 51,12.0 141,4.0 213,4.0 
2,6.0 45,4.0 52,6.0 54,2.0 82,4.0 83,4.0 105,4.0 193,4.0 203,4.0 212,4.0 214,4.0 
0,2.0 2,12.0 3,2.0 53,6.0 57,6.0 119,2.0 159,2.0 
54,6.0 
18,2.0 24,2.0 55,6.0 142,4.0 148,10.0 160,4.0 255,2.0 
1,4.0 13,6.0 54,6.0 141,4.0 160,4.0 
2,6.0 52,6.0 
39,3.0 58,6.0 
13,6.0 
3,6.0 4,6.0 14,6.0 60,6.0 96,6.0 97,6.0 98,6.0 99,6.0 100,6.0 105,6.0 106,6.0 
14,6.0 
2,6.0 25,3.0 27,3.0 28,3.0 35,6.0 38,4.0 39,4.0 61,15.0 62,6.0 63,12.0 64,6.0 65,6.0 68,4.0 128,3.0 129,3.0 141,2.0 219,2.0 
55,2.0 63,6.0 64,2.0 
12,4.0 16,4.0 17,4.0 42,6.0 108,12.0 125,6.0 126,6.0 139,4.0 
1,3.0 12,3.0 48,3.0 55,2.0 61,6.0 62,2.0 65,12.0 70,6.0 
1,6.0 48,6.0 68,6.0 
67,6.0 
1,4.0 64,6.0 73,6.0 141,4.0 
1,6.0 3,4.0 12,8.0 16,4.0 17,8.0 39,4.0 48,6.0 116,3.0 163,4.0 
25,3.0 63,4.0 70,6.0 128,3.0 129,4.0 130,7.0 139,8.0 189,4.0 
64,6.0 71,6.0 264,2.0 265,28.0 266,2.0 267,2.0 268,2.0 
4,6.0 72,6.0 73,6.0 
71,6.0 
3,12.0 42,8.0 73,6.0 74,6.0 75,6.0 77,12.0 80,4.0 
42,4.0 73,6.0 76,4.0 78,6.0 
1,10.0 35,6.0 76,6.0 77,6.0 141,4.0 
1,4.0 75,6.0 78,4.0 141,4.0 
3,6.0 78,6.0 80,6.0 84,12.0 
1,4.0 41,30.0 49,2.0 77,6.0 79,6.0 86,4.0 141,4.0 258,2.0 259,2.0 260,2.0 261,2.0 262,2.0 
67,6.0 
81,6.0 105,4.0 
1,4.0 23,6.0 45,6.0 82,6.0 83,6.0 141,4.0 
3,3.0 23,6.0 45,10.0 83,10.0 84,6.0 119,3.0 150,4.0 214,4.0 
23,6.0 45,10.0 82,10.0 84,6.0 150,4.0 214,4.0 
1,6.0 2,6.0 73,6.0 85,6.0 86,12.0 120,4.0 155,8.0 
1,6.0 2,6.0 77,6.0 
41,4.0 84,8.0 87,18.0 263,2.0 
3,7.0 12,4.0 17,4.0 41,2.0 42,4.0 84,6.0 88,18.0 119,3.0 121,3.0 149,2.0 264,2.0 
6,18.0 86,6.0 
90,6.0 91,6.0 92,6.0 
89,6.0 91,6.0 92,6.0 
92,6.0 93,6.0 
91,6.0 93,6.0 
94,6.0 
95,6.0 
3,4.0 12,4.0 17,4.0 31,4.0 59,6.0 180,4.0 
97,6.0 98,6.0 99,6.0 100,6.0 101,6.0 102,6.0 103,6.0 108,10.0 132,3.0 
2,3.0 4,3.0 96,6.0 98,6.0 99,6.0 100,6.0 101,6.0 102,6.0 103,6.0 
96,6.0 97,6.0 99,9.0 100,6.0 101,6.0 102,6.0 103,6.0 
96,6.0 97,6.0 98,6.0 100,9.0 101,6.0 102,6.0 103,6.0 
96,6.0 97,6.0 98,6.0 99,6.0 101,6.0 102,6.0 103,6.0 135,3.0 
27,6.0 28,6.0 102,6.0 103,6.0 104,6.0 
27,6.0 28,6.0 101,6.0 103,6.0 104,6.0 
27,6.0 28,6.0 101,6.0 102,6.0 104,6.0 
27,6.0 28,6.0 59,6.0 
0,5.0 1,13.0 2,1.0 3,7.0 4,7.0 14,6.0 41,4.0 44,4.0 64,3.0 105,1.0 106,6.0 112,2.0 130,4.0 139,3.0 140,5.0 141,12.0 148,2.0 150,4.0 155,6.0 
0,1.0 1,1.0 2,1.0 3,7.0 4,7.0 14,6.0 64,3.0 105,7.0 139,1.0 140,1.0 
1,3.0 12,3.0 48,3.0 
0,6.0 1,9.0 2,6.0 3,4.0 12,13.0 17,4.0 25,3.0 27,3.0 28,3.0 48,9.0 61,6.0 110,3.0 120,6.0 127,6.0 128,3.0 141,2.0 
108,3.0 110,3.0 
1,3.0 12,3.0 48,3.0 108,3.0 183,4.0 184,4.0 185,4.0 
112,3.0 
0,3.0 1,5.0 2,3.0 17,2.0 18,3.0 37,2.0 39,8.0 105,2.0 139,8.0 141,2.0 177,4.0 189,8.0 206,4.0 
32,3.0 114,3.0 115,3.0 
113,3.0 
116,3.0 118,3.0 141,2.0 
1,3.0 11,3.0 12,3.0 26,3.0 131,3.0 
1,3.0 2,3.0 24,3.0 
3,5.0 119,3.0 254,2.0 
0,2.0 3,20.0 52,2.0 82,3.0 119,3.0 120,3.0 122,3.0 124,3.0 159,2.0 
1,4.0 40,4.0 61,6.0 78,2.0 87,3.0 127,6.0 141,4.0 174,2.0 198,2.0 
87,7.0 
123,3.0 
3,3.0 119,3.0 133,3.0 141,4.0 
61,3.0 
108,6.0 126,6.0 
108,6.0 125,6.0 
61,6.0 120,6.0 179,4.0 
25,6.0 57,3.0 61,6.0 130,3.0 
63,4.0 69,7.0 139,4.0 
1,4.0 25,3.0 38,4.0 39,4.0 57,3.0 69,4.0 128,3.0 139,4.0 141,4.0 189,8.0 
96,3.0 
123,3.0 
134,3.0 
98,3.0 
97,3.0 136,3.0 
137,3.0 
138,3.0 
135,3.0 
1,2.0 12,8.0 16,8.0 17,8.0 39,8.0 63,4.0 105,2.0 112,8.0 140,2.0 141,2.0 177,4.0 189,12.0 206,4.0 
1,2.0 105,4.0 139,2.0 141,2.0 148,2.0 
0,8.0 1,76.0 10,2.0 13,12.0 14,2.0 17,12.0 34,6.0 35,4.0 41,4.0 44,4.0 73,4.0 74,4.0 84,4.0 86,4.0 105,12.0 130,4.0 141,4.0 142,6.0 144,4.0 148,4.0 149,6.0 151,4.0 152,4.0 154,4.0 155,2.0 157,4.0 159,4.0 167,2.0 181,4.0 182,4.0 191,4.0 218,2.0 219,2.0 220,2.0 223,2.0 229,2.0 234,2.0 240,2.0 250,2.0 
54,4.0 62,2.0 64,2.0 143,4.0 148,4.0 159,4.0 160,6.0 
55,4.0 142,2.0 
145,12.0 147,4.0 
1,4.0 141,4.0 146,4.0 156,4.0 
34,4.0 
1,4.0 33,2.0 115,2.0 141,4.0 
0,2.0 3,2.0 44,4.0 50,4.0 51,4.0 52,2.0 54,4.0 119,2.0 142,4.0 149,4.0 150,8.0 160,4.0 176,6.0 203,4.0 204,4.0 211,4.0 
51,4.0 105,2.0 140,2.0 148,2.0 159,4.0 202,6.0 
0,2.0 1,2.0 10,4.0 16,4.0 35,4.0 44,4.0 49,4.0 141,2.0 148,12.0 151,2.0 176,4.0 177,6.0 193,4.0 203,8.0 204,8.0 
3,4.0 12,4.0 17,4.0 44,4.0 50,4.0 150,10.0 152,2.0 153,4.0 193,4.0 198,4.0 199,4.0 200,4.0 201,4.0 203,4.0 251,2.0 
54,4.0 78,2.0 142,4.0 148,4.0 151,12.0 202,14.0 205,8.0 
1,4.0 141,4.0 205,2.0 
40,2.0 70,28.0 86,4.0 173,2.0 264,2.0 266,2.0 267,2.0 
73,8.0 81,4.0 179,8.0 
144,4.0 
158,4.0 
74,4.0 
1,4.0 3,4.0 16,4.0 49,2.0 78,2.0 141,2.0 149,2.0 160,6.0 161,4.0 174,8.0 190,4.0 218,2.0 
3,2.0 4,2.0 55,4.0 159,10.0 174,2.0 
78,4.0 
3,4.0 12,4.0 17,4.0 163,4.0 193,4.0 203,4.0 213,4.0 
3,8.0 12,8.0 17,8.0 68,4.0 162,4.0 164,2.0 173,2.0 176,4.0 
3,4.0 12,4.0 17,4.0 163,2.0 165,4.0 173,2.0 
3,4.0 12,4.0 17,4.0 
160,2.0 167,4.0 
142,2.0 168,4.0 
3,4.0 12,4.0 17,4.0 
170,4.0 172,4.0 
34,4.0 
169,4.0 
3,4.0 12,4.0 17,4.0 
151,4.0 174,4.0 176,2.0 206,4.0 
13,4.0 17,4.0 105,4.0 141,4.0 148,2.0 159,4.0 163,2.0 164,2.0 175,4.0 190,4.0 205,6.0 
163,4.0 
0,2.0 3,2.0 17,2.0 39,4.0 112,4.0 139,4.0 148,4.0 150,6.0 173,4.0 177,6.0 178,4.0 189,4.0 
105,2.0 141,2.0 150,2.0 151,4.0 162,4.0 176,6.0 193,4.0 203,4.0 205,4.0 208,4.0 209,4.0 210,4.0 213,2.0 
3,4.0 12,4.0 17,4.0 151,2.0 
13,2.0 17,2.0 121,4.0 141,2.0 155,4.0 
31,4.0 
110,4.0 182,4.0 183,4.0 
24,2.0 110,4.0 181,4.0 183,4.0 217,2.0 
110,4.0 184,4.0 185,4.0 
185,4.0 186,4.0 
184,4.0 186,4.0 
187,4.0 188,4.0 
12,4.0 16,4.0 17,4.0 188,4.0 
12,4.0 16,4.0 17,4.0 187,4.0 
12,8.0 16,8.0 17,8.0 39,12.0 112,8.0 139,12.0 177,4.0 206,4.0 
13,4.0 17,4.0 141,4.0 174,4.0 
192,4.0 
193,4.0 
20,4.0 44,8.0 50,4.0 151,4.0 152,8.0 162,4.0 194,4.0 203,20.0 204,8.0 212,4.0 213,4.0 
195,4.0 244,2.0 
22,8.0 
197,10.0 
28,2.0 152,4.0 198,4.0 199,4.0 200,4.0 201,4.0 202,8.0 248,2.0 249,2.0 
40,2.0 87,2.0 150,4.0 152,4.0 199,8.0 200,8.0 201,8.0 202,4.0 
150,4.0 152,4.0 198,8.0 200,8.0 201,8.0 202,4.0 
150,4.0 152,4.0 198,8.0 199,8.0 201,8.0 202,4.0 
150,4.0 152,4.0 198,8.0 199,8.0 200,8.0 202,4.0 
14,2.0 40,2.0 44,4.0 49,2.0 141,2.0 151,4.0 152,8.0 173,2.0 174,2.0 178,2.0 193,4.0 197,2.0 202,4.0 203,4.0 204,4.0 206,2.0 
44,12.0 50,4.0 148,4.0 151,4.0 152,8.0 162,4.0 193,20.0 204,12.0 211,4.0 212,4.0 213,4.0 
44,8.0 148,4.0 151,4.0 152,4.0 193,8.0 203,12.0 211,4.0 
3,2.0 39,4.0 41,2.0 49,4.0 50,2.0 112,4.0 118,2.0 139,4.0 149,2.0 152,4.0 159,2.0 189,4.0 206,6.0 
18,2.0 42,2.0 49,2.0 149,2.0 195,4.0 202,2.0 205,2.0 207,4.0 208,4.0 209,4.0 210,4.0 252,2.0 253,2.0 
205,4.0 208,4.0 209,4.0 210,4.0 
176,4.0 205,4.0 207,4.0 209,8.0 210,8.0 
176,4.0 205,4.0 207,4.0 208,8.0 210,8.0 
61,2.0 176,4.0 205,4.0 207,4.0 208,8.0 209,8.0 
176,4.0 
50,4.0 193,4.0 203,4.0 
152,4.0 177,6.0 205,2.0 
45,4.0 82,4.0 83,4.0 150,4.0 
16,4.0 216,4.0 
141,4.0 
1,1.0 2,1.0 3,1.0 4,1.0 24,3.0 105,1.0 139,1.0 140,1.0 218,2.0 249,1.0 
141,2.0 149,2.0 210,2.0 
34,2.0 112,2.0 141,2.0 
32,2.0 221,2.0 222,2.0 
17,2.0 37,2.0 
108,2.0 220,2.0 
224,2.0 225,2.0 
223,2.0 
17,2.0 37,2.0 
227,2.0 228,2.0 
226,2.0 
141,2.0 
230,2.0 231,2.0 232,2.0 
229,2.0 
17,2.0 37,2.0 
229,2.0 233,2.0 
141,2.0 
235,2.0 236,2.0 
234,2.0 
17,2.0 37,2.0 
238,2.0 239,2.0 
237,2.0 
141,2.0 
241,2.0 
242,2.0 
16,2.0 17,2.0 48,2.0 243,2.0 
16,2.0 17,2.0 48,2.0 194,2.0 
245,2.0 
21,2.0 
247,2.0 
202,2.0 206,4.0 
28,4.0 166,2.0 196,2.0 249,2.0 
1,1.0 2,1.0 3,1.0 4,1.0 28,2.0 196,2.0 217,1.0 248,2.0 
197,2.0 
28,2.0 248,2.0 
18,2.0 247,2.0 253,2.0 
18,2.0 247,2.0 252,2.0 
153,2.0 
18,2.0 24,2.0 143,2.0 
257,2.0 
142,2.0 
41,2.0 78,2.0 259,2.0 260,2.0 261,2.0 262,2.0 
49,2.0 78,2.0 260,2.0 261,2.0 262,2.0 
49,2.0 78,2.0 259,2.0 261,2.0 262,2.0 
49,2.0 78,2.0 259,2.0 260,2.0 262,2.0 
49,2.0 78,2.0 259,2.0 260,2.0 261,2.0 
41,2.0 120,2.0 
42,2.0 70,2.0 154,2.0 265,2.0 268,2.0 
42,26.0 105,2.0 112,2.0 268,2.0 
70,2.0 265,2.0 
70,2.0 265,2.0 
105,2.0 112,2.0 265,2.0 
