1,1.0 2,1.0 3,1.0 4,1.0 5,1.0 6,1.0 7,1.0 8,1.0 9,1.0 10,1.0 11,1.0 12,1.0 
0,1.0 2,1.0 3,1.0 4,1.0 5,1.0 6,1.0 7,1.0 8,1.0 9,1.0 10,1.0 11,1.0 12,1.0 
0,1.0 1,1.0 3,1.0 4,1.0 5,1.0 6,1.0 7,1.0 8,1.0 9,1.0 10,1.0 11,1.0 12,1.0 
0,1.0 1,1.0 2,1.0 4,1.0 5,1.0 6,1.0 7,1.0 8,1.0 9,1.0 10,1.0 11,1.0 12,1.0 
0,1.0 1,1.0 2,1.0 3,1.0 5,1.0 6,1.0 7,6.0 8,1.0 9,1.0 10,1.0 11,1.0 12,1.0 56,5.0 57,5.0 77,5.0 102,5.0 161,4.0 162,5.0 
0,1.0 1,1.0 2,1.0 3,1.0 4,1.0 6,1.0 7,1.0 8,1.0 9,1.0 10,1.0 11,1.0 12,1.0 47,2.0 52,2.0 79,2.0 124,2.0 
0,1.0 1,1.0 2,1.0 3,1.0 4,1.0 5,1.0 7,1.0 8,1.0 9,1.0 10,1.0 11,1.0 12,1.0 
4,5.0 8,1.0 9,1.0 10,1.0 11,1.0 12,1.0 13,1.0 14,1.0 56,5.0 57,5.0 77,5.0 102,5.0 161,4.0 162,5.0 
7,1.0 9,1.0 10,1.0 11,1.0 12,1.0 13,1.0 14,1.0 
7,1.0 8,1.0 10,1.0 11,1.0 12,1.0 13,1.0 14,1.0 
7,1.0 8,1.0 9,1.0 11,1.0 12,1.0 13,1.0 14,1.0 
7,1.0 8,1.0 9,1.0 10,1.0 12,1.0 13,1.0 14,1.0 
7,1.0 8,1.0 9,1.0 10,1.0 11,1.0 13,1.0 14,1.0 
14,10.0 15,10.0 28,5.0 98,3.0 
13,13.0 15,13.0 20,2.0 24,6.0 28,5.0 45,5.0 46,6.0 52,1.0 95,5.0 99,8.0 101,5.0 103,6.0 174,3.0 176,3.0 177,2.0 181,3.0 182,3.0 183,9.0 184,3.0 185,3.0 186,3.0 220,1.0 285,1.0 286,1.0 
14,3.0 16,10.0 18,1.0 23,3.0 24,4.0 27,3.0 37,14.0 45,12.0 46,14.0 48,1.0 52,1.0 55,5.0 73,1.0 79,4.0 81,1.0 98,3.0 99,1.0 103,3.0 124,4.0 179,2.0 216,2.0 218,2.0 257,1.0 
17,10.0 18,1.0 37,4.0 52,1.0 103,2.0 177,2.0 179,2.0 181,2.0 217,3.0 
14,5.0 15,1.0 18,18.0 20,2.0 27,3.0 90,1.0 95,7.0 96,6.0 97,1.0 101,5.0 103,1.0 144,1.0 180,1.0 
5,2.0 15,1.0 19,48.0 20,2.0 23,5.0 24,5.0 27,7.0 29,6.0 37,29.0 38,6.0 40,9.0 41,9.0 43,3.0 46,1.0 48,5.0 49,1.0 52,16.0 60,6.0 61,6.0 65,3.0 66,6.0 79,2.0 81,5.0 95,1.0 97,1.0 98,4.0 99,7.0 100,5.0 101,5.0 102,5.0 105,3.0 106,6.0 124,2.0 141,2.0 144,1.0 154,3.0 170,1.0 174,6.0 175,3.0 188,3.0 222,2.0 278,1.0 334,1.0 
14,4.0 17,5.0 18,9.0 20,24.0 23,5.0 24,9.0 25,10.0 26,10.0 27,7.0 28,2.0 29,5.0 37,26.0 45,1.0 48,15.0 49,6.0 52,11.0 81,11.0 90,3.0 95,1.0 97,2.0 98,8.0 102,5.0 103,10.0 105,29.0 111,2.0 144,2.0 149,1.0 174,2.0 177,1.0 179,10.0 181,1.0 186,3.0 187,3.0 201,1.0 219,2.0 223,2.0 242,2.0 283,1.0 287,1.0 295,1.0 334,1.0 335,1.0 
14,1.0 17,2.0 18,9.0 19,4.0 21,10.0 22,10.0 23,10.0 24,18.0 27,20.0 28,7.0 30,2.0 48,3.0 52,3.0 56,5.0 59,1.0 83,3.0 88,1.0 95,9.0 96,5.0 97,4.0 100,1.0 103,1.0 108,5.0 144,4.0 149,1.0 170,1.0 172,3.0 177,1.0 183,4.0 194,3.0 278,1.0 285,1.0 334,1.0 
22,10.0 23,10.0 24,10.0 72,1.0 92,1.0 110,10.0 125,10.0 130,11.0 148,1.0 271,1.0 
21,10.0 23,10.0 24,10.0 
15,4.0 19,13.0 20,1.0 21,10.0 22,10.0 24,23.0 27,14.0 28,1.0 29,1.0 31,3.0 32,4.0 35,3.0 37,6.0 42,2.0 45,3.0 48,15.0 49,5.0 52,10.0 61,3.0 81,1.0 94,5.0 95,6.0 96,5.0 97,1.0 103,3.0 105,1.0 106,1.0 125,1.0 144,1.0 183,5.0 188,5.0 200,1.0 250,4.0 253,2.0 255,2.0 
14,7.0 15,2.0 18,18.0 19,24.0 20,3.0 25,10.0 26,10.0 27,9.0 28,1.0 30,1.0 32,9.0 35,3.0 36,12.0 37,12.0 42,3.0 45,4.0 47,5.0 48,15.0 49,6.0 52,5.0 56,5.0 81,2.0 83,3.0 95,6.0 96,5.0 97,2.0 99,3.0 103,6.0 105,5.0 106,2.0 109,5.0 110,5.0 111,5.0 177,1.0 181,1.0 183,9.0 184,5.0 188,3.0 189,3.0 191,6.0 201,3.0 218,1.0 230,2.0 257,1.0 258,1.0 283,1.0 
19,10.0 20,10.0 26,10.0 154,5.0 155,5.0 
16,4.0 19,10.0 20,10.0 24,6.0 25,10.0 26,2.0 31,5.0 36,2.0 37,5.0 40,5.0 47,20.0 48,7.0 49,5.0 52,6.0 53,1.0 54,3.0 58,5.0 63,1.0 71,2.0 72,2.0 73,15.0 79,9.0 81,5.0 82,5.0 83,5.0 86,1.0 88,5.0 92,2.0 104,1.0 105,2.0 108,1.0 110,1.0 124,1.0 125,1.0 129,1.0 160,3.0 170,4.0 174,2.0 177,3.0 200,1.0 216,16.0 217,5.0 220,2.0 221,4.0 222,2.0 224,2.0 231,2.0 232,2.0 278,2.0 279,1.0 280,1.0 281,1.0 
13,5.0 14,5.0 15,6.0 17,2.0 18,6.0 19,8.0 20,12.0 23,15.0 24,10.0 26,5.0 27,3.0 28,12.0 29,6.0 30,14.0 32,7.0 35,1.0 36,3.0 37,14.0 42,3.0 48,15.0 49,17.0 52,3.0 53,10.0 54,10.0 63,3.0 73,2.0 88,5.0 90,5.0 91,6.0 94,5.0 95,10.0 96,5.0 97,5.0 99,1.0 103,7.0 106,2.0 107,5.0 123,1.0 124,1.0 125,1.0 144,5.0 149,1.0 167,2.0 177,7.0 179,5.0 181,3.0 183,2.0 189,3.0 200,1.0 218,1.0 287,1.0 288,1.0 334,1.0 
13,5.0 14,5.0 15,10.0 18,3.0 19,1.0 20,9.0 23,6.0 24,7.0 27,11.0 29,5.0 30,3.0 32,5.0 33,6.0 34,5.0 35,10.0 36,1.0 37,7.0 39,6.0 40,2.0 45,5.0 48,6.0 52,3.0 55,5.0 56,5.0 57,5.0 58,5.0 60,1.0 79,5.0 81,7.0 88,2.0 92,5.0 93,5.0 94,5.0 95,2.0 97,3.0 111,1.0 124,4.0 136,1.0 141,1.0 144,3.0 149,1.0 183,4.0 189,6.0 248,2.0 249,4.0 254,2.0 289,1.0 335,2.0 
17,5.0 19,6.0 20,5.0 23,1.0 28,1.0 30,10.0 31,10.0 32,1.0 35,15.0 37,15.0 40,20.0 41,5.0 43,5.0 48,5.0 56,5.0 77,5.0 97,5.0 102,5.0 113,10.0 116,5.0 118,5.0 122,5.0 123,6.0 124,5.0 125,5.0 126,5.0 127,5.0 128,5.0 129,5.0 144,11.0 145,10.0 
20,1.0 24,1.0 27,10.0 28,13.0 29,5.0 31,10.0 32,5.0 33,5.0 34,5.0 35,5.0 37,4.0 38,5.0 40,1.0 43,2.0 52,1.0 59,3.0 73,10.0 74,5.0 78,5.0 81,10.0 84,10.0 85,5.0 86,5.0 87,5.0 90,1.0 92,5.0 93,5.0 95,2.0 97,2.0 100,1.0 106,5.0 113,5.0 114,5.0 115,5.0 141,1.0 144,3.0 181,3.0 195,1.0 223,1.0 336,1.0 
13,3.0 14,3.0 19,3.0 24,2.0 28,5.0 30,5.0 32,16.0 34,9.0 35,3.0 36,18.0 38,3.0 39,8.0 41,2.0 42,6.0 48,4.0 49,10.0 53,3.0 56,5.0 57,8.0 60,5.0 65,3.0 66,1.0 74,5.0 78,6.0 79,8.0 80,6.0 81,7.0 83,3.0 89,5.0 90,1.0 99,21.0 111,3.0 116,3.0 118,3.0 119,3.0 181,2.0 195,3.0 196,3.0 197,3.0 203,6.0 204,6.0 205,6.0 206,6.0 223,1.0 
18,6.0 19,1.0 23,4.0 24,12.0 27,3.0 28,3.0 29,1.0 30,11.0 31,16.0 32,2.0 35,6.0 36,12.0 37,7.0 38,3.0 40,1.0 41,3.0 42,4.0 48,6.0 49,9.0 52,3.0 54,3.0 65,3.0 80,5.0 85,5.0 86,5.0 95,1.0 97,1.0 103,2.0 123,1.0 189,3.0 201,3.0 236,2.0 
15,5.0 30,1.0 34,20.0 35,5.0 36,6.0 38,5.0 39,5.0 41,5.0 42,5.0 44,5.0 45,5.0 97,1.0 
15,5.0 27,1.0 30,5.0 33,20.0 35,5.0 36,10.0 37,6.0 38,5.0 39,11.0 41,8.0 42,5.0 44,5.0 45,5.0 57,5.0 77,1.0 78,1.0 90,1.0 95,3.0 116,3.0 117,1.0 118,3.0 119,3.0 195,3.0 196,3.0 197,3.0 212,1.0 213,1.0 214,1.0 215,1.0 
24,3.0 27,3.0 28,8.0 29,10.0 30,5.0 31,8.0 32,12.0 33,5.0 34,10.0 36,14.0 37,13.0 38,6.0 39,5.0 40,4.0 41,6.0 42,3.0 45,2.0 49,4.0 52,3.0 54,3.0 56,5.0 57,5.0 61,5.0 65,1.0 74,5.0 75,5.0 79,5.0 81,1.0 86,3.0 113,5.0 189,4.0 191,1.0 193,3.0 
14,3.0 20,1.0 23,3.0 24,10.0 26,3.0 27,4.0 28,1.0 29,5.0 30,8.0 31,8.0 32,11.0 33,1.0 34,5.0 35,9.0 36,1.0 37,6.0 38,4.0 40,2.0 41,3.0 42,6.0 43,1.0 45,6.0 48,6.0 49,11.0 52,3.0 54,1.0 59,5.0 65,3.0 73,1.0 79,5.0 86,3.0 89,5.0 90,5.0 91,1.0 95,1.0 97,2.0 103,2.0 124,4.0 129,6.0 160,9.0 189,3.0 193,3.0 200,3.0 201,1.0 216,2.0 221,2.0 222,2.0 237,4.0 241,2.0 257,1.0 258,1.0 259,1.0 260,1.0 261,1.0 288,1.0 
15,7.0 18,29.0 19,26.0 20,9.0 23,6.0 24,6.0 26,29.0 27,16.0 28,14.0 29,10.0 30,21.0 32,7.0 33,5.0 34,5.0 35,12.0 36,3.0 39,6.0 40,14.0 41,5.0 42,1.0 43,1.0 45,2.0 48,6.0 49,1.0 52,18.0 61,2.0 65,1.0 73,16.0 74,5.0 75,5.0 76,5.0 77,5.0 79,9.0 81,12.0 83,3.0 84,10.0 90,4.0 95,2.0 97,2.0 98,2.0 103,3.0 105,26.0 111,3.0 112,5.0 124,5.0 141,1.0 144,3.0 179,5.0 181,4.0 183,2.0 190,6.0 216,16.0 218,5.0 219,3.0 256,1.0 257,1.0 289,1.0 290,1.0 291,1.0 
26,5.0 30,1.0 31,6.0 32,3.0 33,5.0 34,5.0 35,3.0 36,4.0 37,7.0 39,5.0 40,9.0 41,3.0 42,9.0 43,1.0 61,13.0 65,3.0 73,5.0 79,3.0 95,1.0 97,1.0 192,3.0 193,9.0 194,1.0 198,3.0 290,1.0 291,1.0 
19,6.0 24,9.0 27,4.0 28,6.0 29,5.0 32,3.0 34,6.0 36,2.0 37,13.0 40,6.0 43,1.0 61,1.0 66,1.0 78,1.0 81,12.0 90,1.0 95,1.0 97,1.0 112,5.0 160,1.0 201,1.0 
26,5.0 28,1.0 29,10.0 30,3.0 31,15.0 32,4.0 33,5.0 34,5.0 35,8.0 36,4.0 37,11.0 41,18.0 42,4.0 43,6.0 44,5.0 56,5.0 57,5.0 58,5.0 60,1.0 61,1.0 62,5.0 65,3.0 70,4.0 71,1.0 73,5.0 76,5.0 77,5.0 80,1.0 90,3.0 95,2.0 97,2.0 129,2.0 141,1.0 144,3.0 160,1.0 161,4.0 189,11.0 190,3.0 191,3.0 192,3.0 194,5.0 207,4.0 219,1.0 223,2.0 248,4.0 292,4.0 293,1.0 294,1.0 335,1.0 
29,5.0 31,10.0 33,5.0 34,5.0 35,10.0 36,3.0 38,3.0 39,1.0 40,23.0 41,5.0 42,8.0 43,5.0 65,3.0 66,1.0 67,5.0 68,5.0 69,5.0 70,5.0 71,5.0 72,5.0 86,3.0 189,6.0 
23,2.0 24,3.0 27,3.0 28,4.0 29,10.0 31,3.0 32,4.0 35,3.0 36,6.0 37,3.0 38,10.0 40,6.0 41,8.0 43,6.0 44,1.0 49,3.0 61,7.0 65,3.0 71,1.0 95,1.0 97,1.0 99,3.0 122,1.0 124,2.0 129,1.0 160,3.0 183,2.0 190,3.0 193,1.0 199,3.0 218,1.0 219,1.0 245,2.0 293,1.0 294,1.0 
29,5.0 30,1.0 35,3.0 36,1.0 37,2.0 38,5.0 39,1.0 40,11.0 59,1.0 61,7.0 65,6.0 70,5.0 71,5.0 72,5.0 95,2.0 97,2.0 144,3.0 194,4.0 336,1.0 
15,5.0 26,1.0 33,5.0 34,5.0 45,5.0 63,1.0 73,1.0 79,1.0 122,2.0 129,1.0 160,1.0 194,1.0 221,1.0 331,1.0 332,1.0 333,1.0 
15,10.0 17,3.0 19,7.0 23,9.0 24,5.0 35,2.0 36,6.0 37,2.0 46,10.0 48,2.0 49,2.0 55,5.0 81,4.0 86,2.0 90,1.0 95,1.0 96,6.0 99,5.0 103,5.0 124,8.0 129,6.0 160,2.0 175,3.0 178,3.0 180,2.0 181,1.0 189,2.0 219,2.0 223,2.0 230,2.0 237,6.0 241,2.0 
19,6.0 47,10.0 99,1.0 103,3.0 171,3.0 173,3.0 174,1.0 181,1.0 
18,26.0 23,10.0 24,5.0 37,26.0 48,5.0 52,11.0 81,5.0 
15,2.0 17,1.0 18,7.0 19,5.0 20,8.0 23,8.0 27,5.0 29,10.0 31,12.0 32,5.0 34,1.0 35,2.0 36,14.0 37,12.0 38,3.0 39,1.0 42,3.0 45,13.0 47,5.0 48,5.0 49,32.0 52,5.0 53,10.0 54,10.0 56,10.0 88,1.0 90,8.0 94,5.0 95,6.0 96,5.0 97,10.0 99,1.0 103,2.0 105,5.0 109,5.0 110,5.0 136,1.0 141,2.0 170,1.0 177,2.0 179,1.0 181,3.0 184,2.0 187,2.0 193,3.0 200,3.0 244,2.0 250,4.0 255,2.0 272,1.0 
14,3.0 18,3.0 19,6.0 20,5.0 23,3.0 24,6.0 26,5.0 27,5.0 28,11.0 31,32.0 32,7.0 35,4.0 36,11.0 38,3.0 41,3.0 42,3.0 45,2.0 50,10.0 51,10.0 52,10.0 53,3.0 59,3.0 81,2.0 86,2.0 88,5.0 90,5.0 95,5.0 96,5.0 99,4.0 108,5.0 124,2.0 179,3.0 181,1.0 189,1.0 203,6.0 204,6.0 205,6.0 206,6.0 236,2.0 
21,5.0 27,10.0 51,10.0 52,10.0 130,5.0 137,5.0 
27,10.0 50,10.0 52,10.0 
15,2.0 16,1.0 18,12.0 19,11.0 20,5.0 23,2.0 27,13.0 28,4.0 31,1.0 37,31.0 45,1.0 47,11.0 48,8.0 50,10.0 51,10.0 56,5.0 59,1.0 98,2.0 100,1.0 105,13.0 124,1.0 179,4.0 181,3.0 183,11.0 188,2.0 193,3.0 246,2.0 253,2.0 285,1.0 
24,3.0 36,3.0 48,10.0 49,13.0 54,12.0 71,1.0 73,2.0 79,2.0 86,11.0 92,11.0 104,1.0 108,1.0 133,5.0 141,5.0 170,2.0 200,1.0 207,1.0 211,1.0 272,2.0 273,1.0 274,1.0 276,1.0 277,1.0 
4,5.0 7,5.0 15,3.0 26,3.0 27,3.0 31,3.0 32,3.0 34,1.0 48,13.0 49,10.0 53,13.0 54,2.0 56,1.0 57,1.0 71,13.0 72,1.0 73,6.0 77,2.0 79,3.0 82,2.0 86,2.0 87,3.0 92,3.0 95,1.0 102,1.0 104,2.0 108,2.0 110,1.0 125,1.0 160,5.0 161,6.0 162,5.0 163,3.0 164,3.0 165,4.0 166,3.0 167,3.0 170,5.0 200,2.0 209,1.0 227,2.0 228,2.0 268,2.0 269,2.0 270,4.0 272,1.0 275,3.0 278,1.0 338,1.0 339,1.0 340,1.0 341,1.0 342,1.0 343,1.0 
15,5.0 45,5.0 46,5.0 
19,5.0 20,10.0 24,5.0 29,5.0 37,5.0 42,5.0 48,5.0 57,25.0 58,5.0 59,5.0 60,5.0 61,5.0 62,5.0 63,5.0 64,5.0 72,4.0 77,6.0 92,4.0 97,5.0 102,6.0 111,5.0 207,1.0 208,1.0 209,1.0 210,1.0 211,1.0 
34,5.0 37,5.0 41,3.0 42,5.0 56,25.0 58,5.0 59,5.0 60,5.0 61,5.0 62,5.0 63,5.0 64,5.0 72,4.0 77,6.0 92,4.0 95,2.0 102,5.0 116,3.0 117,1.0 118,3.0 119,3.0 195,3.0 196,3.0 197,3.0 207,1.0 208,1.0 212,1.0 213,1.0 214,1.0 215,1.0 
32,1.0 35,5.0 42,2.0 56,5.0 57,5.0 59,5.0 60,6.0 66,6.0 83,1.0 98,3.0 103,3.0 193,1.0 337,1.0 
29,5.0 31,8.0 35,5.0 40,3.0 41,1.0 42,3.0 45,2.0 48,1.0 52,1.0 73,2.0 100,1.0 195,1.0 240,2.0 336,1.0 
36,1.0 37,5.0 38,1.0 39,6.0 56,5.0 57,5.0 58,6.0 66,12.0 335,1.0 
35,1.0 37,7.0 38,12.0 39,1.0 40,8.0 42,16.0 43,3.0 56,5.0 57,5.0 65,1.0 66,5.0 70,4.0 95,2.0 97,2.0 144,2.0 161,4.0 194,3.0 207,4.0 248,4.0 292,4.0 333,1.0 
56,5.0 57,5.0 63,5.0 64,5.0 
18,3.0 26,2.0 27,2.0 54,1.0 64,5.0 65,5.0 71,1.0 72,1.0 73,2.0 79,1.0 92,1.0 106,3.0 111,2.0 129,1.0 160,1.0 170,1.0 221,1.0 
63,5.0 65,5.0 
31,3.0 35,4.0 38,3.0 40,3.0 41,3.0 42,3.0 43,6.0 61,5.0 189,1.0 191,1.0 193,3.0 
37,1.0 38,1.0 39,7.0 41,5.0 58,6.0 60,12.0 61,1.0 67,5.0 68,5.0 69,5.0 
41,10.0 68,5.0 69,5.0 
41,10.0 67,5.0 69,5.0 
41,10.0 67,5.0 68,5.0 
24,1.0 38,5.0 40,4.0 42,4.0 43,5.0 71,5.0 72,5.0 161,5.0 207,5.0 248,5.0 262,1.0 263,1.0 264,1.0 292,4.0 
4,5.0 7,5.0 14,3.0 15,3.0 26,1.0 38,5.0 40,1.0 43,5.0 53,1.0 54,13.0 70,5.0 72,6.0 73,2.0 79,1.0 82,2.0 86,1.0 92,5.0 104,1.0 108,1.0 129,1.0 161,4.0 162,5.0 163,3.0 164,3.0 165,4.0 166,3.0 167,3.0 168,3.0 169,3.0 170,6.0 194,1.0 200,1.0 219,1.0 268,2.0 269,2.0 270,2.0 275,1.0 293,1.0 294,1.0 338,1.0 339,1.0 340,1.0 341,1.0 342,1.0 343,1.0 
26,1.0 38,5.0 43,5.0 53,1.0 54,2.0 70,5.0 71,6.0 73,1.0 79,1.0 86,1.0 92,11.0 104,1.0 129,10.0 160,10.0 170,2.0 200,1.0 
13,1.0 14,1.0 26,18.0 30,10.0 32,5.0 36,1.0 40,5.0 45,2.0 47,6.0 52,6.0 53,2.0 54,4.0 58,5.0 59,2.0 63,1.0 71,3.0 72,2.0 73,1.0 79,3.0 81,5.0 84,10.0 86,1.0 92,3.0 104,1.0 108,1.0 110,1.0 124,1.0 125,1.0 129,1.0 160,2.0 165,1.0 167,2.0 170,4.0 200,1.0 211,1.0 221,1.0 231,2.0 240,2.0 272,1.0 275,1.0 276,1.0 277,1.0 278,1.0 279,1.0 280,1.0 281,1.0 338,1.0 339,1.0 340,1.0 341,1.0 342,1.0 343,1.0 
30,5.0 31,5.0 35,5.0 37,5.0 75,5.0 78,5.0 
35,5.0 37,5.0 74,5.0 
31,5.0 40,5.0 77,5.0 
29,5.0 31,5.0 34,1.0 40,5.0 56,6.0 57,6.0 72,4.0 76,5.0 92,4.0 95,1.0 102,6.0 116,5.0 118,5.0 122,5.0 123,5.0 124,5.0 125,5.0 126,5.0 127,5.0 128,5.0 129,5.0 207,1.0 208,1.0 209,1.0 210,1.0 211,1.0 212,3.0 213,1.0 218,2.0 231,2.0 
30,5.0 31,5.0 34,1.0 37,1.0 39,1.0 74,5.0 
5,2.0 15,2.0 26,11.0 28,5.0 31,3.0 32,8.0 34,1.0 36,6.0 42,3.0 47,9.0 49,5.0 52,5.0 53,2.0 54,3.0 57,1.0 63,1.0 71,2.0 72,1.0 73,4.0 79,1.0 81,6.0 82,5.0 86,2.0 89,5.0 92,2.0 95,1.0 104,1.0 108,2.0 110,6.0 117,1.0 124,7.0 125,6.0 126,1.0 127,1.0 129,2.0 134,5.0 135,5.0 136,5.0 160,4.0 161,1.0 170,4.0 200,1.0 207,1.0 218,1.0 221,4.0 272,1.0 273,1.0 274,1.0 278,2.0 282,1.0 
31,6.0 34,1.0 39,1.0 78,1.0 81,5.0 223,1.0 
15,2.0 18,11.0 19,11.0 23,4.0 24,8.0 26,5.0 27,1.0 28,6.0 30,5.0 36,5.0 37,12.0 39,6.0 45,1.0 47,5.0 58,1.0 59,3.0 82,10.0 83,12.0 87,5.0 98,1.0 103,5.0 105,5.0 111,3.0 181,1.0 189,1.0 
21,1.0 26,5.0 37,10.0 53,1.0 79,6.0 83,10.0 110,5.0 125,5.0 130,1.0 134,5.0 135,5.0 136,5.0 148,1.0 268,2.0 269,2.0 270,2.0 271,1.0 272,1.0 
18,6.0 23,1.0 26,5.0 32,2.0 37,10.0 42,1.0 58,4.0 82,10.0 83,3.0 98,1.0 111,6.0 180,3.0 
30,10.0 32,5.0 53,10.0 73,10.0 81,5.0 84,4.0 86,10.0 92,10.0 93,9.0 131,10.0 132,19.0 277,1.0 306,9.0 307,9.0 308,9.0 309,9.0 310,9.0 311,9.0 312,9.0 313,1.0 314,1.0 315,1.0 316,1.0 317,1.0 318,1.0 319,1.0 320,1.0 321,1.0 
30,5.0 81,5.0 86,5.0 
26,1.0 30,5.0 35,3.0 36,6.0 38,3.0 45,2.0 53,11.0 54,2.0 71,1.0 73,2.0 79,3.0 81,5.0 85,5.0 86,1.0 92,11.0 104,1.0 108,1.0 124,3.0 126,1.0 127,1.0 129,1.0 133,5.0 141,5.0 160,1.0 170,2.0 200,1.0 221,2.0 278,1.0 282,1.0 
15,3.0 27,8.0 30,5.0 54,3.0 
20,1.0 26,5.0 29,5.0 31,5.0 34,1.0 48,1.0 49,5.0 52,1.0 90,1.0 92,10.0 95,1.0 100,1.0 113,5.0 136,1.0 144,5.0 145,5.0 149,11.0 150,10.0 151,10.0 285,1.0 
36,5.0 49,5.0 79,5.0 
17,1.0 18,1.0 19,6.0 23,3.0 27,13.0 28,7.0 30,1.0 34,1.0 37,1.0 39,1.0 48,10.0 91,5.0 95,2.0 97,1.0 107,5.0 
27,6.0 29,1.0 30,5.0 32,1.0 123,1.0 288,1.0 
14,3.0 15,3.0 23,5.0 26,1.0 27,5.0 28,5.0 29,5.0 48,5.0 53,11.0 54,3.0 71,5.0 72,11.0 73,2.0 79,1.0 86,11.0 88,10.0 93,5.0 94,5.0 104,1.0 108,1.0 113,5.0 129,10.0 133,5.0 141,5.0 144,5.0 145,5.0 149,10.0 150,10.0 151,10.0 160,10.0 165,1.0 168,3.0 169,3.0 170,6.0 200,1.0 275,1.0 338,1.0 339,1.0 340,1.0 341,1.0 342,1.0 343,1.0 
23,5.0 27,5.0 28,5.0 48,5.0 84,9.0 92,5.0 93,4.0 94,5.0 132,9.0 277,1.0 306,9.0 307,9.0 308,9.0 309,9.0 310,9.0 311,9.0 312,9.0 313,1.0 314,1.0 315,1.0 316,1.0 317,1.0 318,1.0 319,1.0 320,1.0 321,1.0 
23,5.0 27,5.0 48,5.0 49,5.0 95,5.0 96,5.0 
14,5.0 17,2.0 18,2.0 19,7.0 20,5.0 24,5.0 27,12.0 28,3.0 30,3.0 34,3.0 37,3.0 40,3.0 43,3.0 45,5.0 49,5.0 57,2.0 61,2.0 77,1.0 90,1.0 96,11.0 97,11.0 101,5.0 117,1.0 194,1.0 212,1.0 213,1.0 214,1.0 215,1.0 
14,5.0 17,6.0 18,6.0 19,5.0 24,5.0 27,5.0 49,5.0 95,11.0 103,5.0 
17,1.0 18,1.0 19,2.0 20,11.0 24,1.0 27,6.0 28,3.0 29,5.0 30,4.0 33,1.0 36,1.0 37,3.0 40,3.0 43,3.0 48,5.0 56,5.0 61,2.0 95,11.0 194,1.0 283,1.0 
14,3.0 15,4.0 20,3.0 23,2.0 24,3.0 27,3.0 32,1.0 37,2.0 52,2.0 83,1.0 99,8.0 103,6.0 106,1.0 154,3.0 175,1.0 179,4.0 
17,5.0 18,8.0 19,1.0 20,3.0 23,5.0 31,3.0 36,3.0 46,1.0 49,4.0 81,1.0 96,5.0 98,3.0 100,5.0 101,5.0 103,6.0 104,5.0 105,11.0 106,6.0 170,1.0 174,4.0 179,6.0 181,2.0 202,24.0 272,1.0 
18,5.0 31,1.0 48,1.0 52,1.0 59,1.0 99,5.0 101,5.0 195,1.0 285,1.0 
14,5.0 18,5.0 45,5.0 95,5.0 99,5.0 100,5.0 
17,5.0 19,5.0 29,5.0 56,6.0 57,5.0 72,4.0 77,6.0 92,4.0 207,1.0 208,1.0 209,1.0 210,1.0 211,1.0 
14,20.0 15,6.0 16,1.0 20,1.0 23,3.0 24,1.0 26,2.0 27,3.0 32,4.0 36,2.0 37,3.0 45,5.0 46,3.0 49,8.0 54,3.0 87,3.0 90,6.0 96,5.0 98,6.0 99,3.0 105,1.0 111,3.0 173,3.0 176,3.0 177,5.0 179,5.0 181,2.0 185,3.0 187,3.0 188,3.0 189,3.0 202,6.0 216,2.0 221,2.0 222,2.0 278,1.0 283,1.0 284,1.0 296,1.0 
53,1.0 54,2.0 71,1.0 73,1.0 79,1.0 86,1.0 92,1.0 105,5.0 106,5.0 108,1.0 170,2.0 200,1.0 
18,4.0 19,1.0 26,28.0 37,26.0 45,3.0 49,6.0 73,5.0 79,5.0 104,5.0 106,5.0 111,1.0 174,1.0 176,3.0 178,3.0 179,1.0 188,2.0 202,6.0 216,11.0 222,2.0 223,2.0 224,2.0 
18,3.0 19,1.0 23,1.0 24,3.0 27,2.0 45,2.0 49,6.0 73,2.0 103,5.0 105,4.0 114,5.0 115,5.0 116,5.0 117,5.0 118,5.0 119,5.0 120,5.0 121,5.0 167,2.0 202,6.0 
27,5.0 49,5.0 
20,5.0 24,5.0 54,1.0 71,1.0 73,1.0 92,1.0 103,1.0 165,1.0 170,2.0 275,1.0 283,1.0 284,1.0 338,1.0 339,1.0 340,1.0 341,1.0 342,1.0 343,1.0 
31,5.0 36,5.0 48,5.0 110,5.0 
26,2.0 31,5.0 36,6.0 48,5.0 50,5.0 73,1.0 79,1.0 84,5.0 109,5.0 115,5.0 125,26.0 131,5.0 132,5.0 137,5.0 138,4.0 139,4.0 140,4.0 146,5.0 147,5.0 148,11.0 160,1.0 265,1.0 
14,3.0 18,6.0 19,5.0 24,2.0 27,5.0 36,1.0 56,5.0 63,2.0 81,3.0 83,6.0 103,4.0 179,1.0 185,3.0 335,1.0 
35,5.0 37,5.0 
30,5.0 106,5.0 110,10.0 114,5.0 115,10.0 125,10.0 145,15.0 146,5.0 147,5.0 152,5.0 153,5.0 
106,5.0 115,5.0 116,5.0 117,5.0 118,5.0 119,5.0 120,5.0 121,5.0 
106,5.0 110,5.0 114,5.0 116,5.0 117,5.0 118,5.0 119,5.0 120,5.0 121,5.0 125,5.0 146,5.0 147,5.0 148,5.0 
29,10.0 34,3.0 41,3.0 57,3.0 77,10.0 116,5.0 117,5.0 118,18.0 119,8.0 120,5.0 121,5.0 122,10.0 123,10.0 124,5.0 125,5.0 126,5.0 127,5.0 128,5.0 129,5.0 195,3.0 196,3.0 197,3.0 
29,5.0 34,1.0 57,1.0 77,5.0 95,1.0 116,10.0 118,10.0 119,5.0 120,5.0 121,5.0 122,5.0 123,5.0 214,1.0 215,1.0 
29,10.0 34,3.0 41,3.0 57,3.0 77,10.0 116,18.0 117,5.0 118,5.0 119,8.0 120,5.0 121,5.0 122,10.0 123,10.0 124,5.0 125,5.0 126,5.0 127,5.0 128,5.0 129,5.0 195,3.0 196,3.0 197,3.0 
29,5.0 34,3.0 41,3.0 57,3.0 77,5.0 116,13.0 117,5.0 118,13.0 120,5.0 121,5.0 122,5.0 123,5.0 195,3.0 196,3.0 197,3.0 
29,5.0 77,5.0 116,10.0 117,5.0 118,10.0 119,5.0 121,5.0 122,5.0 123,5.0 
29,5.0 77,5.0 116,10.0 117,5.0 118,10.0 119,5.0 120,5.0 122,5.0 123,5.0 
26,1.0 29,5.0 44,2.0 63,1.0 73,1.0 77,5.0 79,1.0 116,5.0 118,5.0 123,5.0 124,5.0 125,5.0 126,5.0 127,5.0 128,5.0 129,6.0 160,1.0 194,1.0 221,1.0 331,1.0 332,1.0 333,1.0 
28,1.0 29,6.0 32,1.0 77,5.0 116,5.0 118,5.0 122,5.0 124,5.0 125,5.0 126,5.0 127,5.0 128,5.0 129,5.0 
5,2.0 15,1.0 18,2.0 21,5.0 26,1.0 27,1.0 37,1.0 42,2.0 45,8.0 47,5.0 52,7.0 73,1.0 79,6.0 86,2.0 108,1.0 125,5.0 126,5.0 127,5.0 128,5.0 129,9.0 130,5.0 170,1.0 183,4.0 221,1.0 222,2.0 237,8.0 238,2.0 245,2.0 247,2.0 248,4.0 249,4.0 251,2.0 254,2.0 278,1.0 
21,5.0 23,1.0 24,1.0 26,2.0 36,1.0 50,5.0 73,1.0 79,1.0 84,5.0 110,26.0 115,5.0 124,5.0 126,5.0 127,5.0 128,5.0 129,5.0 130,5.0 131,5.0 132,5.0 137,5.0 138,4.0 139,4.0 140,4.0 146,5.0 147,5.0 148,11.0 160,1.0 200,1.0 265,1.0 
21,5.0 26,1.0 79,2.0 86,1.0 124,6.0 125,5.0 127,6.0 128,5.0 129,6.0 130,5.0 160,1.0 221,2.0 278,1.0 282,1.0 
21,5.0 26,1.0 79,2.0 86,1.0 124,6.0 125,5.0 126,6.0 128,5.0 129,6.0 130,5.0 160,1.0 221,2.0 278,1.0 282,1.0 
21,5.0 124,5.0 125,5.0 126,5.0 127,5.0 129,5.0 130,5.0 
21,5.0 26,3.0 39,1.0 40,1.0 45,2.0 54,11.0 63,1.0 71,12.0 72,1.0 73,2.0 79,3.0 86,1.0 92,1.0 124,10.0 125,5.0 126,6.0 127,6.0 128,5.0 130,5.0 160,15.0 163,3.0 164,3.0 170,1.0 183,2.0 189,1.0 194,1.0 219,1.0 221,3.0 237,4.0 241,2.0 251,2.0 278,1.0 282,1.0 293,1.0 294,1.0 
21,11.0 72,1.0 92,1.0 110,10.0 125,10.0 148,1.0 271,1.0 
53,10.0 84,10.0 86,10.0 92,10.0 132,10.0 
53,10.0 84,19.0 86,10.0 92,10.0 93,9.0 131,10.0 132,4.0 277,1.0 306,9.0 307,9.0 308,9.0 309,9.0 310,9.0 311,9.0 312,9.0 313,1.0 314,1.0 315,1.0 316,1.0 317,1.0 318,1.0 319,1.0 320,1.0 321,1.0 
79,5.0 82,5.0 134,5.0 135,5.0 136,5.0 
79,5.0 82,5.0 110,5.0 125,5.0 135,5.0 136,5.0 
79,5.0 82,5.0 110,5.0 125,5.0 134,5.0 136,5.0 
34,1.0 48,1.0 79,5.0 82,5.0 88,1.0 90,1.0 95,1.0 110,5.0 125,5.0 134,5.0 135,5.0 
21,5.0 50,5.0 130,5.0 
84,4.0 131,4.0 132,4.0 139,4.0 140,4.0 
44,1.0 84,4.0 122,1.0 131,4.0 132,4.0 138,4.0 140,4.0 322,1.0 323,1.0 324,1.0 325,1.0 326,1.0 327,1.0 328,1.0 329,1.0 330,1.0 331,1.0 332,1.0 
84,5.0 131,5.0 132,5.0 138,4.0 139,4.0 266,1.0 267,1.0 
5,2.0 18,2.0 28,1.0 30,1.0 33,1.0 36,1.0 59,1.0 79,2.0 97,1.0 100,1.0 124,2.0 142,5.0 143,5.0 195,1.0 223,1.0 289,1.0 
29,5.0 143,5.0 144,5.0 
29,5.0 142,5.0 144,5.0 
17,1.0 18,1.0 19,2.0 20,3.0 23,2.0 24,1.0 27,4.0 28,2.0 29,11.0 30,2.0 32,1.0 36,1.0 37,2.0 39,1.0 40,2.0 42,1.0 43,2.0 61,2.0 90,1.0 113,10.0 145,10.0 194,1.0 
110,10.0 113,15.0 115,5.0 125,10.0 146,5.0 147,5.0 152,5.0 153,5.0 
110,5.0 115,5.0 125,5.0 147,5.0 148,5.0 
110,5.0 115,5.0 125,5.0 146,5.0 148,5.0 
21,1.0 72,1.0 88,10.0 92,11.0 130,1.0 140,1.0 149,10.0 150,10.0 151,10.0 265,1.0 266,1.0 267,1.0 271,1.0 
19,1.0 20,1.0 24,1.0 29,5.0 52,1.0 88,11.0 92,10.0 97,1.0 100,1.0 113,5.0 144,5.0 145,5.0 150,10.0 151,10.0 283,1.0 285,1.0 287,1.0 
29,5.0 88,10.0 92,10.0 113,5.0 144,5.0 145,5.0 149,10.0 151,11.0 213,1.0 245,1.0 263,1.0 292,1.0 344,1.0 
29,5.0 88,10.0 92,10.0 113,5.0 144,5.0 145,5.0 149,10.0 150,11.0 213,1.0 245,1.0 263,1.0 292,1.0 344,1.0 
25,5.0 153,5.0 154,5.0 
25,5.0 152,5.0 154,5.0 
25,5.0 27,3.0 98,3.0 155,5.0 
156,5.0 157,5.0 158,5.0 159,5.0 160,5.0 
72,5.0 92,5.0 157,5.0 158,5.0 159,5.0 160,5.0 
72,5.0 92,5.0 156,5.0 158,5.0 159,5.0 160,5.0 
72,5.0 92,5.0 156,5.0 157,5.0 159,5.0 160,5.0 
72,5.0 92,5.0 156,5.0 157,5.0 158,5.0 160,5.0 
24,1.0 26,6.0 28,1.0 34,2.0 35,3.0 36,6.0 39,1.0 45,2.0 49,3.0 53,1.0 54,15.0 56,1.0 57,2.0 63,1.0 70,1.0 71,11.0 72,6.0 73,5.0 77,2.0 79,5.0 86,2.0 92,6.0 95,2.0 102,1.0 110,1.0 117,1.0 124,1.0 125,1.0 126,1.0 127,1.0 129,15.0 156,5.0 157,5.0 158,5.0 159,5.0 161,4.0 163,3.0 164,3.0 170,1.0 189,1.0 201,1.0 207,1.0 209,1.0 221,3.0 241,2.0 248,1.0 259,1.0 260,1.0 261,1.0 262,1.0 263,1.0 264,1.0 270,2.0 272,1.0 275,2.0 278,2.0 282,1.0 
4,4.0 7,4.0 24,1.0 34,2.0 40,4.0 42,4.0 54,2.0 56,5.0 57,6.0 70,5.0 77,6.0 79,1.0 95,2.0 102,5.0 117,1.0 160,3.0 162,4.0 207,5.0 209,1.0 248,5.0 262,1.0 263,1.0 264,1.0 292,4.0 
4,5.0 7,5.0 56,5.0 57,5.0 77,5.0 102,5.0 161,4.0 
54,3.0 71,3.0 164,3.0 165,3.0 166,3.0 167,3.0 
54,3.0 71,3.0 163,3.0 165,3.0 166,3.0 167,3.0 
71,3.0 92,3.0 150,1.0 151,1.0 166,3.0 167,3.0 168,3.0 169,3.0 170,3.0 213,1.0 245,1.0 263,1.0 275,1.0 292,1.0 338,1.0 339,1.0 340,1.0 341,1.0 342,1.0 343,1.0 344,1.0 
71,3.0 92,3.0 165,3.0 167,3.0 168,3.0 169,3.0 170,3.0 
26,2.0 71,3.0 73,2.0 92,3.0 165,3.0 166,3.0 168,3.0 169,3.0 170,3.0 231,2.0 
14,3.0 15,3.0 71,3.0 92,3.0 169,3.0 170,3.0 
14,3.0 15,3.0 71,3.0 92,3.0 168,3.0 170,3.0 
14,3.0 15,3.0 18,1.0 19,2.0 26,1.0 53,2.0 54,5.0 71,6.0 72,1.0 73,3.0 79,2.0 86,2.0 92,6.0 99,1.0 103,1.0 104,2.0 108,3.0 165,1.0 168,3.0 169,3.0 170,2.0 200,2.0 272,1.0 275,1.0 278,1.0 283,1.0 284,1.0 338,1.0 339,1.0 340,1.0 341,1.0 342,1.0 343,1.0 
14,3.0 
46,3.0 
99,3.0 103,3.0 
16,1.0 18,3.0 20,3.0 45,2.0 98,1.0 111,6.0 175,4.0 179,1.0 181,1.0 223,2.0 225,2.0 
18,3.0 23,1.0 24,6.0 98,1.0 106,1.0 
14,3.0 18,3.0 103,2.0 177,2.0 183,1.0 220,1.0 
14,3.0 23,2.0 24,1.0 27,3.0 31,2.0 36,1.0 42,3.0 48,2.0 103,5.0 105,3.0 176,1.0 179,2.0 181,2.0 
19,3.0 45,3.0 
14,3.0 16,2.0 19,6.0 24,1.0 26,1.0 37,5.0 48,1.0 49,6.0 52,1.0 98,4.0 103,13.0 111,1.0 177,2.0 181,1.0 186,3.0 187,3.0 202,6.0 216,1.0 218,2.0 219,2.0 
14,3.0 15,1.0 17,2.0 18,1.0 45,1.0 180,1.0 
15,2.0 17,1.0 20,3.0 24,3.0 27,2.0 31,2.0 37,4.0 48,3.0 52,2.0 61,3.0 81,6.0 83,1.0 98,2.0 174,1.0 175,1.0 182,3.0 187,2.0 201,1.0 295,1.0 
20,3.0 181,3.0 
23,8.0 24,3.0 26,2.0 28,4.0 37,2.0 45,6.0 48,1.0 49,3.0 52,1.0 63,2.0 111,2.0 124,8.0 174,3.0 175,3.0 180,1.0 184,3.0 216,2.0 220,1.0 222,2.0 239,2.0 246,2.0 248,4.0 249,4.0 254,2.0 285,1.0 286,1.0 
36,2.0 45,2.0 48,2.0 174,3.0 183,3.0 
14,3.0 174,3.0 
14,3.0 46,3.0 
32,2.0 46,3.0 48,2.0 103,5.0 
15,3.0 18,3.0 28,2.0 52,2.0 77,2.0 103,3.0 106,3.0 183,2.0 212,2.0 
32,9.0 35,3.0 36,6.0 39,2.0 40,6.0 41,6.0 42,2.0 48,3.0 54,3.0 58,2.0 81,4.0 83,1.0 87,3.0 103,3.0 124,2.0 129,1.0 160,1.0 191,1.0 245,2.0 337,1.0 
27,3.0 28,3.0 30,3.0 37,6.0 39,3.0 81,3.0 
38,3.0 39,3.0 40,3.0 58,1.0 66,1.0 189,1.0 337,1.0 
32,3.0 36,3.0 40,3.0 189,3.0 
35,6.0 38,9.0 42,1.0 44,1.0 65,3.0 122,1.0 189,3.0 
37,3.0 38,1.0 42,1.0 43,8.0 61,3.0 95,1.0 97,1.0 144,1.0 191,1.0 333,2.0 
31,1.0 34,3.0 41,3.0 57,3.0 59,1.0 100,1.0 116,3.0 118,3.0 119,3.0 196,3.0 197,3.0 
34,3.0 41,3.0 57,3.0 116,3.0 118,3.0 119,3.0 195,3.0 197,3.0 
34,3.0 41,3.0 57,3.0 116,3.0 118,3.0 119,3.0 195,3.0 196,3.0 
38,3.0 
42,3.0 
23,4.0 24,1.0 32,3.0 48,3.0 53,1.0 54,2.0 71,1.0 73,1.0 79,1.0 86,1.0 92,1.0 104,1.0 108,1.0 125,1.0 170,2.0 
17,1.0 24,3.0 28,1.0 36,1.0 49,3.0 99,3.0 160,1.0 181,1.0 295,1.0 
49,24.0 103,6.0 105,6.0 106,6.0 179,6.0 
31,6.0 99,6.0 
31,6.0 99,6.0 
31,6.0 99,6.0 
13,3.0 14,3.0 31,6.0 99,3.0 
24,1.0 40,4.0 42,4.0 54,2.0 70,5.0 160,2.0 161,6.0 208,1.0 248,5.0 262,1.0 263,1.0 264,1.0 270,1.0 273,1.0 274,1.0 275,1.0 292,4.0 
54,1.0 160,1.0 161,1.0 207,1.0 
56,1.0 77,1.0 102,1.0 210,1.0 211,1.0 
54,1.0 160,1.0 161,1.0 211,1.0 
54,2.0 160,2.0 161,1.0 210,1.0 270,1.0 275,1.0 276,1.0 277,1.0 
77,2.0 79,1.0 160,1.0 161,1.0 213,1.0 218,2.0 231,2.0 
79,1.0 150,1.0 151,1.0 160,1.0 161,1.0 212,1.0 245,1.0 263,1.0 292,1.0 344,1.0 
47,1.0 52,1.0 215,1.0 
47,1.0 52,1.0 214,1.0 
15,2.0 16,1.0 24,7.0 26,16.0 47,10.0 48,8.0 52,1.0 105,2.0 177,3.0 218,1.0 221,2.0 222,2.0 257,1.0 
16,3.0 18,2.0 37,5.0 181,2.0 220,2.0 
15,2.0 24,2.0 27,4.0 79,1.0 81,1.0 103,1.0 177,3.0 189,1.0 216,1.0 219,3.0 231,2.0 233,2.0 256,1.0 
19,2.0 27,3.0 40,1.0 71,1.0 129,1.0 177,3.0 194,1.0 218,3.0 242,2.0 256,1.0 293,1.0 294,1.0 
18,2.0 37,2.0 45,1.0 180,1.0 183,1.0 217,2.0 
26,6.0 54,1.0 63,1.0 71,1.0 72,1.0 73,2.0 79,4.0 86,1.0 92,1.0 105,2.0 108,1.0 124,2.0 126,1.0 127,1.0 129,2.0 160,2.0 170,2.0 216,2.0 221,1.0 222,2.0 278,2.0 282,1.0 
18,2.0 26,2.0 52,2.0 105,2.0 124,2.0 216,2.0 221,2.0 247,2.0 
19,2.0 26,2.0 30,1.0 31,1.0 34,1.0 39,1.0 45,2.0 59,1.0 78,1.0 80,1.0 100,1.0 105,2.0 141,1.0 195,1.0 224,2.0 
26,2.0 174,2.0 
226,2.0 
54,2.0 227,2.0 
54,2.0 228,2.0 
229,2.0 
106,2.0 
24,2.0 27,2.0 106,2.0 
26,2.0 218,2.0 232,2.0 233,2.0 
105,2.0 
234,2.0 
235,2.0 
103,2.0 252,2.0 
124,2.0 237,2.0 
18,2.0 124,8.0 129,4.0 183,2.0 238,2.0 251,2.0 
183,2.0 
59,2.0 73,2.0 240,2.0 
45,2.0 59,2.0 73,2.0 
45,2.0 129,2.0 160,2.0 
243,2.0 
48,2.0 244,2.0 
35,2.0 45,2.0 48,2.0 
42,2.0 124,2.0 150,1.0 151,1.0 183,2.0 213,1.0 263,1.0 292,1.0 344,1.0 
124,2.0 183,2.0 222,2.0 
183,2.0 
24,1.0 40,4.0 42,4.0 45,4.0 70,5.0 124,4.0 161,5.0 207,5.0 249,2.0 262,1.0 263,1.0 264,1.0 292,4.0 
45,4.0 124,4.0 248,2.0 254,2.0 
36,4.0 45,4.0 48,4.0 
235,2.0 
183,2.0 
28,2.0 52,2.0 183,2.0 
45,2.0 124,2.0 249,2.0 
45,2.0 48,2.0 49,2.0 
27,1.0 177,1.0 218,1.0 219,1.0 
15,1.0 36,1.0 48,1.0 160,1.0 216,1.0 258,1.0 
36,1.0 160,1.0 257,1.0 
70,1.0 160,1.0 161,1.0 207,1.0 248,1.0 260,1.0 261,1.0 262,1.0 263,1.0 264,1.0 
70,1.0 160,1.0 161,1.0 207,1.0 248,1.0 259,1.0 261,1.0 262,1.0 263,1.0 264,1.0 
70,1.0 160,1.0 161,1.0 207,1.0 248,1.0 259,1.0 260,1.0 262,1.0 263,1.0 264,1.0 
24,1.0 70,1.0 161,1.0 207,1.0 248,1.0 263,1.0 264,1.0 
24,1.0 70,1.0 150,1.0 151,1.0 161,1.0 207,1.0 213,1.0 245,1.0 248,1.0 262,1.0 264,1.0 292,1.0 344,1.0 
24,1.0 70,1.0 161,1.0 207,1.0 248,1.0 262,1.0 263,1.0 
140,1.0 148,1.0 266,1.0 267,1.0 
84,1.0 131,1.0 132,1.0 140,1.0 267,1.0 
84,1.0 131,1.0 132,1.0 140,1.0 266,1.0 
21,1.0 53,1.0 79,1.0 82,2.0 130,1.0 148,1.0 269,2.0 270,2.0 271,1.0 272,1.0 
21,1.0 53,1.0 79,1.0 82,2.0 130,1.0 148,1.0 268,2.0 270,2.0 271,1.0 272,1.0 
21,1.0 26,1.0 53,2.0 54,2.0 73,2.0 79,1.0 82,2.0 130,1.0 148,1.0 160,2.0 268,2.0 269,2.0 271,1.0 272,2.0 275,2.0 278,1.0 
21,1.0 72,1.0 92,1.0 130,1.0 148,1.0 
19,1.0 53,2.0 73,1.0 79,1.0 99,1.0 170,1.0 207,1.0 211,1.0 273,1.0 274,1.0 276,1.0 277,1.0 
54,1.0 160,1.0 207,1.0 270,1.0 274,1.0 275,1.0 
54,1.0 160,1.0 207,1.0 270,1.0 273,1.0 275,1.0 
26,1.0 53,1.0 54,2.0 73,2.0 150,1.0 151,1.0 160,2.0 165,1.0 213,1.0 245,1.0 263,1.0 270,2.0 272,1.0 278,1.0 292,1.0 338,1.0 339,1.0 340,1.0 341,1.0 342,1.0 343,1.0 344,1.0 
54,1.0 160,1.0 211,1.0 270,1.0 275,1.0 277,1.0 
54,1.0 139,1.0 160,1.0 211,1.0 270,1.0 275,1.0 276,1.0 277,2.0 313,5.0 314,5.0 315,5.0 316,5.0 317,5.0 318,5.0 319,5.0 320,5.0 321,5.0 322,1.0 323,1.0 324,1.0 325,1.0 326,1.0 327,1.0 328,1.0 329,1.0 330,1.0 
18,1.0 19,1.0 26,2.0 73,1.0 79,1.0 108,1.0 124,1.0 170,2.0 221,1.0 279,1.0 280,1.0 281,1.0 282,1.0 296,1.0 297,1.0 298,1.0 299,1.0 300,1.0 301,1.0 302,1.0 303,1.0 304,1.0 305,1.0 
79,1.0 86,1.0 126,1.0 127,1.0 129,1.0 160,1.0 221,1.0 280,1.0 281,1.0 282,1.0 
79,1.0 86,1.0 126,1.0 127,1.0 129,1.0 160,1.0 221,1.0 279,1.0 281,1.0 282,1.0 
79,1.0 86,1.0 126,1.0 127,1.0 129,1.0 160,1.0 221,1.0 279,1.0 280,1.0 282,1.0 
26,1.0 79,2.0 84,1.0 86,1.0 93,1.0 124,1.0 126,1.0 127,1.0 129,1.0 132,1.0 160,1.0 221,2.0 278,1.0 297,1.0 298,1.0 299,1.0 300,1.0 301,1.0 302,1.0 303,1.0 304,1.0 305,1.0 306,1.0 307,1.0 308,1.0 309,1.0 310,1.0 311,1.0 312,1.0 
14,1.0 20,1.0 24,1.0 97,1.0 103,1.0 284,1.0 
14,1.0 103,1.0 283,1.0 
45,1.0 48,1.0 52,1.0 100,1.0 183,1.0 286,1.0 
45,1.0 183,1.0 285,1.0 
19,1.0 24,1.0 97,1.0 149,1.0 283,1.0 
27,1.0 29,1.0 32,1.0 91,1.0 123,1.0 
28,1.0 33,1.0 36,1.0 97,1.0 141,1.0 
37,1.0 42,1.0 291,1.0 
37,1.0 42,1.0 290,1.0 
40,4.0 42,4.0 70,4.0 150,1.0 151,1.0 161,4.0 207,4.0 213,1.0 245,1.0 248,4.0 263,1.0 344,1.0 
40,1.0 71,1.0 129,1.0 194,1.0 219,1.0 294,1.0 
40,1.0 71,1.0 129,1.0 194,1.0 219,1.0 293,1.0 
17,1.0 181,1.0 201,1.0 
278,1.0 282,1.0 297,1.0 298,1.0 299,1.0 300,1.0 301,1.0 302,1.0 303,1.0 304,1.0 305,1.0 
84,1.0 93,1.0 132,1.0 282,1.0 298,1.0 299,1.0 300,1.0 301,1.0 302,1.0 303,1.0 304,1.0 305,1.0 306,1.0 307,1.0 308,1.0 309,1.0 310,1.0 311,1.0 312,1.0 
84,1.0 93,1.0 132,1.0 282,1.0 297,1.0 299,1.0 300,1.0 301,1.0 302,1.0 303,1.0 304,1.0 305,1.0 306,1.0 307,1.0 308,1.0 309,1.0 310,1.0 311,1.0 312,1.0 
84,1.0 93,1.0 132,1.0 282,1.0 297,1.0 298,1.0 300,1.0 301,1.0 302,1.0 303,1.0 304,1.0 305,1.0 306,1.0 307,1.0 308,1.0 309,1.0 310,1.0 311,1.0 312,1.0 
84,1.0 93,1.0 132,1.0 282,1.0 297,1.0 298,1.0 299,1.0 301,1.0 302,1.0 303,1.0 304,1.0 305,1.0 306,1.0 307,1.0 308,1.0 309,1.0 310,1.0 311,1.0 312,1.0 
84,1.0 93,1.0 132,1.0 282,1.0 297,1.0 298,1.0 299,1.0 300,1.0 302,1.0 303,1.0 304,1.0 305,1.0 306,1.0 307,1.0 308,1.0 309,1.0 310,1.0 311,1.0 312,1.0 
84,1.0 93,1.0 132,1.0 282,1.0 297,1.0 298,1.0 299,1.0 300,1.0 301,1.0 303,1.0 304,1.0 305,1.0 306,1.0 307,1.0 308,1.0 309,1.0 310,1.0 311,1.0 312,1.0 
84,1.0 93,1.0 132,1.0 282,1.0 297,1.0 298,1.0 299,1.0 300,1.0 301,1.0 302,1.0 304,1.0 305,1.0 306,1.0 307,1.0 308,1.0 309,1.0 310,1.0 311,1.0 312,1.0 
84,1.0 93,1.0 132,1.0 282,1.0 297,1.0 298,1.0 299,1.0 300,1.0 301,1.0 302,1.0 303,1.0 305,1.0 306,1.0 307,1.0 308,1.0 309,1.0 310,1.0 311,1.0 312,1.0 
84,1.0 93,1.0 132,1.0 282,1.0 297,1.0 298,1.0 299,1.0 300,1.0 301,1.0 302,1.0 303,1.0 304,1.0 306,1.0 307,1.0 308,1.0 309,1.0 310,1.0 311,1.0 312,1.0 
84,9.0 93,9.0 132,9.0 277,1.0 306,4.0 307,9.0 308,9.0 309,9.0 310,9.0 311,9.0 312,9.0 313,1.0 314,1.0 315,1.0 316,1.0 317,1.0 318,1.0 319,1.0 320,1.0 321,1.0 
84,9.0 93,9.0 132,9.0 277,1.0 306,9.0 307,4.0 308,9.0 309,9.0 310,9.0 311,9.0 312,9.0 313,1.0 314,1.0 315,1.0 316,1.0 317,1.0 318,1.0 319,1.0 320,1.0 321,1.0 
84,9.0 93,9.0 132,9.0 277,1.0 306,9.0 307,9.0 308,4.0 309,9.0 310,9.0 311,9.0 312,9.0 313,1.0 314,1.0 315,1.0 316,1.0 317,1.0 318,1.0 319,1.0 320,1.0 321,1.0 
84,9.0 93,9.0 132,9.0 277,1.0 306,9.0 307,9.0 308,9.0 309,4.0 310,9.0 311,9.0 312,9.0 313,1.0 314,1.0 315,1.0 316,1.0 317,1.0 318,1.0 319,1.0 320,1.0 321,1.0 
84,9.0 93,9.0 132,9.0 277,1.0 306,9.0 307,9.0 308,9.0 309,9.0 310,4.0 311,9.0 312,9.0 313,1.0 314,1.0 315,1.0 316,1.0 317,1.0 318,1.0 319,1.0 320,1.0 321,1.0 
84,9.0 93,9.0 132,9.0 277,1.0 306,9.0 307,9.0 308,9.0 309,9.0 310,9.0 311,4.0 312,9.0 313,1.0 314,1.0 315,1.0 316,1.0 317,1.0 318,1.0 319,1.0 320,1.0 321,1.0 
84,9.0 93,9.0 132,9.0 277,1.0 306,9.0 307,9.0 308,9.0 309,9.0 310,9.0 311,9.0 312,4.0 313,1.0 314,1.0 315,1.0 316,1.0 317,1.0 318,1.0 319,1.0 320,1.0 321,1.0 
139,1.0 277,5.0 313,2.0 314,5.0 315,5.0 316,5.0 317,5.0 318,5.0 319,5.0 320,5.0 321,5.0 322,1.0 323,1.0 324,1.0 325,1.0 326,1.0 327,1.0 328,1.0 329,1.0 330,1.0 
139,1.0 277,5.0 313,5.0 314,2.0 315,5.0 316,5.0 317,5.0 318,5.0 319,5.0 320,5.0 321,5.0 322,1.0 323,1.0 324,1.0 325,1.0 326,1.0 327,1.0 328,1.0 329,1.0 330,1.0 
139,1.0 277,5.0 313,5.0 314,5.0 315,2.0 316,5.0 317,5.0 318,5.0 319,5.0 320,5.0 321,5.0 322,1.0 323,1.0 324,1.0 325,1.0 326,1.0 327,1.0 328,1.0 329,1.0 330,1.0 
139,1.0 277,5.0 313,5.0 314,5.0 315,5.0 316,2.0 317,5.0 318,5.0 319,5.0 320,5.0 321,5.0 322,1.0 323,1.0 324,1.0 325,1.0 326,1.0 327,1.0 328,1.0 329,1.0 330,1.0 
139,1.0 277,5.0 313,5.0 314,5.0 315,5.0 316,5.0 317,2.0 318,5.0 319,5.0 320,5.0 321,5.0 322,1.0 323,1.0 324,1.0 325,1.0 326,1.0 327,1.0 328,1.0 329,1.0 330,1.0 
139,1.0 277,5.0 313,5.0 314,5.0 315,5.0 316,5.0 317,5.0 318,2.0 319,5.0 320,5.0 321,5.0 322,1.0 323,1.0 324,1.0 325,1.0 326,1.0 327,1.0 328,1.0 329,1.0 330,1.0 
139,1.0 277,5.0 313,5.0 314,5.0 315,5.0 316,5.0 317,5.0 318,5.0 319,2.0 320,5.0 321,5.0 322,1.0 323,1.0 324,1.0 325,1.0 326,1.0 327,1.0 328,1.0 329,1.0 330,1.0 
139,1.0 277,5.0 313,5.0 314,5.0 315,5.0 316,5.0 317,5.0 318,5.0 319,5.0 320,2.0 321,5.0 322,1.0 323,1.0 324,1.0 325,1.0 326,1.0 327,1.0 328,1.0 329,1.0 330,1.0 
139,1.0 277,5.0 313,5.0 314,5.0 315,5.0 316,5.0 317,5.0 318,5.0 319,5.0 320,5.0 321,2.0 322,1.0 323,1.0 324,1.0 325,1.0 326,1.0 327,1.0 328,1.0 329,1.0 330,1.0 
44,1.0 122,1.0 139,1.0 323,1.0 324,1.0 325,1.0 326,1.0 327,1.0 328,1.0 329,1.0 330,1.0 331,1.0 332,1.0 
44,1.0 122,1.0 139,1.0 322,1.0 324,1.0 325,1.0 326,1.0 327,1.0 328,1.0 329,1.0 330,1.0 331,1.0 332,1.0 
44,1.0 122,1.0 139,1.0 322,1.0 323,1.0 325,1.0 326,1.0 327,1.0 328,1.0 329,1.0 330,1.0 331,1.0 332,1.0 
44,1.0 122,1.0 139,1.0 322,1.0 323,1.0 324,1.0 326,1.0 327,1.0 328,1.0 329,1.0 330,1.0 331,1.0 332,1.0 
44,1.0 122,1.0 139,1.0 322,1.0 323,1.0 324,1.0 325,1.0 327,1.0 328,1.0 329,1.0 330,1.0 331,1.0 332,1.0 
44,1.0 122,1.0 139,1.0 322,1.0 323,1.0 324,1.0 325,1.0 326,1.0 328,1.0 329,1.0 330,1.0 331,1.0 332,1.0 
44,1.0 122,1.0 139,1.0 322,1.0 323,1.0 324,1.0 325,1.0 326,1.0 327,1.0 329,1.0 330,1.0 331,1.0 332,1.0 
44,1.0 122,1.0 139,1.0 322,1.0 323,1.0 324,1.0 325,1.0 326,1.0 327,1.0 328,1.0 330,1.0 331,1.0 332,1.0 
44,1.0 122,1.0 139,1.0 322,1.0 323,1.0 324,1.0 325,1.0 326,1.0 327,1.0 328,1.0 329,1.0 331,1.0 332,1.0 
44,1.0 122,1.0 194,1.0 332,1.0 333,1.0 
44,1.0 122,1.0 194,1.0 331,1.0 333,1.0 
38,1.0 61,1.0 194,2.0 
19,1.0 20,1.0 27,1.0 103,1.0 177,1.0 
24,1.0 36,2.0 38,1.0 60,1.0 111,1.0 
31,1.0 41,1.0 59,1.0 
42,1.0 58,1.0 193,1.0 
150,1.0 151,1.0 165,1.0 213,1.0 245,1.0 263,1.0 275,1.0 292,1.0 339,1.0 340,1.0 341,1.0 342,1.0 343,1.0 344,1.0 
150,1.0 151,1.0 165,1.0 213,1.0 245,1.0 263,1.0 275,1.0 292,1.0 338,1.0 340,1.0 341,1.0 342,1.0 343,1.0 344,1.0 
150,1.0 151,1.0 165,1.0 213,1.0 245,1.0 263,1.0 275,1.0 292,1.0 338,1.0 339,1.0 341,1.0 342,1.0 343,1.0 344,1.0 
150,1.0 151,1.0 165,1.0 213,1.0 245,1.0 263,1.0 275,1.0 292,1.0 338,1.0 339,1.0 340,1.0 342,1.0 343,1.0 344,1.0 
150,1.0 151,1.0 165,1.0 213,1.0 245,1.0 263,1.0 275,1.0 292,1.0 338,1.0 339,1.0 340,1.0 341,1.0 343,1.0 344,1.0 
150,1.0 151,1.0 165,1.0 213,1.0 245,1.0 263,1.0 275,1.0 292,1.0 338,1.0 339,1.0 340,1.0 341,1.0 342,1.0 344,1.0 
150,1.0 151,1.0 213,1.0 245,1.0 263,1.0 292,1.0 
