1,1.0 2,1.0 3,1.0 91,2.0 128,1.0 147,2.0 167,2.0 175,4.0 177,2.0 250,1.0 276,1.0 379,1.0 
0,1.0 2,1.0 3,1.0 
3,5.0 4,1.0 5,1.0 6,1.0 15,1.0 22,3.0 26,2.0 28,4.0 38,2.0 47,4.0 48,4.0 53,1.0 63,2.0 64,7.0 84,1.0 94,1.0 230,1.0 244,6.0 246,2.0 251,1.0 270,2.0 271,2.0 295,1.0 332,1.0 
2,5.0 4,1.0 5,1.0 6,1.0 15,1.0 38,2.0 84,1.0 94,1.0 230,1.0 244,2.0 270,2.0 271,2.0 295,1.0 332,1.0 
5,3.0 6,1.0 7,1.0 8,1.0 23,2.0 24,2.0 27,2.0 88,2.0 89,1.0 93,1.0 94,1.0 95,1.0 115,4.0 117,2.0 132,3.0 134,2.0 135,2.0 139,2.0 140,2.0 252,2.0 297,1.0 336,3.0 393,2.0 396,1.0 397,1.0 430,1.0 461,3.0 481,2.0 498,2.0 564,1.0 
4,4.0 6,1.0 7,1.0 8,1.0 19,2.0 22,1.0 26,1.0 35,2.0 55,2.0 66,2.0 73,4.0 94,4.0 100,1.0 111,1.0 115,2.0 127,2.0 135,2.0 153,4.0 154,1.0 168,1.0 227,1.0 277,1.0 498,2.0 
4,3.0 5,1.0 7,1.0 8,1.0 14,2.0 38,1.0 82,1.0 116,2.0 131,2.0 132,4.0 133,2.0 134,2.0 140,1.0 262,1.0 308,1.0 317,2.0 318,1.0 334,1.0 339,1.0 381,1.0 401,1.0 
8,1.0 9,1.0 10,1.0 11,1.0 12,1.0 13,1.0 
7,1.0 9,1.0 10,1.0 11,1.0 12,1.0 13,1.0 
10,1.0 11,1.0 12,1.0 13,1.0 14,1.0 84,1.0 94,1.0 527,1.0 
9,1.0 11,1.0 12,1.0 13,1.0 14,1.0 
9,1.0 10,1.0 12,1.0 13,1.0 14,1.0 19,2.0 21,2.0 47,2.0 93,2.0 126,2.0 162,2.0 454,2.0 479,2.0 553,2.0 
9,1.0 10,1.0 11,1.0 13,2.0 14,1.0 80,2.0 84,2.0 90,1.0 94,2.0 126,6.0 128,4.0 175,1.0 178,1.0 190,1.0 220,1.0 229,4.0 309,2.0 323,1.0 389,8.0 411,2.0 432,2.0 491,1.0 
9,1.0 10,1.0 11,1.0 12,2.0 14,1.0 25,1.0 185,1.0 190,1.0 250,1.0 389,1.0 
4,2.0 6,2.0 15,1.0 16,1.0 17,1.0 18,1.0 98,4.0 101,2.0 111,2.0 131,1.0 132,2.0 170,4.0 171,2.0 191,1.0 193,4.0 199,2.0 276,1.0 
2,1.0 3,1.0 12,1.0 13,1.0 16,1.0 17,1.0 18,1.0 19,2.0 25,1.0 28,1.0 38,1.0 82,1.0 84,1.0 86,1.0 94,1.0 110,1.0 120,2.0 125,1.0 143,1.0 147,1.0 156,1.0 229,1.0 298,1.0 332,1.0 334,1.0 389,1.0 400,1.0 
15,1.0 17,1.0 18,1.0 19,1.0 
15,1.0 16,1.0 18,1.0 19,1.0 136,1.0 310,1.0 
15,1.0 16,1.0 17,1.0 19,1.0 35,2.0 202,2.0 211,2.0 250,1.0 272,1.0 354,1.0 
0,1.0 4,2.0 19,16.0 20,16.0 21,43.0 22,48.0 25,7.0 26,24.0 27,24.0 28,5.0 29,4.0 30,2.0 31,4.0 32,2.0 33,4.0 37,7.0 38,1.0 39,2.0 40,23.0 41,12.0 42,2.0 43,2.0 47,4.0 48,1.0 50,2.0 51,2.0 55,1.0 61,2.0 62,1.0 63,2.0 65,2.0 66,3.0 67,10.0 76,2.0 82,1.0 87,11.0 92,4.0 108,1.0 115,2.0 127,2.0 128,2.0 141,2.0 151,2.0 168,1.0 174,2.0 180,2.0 182,4.0 183,2.0 184,3.0 198,3.0 204,2.0 214,2.0 224,4.0 231,1.0 236,3.0 239,1.0 244,2.0 256,2.0 307,1.0 313,1.0 322,1.0 323,1.0 341,1.0 342,2.0 365,1.0 381,1.0 398,1.0 415,1.0 450,2.0 468,7.0 560,7.0 613,2.0 620,2.0 
19,2.0 21,18.0 22,21.0 23,16.0 24,16.0 25,14.0 26,3.0 27,2.0 30,2.0 31,5.0 35,2.0 40,6.0 41,4.0 43,4.0 44,2.0 48,2.0 59,4.0 60,6.0 62,3.0 63,3.0 64,2.0 77,1.0 80,2.0 81,2.0 84,3.0 86,4.0 92,8.0 101,2.0 124,2.0 139,1.0 140,2.0 153,9.0 168,2.0 184,2.0 185,3.0 189,1.0 190,2.0 191,2.0 227,2.0 228,2.0 233,2.0 234,2.0 237,2.0 251,2.0 257,2.0 307,1.0 479,2.0 553,2.0 
4,2.0 5,2.0 14,4.0 19,1.0 20,18.0 22,30.0 23,38.0 24,16.0 25,14.0 26,4.0 27,7.0 28,14.0 29,4.0 30,2.0 32,2.0 35,2.0 36,4.0 37,4.0 38,4.0 40,5.0 42,10.0 44,2.0 45,4.0 47,2.0 50,8.0 53,4.0 55,3.0 60,1.0 62,2.0 64,1.0 66,1.0 67,10.0 77,2.0 82,3.0 83,4.0 84,12.0 86,2.0 87,2.0 88,4.0 90,1.0 91,4.0 92,8.0 93,4.0 98,4.0 101,4.0 111,2.0 124,4.0 134,4.0 138,2.0 170,2.0 176,2.0 183,2.0 184,2.0 187,2.0 189,2.0 191,1.0 193,4.0 194,4.0 196,2.0 198,2.0 199,2.0 204,2.0 205,2.0 206,2.0 214,2.0 215,2.0 224,1.0 231,2.0 232,1.0 239,2.0 246,4.0 273,1.0 334,2.0 372,2.0 467,2.0 487,2.0 504,2.0 505,2.0 552,2.0 554,2.0 591,4.0 613,4.0 615,4.0 
2,3.0 19,12.0 20,23.0 21,46.0 22,2.0 23,30.0 24,22.0 25,16.0 26,26.0 27,16.0 28,8.0 29,2.0 31,3.0 35,2.0 36,8.0 37,13.0 38,6.0 40,16.0 41,8.0 44,7.0 45,7.0 47,6.0 48,5.0 50,5.0 52,6.0 53,3.0 55,2.0 58,1.0 63,9.0 64,3.0 66,4.0 68,2.0 77,2.0 79,1.0 80,2.0 82,6.0 84,1.0 91,8.0 92,10.0 95,2.0 126,2.0 127,2.0 153,2.0 168,1.0 175,2.0 183,2.0 186,1.0 188,2.0 189,2.0 190,4.0 205,2.0 206,2.0 229,2.0 239,6.0 240,2.0 245,2.0 246,4.0 251,5.0 253,2.0 262,1.0 264,2.0 271,1.0 272,1.0 274,2.0 277,3.0 370,1.0 371,1.0 373,1.0 440,4.0 450,3.0 455,4.0 466,2.0 470,4.0 489,2.0 494,2.0 498,16.0 510,2.0 616,4.0 
19,28.0 22,4.0 24,20.0 25,24.0 28,12.0 31,2.0 32,2.0 86,1.0 98,5.0 111,1.0 115,3.0 125,2.0 175,2.0 188,2.0 189,4.0 193,2.0 229,2.0 233,2.0 268,1.0 395,1.0 490,1.0 
19,16.0 22,6.0 23,20.0 25,14.0 35,2.0 80,2.0 82,2.0 86,1.0 98,3.0 115,1.0 125,1.0 193,1.0 268,1.0 490,1.0 
4,2.0 5,4.0 13,1.0 19,21.0 23,14.0 24,14.0 26,10.0 28,2.0 31,1.0 47,2.0 50,1.0 62,1.0 63,3.0 64,1.0 73,4.0 75,2.0 92,1.0 98,1.0 99,4.0 111,2.0 115,3.0 117,2.0 120,1.0 133,1.0 152,1.0 185,1.0 231,1.0 244,2.0 250,1.0 255,2.0 266,2.0 267,2.0 298,1.0 305,2.0 307,1.0 309,2.0 313,11.0 314,1.0 323,1.0 333,1.0 381,4.0 385,1.0 390,1.0 409,1.0 414,1.0 
2,2.0 19,32.0 20,5.0 21,10.0 22,46.0 27,32.0 28,6.0 29,10.0 30,8.0 31,3.0 32,1.0 33,4.0 34,8.0 35,2.0 37,10.0 38,8.0 39,2.0 40,25.0 41,21.0 42,2.0 43,4.0 44,10.0 45,6.0 47,2.0 48,11.0 50,4.0 53,1.0 56,4.0 58,1.0 59,6.0 60,1.0 61,6.0 63,16.0 64,2.0 65,2.0 67,2.0 69,2.0 71,6.0 76,2.0 77,1.0 82,2.0 84,1.0 91,4.0 92,4.0 93,6.0 126,6.0 127,2.0 153,2.0 168,3.0 185,3.0 189,4.0 190,4.0 191,3.0 214,2.0 245,4.0 246,4.0 251,2.0 253,4.0 256,1.0 257,3.0 264,2.0 272,1.0 274,2.0 276,1.0 277,4.0 341,1.0 346,1.0 347,1.0 430,6.0 440,2.0 461,6.0 472,4.0 473,4.0 498,6.0 
19,28.0 20,4.0 21,28.0 22,28.0 24,2.0 26,9.0 27,2.0 29,18.0 31,2.0 32,2.0 35,1.0 36,10.0 37,6.0 40,27.0 41,12.0 45,2.0 50,9.0 55,9.0 56,2.0 58,2.0 59,5.0 60,4.0 61,2.0 62,1.0 64,1.0 82,2.0 93,6.0 96,6.0 99,1.0 111,1.0 127,2.0 152,2.0 153,2.0 166,2.0 168,3.0 185,3.0 188,1.0 189,3.0 191,8.0 193,2.0 214,2.0 218,2.0 231,1.0 232,2.0 243,2.0 261,2.0 264,2.0 280,4.0 307,1.0 321,1.0 334,2.0 389,6.0 411,6.0 466,4.0 470,2.0 471,2.0 578,2.0 
2,4.0 19,12.0 23,12.0 25,8.0 26,2.0 27,2.0 29,2.0 30,3.0 31,18.0 32,48.0 33,30.0 35,6.0 36,2.0 37,14.0 38,13.0 40,6.0 41,14.0 44,2.0 45,8.0 47,22.0 48,26.0 49,2.0 50,20.0 53,2.0 58,6.0 59,3.0 61,6.0 62,2.0 63,14.0 64,8.0 67,2.0 69,1.0 84,2.0 85,2.0 91,4.0 92,4.0 101,2.0 108,2.0 110,1.0 138,2.0 164,1.0 167,2.0 185,1.0 186,2.0 188,4.0 199,2.0 203,2.0 235,1.0 236,1.0 241,3.0 244,8.0 247,4.0 248,2.0 250,2.0 272,1.0 274,2.0 276,1.0 321,1.0 349,2.0 350,2.0 351,1.0 352,2.0 365,2.0 421,1.0 422,1.0 453,6.0 454,6.0 
19,4.0 20,2.0 21,4.0 22,6.0 26,10.0 27,16.0 30,4.0 36,2.0 38,3.0 40,4.0 41,8.0 44,5.0 46,6.0 50,2.0 54,2.0 55,1.0 58,2.0 59,2.0 61,4.0 76,2.0 77,2.0 127,2.0 135,2.0 168,3.0 185,2.0 188,1.0 190,2.0 191,6.0 214,2.0 231,1.0 232,1.0 261,2.0 263,2.0 264,2.0 276,2.0 578,4.0 
22,2.0 26,6.0 28,8.0 31,4.0 32,2.0 33,2.0 36,6.0 38,4.0 41,15.0 47,4.0 48,10.0 53,2.0 55,1.0 93,6.0 126,6.0 166,1.0 168,2.0 185,2.0 241,1.0 256,2.0 257,1.0 261,1.0 263,1.0 276,1.0 365,1.0 381,1.0 401,1.0 430,6.0 461,6.0 
19,4.0 20,1.0 22,6.0 23,6.0 26,5.0 28,18.0 30,2.0 31,2.0 32,27.0 33,10.0 35,12.0 36,9.0 38,2.0 41,10.0 42,4.0 45,2.0 48,2.0 50,6.0 51,2.0 53,1.0 55,2.0 63,1.0 64,2.0 66,2.0 67,3.0 75,3.0 77,1.0 83,1.0 84,1.0 89,5.0 90,2.0 101,1.0 116,1.0 127,2.0 134,1.0 136,2.0 139,2.0 141,2.0 161,4.0 174,2.0 175,2.0 182,4.0 188,2.0 189,4.0 195,2.0 229,2.0 230,3.0 233,2.0 238,2.0 295,1.0 297,1.0 340,1.0 411,2.0 426,4.0 489,4.0 552,4.0 
19,4.0 21,10.0 22,1.0 26,20.0 27,2.0 28,6.0 31,6.0 33,16.0 34,17.0 35,22.0 36,4.0 37,2.0 40,2.0 45,4.0 47,10.0 48,3.0 50,2.0 51,6.0 53,2.0 58,2.0 59,2.0 60,2.0 63,4.0 64,2.0 65,2.0 67,4.0 69,2.0 70,8.0 71,6.0 74,2.0 75,2.0 76,3.0 77,3.0 83,4.0 84,2.0 87,1.0 88,6.0 90,2.0 91,6.0 92,4.0 101,2.0 111,1.0 139,2.0 142,2.0 166,2.0 179,2.0 180,2.0 188,2.0 189,2.0 191,3.0 196,2.0 230,1.0 243,2.0 250,2.0 262,3.0 280,2.0 326,2.0 340,2.0 389,6.0 424,2.0 428,6.0 430,6.0 455,2.0 459,2.0 499,2.0 618,4.0 
5,2.0 19,3.0 21,2.0 22,1.0 26,10.0 28,17.0 31,8.0 32,30.0 34,16.0 35,2.0 36,2.0 38,2.0 40,9.0 47,3.0 48,15.0 50,16.0 53,2.0 86,1.0 89,1.0 166,1.0 180,2.0 183,2.0 236,1.0 293,2.0 294,2.0 297,1.0 326,1.0 455,2.0 464,2.0 468,2.0 473,2.0 
26,8.0 31,10.0 32,2.0 33,2.0 37,4.0 84,1.0 87,1.0 111,1.0 188,1.0 247,1.0 
19,6.0 20,2.0 21,4.0 26,3.0 27,3.0 28,28.0 31,12.0 32,10.0 33,10.0 36,4.0 37,4.0 38,4.0 47,4.0 48,8.0 50,14.0 51,6.0 53,2.0 55,2.0 58,2.0 61,4.0 62,2.0 63,4.0 67,2.0 72,2.0 74,2.0 76,7.0 77,4.0 92,4.0 101,8.0 138,4.0 139,2.0 154,2.0 164,1.0 167,1.0 170,4.0 188,2.0 196,4.0 197,4.0 212,2.0 213,2.0 231,1.0 247,2.0 250,2.0 257,2.0 262,2.0 264,1.0 326,2.0 459,2.0 473,2.0 522,2.0 612,4.0 
21,2.0 27,16.0 28,16.0 29,2.0 31,5.0 32,4.0 33,8.0 35,7.0 37,6.0 38,2.0 40,2.0 41,14.0 44,1.0 47,4.0 48,8.0 50,37.0 55,7.0 61,2.0 63,2.0 75,3.0 76,5.0 77,2.0 91,4.0 93,12.0 96,6.0 124,2.0 134,2.0 141,2.0 142,2.0 166,4.0 180,2.0 189,1.0 190,2.0 191,8.0 196,2.0 231,1.0 251,2.0 256,3.0 257,6.0 263,2.0 264,3.0 280,2.0 328,2.0 336,6.0 340,3.0 389,6.0 411,12.0 450,2.0 460,2.0 462,2.0 471,2.0 474,4.0 495,2.0 
19,1.0 20,7.0 21,12.0 22,6.0 25,1.0 26,6.0 28,12.0 32,10.0 33,6.0 35,4.0 36,4.0 37,4.0 40,2.0 41,6.0 47,8.0 48,2.0 50,11.0 51,2.0 63,4.0 76,2.0 83,2.0 84,2.0 88,4.0 89,5.0 91,8.0 92,12.0 95,4.0 98,1.0 134,4.0 174,4.0 175,2.0 183,2.0 219,2.0 222,2.0 239,2.0 240,2.0 244,2.0 246,2.0 255,1.0 274,6.0 305,1.0 322,2.0 398,1.0 468,2.0 613,2.0 619,2.0 
2,2.0 3,2.0 6,1.0 18,1.0 21,2.0 22,6.0 26,6.0 28,17.0 30,4.0 31,2.0 32,4.0 33,6.0 36,2.0 41,5.0 44,8.0 45,6.0 47,6.0 48,8.0 49,2.0 53,2.0 56,1.0 57,1.0 58,3.0 61,6.0 108,2.0 110,1.0 116,1.0 140,1.0 164,1.0 167,2.0 185,1.0 199,2.0 241,3.0 244,2.0 250,2.0 270,2.0 271,2.0 272,1.0 276,1.0 317,1.0 339,1.0 353,1.0 354,2.0 365,2.0 381,1.0 401,1.0 
33,2.0 40,2.0 239,1.0 362,1.0 
5,4.0 19,24.0 20,6.0 21,15.0 22,22.0 25,1.0 26,7.0 27,21.0 28,8.0 31,2.0 32,2.0 33,7.0 35,2.0 36,10.0 41,32.0 42,2.0 44,2.0 45,2.0 47,10.0 48,7.0 50,8.0 54,1.0 55,14.0 56,2.0 60,1.0 61,2.0 64,2.0 66,10.0 67,2.0 72,2.0 73,2.0 75,2.0 76,3.0 78,2.0 86,4.0 90,2.0 92,6.0 96,6.0 144,1.0 153,2.0 167,1.0 174,2.0 180,2.0 183,2.0 185,1.0 187,2.0 189,1.0 190,2.0 200,3.0 201,3.0 202,3.0 204,2.0 207,2.0 231,1.0 232,1.0 235,2.0 236,4.0 239,2.0 251,2.0 256,1.0 259,3.0 264,1.0 277,2.0 311,1.0 313,1.0 328,2.0 453,6.0 454,6.0 460,2.0 498,4.0 
19,10.0 20,2.0 21,4.0 22,18.0 26,23.0 27,16.0 28,22.0 29,11.0 30,6.0 31,12.0 32,10.0 33,2.0 36,14.0 38,8.0 40,36.0 43,2.0 44,3.0 45,2.0 47,12.0 48,15.0 50,16.0 55,14.0 56,4.0 57,2.0 58,2.0 59,2.0 61,1.0 63,8.0 65,2.0 66,2.0 67,2.0 75,2.0 76,4.0 77,2.0 82,4.0 83,4.0 91,4.0 93,6.0 96,6.0 111,2.0 126,6.0 167,1.0 168,1.0 185,2.0 187,3.0 188,1.0 190,2.0 191,2.0 193,2.0 218,2.0 232,1.0 235,2.0 236,2.0 245,2.0 250,3.0 251,2.0 253,2.0 257,1.0 259,2.0 260,2.0 261,4.0 262,2.0 263,1.0 276,4.0 328,2.0 341,1.0 346,1.0 347,1.0 349,1.0 350,1.0 351,1.0 352,1.0 429,6.0 430,6.0 453,6.0 454,6.0 460,2.0 461,6.0 
5,2.0 20,2.0 21,2.0 37,2.0 40,2.0 47,4.0 82,6.0 83,6.0 84,12.0 86,2.0 88,2.0 91,2.0 
22,4.0 26,14.0 29,4.0 38,4.0 41,4.0 44,4.0 56,4.0 57,2.0 58,2.0 59,2.0 60,2.0 61,4.0 191,2.0 245,2.0 253,2.0 276,2.0 
19,2.0 21,4.0 22,6.0 26,6.0 27,2.0 29,3.0 30,3.0 35,1.0 36,2.0 38,9.0 40,2.0 41,2.0 45,19.0 53,2.0 55,6.0 56,2.0 58,5.0 60,2.0 61,2.0 63,2.0 64,2.0 66,8.0 67,4.0 75,5.0 76,3.0 77,4.0 164,4.0 166,4.0 167,2.0 168,3.0 185,1.0 187,2.0 231,3.0 234,2.0 256,1.0 259,2.0 263,2.0 264,2.0 271,1.0 277,2.0 328,1.0 341,1.0 342,1.0 343,1.0 355,1.0 440,2.0 
21,2.0 26,2.0 28,2.0 29,6.0 31,2.0 32,2.0 33,1.0 40,2.0 41,2.0 44,11.0 46,6.0 47,6.0 53,8.0 54,2.0 55,2.0 56,2.0 58,2.0 61,2.0 63,4.0 66,14.0 67,13.0 75,4.0 76,4.0 77,6.0 91,1.0 135,1.0 154,1.0 157,1.0 175,2.0 184,2.0 187,2.0 232,2.0 234,2.0 244,2.0 248,2.0 255,2.0 259,2.0 261,1.0 277,2.0 296,1.0 318,1.0 372,2.0 395,1.0 440,2.0 
26,2.0 29,6.0 30,4.0 167,4.0 168,4.0 187,4.0 190,7.0 191,2.0 251,2.0 256,6.0 258,2.0 264,2.0 268,6.0 276,6.0 277,3.0 400,11.0 450,1.0 452,13.0 455,1.0 462,4.0 464,4.0 465,4.0 466,4.0 467,4.0 468,1.0 470,2.0 486,2.0 487,2.0 490,2.0 507,2.0 508,3.0 
2,4.0 19,4.0 20,2.0 21,2.0 22,2.0 25,2.0 26,4.0 28,22.0 32,4.0 33,9.0 36,2.0 37,4.0 38,8.0 40,4.0 41,6.0 45,6.0 47,2.0 48,15.0 50,4.0 51,1.0 53,7.0 55,1.0 58,2.0 59,2.0 61,6.0 63,18.0 64,6.0 67,4.0 77,2.0 80,1.0 81,1.0 83,4.0 84,2.0 90,7.0 91,9.0 92,10.0 94,2.0 141,2.0 180,3.0 188,4.0 189,2.0 236,1.0 244,10.0 248,2.0 255,2.0 268,1.0 274,2.0 275,1.0 321,1.0 323,2.0 327,1.0 455,2.0 464,2.0 468,2.0 473,2.0 556,2.0 612,16.0 
2,4.0 19,1.0 20,2.0 22,7.0 26,11.0 28,21.0 30,8.0 31,2.0 32,16.0 33,15.0 35,2.0 36,2.0 37,2.0 38,2.0 40,5.0 41,10.0 45,1.0 47,3.0 49,8.0 50,18.0 53,9.0 55,3.0 58,3.0 59,1.0 64,4.0 66,2.0 77,2.0 93,6.0 126,6.0 142,2.0 153,2.0 166,2.0 185,3.0 191,5.0 216,2.0 217,2.0 235,2.0 236,3.0 244,2.0 246,4.0 256,1.0 257,7.0 263,1.0 272,1.0 274,2.0 280,3.0 293,2.0 294,2.0 319,1.0 321,1.0 326,3.0 364,1.0 418,1.0 430,6.0 450,2.0 459,2.0 461,6.0 462,2.0 470,2.0 495,2.0 
36,6.0 75,2.0 90,1.0 142,1.0 168,2.0 178,1.0 180,3.0 236,1.0 368,39.0 450,13.0 455,11.0 462,2.0 463,3.0 464,2.0 465,5.0 467,1.0 468,2.0 470,1.0 486,2.0 489,8.0 504,4.0 
5,1.0 19,2.0 21,2.0 22,7.0 26,2.0 27,9.0 28,26.0 31,14.0 32,27.0 33,12.0 35,2.0 36,22.0 37,10.0 40,2.0 41,8.0 47,4.0 48,15.0 50,2.0 55,7.0 61,2.0 62,2.0 63,2.0 66,1.0 76,7.0 77,2.0 79,2.0 83,2.0 84,2.0 91,10.0 92,4.0 93,12.0 96,6.0 124,2.0 125,1.0 134,2.0 141,6.0 142,2.0 166,2.0 168,4.0 180,2.0 191,2.0 196,1.0 220,2.0 230,2.0 239,2.0 245,2.0 257,6.0 262,1.0 264,2.0 272,1.0 277,4.0 295,1.0 315,1.0 328,2.0 336,6.0 339,3.0 389,6.0 409,1.0 411,12.0 423,1.0 450,2.0 460,2.0 462,4.0 473,2.0 
32,4.0 33,1.0 35,6.0 47,2.0 48,1.0 50,4.0 101,3.0 139,2.0 146,2.0 147,2.0 251,1.0 253,1.0 280,1.0 326,1.0 426,1.0 
43,4.0 46,3.0 49,3.0 56,2.0 79,1.0 164,1.0 191,1.0 272,1.0 277,3.0 346,1.0 368,1.0 400,1.0 452,1.0 455,2.0 456,1.0 463,6.0 464,1.0 466,1.0 467,6.0 468,4.0 487,3.0 489,3.0 624,10.0 
2,1.0 22,9.0 26,5.0 28,2.0 29,2.0 32,2.0 33,2.0 35,2.0 36,2.0 40,5.0 45,4.0 47,4.0 48,5.0 50,2.0 54,2.0 58,8.0 63,1.0 64,1.0 65,1.0 67,4.0 77,6.0 83,2.0 88,2.0 92,2.0 166,2.0 167,2.0 191,3.0 239,2.0 244,2.0 248,2.0 251,1.0 255,2.0 257,3.0 264,1.0 272,2.0 278,1.0 326,2.0 338,1.0 450,2.0 459,2.0 466,2.0 489,2.0 510,2.0 
26,2.0 29,2.0 133,1.0 232,2.0 237,2.0 372,2.0 
19,4.0 21,3.0 26,2.0 27,14.0 30,3.0 32,2.0 35,2.0 36,13.0 40,7.0 41,8.0 44,6.0 45,1.0 48,6.0 50,13.0 58,1.0 62,5.0 64,2.0 66,14.0 75,2.0 76,1.0 82,5.0 93,6.0 96,6.0 154,1.0 166,1.0 167,1.0 168,1.0 185,1.0 186,2.0 189,1.0 190,1.0 231,1.0 232,1.0 256,3.0 257,3.0 261,1.0 263,5.0 264,3.0 277,1.0 280,1.0 307,3.0 318,1.0 328,1.0 334,1.0 341,1.0 342,1.0 343,1.0 356,1.0 360,1.0 361,1.0 364,1.0 389,6.0 395,1.0 411,6.0 429,6.0 498,4.0 
14,1.0 26,4.0 27,2.0 38,2.0 40,2.0 41,6.0 43,8.0 44,2.0 45,2.0 61,6.0 66,2.0 67,2.0 75,2.0 91,2.0 131,1.0 167,1.0 168,1.0 185,2.0 187,2.0 193,2.0 218,2.0 245,2.0 253,2.0 259,2.0 265,2.0 348,1.0 353,1.0 354,1.0 
18,1.0 20,2.0 38,2.0 58,2.0 59,2.0 75,2.0 164,1.0 167,1.0 231,1.0 264,1.0 318,1.0 354,1.0 359,1.0 
20,4.0 26,1.0 27,2.0 28,6.0 29,3.0 30,1.0 32,4.0 35,2.0 36,3.0 44,2.0 45,2.0 47,2.0 48,4.0 50,2.0 53,10.0 57,2.0 59,6.0 61,4.0 63,1.0 67,2.0 69,1.0 76,1.0 77,2.0 92,2.0 164,5.0 166,4.0 167,2.0 185,1.0 187,1.0 191,2.0 231,1.0 248,2.0 250,3.0 256,1.0 257,2.0 258,1.0 264,2.0 272,3.0 280,1.0 326,2.0 349,1.0 350,1.0 352,1.0 356,1.0 357,1.0 358,1.0 459,2.0 
19,4.0 20,6.0 22,4.0 27,3.0 28,1.0 29,2.0 33,2.0 35,6.0 36,6.0 37,4.0 38,2.0 39,1.0 47,1.0 48,1.0 57,2.0 58,4.0 61,2.0 62,1.0 80,1.0 81,1.0 82,4.0 95,1.0 128,1.0 168,1.0 175,1.0 185,1.0 187,1.0 189,1.0 222,1.0 239,2.0 255,1.0 257,1.0 293,1.0 294,1.0 305,1.0 307,1.0 316,1.0 321,8.0 336,1.0 
21,2.0 22,1.0 26,2.0 27,4.0 29,4.0 42,2.0 43,2.0 44,2.0 45,2.0 76,1.0 84,2.0 90,4.0 190,1.0 224,2.0 225,2.0 245,1.0 306,2.0 307,1.0 317,1.0 395,1.0 404,1.0 405,1.0 
19,2.0 20,2.0 26,14.0 27,2.0 28,8.0 29,4.0 30,6.0 35,4.0 36,4.0 37,4.0 41,15.0 43,4.0 44,4.0 45,2.0 48,6.0 55,6.0 56,6.0 58,6.0 59,2.0 63,27.0 76,4.0 78,2.0 91,2.0 164,1.0 174,2.0 180,2.0 184,2.0 185,2.0 187,2.0 188,4.0 191,2.0 245,2.0 247,2.0 250,6.0 253,2.0 256,2.0 257,2.0 264,5.0 265,2.0 272,3.0 276,2.0 277,2.0 429,6.0 440,2.0 461,6.0 
22,2.0 26,2.0 27,1.0 28,2.0 37,4.0 50,2.0 55,2.0 66,1.0 75,2.0 77,1.0 86,2.0 98,1.0 124,1.0 134,1.0 186,2.0 220,4.0 221,3.0 255,3.0 262,2.0 305,3.0 307,10.0 308,1.0 317,1.0 323,1.0 324,1.0 325,1.0 381,1.0 391,1.0 401,1.0 411,1.0 425,1.0 
2,2.0 15,1.0 18,2.0 19,2.0 20,1.0 22,9.0 25,2.0 26,20.0 27,2.0 28,14.0 29,2.0 30,6.0 31,1.0 32,8.0 35,4.0 37,2.0 40,4.0 41,20.0 44,4.0 45,2.0 47,14.0 48,6.0 50,4.0 53,3.0 55,8.0 58,1.0 61,25.0 64,4.0 76,3.0 77,1.0 84,1.0 91,3.0 92,10.0 117,1.0 141,4.0 164,1.0 167,2.0 174,2.0 180,4.0 185,2.0 186,2.0 188,8.0 189,2.0 190,2.0 191,2.0 202,2.0 211,2.0 244,6.0 245,2.0 247,4.0 249,2.0 251,2.0 253,2.0 257,2.0 262,1.0 264,6.0 272,2.0 274,2.0 277,2.0 296,3.0 308,1.0 429,6.0 440,2.0 461,6.0 612,2.0 
2,7.0 19,10.0 21,1.0 22,3.0 26,2.0 27,2.0 28,4.0 32,2.0 40,2.0 44,2.0 47,4.0 48,4.0 53,1.0 55,3.0 60,2.0 63,2.0 87,3.0 90,2.0 139,2.0 189,1.0 191,1.0 224,2.0 231,1.0 244,4.0 246,2.0 251,1.0 616,4.0 
26,2.0 27,2.0 40,2.0 41,2.0 76,1.0 77,1.0 102,3.0 103,2.0 104,2.0 105,2.0 106,2.0 107,2.0 108,2.0 159,1.0 167,1.0 328,1.0 409,1.0 
19,1.0 21,1.0 26,1.0 27,1.0 32,2.0 33,8.0 35,4.0 40,4.0 41,2.0 44,4.0 45,6.0 48,2.0 50,1.0 51,1.0 55,6.0 56,2.0 62,4.0 67,6.0 70,1.0 75,4.0 76,8.0 77,10.0 82,1.0 99,1.0 167,1.0 184,2.0 187,2.0 201,1.0 216,2.0 217,2.0 218,1.0 220,1.0 221,1.0 231,1.0 234,2.0 259,2.0 264,1.0 268,1.0 273,2.0 277,2.0 280,1.0 300,1.0 301,1.0 302,2.0 307,3.0 323,1.0 324,1.0 325,1.0 364,1.0 417,1.0 419,1.0 450,2.0 455,2.0 464,2.0 466,2.0 468,2.0 473,2.0 489,2.0 498,4.0 510,2.0 613,4.0 
19,2.0 21,4.0 28,3.0 32,2.0 34,2.0 38,1.0 40,2.0 41,2.0 44,4.0 45,11.0 47,4.0 53,8.0 56,2.0 58,2.0 66,8.0 75,4.0 76,4.0 77,2.0 83,1.0 91,1.0 92,4.0 108,1.0 132,1.0 139,1.0 156,1.0 182,2.0 183,3.0 184,2.0 185,1.0 187,2.0 190,2.0 199,1.0 204,1.0 207,2.0 225,1.0 231,1.0 234,2.0 244,2.0 248,2.0 255,3.0 259,3.0 296,1.0 297,2.0 310,1.0 317,3.0 346,1.0 365,1.0 385,1.0 395,2.0 397,2.0 401,1.0 412,1.0 416,2.0 424,1.0 467,2.0 468,1.0 487,2.0 504,2.0 505,2.0 
20,2.0 
22,1.0 26,2.0 35,2.0 38,1.0 49,1.0 67,1.0 79,1.0 167,1.0 168,1.0 180,3.0 187,1.0 231,1.0 243,4.0 251,10.0 257,9.0 277,7.0 352,20.0 400,2.0 440,6.0 450,12.0 455,8.0 456,4.0 462,7.0 463,6.0 464,9.0 468,9.0 470,2.0 487,4.0 489,1.0 490,1.0 504,1.0 508,1.0 621,1.0 
48,1.0 59,8.0 163,2.0 164,2.0 165,2.0 166,2.0 201,1.0 364,1.0 417,1.0 
26,6.0 59,6.0 
20,2.0 35,2.0 
5,4.0 20,2.0 94,4.0 153,4.0 
35,2.0 49,2.0 55,2.0 130,6.0 166,3.0 168,7.0 180,4.0 189,6.0 190,4.0 280,1.0 338,4.0 400,3.0 450,4.0 455,4.0 463,7.0 464,6.0 465,4.0 467,2.0 468,4.0 487,1.0 489,12.0 626,3.0 
25,2.0 29,2.0 31,4.0 35,1.0 36,7.0 40,2.0 41,4.0 44,10.0 45,4.0 50,3.0 55,3.0 56,2.0 57,1.0 58,1.0 62,2.0 66,4.0 67,4.0 75,1.0 76,4.0 77,4.0 164,1.0 166,1.0 186,2.0 187,2.0 231,1.0 234,2.0 259,2.0 264,2.0 266,2.0 267,2.0 318,1.0 328,1.0 340,2.0 359,1.0 362,1.0 
19,2.0 22,2.0 29,4.0 31,2.0 32,3.0 35,2.0 36,5.0 37,2.0 40,4.0 41,4.0 44,2.0 45,4.0 48,2.0 50,11.0 55,3.0 58,1.0 60,1.0 61,4.0 63,2.0 66,4.0 67,4.0 75,4.0 77,9.0 135,2.0 164,1.0 166,1.0 174,2.0 180,2.0 184,4.0 234,2.0 256,3.0 257,2.0 262,3.0 263,1.0 264,2.0 308,1.0 328,3.0 337,1.0 356,1.0 360,1.0 361,1.0 460,2.0 
20,1.0 22,1.0 26,1.0 29,2.0 31,2.0 32,4.0 35,4.0 36,2.0 40,2.0 41,2.0 45,2.0 53,1.0 55,2.0 63,5.0 66,6.0 67,2.0 76,11.0 77,1.0 80,2.0 83,1.0 84,1.0 87,1.0 88,2.0 92,6.0 111,1.0 124,3.0 139,1.0 184,2.0 196,1.0 230,1.0 257,2.0 262,4.0 308,1.0 309,1.0 328,1.0 337,1.0 370,1.0 371,1.0 450,2.0 455,2.0 464,2.0 466,2.0 468,2.0 473,2.0 489,2.0 510,2.0 
44,2.0 61,2.0 400,4.0 450,5.0 455,1.0 486,2.0 489,2.0 504,2.0 507,2.0 623,2.0 
46,6.0 74,1.0 79,18.0 80,2.0 81,2.0 123,6.0 180,6.0 189,1.0 191,3.0 239,2.0 243,6.0 244,1.0 275,12.0 277,3.0 280,4.0 281,6.0 343,26.0 367,12.0 368,12.0 400,22.0 442,12.0 450,44.0 451,12.0 452,18.0 455,5.0 462,4.0 463,3.0 464,9.0 465,12.0 466,12.0 467,10.0 468,12.0 486,4.0 487,4.0 489,6.0 504,2.0 508,1.0 
12,1.0 20,2.0 28,1.0 37,2.0 47,1.0 59,3.0 81,11.0 82,6.0 86,2.0 94,3.0 95,5.0 126,5.0 128,2.0 139,2.0 174,2.0 175,1.0 178,1.0 184,2.0 186,2.0 229,3.0 258,2.0 323,1.0 336,3.0 373,2.0 389,5.0 411,2.0 476,2.0 538,1.0 553,2.0 
28,1.0 37,2.0 47,1.0 59,1.0 80,11.0 82,6.0 86,2.0 139,2.0 
19,2.0 20,1.0 21,7.0 28,2.0 32,4.0 35,8.0 37,9.0 40,1.0 59,1.0 62,2.0 64,2.0 66,1.0 67,1.0 84,1.0 85,2.0 87,3.0 89,2.0 94,1.0 98,2.0 111,1.0 116,1.0 132,1.0 152,1.0 225,1.0 231,2.0 255,3.0 305,2.0 321,1.0 333,1.0 334,8.0 335,1.0 499,6.0 551,4.0 
22,2.0 28,2.0 32,4.0 36,4.0 42,2.0 47,4.0 50,2.0 53,2.0 80,1.0 82,2.0 84,2.0 91,6.0 98,1.0 126,1.0 174,2.0 193,3.0 209,1.0 219,2.0 239,2.0 323,1.0 339,2.0 390,1.0 446,1.0 
2,1.0 3,1.0 12,3.0 15,1.0 20,4.0 28,2.0 32,2.0 37,2.0 42,12.0 80,3.0 82,6.0 83,2.0 84,2.0 86,2.0 88,4.0 91,2.0 93,5.0 94,32.0 95,5.0 96,4.0 97,4.0 123,2.0 126,28.0 128,2.0 166,2.0 174,2.0 175,2.0 178,14.0 183,2.0 184,2.0 186,2.0 207,1.0 229,9.0 258,2.0 323,6.0 332,1.0 373,2.0 389,17.0 392,6.0 393,2.0 410,1.0 411,4.0 428,3.0 430,6.0 461,2.0 476,2.0 481,2.0 491,1.0 527,3.0 534,3.0 
64,2.0 80,2.0 81,2.0 203,2.0 
23,1.0 24,1.0 40,4.0 42,2.0 51,2.0 80,2.0 81,2.0 82,2.0 84,2.0 89,2.0 92,2.0 115,1.0 125,2.0 139,2.0 145,2.0 146,2.0 174,2.0 184,3.0 185,1.0 193,2.0 220,2.0 221,2.0 234,2.0 239,2.0 244,2.0 250,2.0 251,1.0 257,1.0 268,1.0 272,1.0 297,1.0 397,1.0 490,1.0 
19,2.0 22,8.0 23,1.0 24,1.0 34,1.0 40,2.0 47,3.0 77,1.0 80,2.0 81,2.0 84,1.0 89,1.0 98,3.0 99,3.0 100,2.0 111,5.0 124,3.0 139,5.0 144,2.0 169,2.0 171,2.0 172,2.0 198,7.0 226,2.0 262,1.0 292,4.0 297,1.0 317,1.0 381,2.0 498,10.0 
28,2.0 32,6.0 42,2.0 53,2.0 82,2.0 84,4.0 95,2.0 98,1.0 115,2.0 117,4.0 124,2.0 134,2.0 135,2.0 142,2.0 162,2.0 174,2.0 175,2.0 190,1.0 193,1.0 222,2.0 223,2.0 239,2.0 246,1.0 262,2.0 403,1.0 618,4.0 
21,1.0 31,1.0 32,1.0 33,1.0 47,5.0 51,2.0 80,2.0 81,2.0 82,2.0 83,2.0 86,2.0 94,6.0 95,6.0 98,1.0 101,4.0 111,1.0 115,1.0 116,5.0 125,1.0 134,6.0 139,2.0 140,2.0 141,2.0 145,2.0 146,2.0 188,1.0 191,1.0 230,1.0 277,1.0 297,2.0 309,1.0 317,1.0 329,1.0 336,6.0 339,2.0 384,1.0 426,2.0 446,1.0 461,6.0 468,2.0 612,3.0 619,2.0 
5,1.0 11,2.0 19,3.0 22,1.0 37,2.0 42,2.0 60,4.0 80,1.0 84,3.0 90,3.0 91,7.0 93,3.0 94,10.0 95,10.0 96,2.0 97,2.0 115,1.0 126,7.0 127,4.0 135,1.0 178,23.0 183,2.0 186,2.0 214,5.0 224,4.0 225,2.0 227,1.0 229,2.0 278,2.0 279,2.0 280,3.0 336,10.0 373,2.0 389,2.0 391,5.0 392,2.0 393,4.0 430,7.0 432,2.0 444,2.0 461,11.0 464,1.0 465,1.0 481,1.0 491,2.0 502,4.0 531,1.0 540,1.0 576,4.0 581,4.0 
2,1.0 3,1.0 19,19.0 20,4.0 21,2.0 22,2.0 25,8.0 26,2.0 27,2.0 28,4.0 31,16.0 33,2.0 35,4.0 37,8.0 41,4.0 47,4.0 48,2.0 50,6.0 56,2.0 61,2.0 67,2.0 82,1.0 84,2.0 90,3.0 91,2.0 92,6.0 93,1.0 99,2.0 120,2.0 121,2.0 122,2.0 124,2.0 127,1.0 147,2.0 152,1.0 174,2.0 177,2.0 186,2.0 187,2.0 190,3.0 244,1.0 265,2.0 293,3.0 294,3.0 296,18.0 298,1.0 313,8.0 331,1.0 333,1.0 334,1.0 381,2.0 385,1.0 440,8.0 491,2.0 
0,2.0 15,1.0 19,4.0 20,4.0 21,22.0 22,8.0 25,2.0 26,2.0 28,2.0 31,8.0 32,6.0 35,4.0 37,2.0 40,8.0 42,2.0 47,6.0 50,2.0 55,4.0 59,2.0 63,8.0 77,2.0 84,4.0 87,4.0 89,2.0 90,2.0 91,5.0 92,16.0 95,2.0 101,4.0 111,2.0 116,4.0 117,1.0 136,2.0 138,4.0 139,2.0 141,6.0 169,2.0 173,2.0 175,2.0 179,2.0 180,4.0 182,2.0 183,2.0 186,4.0 187,4.0 188,8.0 190,2.0 191,2.0 192,2.0 195,2.0 196,2.0 204,2.0 210,2.0 235,2.0 236,2.0 241,2.0 242,2.0 244,2.0 251,2.0 296,3.0 430,2.0 455,2.0 489,2.0 
5,2.0 21,2.0 61,6.0 63,6.0 84,3.0 90,4.0 94,15.0 95,7.0 96,3.0 97,2.0 115,3.0 126,21.0 127,33.0 130,1.0 131,1.0 138,3.0 153,2.0 168,5.0 175,6.0 178,39.0 189,1.0 191,6.0 225,3.0 229,37.0 277,6.0 278,5.0 280,1.0 323,3.0 336,14.0 389,8.0 392,2.0 393,2.0 411,12.0 428,45.0 429,26.0 430,52.0 445,3.0 454,9.0 455,6.0 456,6.0 461,32.0 462,6.0 463,6.0 478,1.0 491,12.0 497,1.0 527,3.0 530,1.0 531,2.0 536,4.0 541,6.0 550,1.0 563,1.0 602,8.0 
0,1.0 2,1.0 3,1.0 12,2.0 15,1.0 27,2.0 82,2.0 84,21.0 88,2.0 89,5.0 90,5.0 93,14.0 94,2.0 95,35.0 96,22.0 97,19.0 98,4.0 112,2.0 114,2.0 116,2.0 123,1.0 126,26.0 127,8.0 153,4.0 168,6.0 174,1.0 178,45.0 183,2.0 184,4.0 188,4.0 189,10.0 191,6.0 207,1.0 226,10.0 229,32.0 230,2.0 239,2.0 244,4.0 248,4.0 250,4.0 251,8.0 253,4.0 257,4.0 276,5.0 277,6.0 278,4.0 280,6.0 281,1.0 309,2.0 323,4.0 325,1.0 332,1.0 336,47.0 364,5.0 389,59.0 392,43.0 393,10.0 410,1.0 411,9.0 426,1.0 427,3.0 428,10.0 461,74.0 481,10.0 502,8.0 533,5.0 534,3.0 564,1.0 595,4.0 596,4.0 597,4.0 602,8.0 
5,1.0 37,2.0 47,1.0 59,1.0 67,2.0 80,3.0 81,1.0 84,4.0 88,2.0 89,2.0 90,5.0 92,2.0 93,7.0 94,48.0 96,2.0 97,2.0 115,1.0 116,2.0 124,2.0 127,2.0 134,2.0 135,1.0 162,2.0 174,7.0 175,4.0 178,24.0 183,2.0 190,2.0 226,6.0 229,13.0 231,2.0 236,2.0 239,7.0 240,2.0 336,51.0 364,5.0 389,2.0 393,6.0 428,1.0 429,1.0 430,11.0 432,2.0 454,2.0 461,57.0 481,6.0 484,1.0 502,8.0 531,1.0 534,1.0 563,2.0 564,1.0 
4,2.0 27,6.0 36,6.0 50,6.0 55,6.0 76,1.0 77,1.0 84,4.0 90,4.0 93,6.0 94,10.0 97,86.0 98,2.0 110,1.0 115,10.0 117,1.0 120,2.0 121,2.0 122,2.0 123,3.0 126,4.0 133,1.0 168,24.0 178,28.0 183,2.0 184,4.0 185,6.0 188,4.0 189,8.0 190,4.0 191,14.0 209,1.0 229,3.0 245,2.0 246,2.0 281,1.0 323,1.0 336,36.0 384,1.0 389,7.0 392,5.0 393,16.0 405,1.0 411,6.0 428,3.0 429,2.0 433,1.0 448,1.0 454,1.0 461,38.0 478,1.0 481,14.0 482,2.0 483,2.0 484,2.0 485,2.0 497,1.0 516,1.0 524,2.0 525,2.0 526,2.0 563,1.0 578,4.0 
4,2.0 76,1.0 77,1.0 84,4.0 90,4.0 94,7.0 96,86.0 98,2.0 110,1.0 115,10.0 117,1.0 123,1.0 126,4.0 133,1.0 168,24.0 178,4.0 183,2.0 184,4.0 185,6.0 188,4.0 189,8.0 190,4.0 191,14.0 209,1.0 245,2.0 246,2.0 281,1.0 336,8.0 384,1.0 389,1.0 392,5.0 393,16.0 405,1.0 429,2.0 448,1.0 461,14.0 481,14.0 482,2.0 483,2.0 484,2.0 485,2.0 516,1.0 524,2.0 525,2.0 526,2.0 578,4.0 
4,1.0 6,4.0 14,6.0 15,1.0 19,2.0 21,1.0 59,1.0 83,1.0 87,1.0 89,3.0 99,3.0 100,2.0 101,4.0 111,4.0 115,3.0 125,2.0 131,2.0 132,1.0 139,1.0 148,2.0 170,4.0 171,2.0 184,4.0 193,10.0 199,2.0 244,4.0 248,4.0 250,4.0 251,4.0 255,3.0 257,4.0 276,5.0 298,1.0 305,3.0 317,2.0 339,1.0 381,4.0 387,1.0 395,3.0 396,1.0 410,1.0 426,2.0 599,4.0 
19,1.0 25,2.0 37,1.0 65,2.0 87,1.0 98,4.0 100,2.0 101,3.0 102,2.0 111,5.0 155,1.0 218,1.0 274,1.0 300,1.0 301,1.0 302,1.0 303,1.0 304,1.0 309,2.0 313,2.0 381,4.0 395,1.0 426,1.0 
4,1.0 5,1.0 65,2.0 95,2.0 99,2.0 101,2.0 102,2.0 111,3.0 112,2.0 113,2.0 139,2.0 154,1.0 
14,2.0 19,1.0 20,2.0 22,4.0 28,2.0 35,4.0 59,2.0 65,2.0 82,1.0 92,4.0 98,2.0 99,2.0 100,2.0 102,2.0 114,2.0 115,2.0 116,2.0 133,1.0 134,2.0 135,1.0 138,6.0 139,4.0 140,1.0 144,1.0 155,1.0 170,6.0 171,2.0 193,2.0 194,1.0 196,4.0 197,4.0 255,1.0 297,1.0 305,1.0 309,1.0 334,1.0 336,6.0 397,1.0 426,2.0 430,6.0 444,1.0 
65,3.0 103,2.0 104,2.0 105,2.0 106,2.0 107,2.0 108,2.0 159,1.0 409,1.0 
104,2.0 105,2.0 106,2.0 107,2.0 108,2.0 109,2.0 164,1.0 167,1.0 188,1.0 247,1.0 254,1.0 256,1.0 258,1.0 264,1.0 272,1.0 273,1.0 299,1.0 515,1.0 516,1.0 517,1.0 518,1.0 519,1.0 
103,2.0 105,2.0 106,2.0 107,2.0 108,2.0 109,2.0 
103,2.0 104,2.0 106,2.0 107,2.0 108,2.0 109,2.0 
103,2.0 104,2.0 105,2.0 107,2.0 108,2.0 109,2.0 
103,2.0 104,2.0 105,2.0 106,2.0 108,2.0 109,2.0 
28,2.0 38,2.0 103,2.0 104,2.0 105,2.0 106,2.0 107,2.0 109,2.0 199,2.0 241,2.0 365,2.0 
110,2.0 
28,1.0 30,1.0 38,1.0 111,2.0 117,1.0 130,1.0 133,1.0 136,1.0 168,1.0 207,1.0 209,1.0 218,1.0 241,1.0 282,1.0 365,1.0 381,1.0 384,2.0 396,1.0 448,1.0 
4,1.0 5,1.0 14,2.0 22,2.0 23,1.0 25,1.0 34,1.0 37,1.0 67,2.0 77,1.0 84,1.0 87,5.0 89,1.0 91,1.0 92,2.0 98,9.0 99,1.0 100,5.0 112,2.0 115,1.0 116,2.0 124,1.0 125,5.0 139,1.0 140,2.0 154,3.0 155,2.0 156,2.0 170,2.0 188,1.0 193,3.0 199,2.0 207,1.0 253,1.0 255,2.0 262,1.0 274,1.0 293,1.0 294,1.0 296,1.0 297,1.0 305,2.0 309,2.0 317,1.0 381,1.0 382,1.0 383,1.0 390,1.0 395,1.0 398,1.0 402,1.0 
93,2.0 100,2.0 113,2.0 114,2.0 126,2.0 
101,2.0 114,2.0 
93,2.0 101,2.0 112,2.0 115,2.0 116,2.0 126,2.0 
4,6.0 5,2.0 23,3.0 24,1.0 27,4.0 29,2.0 86,1.0 88,4.0 94,5.0 98,4.0 99,1.0 101,1.0 111,1.0 116,2.0 125,2.0 135,5.0 140,1.0 143,2.0 155,1.0 178,2.0 183,1.0 193,1.0 227,1.0 255,1.0 268,1.0 305,1.0 336,10.0 339,1.0 387,1.0 393,10.0 395,1.0 445,1.0 461,8.0 481,8.0 490,1.0 
6,1.0 22,2.0 31,1.0 38,1.0 59,2.0 82,1.0 88,4.0 89,4.0 92,2.0 94,2.0 98,1.0 101,4.0 111,2.0 115,2.0 125,2.0 134,1.0 135,2.0 139,4.0 140,5.0 141,4.0 193,1.0 230,1.0 309,1.0 317,2.0 321,2.0 322,1.0 334,1.0 339,1.0 381,1.0 398,2.0 401,1.0 402,1.0 
4,2.0 15,1.0 23,2.0 24,2.0 59,1.0 63,1.0 91,1.0 92,1.0 110,1.0 118,4.0 133,1.0 166,2.0 209,1.0 244,1.0 296,1.0 320,1.0 321,1.0 384,1.0 385,1.0 390,2.0 448,1.0 449,1.0 
119,4.0 
96,2.0 129,2.0 220,1.0 432,1.0 
12,1.0 13,1.0 15,2.0 19,1.0 25,2.0 91,2.0 94,1.0 121,4.0 122,4.0 123,2.0 124,4.0 231,1.0 268,1.0 323,1.0 344,1.0 389,1.0 414,2.0 528,1.0 529,1.0 
19,1.0 91,2.0 120,4.0 122,6.0 123,2.0 124,4.0 289,1.0 290,2.0 291,2.0 292,1.0 293,1.0 294,1.0 
19,1.0 91,2.0 120,4.0 121,6.0 123,2.0 124,4.0 289,1.0 290,2.0 291,2.0 292,1.0 293,1.0 294,1.0 
20,2.0 22,2.0 40,8.0 41,6.0 45,2.0 47,2.0 53,2.0 67,4.0 84,2.0 91,1.0 92,2.0 117,2.0 120,2.0 121,2.0 122,2.0 123,6.0 124,2.0 147,2.0 166,2.0 167,5.0 168,1.0 177,2.0 180,20.0 184,3.0 185,15.0 186,2.0 187,3.0 188,1.0 189,5.0 190,1.0 236,3.0 243,11.0 244,1.0 250,12.0 255,2.0 258,1.0 260,1.0 264,1.0 267,1.0 276,13.0 277,1.0 280,1.0 281,23.0 
19,2.0 21,2.0 37,1.0 91,2.0 92,4.0 98,2.0 111,4.0 116,2.0 125,4.0 129,1.0 134,4.0 139,1.0 140,2.0 154,2.0 171,2.0 230,2.0 274,1.0 441,1.0 
6,2.0 23,2.0 24,1.0 86,2.0 98,4.0 100,2.0 101,1.0 111,5.0 115,2.0 116,2.0 131,2.0 140,2.0 193,1.0 199,1.0 200,1.0 244,2.0 248,1.0 251,1.0 253,1.0 268,1.0 272,1.0 293,1.0 294,1.0 312,1.0 380,1.0 395,1.0 398,1.0 402,1.0 490,1.0 
11,2.0 12,5.0 19,2.0 47,2.0 59,2.0 80,3.0 84,8.0 90,6.0 92,2.0 93,28.0 94,40.0 95,5.0 96,11.0 97,10.0 112,2.0 114,2.0 115,1.0 127,5.0 128,7.0 131,1.0 139,2.0 167,2.0 173,2.0 174,1.0 175,1.0 178,30.0 183,8.0 187,2.0 188,5.0 190,2.0 191,4.0 214,3.0 220,1.0 226,4.0 228,2.0 229,7.0 239,2.0 246,2.0 247,5.0 251,3.0 257,1.0 264,2.0 276,3.0 277,9.0 280,4.0 309,2.0 323,1.0 325,1.0 336,11.0 389,28.0 390,1.0 391,3.0 392,18.0 411,7.0 426,1.0 427,1.0 428,11.0 429,1.0 430,36.0 432,12.0 433,1.0 461,17.0 462,6.0 463,6.0 476,4.0 497,3.0 534,2.0 536,4.0 538,1.0 544,6.0 595,4.0 596,4.0 597,4.0 607,8.0 
5,1.0 87,2.0 90,2.0 93,41.0 94,8.0 95,2.0 100,1.0 111,1.0 126,14.0 128,2.0 138,3.0 141,2.0 154,1.0 162,2.0 167,2.0 168,8.0 175,5.0 178,15.0 188,9.0 189,9.0 191,4.0 214,4.0 225,2.0 229,12.0 257,5.0 276,4.0 277,4.0 278,9.0 336,2.0 389,9.0 391,1.0 428,27.0 429,1.0 430,44.0 440,3.0 445,3.0 454,3.0 461,5.0 477,8.0 478,9.0 491,11.0 532,1.0 536,4.0 541,6.0 555,2.0 563,3.0 602,8.0 604,4.0 
12,3.0 37,2.0 80,3.0 90,1.0 95,5.0 126,10.0 127,2.0 166,2.0 168,1.0 175,1.0 185,1.0 220,1.0 229,5.0 231,2.0 239,3.0 256,2.0 259,2.0 264,2.0 268,1.0 276,1.0 277,1.0 328,2.0 357,2.0 379,1.0 389,7.0 428,7.0 431,4.0 432,6.0 467,1.0 469,1.0 487,2.0 538,1.0 
19,3.0 20,1.0 21,1.0 33,2.0 40,2.0 48,1.0 66,1.0 78,1.0 82,1.0 87,1.0 111,1.0 129,1.0 130,2.0 153,1.0 168,4.0 180,4.0 188,3.0 189,8.0 190,3.0 231,2.0 235,1.0 236,2.0 244,2.0 248,1.0 250,8.0 251,7.0 253,1.0 257,2.0 268,2.0 272,4.0 276,2.0 280,2.0 441,8.0 508,1.0 523,2.0 
69,2.0 79,2.0 84,2.0 90,1.0 91,2.0 93,2.0 94,2.0 120,2.0 121,2.0 122,2.0 167,2.0 168,28.0 180,6.0 184,5.0 185,6.0 187,1.0 188,1.0 189,5.0 190,8.0 191,5.0 231,2.0 234,1.0 236,1.0 243,6.0 244,4.0 247,1.0 250,4.0 256,1.0 259,9.0 264,1.0 268,2.0 276,13.0 277,4.0 280,1.0 282,12.0 328,1.0 360,1.0 440,2.0 450,3.0 454,2.0 456,1.0 457,1.0 462,1.0 467,1.0 488,1.0 489,3.0 490,1.0 621,1.0 
6,2.0 14,1.0 93,1.0 126,1.0 132,2.0 133,2.0 134,2.0 178,1.0 191,1.0 276,1.0 430,1.0 
4,3.0 67,1.0 116,2.0 133,2.0 134,5.0 139,1.0 140,2.0 225,2.0 255,1.0 297,2.0 317,3.0 396,1.0 397,2.0 
59,1.0 110,2.0 116,2.0 117,1.0 125,1.0 132,2.0 134,2.0 135,1.0 143,1.0 177,1.0 200,2.0 209,1.0 230,1.0 293,1.0 294,1.0 295,1.0 312,1.0 321,1.0 384,1.0 448,1.0 
27,1.0 33,1.0 47,3.0 82,1.0 89,5.0 92,6.0 101,1.0 111,1.0 115,1.0 116,3.0 124,4.0 125,1.0 132,2.0 133,2.0 140,4.0 141,2.0 194,5.0 230,2.0 255,1.0 293,1.0 294,1.0 298,1.0 305,1.0 317,2.0 334,1.0 339,1.0 381,1.0 384,1.0 397,1.0 612,2.0 
4,2.0 5,2.0 29,2.0 58,2.0 88,2.0 101,1.0 115,2.0 136,2.0 162,2.0 200,1.0 227,1.0 297,1.0 316,1.0 317,1.0 397,1.0 
21,2.0 40,1.0 50,1.0 88,2.0 92,2.0 137,2.0 142,2.0 195,4.0 311,1.0 315,1.0 406,1.0 407,1.0 408,1.0 558,1.0 559,1.0 560,1.0 
35,2.0 158,2.0 159,2.0 160,2.0 161,2.0 
35,4.0 87,2.0 92,2.0 93,3.0 101,4.0 127,3.0 170,4.0 196,4.0 197,4.0 428,3.0 445,3.0 
4,4.0 5,2.0 22,10.0 24,2.0 67,1.0 92,4.0 100,2.0 101,4.0 111,2.0 116,2.0 117,2.0 124,1.0 126,2.0 129,1.0 132,1.0 141,4.0 167,2.0 172,2.0 174,2.0 262,1.0 308,1.0 317,2.0 441,1.0 498,2.0 
6,1.0 38,1.0 59,2.0 92,2.0 98,1.0 101,2.0 111,2.0 115,1.0 116,5.0 125,2.0 134,3.0 135,1.0 141,2.0 144,1.0 155,1.0 193,1.0 194,1.0 317,1.0 339,1.0 381,1.0 398,1.0 401,1.0 402,1.0 
22,4.0 36,2.0 47,2.0 50,6.0 87,2.0 89,2.0 91,4.0 101,2.0 116,4.0 124,2.0 127,2.0 134,2.0 136,2.0 139,6.0 174,2.0 214,2.0 236,1.0 241,2.0 242,2.0 244,1.0 329,1.0 330,1.0 
32,2.0 35,2.0 55,4.0 88,2.0 115,2.0 185,1.0 231,1.0 250,4.0 257,2.0 280,2.0 450,21.0 455,2.0 462,2.0 489,1.0 614,4.0 
87,2.0 133,1.0 156,1.0 177,1.0 230,1.0 293,1.0 294,1.0 295,1.0 299,1.0 
15,1.0 28,1.0 86,2.0 89,2.0 101,1.0 120,1.0 134,1.0 140,1.0 145,2.0 155,1.0 194,1.0 200,1.0 201,1.0 202,1.0 297,1.0 
51,2.0 86,2.0 89,2.0 146,2.0 
51,2.0 147,2.0 
15,1.0 84,2.0 86,1.0 91,2.0 123,2.0 125,1.0 139,2.0 177,4.0 190,2.0 229,1.0 268,1.0 283,1.0 388,1.0 389,1.0 394,1.0 
149,2.0 150,1.0 151,1.0 399,1.0 
150,2.0 151,2.0 
27,2.0 50,1.0 55,1.0 151,3.0 152,2.0 
20,2.0 27,2.0 50,1.0 55,1.0 150,3.0 152,2.0 450,2.0 620,2.0 
25,1.0 27,2.0 40,2.0 45,1.0 63,1.0 67,1.0 92,1.0 117,1.0 255,1.0 305,1.0 313,1.0 333,2.0 
20,9.0 27,2.0 48,2.0 62,1.0 63,2.0 91,2.0 92,2.0 94,4.0 124,2.0 164,1.0 168,2.0 185,3.0 189,1.0 251,1.0 253,1.0 257,3.0 307,1.0 329,1.0 389,4.0 392,4.0 438,1.0 439,1.0 
4,1.0 5,1.0 45,1.0 50,2.0 55,1.0 100,1.0 111,3.0 155,2.0 156,2.0 261,1.0 318,1.0 395,1.0 
99,1.0 101,2.0 134,1.0 140,1.0 144,1.0 156,2.0 157,2.0 194,1.0 426,1.0 
143,1.0 155,2.0 157,2.0 220,1.0 221,1.0 299,1.0 
45,1.0 135,1.0 137,2.0 158,2.0 159,2.0 164,1.0 167,1.0 188,1.0 247,1.0 254,1.0 256,1.0 258,1.0 264,1.0 272,1.0 273,1.0 299,1.0 515,1.0 516,1.0 517,1.0 518,1.0 519,1.0 
137,2.0 159,2.0 160,2.0 161,2.0 
137,2.0 148,1.0 158,2.0 160,2.0 161,2.0 315,1.0 399,1.0 409,2.0 
40,2.0 161,2.0 
40,2.0 91,4.0 160,2.0 182,4.0 489,4.0 
9,1.0 11,2.0 21,2.0 31,2.0 47,2.0 70,2.0 163,2.0 164,2.0 165,2.0 319,1.0 527,1.0 555,2.0 
70,2.0 164,2.0 165,2.0 166,2.0 
18,1.0 28,3.0 30,1.0 36,1.0 38,2.0 40,4.0 41,4.0 44,1.0 48,4.0 52,1.0 57,2.0 58,4.0 61,1.0 69,1.0 70,2.0 75,1.0 76,1.0 133,1.0 163,2.0 164,2.0 165,2.0 166,17.0 167,8.0 168,3.0 180,2.0 187,4.0 188,6.0 189,4.0 190,8.0 191,14.0 231,2.0 232,2.0 244,2.0 246,2.0 250,4.0 251,4.0 254,9.0 256,6.0 257,9.0 258,5.0 260,2.0 261,2.0 264,13.0 265,1.0 272,11.0 273,2.0 276,1.0 277,4.0 280,2.0 329,4.0 330,2.0 349,1.0 350,1.0 352,1.0 354,1.0 355,1.0 356,1.0 440,3.0 464,1.0 520,2.0 521,2.0 
70,2.0 163,2.0 164,2.0 166,2.0 
27,4.0 28,2.0 29,1.0 30,1.0 32,8.0 36,3.0 40,2.0 41,2.0 44,6.0 45,8.0 47,8.0 48,2.0 50,3.0 53,2.0 55,2.0 56,2.0 58,4.0 63,8.0 66,6.0 67,8.0 69,2.0 74,2.0 75,5.0 76,6.0 77,2.0 87,2.0 92,4.0 94,1.0 127,2.0 142,2.0 164,5.0 166,2.0 167,4.0 168,2.0 180,6.0 184,2.0 185,2.0 190,2.0 191,22.0 231,9.0 235,4.0 236,2.0 243,12.0 244,2.0 245,2.0 248,2.0 251,10.0 254,2.0 256,19.0 257,8.0 259,2.0 261,4.0 263,1.0 264,2.0 271,2.0 272,2.0 275,2.0 276,1.0 302,1.0 326,2.0 328,2.0 338,2.0 341,1.0 342,2.0 343,1.0 344,1.0 346,3.0 356,1.0 363,1.0 385,1.0 411,3.0 412,1.0 427,2.0 450,2.0 459,2.0 462,2.0 463,2.0 468,3.0 489,2.0 503,2.0 520,2.0 521,2.0 
0,2.0 18,1.0 20,2.0 22,6.0 26,4.0 28,2.0 38,4.0 40,3.0 41,5.0 49,1.0 55,1.0 56,1.0 57,1.0 58,1.0 61,8.0 63,10.0 65,1.0 66,1.0 69,1.0 76,2.0 77,2.0 84,2.0 92,2.0 95,2.0 123,5.0 126,2.0 127,3.0 159,1.0 164,10.0 166,2.0 167,15.0 168,14.0 169,2.0 170,2.0 173,2.0 174,2.0 175,2.0 179,2.0 180,31.0 184,9.0 185,47.0 186,8.0 187,40.0 188,4.0 189,12.0 190,8.0 191,44.0 229,3.0 235,1.0 236,12.0 237,1.0 242,4.0 243,8.0 244,6.0 246,15.0 249,2.0 250,6.0 251,2.0 254,6.0 256,21.0 257,2.0 258,13.0 259,8.0 260,5.0 263,2.0 264,57.0 267,1.0 268,4.0 272,4.0 273,2.0 275,1.0 276,12.0 277,61.0 280,2.0 281,1.0 292,4.0 327,1.0 328,12.0 329,4.0 330,2.0 333,1.0 336,2.0 337,1.0 349,2.0 350,2.0 351,1.0 352,2.0 353,1.0 354,2.0 373,1.0 400,1.0 409,1.0 428,3.0 440,7.0 442,1.0 450,4.0 455,4.0 460,10.0 464,4.0 465,4.0 468,4.0 517,1.0 531,1.0 542,3.0 558,1.0 582,4.0 585,4.0 587,4.0 588,4.0 
5,1.0 14,1.0 19,4.0 21,3.0 22,2.0 26,4.0 27,2.0 29,1.0 30,1.0 33,3.0 36,2.0 38,1.0 40,3.0 41,1.0 43,2.0 44,3.0 46,3.0 47,1.0 50,3.0 55,2.0 56,2.0 64,1.0 69,2.0 79,2.0 84,5.0 86,3.0 94,2.0 126,3.0 127,4.0 129,6.0 130,28.0 131,1.0 164,3.0 166,4.0 167,9.0 168,4.0 176,2.0 178,8.0 180,21.0 184,8.0 185,16.0 187,7.0 188,12.0 189,34.0 190,25.0 191,36.0 231,6.0 234,1.0 235,6.0 236,10.0 243,21.0 244,8.0 245,2.0 246,6.0 247,1.0 250,6.0 254,1.0 256,8.0 257,2.0 258,2.0 259,13.0 261,1.0 263,4.0 264,5.0 268,11.0 269,1.0 271,1.0 272,8.0 275,10.0 276,31.0 277,34.0 278,12.0 279,2.0 280,16.0 282,6.0 327,1.0 328,1.0 338,1.0 341,2.0 342,1.0 345,1.0 346,1.0 347,1.0 348,1.0 360,1.0 389,1.0 391,3.0 440,10.0 441,2.0 442,4.0 443,1.0 450,7.0 455,4.0 456,1.0 457,1.0 461,6.0 462,1.0 464,4.0 465,4.0 467,1.0 468,5.0 470,1.0 472,2.0 473,2.0 477,4.0 478,4.0 486,1.0 487,1.0 488,1.0 489,3.0 490,1.0 503,3.0 504,3.0 531,1.0 533,5.0 535,1.0 537,1.0 569,24.0 571,2.0 582,4.0 604,4.0 621,1.0 
87,2.0 124,2.0 170,2.0 171,4.0 
14,2.0 31,2.0 92,4.0 98,2.0 101,2.0 169,2.0 171,4.0 193,2.0 197,4.0 
91,2.0 92,2.0 123,2.0 124,2.0 
139,2.0 167,2.0 
167,2.0 174,2.0 188,2.0 189,2.0 
22,2.0 32,2.0 37,2.0 80,2.0 83,2.0 84,6.0 88,2.0 94,1.0 95,10.0 103,1.0 124,2.0 134,2.0 139,2.0 141,2.0 157,1.0 175,6.0 178,1.0 184,4.0 186,4.0 188,2.0 193,2.0 219,2.0 239,4.0 247,2.0 258,4.0 273,2.0 299,2.0 373,4.0 389,1.0 424,2.0 476,4.0 515,2.0 516,2.0 517,2.0 518,2.0 519,2.0 534,1.0 
0,2.0 20,2.0 84,5.0 88,2.0 91,2.0 93,3.0 94,1.0 96,4.0 97,4.0 123,4.0 127,6.0 147,4.0 177,4.0 178,2.0 222,3.0 223,2.0 229,6.0 239,6.0 323,4.0 391,1.0 395,1.0 428,3.0 430,4.0 541,3.0 
0,2.0 92,2.0 167,2.0 
84,2.0 91,2.0 123,2.0 133,1.0 143,1.0 147,4.0 190,2.0 230,1.0 293,1.0 294,1.0 295,1.0 
12,1.0 19,2.0 80,1.0 84,14.0 89,5.0 90,21.0 93,47.0 94,66.0 95,28.0 96,28.0 97,4.0 98,4.0 115,3.0 126,31.0 127,12.0 128,1.0 131,1.0 167,2.0 168,1.0 174,1.0 179,2.0 183,2.0 184,4.0 185,1.0 186,2.0 188,2.0 190,3.0 191,3.0 207,1.0 214,2.0 229,10.0 244,4.0 247,2.0 248,4.0 250,4.0 251,8.0 253,4.0 257,4.0 276,5.0 278,2.0 279,2.0 280,5.0 323,8.0 336,59.0 373,2.0 389,37.0 391,3.0 392,12.0 393,6.0 410,1.0 428,13.0 429,14.0 430,31.0 432,6.0 444,2.0 454,4.0 461,86.0 464,1.0 465,1.0 476,2.0 481,7.0 491,6.0 502,8.0 527,3.0 530,1.0 531,2.0 534,2.0 535,1.0 536,4.0 537,1.0 540,1.0 550,1.0 595,4.0 596,4.0 597,4.0 
32,2.0 91,2.0 167,2.0 180,2.0 
22,8.0 26,8.0 28,4.0 40,6.0 41,14.0 47,2.0 49,1.0 52,1.0 61,4.0 63,18.0 69,4.0 74,2.0 76,2.0 84,2.0 86,1.0 87,4.0 92,4.0 94,2.0 95,2.0 123,24.0 125,2.0 126,2.0 129,4.0 130,11.0 166,10.0 167,23.0 168,17.0 174,2.0 180,9.0 181,2.0 184,4.0 185,23.0 186,8.0 187,28.0 188,18.0 189,20.0 190,13.0 191,20.0 198,4.0 205,2.0 229,3.0 231,10.0 234,1.0 235,6.0 236,23.0 242,4.0 243,33.0 244,16.0 245,6.0 246,21.0 247,1.0 248,1.0 250,27.0 251,11.0 253,2.0 257,12.0 258,5.0 260,2.0 264,15.0 267,1.0 268,6.0 269,4.0 272,2.0 275,6.0 276,17.0 277,4.0 278,1.0 279,1.0 280,6.0 281,20.0 282,4.0 326,3.0 328,7.0 336,2.0 373,1.0 400,1.0 428,3.0 441,4.0 442,2.0 450,1.0 456,2.0 457,1.0 460,5.0 462,3.0 463,4.0 464,1.0 466,1.0 467,2.0 488,1.0 489,5.0 491,2.0 503,3.0 509,1.0 512,1.0 513,2.0 514,2.0 523,2.0 539,1.0 542,3.0 574,2.0 588,4.0 621,3.0 
123,2.0 
32,2.0 91,8.0 111,2.0 161,4.0 210,2.0 468,4.0 489,4.0 560,4.0 
22,4.0 24,2.0 40,2.0 59,2.0 82,4.0 84,3.0 86,2.0 90,4.0 94,1.0 96,2.0 97,2.0 126,10.0 127,1.0 139,2.0 175,1.0 178,3.0 204,10.0 207,2.0 208,2.0 209,2.0 228,2.0 255,1.0 389,1.0 391,1.0 392,2.0 401,1.0 534,1.0 
27,2.0 29,2.0 41,2.0 86,3.0 92,2.0 94,4.0 98,4.0 123,3.0 126,4.0 130,4.0 142,1.0 166,2.0 167,6.0 168,6.0 178,4.0 180,2.0 184,2.0 185,59.0 186,8.0 187,13.0 188,1.0 189,1.0 190,14.0 191,8.0 231,12.0 232,2.0 234,4.0 235,3.0 236,9.0 237,4.0 243,1.0 244,17.0 246,15.0 248,4.0 250,6.0 251,7.0 253,1.0 256,4.0 257,4.0 258,12.0 259,2.0 260,2.0 261,2.0 268,3.0 275,1.0 276,11.0 277,6.0 278,2.0 279,2.0 280,1.0 281,3.0 282,4.0 366,1.0 373,4.0 379,1.0 389,4.0 440,4.0 442,1.0 461,4.0 462,1.0 463,1.0 464,1.0 465,1.0 470,1.0 476,4.0 481,4.0 494,2.0 582,4.0 587,4.0 593,4.0 594,4.0 595,4.0 596,4.0 599,4.0 
13,1.0 14,1.0 19,3.0 21,3.0 25,1.0 26,3.0 27,7.0 28,1.0 29,4.0 30,1.0 38,2.0 40,12.0 41,12.0 43,2.0 44,2.0 45,2.0 47,1.0 48,1.0 55,5.0 56,4.0 61,1.0 62,2.0 64,1.0 66,2.0 67,2.0 75,4.0 84,2.0 90,5.0 92,2.0 123,7.0 126,3.0 127,2.0 129,2.0 130,11.0 131,1.0 142,1.0 164,1.0 166,6.0 167,63.0 168,33.0 180,20.0 184,21.0 185,28.0 186,8.0 187,18.0 188,2.0 189,3.0 190,29.0 191,75.0 214,2.0 224,1.0 231,12.0 234,1.0 235,3.0 236,26.0 237,6.0 243,7.0 244,23.0 246,26.0 249,1.0 250,22.0 251,9.0 253,1.0 255,1.0 256,21.0 257,12.0 258,16.0 259,9.0 261,3.0 263,1.0 264,46.0 268,10.0 269,10.0 272,1.0 275,3.0 276,36.0 277,78.0 280,7.0 281,7.0 282,5.0 327,1.0 333,1.0 341,1.0 346,1.0 347,1.0 348,1.0 349,1.0 350,1.0 351,1.0 352,1.0 353,1.0 354,1.0 369,1.0 389,1.0 440,22.0 441,2.0 442,3.0 450,1.0 464,1.0 468,1.0 470,1.0 494,4.0 511,2.0 512,3.0 517,1.0 535,1.0 539,1.0 558,1.0 582,4.0 584,2.0 587,4.0 593,4.0 594,4.0 
20,4.0 26,4.0 28,2.0 43,4.0 56,4.0 61,4.0 63,2.0 90,5.0 164,4.0 167,10.0 168,3.0 180,6.0 184,4.0 185,16.0 186,5.0 187,27.0 188,3.0 189,3.0 190,1.0 191,14.0 224,1.0 228,2.0 233,2.0 236,10.0 237,9.0 242,4.0 244,1.0 246,17.0 247,6.0 248,1.0 254,5.0 256,2.0 258,15.0 259,2.0 264,6.0 272,2.0 276,1.0 277,7.0 278,2.0 279,2.0 280,3.0 327,2.0 328,2.0 329,1.0 373,9.0 437,1.0 440,1.0 460,2.0 476,4.0 511,2.0 512,2.0 588,4.0 
20,4.0 22,8.0 26,12.0 28,2.0 38,2.0 41,9.0 43,4.0 49,1.0 56,5.0 57,1.0 58,1.0 61,10.0 63,14.0 67,2.0 83,2.0 90,7.0 91,1.0 92,4.0 95,2.0 123,1.0 164,8.0 167,61.0 168,4.0 178,15.0 180,27.0 184,4.0 185,30.0 186,27.0 187,5.0 188,8.0 189,8.0 190,9.0 191,40.0 228,2.0 229,3.0 231,2.0 232,1.0 233,2.0 236,17.0 237,1.0 242,4.0 243,7.0 244,2.0 246,24.0 247,4.0 249,4.0 250,16.0 252,2.0 254,6.0 256,13.0 258,6.0 259,2.0 260,5.0 263,3.0 264,37.0 268,8.0 272,10.0 273,8.0 275,4.0 276,19.0 277,40.0 280,10.0 281,1.0 296,1.0 327,1.0 328,12.0 329,6.0 330,2.0 336,2.0 349,2.0 350,2.0 373,1.0 400,1.0 428,3.0 440,5.0 450,4.0 455,6.0 460,11.0 464,4.0 465,4.0 468,4.0 489,2.0 511,2.0 512,2.0 542,3.0 585,4.0 588,4.0 
4,2.0 20,1.0 22,3.0 23,2.0 26,1.0 31,3.0 63,1.0 77,1.0 90,4.0 92,2.0 103,1.0 126,2.0 129,1.0 130,2.0 139,2.0 157,1.0 164,4.0 166,4.0 167,2.0 168,9.0 173,2.0 175,2.0 180,9.0 184,3.0 185,3.0 186,1.0 187,15.0 188,3.0 189,37.0 190,7.0 191,21.0 220,1.0 229,2.0 235,3.0 236,7.0 237,1.0 243,1.0 244,21.0 245,1.0 246,23.0 247,10.0 250,1.0 251,11.0 252,2.0 253,1.0 254,2.0 256,8.0 257,11.0 258,6.0 259,5.0 264,22.0 265,1.0 272,2.0 273,2.0 276,11.0 277,15.0 278,16.0 279,1.0 280,14.0 282,2.0 299,2.0 326,1.0 328,1.0 411,1.0 440,2.0 441,2.0 459,1.0 476,4.0 477,8.0 478,9.0 494,2.0 497,3.0 503,1.0 513,2.0 514,2.0 515,2.0 516,2.0 517,2.0 518,2.0 519,2.0 523,2.0 576,4.0 578,4.0 581,4.0 
4,2.0 20,1.0 21,3.0 22,5.0 23,4.0 26,5.0 31,3.0 48,1.0 55,1.0 58,1.0 61,7.0 63,8.0 64,1.0 69,1.0 74,1.0 77,1.0 84,2.0 90,4.0 91,2.0 94,2.0 123,2.0 125,1.0 129,7.0 130,9.0 139,2.0 164,2.0 166,4.0 167,17.0 168,33.0 175,2.0 178,6.0 180,33.0 184,2.0 185,4.0 186,1.0 187,26.0 188,39.0 189,12.0 190,16.0 191,36.0 205,2.0 220,1.0 229,2.0 233,2.0 235,3.0 236,8.0 243,6.0 244,12.0 246,22.0 247,2.0 250,14.0 251,12.0 253,5.0 256,22.0 257,22.0 258,6.0 259,2.0 260,1.0 263,2.0 264,19.0 265,1.0 268,2.0 269,2.0 272,2.0 275,2.0 276,5.0 277,24.0 278,19.0 279,2.0 280,29.0 282,2.0 326,11.0 327,1.0 328,15.0 398,2.0 404,2.0 411,1.0 440,6.0 441,8.0 442,2.0 450,1.0 459,7.0 460,13.0 461,6.0 462,1.0 463,1.0 472,4.0 473,4.0 475,2.0 477,8.0 478,9.0 488,3.0 489,5.0 491,2.0 494,2.0 496,2.0 503,1.0 513,2.0 514,2.0 523,4.0 533,5.0 537,1.0 576,8.0 578,4.0 581,4.0 
15,1.0 19,2.0 26,1.0 28,2.0 36,2.0 40,4.0 41,5.0 48,4.0 56,1.0 61,2.0 76,2.0 84,2.0 92,2.0 94,2.0 96,2.0 97,2.0 120,1.0 125,1.0 126,1.0 130,8.0 164,9.0 166,9.0 167,12.0 168,45.0 180,21.0 184,5.0 185,34.0 187,9.0 188,7.0 189,14.0 190,2.0 191,37.0 231,6.0 232,2.0 234,1.0 235,4.0 236,12.0 243,5.0 244,3.0 245,6.0 246,4.0 247,3.0 248,1.0 250,4.0 256,9.0 258,3.0 259,4.0 264,9.0 268,9.0 269,5.0 275,4.0 276,14.0 277,20.0 278,2.0 279,2.0 280,10.0 282,4.0 292,4.0 328,1.0 341,1.0 348,1.0 376,1.0 377,1.0 389,3.0 392,2.0 440,8.0 442,4.0 450,5.0 455,6.0 456,1.0 462,1.0 464,4.0 465,4.0 468,7.0 471,2.0 473,1.0 474,2.0 476,2.0 488,1.0 489,1.0 494,2.0 503,1.0 535,1.0 569,4.0 582,4.0 
11,2.0 21,2.0 22,2.0 23,2.0 26,3.0 27,6.0 29,4.0 31,2.0 32,6.0 36,6.0 38,2.0 41,3.0 47,6.0 48,4.0 50,2.0 56,2.0 63,8.0 74,1.0 79,1.0 84,3.0 87,1.0 90,13.0 91,1.0 92,6.0 111,1.0 123,2.0 125,1.0 126,1.0 127,12.0 130,6.0 142,2.0 164,4.0 166,24.0 167,44.0 168,40.0 178,21.0 180,16.0 184,26.0 185,53.0 186,9.0 187,27.0 188,9.0 189,18.0 190,22.0 191,8.0 214,2.0 224,1.0 231,2.0 236,8.0 237,7.0 243,22.0 244,6.0 246,51.0 247,3.0 250,3.0 251,20.0 253,3.0 254,2.0 256,3.0 257,9.0 258,14.0 259,3.0 264,55.0 268,12.0 269,8.0 272,14.0 273,8.0 275,4.0 276,43.0 277,88.0 278,8.0 279,2.0 280,32.0 281,2.0 282,4.0 283,2.0 292,8.0 296,1.0 326,2.0 339,1.0 341,1.0 348,1.0 360,4.0 389,1.0 391,3.0 440,17.0 450,3.0 452,1.0 455,2.0 456,2.0 459,1.0 461,6.0 462,2.0 463,1.0 470,4.0 471,4.0 474,4.0 476,2.0 479,2.0 490,5.0 494,2.0 495,4.0 511,2.0 512,2.0 520,2.0 521,2.0 531,1.0 533,5.0 535,1.0 537,1.0 570,6.0 571,2.0 572,2.0 573,6.0 577,4.0 583,2.0 584,2.0 585,4.0 604,4.0 
92,2.0 
14,4.0 21,2.0 23,1.0 59,1.0 87,1.0 89,3.0 92,2.0 98,10.0 101,2.0 111,3.0 115,1.0 125,1.0 134,1.0 170,4.0 171,2.0 199,2.0 214,2.0 215,2.0 381,3.0 395,1.0 426,2.0 
92,4.0 134,5.0 381,1.0 397,1.0 
21,2.0 92,2.0 136,4.0 
32,2.0 35,6.0 75,2.0 101,4.0 138,4.0 170,4.0 197,4.0 244,2.0 247,2.0 248,2.0 251,2.0 253,2.0 339,1.0 340,2.0 503,2.0 
31,2.0 92,2.0 170,4.0 
40,2.0 47,3.0 87,7.0 92,2.0 292,4.0 
14,2.0 19,2.0 37,1.0 98,2.0 111,2.0 170,2.0 193,2.0 207,1.0 241,2.0 298,2.0 317,1.0 385,1.0 390,2.0 395,1.0 396,1.0 416,1.0 447,1.0 
28,3.0 125,1.0 135,1.0 144,1.0 201,3.0 202,3.0 293,1.0 294,1.0 312,1.0 316,1.0 
28,3.0 48,1.0 70,1.0 144,1.0 200,3.0 202,3.0 364,1.0 417,1.0 
18,2.0 28,3.0 35,2.0 144,1.0 200,3.0 201,3.0 211,2.0 
64,2.0 85,2.0 
22,2.0 82,4.0 183,10.0 207,2.0 208,2.0 209,2.0 255,1.0 401,1.0 
21,2.0 53,2.0 79,1.0 80,2.0 95,2.0 206,2.0 450,1.0 491,2.0 
21,2.0 53,2.0 205,2.0 
84,1.0 94,1.0 110,1.0 130,1.0 168,1.0 175,1.0 183,2.0 199,2.0 204,2.0 208,2.0 209,2.0 218,1.0 282,1.0 317,2.0 365,1.0 384,1.0 385,1.0 389,1.0 390,1.0 395,2.0 396,1.0 410,1.0 416,2.0 
26,2.0 209,2.0 
26,2.0 27,1.0 110,1.0 117,2.0 133,1.0 199,1.0 208,2.0 384,1.0 385,1.0 390,2.0 420,1.0 448,2.0 
32,2.0 182,2.0 
18,2.0 35,2.0 202,2.0 
33,2.0 213,2.0 
33,2.0 212,2.0 
82,2.0 87,2.0 90,2.0 126,5.0 127,4.0 141,2.0 178,4.0 188,5.0 190,2.0 191,2.0 198,2.0 215,4.0 247,5.0 251,3.0 257,1.0 280,4.0 336,2.0 391,5.0 430,2.0 476,4.0 491,2.0 497,3.0 
82,2.0 198,2.0 214,4.0 
27,2.0 41,2.0 56,2.0 217,2.0 218,2.0 
27,2.0 41,2.0 56,2.0 216,2.0 218,2.0 
27,2.0 41,2.0 56,2.0 99,1.0 110,1.0 130,1.0 168,1.0 193,2.0 207,1.0 282,1.0 300,1.0 301,1.0 302,1.0 303,1.0 304,1.0 365,1.0 384,1.0 396,1.0 
83,2.0 174,2.0 193,2.0 
21,1.0 80,2.0 84,1.0 86,2.0 95,1.0 117,1.0 126,3.0 127,1.0 193,2.0 209,1.0 221,6.0 255,3.0 302,1.0 305,1.0 320,1.0 346,1.0 390,1.0 411,4.0 419,1.0 420,1.0 427,1.0 468,1.0 492,1.0 
21,1.0 86,2.0 193,2.0 209,1.0 220,6.0 255,2.0 302,1.0 419,1.0 420,1.0 
88,2.0 175,3.0 223,2.0 395,1.0 
21,2.0 
22,5.0 60,2.0 90,4.0 126,1.0 214,1.0 225,2.0 391,1.0 498,4.0 
21,2.0 67,1.0 93,3.0 94,4.0 127,3.0 132,2.0 134,1.0 139,1.0 178,4.0 255,1.0 317,2.0 323,4.0 389,4.0 395,4.0 428,3.0 430,3.0 491,3.0 
20,2.0 94,4.0 95,6.0 96,4.0 97,4.0 227,2.0 336,6.0 364,5.0 392,4.0 461,4.0 
4,1.0 5,1.0 20,2.0 31,2.0 115,1.0 135,1.0 187,4.0 249,4.0 
20,2.0 191,2.0 392,2.0 
12,3.0 15,1.0 20,2.0 21,2.0 80,2.0 84,2.0 86,1.0 90,10.0 93,34.0 94,21.0 95,13.0 96,3.0 119,1.0 125,1.0 126,9.0 127,21.0 128,6.0 147,1.0 167,2.0 168,1.0 175,6.0 178,8.0 183,1.0 185,1.0 191,2.0 220,2.0 225,3.0 239,2.0 264,1.0 277,1.0 323,5.0 336,19.0 389,9.0 426,1.0 428,41.0 429,14.0 430,27.0 431,3.0 432,7.0 454,3.0 461,15.0 469,2.0 527,3.0 530,1.0 531,5.0 532,1.0 534,1.0 538,1.0 541,6.0 
31,3.0 32,1.0 77,1.0 89,2.0 91,4.0 101,3.0 116,2.0 120,1.0 133,1.0 134,1.0 143,1.0 177,1.0 231,2.0 232,2.0 293,2.0 294,2.0 295,8.0 296,4.0 297,1.0 344,1.0 528,1.0 529,1.0 
19,1.0 25,1.0 28,8.0 35,4.0 40,2.0 41,2.0 44,4.0 45,2.0 55,2.0 56,2.0 57,1.0 58,1.0 61,6.0 63,8.0 66,2.0 67,3.0 75,4.0 76,1.0 91,2.0 129,2.0 142,1.0 166,18.0 168,14.0 180,13.0 185,15.0 186,2.0 190,2.0 191,8.0 231,2.0 232,2.0 235,6.0 236,12.0 243,9.0 245,8.0 246,16.0 250,10.0 253,4.0 255,1.0 256,12.0 258,4.0 259,2.0 261,2.0 263,1.0 264,8.0 271,2.0 272,10.0 273,8.0 275,2.0 318,1.0 328,2.0 335,1.0 341,1.0 342,1.0 346,3.0 356,2.0 357,1.0 358,1.0 359,1.0 390,1.0 400,1.0 411,2.0 427,2.0 450,1.0 468,3.0 487,1.0 489,2.0 503,2.0 509,1.0 
54,2.0 91,2.0 142,1.0 164,1.0 166,2.0 184,2.0 185,2.0 187,1.0 190,1.0 231,6.0 236,1.0 237,2.0 244,4.0 250,1.0 256,2.0 260,2.0 263,2.0 264,2.0 276,1.0 328,1.0 372,2.0 486,1.0 487,1.0 488,1.0 489,1.0 509,1.0 
20,2.0 22,2.0 23,2.0 86,2.0 184,2.0 189,2.0 234,2.0 
86,2.0 92,2.0 130,1.0 167,1.0 168,1.0 184,6.0 185,1.0 186,1.0 190,1.0 232,2.0 248,2.0 251,1.0 253,1.0 256,1.0 259,1.0 260,2.0 276,1.0 282,1.0 
20,2.0 32,2.0 129,1.0 162,1.0 166,2.0 167,1.0 168,2.0 180,3.0 188,1.0 189,1.0 220,1.0 231,2.0 235,2.0 236,7.0 243,5.0 244,1.0 245,2.0 248,1.0 250,1.0 251,1.0 253,5.0 258,1.0 260,1.0 264,1.0 275,5.0 278,1.0 279,1.0 319,1.0 411,1.0 442,1.0 503,5.0 
19,1.0 20,2.0 26,4.0 28,4.0 40,1.0 43,4.0 47,1.0 48,1.0 49,2.0 55,1.0 56,4.0 61,6.0 63,4.0 94,4.0 111,2.0 123,3.0 125,1.0 126,2.0 129,1.0 130,2.0 141,1.0 162,1.0 166,4.0 167,8.0 168,10.0 178,4.0 180,34.0 184,4.0 185,7.0 186,12.0 187,10.0 188,6.0 189,10.0 190,9.0 191,10.0 220,1.0 231,15.0 234,1.0 235,12.0 236,5.0 237,1.0 243,7.0 244,13.0 245,4.0 246,10.0 247,5.0 250,2.0 251,12.0 253,2.0 258,4.0 260,3.0 264,6.0 267,1.0 268,2.0 269,2.0 272,2.0 275,5.0 276,2.0 277,10.0 278,1.0 279,1.0 280,6.0 281,3.0 282,2.0 319,1.0 328,2.0 373,1.0 376,1.0 379,1.0 380,1.0 389,4.0 390,1.0 400,1.0 411,1.0 441,1.0 442,3.0 460,2.0 462,1.0 463,1.0 468,1.0 470,1.0 488,1.0 489,1.0 503,3.0 593,4.0 594,4.0 
22,2.0 31,2.0 45,2.0 90,5.0 185,5.0 186,6.0 191,5.0 224,1.0 238,2.0 246,6.0 253,1.0 258,5.0 
23,2.0 31,2.0 189,2.0 233,2.0 
12,3.0 25,1.0 28,2.0 37,4.0 39,1.0 50,2.0 59,2.0 80,2.0 83,2.0 91,4.0 92,2.0 95,4.0 96,4.0 97,4.0 120,2.0 126,3.0 127,2.0 128,7.0 175,4.0 229,4.0 240,2.0 268,2.0 323,3.0 339,1.0 362,1.0 389,3.0 414,2.0 415,1.0 431,1.0 432,2.0 466,2.0 467,2.0 469,1.0 
37,2.0 92,2.0 95,2.0 239,2.0 
19,1.0 30,1.0 37,1.0 47,2.0 141,2.0 199,2.0 242,2.0 381,1.0 401,1.0 
47,2.0 141,2.0 241,2.0 576,4.0 588,4.0 
19,2.0 20,2.0 22,2.0 25,2.0 27,2.0 28,2.0 32,4.0 40,2.0 47,4.0 52,1.0 63,6.0 69,4.0 74,1.0 86,2.0 92,4.0 123,17.0 130,8.0 141,1.0 166,10.0 167,8.0 168,19.0 180,33.0 184,4.0 185,6.0 187,3.0 188,1.0 189,5.0 190,5.0 191,20.0 229,3.0 235,3.0 236,5.0 244,6.0 246,4.0 250,10.0 257,4.0 258,1.0 259,4.0 260,2.0 264,4.0 267,1.0 268,4.0 269,2.0 275,12.0 276,8.0 278,1.0 279,1.0 280,3.0 281,13.0 282,2.0 346,1.0 428,3.0 456,3.0 463,3.0 464,1.0 468,1.0 489,4.0 503,3.0 542,3.0 621,3.0 
27,2.0 29,2.0 40,1.0 41,3.0 48,1.0 86,2.0 87,4.0 91,1.0 94,4.0 98,4.0 123,1.0 129,1.0 130,6.0 164,4.0 166,4.0 167,18.0 168,5.0 178,4.0 180,33.0 184,14.0 185,19.0 186,4.0 187,34.0 188,6.0 189,13.0 190,10.0 191,7.0 196,2.0 198,4.0 205,2.0 220,1.0 231,7.0 232,1.0 235,3.0 236,10.0 243,3.0 245,1.0 246,5.0 247,2.0 248,14.0 249,1.0 250,47.0 251,22.0 253,3.0 254,1.0 256,8.0 257,8.0 259,5.0 261,2.0 264,6.0 268,4.0 269,4.0 275,2.0 276,8.0 277,6.0 280,1.0 281,1.0 282,2.0 296,1.0 326,3.0 339,1.0 366,1.0 389,4.0 411,1.0 441,1.0 442,2.0 464,1.0 465,1.0 491,2.0 503,2.0 569,2.0 582,2.0 593,4.0 594,4.0 599,4.0 
60,1.0 96,2.0 97,2.0 166,2.0 168,2.0 180,6.0 190,6.0 231,6.0 235,4.0 236,11.0 243,2.0 246,4.0 263,2.0 275,2.0 362,2.0 389,2.0 392,2.0 393,2.0 461,2.0 481,2.0 485,2.0 503,2.0 526,4.0 
11,2.0 28,8.0 35,4.0 61,6.0 63,8.0 88,1.0 90,12.0 123,2.0 130,2.0 164,6.0 167,14.0 168,2.0 178,15.0 180,11.0 184,10.0 185,25.0 186,9.0 187,21.0 188,5.0 189,9.0 190,8.0 191,67.0 224,1.0 231,18.0 236,4.0 237,5.0 245,4.0 247,1.0 251,9.0 253,4.0 256,3.0 257,3.0 258,7.0 259,3.0 264,26.0 268,4.0 269,4.0 272,3.0 273,2.0 276,13.0 277,30.0 278,2.0 279,2.0 280,11.0 281,2.0 282,2.0 292,4.0 326,2.0 398,2.0 404,2.0 440,2.0 459,1.0 461,4.0 475,2.0 479,2.0 481,4.0 496,2.0 511,2.0 512,2.0 570,2.0 579,4.0 580,4.0 582,8.0 583,6.0 584,2.0 585,4.0 587,8.0 
34,1.0 103,1.0 126,2.0 129,2.0 130,1.0 157,1.0 164,2.0 167,2.0 168,1.0 180,3.0 184,1.0 185,1.0 187,5.0 188,10.0 189,3.0 190,3.0 191,7.0 236,1.0 246,5.0 248,10.0 250,2.0 251,5.0 253,2.0 254,2.0 256,3.0 257,1.0 258,2.0 259,1.0 264,8.0 272,2.0 273,2.0 276,6.0 277,5.0 280,5.0 282,1.0 299,2.0 326,1.0 328,1.0 459,1.0 476,4.0 497,3.0 503,2.0 515,2.0 516,2.0 517,2.0 518,2.0 519,2.0 
89,1.0 98,4.0 125,1.0 129,2.0 167,4.0 180,6.0 184,9.0 186,12.0 187,12.0 188,5.0 189,2.0 236,9.0 244,17.0 247,2.0 250,7.0 251,6.0 253,5.0 257,4.0 259,4.0 265,1.0 276,5.0 329,1.0 374,1.0 503,2.0 599,4.0 
167,2.0 185,1.0 187,4.0 189,2.0 251,1.0 276,1.0 369,1.0 585,4.0 
19,3.0 21,3.0 25,1.0 27,3.0 28,4.0 29,2.0 32,2.0 33,2.0 35,2.0 38,2.0 40,14.0 41,11.0 44,2.0 47,1.0 48,3.0 55,3.0 56,1.0 57,3.0 58,3.0 61,2.0 78,1.0 79,1.0 87,1.0 98,4.0 111,1.0 123,12.0 129,9.0 130,2.0 142,2.0 164,6.0 167,12.0 168,7.0 180,17.0 184,6.0 185,23.0 187,16.0 188,5.0 189,10.0 190,8.0 191,3.0 205,2.0 220,1.0 231,6.0 232,2.0 235,1.0 236,6.0 243,10.0 244,16.0 246,3.0 248,4.0 251,16.0 253,2.0 257,15.0 264,6.0 268,6.0 269,2.0 272,23.0 273,16.0 275,4.0 276,28.0 277,6.0 280,2.0 281,6.0 282,2.0 326,3.0 349,2.0 350,2.0 366,1.0 369,1.0 411,1.0 441,3.0 450,1.0 455,2.0 473,2.0 491,2.0 508,1.0 512,1.0 522,2.0 523,2.0 539,1.0 569,10.0 571,2.0 582,2.0 599,4.0 
19,1.0 36,2.0 44,2.0 45,2.0 66,2.0 67,2.0 69,2.0 75,2.0 76,2.0 79,3.0 86,1.0 98,4.0 117,1.0 126,2.0 129,3.0 130,2.0 153,1.0 164,13.0 166,6.0 167,1.0 180,10.0 184,11.0 185,21.0 187,4.0 188,10.0 189,15.0 190,4.0 191,19.0 196,2.0 220,1.0 234,1.0 235,2.0 236,6.0 243,4.0 244,11.0 246,7.0 247,5.0 248,9.0 249,1.0 250,21.0 251,4.0 253,10.0 254,2.0 256,6.0 257,30.0 258,4.0 259,1.0 264,9.0 268,4.0 269,2.0 272,10.0 273,8.0 275,4.0 276,18.0 277,13.0 280,4.0 282,2.0 341,1.0 367,1.0 368,1.0 369,1.0 375,1.0 400,6.0 411,1.0 440,10.0 441,5.0 450,6.0 462,4.0 464,4.0 465,4.0 466,4.0 467,4.0 474,2.0 476,2.0 486,2.0 487,2.0 488,2.0 489,3.0 494,2.0 495,2.0 497,3.0 503,2.0 512,1.0 520,2.0 521,2.0 523,4.0 539,1.0 582,4.0 587,4.0 599,4.0 
31,2.0 188,2.0 244,2.0 
51,1.0 125,1.0 129,2.0 153,1.0 167,1.0 180,2.0 184,10.0 185,4.0 187,1.0 188,4.0 189,4.0 191,1.0 220,1.0 235,2.0 236,3.0 244,7.0 246,4.0 247,2.0 248,4.0 250,5.0 251,13.0 254,8.0 258,2.0 276,2.0 277,2.0 280,1.0 329,1.0 366,1.0 374,1.0 411,1.0 440,1.0 503,2.0 582,4.0 587,4.0 
164,13.0 166,4.0 167,6.0 186,2.0 187,6.0 191,4.0 231,8.0 246,9.0 251,5.0 254,4.0 256,6.0 257,4.0 258,4.0 259,2.0 260,4.0 264,8.0 272,7.0 273,2.0 328,1.0 329,6.0 330,2.0 520,2.0 521,2.0 
27,1.0 45,3.0 47,2.0 53,2.0 59,2.0 60,1.0 62,3.0 63,1.0 67,4.0 91,4.0 116,1.0 117,1.0 132,2.0 134,1.0 139,1.0 152,1.0 164,1.0 185,1.0 220,1.0 225,2.0 244,2.0 272,1.0 276,1.0 293,5.0 294,5.0 296,4.0 305,18.0 306,1.0 307,2.0 316,1.0 317,2.0 320,1.0 322,1.0 333,1.0 
19,2.0 28,2.0 29,1.0 30,2.0 40,2.0 41,5.0 44,5.0 45,6.0 47,2.0 48,1.0 53,2.0 55,3.0 56,2.0 58,2.0 61,8.0 63,6.0 66,6.0 67,6.0 75,6.0 76,5.0 130,10.0 164,8.0 166,24.0 167,21.0 168,15.0 180,2.0 184,5.0 185,15.0 186,1.0 187,13.0 189,15.0 190,5.0 191,2.0 231,4.0 235,1.0 236,3.0 243,3.0 244,4.0 248,2.0 251,8.0 254,4.0 257,6.0 258,6.0 259,11.0 260,1.0 261,7.0 262,2.0 263,4.0 264,19.0 265,1.0 268,6.0 271,2.0 272,6.0 275,1.0 276,17.0 277,7.0 280,4.0 302,1.0 327,3.0 328,10.0 333,1.0 340,1.0 341,1.0 342,1.0 343,1.0 344,1.0 356,1.0 360,1.0 361,1.0 363,1.0 364,1.0 365,1.0 411,2.0 427,2.0 437,2.0 442,1.0 450,6.0 455,4.0 460,7.0 462,2.0 464,4.0 465,4.0 468,4.0 488,2.0 489,2.0 517,1.0 558,1.0 
4,2.0 26,2.0 30,2.0 35,2.0 36,3.0 44,1.0 45,2.0 48,4.0 50,4.0 55,3.0 58,1.0 61,2.0 63,4.0 66,2.0 67,2.0 69,1.0 76,4.0 77,2.0 79,3.0 98,4.0 129,9.0 130,2.0 139,2.0 142,2.0 164,5.0 166,9.0 174,2.0 180,12.0 184,4.0 185,11.0 187,4.0 188,9.0 189,18.0 191,11.0 205,2.0 234,1.0 236,3.0 243,4.0 244,10.0 246,5.0 247,2.0 248,5.0 250,11.0 251,21.0 253,3.0 254,2.0 256,2.0 258,2.0 261,1.0 263,4.0 264,10.0 268,5.0 269,2.0 272,3.0 276,13.0 277,22.0 278,5.0 280,7.0 282,2.0 326,5.0 400,6.0 440,13.0 441,3.0 450,5.0 459,1.0 462,6.0 464,4.0 465,4.0 466,4.0 467,4.0 472,2.0 473,6.0 477,4.0 478,5.0 486,2.0 487,2.0 491,2.0 497,1.0 513,2.0 514,2.0 520,2.0 521,2.0 522,2.0 599,4.0 
57,1.0 75,1.0 90,5.0 123,1.0 164,7.0 166,6.0 167,13.0 180,4.0 184,4.0 185,19.0 186,15.0 187,6.0 188,2.0 189,6.0 191,15.0 224,1.0 231,5.0 236,4.0 237,9.0 243,1.0 244,3.0 246,9.0 250,3.0 251,8.0 254,8.0 256,9.0 257,5.0 258,5.0 260,6.0 263,3.0 264,21.0 267,1.0 268,2.0 272,4.0 276,3.0 277,8.0 280,2.0 281,1.0 327,2.0 328,2.0 329,2.0 373,5.0 450,2.0 460,1.0 462,2.0 468,1.0 470,1.0 476,4.0 488,2.0 489,2.0 513,2.0 514,2.0 
66,2.0 123,1.0 164,4.0 166,6.0 167,9.0 168,1.0 180,7.0 184,1.0 185,14.0 186,2.0 187,5.0 188,4.0 189,5.0 190,4.0 231,2.0 235,1.0 236,3.0 244,4.0 251,4.0 254,2.0 256,28.0 258,1.0 259,1.0 263,2.0 264,13.0 265,2.0 268,1.0 269,1.0 272,2.0 275,2.0 276,1.0 277,7.0 278,1.0 279,1.0 280,3.0 327,3.0 328,5.0 333,1.0 411,2.0 427,2.0 437,2.0 442,2.0 460,2.0 517,1.0 558,1.0 
123,2.0 164,2.0 166,2.0 167,4.0 180,2.0 184,2.0 185,2.0 186,1.0 187,3.0 188,1.0 189,1.0 191,1.0 231,2.0 232,5.0 236,2.0 243,1.0 251,1.0 254,2.0 256,2.0 257,1.0 258,3.0 259,1.0 260,1.0 263,1.0 264,4.0 267,2.0 268,2.0 269,2.0 272,2.0 273,2.0 276,1.0 277,2.0 280,1.0 281,2.0 327,1.0 329,4.0 330,2.0 
27,2.0 29,5.0 30,2.0 41,4.0 44,1.0 45,1.0 55,1.0 75,1.0 154,1.0 166,2.0 168,1.0 186,1.0 188,1.0 232,1.0 254,1.0 256,3.0 259,1.0 260,2.0 262,2.0 263,1.0 271,2.0 276,1.0 302,1.0 318,1.0 344,1.0 363,1.0 365,1.0 395,1.0 
20,1.0 21,1.0 27,1.0 32,1.0 35,2.0 36,2.0 41,2.0 50,1.0 59,1.0 76,2.0 77,7.0 87,2.0 111,2.0 124,3.0 139,1.0 153,1.0 255,3.0 260,2.0 261,2.0 262,1.0 305,3.0 308,8.0 309,1.0 319,1.0 321,1.0 
25,2.0 29,1.0 30,3.0 36,1.0 38,1.0 44,3.0 48,1.0 55,5.0 56,3.0 58,1.0 61,2.0 75,3.0 76,1.0 79,6.0 91,2.0 167,1.0 168,3.0 185,1.0 187,1.0 189,2.0 191,1.0 234,1.0 251,1.0 256,4.0 257,5.0 258,3.0 259,2.0 260,2.0 261,1.0 263,1.0 264,5.0 266,2.0 277,1.0 280,2.0 327,9.0 343,6.0 345,1.0 356,1.0 360,1.0 361,1.0 400,12.0 462,4.0 464,8.0 465,8.0 466,8.0 467,8.0 486,4.0 487,4.0 
26,3.0 27,3.0 29,2.0 30,2.0 40,1.0 44,2.0 48,1.0 53,1.0 55,3.0 56,2.0 57,1.0 58,2.0 61,5.0 63,3.0 66,1.0 75,2.0 76,2.0 84,1.0 90,7.0 91,2.0 123,1.0 126,2.0 127,8.0 159,1.0 164,9.0 166,5.0 167,57.0 174,2.0 178,15.0 180,17.0 184,1.0 185,49.0 186,5.0 187,33.0 188,2.0 189,6.0 190,7.0 191,51.0 214,2.0 229,3.0 231,7.0 236,7.0 237,1.0 243,4.0 244,7.0 246,24.0 250,6.0 251,4.0 253,1.0 254,6.0 256,18.0 257,8.0 258,18.0 259,13.0 260,6.0 261,3.0 263,6.0 264,21.0 265,2.0 267,1.0 268,2.0 271,1.0 272,14.0 273,2.0 276,23.0 277,56.0 280,12.0 281,1.0 318,1.0 327,1.0 328,8.0 329,4.0 330,2.0 333,1.0 356,1.0 357,1.0 358,1.0 359,1.0 373,1.0 409,1.0 411,2.0 427,2.0 428,3.0 440,12.0 450,2.0 460,3.0 462,2.0 468,1.0 470,1.0 488,2.0 489,2.0 511,2.0 512,2.0 513,2.0 514,2.0 517,1.0 542,3.0 558,1.0 
167,1.0 184,1.0 186,1.0 187,1.0 188,1.0 189,1.0 245,2.0 254,1.0 256,1.0 258,1.0 259,3.0 263,1.0 264,1.0 280,1.0 328,1.0 460,1.0 
25,2.0 75,2.0 267,2.0 
123,1.0 167,1.0 180,1.0 186,1.0 187,1.0 236,1.0 258,1.0 260,3.0 264,1.0 276,1.0 277,1.0 281,1.0 
2,3.0 3,2.0 19,1.0 21,1.0 22,1.0 26,1.0 32,1.0 38,2.0 52,1.0 53,1.0 63,1.0 64,2.0 66,1.0 76,1.0 82,1.0 87,1.0 120,1.0 129,2.0 130,6.0 167,4.0 168,8.0 180,6.0 184,2.0 185,15.0 187,6.0 190,8.0 191,12.0 243,2.0 244,6.0 246,2.0 250,2.0 251,6.0 256,7.0 257,3.0 258,2.0 259,1.0 260,1.0 264,2.0 268,4.0 269,15.0 270,2.0 271,2.0 272,2.0 276,25.0 282,6.0 323,1.0 360,3.0 369,1.0 414,1.0 450,6.0 455,4.0 462,2.0 464,5.0 465,4.0 468,4.0 488,2.0 489,2.0 490,3.0 
2,2.0 3,2.0 38,2.0 50,1.0 130,4.0 180,4.0 185,13.0 190,4.0 191,8.0 243,2.0 244,4.0 246,2.0 250,2.0 251,4.0 256,1.0 257,2.0 259,1.0 268,15.0 269,4.0 270,2.0 271,2.0 276,4.0 282,4.0 
2,2.0 3,2.0 38,2.0 244,2.0 271,2.0 
2,2.0 3,2.0 38,2.0 44,1.0 75,1.0 166,2.0 244,2.0 256,2.0 261,2.0 270,2.0 302,1.0 344,1.0 363,1.0 
2,6.0 19,3.0 21,1.0 22,5.0 26,5.0 28,7.0 29,1.0 33,3.0 37,4.0 40,3.0 44,1.0 47,7.0 48,7.0 50,1.0 52,1.0 53,2.0 57,1.0 58,3.0 60,1.0 61,2.0 63,6.0 64,7.0 126,1.0 129,4.0 133,1.0 141,1.0 164,9.0 166,4.0 167,2.0 168,8.0 187,2.0 189,4.0 191,3.0 231,2.0 244,9.0 245,1.0 246,6.0 250,5.0 251,3.0 253,2.0 254,4.0 256,4.0 257,3.0 258,2.0 259,2.0 261,1.0 264,10.0 265,1.0 273,26.0 274,4.0 276,3.0 280,2.0 326,2.0 329,2.0 330,3.0 381,1.0 459,2.0 464,1.0 467,2.0 487,2.0 504,2.0 505,2.0 
2,6.0 22,5.0 26,4.0 28,6.0 37,4.0 47,6.0 48,7.0 55,2.0 63,4.0 64,6.0 103,1.0 157,1.0 164,2.0 167,2.0 187,2.0 188,2.0 244,8.0 246,6.0 247,2.0 254,2.0 256,2.0 258,2.0 264,2.0 272,28.0 274,4.0 299,2.0 329,2.0 330,2.0 467,2.0 487,2.0 504,2.0 505,2.0 515,2.0 516,2.0 517,2.0 518,2.0 519,2.0 
19,1.0 22,2.0 25,1.0 26,2.0 28,2.0 37,6.0 47,2.0 48,2.0 63,2.0 244,2.0 246,2.0 255,1.0 305,1.0 322,1.0 
19,2.0 25,2.0 28,2.0 32,2.0 47,2.0 50,1.0 63,2.0 76,1.0 79,12.0 162,1.0 168,4.0 180,4.0 185,2.0 189,3.0 190,2.0 191,6.0 235,3.0 236,3.0 243,12.0 244,4.0 246,6.0 256,1.0 259,1.0 268,4.0 269,2.0 276,2.0 280,2.0 319,1.0 442,10.0 450,12.0 451,6.0 452,6.0 503,2.0 
0,1.0 2,1.0 19,2.0 21,4.0 22,1.0 27,3.0 28,1.0 29,3.0 30,1.0 38,2.0 40,10.0 41,11.0 44,1.0 47,1.0 48,1.0 52,2.0 53,1.0 55,3.0 56,1.0 57,1.0 61,1.0 64,1.0 66,1.0 82,1.0 84,1.0 90,2.0 98,4.0 123,6.0 126,1.0 127,10.0 128,1.0 129,2.0 130,10.0 133,1.0 164,1.0 166,4.0 167,12.0 168,26.0 175,1.0 178,10.0 180,15.0 184,13.0 185,32.0 186,3.0 187,20.0 189,1.0 190,7.0 191,35.0 199,1.0 234,2.0 235,1.0 236,8.0 239,1.0 243,4.0 244,12.0 246,10.0 248,4.0 249,1.0 250,27.0 251,11.0 253,1.0 256,10.0 257,8.0 258,3.0 259,5.0 260,1.0 261,1.0 264,26.0 268,25.0 269,7.0 272,1.0 275,3.0 276,2.0 277,18.0 280,2.0 281,6.0 282,3.0 328,2.0 341,1.0 342,1.0 360,2.0 365,1.0 366,1.0 369,2.0 373,1.0 379,1.0 389,1.0 392,1.0 413,1.0 440,13.0 442,1.0 450,6.0 455,4.0 460,1.0 462,2.0 464,6.0 465,4.0 468,4.0 488,2.0 489,2.0 490,2.0 494,2.0 512,1.0 535,1.0 539,1.0 599,4.0 604,4.0 
20,3.0 21,1.0 22,3.0 26,4.0 27,5.0 36,2.0 40,2.0 44,2.0 45,2.0 46,2.0 48,2.0 50,4.0 55,1.0 58,1.0 59,2.0 60,1.0 61,2.0 63,2.0 66,1.0 69,2.0 74,1.0 76,1.0 79,3.0 84,3.0 86,1.0 87,1.0 88,1.0 90,8.0 111,1.0 126,3.0 127,4.0 130,1.0 153,3.0 159,1.0 167,61.0 168,25.0 178,22.0 180,15.0 184,12.0 185,42.0 186,5.0 187,22.0 188,1.0 189,13.0 190,9.0 191,82.0 236,13.0 237,1.0 243,2.0 244,8.0 246,32.0 247,1.0 250,6.0 251,15.0 253,2.0 256,7.0 257,10.0 258,8.0 259,7.0 264,53.0 275,4.0 276,18.0 277,20.0 278,5.0 280,29.0 292,4.0 321,2.0 326,2.0 328,1.0 333,1.0 360,2.0 373,1.0 375,1.0 391,3.0 400,6.0 409,1.0 440,32.0 442,2.0 450,3.0 452,2.0 455,3.0 456,1.0 457,1.0 459,1.0 460,1.0 461,6.0 462,4.0 463,1.0 464,4.0 465,4.0 466,4.0 467,5.0 470,2.0 473,2.0 486,2.0 487,2.0 490,3.0 517,1.0 531,1.0 533,5.0 537,1.0 543,6.0 558,1.0 582,4.0 585,4.0 587,4.0 604,4.0 
4,2.0 20,1.0 21,2.0 22,1.0 26,1.0 31,1.0 58,1.0 63,1.0 77,1.0 84,1.0 94,1.0 130,1.0 139,2.0 164,2.0 167,1.0 168,13.0 180,2.0 184,2.0 185,2.0 186,2.0 187,10.0 188,17.0 189,20.0 190,2.0 191,20.0 235,1.0 236,1.0 243,1.0 246,14.0 257,5.0 258,1.0 259,1.0 260,1.0 264,11.0 276,5.0 277,15.0 279,14.0 280,15.0 282,1.0 360,9.0 361,6.0 373,2.0 391,3.0 450,14.0 455,20.0 456,12.0 457,4.0 462,6.0 464,8.0 465,8.0 467,4.0 468,4.0 477,8.0 478,9.0 488,6.0 489,6.0 490,3.0 503,1.0 565,1.0 566,1.0 567,1.0 568,1.0 
94,1.0 130,1.0 164,2.0 167,1.0 168,3.0 180,2.0 184,2.0 185,2.0 186,2.0 188,2.0 189,3.0 190,2.0 191,2.0 235,1.0 236,1.0 243,1.0 246,2.0 258,1.0 259,1.0 260,1.0 264,1.0 278,14.0 280,3.0 282,1.0 360,6.0 361,6.0 373,2.0 455,12.0 456,12.0 503,1.0 565,1.0 566,1.0 567,1.0 568,1.0 
27,2.0 30,1.0 32,2.0 33,1.0 34,1.0 48,4.0 51,2.0 53,1.0 55,1.0 63,1.0 74,2.0 86,1.0 90,9.0 94,2.0 126,2.0 129,2.0 130,3.0 142,2.0 164,2.0 167,8.0 168,15.0 178,14.0 180,8.0 184,4.0 186,1.0 187,18.0 188,12.0 189,33.0 190,4.0 191,35.0 235,1.0 236,4.0 243,3.0 246,12.0 247,7.0 250,2.0 251,7.0 253,2.0 256,10.0 257,4.0 258,4.0 259,2.0 260,1.0 263,2.0 264,13.0 265,1.0 268,2.0 272,2.0 275,2.0 276,6.0 277,29.0 278,9.0 279,2.0 280,3.0 282,2.0 326,9.0 327,1.0 328,8.0 360,3.0 364,1.0 375,1.0 432,1.0 440,2.0 450,14.0 455,10.0 457,4.0 459,7.0 460,7.0 461,9.0 462,6.0 463,2.0 464,10.0 465,10.0 467,4.0 468,4.0 470,4.0 471,2.0 476,4.0 488,6.0 489,7.0 490,3.0 495,2.0 497,2.0 503,1.0 533,5.0 537,1.0 
40,6.0 41,6.0 91,1.0 123,23.0 167,1.0 168,1.0 180,20.0 184,3.0 185,15.0 186,1.0 187,3.0 188,1.0 189,1.0 190,1.0 236,3.0 243,7.0 244,1.0 250,12.0 258,1.0 260,1.0 264,1.0 267,1.0 276,13.0 277,1.0 280,1.0 281,6.0 
79,2.0 93,2.0 130,12.0 167,1.0 168,8.0 180,1.0 184,5.0 185,6.0 188,1.0 190,4.0 191,4.0 231,2.0 234,1.0 236,1.0 247,1.0 256,1.0 259,1.0 268,2.0 276,6.0 277,2.0 440,2.0 450,2.0 454,2.0 
147,2.0 268,1.0 284,2.0 285,2.0 286,2.0 388,1.0 394,1.0 
285,2.0 286,2.0 287,2.0 288,2.0 
284,2.0 286,2.0 287,2.0 288,2.0 
284,2.0 285,2.0 287,2.0 288,2.0 
121,1.0 122,1.0 288,2.0 289,2.0 290,1.0 291,1.0 
121,1.0 122,1.0 287,2.0 289,2.0 290,1.0 291,1.0 
19,1.0 121,2.0 122,2.0 290,2.0 291,2.0 292,1.0 
19,1.0 121,2.0 122,2.0 289,1.0 291,2.0 292,1.0 293,1.0 294,1.0 
19,1.0 121,2.0 122,2.0 289,1.0 290,2.0 292,1.0 293,1.0 294,1.0 
121,1.0 122,1.0 244,4.0 248,4.0 290,1.0 291,1.0 293,1.0 294,1.0 570,4.0 571,4.0 578,4.0 582,4.0 585,4.0 586,4.0 
6,1.0 25,2.0 31,2.0 82,1.0 89,1.0 116,1.0 133,1.0 143,1.0 177,1.0 230,8.0 262,3.0 294,17.0 295,6.0 308,3.0 313,2.0 314,1.0 317,1.0 334,1.0 499,2.0 500,2.0 
6,1.0 25,2.0 31,2.0 82,1.0 89,1.0 116,1.0 133,1.0 143,1.0 177,1.0 230,8.0 262,3.0 293,17.0 295,6.0 308,4.0 313,2.0 314,1.0 317,1.0 334,1.0 499,2.0 500,2.0 
89,1.0 91,4.0 116,1.0 120,1.0 133,1.0 143,1.0 177,1.0 230,8.0 293,2.0 294,2.0 296,4.0 344,1.0 528,1.0 529,1.0 
2,1.0 3,1.0 25,8.0 33,2.0 48,2.0 82,1.0 91,18.0 93,1.0 99,2.0 127,1.0 152,1.0 190,1.0 244,1.0 293,3.0 294,3.0 298,1.0 313,8.0 331,1.0 333,1.0 334,1.0 381,2.0 385,1.0 
15,1.0 19,2.0 32,1.0 82,1.0 89,3.0 98,1.0 111,1.0 116,2.0 120,1.0 125,1.0 134,1.0 140,1.0 144,1.0 191,1.0 277,1.0 397,6.0 402,1.0 
6,1.0 15,1.0 17,1.0 25,1.0 110,1.0 117,1.0 143,1.0 156,1.0 268,1.0 310,1.0 313,1.0 318,1.0 385,1.0 390,2.0 
66,1.0 103,1.0 157,1.0 164,2.0 167,2.0 188,2.0 247,2.0 254,2.0 256,2.0 258,2.0 264,2.0 272,2.0 273,2.0 515,2.0 516,2.0 517,3.0 518,2.0 519,2.0 561,1.0 562,1.0 
99,1.0 218,1.0 301,1.0 302,1.0 303,1.0 304,1.0 
99,1.0 218,1.0 300,1.0 302,1.0 303,1.0 304,1.0 
99,1.0 209,1.0 218,1.0 220,1.0 221,1.0 263,1.0 264,1.0 300,1.0 301,1.0 303,1.0 304,1.0 363,1.0 419,1.0 420,1.0 
255,1.0 304,1.0 305,1.0 
255,1.0 303,1.0 305,1.0 
27,1.0 45,1.0 60,1.0 62,3.0 63,1.0 67,1.0 91,4.0 116,1.0 117,1.0 132,1.0 134,1.0 152,1.0 220,1.0 225,1.0 255,18.0 293,5.0 294,6.0 296,4.0 306,1.0 307,3.0 316,1.0 317,1.0 320,1.0 322,1.0 333,1.0 
60,2.0 307,1.0 404,1.0 405,1.0 
22,2.0 26,2.0 62,10.0 77,1.0 98,1.0 124,1.0 134,1.0 220,1.0 255,3.0 262,2.0 305,4.0 308,1.0 317,1.0 411,1.0 
20,1.0 21,1.0 27,1.0 59,1.0 77,1.0 87,1.0 111,1.0 153,1.0 255,3.0 262,9.0 305,4.0 319,1.0 321,1.0 
91,1.0 101,1.0 111,2.0 126,2.0 134,1.0 229,2.0 255,1.0 293,1.0 294,1.0 296,1.0 305,1.0 389,2.0 430,2.0 432,2.0 
17,1.0 98,1.0 136,1.0 193,1.0 
40,1.0 54,1.0 
125,1.0 200,1.0 293,1.0 294,1.0 
25,11.0 31,1.0 50,1.0 63,1.0 92,1.0 98,1.0 99,4.0 111,2.0 115,1.0 117,2.0 133,1.0 152,1.0 255,2.0 298,1.0 305,2.0 309,2.0 314,1.0 333,1.0 381,4.0 385,1.0 390,1.0 
25,1.0 133,1.0 313,1.0 
50,1.0 55,1.0 66,1.0 125,1.0 167,1.0 264,1.0 277,1.0 
45,1.0 116,1.0 157,1.0 255,1.0 305,1.0 317,1.0 
4,1.0 6,2.0 38,1.0 59,2.0 65,1.0 82,1.0 83,1.0 89,1.0 98,2.0 102,1.0 116,3.0 132,2.0 134,2.0 139,1.0 140,1.0 199,2.0 207,2.0 262,1.0 293,1.0 294,1.0 297,1.0 298,1.0 308,1.0 321,1.0 334,1.0 339,3.0 381,2.0 384,1.0 385,1.0 390,1.0 395,3.0 396,1.0 397,1.0 401,1.0 416,2.0 
6,1.0 45,1.0 55,1.0 154,1.0 164,1.0 166,1.0 261,1.0 262,1.0 308,1.0 359,1.0 395,1.0 
9,1.0 20,1.0 162,1.0 220,1.0 255,1.0 305,1.0 418,1.0 527,1.0 
59,1.0 117,1.0 321,1.0 
27,1.0 48,1.0 59,8.0 62,1.0 95,1.0 128,1.0 168,1.0 185,1.0 187,1.0 189,1.0 239,1.0 255,1.0 257,1.0 293,1.0 294,1.0 305,1.0 307,1.0 316,1.0 336,1.0 
19,1.0 63,1.0 67,1.0 255,1.0 305,1.0 398,3.0 399,1.0 
12,1.0 15,1.0 27,1.0 62,2.0 66,2.0 80,1.0 82,3.0 84,2.0 90,3.0 93,6.0 94,4.0 98,4.0 119,1.0 126,1.0 128,2.0 147,1.0 178,8.0 184,4.0 187,2.0 220,1.0 229,7.0 239,2.0 244,4.0 248,4.0 250,4.0 251,4.0 254,2.0 257,4.0 258,2.0 268,1.0 272,1.0 276,4.0 323,1.0 324,2.0 325,3.0 339,1.0 389,6.0 411,1.0 428,6.0 430,3.0 431,1.0 432,1.0 491,4.0 527,3.0 
27,1.0 62,1.0 66,1.0 323,1.0 325,1.0 
12,1.0 27,1.0 62,1.0 66,1.0 84,2.0 178,1.0 323,3.0 324,1.0 389,1.0 491,1.0 
28,1.0 32,2.0 33,1.0 35,2.0 48,3.0 53,2.0 58,2.0 129,1.0 167,6.0 180,4.0 187,6.0 188,2.0 189,18.0 191,1.0 205,2.0 236,1.0 244,3.0 246,1.0 247,2.0 250,3.0 251,1.0 256,7.0 257,4.0 259,1.0 264,1.0 277,1.0 280,8.0 326,1.0 328,7.0 338,1.0 357,6.0 358,6.0 441,1.0 459,18.0 460,6.0 462,12.0 463,12.0 491,2.0 586,2.0 
28,1.0 66,2.0 79,6.0 153,1.0 185,1.0 189,1.0 191,1.0 251,1.0 256,3.0 257,1.0 258,1.0 259,3.0 260,1.0 263,8.0 277,1.0 280,1.0 343,6.0 373,1.0 400,12.0 437,3.0 438,1.0 439,1.0 462,4.0 464,8.0 465,8.0 466,8.0 467,8.0 486,4.0 487,4.0 
30,1.0 36,2.0 40,2.0 41,2.0 44,1.0 50,2.0 55,2.0 61,6.0 63,6.0 76,3.0 77,1.0 95,2.0 123,1.0 166,2.0 167,10.0 168,1.0 180,6.0 184,2.0 185,1.0 186,1.0 187,12.0 188,1.0 189,9.0 190,1.0 231,2.0 234,1.0 236,4.0 244,1.0 256,10.0 258,1.0 259,5.0 263,1.0 264,6.0 265,3.0 276,1.0 280,3.0 281,1.0 328,2.0 336,2.0 373,1.0 411,2.0 427,2.0 460,15.0 
89,1.0 153,1.0 164,2.0 167,2.0 187,2.0 188,1.0 191,1.0 251,1.0 253,1.0 254,3.0 260,2.0 264,2.0 272,4.0 273,4.0 329,2.0 330,4.0 467,2.0 487,2.0 504,2.0 505,2.0 
141,1.0 272,2.0 273,2.0 329,3.0 467,2.0 487,2.0 504,2.0 505,2.0 
2,1.0 3,1.0 15,1.0 84,1.0 94,1.0 
91,1.0 296,1.0 
25,1.0 45,1.0 55,1.0 63,1.0 66,1.0 67,1.0 92,1.0 117,1.0 152,2.0 255,1.0 305,1.0 313,1.0 517,1.0 558,1.0 
19,1.0 40,1.0 59,1.0 67,1.0 82,8.0 84,1.0 87,1.0 94,1.0 111,1.0 116,1.0 132,1.0 152,1.0 225,1.0 231,1.0 255,3.0 305,2.0 321,1.0 333,1.0 335,1.0 
185,1.0 231,1.0 255,1.0 
4,2.0 27,4.0 29,2.0 47,1.0 59,1.0 61,6.0 63,6.0 80,1.0 81,1.0 89,5.0 90,7.0 93,6.0 94,52.0 95,44.0 96,25.0 115,8.0 128,2.0 167,1.0 178,52.0 185,1.0 186,2.0 188,3.0 189,3.0 190,2.0 191,1.0 220,1.0 226,6.0 229,27.0 245,2.0 257,1.0 264,1.0 278,5.0 279,2.0 364,5.0 373,2.0 387,1.0 389,2.0 392,2.0 393,50.0 411,6.0 428,5.0 430,31.0 431,2.0 432,3.0 454,4.0 461,123.0 478,1.0 480,2.0 481,44.0 491,2.0 497,1.0 502,8.0 546,12.0 548,6.0 563,1.0 564,1.0 
55,1.0 76,1.0 77,1.0 
27,1.0 35,1.0 69,4.0 91,1.0 147,1.0 166,2.0 283,1.0 296,1.0 394,1.0 443,1.0 489,4.0 
6,1.0 38,1.0 75,1.0 77,2.0 80,1.0 83,2.0 98,1.0 116,1.0 126,1.0 140,1.0 187,1.0 193,2.0 196,1.0 244,1.0 317,1.0 381,1.0 384,1.0 385,1.0 389,1.0 401,1.0 445,1.0 
31,1.0 32,2.0 35,2.0 36,1.0 50,1.0 75,1.0 196,2.0 261,1.0 
19,1.0 26,1.0 41,1.0 44,1.0 55,1.0 166,1.0 168,1.0 175,1.0 185,1.0 236,1.0 256,1.0 276,1.0 342,1.0 343,1.0 346,1.0 347,1.0 
19,1.0 44,1.0 55,1.0 166,1.0 199,1.0 256,1.0 276,1.0 341,1.0 343,1.0 381,1.0 
46,6.0 49,10.0 52,1.0 69,1.0 79,6.0 261,1.0 346,4.0 357,1.0 400,12.0 452,6.0 457,1.0 462,4.0 463,1.0 464,9.0 465,8.0 466,8.0 467,8.0 486,4.0 487,4.0 
94,1.0 120,1.0 168,1.0 263,1.0 345,1.0 528,1.0 529,1.0 
56,1.0 168,1.0 263,1.0 
22,2.0 46,1.0 49,2.0 56,1.0 180,3.0 231,1.0 243,3.0 347,21.0 440,2.0 450,7.0 455,1.0 463,4.0 464,5.0 465,1.0 468,2.0 487,1.0 489,12.0 494,2.0 504,2.0 508,4.0 
49,6.0 56,1.0 69,5.0 74,1.0 79,6.0 96,1.0 97,1.0 346,1.0 357,1.0 456,1.0 464,1.0 
14,1.0 56,1.0 131,1.0 168,1.0 185,1.0 
28,2.0 41,1.0 58,1.0 69,1.0 164,1.0 167,2.0 185,1.0 350,2.0 351,1.0 352,2.0 
28,2.0 41,1.0 58,1.0 69,1.0 164,1.0 167,2.0 185,1.0 349,2.0 351,1.0 352,2.0 
38,1.0 352,1.0 
38,2.0 49,2.0 52,3.0 69,7.0 251,6.0 257,6.0 277,6.0 346,7.0 351,1.0 440,6.0 456,1.0 462,6.0 463,6.0 
250,1.0 276,1.0 354,1.0 
18,1.0 250,2.0 272,1.0 276,1.0 353,1.0 
58,1.0 164,1.0 231,1.0 264,1.0 356,1.0 
55,1.0 58,1.0 76,1.0 231,1.0 256,1.0 263,1.0 264,1.0 357,1.0 358,1.0 360,1.0 361,1.0 
69,6.0 75,1.0 352,6.0 358,10.0 455,1.0 462,12.0 463,12.0 464,1.0 468,1.0 487,1.0 489,3.0 507,3.0 508,2.0 
52,1.0 69,7.0 75,1.0 346,1.0 352,6.0 357,7.0 462,12.0 463,12.0 
164,1.0 166,1.0 318,1.0 
75,1.0 130,1.0 166,1.0 168,1.0 268,3.0 276,3.0 361,8.0 450,6.0 455,12.0 456,13.0 457,9.0 458,6.0 462,6.0 463,3.0 464,4.0 467,6.0 488,6.0 489,6.0 490,5.0 
75,1.0 360,7.0 455,12.0 456,12.0 457,7.0 458,6.0 
21,2.0 55,1.0 67,1.0 263,1.0 264,1.0 
263,1.0 264,1.0 302,1.0 
48,1.0 70,1.0 95,5.0 201,1.0 226,5.0 257,1.0 263,1.0 336,5.0 417,1.0 461,3.0 
28,2.0 38,2.0 108,2.0 110,1.0 130,1.0 168,1.0 199,2.0 207,1.0 218,1.0 241,2.0 257,1.0 263,1.0 282,1.0 384,1.0 396,1.0 
184,1.0 244,1.0 250,1.0 251,1.0 276,1.0 
52,1.0 79,6.0 123,6.0 180,6.0 184,1.0 243,6.0 281,6.0 368,8.0 450,6.0 
46,3.0 52,1.0 69,2.0 79,13.0 123,6.0 180,6.0 184,1.0 243,6.0 281,6.0 346,2.0 360,1.0 367,7.0 450,8.0 456,11.0 464,8.0 467,1.0 489,2.0 624,1.0 
2,1.0 13,1.0 22,1.0 25,1.0 53,1.0 64,1.0 185,1.0 268,1.0 276,1.0 
76,1.0 77,1.0 371,1.0 
76,1.0 77,1.0 370,1.0 
54,2.0 232,2.0 237,4.0 
164,2.0 168,3.0 180,1.0 184,4.0 185,4.0 186,13.0 188,3.0 189,3.0 190,1.0 191,6.0 236,1.0 237,4.0 246,6.0 248,1.0 258,8.0 278,2.0 279,2.0 280,3.0 328,1.0 460,1.0 476,4.0 
235,1.0 253,1.0 
251,1.0 257,1.0 
190,1.0 377,1.0 
378,1.0 
234,1.0 251,1.0 
125,1.0 128,1.0 236,1.0 268,1.0 380,1.0 
125,1.0 199,1.0 
23,2.0 24,1.0 25,2.0 33,1.0 60,1.0 65,1.0 87,1.0 88,1.0 98,3.0 99,4.0 102,1.0 111,7.0 115,1.0 193,1.0 306,1.0 309,2.0 313,2.0 317,1.0 382,1.0 390,1.0 395,1.0 397,2.0 401,3.0 403,1.0 410,1.0 
111,1.0 383,1.0 
89,1.0 134,1.0 317,1.0 
110,2.0 117,1.0 130,1.0 133,1.0 168,1.0 207,1.0 209,1.0 218,1.0 282,1.0 339,1.0 365,1.0 385,1.0 396,1.0 448,1.0 
25,1.0 110,1.0 117,1.0 199,2.0 207,2.0 218,1.0 276,1.0 298,1.0 313,1.0 317,1.0 365,1.0 384,1.0 386,1.0 390,1.0 395,1.0 396,2.0 416,1.0 447,1.0 449,1.0 
336,1.0 
144,1.0 283,1.0 297,1.0 
147,1.0 389,1.0 
12,7.0 13,1.0 40,6.0 41,6.0 80,3.0 84,10.0 87,1.0 90,2.0 93,6.0 94,39.0 95,5.0 96,45.0 97,45.0 98,4.0 99,1.0 123,1.0 126,28.0 127,9.0 128,9.0 168,5.0 174,1.0 175,1.0 178,22.0 183,2.0 184,4.0 185,1.0 188,9.0 189,9.0 190,2.0 191,1.0 207,1.0 220,1.0 229,10.0 239,4.0 244,4.0 245,2.0 248,4.0 250,4.0 251,8.0 253,4.0 257,9.0 276,5.0 278,9.0 281,1.0 309,2.0 323,5.0 325,1.0 336,1.0 389,1.0 392,55.0 410,1.0 411,13.0 426,1.0 427,1.0 428,9.0 430,17.0 432,4.0 455,6.0 456,6.0 461,6.0 477,8.0 478,9.0 481,3.0 491,1.0 524,2.0 525,2.0 526,2.0 534,3.0 535,1.0 538,1.0 595,4.0 596,4.0 597,4.0 600,4.0 601,4.0 
19,1.0 25,2.0 91,1.0 111,1.0 115,1.0 117,2.0 126,1.0 199,1.0 209,1.0 231,1.0 268,1.0 296,1.0 298,1.0 385,2.0 449,1.0 
52,1.0 93,1.0 126,6.0 127,1.0 175,1.0 178,3.0 188,5.0 190,2.0 191,2.0 214,5.0 247,5.0 251,3.0 257,1.0 280,4.0 323,3.0 395,1.0 425,1.0 430,1.0 464,1.0 468,1.0 476,4.0 497,3.0 
90,4.0 94,13.0 96,67.0 97,67.0 123,1.0 126,8.0 128,2.0 178,6.0 183,2.0 226,4.0 239,2.0 245,2.0 281,1.0 389,51.0 393,1.0 461,2.0 481,2.0 524,2.0 525,2.0 526,2.0 597,4.0 598,4.0 
4,2.0 27,6.0 29,2.0 79,4.0 84,4.0 94,16.0 95,6.0 115,8.0 178,8.0 190,2.0 245,2.0 326,1.0 336,50.0 389,2.0 392,2.0 393,1.0 428,2.0 440,1.0 450,4.0 454,1.0 461,66.0 480,2.0 481,66.0 485,8.0 494,1.0 563,1.0 
147,1.0 268,1.0 283,1.0 
59,1.0 60,1.0 67,2.0 94,4.0 98,2.0 139,1.0 178,4.0 183,1.0 199,2.0 204,1.0 207,2.0 225,4.0 306,1.0 317,4.0 323,4.0 381,1.0 385,1.0 389,4.0 390,1.0 416,2.0 
4,1.0 110,1.0 130,1.0 132,1.0 168,1.0 207,1.0 209,1.0 218,1.0 282,1.0 297,1.0 365,1.0 384,1.0 397,1.0 447,1.0 448,1.0 
19,2.0 82,1.0 88,1.0 89,1.0 101,1.0 111,1.0 116,2.0 125,1.0 134,1.0 140,2.0 144,1.0 155,1.0 297,6.0 381,1.0 402,1.0 403,1.0 
6,1.0 19,1.0 38,1.0 67,1.0 84,2.0 116,1.0 140,1.0 174,2.0 317,1.0 322,3.0 339,1.0 399,1.0 475,2.0 
15,1.0 64,1.0 148,1.0 150,1.0 151,1.0 400,1.0 
15,1.0 28,1.0 38,1.0 46,12.0 49,54.0 79,12.0 110,1.0 142,3.0 167,5.0 168,4.0 180,2.0 187,5.0 190,4.0 236,2.0 251,2.0 256,6.0 258,2.0 263,12.0 264,2.0 268,6.0 276,6.0 327,12.0 343,12.0 400,18.0 452,12.0 455,2.0 462,15.0 463,2.0 464,30.0 465,28.0 466,31.0 467,28.0 468,2.0 473,5.0 486,14.0 487,14.0 488,4.0 489,2.0 505,3.0 509,2.0 
19,1.0 33,1.0 66,1.0 193,1.0 381,3.0 397,1.0 
111,1.0 116,1.0 125,1.0 140,1.0 398,1.0 
88,1.0 98,1.0 193,1.0 
80,2.0 136,1.0 174,2.0 405,1.0 406,1.0 496,2.0 
136,1.0 404,1.0 406,1.0 407,1.0 408,1.0 516,1.0 
136,1.0 407,1.0 408,1.0 
44,1.0 45,1.0 63,1.0 92,1.0 408,2.0 
44,1.0 45,1.0 63,1.0 92,1.0 407,2.0 
45,1.0 55,1.0 148,1.0 154,1.0 159,2.0 227,4.0 261,1.0 315,1.0 318,1.0 399,2.0 423,5.0 589,4.0 590,4.0 
84,1.0 94,1.0 98,1.0 207,1.0 276,1.0 389,1.0 
12,2.0 61,6.0 63,6.0 84,2.0 93,12.0 94,9.0 95,2.0 96,1.0 126,6.0 174,1.0 220,3.0 239,2.0 276,1.0 309,2.0 323,1.0 325,2.0 336,6.0 341,1.0 346,1.0 389,13.0 427,6.0 433,1.0 434,1.0 435,1.0 455,6.0 456,6.0 468,1.0 492,3.0 493,2.0 
19,1.0 276,1.0 413,1.0 
239,1.0 276,1.0 
25,1.0 120,2.0 231,1.0 268,1.0 323,1.0 
25,1.0 120,1.0 239,1.0 414,1.0 
199,2.0 207,2.0 317,2.0 385,1.0 390,1.0 395,2.0 
48,1.0 70,1.0 201,1.0 364,1.0 
20,1.0 319,1.0 
209,1.0 220,1.0 221,1.0 302,1.0 420,1.0 
27,1.0 209,1.0 
31,1.0 422,1.0 
31,1.0 421,1.0 
45,1.0 55,1.0 154,1.0 227,4.0 261,1.0 318,1.0 409,5.0 589,4.0 590,4.0 
32,2.0 59,2.0 220,1.0 221,1.0 
391,1.0 395,1.0 
19,1.0 47,4.0 83,2.0 84,1.0 89,2.0 94,1.0 101,2.0 178,1.0 339,1.0 389,1.0 444,1.0 446,1.0 612,4.0 
94,1.0 95,1.0 136,1.0 174,1.0 239,1.0 323,1.0 325,1.0 389,1.0 411,5.0 492,3.0 493,2.0 559,1.0 
40,6.0 41,6.0 84,4.0 90,3.0 93,42.0 94,9.0 96,3.0 126,11.0 127,21.0 128,3.0 138,3.0 167,3.0 168,1.0 175,6.0 178,9.0 180,3.0 183,1.0 185,1.0 187,3.0 225,3.0 229,41.0 243,3.0 264,3.0 276,1.0 277,1.0 323,3.0 336,5.0 389,8.0 393,2.0 429,12.0 430,30.0 432,8.0 445,3.0 454,3.0 461,10.0 480,6.0 481,4.0 491,12.0 527,3.0 541,6.0 542,3.0 607,8.0 
36,6.0 41,6.0 50,6.0 55,6.0 93,26.0 96,3.0 97,2.0 130,1.0 167,2.0 175,1.0 178,12.0 180,2.0 187,2.0 189,1.0 190,2.0 191,2.0 229,12.0 245,2.0 246,1.0 257,1.0 277,2.0 280,2.0 326,1.0 328,2.0 336,1.0 428,12.0 430,3.0 460,2.0 461,12.0 478,1.0 484,5.0 497,1.0 
40,6.0 41,6.0 90,2.0 93,50.0 94,5.0 95,11.0 126,35.0 127,27.0 131,1.0 138,3.0 167,5.0 168,5.0 175,7.0 178,27.0 180,5.0 186,2.0 187,5.0 188,9.0 189,10.0 191,4.0 225,3.0 229,20.0 239,2.0 243,3.0 257,5.0 262,2.0 264,6.0 276,3.0 277,7.0 278,12.0 279,2.0 328,2.0 336,34.0 373,2.0 389,17.0 391,2.0 428,30.0 429,3.0 432,2.0 440,3.0 445,3.0 454,3.0 456,1.0 460,2.0 461,19.0 462,6.0 463,6.0 464,1.0 477,8.0 478,9.0 491,11.0 536,4.0 540,1.0 541,6.0 542,3.0 544,6.0 546,12.0 548,6.0 550,1.0 
80,1.0 128,3.0 166,2.0 231,2.0 256,2.0 259,2.0 264,2.0 299,1.0 328,2.0 456,2.0 464,2.0 468,2.0 469,3.0 517,1.0 
12,2.0 90,1.0 119,1.0 126,12.0 128,2.0 188,2.0 189,2.0 220,2.0 229,6.0 239,2.0 278,2.0 336,1.0 389,4.0 428,8.0 430,2.0 431,2.0 461,2.0 469,2.0 607,8.0 
96,1.0 323,1.0 
98,1.0 115,1.0 434,1.0 435,1.0 436,2.0 
434,2.0 436,1.0 
98,1.0 115,1.0 434,1.0 
66,2.0 153,1.0 256,2.0 259,2.0 327,3.0 438,1.0 439,1.0 
153,1.0 253,1.0 329,1.0 439,1.0 
153,1.0 253,1.0 329,1.0 438,1.0 
20,3.0 21,4.0 22,4.0 26,2.0 27,3.0 44,2.0 45,2.0 48,2.0 59,2.0 61,2.0 63,2.0 69,2.0 92,4.0 126,3.0 127,6.0 153,3.0 167,5.0 168,8.0 180,4.0 184,4.0 185,19.0 186,1.0 187,6.0 189,3.0 190,13.0 191,12.0 236,2.0 243,2.0 244,2.0 246,2.0 251,10.0 253,1.0 257,6.0 264,10.0 275,4.0 276,7.0 277,37.0 278,1.0 279,1.0 280,3.0 321,2.0 400,6.0 430,3.0 440,2.0 442,2.0 455,4.0 462,2.0 464,4.0 465,4.0 466,4.0 467,4.0 470,4.0 486,2.0 487,2.0 491,2.0 494,7.0 565,1.0 566,1.0 567,1.0 568,1.0 584,2.0 
20,1.0 48,1.0 129,7.0 153,1.0 180,1.0 184,2.0 185,2.0 188,3.0 189,4.0 190,4.0 235,1.0 236,2.0 244,1.0 250,2.0 251,5.0 253,1.0 440,2.0 494,2.0 523,2.0 
79,12.0 162,1.0 180,2.0 185,2.0 189,3.0 190,2.0 191,2.0 235,1.0 236,3.0 244,2.0 246,2.0 256,1.0 259,1.0 268,2.0 269,2.0 275,10.0 319,1.0 450,12.0 451,6.0 452,6.0 
91,1.0 296,1.0 338,1.0 
115,1.0 393,2.0 
93,3.0 127,3.0 138,3.0 193,1.0 339,1.0 428,3.0 
83,1.0 209,1.0 390,1.0 
209,1.0 396,1.0 448,1.0 
110,1.0 117,2.0 133,1.0 209,2.0 384,1.0 390,1.0 
110,1.0 207,1.0 218,1.0 365,1.0 384,1.0 385,1.0 396,1.0 
20,2.0 22,1.0 32,2.0 69,1.0 74,8.0 79,94.0 123,6.0 130,4.0 142,2.0 151,2.0 168,4.0 180,13.0 185,2.0 186,2.0 187,2.0 189,7.0 190,4.0 191,3.0 205,1.0 243,6.0 244,3.0 246,2.0 250,6.0 251,3.0 257,6.0 264,2.0 275,12.0 277,3.0 278,14.0 280,16.0 281,6.0 326,3.0 360,6.0 367,12.0 368,12.0 400,1.0 442,12.0 450,43.0 451,12.0 452,12.0 455,28.0 457,14.0 462,25.0 463,8.0 464,28.0 465,35.0 466,14.0 467,14.0 468,14.0 470,2.0 471,1.0 473,1.0 486,1.0 487,2.0 488,21.0 489,35.0 490,6.0 495,2.0 504,2.0 505,2.0 506,2.0 507,3.0 508,2.0 510,14.0 620,2.0 622,3.0 
79,12.0 367,6.0 368,6.0 450,12.0 452,6.0 
46,7.0 49,2.0 79,13.0 167,4.0 168,4.0 187,4.0 190,4.0 191,3.0 251,2.0 256,6.0 258,2.0 264,2.0 268,6.0 276,6.0 277,1.0 346,1.0 360,1.0 367,6.0 368,6.0 400,6.0 450,12.0 451,6.0 462,2.0 464,4.0 465,4.0 466,4.0 467,4.0 486,2.0 487,2.0 490,3.0 
28,6.0 32,6.0 454,6.0 
28,6.0 32,6.0 93,8.0 168,4.0 185,2.0 189,5.0 191,9.0 246,2.0 264,3.0 276,3.0 277,4.0 278,5.0 279,1.0 280,1.0 336,2.0 389,2.0 392,2.0 393,4.0 430,3.0 440,5.0 453,6.0 485,2.0 563,9.0 
35,2.0 44,2.0 45,2.0 50,4.0 74,8.0 83,2.0 130,4.0 142,2.0 168,6.0 180,4.0 184,1.0 187,2.0 189,10.0 190,5.0 191,2.0 232,1.0 250,2.0 257,4.0 277,5.0 278,20.0 279,12.0 280,14.0 326,6.0 360,12.0 361,12.0 400,2.0 430,1.0 450,28.0 455,34.0 456,83.0 457,20.0 458,12.0 459,6.0 463,10.0 464,42.0 465,29.0 467,8.0 468,26.0 470,4.0 473,14.0 486,1.0 487,2.0 489,4.0 506,4.0 507,2.0 508,2.0 509,8.0 
22,2.0 69,1.0 130,1.0 142,3.0 168,2.0 180,4.0 189,6.0 190,1.0 243,3.0 251,1.0 258,1.0 264,1.0 277,2.0 278,12.0 279,12.0 280,6.0 326,6.0 360,12.0 361,12.0 391,1.0 400,12.0 430,1.0 440,2.0 450,3.0 455,43.0 456,18.0 457,12.0 458,12.0 459,6.0 462,4.0 463,5.0 464,3.0 466,2.0 468,3.0 470,1.0 486,4.0 489,3.0 504,3.0 621,24.0 
46,1.0 49,3.0 69,1.0 74,4.0 79,1.0 130,1.0 180,3.0 189,9.0 191,1.0 243,1.0 244,3.0 250,3.0 257,3.0 277,1.0 280,6.0 326,9.0 346,1.0 400,2.0 450,11.0 455,14.0 456,9.0 458,10.0 459,6.0 462,3.0 463,5.0 464,11.0 465,8.0 467,8.0 468,1.0 488,3.0 489,3.0 490,1.0 
52,2.0 74,1.0 189,6.0 280,6.0 326,6.0 346,1.0 455,6.0 456,6.0 457,6.0 459,6.0 
32,2.0 35,2.0 48,2.0 53,2.0 58,2.0 167,6.0 187,6.0 188,1.0 189,13.0 247,1.0 256,7.0 259,1.0 264,1.0 280,7.0 326,17.0 328,7.0 357,6.0 358,6.0 460,6.0 462,12.0 463,12.0 586,2.0 
36,2.0 40,2.0 41,2.0 50,2.0 61,6.0 63,6.0 76,2.0 95,2.0 123,1.0 167,9.0 168,1.0 180,4.0 184,1.0 185,1.0 186,1.0 187,10.0 188,1.0 189,8.0 190,1.0 236,3.0 244,1.0 256,7.0 258,1.0 259,1.0 263,1.0 264,1.0 265,1.0 280,2.0 281,1.0 328,13.0 336,2.0 373,1.0 
4,2.0 23,1.0 24,1.0 26,6.0 27,6.0 29,4.0 30,6.0 41,6.0 48,6.0 84,8.0 86,1.0 89,5.0 90,7.0 93,42.0 94,86.0 95,40.0 96,33.0 97,9.0 115,12.0 125,1.0 126,25.0 130,2.0 168,8.0 178,78.0 180,2.0 183,4.0 188,6.0 189,12.0 191,6.0 226,6.0 229,34.0 244,6.0 248,4.0 250,10.0 268,2.0 276,2.0 277,6.0 278,6.0 280,6.0 282,2.0 336,86.0 364,5.0 389,15.0 392,13.0 393,14.0 428,10.0 429,14.0 430,23.0 432,2.0 454,4.0 461,2.0 480,4.0 481,78.0 482,2.0 483,2.0 502,8.0 530,1.0 531,2.0 533,5.0 536,4.0 537,1.0 574,2.0 605,4.0 606,4.0 
30,2.0 32,2.0 46,4.0 48,4.0 49,1.0 69,12.0 79,4.0 142,3.0 180,5.0 184,1.0 185,1.0 189,3.0 191,2.0 236,1.0 244,3.0 250,5.0 251,8.0 256,2.0 257,9.0 258,2.0 263,4.0 264,2.0 268,2.0 276,2.0 277,6.0 278,6.0 280,10.0 326,15.0 327,4.0 343,4.0 352,12.0 357,12.0 358,12.0 360,6.0 400,14.0 440,6.0 450,23.0 452,4.0 457,6.0 459,12.0 462,39.0 463,64.0 467,6.0 468,14.0 473,2.0 486,14.0 487,14.0 488,22.0 489,21.0 490,6.0 495,14.0 504,14.0 
69,12.0 74,32.0 130,4.0 142,1.0 166,2.0 168,5.0 180,6.0 184,1.0 185,1.0 189,5.0 190,4.0 191,1.0 243,1.0 251,6.0 257,6.0 277,7.0 280,2.0 326,12.0 352,12.0 357,12.0 358,12.0 400,2.0 440,6.0 450,6.0 455,7.0 459,12.0 462,43.0 463,18.0 464,6.0 465,14.0 466,1.0 468,2.0 470,3.0 473,2.0 489,4.0 504,2.0 509,3.0 621,1.0 622,1.0 
22,2.0 44,2.0 45,2.0 46,8.0 52,36.0 74,8.0 79,8.0 130,4.0 142,2.0 164,1.0 167,4.0 168,8.0 180,5.0 185,1.0 187,4.0 189,6.0 190,8.0 220,1.0 243,1.0 256,4.0 263,8.0 268,5.0 272,1.0 276,6.0 277,2.0 278,8.0 280,8.0 327,8.0 343,8.0 391,1.0 400,34.0 411,1.0 440,2.0 450,28.0 452,8.0 455,44.0 456,2.0 457,8.0 462,1.0 463,10.0 464,28.0 465,56.0 466,36.0 467,36.0 468,32.0 470,6.0 473,15.0 486,4.0 487,2.0 488,3.0 489,3.0 506,3.0 507,2.0 508,2.0 509,2.0 628,4.0 
46,8.0 74,8.0 79,8.0 90,1.0 130,4.0 167,4.0 168,8.0 178,1.0 180,4.0 184,1.0 185,1.0 187,4.0 189,4.0 190,8.0 244,1.0 256,4.0 263,8.0 268,4.0 276,4.0 278,8.0 280,10.0 327,8.0 343,8.0 400,28.0 450,28.0 452,8.0 455,28.0 457,8.0 463,8.0 464,91.0 465,24.0 466,28.0 467,36.0 468,12.0 470,1.0 510,2.0 622,1.0 625,1.0 
46,8.0 79,8.0 128,1.0 167,4.0 168,4.0 180,1.0 185,2.0 186,2.0 187,6.0 190,4.0 191,2.0 232,1.0 236,1.0 239,2.0 246,2.0 256,4.0 263,8.0 264,2.0 268,4.0 276,4.0 327,8.0 343,8.0 400,28.0 450,14.0 452,8.0 462,2.0 464,28.0 465,28.0 466,16.0 467,56.0 468,2.0 473,2.0 487,2.0 488,2.0 489,14.0 495,2.0 504,2.0 506,2.0 507,2.0 508,2.0 510,14.0 575,4.0 
40,2.0 41,2.0 46,8.0 53,2.0 58,2.0 74,4.0 79,8.0 128,2.0 130,1.0 167,4.0 168,5.0 180,4.0 187,4.0 189,3.0 190,4.0 236,1.0 244,3.0 250,3.0 256,4.0 257,3.0 263,8.0 268,4.0 276,4.0 277,1.0 326,3.0 327,8.0 343,8.0 357,1.0 400,30.0 450,14.0 452,8.0 455,8.0 457,27.0 462,5.0 463,4.0 464,36.0 465,36.0 466,28.0 467,12.0 468,1.0 470,1.0 486,5.0 487,6.0 488,3.0 489,4.0 504,8.0 505,4.0 507,4.0 509,3.0 
22,4.0 30,2.0 44,2.0 45,2.0 48,2.0 52,1.0 67,1.0 82,2.0 89,2.0 91,7.0 142,2.0 166,3.0 182,4.0 190,1.0 220,1.0 231,3.0 243,1.0 250,1.0 277,2.0 278,8.0 280,8.0 346,42.0 400,2.0 411,1.0 440,4.0 450,17.0 455,31.0 456,2.0 457,4.0 462,19.0 463,2.0 464,32.0 465,16.0 466,4.0 467,4.0 468,14.0 471,1.0 473,16.0 486,2.0 487,2.0 488,6.0 489,2.0 494,2.0 495,14.0 504,15.0 505,3.0 506,2.0 507,2.0 508,2.0 509,2.0 550,2.0 560,7.0 619,2.0 622,1.0 
299,1.0 431,3.0 456,2.0 464,2.0 468,2.0 517,1.0 
26,4.0 50,4.0 168,5.0 185,1.0 189,4.0 236,1.0 257,4.0 258,1.0 264,1.0 277,4.0 455,4.0 464,1.0 468,28.0 471,2.0 495,2.0 
26,2.0 168,2.0 189,4.0 246,2.0 465,4.0 470,2.0 474,2.0 
36,4.0 190,2.0 191,4.0 251,2.0 473,4.0 
36,4.0 44,2.0 45,2.0 48,2.0 190,3.0 191,6.0 196,2.0 244,2.0 251,4.0 280,2.0 400,2.0 455,24.0 462,2.0 463,2.0 464,14.0 468,14.0 472,4.0 473,4.0 487,2.0 489,2.0 506,2.0 507,2.0 508,2.0 509,2.0 522,2.0 
189,4.0 246,4.0 471,2.0 495,2.0 
84,2.0 174,2.0 398,2.0 
126,2.0 184,4.0 185,4.0 186,8.0 187,4.0 188,4.0 190,2.0 191,10.0 237,4.0 246,8.0 247,4.0 251,2.0 258,8.0 264,4.0 276,4.0 277,4.0 280,4.0 373,4.0 497,2.0 
4,2.0 139,2.0 168,4.0 187,4.0 188,8.0 189,8.0 191,6.0 246,6.0 257,4.0 264,4.0 276,4.0 277,4.0 278,8.0 478,8.0 
4,2.0 96,1.0 139,2.0 168,4.0 187,5.0 188,9.0 189,9.0 191,7.0 246,7.0 257,5.0 264,5.0 276,5.0 277,5.0 278,9.0 336,1.0 454,1.0 477,8.0 497,1.0 563,1.0 
11,2.0 93,2.0 454,2.0 553,2.0 557,2.0 
336,2.0 393,2.0 428,6.0 461,4.0 481,4.0 
4,2.0 23,1.0 24,1.0 27,6.0 29,4.0 84,8.0 86,1.0 90,3.0 94,26.0 96,9.0 97,9.0 115,9.0 125,1.0 126,10.0 130,2.0 168,2.0 178,7.0 180,2.0 183,4.0 244,6.0 248,4.0 250,10.0 268,2.0 276,2.0 282,2.0 336,8.0 389,12.0 392,13.0 393,14.0 428,4.0 461,78.0 480,4.0 482,2.0 483,2.0 574,2.0 
96,2.0 97,2.0 429,2.0 483,2.0 484,2.0 
96,2.0 97,2.0 429,2.0 482,2.0 484,2.0 
96,2.0 97,2.0 189,1.0 190,2.0 191,1.0 245,2.0 246,1.0 257,1.0 277,1.0 280,1.0 326,1.0 429,5.0 
79,4.0 393,8.0 440,1.0 450,4.0 454,1.0 485,1.0 494,1.0 563,1.0 
46,4.0 79,4.0 168,1.0 231,1.0 232,1.0 251,2.0 256,2.0 258,2.0 263,4.0 264,2.0 268,2.0 276,2.0 327,4.0 343,4.0 400,14.0 452,4.0 462,14.0 486,6.0 487,37.0 509,1.0 
40,2.0 41,2.0 44,2.0 45,2.0 46,4.0 53,2.0 58,2.0 79,4.0 128,1.0 231,1.0 251,2.0 256,2.0 258,2.0 263,4.0 264,2.0 268,2.0 276,2.0 327,4.0 343,4.0 357,11.0 400,18.0 450,2.0 452,4.0 455,4.0 462,16.0 465,1.0 466,2.0 467,4.0 486,14.0 487,12.0 488,5.0 489,2.0 504,4.0 505,7.0 506,16.0 507,18.0 508,17.0 509,1.0 510,2.0 622,2.0 
142,1.0 180,3.0 189,5.0 231,1.0 232,1.0 236,1.0 244,3.0 250,3.0 257,3.0 278,6.0 280,6.0 326,3.0 360,6.0 450,21.0 457,6.0 462,21.0 467,6.0 471,2.0 488,9.0 489,45.0 490,6.0 491,1.0 
69,55.0 83,2.0 91,4.0 130,2.0 142,2.0 161,4.0 166,2.0 168,2.0 180,8.0 182,4.0 185,2.0 186,2.0 187,4.0 189,4.0 191,2.0 205,1.0 231,1.0 236,1.0 243,4.0 244,3.0 246,2.0 250,3.0 251,2.0 257,5.0 264,2.0 278,6.0 280,6.0 326,3.0 338,4.0 360,6.0 400,4.0 450,39.0 455,4.0 457,6.0 462,23.0 463,2.0 464,2.0 465,4.0 466,14.0 467,6.0 468,4.0 470,7.0 473,2.0 486,1.0 487,2.0 488,21.0 489,13.0 490,6.0 491,1.0 495,3.0 504,2.0 506,2.0 507,5.0 508,2.0 509,5.0 510,14.0 
130,1.0 168,1.0 191,4.0 268,3.0 276,2.0 277,2.0 360,16.0 400,3.0 450,6.0 452,1.0 455,2.0 457,3.0 462,6.0 466,5.0 467,3.0 488,7.0 489,6.0 508,6.0 
12,1.0 80,3.0 84,4.0 90,2.0 92,4.0 93,12.0 95,2.0 126,1.0 127,7.0 128,1.0 175,3.0 178,6.0 186,2.0 205,3.0 229,1.0 278,2.0 279,2.0 323,1.0 336,2.0 373,2.0 389,2.0 428,12.0 430,11.0 440,2.0 450,1.0 489,1.0 
136,1.0 346,2.0 427,1.0 468,2.0 493,2.0 559,1.0 
346,2.0 468,2.0 492,2.0 
22,2.0 168,2.0 184,4.0 185,8.0 190,4.0 191,2.0 276,2.0 277,2.0 278,1.0 279,1.0 440,9.0 455,2.0 470,2.0 565,1.0 566,1.0 567,1.0 568,1.0 
26,2.0 30,2.0 48,2.0 189,4.0 246,2.0 257,2.0 462,15.0 468,14.0 470,2.0 474,2.0 495,6.0 504,14.0 
80,2.0 174,2.0 404,2.0 
96,1.0 126,2.0 187,3.0 188,3.0 191,3.0 246,3.0 247,3.0 251,3.0 257,1.0 264,3.0 276,3.0 277,3.0 280,2.0 336,1.0 454,1.0 476,2.0 478,1.0 563,1.0 
5,2.0 22,16.0 36,10.0 40,4.0 55,2.0 66,6.0 90,2.0 91,4.0 239,4.0 613,4.0 
32,2.0 91,6.0 500,2.0 501,2.0 502,2.0 551,4.0 
499,2.0 501,2.0 502,2.0 
256,2.0 259,2.0 327,2.0 437,2.0 502,2.0 
89,4.0 90,4.0 94,8.0 95,6.0 178,8.0 256,2.0 259,2.0 327,2.0 336,8.0 437,2.0 461,8.0 501,2.0 
32,2.0 129,2.0 167,1.0 180,3.0 189,2.0 235,3.0 236,1.0 243,3.0 247,2.0 248,2.0 250,2.0 251,2.0 253,2.0 258,1.0 260,1.0 264,1.0 275,2.0 278,1.0 279,1.0 
30,2.0 40,2.0 41,2.0 46,20.0 48,2.0 53,2.0 58,2.0 142,3.0 168,3.0 184,1.0 346,1.0 462,15.0 463,1.0 467,4.0 468,14.0 473,1.0 486,1.0 487,4.0 488,2.0 495,14.0 504,6.0 505,4.0 509,2.0 625,1.0 
40,2.0 41,2.0 53,2.0 58,2.0 467,4.0 487,4.0 504,15.0 
44,2.0 45,2.0 450,2.0 466,2.0 487,16.0 489,2.0 506,6.0 507,19.0 508,16.0 510,2.0 
44,2.0 45,2.0 450,2.0 466,2.0 487,16.0 489,2.0 490,17.0 506,16.0 507,6.0 508,16.0 510,4.0 622,1.0 
44,2.0 45,2.0 78,18.0 129,1.0 142,2.0 250,1.0 450,2.0 462,2.0 465,2.0 466,2.0 470,3.0 487,16.0 489,2.0 506,16.0 507,16.0 508,6.0 510,2.0 
180,1.0 231,1.0 400,18.0 455,2.0 463,2.0 464,2.0 468,2.0 473,2.0 487,1.0 489,2.0 
185,2.0 186,2.0 187,2.0 191,2.0 246,2.0 264,2.0 450,14.0 462,2.0 466,18.0 468,2.0 487,2.0 489,14.0 495,2.0 504,2.0 506,2.0 507,2.0 508,2.0 510,4.0 
61,2.0 63,2.0 512,2.0 
61,2.0 63,2.0 180,1.0 185,1.0 250,1.0 251,1.0 276,1.0 511,2.0 539,1.0 
36,2.0 50,2.0 514,2.0 
36,2.0 50,2.0 513,2.0 
103,1.0 157,1.0 164,2.0 167,2.0 188,2.0 247,2.0 254,2.0 256,2.0 258,2.0 264,2.0 272,2.0 273,2.0 299,2.0 516,2.0 517,2.0 518,2.0 519,2.0 
103,1.0 157,1.0 164,2.0 167,2.0 188,2.0 247,2.0 254,2.0 256,2.0 258,2.0 264,2.0 272,2.0 273,2.0 299,2.0 405,1.0 407,1.0 408,1.0 515,2.0 517,2.0 518,2.0 519,2.0 
55,1.0 66,1.0 103,1.0 157,1.0 164,2.0 167,2.0 188,2.0 247,2.0 254,2.0 256,2.0 258,2.0 264,2.0 272,2.0 273,2.0 299,3.0 333,1.0 515,2.0 516,2.0 518,2.0 519,2.0 558,1.0 561,1.0 562,1.0 
103,1.0 157,1.0 164,2.0 167,2.0 188,2.0 247,2.0 254,2.0 256,2.0 258,2.0 264,2.0 272,2.0 273,2.0 299,2.0 515,2.0 516,2.0 517,2.0 519,2.0 
103,1.0 157,1.0 164,2.0 167,2.0 188,2.0 247,2.0 254,2.0 256,2.0 258,2.0 264,2.0 272,2.0 273,2.0 299,2.0 515,2.0 516,2.0 517,2.0 518,2.0 
53,2.0 58,2.0 521,2.0 
53,2.0 58,2.0 520,2.0 
196,2.0 244,2.0 251,2.0 473,2.0 
184,2.0 185,2.0 188,2.0 189,2.0 190,2.0 251,2.0 440,2.0 441,2.0 494,2.0 
336,2.0 393,2.0 429,2.0 484,2.0 525,4.0 
336,2.0 393,2.0 429,2.0 484,2.0 524,4.0 
245,4.0 393,2.0 461,2.0 481,2.0 485,2.0 
9,1.0 84,1.0 90,3.0 93,3.0 94,1.0 178,3.0 229,3.0 323,3.0 428,3.0 
94,1.0 120,1.0 344,1.0 529,1.0 
94,1.0 120,1.0 344,1.0 528,1.0 
93,1.0 115,1.0 178,1.0 461,1.0 
84,1.0 90,1.0 93,2.0 94,2.0 95,2.0 115,2.0 167,1.0 168,1.0 178,4.0 191,1.0 277,1.0 336,2.0 461,4.0 
93,1.0 126,1.0 127,1.0 178,1.0 430,1.0 461,1.0 
168,5.0 178,5.0 189,5.0 191,5.0 277,5.0 280,5.0 461,5.0 
84,2.0 94,3.0 95,1.0 126,2.0 178,2.0 183,2.0 229,1.0 389,3.0 426,1.0 
126,1.0 168,1.0 185,1.0 190,1.0 191,1.0 276,1.0 389,1.0 
93,4.0 94,4.0 95,4.0 126,4.0 178,4.0 336,4.0 430,4.0 461,6.0 
93,1.0 178,1.0 429,1.0 461,1.0 
180,1.0 185,1.0 250,1.0 251,1.0 276,1.0 512,1.0 
12,1.0 
93,1.0 126,1.0 178,1.0 430,1.0 
93,6.0 127,5.0 175,3.0 225,3.0 229,6.0 428,6.0 430,6.0 
167,3.0 180,3.0 187,3.0 229,3.0 243,3.0 264,3.0 428,3.0 
84,6.0 
545,6.0 
101,6.0 336,6.0 430,6.0 546,24.0 
545,30.0 547,6.0 
548,6.0 
167,6.0 191,6.0 264,6.0 276,6.0 549,6.0 
229,6.0 
168,1.0 189,1.0 191,1.0 278,1.0 347,2.0 
91,4.0 499,4.0 
11,2.0 491,2.0 553,4.0 
11,2.0 19,4.0 20,2.0 84,2.0 92,2.0 557,2.0 
47,2.0 
47,2.0 162,2.0 
11,2.0 162,2.0 
92,2.0 553,2.0 
28,1.0 47,1.0 55,1.0 66,1.0 333,1.0 517,1.0 560,1.0 
136,1.0 558,1.0 560,1.0 
28,1.0 47,1.0 91,7.0 182,4.0 468,7.0 558,1.0 
21,1.0 27,1.0 562,1.0 
21,1.0 27,1.0 561,1.0 
185,2.0 189,5.0 191,2.0 246,2.0 278,1.0 279,1.0 280,1.0 393,2.0 440,2.0 454,9.0 485,2.0 
94,1.0 95,1.0 229,1.0 336,1.0 461,1.0 
94,1.0 278,1.0 279,1.0 566,1.0 567,1.0 568,1.0 
94,1.0 278,1.0 279,1.0 565,1.0 567,1.0 568,1.0 
94,1.0 278,1.0 279,1.0 565,1.0 566,1.0 568,1.0 
94,1.0 278,1.0 279,1.0 565,1.0 566,1.0 567,1.0 
95,4.0 126,2.0 336,22.0 389,10.0 392,12.0 393,26.0 582,6.0 
95,2.0 336,4.0 393,6.0 409,4.0 423,4.0 577,2.0 578,4.0 583,2.0 589,4.0 590,4.0 609,2.0 610,2.0 611,2.0 
94,2.0 189,4.0 336,2.0 393,2.0 569,4.0 582,4.0 
336,2.0 393,2.0 573,2.0 
336,4.0 393,4.0 572,2.0 577,4.0 
180,2.0 250,2.0 
94,4.0 178,4.0 392,4.0 
90,4.0 94,4.0 178,4.0 393,8.0 454,4.0 563,4.0 581,4.0 
336,6.0 393,6.0 570,2.0 573,2.0 
90,4.0 188,4.0 189,4.0 246,4.0 409,4.0 423,4.0 570,4.0 576,4.0 579,4.0 581,4.0 589,4.0 590,4.0 
246,4.0 580,4.0 
392,4.0 
90,4.0 393,4.0 576,4.0 
95,4.0 126,2.0 184,4.0 189,4.0 246,4.0 292,4.0 392,2.0 393,4.0 461,4.0 481,4.0 569,6.0 571,4.0 587,8.0 
40,2.0 53,2.0 86,2.0 88,2.0 95,2.0 393,2.0 570,2.0 586,4.0 591,4.0 592,4.0 
184,2.0 185,2.0 
292,4.0 583,4.0 586,4.0 591,4.0 
95,4.0 174,4.0 186,4.0 187,4.0 570,2.0 592,4.0 609,2.0 
184,4.0 246,4.0 292,4.0 461,4.0 481,4.0 582,8.0 
242,4.0 576,4.0 
227,4.0 409,4.0 423,4.0 590,4.0 
227,4.0 409,4.0 423,4.0 589,4.0 
583,4.0 586,4.0 592,4.0 615,4.0 616,4.0 
95,4.0 174,4.0 586,4.0 
94,4.0 178,4.0 236,4.0 244,4.0 389,4.0 594,4.0 
94,4.0 178,4.0 236,4.0 244,4.0 389,4.0 593,4.0 
94,4.0 126,4.0 178,4.0 389,4.0 392,4.0 596,4.0 597,4.0 
94,4.0 126,4.0 178,4.0 389,4.0 392,4.0 595,4.0 597,4.0 
392,4.0 598,4.0 
225,4.0 395,4.0 
389,4.0 600,4.0 
389,4.0 601,4.0 
126,4.0 602,40.0 
127,4.0 168,4.0 191,4.0 276,4.0 277,4.0 601,40.0 603,4.0 
229,4.0 
461,4.0 605,4.0 
461,4.0 606,4.0 
178,4.0 607,40.0 
25,4.0 606,40.0 608,4.0 
128,4.0 
570,2.0 610,2.0 611,2.0 
185,2.0 191,2.0 276,2.0 440,2.0 494,2.0 611,2.0 
185,2.0 191,2.0 276,2.0 440,2.0 494,2.0 610,2.0 
26,2.0 47,15.0 61,4.0 90,8.0 91,3.0 178,1.0 323,2.0 389,1.0 481,1.0 
21,4.0 64,4.0 142,4.0 246,4.0 614,4.0 618,12.0 
55,4.0 142,4.0 
591,4.0 616,8.0 
27,4.0 60,4.0 615,4.0 616,4.0 617,20.0 
22,4.0 32,4.0 88,4.0 616,12.0 
613,16.0 
82,2.0 89,2.0 468,2.0 
20,2.0 151,2.0 450,2.0 
49,7.0 74,1.0 78,2.0 79,1.0 129,1.0 180,2.0 243,2.0 250,1.0 276,1.0 456,1.0 463,4.0 464,1.0 467,4.0 468,1.0 490,3.0 508,1.0 627,1.0 
508,9.0 
79,2.0 
49,1.0 69,1.0 74,1.0 79,1.0 277,2.0 346,2.0 357,1.0 440,2.0 456,2.0 457,2.0 621,1.0 
488,2.0 
52,2.0 346,1.0 
367,1.0 
624,4.0 
