0,5.0 1,3.0 2,3.0 3,1.0 5,32.0 7,3.0 8,1.0 12,1.0 13,7.0 14,2.0 21,3.0 22,3.0 27,10.0 28,1.0 29,4.0 31,5.0 34,5.0 35,4.0 36,7.0 37,2.0 41,4.0 46,10.0 47,7.0 54,2.0 55,40.0 56,18.0 59,2.0 60,2.0 63,35.0 64,12.0 65,28.0 66,35.0 67,26.0 68,14.0 69,37.0 70,46.0 71,3.0 72,3.0 74,2.0 76,3.0 77,2.0 80,3.0 82,4.0 85,2.0 90,3.0 92,3.0 93,3.0 95,1.0 97,4.0 98,10.0 102,12.0 103,12.0 104,15.0 105,2.0 106,1.0 107,6.0 108,6.0 110,15.0 111,3.0 112,1.0 113,2.0 116,8.0 119,2.0 122,2.0 123,2.0 124,3.0 125,1.0 126,4.0 127,4.0 128,4.0 129,1.0 130,9.0 131,2.0 132,2.0 136,2.0 137,3.0 142,2.0 143,2.0 144,2.0 146,2.0 147,2.0 148,2.0 149,3.0 150,2.0 159,6.0 166,1.0 189,1.0 198,1.0 199,2.0 205,1.0 208,1.0 210,1.0 228,2.0 230,1.0 231,1.0 237,1.0 243,1.0 255,1.0 
0,3.0 1,4.0 2,1.0 3,8.0 5,6.0 34,1.0 35,2.0 36,2.0 55,4.0 56,4.0 65,2.0 70,2.0 77,1.0 166,2.0 236,2.0 238,1.0 
1,5.0 3,3.0 8,3.0 16,3.0 34,1.0 35,3.0 55,10.0 65,5.0 73,3.0 115,11.0 159,2.0 160,1.0 161,1.0 237,1.0 
1,1.0 2,6.0 3,1.0 4,4.0 35,2.0 36,5.0 55,4.0 60,8.0 70,7.0 84,1.0 113,6.0 115,3.0 145,1.0 149,3.0 185,1.0 
0,1.0 5,4.0 50,1.0 65,1.0 
0,30.0 5,24.0 6,2.0 7,3.0 8,5.0 10,3.0 12,12.0 13,8.0 14,11.0 16,2.0 20,1.0 21,4.0 22,3.0 26,5.0 27,1.0 28,4.0 29,1.0 31,3.0 32,6.0 33,6.0 34,25.0 35,5.0 36,7.0 37,4.0 38,8.0 39,16.0 41,11.0 45,1.0 46,11.0 47,2.0 54,6.0 55,118.0 56,112.0 57,3.0 58,2.0 59,10.0 60,3.0 63,10.0 64,23.0 65,44.0 66,27.0 67,23.0 68,15.0 69,6.0 70,23.0 74,5.0 76,5.0 78,3.0 87,8.0 88,3.0 90,3.0 92,3.0 95,1.0 98,5.0 99,36.0 104,2.0 105,7.0 106,7.0 111,3.0 113,10.0 114,3.0 115,6.0 116,10.0 121,10.0 122,2.0 124,4.0 132,1.0 134,3.0 136,4.0 137,6.0 138,2.0 139,2.0 142,2.0 148,2.0 159,4.0 164,3.0 166,1.0 170,4.0 178,1.0 179,3.0 180,1.0 184,2.0 185,1.0 188,2.0 189,1.0 199,4.0 201,1.0 202,1.0 210,1.0 212,1.0 225,1.0 226,2.0 245,1.0 246,2.0 253,2.0 254,2.0 
7,2.0 8,1.0 9,1.0 10,2.0 11,1.0 12,2.0 21,1.0 22,1.0 23,1.0 
0,1.0 5,4.0 8,6.0 9,4.0 10,5.0 11,1.0 12,5.0 13,1.0 14,8.0 15,1.0 16,1.0 21,2.0 22,4.0 23,2.0 24,1.0 25,1.0 26,1.0 29,6.0 65,4.0 70,4.0 
0,6.0 5,6.0 7,6.0 8,3.0 9,5.0 10,12.0 11,1.0 12,8.0 13,5.0 14,5.0 15,2.0 16,7.0 17,2.0 18,2.0 19,2.0 20,2.0 21,4.0 22,3.0 23,2.0 31,3.0 32,1.0 35,3.0 46,1.0 55,5.0 59,2.0 60,3.0 64,3.0 65,8.0 67,1.0 69,3.0 70,6.0 73,2.0 77,2.0 84,1.0 99,3.0 105,1.0 106,1.0 116,1.0 117,2.0 137,6.0 161,1.0 166,1.0 199,2.0 
0,1.0 5,5.0 7,4.0 8,6.0 10,3.0 11,1.0 12,3.0 13,4.0 14,1.0 15,1.0 16,1.0 21,2.0 22,1.0 31,5.0 32,1.0 65,3.0 70,3.0 111,5.0 131,5.0 136,5.0 137,5.0 
0,2.0 2,1.0 5,4.0 7,4.0 8,10.0 9,3.0 10,6.0 11,1.0 12,14.0 13,2.0 14,4.0 15,2.0 16,2.0 17,4.0 18,2.0 19,2.0 20,6.0 21,4.0 22,5.0 23,3.0 24,2.0 25,2.0 26,2.0 27,3.0 28,2.0 29,2.0 30,2.0 31,3.0 32,2.0 35,1.0 55,3.0 56,5.0 63,2.0 65,1.0 68,2.0 70,1.0 113,1.0 121,1.0 133,1.0 135,1.0 136,3.0 137,6.0 
7,1.0 8,2.0 9,1.0 10,2.0 12,2.0 13,1.0 14,1.0 15,1.0 16,1.0 
0,2.0 5,12.0 7,4.0 8,9.0 9,3.0 10,14.0 11,1.0 12,6.0 13,2.0 14,4.0 15,2.0 16,4.0 17,4.0 18,2.0 19,2.0 20,2.0 21,3.0 22,5.0 23,3.0 24,2.0 25,2.0 26,6.0 27,2.0 28,2.0 29,2.0 30,2.0 31,2.0 32,6.0 55,2.0 56,7.0 60,1.0 64,1.0 65,6.0 66,6.0 67,4.0 84,1.0 202,1.0 248,1.0 
0,1.0 5,16.0 8,8.0 10,2.0 12,2.0 13,10.0 14,4.0 15,1.0 16,1.0 17,1.0 18,1.0 19,1.0 20,1.0 21,7.0 22,1.0 27,3.0 28,5.0 29,2.0 35,3.0 38,5.0 55,6.0 56,9.0 60,1.0 64,7.0 67,9.0 68,10.0 70,6.0 73,2.0 74,12.0 96,3.0 99,8.0 109,5.0 110,20.0 111,14.0 113,1.0 116,2.0 133,8.0 134,10.0 135,8.0 140,9.0 
0,10.0 5,9.0 7,2.0 8,5.0 10,7.0 12,4.0 13,4.0 14,3.0 15,1.0 16,10.0 17,2.0 18,1.0 19,1.0 20,4.0 22,4.0 24,1.0 25,1.0 26,1.0 27,1.0 28,4.0 29,4.0 30,1.0 55,20.0 56,6.0 64,1.0 65,5.0 67,3.0 68,1.0 73,2.0 77,2.0 116,3.0 117,2.0 134,2.0 137,6.0 148,11.0 157,3.0 161,1.0 
8,2.0 10,2.0 12,2.0 13,1.0 14,1.0 16,1.0 17,1.0 18,1.0 19,1.0 20,1.0 
5,1.0 7,1.0 8,7.0 10,2.0 12,2.0 13,1.0 14,10.0 15,1.0 16,4.0 17,1.0 18,1.0 19,1.0 20,2.0 22,2.0 28,1.0 55,10.0 59,2.0 60,3.0 65,6.0 70,1.0 73,1.0 84,1.0 157,4.0 199,2.0 
7,1.0 8,3.0 9,1.0 10,4.0 12,4.0 18,1.0 19,1.0 20,1.0 21,1.0 22,4.0 23,1.0 27,1.0 28,3.0 29,4.0 30,1.0 31,1.0 32,1.0 33,3.0 67,3.0 115,3.0 
7,1.0 8,2.0 10,2.0 12,2.0 17,1.0 19,1.0 20,1.0 21,1.0 22,1.0 23,1.0 
7,1.0 8,2.0 10,2.0 12,2.0 17,1.0 18,1.0 20,1.0 21,1.0 22,1.0 23,1.0 
2,1.0 5,5.0 7,1.0 8,2.0 10,6.0 12,2.0 14,1.0 17,1.0 18,1.0 19,1.0 21,1.0 22,1.0 23,1.0 28,2.0 35,1.0 55,5.0 56,3.0 113,2.0 148,2.0 
0,4.0 5,2.0 7,2.0 8,3.0 10,3.0 12,3.0 13,6.0 14,1.0 20,2.0 22,5.0 23,2.0 24,1.0 25,1.0 26,1.0 27,5.0 28,2.0 29,3.0 31,2.0 36,1.0 40,2.0 46,1.0 49,1.0 54,1.0 55,2.0 56,1.0 60,1.0 65,3.0 67,2.0 68,2.0 70,6.0 79,2.0 105,1.0 106,1.0 110,5.0 111,6.0 113,3.0 116,1.0 131,5.0 132,8.0 137,1.0 148,2.0 165,1.0 166,1.0 189,1.0 198,1.0 210,3.0 211,1.0 219,1.0 
0,7.0 5,2.0 7,2.0 8,2.0 9,1.0 10,4.0 12,4.0 14,1.0 16,1.0 17,2.0 20,1.0 21,5.0 23,2.0 24,2.0 25,1.0 26,1.0 28,6.0 29,3.0 31,1.0 32,1.0 36,1.0 40,1.0 55,3.0 56,2.0 65,2.0 66,4.0 67,2.0 70,3.0 113,1.0 116,2.0 148,1.0 157,1.0 165,1.0 186,1.0 198,1.0 199,2.0 
0,1.0 7,2.0 8,1.0 10,3.0 12,3.0 14,1.0 21,2.0 22,2.0 24,1.0 25,1.0 26,1.0 
8,1.0 10,2.0 12,2.0 14,1.0 17,1.0 25,1.0 26,1.0 27,1.0 28,1.0 29,1.0 30,1.0 186,1.0 
10,2.0 12,2.0 14,1.0 17,1.0 24,1.0 26,1.0 27,1.0 28,1.0 29,1.0 30,1.0 
5,3.0 10,2.0 12,6.0 14,1.0 17,1.0 24,1.0 25,1.0 27,1.0 28,1.0 29,1.0 30,1.0 56,4.0 64,1.0 67,1.0 248,1.0 
0,4.0 5,2.0 8,2.0 9,1.0 10,3.0 12,2.0 13,2.0 17,1.0 21,3.0 22,2.0 27,8.0 28,3.0 29,2.0 30,1.0 31,4.0 32,1.0 40,4.0 49,4.0 55,2.0 56,5.0 59,8.0 60,8.0 63,4.0 64,1.0 68,5.0 109,4.0 110,21.0 113,1.0 121,1.0 130,21.0 132,1.0 133,1.0 135,1.0 136,3.0 141,2.0 210,1.0 
5,6.0 8,4.0 9,1.0 10,2.0 12,2.0 13,5.0 14,3.0 16,2.0 17,1.0 20,2.0 21,1.0 22,3.0 27,3.0 29,2.0 30,1.0 31,1.0 32,1.0 55,5.0 56,5.0 64,1.0 67,5.0 68,3.0 70,2.0 79,2.0 113,2.0 115,1.0 116,2.0 134,2.0 140,2.0 148,2.0 
0,1.0 7,3.0 8,1.0 9,1.0 10,2.0 12,2.0 13,3.0 14,6.0 17,4.0 20,1.0 21,4.0 22,4.0 27,1.0 28,2.0 29,3.0 30,1.0 31,1.0 32,1.0 33,3.0 36,1.0 40,1.0 55,3.0 56,3.0 60,3.0 65,1.0 67,4.0 70,2.0 113,2.0 115,3.0 116,3.0 148,1.0 165,1.0 198,1.0 
8,1.0 9,1.0 10,2.0 12,2.0 17,1.0 22,1.0 27,1.0 28,1.0 29,1.0 31,1.0 32,1.0 
0,3.0 5,3.0 7,3.0 8,6.0 9,4.0 10,1.0 12,1.0 21,2.0 22,1.0 31,2.0 32,1.0 33,3.0 34,1.0 37,3.0 38,1.0 39,3.0 46,2.0 55,7.0 64,3.0 65,9.0 70,4.0 73,7.0 74,1.0 105,3.0 106,1.0 111,15.0 116,2.0 125,1.0 129,1.0 132,2.0 136,2.0 137,15.0 166,1.0 186,2.0 198,2.0 208,2.0 
0,1.0 5,4.0 8,1.0 9,1.0 10,1.0 12,5.0 22,1.0 31,1.0 65,4.0 66,4.0 67,3.0 
0,3.0 2,1.0 5,5.0 31,1.0 34,23.0 37,4.0 38,1.0 39,4.0 55,7.0 56,7.0 65,4.0 68,2.0 69,3.0 70,5.0 73,1.0 74,3.0 79,2.0 87,1.0 99,1.0 106,1.0 111,1.0 115,3.0 124,1.0 137,1.0 164,1.0 165,1.0 
0,7.0 1,2.0 3,1.0 5,26.0 8,3.0 10,1.0 27,1.0 33,4.0 34,2.0 35,9.0 36,1.0 38,8.0 39,1.0 55,3.0 56,7.0 63,2.0 64,3.0 65,2.0 66,1.0 68,2.0 69,2.0 70,2.0 74,12.0 82,1.0 87,3.0 99,24.0 102,12.0 103,12.0 105,1.0 106,1.0 107,6.0 108,6.0 113,1.0 116,3.0 121,3.0 133,1.0 135,1.0 136,1.0 137,3.0 165,1.0 166,1.0 170,2.0 225,1.0 
0,3.0 2,1.0 3,3.0 5,26.0 8,6.0 14,3.0 34,31.0 36,4.0 38,1.0 39,1.0 40,1.0 55,6.0 56,4.0 60,3.0 64,3.0 65,6.0 69,3.0 70,5.0 73,3.0 74,1.0 82,1.0 87,1.0 99,3.0 113,1.0 115,3.0 137,6.0 166,1.0 225,1.0 
0,2.0 1,1.0 3,4.0 4,1.0 5,10.0 14,6.0 34,1.0 35,2.0 36,2.0 40,1.0 41,1.0 55,7.0 56,4.0 60,4.0 65,6.0 66,2.0 68,2.0 70,11.0 73,1.0 74,1.0 79,2.0 82,1.0 98,1.0 113,4.0 116,1.0 148,6.0 159,6.0 165,1.0 166,1.0 
0,5.0 5,1.0 31,1.0 33,5.0 38,3.0 39,4.0 42,1.0 48,1.0 55,2.0 61,1.0 63,2.0 65,5.0 69,3.0 70,3.0 73,2.0 74,2.0 87,1.0 106,1.0 111,2.0 112,1.0 129,1.0 137,1.0 208,1.0 209,1.0 
0,2.0 5,2.0 10,1.0 27,1.0 34,9.0 37,1.0 38,2.0 39,2.0 43,2.0 47,4.0 55,7.0 56,4.0 60,1.0 63,4.0 65,9.0 68,2.0 69,4.0 70,5.0 74,6.0 99,5.0 105,1.0 109,5.0 113,2.0 116,2.0 121,4.0 125,1.0 129,1.0 130,1.0 133,2.0 135,2.0 136,2.0 142,1.0 
0,6.0 5,12.0 31,1.0 33,4.0 34,1.0 35,2.0 37,4.0 38,2.0 40,1.0 43,1.0 47,1.0 48,1.0 55,1.0 60,1.0 63,3.0 65,5.0 69,4.0 70,3.0 73,1.0 74,1.0 99,12.0 100,9.0 109,6.0 111,10.0 137,1.0 230,1.0 
0,4.0 5,2.0 34,1.0 36,2.0 47,6.0 49,10.0 55,7.0 56,2.0 65,9.0 68,1.0 69,4.0 70,5.0 73,4.0 74,1.0 99,1.0 105,1.0 106,1.0 109,5.0 113,2.0 165,1.0 211,1.0 219,1.0 235,1.0 
0,14.0 5,10.0 41,2.0 42,1.0 47,3.0 55,3.0 56,7.0 63,4.0 64,4.0 65,4.0 66,3.0 67,3.0 68,4.0 69,10.0 70,7.0 74,3.0 87,1.0 90,3.0 97,3.0 101,4.0 104,6.0 116,10.0 121,2.0 136,2.0 142,2.0 167,2.0 170,1.0 
37,1.0 43,1.0 48,1.0 55,1.0 65,1.0 73,1.0 74,1.0 111,1.0 208,1.0 209,1.0 
38,2.0 44,1.0 45,1.0 46,1.0 47,1.0 48,1.0 55,1.0 56,1.0 113,1.0 116,1.0 121,1.0 129,1.0 130,1.0 133,1.0 135,1.0 136,1.0 142,1.0 
45,1.0 46,1.0 47,1.0 48,1.0 49,1.0 
5,1.0 44,1.0 46,1.0 47,1.0 48,1.0 49,1.0 60,1.0 63,1.0 65,1.0 67,1.0 70,2.0 85,1.0 113,1.0 172,1.0 173,1.0 
0,5.0 5,9.0 8,1.0 21,1.0 31,2.0 44,1.0 45,1.0 47,4.0 48,1.0 49,1.0 55,3.0 56,3.0 60,5.0 64,3.0 65,20.0 66,12.0 67,12.0 69,3.0 70,14.0 73,7.0 76,18.0 77,8.0 79,6.0 80,3.0 90,3.0 105,2.0 106,1.0 113,2.0 115,6.0 116,6.0 120,2.0 125,1.0 129,1.0 132,1.0 145,6.0 156,3.0 157,3.0 166,1.0 186,1.0 208,1.0 
0,4.0 34,1.0 40,1.0 44,1.0 45,1.0 46,4.0 48,1.0 49,1.0 55,9.0 56,3.0 58,1.0 60,8.0 65,17.0 67,7.0 68,1.0 69,10.0 70,8.0 73,5.0 74,14.0 78,2.0 90,3.0 94,3.0 106,4.0 125,4.0 126,4.0 127,4.0 128,4.0 135,1.0 160,1.0 165,3.0 166,3.0 171,1.0 231,1.0 233,2.0 235,1.0 
37,1.0 38,1.0 39,1.0 42,1.0 43,1.0 44,1.0 45,1.0 46,1.0 47,1.0 49,1.0 55,1.0 65,1.0 73,1.0 74,1.0 111,1.0 208,1.0 209,1.0 
0,4.0 5,1.0 38,1.0 40,10.0 47,4.0 55,6.0 56,1.0 65,8.0 69,4.0 70,5.0 73,4.0 109,5.0 113,1.0 130,1.0 211,1.0 219,1.0 
51,1.0 52,1.0 65,1.0 70,1.0 
50,1.0 
53,1.0 
54,1.0 
5,7.0 21,1.0 40,1.0 49,1.0 55,7.0 56,7.0 67,7.0 68,1.0 95,1.0 112,2.0 114,1.0 132,1.0 210,1.0 211,1.0 
0,40.0 2,3.0 3,1.0 5,115.0 7,5.0 8,6.0 9,5.0 10,1.0 13,3.0 14,12.0 16,7.0 17,3.0 20,2.0 21,7.0 22,1.0 27,2.0 28,5.0 29,7.0 31,5.0 33,1.0 34,1.0 35,7.0 36,6.0 38,1.0 39,3.0 41,6.0 46,13.0 47,2.0 54,2.0 55,28.0 56,115.0 57,3.0 58,2.0 59,19.0 60,23.0 61,3.0 62,3.0 63,8.0 64,10.0 65,52.0 67,21.0 68,26.0 70,32.0 72,1.0 73,32.0 74,30.0 75,1.0 76,3.0 77,2.0 78,5.0 79,6.0 82,1.0 83,1.0 84,9.0 88,3.0 89,1.0 92,3.0 95,2.0 96,4.0 98,3.0 99,3.0 105,6.0 106,1.0 109,1.0 110,2.0 111,11.0 113,6.0 114,5.0 115,14.0 116,33.0 117,2.0 119,3.0 120,1.0 125,4.0 126,4.0 127,4.0 128,4.0 129,4.0 131,10.0 132,6.0 136,5.0 137,10.0 138,2.0 143,3.0 144,3.0 146,3.0 147,3.0 148,3.0 149,4.0 150,3.0 151,6.0 152,4.0 153,3.0 156,4.0 157,5.0 159,7.0 160,4.0 164,2.0 166,2.0 179,2.0 184,1.0 185,1.0 186,1.0 188,2.0 199,3.0 203,1.0 205,2.0 208,2.0 209,2.0 210,1.0 212,1.0 213,3.0 214,1.0 215,2.0 216,2.0 217,1.0 218,1.0 219,6.0 220,2.0 221,1.0 222,1.0 223,1.0 245,1.0 246,4.0 249,1.0 253,2.0 254,4.0 
0,17.0 2,1.0 5,112.0 7,2.0 8,2.0 10,1.0 12,5.0 14,5.0 17,3.0 20,1.0 21,2.0 22,1.0 26,5.0 27,9.0 28,3.0 29,4.0 33,2.0 34,1.0 35,3.0 39,2.0 41,7.0 46,6.0 47,2.0 48,1.0 54,6.0 55,122.0 56,16.0 57,6.0 58,2.0 59,12.0 60,8.0 63,20.0 64,4.0 67,13.0 68,32.0 73,14.0 74,21.0 75,3.0 76,6.0 78,5.0 82,4.0 87,14.0 88,3.0 90,1.0 91,4.0 92,3.0 95,5.0 98,6.0 100,4.0 104,5.0 105,1.0 106,1.0 110,8.0 112,1.0 113,8.0 114,3.0 115,4.0 116,26.0 130,8.0 132,1.0 134,3.0 137,3.0 138,2.0 164,3.0 166,2.0 167,6.0 170,8.0 178,1.0 179,3.0 180,1.0 185,1.0 188,2.0 205,1.0 210,1.0 212,1.0 225,1.0 226,1.0 237,1.0 243,1.0 245,1.0 246,4.0 248,1.0 249,1.0 253,2.0 254,4.0 255,1.0 
5,3.0 55,3.0 56,6.0 58,2.0 73,3.0 74,3.0 75,3.0 212,1.0 
5,2.0 34,1.0 47,1.0 55,2.0 56,2.0 57,2.0 60,2.0 69,1.0 70,2.0 113,2.0 172,1.0 
3,2.0 8,2.0 16,2.0 27,4.0 40,4.0 49,4.0 55,6.0 60,22.0 65,2.0 70,1.0 73,4.0 84,2.0 85,3.0 86,3.0 109,4.0 110,4.0 115,2.0 130,4.0 138,2.0 149,2.0 158,1.0 160,2.0 163,1.0 192,1.0 193,1.0 195,1.0 196,1.0 197,2.0 199,2.0 206,1.0 207,1.0 
0,6.0 1,3.0 3,2.0 5,1.0 8,1.0 13,2.0 16,2.0 20,1.0 21,1.0 27,4.0 29,2.0 34,2.0 37,1.0 40,4.0 46,5.0 47,6.0 49,4.0 54,1.0 55,15.0 56,6.0 59,16.0 60,1.0 61,3.0 62,3.0 63,8.0 65,12.0 70,26.0 73,9.0 74,5.0 78,2.0 84,9.0 87,3.0 91,4.0 102,1.0 109,4.0 110,4.0 113,16.0 115,3.0 130,4.0 135,1.0 138,2.0 148,1.0 149,2.0 158,1.0 159,1.0 163,1.0 166,2.0 167,9.0 186,2.0 187,2.0 189,2.0 190,1.0 192,1.0 193,1.0 195,1.0 196,1.0 197,2.0 199,2.0 200,1.0 206,1.0 207,1.0 217,1.0 
37,1.0 55,3.0 60,3.0 62,3.0 106,1.0 112,1.0 
55,3.0 60,3.0 61,3.0 
0,35.0 5,13.0 27,8.0 37,1.0 45,1.0 55,6.0 56,25.0 64,6.0 66,6.0 67,7.0 68,13.0 73,4.0 74,5.0 87,2.0 91,2.0 95,4.0 100,4.0 104,5.0 110,8.0 112,1.0 124,3.0 130,8.0 134,1.0 167,2.0 170,2.0 173,1.0 205,1.0 228,2.0 230,1.0 231,1.0 237,1.0 243,1.0 255,1.0 
0,7.0 5,16.0 8,3.0 12,3.0 13,3.0 22,1.0 31,3.0 32,1.0 33,3.0 34,3.0 35,3.0 36,2.0 37,3.0 39,3.0 41,2.0 45,1.0 46,6.0 65,12.0 66,5.0 69,7.0 70,7.0 90,3.0 91,3.0 99,6.0 104,2.0 111,3.0 122,2.0 136,2.0 137,3.0 139,2.0 142,2.0 166,1.0 199,1.0 
0,32.0 5,44.0 7,1.0 8,1.0 9,4.0 12,7.0 13,4.0 14,7.0 16,4.0 21,7.0 22,1.0 27,2.0 28,5.0 29,1.0 31,10.0 32,6.0 33,1.0 34,4.0 35,5.0 37,1.0 41,4.0 45,1.0 46,23.0 47,15.0 54,1.0 55,56.0 56,1.0 59,3.0 60,7.0 63,5.0 64,5.0 65,8.0 66,28.0 67,33.0 68,2.0 69,30.0 70,65.0 72,1.0 73,25.0 74,20.0 75,1.0 77,2.0 82,5.0 85,2.0 89,1.0 90,3.0 95,1.0 96,4.0 98,1.0 99,2.0 104,4.0 105,2.0 106,5.0 110,1.0 111,12.0 113,4.0 115,3.0 116,5.0 117,2.0 120,2.0 123,2.0 125,5.0 126,4.0 127,4.0 128,4.0 129,1.0 130,1.0 131,8.0 132,6.0 136,6.0 137,8.0 142,2.0 149,3.0 156,4.0 157,8.0 158,3.0 159,1.0 160,3.0 166,2.0 167,1.0 184,3.0 186,1.0 198,1.0 199,1.0 201,1.0 202,1.0 203,1.0 205,2.0 208,3.0 209,2.0 210,1.0 213,2.0 214,1.0 215,1.0 216,1.0 217,2.0 218,1.0 219,1.0 220,1.0 226,1.0 231,1.0 233,1.0 252,1.0 
0,38.0 5,27.0 12,6.0 22,2.0 32,6.0 34,2.0 35,1.0 36,1.0 46,9.0 63,9.0 65,28.0 66,6.0 67,9.0 69,12.0 70,18.0 71,3.0 72,3.0 76,3.0 79,1.0 80,3.0 82,4.0 92,3.0 93,3.0 97,4.0 98,2.0 131,2.0 149,3.0 157,3.0 158,3.0 199,2.0 
0,3.0 1,1.0 5,23.0 8,1.0 10,1.0 12,4.0 13,9.0 14,4.0 17,3.0 21,2.0 22,1.0 26,1.0 28,3.0 29,4.0 33,3.0 36,2.0 40,2.0 41,3.0 46,9.0 47,6.0 49,1.0 54,7.0 55,23.0 56,27.0 63,4.0 68,8.0 73,3.0 74,3.0 79,3.0 80,3.0 83,3.0 86,3.0 90,6.0 94,3.0 95,1.0 96,3.0 98,2.0 99,1.0 105,4.0 109,1.0 110,6.0 112,2.0 114,3.0 115,10.0 116,9.0 119,3.0 125,5.0 126,4.0 127,4.0 128,4.0 129,4.0 132,1.0 134,4.0 145,6.0 148,1.0 165,4.0 166,3.0 185,2.0 198,1.0 210,1.0 211,1.0 
0,14.0 5,21.0 10,2.0 13,5.0 27,8.0 34,2.0 38,5.0 39,12.0 41,3.0 47,1.0 54,1.0 55,30.0 56,34.0 63,13.0 64,2.0 65,3.0 67,4.0 69,3.0 70,17.0 73,6.0 74,8.0 76,2.0 78,18.0 79,14.0 82,3.0 88,3.0 95,3.0 96,3.0 98,3.0 99,5.0 100,4.0 104,5.0 106,1.0 109,5.0 110,13.0 111,5.0 112,1.0 115,1.0 119,1.0 130,8.0 133,5.0 134,5.0 135,5.0 140,2.0 152,1.0 153,3.0 166,1.0 194,1.0 204,1.0 205,1.0 221,1.0 222,1.0 233,1.0 235,1.0 237,1.0 243,1.0 255,1.0 
0,45.0 5,4.0 31,3.0 33,13.0 34,4.0 35,3.0 40,1.0 41,12.0 46,5.0 47,13.0 55,4.0 58,1.0 64,4.0 65,30.0 66,15.0 67,10.0 69,2.0 70,45.0 71,3.0 72,3.0 76,3.0 77,2.0 82,1.0 85,2.0 90,3.0 92,3.0 93,3.0 97,3.0 99,2.0 102,12.0 103,12.0 104,16.0 106,4.0 111,3.0 119,2.0 121,4.0 122,2.0 123,2.0 125,4.0 126,4.0 127,4.0 128,4.0 136,2.0 137,3.0 142,2.0 
0,52.0 1,3.0 5,28.0 7,1.0 9,5.0 10,2.0 12,1.0 13,12.0 14,4.0 17,2.0 21,8.0 22,3.0 27,2.0 28,4.0 29,1.0 31,6.0 33,1.0 34,6.0 35,3.0 38,1.0 39,1.0 40,1.0 41,6.0 45,1.0 46,15.0 47,6.0 54,1.0 55,28.0 56,6.0 59,1.0 60,26.0 63,7.0 64,9.0 65,64.0 66,18.0 67,14.0 68,24.0 69,42.0 70,5.0 71,3.0 72,4.0 73,32.0 74,13.0 75,1.0 76,11.0 77,4.0 78,9.0 79,26.0 82,1.0 83,1.0 85,2.0 90,3.0 91,4.0 92,3.0 93,3.0 97,4.0 99,3.0 104,4.0 109,1.0 110,3.0 111,8.0 113,18.0 115,2.0 116,2.0 117,2.0 119,5.0 120,1.0 121,4.0 122,2.0 123,2.0 130,1.0 131,12.0 132,6.0 135,1.0 136,7.0 137,6.0 139,2.0 140,8.0 142,2.0 152,1.0 166,2.0 167,9.0 184,1.0 187,2.0 189,2.0 190,1.0 198,1.0 201,1.0 202,1.0 205,1.0 210,1.0 213,3.0 214,1.0 215,2.0 216,2.0 217,1.0 218,1.0 219,5.0 220,2.0 221,1.0 222,1.0 223,1.0 226,1.0 232,1.0 252,1.0 
0,3.0 66,3.0 69,3.0 70,3.0 72,3.0 
0,3.0 55,1.0 65,1.0 66,3.0 69,3.0 70,4.0 71,3.0 73,1.0 75,1.0 213,1.0 216,1.0 
0,3.0 2,1.0 5,3.0 8,2.0 13,4.0 14,2.0 17,2.0 21,4.0 22,2.0 31,5.0 35,2.0 46,13.0 47,1.0 55,32.0 56,13.0 57,3.0 59,2.0 60,8.0 63,6.0 64,3.0 65,26.0 68,6.0 70,34.0 73,3.0 74,16.0 75,3.0 76,12.0 78,6.0 79,22.0 82,1.0 84,8.0 87,2.0 89,1.0 95,3.0 96,4.0 99,1.0 102,1.0 111,9.0 115,3.0 119,2.0 131,4.0 132,4.0 135,1.0 137,7.0 139,2.0 140,4.0 159,1.0 160,1.0 166,1.0 167,1.0 170,2.0 184,1.0 186,1.0 200,1.0 203,1.0 205,1.0 208,2.0 209,2.0 213,1.0 214,1.0 215,1.0 217,1.0 218,1.0 219,1.0 220,1.0 
0,2.0 5,3.0 9,5.0 13,11.0 31,2.0 33,7.0 34,1.0 37,1.0 38,4.0 39,12.0 46,6.0 47,11.0 55,36.0 56,18.0 57,3.0 60,4.0 63,5.0 65,29.0 66,3.0 67,3.0 68,9.0 70,22.0 72,1.0 73,17.0 74,1.0 75,4.0 76,6.0 77,2.0 78,1.0 81,3.0 82,4.0 83,1.0 84,1.0 87,2.0 92,3.0 95,4.0 98,12.0 99,5.0 102,12.0 103,12.0 105,1.0 109,4.0 110,5.0 111,9.0 117,2.0 120,1.0 131,5.0 133,5.0 134,5.0 135,6.0 136,5.0 137,2.0 140,6.0 160,1.0 166,1.0 170,1.0 205,1.0 208,2.0 209,2.0 213,1.0 216,1.0 223,1.0 231,2.0 233,1.0 
55,1.0 56,3.0 57,3.0 65,1.0 70,1.0 72,1.0 73,4.0 74,3.0 213,1.0 216,1.0 
0,3.0 5,2.0 46,18.0 64,3.0 66,3.0 69,5.0 70,11.0 73,6.0 77,6.0 79,6.0 121,2.0 
36,2.0 68,6.0 70,4.0 73,4.0 78,6.0 79,4.0 117,6.0 118,2.0 119,2.0 120,2.0 158,3.0 162,3.0 163,3.0 236,1.0 
5,3.0 41,3.0 47,2.0 55,8.0 56,3.0 60,4.0 65,2.0 68,18.0 69,3.0 70,8.0 73,7.0 74,3.0 79,6.0 96,3.0 135,1.0 153,3.0 171,1.0 
5,4.0 10,2.0 17,2.0 22,2.0 34,2.0 46,6.0 55,9.0 64,2.0 66,1.0 68,14.0 70,28.0 73,25.0 76,8.0 78,6.0 79,2.0 83,3.0 84,3.0 98,1.0 106,1.0 119,2.0 139,2.0 140,2.0 244,1.0 
0,9.0 5,2.0 55,6.0 69,4.0 70,4.0 74,3.0 81,3.0 115,6.0 145,6.0 
65,3.0 66,3.0 74,3.0 82,3.0 
0,7.0 33,1.0 34,1.0 55,1.0 56,4.0 63,3.0 65,5.0 66,4.0 69,1.0 70,1.0 73,1.0 74,1.0 98,3.0 99,1.0 112,1.0 184,1.0 239,1.0 240,1.0 241,1.0 242,1.0 
55,4.0 73,3.0 79,3.0 84,4.0 219,1.0 223,1.0 
0,3.0 13,1.0 16,1.0 20,1.0 27,1.0 28,1.0 46,1.0 55,9.0 60,9.0 63,3.0 65,1.0 73,8.0 74,1.0 84,1.0 99,1.0 102,1.0 148,1.0 159,1.0 186,2.0 199,1.0 200,1.0 219,1.0 
5,2.0 34,2.0 38,2.0 45,1.0 60,4.0 70,1.0 86,3.0 87,3.0 113,1.0 121,2.0 123,2.0 172,1.0 
0,2.0 55,3.0 60,3.0 85,3.0 87,3.0 119,3.0 
5,8.0 33,1.0 41,3.0 45,1.0 47,3.0 56,8.0 60,3.0 63,1.0 67,1.0 73,1.0 74,5.0 87,5.0 90,3.0 105,1.0 116,2.0 129,1.0 164,1.0 166,1.0 167,1.0 170,20.0 173,3.0 174,1.0 178,1.0 179,1.0 180,1.0 211,1.0 225,1.0 226,1.0 
89,3.0 
5,3.0 55,3.0 68,1.0 194,1.0 
0,3.0 5,4.0 41,3.0 46,3.0 47,3.0 55,3.0 56,3.0 66,3.0 67,3.0 69,3.0 70,3.0 87,1.0 91,3.0 116,1.0 165,3.0 166,3.0 167,2.0 170,1.0 
0,3.0 56,4.0 63,2.0 66,3.0 69,3.0 70,3.0 73,1.0 74,1.0 87,4.0 90,3.0 167,4.0 170,4.0 
5,3.0 55,3.0 56,3.0 67,3.0 74,3.0 93,3.0 
67,3.0 92,3.0 
47,3.0 56,3.0 73,3.0 74,3.0 
0,1.0 5,1.0 55,3.0 56,5.0 63,4.0 65,1.0 67,1.0 68,3.0 73,3.0 74,4.0 104,1.0 106,1.0 112,1.0 115,1.0 204,1.0 205,1.0 237,1.0 243,1.0 255,1.0 
41,3.0 69,3.0 97,10.0 
0,3.0 5,3.0 41,3.0 55,7.0 56,3.0 65,4.0 68,3.0 69,3.0 70,3.0 74,4.0 80,4.0 
1,1.0 2,1.0 35,24.0 36,1.0 65,1.0 67,3.0 73,1.0 115,3.0 155,3.0 
0,3.0 33,2.0 35,3.0 38,5.0 39,1.0 40,1.0 47,1.0 55,5.0 58,1.0 65,8.0 68,12.0 69,17.0 70,9.0 74,17.0 106,3.0 109,5.0 
41,4.0 101,22.0 
0,10.0 41,4.0 56,4.0 63,4.0 68,4.0 69,12.0 102,18.0 103,18.0 
0,12.0 13,6.0 55,1.0 60,1.0 67,6.0 69,12.0 74,12.0 84,1.0 98,12.0 103,36.0 104,18.0 110,6.0 186,1.0 
0,12.0 13,6.0 67,6.0 69,12.0 74,12.0 98,12.0 102,36.0 104,18.0 110,6.0 
0,3.0 5,26.0 39,12.0 41,4.0 56,1.0 63,1.0 64,2.0 65,2.0 68,1.0 69,2.0 70,2.0 95,1.0 105,6.0 112,1.0 121,6.0 124,4.0 136,2.0 142,2.0 205,1.0 237,1.0 243,1.0 255,1.0 
0,6.0 5,7.0 10,1.0 27,5.0 34,1.0 38,2.0 39,3.0 47,1.0 55,2.0 56,4.0 63,4.0 65,3.0 68,4.0 70,3.0 74,1.0 106,7.0 110,4.0 113,1.0 116,2.0 121,1.0 125,5.0 129,5.0 130,4.0 133,1.0 135,1.0 136,1.0 165,1.0 166,1.0 
0,1.0 13,3.0 33,1.0 37,1.0 40,5.0 49,4.0 55,4.0 56,2.0 61,1.0 65,3.0 70,4.0 73,5.0 74,9.0 99,2.0 105,1.0 112,1.0 115,3.0 116,3.0 125,4.0 140,3.0 164,3.0 166,1.0 184,1.0 233,1.0 
0,6.0 98,6.0 108,6.0 
0,6.0 98,6.0 107,6.0 
0,6.0 38,5.0 40,5.0 49,5.0 55,10.0 65,8.0 67,1.0 70,10.0 73,4.0 74,5.0 99,5.0 102,6.0 103,6.0 125,1.0 134,1.0 219,1.0 
0,5.0 5,3.0 13,20.0 21,1.0 27,21.0 38,5.0 40,4.0 49,4.0 55,2.0 56,7.0 59,8.0 60,8.0 63,4.0 67,6.0 68,13.0 70,2.0 74,9.0 96,3.0 99,5.0 109,9.0 110,12.0 111,14.0 130,21.0 132,1.0 133,8.0 134,8.0 135,8.0 210,1.0 
0,2.0 5,3.0 7,3.0 8,3.0 9,3.0 13,14.0 21,1.0 31,15.0 33,3.0 34,1.0 37,3.0 38,7.0 39,3.0 43,1.0 55,11.0 64,3.0 65,8.0 66,2.0 68,9.0 70,9.0 73,6.0 74,13.0 99,5.0 100,9.0 105,1.0 109,5.0 110,14.0 111,8.0 129,1.0 133,8.0 134,8.0 135,8.0 136,2.0 137,16.0 186,4.0 198,4.0 208,5.0 209,5.0 219,1.0 
5,2.0 37,1.0 56,2.0 61,1.0 82,1.0 106,1.0 113,2.0 237,1.0 239,1.0 240,1.0 241,1.0 242,1.0 243,1.0 255,1.0 
0,2.0 1,3.0 5,11.0 8,3.0 10,1.0 16,2.0 21,6.0 22,2.0 27,1.0 29,2.0 31,2.0 34,1.0 46,2.0 47,1.0 54,1.0 55,8.0 56,12.0 59,2.0 60,17.0 65,6.0 67,2.0 70,18.0 91,2.0 113,2.0 114,2.0 121,2.0 130,1.0 132,3.0 133,2.0 135,2.0 136,2.0 142,1.0 166,2.0 167,5.0 187,2.0 189,2.0 190,1.0 198,1.0 199,2.0 208,1.0 210,2.0 
5,3.0 54,1.0 55,3.0 56,3.0 59,2.0 60,2.0 67,1.0 70,3.0 152,3.0 
0,9.0 2,9.0 5,7.0 8,6.0 14,3.0 16,3.0 33,3.0 35,5.0 36,7.0 55,28.0 56,6.0 60,1.0 64,1.0 65,7.0 66,2.0 67,1.0 73,8.0 79,1.0 80,6.0 84,1.0 106,3.0 115,4.0 116,3.0 137,3.0 145,9.0 154,3.0 159,1.0 160,1.0 164,1.0 
0,7.0 5,3.0 7,3.0 8,3.0 13,1.0 17,3.0 21,1.0 27,2.0 28,3.0 29,6.0 31,2.0 35,3.0 39,2.0 41,10.0 46,8.0 47,3.0 48,1.0 55,23.0 56,21.0 59,6.0 60,8.0 65,4.0 67,12.0 70,2.0 74,3.0 78,2.0 80,3.0 87,1.0 90,1.0 110,1.0 115,7.0 130,1.0 132,1.0 145,6.0 166,1.0 167,1.0 208,1.0 
70,2.0 73,2.0 77,6.0 79,2.0 118,2.0 158,2.0 162,2.0 163,2.0 
55,2.0 73,2.0 79,2.0 
0,2.0 5,2.0 55,4.0 64,2.0 70,3.0 73,2.0 74,1.0 77,2.0 79,2.0 86,3.0 152,1.0 221,1.0 222,1.0 
36,4.0 77,2.0 159,1.0 
0,2.0 5,10.0 8,1.0 10,3.0 21,1.0 27,1.0 31,2.0 34,4.0 38,8.0 41,2.0 64,2.0 69,4.0 70,4.0 113,2.0 122,2.0 124,4.0 130,1.0 132,1.0 133,2.0 135,2.0 136,4.0 142,1.0 208,1.0 
0,2.0 5,2.0 64,2.0 65,2.0 69,2.0 70,2.0 
5,2.0 34,2.0 38,2.0 85,2.0 121,2.0 
5,4.0 33,1.0 37,2.0 38,5.0 82,1.0 112,1.0 121,4.0 233,1.0 239,1.0 240,1.0 241,1.0 
0,5.0 27,4.0 40,4.0 49,5.0 56,5.0 63,4.0 65,1.0 68,4.0 70,1.0 105,5.0 106,4.0 110,4.0 116,2.0 129,5.0 130,4.0 233,1.0 
55,4.0 67,4.0 105,4.0 125,4.0 127,4.0 128,4.0 129,4.0 
55,4.0 67,4.0 105,4.0 125,4.0 126,4.0 128,4.0 129,4.0 
55,4.0 67,4.0 105,4.0 125,4.0 126,4.0 127,4.0 129,4.0 
0,5.0 27,4.0 38,1.0 43,1.0 56,4.0 63,4.0 65,1.0 68,4.0 70,1.0 87,1.0 105,5.0 110,4.0 113,1.0 116,1.0 121,1.0 125,5.0 130,5.0 133,1.0 135,1.0 136,1.0 142,1.0 211,1.0 
0,5.0 21,1.0 27,21.0 31,1.0 40,4.0 49,4.0 56,5.0 59,8.0 60,8.0 63,5.0 68,5.0 95,1.0 104,1.0 109,4.0 110,21.0 113,1.0 121,1.0 130,8.0 132,2.0 133,1.0 135,1.0 136,1.0 142,1.0 205,1.0 208,1.0 210,1.0 
9,5.0 13,5.0 21,6.0 31,4.0 69,2.0 70,2.0 110,5.0 111,10.0 121,2.0 132,5.0 136,5.0 137,5.0 
0,2.0 13,5.0 20,1.0 21,8.0 28,1.0 31,2.0 40,1.0 46,1.0 49,1.0 54,1.0 65,2.0 67,1.0 70,1.0 105,1.0 110,5.0 111,5.0 113,1.0 116,1.0 125,1.0 129,1.0 131,5.0 148,1.0 208,2.0 210,3.0 211,1.0 
8,1.0 10,1.0 13,4.0 21,1.0 27,1.0 31,2.0 38,4.0 55,1.0 65,1.0 68,5.0 70,1.0 74,6.0 99,4.0 109,4.0 110,4.0 111,4.0 113,2.0 121,2.0 130,1.0 132,1.0 134,5.0 135,7.0 136,2.0 142,1.0 208,1.0 
5,3.0 13,4.0 38,4.0 54,3.0 55,1.0 56,3.0 65,1.0 67,4.0 68,5.0 70,1.0 74,6.0 99,4.0 109,5.0 110,4.0 111,4.0 114,1.0 125,1.0 133,5.0 135,5.0 
8,1.0 10,1.0 13,4.0 21,1.0 27,1.0 31,2.0 38,4.0 46,1.0 47,1.0 55,1.0 60,1.0 65,1.0 68,5.0 70,2.0 73,1.0 74,6.0 99,4.0 109,4.0 110,4.0 111,4.0 113,2.0 121,2.0 130,1.0 132,1.0 133,7.0 134,5.0 136,2.0 142,1.0 208,1.0 
0,4.0 8,1.0 9,5.0 10,3.0 21,2.0 27,1.0 31,8.0 55,2.0 56,2.0 63,2.0 65,4.0 66,2.0 68,2.0 69,2.0 70,4.0 73,2.0 111,7.0 113,2.0 121,2.0 130,1.0 131,5.0 132,1.0 133,2.0 135,2.0 137,5.0 142,3.0 208,1.0 
0,3.0 5,3.0 7,3.0 8,9.0 9,6.0 10,3.0 13,1.0 14,6.0 20,3.0 21,1.0 29,3.0 31,15.0 33,3.0 34,1.0 37,3.0 38,1.0 39,3.0 55,6.0 60,2.0 64,3.0 65,8.0 69,3.0 70,8.0 73,5.0 74,1.0 77,2.0 105,1.0 111,16.0 117,2.0 137,2.0 161,1.0 186,2.0 198,2.0 219,1.0 
13,2.0 14,2.0 
21,2.0 22,2.0 
5,3.0 8,3.0 10,2.0 13,12.0 64,3.0 68,2.0 70,5.0 73,2.0 74,3.0 79,2.0 140,3.0 
111,2.0 136,2.0 
0,2.0 31,1.0 65,2.0 69,2.0 70,2.0 113,1.0 121,1.0 130,1.0 132,1.0 133,1.0 135,1.0 136,3.0 208,1.0 
80,3.0 115,3.0 144,3.0 145,3.0 
80,3.0 115,3.0 143,3.0 145,3.0 
0,8.0 3,2.0 5,4.0 55,9.0 80,6.0 115,9.0 
14,3.0 147,3.0 148,3.0 
14,3.0 146,3.0 148,3.0 
0,10.0 5,8.0 12,1.0 14,11.0 20,2.0 28,2.0 55,13.0 64,1.0 113,2.0 199,1.0 
2,9.0 3,6.0 115,6.0 150,3.0 158,3.0 
2,3.0 3,3.0 149,3.0 
55,3.0 114,3.0 152,3.0 
55,1.0 70,4.0 74,1.0 114,3.0 119,1.0 221,1.0 222,1.0 
55,3.0 115,3.0 
98,3.0 155,3.0 
67,3.0 98,3.0 
46,3.0 55,1.0 65,4.0 66,3.0 120,1.0 157,3.0 
46,3.0 55,4.0 65,7.0 66,3.0 67,4.0 116,3.0 149,3.0 158,3.0 167,1.0 
2,3.0 106,4.0 115,4.0 149,3.0 162,3.0 163,4.0 164,3.0 
0,1.0 14,6.0 36,6.0 56,1.0 60,1.0 66,1.0 73,1.0 98,1.0 115,1.0 148,6.0 166,1.0 170,1.0 
35,1.0 55,2.0 59,3.0 60,2.0 65,1.0 73,2.0 84,2.0 115,1.0 160,1.0 
1,1.0 77,1.0 184,1.0 
106,3.0 158,3.0 163,3.0 164,3.0 
106,4.0 115,1.0 158,4.0 162,3.0 164,3.0 
13,3.0 33,3.0 34,1.0 70,3.0 73,2.0 74,3.0 79,1.0 106,3.0 140,3.0 161,1.0 241,1.0 243,1.0 244,1.0 
0,3.0 5,3.0 34,1.0 36,1.0 40,1.0 55,5.0 56,2.0 74,1.0 84,1.0 87,2.0 113,1.0 116,3.0 166,3.0 170,1.0 
0,5.0 1,2.0 3,2.0 5,2.0 34,2.0 35,5.0 36,4.0 55,4.0 65,3.0 66,1.0 70,2.0 82,1.0 105,1.0 106,1.0 116,4.0 165,3.0 238,1.0 
45,1.0 47,2.0 56,6.0 63,2.0 73,1.0 74,2.0 78,2.0 85,1.0 87,6.0 91,4.0 102,1.0 145,1.0 168,2.0 169,1.0 170,6.0 171,1.0 172,1.0 174,1.0 175,1.0 176,1.0 177,1.0 181,1.0 182,1.0 
3,1.0 34,1.0 35,1.0 36,1.0 165,1.0 169,1.0 181,1.0 182,1.0 
34,1.0 165,1.0 168,1.0 
2,2.0 5,4.0 41,3.0 45,1.0 56,2.0 63,1.0 67,1.0 73,1.0 74,1.0 87,20.0 90,3.0 116,1.0 166,1.0 167,1.0 170,5.0 173,3.0 174,1.0 178,1.0 179,1.0 180,1.0 
47,1.0 60,1.0 70,1.0 78,1.0 
45,1.0 58,1.0 60,2.0 70,2.0 85,1.0 113,2.0 
58,2.0 172,1.0 183,1.0 184,1.0 185,1.0 
167,1.0 175,1.0 176,1.0 177,1.0 
176,1.0 177,1.0 178,1.0 179,1.0 180,1.0 
175,1.0 177,1.0 178,1.0 179,1.0 180,1.0 
175,1.0 176,1.0 178,1.0 179,1.0 180,1.0 
5,2.0 56,2.0 87,2.0 170,2.0 178,3.0 179,8.0 180,8.0 
5,2.0 55,1.0 56,4.0 68,1.0 87,3.0 116,1.0 170,2.0 178,8.0 179,3.0 180,8.0 224,2.0 
5,2.0 56,2.0 87,2.0 170,2.0 178,8.0 179,8.0 180,3.0 
3,1.0 35,1.0 36,1.0 168,1.0 182,1.0 
3,1.0 35,1.0 36,1.0 168,1.0 181,1.0 
3,1.0 
3,1.0 36,1.0 115,2.0 164,1.0 166,2.0 185,1.0 
1,6.0 3,1.0 36,1.0 184,1.0 
3,1.0 8,1.0 24,1.0 31,1.0 34,1.0 38,2.0 43,1.0 46,1.0 60,1.0 65,1.0 70,1.0 105,1.0 111,2.0 113,1.0 129,1.0 137,1.0 198,2.0 199,1.0 208,1.0 209,1.0 
188,2.0 
60,2.0 70,2.0 113,2.0 191,2.0 
5,3.0 65,2.0 70,2.0 185,2.0 190,1.0 251,1.0 
5,1.0 65,1.0 70,1.0 189,1.0 
5,2.0 55,2.0 56,2.0 
106,1.0 115,1.0 193,1.0 
106,1.0 115,1.0 192,1.0 
55,1.0 65,1.0 68,1.0 74,1.0 
33,1.0 37,1.0 39,1.0 196,1.0 197,1.0 
33,1.0 37,1.0 39,1.0 195,1.0 197,1.0 
33,1.0 37,2.0 39,1.0 42,1.0 48,1.0 195,1.0 196,1.0 206,1.0 207,1.0 
21,1.0 22,1.0 29,1.0 31,1.0 34,1.0 36,1.0 38,2.0 40,1.0 43,1.0 67,1.0 105,1.0 111,2.0 129,1.0 137,1.0 165,1.0 186,2.0 208,1.0 209,1.0 
0,2.0 5,2.0 8,2.0 12,1.0 16,2.0 22,2.0 55,2.0 59,2.0 60,3.0 65,1.0 66,2.0 67,1.0 70,1.0 73,1.0 113,1.0 148,1.0 
8,1.0 
10,1.0 
12,1.0 16,1.0 
68,1.0 95,1.0 204,1.0 
55,1.0 65,1.0 68,1.0 74,1.0 95,1.0 
0,1.0 40,1.0 49,1.0 56,1.0 63,1.0 67,1.0 68,1.0 95,1.0 104,1.0 109,2.0 112,1.0 134,1.0 217,1.0 218,1.0 219,1.0 220,1.0 237,1.0 243,1.0 255,1.0 
37,1.0 42,1.0 48,1.0 197,1.0 207,1.0 
37,1.0 42,1.0 48,1.0 197,1.0 206,1.0 
0,1.0 31,2.0 38,1.0 43,1.0 46,1.0 55,1.0 65,2.0 73,1.0 74,1.0 105,1.0 111,5.0 116,1.0 125,1.0 129,2.0 132,2.0 186,2.0 198,2.0 208,2.0 209,5.0 
38,1.0 43,1.0 55,1.0 65,1.0 73,1.0 74,1.0 111,5.0 129,1.0 186,2.0 198,2.0 208,5.0 209,2.0 
0,1.0 20,1.0 21,3.0 28,1.0 40,1.0 49,1.0 54,1.0 65,1.0 67,1.0 70,1.0 113,1.0 132,3.0 148,1.0 211,1.0 
0,1.0 5,1.0 40,1.0 49,1.0 55,1.0 56,1.0 63,1.0 74,1.0 113,1.0 
5,1.0 55,1.0 56,1.0 57,1.0 
55,2.0 65,1.0 68,1.0 70,2.0 72,1.0 73,1.0 74,2.0 75,1.0 133,1.0 134,1.0 135,1.0 214,1.0 215,2.0 216,2.0 
68,1.0 74,1.0 133,1.0 134,1.0 135,1.0 213,1.0 215,1.0 
55,1.0 68,1.0 70,1.0 74,2.0 133,1.0 134,1.0 135,1.0 213,2.0 214,1.0 216,1.0 
55,2.0 65,1.0 70,2.0 72,1.0 73,1.0 74,1.0 75,1.0 213,2.0 215,1.0 
40,1.0 49,1.0 55,1.0 105,1.0 109,1.0 205,1.0 218,1.0 219,1.0 220,1.0 
40,1.0 49,1.0 109,1.0 205,1.0 217,1.0 219,1.0 220,1.0 
13,1.0 21,1.0 27,1.0 28,1.0 33,1.0 40,1.0 49,1.0 55,5.0 70,4.0 84,1.0 109,1.0 131,1.0 132,1.0 205,1.0 213,1.0 215,1.0 216,1.0 217,1.0 218,1.0 219,2.0 220,3.0 
40,1.0 49,1.0 55,1.0 70,1.0 109,1.0 205,1.0 217,1.0 218,1.0 219,3.0 
55,1.0 70,1.0 74,1.0 119,1.0 152,1.0 222,1.0 
55,1.0 70,1.0 74,1.0 119,1.0 152,1.0 221,1.0 
55,1.0 83,1.0 84,1.0 219,1.0 
179,2.0 226,1.0 
0,1.0 33,1.0 65,1.0 66,1.0 219,1.0 
55,1.0 65,2.0 70,1.0 74,1.0 156,1.0 224,1.0 227,1.0 
226,1.0 
5,1.0 55,1.0 105,2.0 229,2.0 
228,2.0 231,1.0 
37,1.0 38,1.0 
70,1.0 229,1.0 232,2.0 234,1.0 
40,2.0 70,1.0 
105,2.0 106,1.0 124,1.0 125,1.0 164,1.0 
231,1.0 
47,1.0 68,1.0 233,1.0 
2,2.0 170,1.0 
112,1.0 159,1.0 243,1.0 255,1.0 
3,1.0 120,1.0 
82,1.0 112,1.0 240,1.0 241,1.0 242,1.0 
82,1.0 112,1.0 239,1.0 241,1.0 242,1.0 
82,1.0 112,1.0 233,1.0 239,1.0 240,1.0 242,1.0 243,1.0 
124,1.0 
112,1.0 233,1.0 237,1.0 241,1.0 255,1.0 
79,1.0 106,1.0 
5,1.0 55,1.0 56,1.0 
5,1.0 55,1.0 56,1.0 67,2.0 189,1.0 247,4.0 
246,4.0 
56,1.0 64,1.0 
189,1.0 250,1.0 
249,1.0 
50,1.0 
4,1.0 
5,2.0 55,2.0 56,2.0 
55,2.0 56,2.0 246,2.0 
112,1.0 237,1.0 243,1.0 
