1,12.0 2,8.0 4,1.0 5,1.0 6,1.0 12,1.0 14,2.0 15,6.0 16,4.0 22,2.0 34,2.0 36,2.0 37,4.0 38,3.0 40,2.0 41,2.0 55,2.0 62,2.0 107,2.0 158,2.0 170,2.0 173,1.0 
2,12.0 67,2.0 88,2.0 130,4.0 138,4.0 
3,12.0 4,19.0 5,19.0 6,1.0 14,2.0 16,4.0 18,6.0 22,5.0 24,1.0 25,4.0 26,3.0 27,6.0 28,6.0 29,1.0 31,4.0 35,3.0 37,1.0 38,1.0 39,2.0 40,2.0 41,2.0 50,1.0 56,1.0 119,4.0 170,2.0 173,1.0 
0,1.0 4,14.0 5,14.0 6,13.0 10,4.0 12,2.0 57,4.0 108,2.0 117,4.0 172,1.0 173,1.0 
0,6.0 2,1.0 3,14.0 5,22.0 6,13.0 7,2.0 10,12.0 11,13.0 12,17.0 13,6.0 18,6.0 19,6.0 22,6.0 23,8.0 24,9.0 33,1.0 38,1.0 50,1.0 54,2.0 55,2.0 56,2.0 57,6.0 58,2.0 59,2.0 108,2.0 110,4.0 119,2.0 125,1.0 140,2.0 176,1.0 177,1.0 
2,1.0 3,14.0 4,22.0 6,12.0 10,1.0 12,2.0 18,6.0 19,6.0 24,1.0 34,2.0 37,2.0 38,1.0 50,1.0 107,2.0 108,2.0 116,1.0 125,2.0 127,1.0 
0,1.0 2,1.0 3,1.0 4,3.0 7,12.0 10,2.0 11,2.0 12,7.0 14,4.0 19,1.0 22,3.0 23,1.0 24,12.0 25,14.0 27,2.0 29,6.0 31,4.0 37,3.0 39,4.0 41,4.0 42,2.0 43,13.0 44,2.0 45,2.0 46,14.0 47,6.0 48,2.0 49,2.0 50,9.0 52,16.0 55,4.0 56,5.0 62,4.0 67,2.0 69,6.0 70,4.0 88,4.0 95,4.0 97,2.0 103,6.0 104,4.0 116,1.0 121,1.0 122,4.0 127,2.0 129,4.0 155,2.0 159,4.0 162,2.0 166,2.0 173,1.0 178,1.0 
4,2.0 8,15.0 9,12.0 10,3.0 12,2.0 19,1.0 25,3.0 33,2.0 37,1.0 57,2.0 65,2.0 88,2.0 110,2.0 118,2.0 127,1.0 171,1.0 173,1.0 
2,6.0 3,2.0 4,14.0 5,2.0 9,14.0 10,12.0 11,12.0 12,14.0 14,2.0 22,3.0 25,5.0 29,3.0 30,3.0 35,3.0 37,2.0 38,2.0 51,2.0 55,2.0 67,2.0 69,2.0 70,2.0 90,2.0 
4,12.0 8,14.0 10,12.0 11,12.0 12,12.0 20,4.0 37,2.0 38,2.0 69,2.0 70,2.0 90,2.0 136,4.0 147,4.0 
0,6.0 4,12.0 6,2.0 7,3.0 11,12.0 12,15.0 13,6.0 19,1.0 24,14.0 37,1.0 39,4.0 43,4.0 57,4.0 59,4.0 61,8.0 62,8.0 63,2.0 65,2.0 66,4.0 69,4.0 70,10.0 90,2.0 94,4.0 95,2.0 111,4.0 112,4.0 113,4.0 116,1.0 118,2.0 121,1.0 127,1.0 129,2.0 171,1.0 173,1.0 
0,6.0 3,1.0 4,13.0 6,2.0 10,12.0 12,13.0 13,6.0 23,1.0 116,1.0 121,1.0 
0,6.0 3,2.0 4,18.0 5,3.0 6,7.0 10,13.0 11,14.0 13,6.0 19,1.0 23,2.0 24,8.0 26,6.0 33,1.0 37,3.0 43,6.0 46,12.0 50,4.0 51,2.0 52,4.0 54,2.0 55,2.0 56,3.0 57,6.0 58,2.0 59,2.0 65,2.0 67,4.0 69,2.0 70,4.0 77,2.0 82,2.0 90,2.0 108,2.0 116,2.0 121,1.0 122,4.0 125,1.0 127,1.0 133,4.0 161,4.0 176,1.0 
14,6.0 
3,2.0 4,2.0 5,2.0 6,26.0 8,2.0 10,2.0 12,2.0 15,4.0 22,2.0 24,12.0 25,12.0 27,2.0 37,4.0 39,2.0 40,14.0 41,14.0 44,4.0 45,12.0 46,10.0 47,4.0 48,6.0 50,4.0 51,2.0 52,4.0 55,14.0 62,2.0 66,2.0 67,6.0 69,6.0 70,6.0 86,2.0 88,2.0 93,4.0 95,4.0 101,2.0 102,2.0 104,6.0 105,6.0 106,2.0 162,2.0 169,2.0 
0,6.0 2,6.0 16,30.0 17,4.0 170,2.0 
0,6.0 2,4.0 4,4.0 5,4.0 15,28.0 18,4.0 
15,4.0 
4,6.0 5,6.0 19,6.0 
6,1.0 7,1.0 10,1.0 12,2.0 20,6.0 37,2.0 56,1.0 
21,6.0 147,4.0 148,4.0 
4,6.0 14,2.0 22,6.0 23,6.0 40,2.0 46,2.0 50,2.0 55,2.0 93,2.0 125,2.0 132,2.0 145,2.0 146,2.0 
0,3.0 1,4.0 2,5.0 4,6.0 6,2.0 8,3.0 23,6.0 24,8.0 25,2.0 26,3.0 27,7.0 28,3.0 29,4.0 33,4.0 36,3.0 37,11.0 38,3.0 41,4.0 43,3.0 46,14.0 50,5.0 52,6.0 56,4.0 57,2.0 59,4.0 62,12.0 67,10.0 69,2.0 88,6.0 103,2.0 104,4.0 109,4.0 111,4.0 118,4.0 125,1.0 127,10.0 132,6.0 133,4.0 145,1.0 180,2.0 183,1.0 185,1.0 
4,8.0 6,1.0 11,1.0 12,1.0 22,6.0 24,6.0 33,1.0 176,1.0 177,1.0 
2,4.0 4,5.0 5,1.0 6,12.0 7,4.0 8,3.0 10,10.0 12,8.0 19,1.0 22,6.0 25,14.0 31,8.0 37,3.0 39,4.0 43,2.0 46,4.0 50,1.0 52,2.0 54,2.0 55,2.0 56,2.0 57,4.0 58,2.0 59,2.0 61,4.0 62,6.0 63,2.0 65,4.0 67,2.0 69,8.0 70,10.0 71,2.0 90,6.0 95,6.0 111,8.0 116,1.0 121,1.0 125,1.0 129,2.0 136,4.0 137,2.0 159,4.0 162,2.0 
0,2.0 2,8.0 3,2.0 4,2.0 5,2.0 6,14.0 8,5.0 12,2.0 14,2.0 22,8.0 24,14.0 27,4.0 28,3.0 31,8.0 36,3.0 37,2.0 38,2.0 39,4.0 42,2.0 43,8.0 46,2.0 51,2.0 52,6.0 55,2.0 67,4.0 71,2.0 103,2.0 118,1.0 125,2.0 136,2.0 145,1.0 159,4.0 173,1.0 
12,6.0 22,3.0 27,3.0 28,3.0 46,4.0 57,2.0 67,4.0 70,2.0 133,4.0 161,4.0 
0,5.0 6,3.0 22,10.0 25,4.0 26,3.0 28,9.0 31,3.0 32,3.0 33,7.0 34,3.0 36,3.0 37,4.0 38,2.0 44,2.0 45,2.0 46,2.0 47,2.0 48,2.0 49,2.0 50,1.0 62,3.0 86,2.0 95,2.0 125,1.0 183,1.0 185,1.0 
0,5.0 22,6.0 25,3.0 26,3.0 27,9.0 31,3.0 32,3.0 33,3.0 34,3.0 36,3.0 37,2.0 38,2.0 
2,1.0 6,4.0 8,3.0 22,1.0 30,3.0 43,2.0 45,6.0 50,3.0 56,6.0 57,2.0 62,2.0 102,6.0 110,8.0 117,2.0 174,1.0 
27,3.0 28,3.0 31,3.0 32,3.0 33,3.0 34,3.0 
0,3.0 2,4.0 27,3.0 28,3.0 32,3.0 33,3.0 34,3.0 39,4.0 119,4.0 123,4.0 
0,3.0 27,3.0 28,3.0 31,3.0 33,3.0 34,3.0 
0,3.0 4,1.0 6,1.0 22,3.0 23,1.0 27,7.0 28,3.0 31,3.0 32,3.0 34,3.0 50,1.0 62,3.0 65,2.0 70,2.0 176,1.0 177,1.0 183,1.0 185,1.0 
0,5.0 2,1.0 5,2.0 27,3.0 28,3.0 31,3.0 32,3.0 33,3.0 37,2.0 107,6.0 125,2.0 156,2.0 157,2.0 158,4.0 167,1.0 168,1.0 
2,3.0 25,3.0 27,3.0 28,3.0 43,2.0 134,2.0 135,2.0 
0,3.0 2,1.0 22,3.0 37,2.0 38,3.0 
0,4.0 2,2.0 5,2.0 6,5.0 7,1.0 8,2.0 9,2.0 10,1.0 12,2.0 14,2.0 19,2.0 22,7.0 24,1.0 27,2.0 34,4.0 36,2.0 37,4.0 38,4.0 43,2.0 44,4.0 45,4.0 46,4.0 47,2.0 48,2.0 49,2.0 55,2.0 56,7.0 59,2.0 62,2.0 66,2.0 69,2.0 70,2.0 86,2.0 88,2.0 90,2.0 107,4.0 108,2.0 109,8.0 127,8.0 132,4.0 158,2.0 180,4.0 181,2.0 
0,3.0 2,2.0 4,1.0 5,1.0 7,1.0 8,2.0 9,2.0 10,1.0 22,4.0 36,2.0 37,4.0 46,2.0 69,2.0 70,2.0 90,2.0 118,1.0 127,2.0 141,2.0 142,2.0 143,2.0 171,1.0 
6,2.0 14,2.0 25,2.0 31,4.0 40,2.0 41,2.0 113,4.0 114,4.0 123,4.0 
6,10.0 10,2.0 14,14.0 24,6.0 25,6.0 39,2.0 41,10.0 55,6.0 70,2.0 86,2.0 93,4.0 95,4.0 104,2.0 
6,10.0 14,14.0 24,14.0 25,16.0 39,2.0 40,10.0 47,4.0 52,8.0 55,10.0 59,4.0 62,4.0 70,6.0 86,2.0 104,10.0 118,4.0 136,2.0 
14,2.0 43,2.0 44,2.0 45,2.0 
5,2.0 6,4.0 9,4.0 10,4.0 12,6.0 14,6.0 22,1.0 24,6.0 25,2.0 29,1.0 34,2.0 37,2.0 40,2.0 41,4.0 42,2.0 44,2.0 45,4.0 46,2.0 48,2.0 52,8.0 55,4.0 62,1.0 67,4.0 69,4.0 71,2.0 74,2.0 93,2.0 95,2.0 96,2.0 97,2.0 103,4.0 105,2.0 107,2.0 122,4.0 128,2.0 135,2.0 136,4.0 183,1.0 
6,4.0 12,2.0 14,4.0 27,2.0 37,4.0 45,10.0 46,8.0 47,2.0 48,6.0 49,4.0 50,2.0 52,2.0 65,2.0 69,2.0 88,2.0 89,2.0 
6,10.0 12,4.0 14,12.0 21,2.0 22,4.0 26,2.0 27,2.0 29,6.0 37,4.0 44,8.0 46,20.0 47,2.0 48,14.0 49,10.0 50,10.0 55,2.0 62,2.0 65,2.0 67,8.0 69,6.0 88,2.0 89,2.0 92,2.0 101,2.0 102,8.0 105,6.0 106,2.0 110,6.0 118,4.0 125,4.0 127,2.0 130,4.0 131,2.0 132,4.0 145,2.0 146,4.0 160,4.0 161,2.0 164,2.0 
2,1.0 6,18.0 12,12.0 14,4.0 21,2.0 22,12.0 24,4.0 25,2.0 26,4.0 27,2.0 29,2.0 37,2.0 40,4.0 41,2.0 43,4.0 44,4.0 45,2.0 47,2.0 48,2.0 49,2.0 50,14.0 51,2.0 52,14.0 55,4.0 57,4.0 62,6.0 65,2.0 67,12.0 69,8.0 70,4.0 77,2.0 82,2.0 88,10.0 90,2.0 93,2.0 97,2.0 103,4.0 118,3.0 125,5.0 127,6.0 132,4.0 133,4.0 145,3.0 146,4.0 155,2.0 161,2.0 164,2.0 166,2.0 173,1.0 175,1.0 
6,4.0 12,2.0 14,4.0 24,4.0 25,4.0 41,4.0 44,2.0 45,2.0 46,2.0 48,2.0 49,2.0 50,2.0 52,4.0 55,4.0 70,4.0 104,4.0 
6,4.0 12,2.0 14,6.0 21,2.0 44,4.0 45,14.0 46,10.0 47,2.0 49,4.0 50,10.0 54,2.0 58,2.0 65,2.0 67,4.0 69,4.0 89,2.0 102,2.0 105,6.0 106,2.0 118,2.0 125,4.0 132,2.0 139,2.0 145,2.0 146,4.0 164,2.0 
4,2.0 12,10.0 24,4.0 26,4.0 44,4.0 45,10.0 46,4.0 47,2.0 48,4.0 50,2.0 53,4.0 54,4.0 55,8.0 56,4.0 57,4.0 62,2.0 65,4.0 66,2.0 67,8.0 89,2.0 92,2.0 118,2.0 130,2.0 160,6.0 161,4.0 
1,4.0 4,1.0 5,1.0 6,7.0 8,2.0 12,4.0 14,6.0 21,2.0 22,7.0 24,1.0 25,2.0 27,4.0 33,4.0 40,4.0 41,2.0 46,14.0 51,4.0 52,6.0 55,6.0 62,6.0 67,2.0 69,4.0 77,2.0 82,2.0 93,2.0 97,2.0 103,2.0 118,2.0 122,2.0 125,5.0 132,2.0 145,2.0 146,4.0 155,2.0 164,2.0 166,2.0 183,1.0 185,1.0 
3,2.0 4,2.0 5,2.0 8,2.0 12,2.0 14,2.0 25,2.0 49,2.0 52,2.0 53,2.0 54,2.0 55,4.0 67,2.0 
0,2.0 6,8.0 14,6.0 24,8.0 25,12.0 37,4.0 40,2.0 41,10.0 43,12.0 47,4.0 49,2.0 50,2.0 51,2.0 53,2.0 54,2.0 55,6.0 59,4.0 62,6.0 67,2.0 68,2.0 69,2.0 70,4.0 71,2.0 103,6.0 104,8.0 118,4.0 122,2.0 127,2.0 128,2.0 154,2.0 166,2.0 
4,2.0 12,4.0 24,4.0 49,4.0 54,4.0 55,4.0 56,4.0 57,4.0 67,2.0 
4,2.0 12,4.0 24,4.0 48,2.0 49,4.0 53,4.0 55,6.0 56,4.0 57,4.0 58,4.0 59,2.0 60,2.0 61,2.0 67,2.0 102,2.0 139,2.0 
3,2.0 4,4.0 5,2.0 6,12.0 8,2.0 10,2.0 12,6.0 14,14.0 24,22.0 25,12.0 40,6.0 41,10.0 45,2.0 47,4.0 49,8.0 51,2.0 52,4.0 53,4.0 54,6.0 56,4.0 57,4.0 58,2.0 59,4.0 60,2.0 61,4.0 62,4.0 65,2.0 66,6.0 67,6.0 70,4.0 74,2.0 92,2.0 93,6.0 94,2.0 95,4.0 104,4.0 136,4.0 162,2.0 
2,1.0 4,2.0 6,5.0 12,5.0 19,1.0 22,4.0 24,4.0 29,4.0 37,7.0 43,1.0 49,2.0 50,3.0 53,2.0 54,4.0 55,4.0 56,2.0 57,4.0 58,2.0 59,2.0 62,3.0 67,2.0 109,4.0 117,2.0 127,4.0 180,4.0 181,2.0 
4,2.0 10,8.0 12,6.0 24,8.0 26,2.0 37,2.0 43,4.0 44,2.0 45,2.0 46,2.0 48,2.0 49,2.0 54,2.0 55,2.0 56,2.0 58,2.0 59,2.0 65,2.0 70,6.0 110,4.0 117,2.0 144,2.0 
48,2.0 54,4.0 55,2.0 59,2.0 60,2.0 61,2.0 102,2.0 139,2.0 
10,6.0 24,6.0 25,4.0 41,4.0 52,4.0 54,2.0 55,4.0 58,2.0 60,2.0 61,8.0 62,10.0 66,6.0 70,4.0 94,4.0 104,4.0 112,4.0 118,4.0 
10,2.0 24,2.0 61,4.0 62,2.0 
10,10.0 24,6.0 49,2.0 55,2.0 59,4.0 60,2.0 61,2.0 62,10.0 63,2.0 65,4.0 66,6.0 70,6.0 90,2.0 94,4.0 112,4.0 
0,2.0 1,4.0 4,2.0 6,10.0 10,8.0 12,2.0 22,5.0 24,10.0 25,6.0 26,2.0 27,2.0 29,4.0 34,4.0 37,2.0 39,4.0 41,4.0 43,1.0 46,8.0 50,6.0 52,8.0 56,1.0 57,2.0 59,4.0 61,4.0 63,2.0 65,2.0 70,2.0 86,2.0 88,4.0 90,2.0 103,2.0 104,4.0 107,4.0 113,4.0 118,4.0 125,2.0 149,4.0 150,4.0 156,2.0 157,2.0 158,4.0 162,2.0 174,1.0 184,1.0 
64,2.0 
61,2.0 84,2.0 
12,2.0 14,4.0 24,2.0 33,2.0 44,2.0 45,6.0 46,2.0 48,4.0 49,4.0 55,2.0 66,2.0 67,4.0 69,2.0 70,6.0 85,2.0 89,2.0 90,4.0 91,2.0 101,2.0 102,2.0 105,2.0 152,2.0 
6,2.0 10,6.0 14,2.0 24,4.0 49,2.0 55,6.0 59,6.0 61,6.0 62,8.0 65,2.0 67,2.0 70,4.0 94,4.0 112,4.0 162,2.0 
3,2.0 4,2.0 5,2.0 6,4.0 7,2.0 8,2.0 12,10.0 14,8.0 22,4.0 24,6.0 25,2.0 26,4.0 35,2.0 43,8.0 45,6.0 46,10.0 48,6.0 49,2.0 50,4.0 51,2.0 52,2.0 53,2.0 54,2.0 55,4.0 56,2.0 57,2.0 69,6.0 70,2.0 88,2.0 90,2.0 95,2.0 96,6.0 103,2.0 105,6.0 127,4.0 132,4.0 133,8.0 134,2.0 161,4.0 
45,2.0 48,2.0 55,2.0 69,4.0 74,6.0 93,2.0 
6,6.0 8,2.0 9,2.0 10,4.0 14,2.0 22,2.0 24,4.0 37,2.0 38,2.0 40,2.0 43,2.0 44,2.0 45,4.0 46,8.0 48,4.0 50,4.0 52,4.0 68,4.0 70,10.0 90,6.0 93,2.0 96,2.0 97,2.0 103,2.0 111,4.0 155,2.0 166,2.0 
6,4.0 10,4.0 14,6.0 22,4.0 24,10.0 25,4.0 40,2.0 41,6.0 44,2.0 47,4.0 52,6.0 55,4.0 59,4.0 61,4.0 62,4.0 65,6.0 66,4.0 67,2.0 68,4.0 69,10.0 85,2.0 86,2.0 90,8.0 91,2.0 94,4.0 95,2.0 97,2.0 98,2.0 104,4.0 111,4.0 112,4.0 151,2.0 
22,2.0 50,2.0 62,2.0 72,2.0 
73,2.0 115,4.0 116,4.0 
74,2.0 75,2.0 
29,8.0 45,6.0 55,2.0 75,2.0 76,2.0 87,2.0 93,2.0 94,2.0 102,6.0 
74,2.0 76,2.0 
77,2.0 
12,2.0 46,2.0 50,2.0 78,4.0 82,2.0 
12,2.0 46,2.0 49,2.0 50,2.0 53,2.0 54,2.0 55,2.0 56,2.0 67,2.0 77,2.0 79,2.0 80,2.0 81,2.0 82,2.0 
80,2.0 81,2.0 82,2.0 83,2.0 
79,2.0 81,2.0 82,2.0 83,2.0 
79,2.0 80,2.0 82,2.0 83,2.0 
78,2.0 79,2.0 80,2.0 81,2.0 83,2.0 
64,2.0 
65,2.0 
14,2.0 40,2.0 41,2.0 69,2.0 70,2.0 
6,2.0 27,2.0 44,2.0 46,4.0 62,2.0 95,6.0 126,2.0 132,2.0 179,2.0 
4,4.0 7,2.0 14,2.0 37,2.0 44,2.0 45,2.0 88,2.0 109,2.0 115,2.0 
1,2.0 6,6.0 7,2.0 12,4.0 14,2.0 22,6.0 33,2.0 37,2.0 43,4.0 44,2.0 45,2.0 46,8.0 65,2.0 67,8.0 
77,2.0 
65,4.0 68,2.0 69,4.0 70,6.0 91,2.0 96,2.0 
45,2.0 49,2.0 55,2.0 
12,2.0 24,2.0 46,2.0 65,2.0 
6,4.0 10,2.0 14,4.0 24,4.0 40,4.0 55,6.0 74,2.0 94,2.0 95,6.0 136,2.0 
10,4.0 24,2.0 59,4.0 61,4.0 62,4.0 66,4.0 67,2.0 70,6.0 95,2.0 112,4.0 
6,4.0 10,2.0 22,4.0 24,6.0 37,4.0 43,2.0 56,2.0 67,2.0 69,2.0 70,2.0 86,2.0 90,2.0 97,2.0 129,4.0 132,2.0 136,2.0 137,2.0 179,2.0 
41,2.0 43,6.0 55,2.0 97,2.0 
8,2.0 9,2.0 37,2.0 38,2.0 62,2.0 69,4.0 70,2.0 154,2.0 155,2.0 
99,2.0 
100,2.0 
97,2.0 
6,2.0 14,2.0 22,2.0 45,2.0 46,2.0 69,2.0 102,2.0 
6,2.0 14,2.0 22,4.0 29,6.0 45,8.0 46,2.0 48,2.0 54,2.0 58,2.0 67,2.0 69,2.0 101,2.0 110,6.0 127,2.0 131,2.0 132,2.0 139,2.0 
14,4.0 37,2.0 40,2.0 41,2.0 43,6.0 45,2.0 48,2.0 52,4.0 67,2.0 105,2.0 
6,6.0 14,4.0 24,8.0 25,10.0 41,8.0 47,4.0 52,10.0 55,4.0 59,4.0 62,4.0 70,4.0 118,4.0 
6,4.0 14,6.0 45,6.0 46,4.0 48,6.0 50,4.0 67,4.0 69,4.0 86,2.0 106,2.0 125,2.0 
6,2.0 46,2.0 50,2.0 62,2.0 
0,2.0 2,1.0 5,2.0 34,6.0 37,2.0 125,2.0 156,2.0 157,2.0 158,4.0 167,1.0 168,1.0 
87,4.0 109,2.0 115,2.0 
4,2.0 37,4.0 56,2.0 86,2.0 87,2.0 127,4.0 132,2.0 180,2.0 181,2.0 
1,2.0 10,4.0 22,6.0 43,4.0 46,6.0 57,4.0 88,8.0 
10,4.0 22,4.0 41,4.0 52,4.0 59,8.0 61,4.0 62,4.0 66,4.0 70,4.0 94,4.0 104,4.0 112,4.0 118,4.0 
10,4.0 59,4.0 61,4.0 62,4.0 66,4.0 70,4.0 94,4.0 
39,4.0 114,4.0 
45,2.0 49,2.0 72,4.0 115,4.0 118,2.0 120,4.0 121,4.0 160,2.0 163,2.0 
4,2.0 7,2.0 72,4.0 87,2.0 116,4.0 
3,5.0 5,1.0 6,1.0 10,1.0 11,1.0 22,1.0 24,1.0 117,4.0 121,2.0 125,1.0 127,1.0 
3,4.0 10,4.0 56,2.0 57,4.0 62,2.0 70,2.0 144,2.0 
7,2.0 10,2.0 12,1.0 14,2.0 24,4.0 25,4.0 29,1.0 40,2.0 41,6.0 45,2.0 46,2.0 49,2.0 50,2.0 52,4.0 55,2.0 59,4.0 62,7.0 104,4.0 125,2.0 127,1.0 146,2.0 160,2.0 164,2.0 171,1.0 173,1.0 
114,6.0 120,4.0 163,2.0 
114,4.0 121,4.0 124,2.0 125,2.0 
3,1.0 6,1.0 11,1.0 22,1.0 24,1.0 46,4.0 62,4.0 116,2.0 
6,4.0 8,2.0 14,6.0 25,2.0 41,4.0 47,4.0 50,2.0 51,2.0 52,4.0 55,6.0 67,2.0 70,4.0 104,4.0 
120,2.0 124,4.0 
105,2.0 120,2.0 125,4.0 
0,2.0 4,1.0 5,2.0 10,1.0 14,4.0 21,2.0 22,1.0 24,1.0 25,2.0 27,1.0 34,2.0 40,4.0 41,2.0 46,5.0 50,5.0 55,4.0 86,4.0 93,2.0 105,2.0 107,2.0 116,1.0 118,3.0 126,2.0 127,1.0 132,2.0 145,3.0 146,4.0 156,2.0 157,2.0 158,2.0 164,2.0 
2,1.0 6,6.0 29,4.0 46,2.0 56,4.0 86,2.0 182,2.0 
5,1.0 7,1.0 10,2.0 22,6.0 37,4.0 46,4.0 50,2.0 52,2.0 56,2.0 57,2.0 67,4.0 86,2.0 109,4.0 116,1.0 118,1.0 122,2.0 125,1.0 132,6.0 133,4.0 173,1.0 180,2.0 181,2.0 
43,2.0 67,2.0 
45,2.0 102,2.0 130,2.0 131,4.0 
12,2.0 14,2.0 22,2.0 26,2.0 45,4.0 46,4.0 48,2.0 49,2.0 54,2.0 55,2.0 58,2.0 66,2.0 67,4.0 102,2.0 127,2.0 131,2.0 132,2.0 138,4.0 160,2.0 161,2.0 
22,4.0 45,2.0 46,2.0 67,4.0 102,2.0 127,4.0 130,2.0 132,4.0 
14,2.0 21,2.0 22,4.0 37,2.0 40,2.0 46,4.0 50,2.0 55,2.0 67,4.0 86,4.0 93,2.0 95,2.0 109,2.0 125,2.0 127,6.0 133,4.0 145,2.0 146,2.0 
68,4.0 74,4.0 
35,2.0 43,2.0 135,2.0 
43,2.0 55,2.0 93,2.0 
9,4.0 20,4.0 24,4.0 25,2.0 71,2.0 95,2.0 137,2.0 147,4.0 
22,2.0 50,2.0 62,2.0 
14,2.0 48,2.0 54,2.0 55,2.0 58,2.0 66,2.0 102,2.0 130,4.0 
4,2.0 
38,2.0 141,2.0 142,2.0 143,2.0 
22,2.0 38,2.0 46,2.0 127,2.0 142,2.0 143,2.0 
22,2.0 38,2.0 46,2.0 127,2.0 141,2.0 143,2.0 
22,2.0 38,2.0 46,2.0 127,2.0 141,2.0 142,2.0 
70,2.0 117,2.0 
14,2.0 21,2.0 25,1.0 40,2.0 46,3.0 50,2.0 55,2.0 93,2.0 118,1.0 125,3.0 132,2.0 146,2.0 
14,4.0 21,2.0 40,4.0 41,2.0 46,4.0 50,4.0 55,4.0 93,2.0 118,2.0 125,4.0 132,2.0 145,2.0 164,2.0 
20,4.0 148,4.0 
62,4.0 
25,2.0 43,4.0 95,2.0 150,4.0 
25,2.0 43,4.0 95,2.0 149,4.0 
14,2.0 45,2.0 48,2.0 67,2.0 105,2.0 152,2.0 
153,2.0 165,2.0 
70,2.0 
65,2.0 151,2.0 
62,2.0 97,2.0 
0,2.0 34,2.0 107,2.0 125,2.0 157,2.0 158,2.0 
0,2.0 34,2.0 107,2.0 125,2.0 156,2.0 158,2.0 
0,2.0 2,1.0 34,4.0 107,4.0 125,2.0 156,2.0 157,2.0 167,1.0 168,1.0 
45,2.0 49,4.0 130,2.0 160,4.0 
12,4.0 26,4.0 45,4.0 46,2.0 49,6.0 62,2.0 67,4.0 118,2.0 130,2.0 161,4.0 
12,4.0 26,4.0 46,2.0 67,4.0 133,4.0 
4,2.0 6,2.0 24,2.0 62,2.0 
45,2.0 49,2.0 114,2.0 118,2.0 160,2.0 
14,2.0 40,2.0 41,2.0 46,2.0 50,2.0 55,2.0 118,2.0 125,2.0 146,2.0 
70,2.0 
0,2.0 37,2.0 52,2.0 62,2.0 
0,2.0 168,1.0 
0,1.0 167,1.0 
16,2.0 
2,2.0 4,2.0 5,2.0 18,2.0 
7,1.0 10,1.0 12,1.0 118,1.0 
3,1.0 
0,1.0 2,1.0 6,1.0 7,1.0 10,1.0 12,1.0 22,1.0 25,1.0 118,1.0 127,1.0 
25,1.0 27,1.0 125,1.0 
2,1.0 22,1.0 37,1.0 
4,1.0 23,1.0 33,1.0 177,1.0 
178,1.0 
126,4.0 182,2.0 
22,2.0 37,2.0 56,2.0 95,2.0 
37,2.0 56,2.0 109,2.0 127,2.0 181,2.0 
178,2.0 
6,2.0 29,2.0 56,2.0 126,2.0 
22,1.0 27,1.0 33,1.0 62,1.0 167,1.0 
56,1.0 62,1.0 
6,1.0 27,1.0 33,1.0 50,1.0 
