1,3.0 2,3.0 3,3.0 4,3.0 5,3.0 6,3.0 7,2.0 27,1.0 33,1.0 38,2.0 148,1.0 
0,3.0 2,3.0 3,3.0 4,3.0 5,3.0 6,3.0 
0,3.0 1,3.0 3,3.0 4,3.0 5,3.0 6,3.0 
0,1.0 1,1.0 2,1.0 4,3.0 5,3.0 6,3.0 7,2.0 8,2.0 9,2.0 10,2.0 11,2.0 12,2.0 13,2.0 
0,1.0 1,1.0 2,1.0 3,3.0 5,3.0 6,3.0 7,2.0 8,2.0 9,2.0 10,2.0 11,2.0 12,2.0 13,2.0 
0,1.0 1,1.0 2,1.0 3,3.0 4,3.0 6,3.0 7,2.0 8,2.0 9,2.0 10,2.0 11,2.0 12,2.0 13,2.0 
0,1.0 1,1.0 2,1.0 3,3.0 4,3.0 5,3.0 7,2.0 8,2.0 9,2.0 10,2.0 11,2.0 12,2.0 13,2.0 
0,2.0 7,5.0 8,6.0 9,12.0 10,6.0 11,5.0 12,5.0 13,5.0 14,5.0 15,10.0 16,4.0 18,1.0 21,4.0 27,29.0 28,2.0 31,1.0 33,1.0 35,2.0 37,2.0 38,26.0 39,3.0 40,3.0 41,1.0 45,3.0 53,1.0 65,1.0 72,1.0 78,1.0 81,2.0 91,4.0 92,4.0 96,1.0 101,1.0 118,1.0 123,2.0 124,2.0 132,1.0 134,4.0 136,1.0 147,2.0 148,1.0 149,1.0 152,2.0 153,1.0 154,1.0 156,1.0 158,1.0 159,1.0 
7,6.0 9,26.0 10,10.0 11,5.0 12,5.0 13,5.0 14,5.0 15,22.0 16,7.0 18,1.0 21,3.0 26,1.0 27,2.0 35,3.0 39,3.0 40,3.0 51,2.0 128,1.0 129,1.0 130,1.0 
7,12.0 8,26.0 9,10.0 10,12.0 11,5.0 12,5.0 13,5.0 14,5.0 15,34.0 16,10.0 18,5.0 21,6.0 22,7.0 24,1.0 26,1.0 28,10.0 29,9.0 30,62.0 31,5.0 35,4.0 37,11.0 38,49.0 39,8.0 40,3.0 41,7.0 49,7.0 52,2.0 54,12.0 55,24.0 56,8.0 57,4.0 61,4.0 62,2.0 65,1.0 69,12.0 73,1.0 74,4.0 75,6.0 80,4.0 81,8.0 83,2.0 85,1.0 93,4.0 97,3.0 99,2.0 101,2.0 103,1.0 105,1.0 129,1.0 134,6.0 135,1.0 136,1.0 
7,6.0 8,10.0 9,12.0 10,3.0 11,5.0 12,5.0 13,5.0 14,5.0 15,14.0 16,3.0 18,1.0 26,1.0 28,4.0 30,6.0 37,2.0 38,3.0 46,2.0 49,2.0 54,10.0 74,2.0 114,3.0 124,1.0 126,1.0 128,2.0 129,1.0 130,1.0 132,1.0 144,1.0 
7,5.0 8,5.0 9,5.0 10,5.0 12,5.0 13,5.0 14,5.0 
7,5.0 8,5.0 9,5.0 10,5.0 11,5.0 13,5.0 14,5.0 
7,5.0 8,5.0 9,5.0 10,5.0 11,5.0 12,5.0 14,5.0 
15,5.0 54,1.0 145,1.0 
0,1.0 1,1.0 2,1.0 7,13.0 8,25.0 9,37.0 10,17.0 11,3.0 12,3.0 13,3.0 15,9.0 16,14.0 20,4.0 21,9.0 22,8.0 26,4.0 27,34.0 28,20.0 29,6.0 33,2.0 35,3.0 37,5.0 38,18.0 39,9.0 40,6.0 41,27.0 42,6.0 43,6.0 46,2.0 49,11.0 51,1.0 54,15.0 55,8.0 59,2.0 68,2.0 70,21.0 77,1.0 81,6.0 93,4.0 96,4.0 101,1.0 108,1.0 109,21.0 110,3.0 111,3.0 112,2.0 118,1.0 120,1.0 122,1.0 124,1.0 128,1.0 129,1.0 130,1.0 139,1.0 140,1.0 142,1.0 147,2.0 152,1.0 154,1.0 156,1.0 157,1.0 158,1.0 159,1.0 160,1.0 161,1.0 
7,1.0 9,1.0 15,3.0 17,8.0 18,2.0 21,3.0 27,7.0 28,3.0 31,12.0 32,5.0 33,3.0 37,4.0 38,5.0 55,5.0 134,1.0 
7,1.0 8,1.0 9,1.0 10,1.0 16,1.0 18,3.0 19,8.0 30,2.0 38,2.0 70,2.0 71,2.0 
7,1.0 8,1.0 9,1.0 10,3.0 15,2.0 16,7.0 54,2.0 
7,3.0 8,6.0 9,14.0 15,13.0 16,11.0 17,3.0 20,5.0 21,3.0 27,3.0 28,9.0 29,6.0 30,8.0 38,6.0 55,4.0 59,2.0 72,2.0 
9,1.0 17,1.0 19,7.0 21,4.0 22,5.0 30,1.0 31,1.0 38,1.0 
15,2.0 19,19.0 20,1.0 22,5.0 24,2.0 27,3.0 38,3.0 
8,1.0 9,1.0 10,1.0 15,5.0 16,3.0 19,6.0 20,1.0 21,3.0 23,3.0 24,2.0 26,6.0 27,5.0 30,1.0 38,10.0 55,9.0 
21,1.0 22,1.0 24,1.0 25,1.0 37,1.0 
8,3.0 9,7.0 15,9.0 22,8.0 23,1.0 25,1.0 27,5.0 28,6.0 29,3.0 30,3.0 49,3.0 52,1.0 
23,1.0 24,1.0 26,1.0 27,1.0 28,1.0 38,1.0 
7,3.0 15,3.0 24,9.0 25,1.0 27,6.0 28,6.0 38,7.0 39,3.0 40,3.0 41,3.0 43,3.0 
0,2.0 7,28.0 8,2.0 15,34.0 16,6.0 17,2.0 20,1.0 21,6.0 22,6.0 23,1.0 24,4.0 25,1.0 26,3.0 27,8.0 28,28.0 29,8.0 30,8.0 33,1.0 35,1.0 36,1.0 37,6.0 38,52.0 39,2.0 40,3.0 41,2.0 49,2.0 50,2.0 51,2.0 53,1.0 55,24.0 58,1.0 59,1.0 61,4.0 63,3.0 67,3.0 69,6.0 72,1.0 73,2.0 74,3.0 76,3.0 77,4.0 78,4.0 81,3.0 84,1.0 90,2.0 96,4.0 98,3.0 101,1.0 103,1.0 106,1.0 108,1.0 118,1.0 123,2.0 124,1.0 133,1.0 135,1.0 137,1.0 138,1.0 147,2.0 148,1.0 152,2.0 153,1.0 154,1.0 156,1.0 158,2.0 159,2.0 160,1.0 161,1.0 
7,2.0 9,9.0 10,4.0 15,20.0 16,6.0 21,9.0 22,6.0 23,1.0 25,1.0 26,3.0 27,29.0 28,2.0 29,15.0 30,15.0 37,6.0 38,6.0 39,2.0 40,3.0 41,3.0 50,2.0 51,1.0 70,15.0 74,1.0 77,1.0 81,3.0 96,3.0 108,3.0 115,1.0 117,13.0 118,3.0 120,2.0 123,1.0 124,2.0 125,1.0 126,1.0 128,1.0 132,1.0 135,1.0 157,1.0 158,2.0 159,2.0 160,1.0 161,1.0 
9,9.0 15,5.0 16,3.0 21,6.0 22,3.0 27,7.0 28,14.0 30,11.0 37,1.0 77,1.0 90,2.0 108,1.0 160,1.0 161,1.0 
9,62.0 10,6.0 16,3.0 18,4.0 19,2.0 21,3.0 22,4.0 24,1.0 27,8.0 28,14.0 29,11.0 30,9.0 31,4.0 37,7.0 38,59.0 39,5.0 40,3.0 42,3.0 46,9.0 51,2.0 52,2.0 61,8.0 62,2.0 63,2.0 69,6.0 70,4.0 71,4.0 73,1.0 74,4.0 80,4.0 81,4.0 83,2.0 85,1.0 90,2.0 99,2.0 101,2.0 103,1.0 105,1.0 126,1.0 132,1.0 134,2.0 135,1.0 
7,3.0 15,8.0 26,3.0 27,9.0 28,6.0 29,3.0 32,1.0 37,1.0 38,2.0 55,1.0 65,6.0 
7,1.0 8,3.0 9,8.0 10,2.0 15,5.0 27,2.0 30,4.0 38,4.0 54,2.0 135,1.0 138,1.0 
0,1.0 7,2.0 15,2.0 27,2.0 34,3.0 38,2.0 59,3.0 70,2.0 109,2.0 111,2.0 
8,3.0 9,3.0 15,3.0 
15,1.0 31,4.0 32,4.0 36,3.0 54,1.0 137,1.0 
7,2.0 9,1.0 27,1.0 32,1.0 37,3.0 
7,4.0 9,8.0 10,1.0 15,2.0 19,6.0 27,11.0 28,4.0 30,3.0 35,7.0 38,12.0 41,1.0 46,1.0 50,2.0 51,1.0 52,1.0 54,1.0 55,13.0 67,3.0 69,6.0 70,1.0 72,1.0 96,1.0 98,3.0 114,1.0 134,1.0 135,1.0 147,2.0 158,1.0 159,1.0 
0,2.0 7,27.0 9,49.0 10,2.0 15,18.0 16,1.0 17,2.0 18,4.0 19,3.0 20,5.0 22,4.0 23,1.0 24,5.0 25,1.0 26,3.0 27,53.0 28,6.0 30,59.0 31,4.0 33,1.0 37,10.0 38,9.0 39,11.0 40,6.0 41,1.0 42,3.0 43,3.0 44,3.0 45,3.0 46,1.0 51,3.0 52,2.0 53,1.0 55,34.0 59,3.0 61,4.0 62,2.0 63,1.0 67,3.0 68,2.0 70,4.0 71,4.0 73,3.0 74,7.0 76,3.0 77,3.0 78,4.0 80,4.0 81,7.0 83,2.0 84,1.0 85,1.0 96,1.0 98,3.0 99,2.0 101,3.0 103,2.0 105,1.0 106,1.0 118,1.0 123,2.0 124,1.0 133,1.0 134,1.0 135,1.0 147,2.0 148,1.0 149,1.0 152,2.0 153,1.0 154,1.0 156,1.0 157,1.0 
15,6.0 24,4.0 26,12.0 38,6.0 40,3.0 41,6.0 42,2.0 47,2.0 66,2.0 
7,3.0 15,3.0 38,3.0 41,3.0 45,18.0 
7,1.0 9,7.0 15,27.0 27,2.0 28,3.0 29,1.0 37,1.0 38,1.0 39,6.0 40,3.0 42,6.0 43,6.0 51,1.0 77,1.0 93,4.0 96,2.0 157,1.0 158,1.0 159,1.0 160,1.0 161,1.0 
27,2.0 28,2.0 38,3.0 39,6.0 45,6.0 
38,3.0 44,9.0 
15,3.0 30,3.0 38,3.0 41,3.0 42,3.0 46,3.0 
7,3.0 8,3.0 9,6.0 15,9.0 30,6.0 38,6.0 39,3.0 40,3.0 41,6.0 46,6.0 
9,1.0 30,10.0 37,3.0 38,1.0 39,3.0 40,3.0 42,3.0 
7,2.0 9,4.0 10,2.0 15,2.0 27,2.0 28,3.0 30,4.0 38,6.0 48,2.0 58,4.0 59,1.0 70,3.0 117,3.0 
9,3.0 15,2.0 30,1.0 38,1.0 49,2.0 
9,7.0 10,4.0 15,13.0 22,3.0 27,2.0 54,4.0 81,4.0 96,2.0 
37,2.0 51,1.0 52,1.0 
7,1.0 15,1.0 26,1.0 27,3.0 28,2.0 29,2.0 30,2.0 37,1.0 38,1.0 41,1.0 64,2.0 96,1.0 157,1.0 
53,1.0 67,3.0 
7,1.0 9,1.0 27,1.0 38,1.0 54,1.0 55,1.0 
9,12.0 10,10.0 15,15.0 16,2.0 37,3.0 46,2.0 49,2.0 54,7.0 55,12.0 56,8.0 57,4.0 139,1.0 140,1.0 142,1.0 
9,24.0 15,8.0 17,2.0 19,1.0 20,5.0 24,4.0 27,24.0 37,7.0 38,34.0 46,1.0 54,12.0 55,5.0 56,8.0 57,4.0 59,3.0 63,1.0 67,3.0 68,2.0 69,12.0 73,2.0 74,3.0 75,6.0 76,3.0 77,3.0 78,3.0 81,1.0 84,1.0 97,3.0 98,3.0 103,1.0 106,1.0 133,1.0 
9,4.0 54,4.0 55,4.0 57,4.0 
37,2.0 47,4.0 
20,4.0 27,1.0 37,1.0 
9,1.0 19,1.0 20,2.0 30,1.0 38,1.0 60,2.0 73,4.0 74,2.0 80,2.0 83,1.0 86,2.0 87,2.0 88,2.0 89,2.0 105,1.0 
9,2.0 27,2.0 30,4.0 38,2.0 69,2.0 
9,2.0 27,2.0 30,4.0 38,2.0 62,2.0 63,2.0 69,2.0 
7,2.0 15,2.0 27,2.0 38,2.0 63,2.0 
9,4.0 27,1.0 30,4.0 38,5.0 55,1.0 57,2.0 64,2.0 
10,2.0 15,2.0 16,2.0 49,2.0 54,2.0 
8,2.0 9,4.0 27,2.0 30,4.0 36,1.0 38,4.0 
9,2.0 30,2.0 38,2.0 
9,3.0 27,3.0 38,3.0 54,3.0 55,6.0 63,1.0 76,1.0 98,3.0 106,1.0 
60,2.0 
9,12.0 27,6.0 30,6.0 37,6.0 55,12.0 61,4.0 63,2.0 69,2.0 75,6.0 97,3.0 
15,21.0 19,2.0 28,15.0 30,4.0 33,2.0 37,1.0 38,4.0 51,2.0 70,10.0 71,4.0 74,1.0 81,3.0 108,2.0 109,21.0 110,3.0 111,3.0 112,2.0 114,6.0 115,1.0 117,13.0 118,3.0 120,3.0 122,1.0 123,1.0 124,1.0 125,1.0 135,3.0 143,2.0 
19,2.0 30,4.0 38,4.0 51,2.0 70,4.0 
30,2.0 32,1.0 38,2.0 70,2.0 71,2.0 137,1.0 
9,1.0 30,1.0 38,1.0 59,2.0 74,2.0 79,4.0 
9,1.0 28,1.0 30,1.0 38,1.0 59,2.0 70,1.0 73,2.0 82,7.0 117,1.0 
9,6.0 55,6.0 69,6.0 97,3.0 
27,3.0 38,3.0 55,3.0 77,2.0 
27,3.0 29,1.0 38,3.0 55,3.0 76,2.0 84,1.0 160,1.0 161,1.0 
33,4.0 
9,4.0 30,4.0 38,4.0 
63,4.0 90,2.0 
7,2.0 21,2.0 31,2.0 47,10.0 90,4.0 92,2.0 
9,3.0 28,1.0 30,3.0 38,3.0 59,1.0 70,1.0 83,2.0 117,1.0 
9,2.0 30,2.0 38,2.0 48,1.0 59,2.0 86,2.0 87,2.0 88,2.0 89,2.0 
7,1.0 15,1.0 27,2.0 38,2.0 55,1.0 77,1.0 
9,1.0 30,1.0 38,1.0 
59,2.0 80,2.0 87,2.0 88,2.0 89,2.0 
59,2.0 80,2.0 86,2.0 88,2.0 89,2.0 
59,2.0 80,2.0 86,2.0 87,2.0 89,2.0 
59,2.0 80,2.0 86,2.0 87,2.0 88,2.0 
7,2.0 81,6.0 
9,4.0 15,4.0 41,4.0 91,4.0 92,10.0 
7,2.0 9,2.0 15,2.0 41,2.0 91,12.0 
9,4.0 15,4.0 49,4.0 94,2.0 95,2.0 
93,2.0 
93,2.0 
7,1.0 15,4.0 27,4.0 28,5.0 29,3.0 37,1.0 38,1.0 41,2.0 51,1.0 77,1.0 157,1.0 158,1.0 159,1.0 160,1.0 161,1.0 
9,3.0 55,3.0 69,3.0 75,3.0 
27,3.0 38,3.0 55,3.0 63,1.0 67,3.0 76,1.0 106,1.0 
100,2.0 
9,2.0 30,2.0 38,2.0 
7,1.0 15,1.0 27,1.0 38,1.0 102,2.0 
9,2.0 30,2.0 38,2.0 
104,2.0 
9,1.0 30,1.0 38,1.0 59,1.0 
9,1.0 30,1.0 38,1.0 107,1.0 
27,1.0 38,1.0 55,1.0 
9,1.0 30,1.0 38,1.0 
15,3.0 70,3.0 109,3.0 
15,21.0 33,2.0 70,21.0 109,6.0 110,3.0 111,3.0 112,2.0 120,1.0 122,1.0 
15,3.0 70,3.0 109,3.0 
15,3.0 33,2.0 70,3.0 109,3.0 122,1.0 
113,2.0 
114,2.0 
10,3.0 37,1.0 70,5.0 74,1.0 114,3.0 115,2.0 126,1.0 143,2.0 144,1.0 
116,3.0 
28,3.0 70,3.0 117,3.0 
28,13.0 70,13.0 74,1.0 81,3.0 108,2.0 115,1.0 118,3.0 120,2.0 123,1.0 
7,1.0 15,1.0 27,1.0 38,1.0 119,3.0 
28,3.0 70,3.0 117,3.0 
121,3.0 
28,2.0 70,2.0 114,1.0 117,1.0 
15,1.0 70,1.0 109,1.0 111,1.0 
28,1.0 70,1.0 117,1.0 151,2.0 
7,1.0 28,1.0 70,1.0 84,1.0 114,1.0 125,2.0 
124,2.0 127,1.0 
127,7.0 
7,1.0 8,1.0 9,1.0 10,4.0 15,1.0 28,3.0 30,2.0 126,5.0 132,4.0 
7,1.0 10,1.0 28,1.0 129,1.0 131,1.0 
8,1.0 9,1.0 10,1.0 15,1.0 128,1.0 131,1.0 
8,1.0 10,1.0 15,1.0 
128,1.0 129,1.0 
127,6.0 
22,1.0 
7,4.0 9,6.0 10,1.0 30,2.0 65,1.0 134,1.0 136,1.0 
27,1.0 28,1.0 37,1.0 70,4.0 114,1.0 135,1.0 137,1.0 
16,1.0 
7,1.0 27,2.0 36,1.0 58,1.0 
27,1.0 36,1.0 
35,1.0 
141,1.0 
15,1.0 54,1.0 
14,1.0 
37,1.0 70,1.0 114,1.0 
14,1.0 
146,1.0 
37,1.0 147,1.0 
7,2.0 15,1.0 27,2.0 28,1.0 37,2.0 38,3.0 41,1.0 51,1.0 96,1.0 156,1.0 157,1.0 
0,1.0 7,1.0 38,1.0 
150,1.0 
7,1.0 27,1.0 38,1.0 
7,2.0 15,1.0 27,2.0 38,2.0 
62,2.0 
7,1.0 27,1.0 38,1.0 
155,1.0 
7,1.0 15,1.0 27,1.0 38,1.0 
15,1.0 28,1.0 38,1.0 41,1.0 51,1.0 96,1.0 147,1.0 157,1.0 
7,1.0 15,1.0 27,1.0 28,2.0 37,1.0 38,1.0 41,1.0 51,1.0 96,1.0 
15,1.0 27,1.0 28,1.0 29,1.0 41,1.0 77,1.0 96,1.0 159,1.0 160,1.0 161,1.0 
15,1.0 27,1.0 28,1.0 29,1.0 41,1.0 77,1.0 96,1.0 158,1.0 160,1.0 161,1.0 
29,1.0 77,1.0 161,1.0 
29,1.0 77,1.0 160,1.0 
