1,2.0 4,1.0 5,3.0 6,1.0 10,16.0 11,4.0 14,7.0 16,2.0 17,2.0 18,12.0 19,12.0 20,7.0 23,2.0 27,4.0 31,4.0 35,2.0 40,2.0 41,13.0 42,6.0 43,1.0 58,4.0 60,2.0 68,5.0 75,1.0 94,1.0 103,2.0 144,1.0 157,3.0 
0,4.0 2,1.0 6,4.0 10,2.0 11,6.0 18,4.0 19,6.0 20,4.0 21,4.0 25,4.0 27,4.0 29,4.0 31,2.0 35,5.0 39,4.0 43,1.0 44,1.0 60,5.0 103,1.0 144,1.0 
3,4.0 14,1.0 15,1.0 16,1.0 60,1.0 142,1.0 
2,3.0 4,1.0 10,1.0 39,1.0 64,1.0 161,1.0 
5,36.0 7,4.0 10,5.0 14,4.0 22,4.0 33,1.0 35,1.0 50,2.0 68,2.0 69,1.0 71,1.0 90,5.0 94,2.0 105,3.0 107,1.0 108,2.0 109,3.0 110,1.0 111,1.0 117,1.0 122,1.0 123,1.0 164,1.0 
2,1.0 4,31.0 6,1.0 7,1.0 8,1.0 9,1.0 10,8.0 11,4.0 12,1.0 13,1.0 14,1.0 15,1.0 19,6.0 88,4.0 106,1.0 203,1.0 
1,1.0 4,1.0 7,5.0 11,10.0 14,1.0 15,2.0 19,4.0 20,4.0 22,3.0 33,2.0 35,2.0 38,1.0 39,3.0 40,1.0 41,1.0 48,5.0 50,2.0 52,2.0 53,3.0 54,4.0 60,2.0 61,5.0 70,1.0 75,2.0 79,3.0 92,1.0 93,1.0 103,1.0 114,2.0 143,1.0 147,1.0 148,1.0 149,2.0 154,2.0 172,1.0 179,1.0 208,1.0 209,1.0 210,1.0 
4,4.0 6,5.0 7,3.0 10,34.0 14,31.0 17,13.0 19,18.0 22,5.0 38,1.0 39,31.0 41,1.0 42,7.0 43,5.0 44,13.0 46,4.0 47,3.0 48,75.0 49,2.0 50,11.0 52,67.0 53,3.0 56,1.0 58,3.0 61,14.0 64,13.0 65,4.0 68,1.0 69,6.0 70,15.0 72,20.0 73,6.0 75,2.0 76,1.0 79,2.0 80,4.0 90,4.0 91,1.0 93,2.0 94,3.0 97,1.0 100,4.0 107,1.0 108,2.0 109,4.0 110,8.0 111,4.0 112,4.0 115,2.0 116,4.0 117,1.0 118,3.0 119,1.0 122,1.0 123,1.0 124,2.0 125,4.0 126,4.0 127,2.0 131,6.0 138,1.0 139,1.0 143,1.0 152,1.0 160,1.0 167,1.0 169,1.0 170,1.0 177,1.0 178,1.0 179,1.0 204,1.0 205,1.0 208,1.0 209,1.0 210,1.0 214,1.0 215,1.0 216,1.0 
4,1.0 9,1.0 48,1.0 52,1.0 150,1.0 151,1.0 
4,1.0 8,1.0 
0,9.0 3,1.0 4,7.0 7,30.0 10,5.0 11,39.0 14,40.0 15,1.0 16,8.0 17,18.0 19,71.0 20,4.0 22,22.0 23,13.0 27,1.0 28,1.0 29,2.0 30,4.0 31,2.0 38,1.0 39,7.0 40,3.0 41,9.0 42,4.0 43,14.0 44,1.0 45,2.0 46,8.0 47,7.0 48,17.0 49,1.0 50,2.0 52,3.0 53,14.0 58,3.0 60,2.0 61,1.0 63,5.0 64,3.0 65,1.0 66,2.0 67,2.0 68,2.0 69,2.0 70,11.0 71,4.0 72,1.0 73,6.0 74,2.0 75,3.0 76,3.0 77,1.0 78,2.0 79,2.0 80,4.0 90,4.0 91,1.0 94,2.0 96,1.0 97,1.0 98,1.0 100,4.0 101,2.0 105,4.0 106,1.0 107,1.0 108,2.0 109,4.0 110,1.0 111,1.0 112,2.0 114,3.0 116,1.0 117,1.0 118,1.0 120,1.0 122,1.0 123,1.0 125,1.0 130,2.0 131,6.0 132,4.0 137,2.0 138,2.0 140,1.0 148,1.0 152,2.0 156,1.0 157,4.0 161,1.0 164,1.0 165,1.0 167,1.0 168,2.0 175,2.0 192,1.0 203,1.0 204,1.0 205,1.0 212,1.0 213,1.0 230,1.0 
0,5.0 1,1.0 4,1.0 6,10.0 7,1.0 10,41.0 11,3.0 12,1.0 14,7.0 16,4.0 17,4.0 19,66.0 20,6.0 22,6.0 23,1.0 27,3.0 28,3.0 29,8.0 33,2.0 35,1.0 39,4.0 40,1.0 41,5.0 42,6.0 43,6.0 44,3.0 46,9.0 47,38.0 48,77.0 49,9.0 50,1.0 52,8.0 55,4.0 56,4.0 58,4.0 60,1.0 61,11.0 65,2.0 66,2.0 67,1.0 68,16.0 71,11.0 72,1.0 73,2.0 74,13.0 75,15.0 76,7.0 77,1.0 78,2.0 79,3.0 80,2.0 81,1.0 83,1.0 84,1.0 85,1.0 99,9.0 100,3.0 101,4.0 106,1.0 110,4.0 112,2.0 113,3.0 114,7.0 115,1.0 125,1.0 127,1.0 128,1.0 132,3.0 134,1.0 136,1.0 138,1.0 147,1.0 148,1.0 154,2.0 156,1.0 168,1.0 174,1.0 176,4.0 192,1.0 205,1.0 206,1.0 207,1.0 212,1.0 213,1.0 229,1.0 230,1.0 
4,1.0 11,1.0 13,1.0 99,1.0 100,1.0 
4,1.0 12,1.0 
0,2.0 1,1.0 2,1.0 3,1.0 4,1.0 6,1.0 7,30.0 10,40.0 11,8.0 14,2.0 15,2.0 16,2.0 17,12.0 19,2.0 20,2.0 22,1.0 23,12.0 27,4.0 28,4.0 29,14.0 30,2.0 35,2.0 39,9.0 40,2.0 42,1.0 45,2.0 46,7.0 47,4.0 48,9.0 50,2.0 52,1.0 60,1.0 61,3.0 64,4.0 65,2.0 79,2.0 80,2.0 90,2.0 94,1.0 96,2.0 100,5.0 107,1.0 108,2.0 109,2.0 110,7.0 111,2.0 112,1.0 117,1.0 118,1.0 122,1.0 123,1.0 125,1.0 126,1.0 127,1.0 130,1.0 131,5.0 138,1.0 141,1.0 142,1.0 146,1.0 152,1.0 204,1.0 205,1.0 214,1.0 215,1.0 216,1.0 
2,1.0 3,1.0 6,2.0 14,2.0 22,3.0 39,4.0 47,1.0 48,1.0 52,1.0 69,1.0 71,1.0 89,2.0 97,1.0 105,3.0 129,1.0 130,1.0 148,1.0 
0,8.0 11,1.0 14,1.0 17,7.0 18,4.0 20,1.0 22,4.0 31,2.0 35,1.0 38,1.0 
0,9.0 1,2.0 10,9.0 11,13.0 18,7.0 19,12.0 23,5.0 29,1.0 31,5.0 37,2.0 41,2.0 42,2.0 44,1.0 46,5.0 47,5.0 48,4.0 50,11.0 56,1.0 58,3.0 65,2.0 66,2.0 68,1.0 76,2.0 91,1.0 95,1.0 96,1.0 99,3.0 109,1.0 116,2.0 118,1.0 123,1.0 139,1.0 180,1.0 192,1.0 204,3.0 220,1.0 230,1.0 
0,14.0 1,4.0 6,2.0 10,8.0 11,4.0 14,8.0 19,4.0 20,2.0 27,4.0 29,2.0 31,4.0 39,4.0 58,4.0 
0,9.0 4,5.0 6,4.0 7,18.0 10,72.0 11,66.0 14,2.0 15,1.0 16,8.0 17,6.0 19,4.0 20,6.0 22,9.0 23,3.0 27,3.0 28,1.0 29,9.0 30,8.0 31,2.0 32,8.0 35,15.0 38,2.0 39,9.0 40,2.0 41,14.0 42,10.0 43,5.0 44,3.0 45,4.0 46,5.0 47,14.0 48,24.0 49,2.0 50,2.0 52,3.0 53,3.0 55,7.0 56,8.0 58,13.0 60,15.0 61,20.0 62,1.0 63,2.0 64,1.0 65,1.0 66,2.0 67,2.0 68,2.0 70,1.0 71,17.0 72,1.0 73,12.0 74,2.0 75,4.0 76,7.0 77,1.0 78,2.0 80,2.0 83,1.0 85,3.0 90,1.0 93,1.0 94,1.0 99,2.0 100,1.0 101,2.0 105,4.0 108,1.0 109,2.0 110,4.0 111,3.0 112,2.0 113,3.0 114,6.0 115,3.0 116,1.0 118,1.0 120,1.0 122,1.0 124,3.0 125,4.0 126,3.0 127,1.0 130,3.0 131,1.0 132,4.0 134,1.0 135,1.0 136,1.0 137,2.0 138,2.0 140,1.0 143,1.0 148,1.0 156,1.0 157,4.0 164,1.0 165,1.0 169,1.0 179,1.0 183,1.0 184,2.0 185,1.0 186,1.0 187,1.0 192,1.0 194,1.0 195,1.0 196,1.0 203,1.0 205,1.0 206,1.0 207,1.0 208,1.0 209,1.0 210,1.0 212,1.0 213,1.0 230,1.0 
1,8.0 11,4.0 14,4.0 16,1.0 17,4.0 18,2.0 19,4.0 21,4.0 25,4.0 28,2.0 29,4.0 31,2.0 38,2.0 39,4.0 48,1.0 55,4.0 82,1.0 200,1.0 
1,4.0 6,2.0 10,2.0 11,4.0 19,2.0 41,1.0 43,1.0 62,2.0 120,1.0 121,1.0 
0,4.0 4,4.0 7,8.0 10,12.0 14,5.0 18,4.0 19,1.0 23,4.0 24,2.0 37,6.0 42,1.0 43,17.0 45,1.0 47,2.0 48,3.0 49,1.0 50,4.0 52,1.0 53,2.0 64,1.0 68,5.0 69,3.0 71,2.0 75,2.0 78,1.0 80,1.0 88,6.0 89,2.0 90,2.0 91,1.0 93,1.0 97,1.0 105,5.0 107,1.0 108,2.0 109,2.0 112,2.0 117,1.0 122,1.0 123,1.0 139,3.0 149,1.0 158,1.0 159,1.0 160,1.0 162,1.0 163,1.0 166,1.0 167,1.0 168,2.0 178,1.0 179,4.0 208,1.0 209,1.0 210,1.0 
0,3.0 4,1.0 5,1.0 10,13.0 15,2.0 17,3.0 19,15.0 22,2.0 24,6.0 25,6.0 26,2.0 28,2.0 29,2.0 31,6.0 37,6.0 41,2.0 43,1.0 58,3.0 68,1.0 75,1.0 83,1.0 88,1.0 94,1.0 103,2.0 197,1.0 
0,1.0 6,1.0 10,8.0 14,10.0 16,2.0 19,2.0 23,2.0 24,1.0 25,10.0 27,2.0 29,2.0 30,2.0 32,1.0 37,2.0 103,3.0 104,2.0 111,1.0 124,1.0 184,1.0 192,1.0 193,1.0 
1,4.0 10,6.0 14,10.0 19,4.0 20,2.0 24,10.0 27,4.0 29,6.0 39,4.0 
24,2.0 25,2.0 94,1.0 222,1.0 223,1.0 
0,2.0 10,1.0 14,5.0 16,2.0 20,2.0 21,2.0 23,2.0 24,2.0 39,4.0 47,1.0 48,1.0 62,2.0 65,1.0 79,1.0 101,1.0 104,2.0 201,1.0 202,1.0 
1,2.0 6,4.0 11,3.0 24,2.0 25,4.0 31,1.0 44,1.0 48,1.0 56,1.0 57,1.0 62,1.0 69,1.0 79,1.0 96,2.0 146,1.0 180,1.0 207,2.0 
0,2.0 11,7.0 14,13.0 18,1.0 19,8.0 20,4.0 28,3.0 29,2.0 30,2.0 31,1.0 32,4.0 39,4.0 40,1.0 46,2.0 49,2.0 54,2.0 96,1.0 99,3.0 100,1.0 110,2.0 128,1.0 133,1.0 141,1.0 142,1.0 146,1.0 
6,1.0 17,2.0 19,8.0 22,4.0 23,4.0 24,2.0 31,4.0 34,4.0 35,8.0 36,4.0 
0,8.0 1,2.0 10,6.0 11,2.0 17,2.0 18,4.0 19,10.0 23,4.0 29,4.0 41,3.0 43,1.0 57,1.0 58,4.0 62,1.0 75,1.0 
24,2.0 30,5.0 33,4.0 36,4.0 
30,4.0 34,4.0 35,1.0 97,2.0 108,1.0 110,1.0 111,1.0 122,1.0 155,2.0 164,1.0 183,1.0 
19,4.0 30,4.0 35,4.0 
0,5.0 1,1.0 6,2.0 11,3.0 14,2.0 19,15.0 22,1.0 30,4.0 32,4.0 33,1.0 40,2.0 48,2.0 52,2.0 55,3.0 56,4.0 59,4.0 60,13.0 83,1.0 108,2.0 110,1.0 111,2.0 122,2.0 124,1.0 164,1.0 183,2.0 184,1.0 185,1.0 186,1.0 187,1.0 194,1.0 195,1.0 196,1.0 
0,2.0 19,4.0 30,4.0 35,4.0 102,2.0 103,2.0 
10,8.0 14,2.0 19,6.0 23,6.0 24,2.0 
1,2.0 7,1.0 14,2.0 18,2.0 24,1.0 29,1.0 79,1.0 110,1.0 143,1.0 
0,4.0 3,1.0 4,1.0 6,3.0 7,31.0 10,9.0 11,4.0 14,10.0 15,3.0 17,1.0 19,8.0 20,4.0 22,5.0 27,4.0 29,4.0 39,1.0 42,8.0 43,5.0 44,2.0 47,2.0 48,14.0 49,2.0 52,20.0 56,3.0 58,3.0 61,4.0 64,3.0 65,1.0 68,1.0 70,5.0 73,6.0 76,1.0 80,3.0 90,4.0 91,4.0 92,7.0 93,4.0 94,4.0 97,1.0 108,1.0 109,1.0 110,5.0 111,3.0 112,4.0 116,3.0 117,1.0 118,1.0 122,1.0 123,1.0 124,2.0 125,4.0 126,4.0 127,2.0 129,1.0 130,3.0 152,1.0 161,1.0 167,1.0 169,1.0 170,1.0 177,1.0 182,1.0 224,1.0 225,1.0 226,1.0 
18,1.0 20,2.0 25,2.0 29,1.0 31,1.0 129,2.0 133,2.0 145,1.0 153,2.0 
0,5.0 4,1.0 5,7.0 6,1.0 7,4.0 10,6.0 11,21.0 16,5.0 19,9.0 22,1.0 23,2.0 39,2.0 42,15.0 43,3.0 48,17.0 53,1.0 61,1.0 75,4.0 84,1.0 88,4.0 94,1.0 109,1.0 115,1.0 116,1.0 174,1.0 208,1.0 
0,2.0 6,2.0 7,2.0 10,7.0 11,15.0 16,5.0 19,20.0 22,4.0 39,2.0 41,14.0 43,4.0 47,6.0 48,11.0 52,1.0 53,5.0 54,5.0 55,2.0 57,4.0 63,5.0 75,1.0 84,1.0 116,3.0 
0,1.0 1,1.0 4,4.0 6,1.0 7,24.0 10,9.0 11,14.0 14,1.0 17,10.0 19,6.0 22,2.0 23,1.0 29,2.0 39,5.0 41,3.0 42,2.0 44,4.0 45,11.0 46,2.0 47,5.0 48,34.0 49,3.0 50,1.0 52,16.0 53,6.0 57,1.0 58,3.0 61,2.0 69,15.0 72,1.0 75,7.0 78,1.0 90,3.0 91,1.0 94,1.0 115,1.0 168,2.0 179,1.0 
10,3.0 11,1.0 19,4.0 22,2.0 43,22.0 45,6.0 50,1.0 52,1.0 53,1.0 56,2.0 57,1.0 60,1.0 61,1.0 69,1.0 72,1.0 73,1.0 109,1.0 123,1.0 130,2.0 174,1.0 175,1.0 179,1.0 180,2.0 
7,7.0 11,4.0 14,3.0 19,4.0 39,6.0 43,9.0 46,2.0 47,6.0 48,5.0 49,2.0 50,4.0 52,6.0 61,4.0 64,2.0 
10,7.0 11,12.0 14,3.0 17,6.0 19,5.0 23,3.0 29,2.0 44,2.0 46,1.0 47,13.0 48,19.0 49,2.0 52,1.0 58,3.0 65,3.0 66,1.0 76,10.0 77,9.0 79,1.0 110,3.0 112,1.0 120,1.0 127,1.0 192,1.0 229,1.0 230,1.0 
0,1.0 6,2.0 10,7.0 11,40.0 15,1.0 17,6.0 19,13.0 23,4.0 35,1.0 39,2.0 41,1.0 43,1.0 44,4.0 46,12.0 47,1.0 48,40.0 49,8.0 50,1.0 56,2.0 58,5.0 60,1.0 61,5.0 65,2.0 66,1.0 68,1.0 71,11.0 74,12.0 75,3.0 120,1.0 127,1.0 130,3.0 164,1.0 178,1.0 192,1.0 229,1.0 230,1.0 
0,1.0 6,5.0 7,76.0 10,20.0 11,77.0 14,12.0 15,2.0 17,6.0 19,21.0 22,2.0 23,1.0 28,1.0 39,14.0 40,1.0 41,1.0 42,5.0 43,2.0 44,17.0 46,20.0 47,39.0 48,2.0 49,5.0 50,21.0 52,76.0 56,4.0 61,1.0 64,5.0 65,6.0 66,1.0 67,1.0 68,16.0 69,10.0 70,14.0 71,11.0 72,20.0 73,7.0 74,11.0 75,14.0 76,10.0 77,9.0 79,4.0 80,11.0 81,1.0 82,1.0 83,1.0 92,1.0 99,2.0 108,1.0 111,1.0 112,3.0 113,1.0 114,2.0 116,3.0 117,1.0 118,3.0 122,1.0 123,1.0 125,1.0 126,1.0 127,2.0 131,2.0 132,1.0 138,1.0 140,1.0 147,1.0 168,1.0 174,1.0 176,4.0 182,1.0 192,1.0 204,1.0 205,1.0 206,1.0 207,1.0 224,1.0 225,1.0 226,1.0 229,1.0 230,1.0 
6,2.0 7,1.0 11,4.0 14,3.0 19,2.0 24,1.0 39,5.0 43,4.0 45,6.0 48,1.0 50,13.0 51,4.0 52,4.0 53,1.0 54,4.0 57,2.0 68,1.0 70,1.0 76,1.0 79,1.0 81,1.0 99,1.0 103,1.0 130,1.0 168,1.0 174,1.0 175,1.0 192,1.0 193,1.0 
1,1.0 6,1.0 7,9.0 10,5.0 11,9.0 14,2.0 19,8.0 22,2.0 39,4.0 43,30.0 44,1.0 45,4.0 46,2.0 47,6.0 48,3.0 49,4.0 51,4.0 54,4.0 56,1.0 57,2.0 61,15.0 64,4.0 68,3.0 69,1.0 71,1.0 73,1.0 75,1.0 90,1.0 91,1.0 130,1.0 176,1.0 179,1.0 180,1.0 182,1.0 
11,2.0 46,2.0 47,4.0 48,2.0 50,4.0 61,2.0 
6,2.0 7,66.0 10,3.0 11,7.0 14,1.0 15,1.0 19,5.0 22,2.0 35,2.0 39,21.0 42,8.0 43,2.0 44,13.0 46,2.0 48,75.0 49,3.0 50,20.0 53,1.0 56,2.0 60,4.0 64,1.0 65,4.0 68,1.0 69,4.0 70,13.0 72,19.0 73,4.0 79,2.0 80,11.0 110,1.0 111,1.0 112,2.0 116,1.0 118,2.0 130,2.0 135,1.0 147,1.0 164,1.0 165,1.0 184,1.0 
7,8.0 10,3.0 11,2.0 14,2.0 19,2.0 22,9.0 39,10.0 41,3.0 42,7.0 43,7.0 44,1.0 47,2.0 48,7.0 49,1.0 50,1.0 52,8.0 54,9.0 56,2.0 61,1.0 63,2.0 68,6.0 75,1.0 109,1.0 168,1.0 180,1.0 208,1.0 
7,7.0 11,6.0 14,1.0 19,4.0 39,8.0 47,2.0 48,3.0 49,2.0 50,4.0 52,8.0 53,9.0 61,4.0 64,2.0 
11,4.0 19,7.0 35,3.0 41,4.0 42,4.0 53,2.0 54,2.0 60,3.0 83,1.0 108,1.0 111,1.0 122,1.0 124,1.0 183,1.0 184,1.0 185,1.0 186,1.0 187,1.0 194,1.0 195,1.0 196,1.0 
10,3.0 19,10.0 42,6.0 44,3.0 50,1.0 52,1.0 53,2.0 57,4.0 58,2.0 59,4.0 60,8.0 61,8.0 62,4.0 63,2.0 69,1.0 70,1.0 130,2.0 149,1.0 180,3.0 
11,7.0 19,7.0 31,1.0 41,1.0 42,4.0 43,2.0 47,2.0 48,3.0 50,2.0 61,2.0 62,1.0 75,1.0 
0,4.0 4,3.0 7,1.0 10,7.0 19,8.0 23,3.0 35,4.0 39,1.0 41,6.0 43,3.0 56,4.0 60,1.0 61,2.0 62,4.0 75,1.0 90,3.0 157,3.0 
19,4.0 56,4.0 58,1.0 60,4.0 61,4.0 
0,5.0 6,2.0 10,2.0 11,1.0 14,1.0 19,15.0 22,2.0 35,13.0 40,2.0 52,4.0 55,3.0 56,4.0 58,4.0 61,8.0 62,1.0 65,1.0 83,1.0 108,1.0 111,1.0 122,1.0 124,1.0 130,3.0 135,1.0 142,1.0 143,1.0 164,2.0 165,2.0 183,1.0 184,2.0 185,1.0 186,1.0 187,1.0 194,1.0 195,1.0 196,1.0 
6,6.0 7,14.0 10,1.0 11,9.0 15,1.0 17,1.0 19,18.0 22,2.0 38,1.0 39,3.0 41,1.0 43,2.0 47,5.0 49,8.0 53,1.0 56,5.0 58,6.0 60,8.0 62,1.0 64,6.0 70,1.0 74,1.0 75,2.0 80,1.0 93,1.0 112,1.0 114,1.0 116,1.0 119,1.0 130,3.0 143,1.0 164,3.0 165,2.0 169,2.0 177,1.0 178,2.0 179,1.0 184,1.0 208,1.0 209,1.0 210,1.0 
19,3.0 21,2.0 31,1.0 41,2.0 43,2.0 56,4.0 57,1.0 60,3.0 61,3.0 75,1.0 120,1.0 121,1.0 149,1.0 
11,3.0 19,5.0 39,2.0 42,5.0 47,2.0 48,7.0 52,2.0 53,2.0 
3,1.0 7,13.0 10,5.0 14,3.0 19,1.0 22,1.0 39,2.0 43,2.0 48,5.0 49,2.0 52,1.0 61,6.0 70,1.0 72,1.0 73,1.0 80,2.0 110,1.0 111,1.0 112,2.0 116,1.0 161,1.0 177,1.0 178,1.0 
6,1.0 10,2.0 11,4.0 17,4.0 19,3.0 26,1.0 35,1.0 42,2.0 46,4.0 47,4.0 48,3.0 60,1.0 66,1.0 112,1.0 116,2.0 118,3.0 127,1.0 164,1.0 165,1.0 184,1.0 204,1.0 222,1.0 229,1.0 
10,2.0 11,1.0 19,2.0 48,1.0 67,4.0 68,2.0 
66,4.0 
1,10.0 7,4.0 10,8.0 14,1.0 23,2.0 39,4.0 41,2.0 42,4.0 48,1.0 49,1.0 50,4.0 53,13.0 82,1.0 83,1.0 
7,28.0 10,1.0 39,2.0 44,1.0 48,37.0 50,6.0 52,35.0 56,1.0 60,1.0 64,2.0 68,1.0 70,1.0 71,10.0 80,9.0 130,1.0 180,1.0 
24,1.0 48,4.0 49,1.0 52,4.0 53,1.0 56,1.0 69,21.0 71,15.0 72,1.0 75,1.0 80,4.0 81,1.0 103,1.0 180,2.0 192,1.0 193,1.0 208,1.0 209,1.0 
7,24.0 10,5.0 19,11.0 39,3.0 48,23.0 50,1.0 52,20.0 61,1.0 64,3.0 69,3.0 72,3.0 73,40.0 81,4.0 182,2.0 
7,3.0 44,1.0 48,3.0 52,3.0 70,1.0 73,24.0 
6,1.0 7,1.0 10,17.0 11,13.0 19,20.0 39,6.0 43,1.0 44,1.0 46,9.0 47,11.0 48,21.0 50,1.0 61,1.0 70,5.0 71,14.0 72,2.0 74,1.0 76,9.0 78,1.0 81,1.0 94,3.0 116,3.0 117,3.0 175,1.0 177,1.0 182,1.0 208,1.0 211,1.0 224,1.0 225,1.0 
47,1.0 61,1.0 73,2.0 75,11.0 77,1.0 130,1.0 164,1.0 178,1.0 182,1.0 208,1.0 211,1.0 
0,1.0 4,1.0 6,1.0 7,1.0 10,1.0 11,13.0 19,2.0 23,1.0 41,15.0 42,1.0 43,5.0 44,1.0 47,11.0 48,12.0 50,1.0 52,1.0 53,1.0 61,1.0 69,1.0 70,1.0 78,2.0 90,1.0 91,2.0 94,1.0 109,1.0 116,2.0 175,1.0 180,1.0 208,2.0 209,1.0 
7,1.0 10,3.0 11,7.0 17,1.0 19,6.0 27,2.0 39,1.0 44,1.0 46,10.0 48,10.0 73,1.0 74,1.0 77,9.0 79,3.0 91,1.0 93,1.0 94,1.0 99,2.0 101,1.0 109,1.0 113,2.0 114,1.0 123,1.0 125,1.0 130,2.0 170,1.0 174,1.0 175,1.0 204,1.0 212,1.0 213,1.0 220,1.0 
73,1.0 74,1.0 78,9.0 
10,2.0 11,2.0 19,2.0 43,2.0 44,1.0 75,2.0 76,1.0 79,9.0 178,1.0 
6,3.0 7,3.0 10,2.0 11,3.0 14,2.0 15,1.0 17,1.0 22,1.0 27,1.0 44,1.0 46,1.0 47,1.0 48,4.0 52,2.0 65,1.0 71,9.0 76,3.0 91,1.0 99,2.0 109,1.0 110,2.0 123,1.0 130,2.0 138,1.0 147,1.0 174,1.0 175,1.0 201,1.0 202,1.0 204,1.0 205,1.0 214,1.0 215,1.0 216,1.0 220,1.0 
7,4.0 10,2.0 14,1.0 19,1.0 22,2.0 39,3.0 48,10.0 49,1.0 50,9.0 52,11.0 53,1.0 64,2.0 68,1.0 69,4.0 76,1.0 110,2.0 111,2.0 112,3.0 156,1.0 169,1.0 
24,1.0 27,1.0 39,4.0 49,1.0 70,1.0 71,1.0 79,1.0 103,1.0 192,1.0 193,1.0 201,1.0 202,1.0 
11,1.0 23,1.0 48,1.0 68,1.0 83,1.0 
11,1.0 41,1.0 68,1.0 84,1.0 85,1.0 108,1.0 122,1.0 183,1.0 194,1.0 195,1.0 196,1.0 197,1.0 
41,1.0 42,1.0 68,1.0 82,1.0 85,1.0 86,1.0 87,1.0 90,1.0 91,1.0 92,2.0 93,1.0 94,1.0 
10,3.0 84,1.0 86,4.0 87,1.0 
85,4.0 
88,2.0 89,2.0 
5,4.0 10,4.0 19,4.0 39,6.0 84,2.0 89,2.0 90,1.0 91,1.0 92,2.0 93,1.0 94,1.0 203,1.0 
22,2.0 50,1.0 68,1.0 84,2.0 88,2.0 90,2.0 91,1.0 92,2.0 93,1.0 94,1.0 105,2.0 107,1.0 108,1.0 109,1.0 
4,4.0 7,7.0 10,9.0 14,5.0 19,1.0 22,1.0 39,1.0 43,1.0 53,1.0 61,1.0 84,1.0 87,1.0 90,1.0 91,6.0 92,4.0 94,1.0 107,3.0 108,3.0 109,4.0 119,1.0 167,1.0 168,1.0 
7,1.0 10,5.0 11,1.0 17,1.0 19,1.0 22,1.0 43,1.0 44,1.0 48,1.0 50,1.0 53,1.0 56,1.0 61,1.0 84,1.0 87,1.0 90,6.0 92,4.0 109,1.0 119,1.0 123,1.0 167,1.0 168,1.0 180,1.0 204,1.0 220,1.0 
6,1.0 10,6.0 39,1.0 48,1.0 68,1.0 82,1.0 84,2.0 87,1.0 90,4.0 91,4.0 93,4.0 94,4.0 
10,4.0 22,2.0 68,1.0 78,1.0 82,1.0 84,1.0 92,4.0 94,5.0 170,1.0 178,1.0 179,1.0 208,1.0 209,1.0 210,1.0 
4,2.0 7,4.0 10,6.0 14,2.0 22,2.0 33,1.0 35,1.0 39,1.0 48,3.0 52,2.0 68,1.0 82,1.0 84,1.0 90,2.0 92,4.0 93,5.0 107,1.0 108,1.0 109,2.0 110,1.0 111,1.0 117,3.0 164,1.0 170,1.0 179,1.0 223,1.0 
19,1.0 96,1.0 
6,2.0 11,1.0 19,1.0 28,2.0 48,1.0 79,1.0 95,1.0 146,1.0 
8,1.0 10,1.0 17,1.0 19,2.0 35,2.0 39,1.0 129,1.0 150,1.0 151,1.0 152,1.0 155,2.0 160,1.0 
22,1.0 
11,9.0 12,1.0 17,1.0 19,2.0 28,1.0 29,3.0 44,1.0 48,2.0 76,2.0 79,2.0 91,1.0 99,1.0 100,2.0 101,2.0 109,1.0 113,1.0 114,1.0 123,1.0 128,1.0 130,2.0 174,1.0 175,1.0 204,1.0 206,1.0 207,1.0 220,1.0 
7,4.0 10,4.0 11,3.0 12,1.0 14,5.0 19,1.0 29,1.0 99,2.0 131,3.0 136,1.0 141,1.0 
10,1.0 14,1.0 27,1.0 36,2.0 48,1.0 50,1.0 73,1.0 102,2.0 125,1.0 212,1.0 213,1.0 
0,2.0 36,2.0 103,2.0 
0,3.0 1,1.0 15,2.0 23,2.0 24,1.0 27,2.0 111,1.0 124,1.0 144,1.0 184,1.0 192,1.0 193,1.0 199,1.0 
23,2.0 24,2.0 103,2.0 197,1.0 231,1.0 232,1.0 
4,3.0 15,1.0 22,5.0 50,3.0 68,3.0 69,2.0 71,2.0 89,2.0 90,1.0 107,1.0 108,1.0 109,1.0 148,1.0 
10,1.0 11,1.0 17,1.0 
7,2.0 10,1.0 14,1.0 19,1.0 39,1.0 90,2.0 108,2.0 109,2.0 
7,4.0 10,1.0 14,1.0 19,4.0 35,1.0 39,3.0 55,1.0 60,1.0 83,1.0 90,2.0 107,2.0 109,2.0 110,2.0 117,2.0 122,4.0 123,2.0 183,2.0 194,1.0 195,1.0 196,1.0 197,1.0 
4,2.0 6,1.0 7,4.0 10,3.0 14,2.0 17,1.0 19,2.0 22,1.0 39,1.0 44,1.0 50,1.0 56,1.0 61,1.0 76,1.0 79,1.0 90,4.0 91,1.0 94,1.0 99,1.0 107,3.0 108,4.0 109,1.0 117,1.0 122,1.0 123,3.0 130,1.0 180,1.0 204,1.0 208,1.0 220,1.0 
7,9.0 10,2.0 11,5.0 14,7.0 19,6.0 22,1.0 29,2.0 33,1.0 35,1.0 39,6.0 46,3.0 48,1.0 61,1.0 64,1.0 68,1.0 79,2.0 80,1.0 90,1.0 91,1.0 108,1.0 111,4.0 112,1.0 122,1.0 124,2.0 125,3.0 126,3.0 127,1.0 138,1.0 164,1.0 167,1.0 183,1.0 205,1.0 214,1.0 215,1.0 216,1.0 
7,4.0 10,1.0 19,5.0 33,1.0 35,3.0 39,3.0 52,1.0 55,2.0 60,2.0 64,1.0 80,2.0 108,1.0 110,5.0 122,1.0 124,4.0 125,2.0 126,2.0 164,1.0 183,1.0 184,2.0 
7,4.0 10,2.0 11,1.0 14,3.0 22,1.0 39,3.0 46,1.0 47,1.0 48,3.0 49,1.0 52,1.0 53,1.0 64,2.0 65,1.0 68,1.0 76,1.0 80,3.0 108,1.0 117,1.0 122,1.0 123,1.0 125,1.0 126,1.0 127,1.0 169,1.0 
11,3.0 19,3.0 48,1.0 76,2.0 99,1.0 114,2.0 206,1.0 
6,2.0 10,3.0 11,6.0 19,6.0 48,2.0 76,1.0 99,1.0 113,2.0 115,1.0 132,3.0 134,1.0 154,2.0 157,1.0 206,1.0 
7,2.0 11,1.0 19,4.0 53,2.0 60,1.0 134,1.0 
7,1.0 10,1.0 11,3.0 19,1.0 41,1.0 42,3.0 47,2.0 48,3.0 58,2.0 61,1.0 64,1.0 73,3.0 75,2.0 94,3.0 117,3.0 
7,5.0 10,1.0 14,1.0 19,2.0 39,3.0 48,3.0 52,2.0 94,3.0 108,2.0 110,2.0 122,2.0 123,2.0 
17,2.0 19,1.0 42,2.0 65,3.0 116,2.0 204,1.0 
7,1.0 17,1.0 19,1.0 61,1.0 
7,1.0 10,1.0 11,1.0 19,2.0 46,1.0 47,1.0 115,1.0 121,1.0 
7,1.0 19,1.0 115,1.0 120,1.0 
7,2.0 19,3.0 35,1.0 39,2.0 55,1.0 60,1.0 83,1.0 108,4.0 110,2.0 117,2.0 123,2.0 183,2.0 194,1.0 195,1.0 196,1.0 197,1.0 
7,2.0 17,1.0 19,2.0 39,2.0 44,1.0 50,1.0 56,1.0 76,1.0 79,1.0 91,1.0 99,1.0 108,2.0 109,2.0 110,2.0 117,2.0 122,2.0 130,1.0 180,1.0 204,1.0 220,1.0 
7,2.0 19,4.0 35,2.0 39,2.0 55,2.0 60,2.0 110,2.0 111,4.0 125,2.0 126,2.0 184,2.0 
7,3.0 14,1.0 19,2.0 39,3.0 48,1.0 50,1.0 73,1.0 101,1.0 108,1.0 110,2.0 111,2.0 112,1.0 117,1.0 122,1.0 123,1.0 124,2.0 126,3.0 127,1.0 212,1.0 213,1.0 
7,3.0 14,1.0 19,2.0 39,3.0 48,1.0 108,1.0 110,2.0 111,2.0 112,1.0 117,1.0 122,1.0 123,1.0 124,2.0 125,3.0 127,1.0 
7,1.0 10,1.0 11,2.0 14,1.0 17,1.0 19,1.0 39,1.0 46,2.0 47,2.0 48,3.0 65,1.0 108,1.0 112,1.0 117,1.0 122,1.0 123,1.0 125,1.0 126,1.0 229,1.0 
16,1.0 
8,1.0 10,1.0 14,2.0 29,1.0 97,1.0 145,1.0 150,1.0 151,1.0 
6,1.0 10,2.0 15,1.0 17,1.0 19,3.0 22,2.0 39,3.0 44,1.0 47,3.0 52,1.0 60,3.0 61,3.0 65,1.0 74,1.0 76,2.0 79,2.0 91,1.0 99,2.0 109,1.0 123,1.0 164,4.0 165,3.0 169,1.0 174,1.0 175,1.0 178,1.0 184,2.0 204,1.0 220,1.0 
7,5.0 10,6.0 14,5.0 19,1.0 48,1.0 100,3.0 152,1.0 
10,4.0 11,2.0 19,4.0 48,1.0 114,3.0 157,1.0 
11,3.0 14,3.0 29,2.0 110,1.0 153,2.0 
11,1.0 19,2.0 60,1.0 115,1.0 
11,1.0 19,2.0 60,1.0 
11,1.0 19,1.0 61,1.0 
10,1.0 19,1.0 138,1.0 
11,1.0 19,1.0 48,1.0 99,1.0 139,1.0 164,1.0 165,1.0 184,1.0 205,3.0 217,1.0 218,1.0 219,1.0 221,1.0 
7,1.0 10,5.0 11,2.0 14,1.0 15,1.0 19,2.0 39,1.0 79,1.0 149,2.0 158,1.0 159,1.0 166,1.0 
10,1.0 19,1.0 48,1.0 
14,1.0 29,1.0 100,1.0 
2,1.0 60,1.0 143,1.0 
7,1.0 14,1.0 24,1.0 32,1.0 38,1.0 79,1.0 110,1.0 
0,1.0 35,1.0 60,1.0 
14,1.0 29,1.0 129,1.0 
6,1.0 11,1.0 28,1.0 96,1.0 
6,1.0 11,1.0 48,1.0 52,1.0 79,1.0 
15,1.0 69,1.0 71,1.0 105,1.0 139,1.0 149,1.0 
10,1.0 11,1.0 15,1.0 39,1.0 139,2.0 166,1.0 171,3.0 172,1.0 173,1.0 
8,1.0 48,1.0 52,1.0 151,1.0 
8,1.0 48,1.0 52,1.0 150,1.0 
3,1.0 10,2.0 14,1.0 22,1.0 39,1.0 64,1.0 161,1.0 
11,2.0 14,2.0 29,2.0 133,2.0 
6,2.0 11,2.0 114,2.0 
19,2.0 35,2.0 97,2.0 
22,1.0 80,1.0 
10,4.0 17,1.0 19,4.0 41,3.0 
10,1.0 11,1.0 79,1.0 139,1.0 159,1.0 
10,1.0 11,1.0 79,1.0 139,1.0 158,1.0 
10,1.0 39,1.0 97,1.0 152,1.0 
3,1.0 10,1.0 39,1.0 64,1.0 
10,1.0 60,1.0 130,1.0 163,1.0 
10,1.0 60,1.0 130,1.0 162,1.0 
10,1.0 26,1.0 28,1.0 33,1.0 35,1.0 47,1.0 60,1.0 61,2.0 65,1.0 74,1.0 108,1.0 110,1.0 111,1.0 122,1.0 130,2.0 138,1.0 165,4.0 169,1.0 178,1.0 183,1.0 184,3.0 205,1.0 207,1.0 221,1.0 222,1.0 
10,1.0 26,1.0 28,1.0 60,1.0 61,1.0 65,1.0 130,1.0 138,1.0 164,4.0 169,1.0 184,3.0 205,1.0 207,1.0 221,1.0 222,1.0 
10,1.0 11,1.0 139,1.0 149,1.0 
10,1.0 22,1.0 43,1.0 53,1.0 90,1.0 91,1.0 168,1.0 
7,1.0 10,1.0 39,1.0 43,1.0 50,2.0 53,1.0 61,1.0 75,1.0 175,1.0 
7,1.0 39,1.0 76,1.0 80,1.0 112,1.0 138,1.0 164,1.0 165,1.0 184,1.0 205,1.0 
10,1.0 22,1.0 93,1.0 94,1.0 
47,1.0 61,2.0 173,1.0 
149,1.0 171,1.0 173,1.0 
47,1.0 171,1.0 
43,1.0 44,1.0 49,1.0 56,1.0 76,1.0 79,1.0 99,1.0 109,1.0 123,1.0 130,1.0 175,2.0 
11,2.0 44,1.0 48,2.0 49,1.0 76,1.0 79,1.0 99,1.0 109,1.0 123,1.0 130,1.0 174,2.0 176,2.0 180,1.0 
11,4.0 48,4.0 49,1.0 73,1.0 81,1.0 168,1.0 
11,1.0 48,1.0 71,2.0 176,1.0 
10,1.0 11,1.0 19,1.0 47,1.0 61,1.0 74,2.0 76,1.0 78,1.0 116,1.0 130,1.0 164,1.0 
22,4.0 43,1.0 68,1.0 75,1.0 78,1.0 93,1.0 168,1.0 178,1.0 208,1.0 209,1.0 210,1.0 
19,1.0 44,2.0 50,1.0 52,1.0 56,3.0 60,1.0 61,1.0 69,1.0 70,3.0 116,1.0 130,2.0 181,1.0 
178,1.0 
39,1.0 48,1.0 50,1.0 69,1.0 71,3.0 224,1.0 225,1.0 226,1.0 
19,1.0 35,1.0 55,1.0 60,1.0 83,1.0 108,2.0 122,2.0 194,1.0 195,1.0 196,1.0 197,1.0 
19,2.0 26,1.0 28,1.0 35,2.0 55,2.0 60,2.0 65,1.0 111,2.0 124,2.0 138,1.0 164,3.0 165,3.0 169,1.0 205,1.0 207,1.0 221,1.0 222,1.0 
186,1.0 187,1.0 188,1.0 189,1.0 190,1.0 191,1.0 
185,1.0 187,1.0 188,1.0 189,1.0 190,1.0 191,1.0 
185,1.0 186,1.0 188,1.0 189,1.0 190,1.0 191,1.0 
49,1.0 70,1.0 81,1.0 189,1.0 190,1.0 191,1.0 
49,1.0 70,1.0 81,1.0 188,1.0 190,1.0 191,1.0 
49,1.0 70,1.0 81,1.0 188,1.0 189,1.0 191,1.0 
49,1.0 70,1.0 81,1.0 188,1.0 189,1.0 190,1.0 
24,1.0 103,1.0 104,1.0 111,1.0 124,1.0 184,1.0 193,1.0 230,1.0 231,1.0 
24,1.0 103,1.0 111,1.0 124,1.0 184,1.0 192,1.0 198,1.0 
83,1.0 108,1.0 122,1.0 183,1.0 195,1.0 196,1.0 197,1.0 
83,1.0 108,1.0 122,1.0 183,1.0 194,1.0 196,1.0 197,1.0 
83,1.0 108,1.0 122,1.0 183,1.0 194,1.0 195,1.0 197,1.0 
193,1.0 204,1.0 232,1.0 233,1.0 234,1.0 
103,1.0 
30,1.0 
41,1.0 
27,1.0 47,1.0 65,1.0 79,1.0 202,1.0 
27,1.0 47,1.0 65,1.0 79,1.0 201,1.0 
10,1.0 15,1.0 19,1.0 105,1.0 148,1.0 
11,1.0 17,3.0 42,1.0 44,1.0 46,1.0 47,1.0 48,1.0 50,1.0 56,1.0 65,2.0 91,1.0 109,1.0 116,1.0 118,1.0 123,1.0 127,1.0 180,1.0 220,1.0 229,1.0 
11,1.0 19,1.0 48,1.0 99,1.0 138,3.0 164,1.0 165,1.0 184,1.0 217,1.0 218,1.0 219,1.0 221,1.0 
11,1.0 19,1.0 48,1.0 99,1.0 113,1.0 114,1.0 
28,2.0 31,1.0 44,1.0 56,1.0 57,1.0 62,1.0 69,1.0 180,1.0 
6,2.0 7,2.0 10,1.0 11,1.0 19,3.0 22,1.0 61,2.0 76,1.0 78,1.0 93,1.0 109,1.0 178,1.0 179,1.0 209,2.0 210,1.0 211,1.0 
6,1.0 7,1.0 19,1.0 22,1.0 61,1.0 78,1.0 93,1.0 178,1.0 179,1.0 208,2.0 210,1.0 
22,1.0 78,1.0 93,1.0 178,1.0 179,1.0 208,1.0 209,1.0 
10,1.0 11,1.0 19,1.0 76,1.0 208,1.0 
50,1.0 73,1.0 101,1.0 125,1.0 213,1.0 
50,1.0 73,1.0 101,1.0 125,1.0 212,1.0 
7,1.0 14,1.0 79,1.0 110,1.0 215,1.0 216,1.0 
7,1.0 14,1.0 79,1.0 110,1.0 214,1.0 216,1.0 
7,1.0 14,1.0 79,1.0 110,1.0 214,1.0 215,1.0 
49,1.0 174,1.0 175,1.0 218,1.0 219,1.0 
49,1.0 174,1.0 175,1.0 217,1.0 219,1.0 
49,1.0 174,1.0 175,1.0 217,1.0 218,1.0 
17,1.0 44,1.0 50,1.0 56,1.0 91,1.0 109,1.0 123,1.0 180,1.0 204,1.0 
28,1.0 164,1.0 165,1.0 184,1.0 207,1.0 
26,1.0 94,1.0 223,1.0 
22,1.0 94,1.0 179,1.0 
39,1.0 48,1.0 182,1.0 225,1.0 226,1.0 
39,1.0 48,1.0 182,1.0 224,1.0 226,1.0 
182,1.0 227,1.0 
228,1.0 
226,1.0 
10,1.0 11,2.0 17,1.0 19,1.0 46,2.0 47,2.0 48,2.0 65,1.0 127,1.0 
104,1.0 192,1.0 231,1.0 
104,1.0 197,1.0 232,1.0 
197,1.0 233,1.0 234,1.0 
234,1.0 235,1.0 236,1.0 
233,1.0 235,1.0 236,1.0 
236,1.0 237,1.0 238,1.0 
235,1.0 237,1.0 238,1.0 
17,1.0 204,1.0 238,1.0 
17,1.0 204,1.0 237,1.0 
