0,2.0 1,3.0 2,1.0 
0,3.0 2,1.0 
3,35.0 
4,11.0 5,2.0 6,11.0 7,20.0 8,16.0 9,12.0 10,4.0 18,4.0 42,4.0 44,4.0 56,3.0 93,1.0 
5,30.0 7,7.0 8,7.0 9,4.0 10,7.0 11,4.0 15,8.0 
2,11.0 3,12.0 4,8.0 7,16.0 8,16.0 9,13.0 10,7.0 18,2.0 19,2.0 45,4.0 82,1.0 89,1.0 
4,7.0 5,4.0 7,3.0 8,3.0 9,3.0 17,4.0 59,3.0 64,1.0 65,1.0 
2,16.0 3,3.0 4,8.0 5,11.0 6,7.0 7,2.0 8,67.0 9,65.0 10,12.0 11,4.0 12,6.0 13,8.0 14,6.0 15,16.0 17,8.0 18,42.0 19,36.0 22,3.0 23,2.0 24,6.0 25,1.0 33,18.0 34,1.0 38,1.0 40,4.0 41,4.0 42,34.0 44,8.0 45,4.0 55,2.0 57,2.0 59,2.0 60,4.0 62,2.0 63,4.0 65,1.0 66,1.0 68,1.0 70,2.0 71,1.0 74,1.0 81,1.0 82,9.0 83,1.0 84,1.0 85,2.0 93,1.0 94,1.0 108,1.0 
2,12.0 3,3.0 4,8.0 5,7.0 6,3.0 7,67.0 8,1.0 9,65.0 10,15.0 11,4.0 12,4.0 13,12.0 14,3.0 15,6.0 17,7.0 22,2.0 24,2.0 33,4.0 36,8.0 38,1.0 44,4.0 45,4.0 50,4.0 55,5.0 59,1.0 62,1.0 63,1.0 64,1.0 65,1.0 66,1.0 68,1.0 70,1.0 71,1.0 78,1.0 81,1.0 82,3.0 83,1.0 86,4.0 103,1.0 104,1.0 
2,12.0 4,8.0 5,4.0 7,65.0 8,62.0 9,1.0 10,2.0 11,4.0 12,4.0 13,12.0 15,5.0 17,12.0 18,2.0 22,2.0 24,1.0 33,9.0 36,4.0 38,1.0 41,4.0 49,4.0 50,4.0 51,4.0 53,3.0 55,1.0 57,2.0 59,1.0 62,1.0 63,2.0 65,1.0 66,1.0 68,1.0 71,1.0 74,1.0 81,1.0 82,3.0 83,1.0 95,1.0 108,1.0 
2,4.0 3,3.0 5,3.0 7,13.0 8,16.0 9,4.0 11,4.0 13,8.0 17,4.0 18,9.0 22,1.0 33,10.0 34,1.0 36,4.0 44,4.0 45,4.0 62,1.0 67,1.0 81,1.0 85,2.0 108,1.0 
4,7.0 7,4.0 8,4.0 9,4.0 12,8.0 
7,6.0 8,4.0 9,4.0 11,4.0 15,3.0 18,2.0 19,2.0 20,2.0 23,6.0 25,2.0 26,2.0 27,2.0 28,2.0 29,2.0 30,4.0 94,1.0 
5,2.0 7,6.0 9,4.0 10,4.0 12,7.0 14,12.0 18,12.0 19,8.0 20,4.0 29,8.0 33,12.0 35,8.0 43,4.0 
7,4.0 8,4.0 9,8.0 10,4.0 13,19.0 18,4.0 33,12.0 34,4.0 43,4.0 49,4.0 
5,8.0 11,3.0 16,8.0 48,4.0 58,1.0 59,3.0 61,4.0 
17,8.0 
7,14.0 8,3.0 9,8.0 14,15.0 18,8.0 19,16.0 33,7.0 35,8.0 39,8.0 41,4.0 51,8.0 53,3.0 55,3.0 95,1.0 
2,6.0 6,3.0 7,42.0 9,3.0 10,9.0 12,2.0 13,10.0 14,8.0 15,6.0 17,4.0 18,1.0 19,33.0 20,2.0 24,4.0 25,1.0 33,9.0 42,16.0 55,2.0 59,1.0 60,5.0 63,1.0 70,1.0 74,1.0 76,1.0 77,1.0 78,1.0 81,2.0 82,3.0 87,1.0 88,1.0 94,1.0 
2,2.0 6,1.0 7,36.0 12,2.0 13,6.0 14,8.0 15,6.0 17,8.0 18,33.0 20,2.0 24,5.0 25,1.0 33,12.0 40,8.0 51,8.0 52,4.0 55,2.0 63,2.0 81,1.0 82,2.0 87,1.0 88,1.0 94,1.0 
21,8.0 
12,4.0 22,4.0 25,1.0 26,2.0 27,2.0 
12,4.0 61,2.0 62,1.0 
7,4.0 12,4.0 18,4.0 19,4.0 28,2.0 
6,1.0 7,4.0 10,1.0 18,4.0 19,4.0 51,1.0 74,1.0 
12,2.0 20,1.0 23,1.0 26,1.0 27,1.0 
12,2.0 23,2.0 25,1.0 27,2.0 
12,2.0 23,2.0 25,1.0 26,2.0 
12,2.0 29,2.0 
8,8.0 9,4.0 10,4.0 13,8.0 30,2.0 
29,4.0 31,6.0 32,4.0 107,1.0 
30,9.0 
29,4.0 
6,1.0 7,18.0 8,4.0 9,9.0 10,10.0 12,4.0 13,12.0 14,3.0 17,15.0 18,9.0 19,12.0 24,1.0 34,1.0 40,4.0 42,4.0 43,4.0 49,4.0 55,4.0 63,2.0 82,3.0 84,1.0 103,1.0 104,1.0 
7,1.0 10,1.0 13,4.0 85,1.0 
6,4.0 7,4.0 8,15.0 9,4.0 10,4.0 17,3.0 19,8.0 33,7.0 42,4.0 50,4.0 51,4.0 52,4.0 55,3.0 
31,1.0 37,8.0 38,4.0 39,4.0 
36,9.0 
39,4.0 59,2.0 73,1.0 
7,4.0 9,8.0 17,16.0 51,4.0 
35,15.0 
40,4.0 42,3.0 
2,4.0 5,4.0 6,6.0 7,34.0 8,3.0 15,3.0 17,4.0 18,16.0 33,4.0 40,3.0 42,1.0 44,4.0 59,1.0 60,4.0 70,1.0 82,4.0 84,1.0 93,1.0 
12,4.0 13,4.0 33,4.0 
7,4.0 8,4.0 10,4.0 45,4.0 48,4.0 
7,4.0 42,4.0 46,4.0 
7,4.0 42,4.0 47,4.0 
15,4.0 
7,4.0 42,4.0 46,4.0 
9,4.0 13,4.0 33,4.0 
8,4.0 9,4.0 36,4.0 
9,4.0 10,1.0 17,8.0 18,2.0 19,9.0 40,4.0 52,4.0 53,3.0 81,1.0 87,1.0 88,1.0 95,1.0 
17,4.0 19,4.0 51,4.0 
54,3.0 
41,3.0 
7,2.0 8,5.0 14,3.0 17,3.0 18,3.0 19,2.0 33,4.0 38,1.0 60,1.0 76,1.0 77,1.0 82,1.0 86,1.0 103,1.0 104,1.0 
4,4.0 
31,2.0 
7,1.0 18,1.0 42,1.0 
7,11.0 8,3.0 10,1.0 18,4.0 33,1.0 42,7.0 
7,4.0 18,5.0 42,4.0 76,1.0 77,1.0 78,1.0 82,2.0 
7,5.0 8,3.0 9,2.0 18,1.0 19,3.0 33,2.0 86,1.0 
7,3.0 8,1.0 9,1.0 10,1.0 18,1.0 19,1.0 85,1.0 
7,4.0 8,1.0 9,2.0 18,1.0 19,2.0 33,2.0 82,2.0 
7,1.0 8,2.0 9,1.0 86,1.0 
7,2.0 8,2.0 9,2.0 
10,1.0 
7,1.0 8,1.0 9,1.0 
69,1.0 
7,1.0 8,1.0 9,1.0 
7,1.0 8,1.0 9,1.0 59,1.0 
38,1.0 72,1.0 90,1.0 
71,2.0 
7,1.0 9,1.0 18,1.0 
3,1.0 75,1.0 
55,1.0 
18,1.0 60,1.0 77,1.0 78,1.0 
18,1.0 60,1.0 76,1.0 78,1.0 
8,1.0 79,1.0 80,1.0 86,1.0 
51,1.0 80,1.0 
51,1.0 79,1.0 
7,1.0 8,1.0 9,2.0 10,1.0 18,1.0 24,1.0 82,1.0 
5,1.0 7,10.0 8,4.0 9,4.0 18,3.0 19,2.0 33,3.0 42,4.0 55,1.0 60,2.0 63,2.0 81,1.0 84,1.0 
5,1.0 82,1.0 
7,1.0 15,1.0 42,1.0 
7,2.0 10,2.0 22,1.0 62,1.0 
8,4.0 24,1.0 55,1.0 64,1.0 78,1.0 
18,1.0 19,1.0 81,1.0 88,1.0 
18,1.0 19,1.0 81,1.0 87,1.0 
2,1.0 90,3.0 91,1.0 
56,1.0 89,4.0 
92,16.0 
90,1.0 91,15.0 
4,1.0 7,1.0 9,1.0 10,1.0 108,1.0 
12,1.0 20,1.0 
96,1.0 
97,1.0 
98,1.0 
99,1.0 100,1.0 
100,1.0 101,1.0 
99,1.0 101,1.0 
102,1.0 
8,1.0 33,1.0 55,1.0 103,1.0 
8,1.0 33,1.0 55,1.0 104,1.0 
105,1.0 
106,1.0 
37,1.0 
72,1.0 
7,1.0 9,1.0 10,1.0 
