1,4.0 2,3.0 3,2.0 58,1.0 94,2.0 
0,2.0 1,9.0 2,30.0 3,56.0 4,4.0 5,2.0 6,2.0 7,12.0 8,2.0 11,4.0 12,10.0 13,4.0 15,2.0 18,25.0 19,21.0 20,8.0 21,6.0 22,36.0 23,4.0 24,4.0 25,14.0 32,4.0 33,4.0 34,4.0 37,8.0 38,8.0 40,6.0 44,4.0 45,4.0 46,4.0 49,2.0 51,4.0 54,2.0 55,13.0 58,5.0 60,12.0 61,11.0 63,12.0 64,1.0 66,18.0 68,2.0 71,2.0 74,2.0 91,6.0 93,6.0 94,10.0 95,1.0 123,1.0 140,1.0 
0,3.0 1,27.0 2,7.0 3,20.0 4,4.0 5,2.0 6,2.0 7,10.0 8,15.0 9,8.0 10,8.0 11,4.0 12,4.0 13,4.0 15,15.0 21,3.0 24,4.0 25,23.0 26,4.0 29,9.0 33,5.0 42,4.0 51,4.0 54,2.0 55,16.0 58,1.0 64,2.0 65,2.0 66,5.0 68,4.0 69,4.0 71,2.0 80,6.0 94,6.0 95,1.0 99,1.0 101,3.0 119,2.0 120,1.0 122,1.0 123,1.0 
0,3.0 1,56.0 2,26.0 4,4.0 5,2.0 6,2.0 8,5.0 23,5.0 51,2.0 55,14.0 57,2.0 58,6.0 59,2.0 61,11.0 65,1.0 66,18.0 68,2.0 94,1.0 101,3.0 119,2.0 120,1.0 122,2.0 140,1.0 
1,4.0 2,4.0 3,4.0 5,2.0 68,2.0 
1,2.0 2,2.0 3,2.0 4,2.0 
2,2.0 7,2.0 8,2.0 63,2.0 
1,12.0 2,6.0 7,6.0 8,9.0 9,4.0 10,4.0 11,6.0 12,6.0 13,8.0 14,4.0 18,13.0 19,11.0 20,9.0 26,6.0 33,2.0 47,1.0 60,2.0 61,2.0 63,1.0 67,1.0 77,2.0 103,2.0 104,1.0 107,2.0 
2,12.0 3,2.0 7,6.0 8,6.0 9,8.0 10,8.0 11,4.0 12,4.0 13,4.0 19,11.0 22,7.0 23,1.0 28,2.0 37,4.0 42,1.0 57,2.0 58,4.0 59,2.0 63,1.0 69,4.0 73,2.0 94,2.0 101,5.0 104,2.0 105,1.0 112,1.0 114,3.0 115,1.0 116,1.0 118,2.0 119,1.0 138,1.0 
2,4.0 7,2.0 8,5.0 10,4.0 11,4.0 12,4.0 13,4.0 69,2.0 94,1.0 
2,4.0 7,2.0 8,4.0 9,4.0 11,4.0 12,4.0 13,4.0 69,2.0 
12,8.0 13,8.0 14,4.0 21,4.0 
1,30.0 2,5.0 3,12.0 11,8.0 12,6.0 13,8.0 14,6.0 15,10.0 18,6.0 21,12.0 22,12.0 25,8.0 26,2.0 29,6.0 30,2.0 33,2.0 40,6.0 51,2.0 79,6.0 81,1.0 
7,2.0 11,8.0 12,10.0 14,4.0 15,8.0 16,8.0 17,8.0 18,12.0 21,4.0 26,2.0 29,12.0 33,2.0 34,4.0 35,8.0 36,4.0 40,4.0 41,4.0 49,2.0 77,2.0 78,2.0 
13,4.0 15,4.0 43,4.0 55,6.0 60,2.0 66,12.0 79,2.0 89,6.0 113,1.0 126,1.0 
1,2.0 2,9.0 12,6.0 13,8.0 16,8.0 17,8.0 21,2.0 25,3.0 26,2.0 28,2.0 29,6.0 30,2.0 33,9.0 47,2.0 51,2.0 54,6.0 71,2.0 80,6.0 
1,8.0 7,4.0 17,8.0 18,4.0 22,4.0 
1,8.0 7,4.0 16,8.0 18,4.0 22,4.0 
1,25.0 2,2.0 7,12.0 11,4.0 12,4.0 13,4.0 18,6.0 19,25.0 20,8.0 21,7.0 29,32.0 55,2.0 57,2.0 58,6.0 60,12.0 64,1.0 67,12.0 78,6.0 91,6.0 93,6.0 108,1.0 110,1.0 111,2.0 137,1.0 
1,17.0 7,6.0 8,10.0 11,4.0 12,4.0 13,4.0 18,21.0 19,2.0 20,4.0 21,5.0 22,3.0 28,2.0 30,2.0 51,4.0 52,2.0 53,2.0 55,2.0 57,2.0 64,1.0 73,2.0 91,6.0 93,6.0 98,2.0 101,1.0 103,1.0 104,2.0 108,1.0 115,1.0 116,1.0 137,1.0 
1,4.0 7,4.0 8,2.0 11,4.0 12,4.0 13,4.0 18,5.0 19,7.0 22,2.0 23,1.0 29,1.0 
1,7.0 2,6.0 3,7.0 9,1.0 12,2.0 13,4.0 15,4.0 23,1.0 47,2.0 55,1.0 58,3.0 63,12.0 67,6.0 68,2.0 93,5.0 94,2.0 95,1.0 99,2.0 132,1.0 
1,36.0 3,4.0 8,7.0 19,2.0 22,2.0 23,4.0 38,2.0 44,4.0 45,4.0 46,4.0 51,2.0 58,2.0 60,12.0 61,2.0 62,2.0 63,12.0 101,5.0 104,1.0 115,1.0 116,1.0 118,1.0 119,1.0 
1,4.0 2,4.0 3,5.0 8,1.0 65,1.0 67,1.0 94,2.0 100,1.0 105,1.0 122,1.0 124,1.0 125,1.0 
13,4.0 25,4.0 26,8.0 29,4.0 34,4.0 50,2.0 
1,10.0 2,27.0 12,6.0 15,15.0 24,4.0 26,12.0 27,4.0 28,4.0 32,4.0 33,9.0 34,4.0 37,4.0 38,4.0 40,6.0 42,4.0 55,6.0 58,2.0 109,2.0 112,1.0 
2,4.0 7,6.0 12,2.0 13,2.0 14,4.0 24,6.0 25,12.0 26,4.0 27,4.0 28,4.0 29,12.0 30,8.0 31,8.0 32,4.0 33,6.0 34,4.0 37,6.0 42,10.0 51,4.0 61,6.0 62,6.0 77,2.0 
25,4.0 26,4.0 28,4.0 
8,2.0 19,2.0 25,4.0 26,4.0 27,4.0 29,2.0 47,2.0 48,2.0 
2,11.0 8,1.0 18,32.0 19,1.0 20,2.0 21,2.0 22,1.0 26,12.0 29,4.0 30,8.0 31,8.0 32,4.0 33,4.0 34,4.0 48,2.0 49,2.0 55,6.0 60,12.0 67,12.0 78,6.0 80,6.0 
15,2.0 19,2.0 26,6.0 29,4.0 31,4.0 32,4.0 33,4.0 34,4.0 51,4.0 52,2.0 
26,4.0 29,4.0 30,4.0 32,4.0 33,4.0 34,4.0 
13,2.0 24,4.0 33,8.0 34,8.0 39,4.0 
2,8.0 7,2.0 12,2.0 13,2.0 15,3.0 24,4.0 25,8.0 26,2.0 32,8.0 34,8.0 39,4.0 77,2.0 80,2.0 
13,4.0 24,4.0 32,8.0 33,8.0 35,4.0 36,4.0 39,4.0 
1,4.0 25,4.0 26,4.0 36,4.0 41,4.0 
1,4.0 35,4.0 
1,4.0 8,4.0 25,4.0 26,6.0 32,4.0 33,4.0 34,4.0 38,4.0 42,6.0 58,4.0 61,6.0 62,6.0 112,1.0 114,3.0 138,1.0 
1,4.0 22,2.0 25,4.0 32,4.0 33,4.0 34,4.0 37,4.0 51,2.0 58,2.0 61,2.0 62,2.0 
13,4.0 40,4.0 60,12.0 
1,6.0 12,6.0 13,4.0 25,6.0 35,4.0 41,4.0 
25,4.0 26,4.0 35,4.0 
2,4.0 7,4.0 26,10.0 37,6.0 61,6.0 62,6.0 94,1.0 129,1.0 
1,4.0 22,4.0 
1,4.0 22,4.0 45,4.0 
1,4.0 22,4.0 44,4.0 
12,2.0 47,2.0 
2,1.0 3,1.0 21,2.0 25,1.0 28,2.0 29,2.0 48,2.0 54,2.0 67,1.0 119,1.0 
29,2.0 49,2.0 96,1.0 97,1.0 98,1.0 
1,2.0 13,2.0 50,2.0 74,2.0 
1,2.0 19,2.0 49,2.0 51,2.0 
1,4.0 2,4.0 3,2.0 12,2.0 19,4.0 22,2.0 24,2.0 26,4.0 30,2.0 38,2.0 52,2.0 53,2.0 54,2.0 55,2.0 58,2.0 61,2.0 62,2.0 71,2.0 
19,2.0 30,2.0 51,2.0 
15,2.0 54,2.0 
1,2.0 2,2.0 15,2.0 51,2.0 54,4.0 55,8.0 56,2.0 67,2.0 70,2.0 71,6.0 
1,6.0 2,15.0 3,8.0 12,18.0 15,9.0 25,12.0 29,3.0 47,1.0 51,2.0 55,5.0 56,2.0 57,8.0 58,2.0 60,13.0 66,1.0 67,4.0 71,6.0 105,1.0 
3,2.0 51,2.0 55,2.0 
3,2.0 8,2.0 18,4.0 19,4.0 55,2.0 57,2.0 58,2.0 59,2.0 60,2.0 66,6.0 
0,1.0 1,6.0 3,7.0 8,6.0 18,8.0 22,2.0 37,4.0 38,2.0 51,2.0 57,2.0 58,4.0 59,2.0 61,7.0 62,2.0 94,1.0 109,2.0 110,2.0 111,2.0 112,2.0 114,3.0 138,1.0 
3,2.0 8,2.0 57,2.0 
7,6.0 12,12.0 14,8.0 18,12.0 29,12.0 55,13.0 57,2.0 60,2.0 61,2.0 66,12.0 71,6.0 
21,12.0 22,4.0 38,4.0 51,4.0 58,4.0 61,2.0 62,2.0 63,12.0 81,17.0 
26,6.0 37,6.0 42,6.0 61,6.0 62,2.0 63,2.0 
1,18.0 3,6.0 6,2.0 8,1.0 14,12.0 19,1.0 22,12.0 26,6.0 37,6.0 42,6.0 61,12.0 62,6.0 64,2.0 66,12.0 
2,4.0 8,1.0 37,1.0 58,1.0 60,1.0 64,2.0 65,4.0 66,2.0 127,1.0 
2,2.0 3,1.0 23,1.0 64,2.0 66,2.0 101,1.0 122,1.0 125,1.0 126,1.0 139,1.0 
1,12.0 2,3.0 3,12.0 39,12.0 60,14.0 63,24.0 66,2.0 78,1.0 
1,3.0 2,3.0 13,12.0 21,1.0 25,1.0 47,1.0 51,2.0 54,2.0 55,8.0 60,1.0 67,2.0 70,2.0 94,1.0 128,1.0 
1,4.0 2,2.0 3,4.0 4,2.0 58,2.0 
2,2.0 8,2.0 9,2.0 10,2.0 11,2.0 12,2.0 13,2.0 
1,2.0 2,2.0 51,2.0 67,2.0 
55,12.0 57,6.0 72,2.0 76,2.0 
8,2.0 19,2.0 21,1.0 99,1.0 
13,2.0 
75,2.0 
53,2.0 
32,2.0 
13,2.0 78,2.0 
12,9.0 
12,2.0 33,2.0 80,6.0 83,6.0 
2,6.0 12,6.0 18,2.0 25,3.0 29,5.0 55,6.0 83,6.0 
82,12.0 84,6.0 
61,12.0 
12,6.0 80,6.0 
85,6.0 
86,6.0 
87,6.0 
88,6.0 
14,6.0 
90,6.0 
1,6.0 18,6.0 19,6.0 
92,6.0 
1,6.0 18,6.0 19,6.0 
1,6.0 2,2.0 3,6.0 21,5.0 58,3.0 94,1.0 140,1.0 
0,1.0 1,8.0 2,6.0 3,1.0 8,2.0 21,2.0 23,2.0 42,1.0 55,1.0 72,1.0 94,3.0 95,1.0 99,1.0 102,1.0 124,1.0 125,1.0 129,1.0 130,1.0 
1,1.0 48,1.0 94,1.0 96,1.0 97,1.0 
48,1.0 97,1.0 98,1.0 
48,1.0 96,1.0 98,1.0 101,1.0 
1,1.0 2,1.0 7,2.0 94,1.0 107,2.0 
9,1.0 21,2.0 23,1.0 
97,1.0 
2,3.0 3,3.0 8,5.0 21,1.0 22,4.0 65,1.0 101,1.0 118,1.0 119,2.0 120,1.0 122,1.0 125,1.0 126,1.0 139,1.0 
7,1.0 19,1.0 103,1.0 135,1.0 
7,2.0 8,2.0 19,1.0 63,1.0 
7,1.0 8,1.0 19,1.0 105,1.0 106,1.0 115,1.0 116,1.0 117,1.0 
64,1.0 67,1.0 104,1.0 106,1.0 
8,1.0 19,1.0 
7,2.0 18,1.0 19,1.0 20,1.0 
55,1.0 
18,2.0 58,4.0 110,1.0 112,1.0 
18,2.0 58,2.0 
8,1.0 37,1.0 58,1.0 112,2.0 
8,1.0 18,1.0 37,1.0 58,3.0 109,1.0 113,1.0 138,1.0 
1,1.0 8,1.0 18,1.0 19,1.0 37,1.0 58,1.0 139,1.0 
8,1.0 20,1.0 29,2.0 37,1.0 58,1.0 
104,1.0 116,1.0 117,1.0 
104,1.0 115,1.0 117,1.0 
2,1.0 3,1.0 8,1.0 22,1.0 101,2.0 
2,1.0 3,2.0 23,1.0 65,1.0 101,1.0 119,1.0 
0,1.0 2,2.0 3,2.0 58,1.0 101,1.0 117,1.0 120,1.0 
121,1.0 
2,1.0 3,1.0 101,1.0 
1,1.0 2,1.0 
23,1.0 65,1.0 94,1.0 101,1.0 124,1.0 125,1.0 139,1.0 
23,1.0 94,1.0 125,1.0 
14,1.0 65,1.0 101,1.0 126,2.0 139,1.0 
14,1.0 113,2.0 
67,1.0 128,2.0 
21,1.0 23,1.0 67,1.0 
94,1.0 130,1.0 
131,1.0 134,1.0 
132,1.0 
130,1.0 133,1.0 
7,1.0 21,1.0 103,1.0 
102,1.0 
136,1.0 
133,1.0 
127,1.0 
64,1.0 
20,1.0 65,1.0 101,1.0 125,1.0 126,1.0 
1,1.0 3,1.0 
