1,2.0 2,4.0 3,6.0 4,2.0 5,2.0 
2,2.0 3,4.0 4,2.0 5,2.0 
0,2.0 1,2.0 3,8.0 4,4.0 5,4.0 
0,2.0 1,2.0 2,4.0 3,8.0 4,12.0 5,12.0 6,4.0 7,4.0 8,4.0 9,10.0 10,8.0 11,4.0 12,4.0 13,4.0 14,4.0 16,2.0 22,8.0 25,2.0 41,4.0 95,2.0 
3,8.0 5,8.0 6,4.0 13,2.0 22,8.0 97,2.0 
3,12.0 4,12.0 5,12.0 6,12.0 9,12.0 12,4.0 13,4.0 14,4.0 16,12.0 17,12.0 18,8.0 19,8.0 20,4.0 21,6.0 22,12.0 24,2.0 26,8.0 31,4.0 32,4.0 33,4.0 34,4.0 35,10.0 36,8.0 37,4.0 45,4.0 46,2.0 47,2.0 53,2.0 82,2.0 93,2.0 
3,4.0 5,4.0 7,4.0 8,4.0 9,4.0 12,4.0 13,4.0 14,4.0 16,4.0 19,6.0 20,4.0 23,2.0 47,1.0 86,2.0 166,1.0 203,1.0 216,1.0 
3,8.0 8,4.0 9,4.0 10,4.0 
3,8.0 7,4.0 9,4.0 10,4.0 
3,6.0 4,2.0 5,12.0 6,8.0 9,4.0 10,4.0 11,4.0 12,8.0 13,10.0 14,8.0 16,14.0 17,4.0 18,4.0 19,8.0 20,4.0 25,2.0 41,2.0 91,2.0 96,2.0 
3,4.0 9,4.0 11,4.0 12,4.0 13,4.0 14,4.0 22,2.0 87,2.0 181,1.0 190,1.0 191,1.0 192,1.0 
12,4.0 13,8.0 14,4.0 15,4.0 
11,4.0 13,14.0 14,8.0 15,8.0 18,1.0 20,4.0 48,2.0 49,2.0 81,2.0 97,1.0 98,2.0 99,2.0 109,4.0 111,1.0 112,1.0 113,1.0 175,1.0 
4,2.0 5,10.0 9,4.0 11,4.0 12,8.0 13,6.0 14,8.0 15,14.0 16,4.0 17,6.0 18,6.0 20,4.0 21,2.0 25,4.0 26,4.0 31,4.0 33,8.0 34,4.0 38,4.0 39,4.0 51,1.0 81,2.0 97,2.0 207,1.0 
11,4.0 12,8.0 13,14.0 15,8.0 20,4.0 81,2.0 122,3.0 130,3.0 131,6.0 
5,8.0 9,4.0 12,1.0 13,6.0 16,4.0 17,10.0 18,8.0 21,2.0 31,6.0 50,2.0 51,2.0 80,2.0 81,2.0 114,6.0 135,2.0 136,2.0 140,2.0 141,6.0 157,4.0 
5,12.0 6,8.0 9,12.0 12,4.0 13,4.0 14,4.0 16,4.0 17,4.0 18,4.0 19,8.0 20,4.0 43,2.0 44,2.0 52,2.0 
3,4.0 4,4.0 5,16.0 6,4.0 9,8.0 13,8.0 15,2.0 16,8.0 17,3.0 18,8.0 19,4.0 21,2.0 22,4.0 30,4.0 31,12.0 32,8.0 37,4.0 38,4.0 39,4.0 113,12.0 114,5.0 117,6.0 118,1.0 121,3.0 123,6.0 124,2.0 126,6.0 129,4.0 135,6.0 136,6.0 137,4.0 155,4.0 223,1.0 
3,4.0 4,4.0 5,16.0 6,4.0 9,8.0 16,8.0 17,8.0 19,4.0 21,2.0 22,4.0 60,1.0 70,1.0 97,1.0 113,12.0 115,9.0 125,12.0 132,2.0 146,2.0 147,2.0 148,2.0 149,6.0 160,4.0 161,4.0 162,4.0 175,1.0 
5,4.0 6,4.0 9,4.0 10,2.0 12,4.0 13,4.0 14,4.0 16,4.0 20,4.0 22,2.0 23,2.0 35,2.0 54,2.0 55,2.0 56,2.0 78,1.0 79,1.0 86,2.0 168,1.0 
12,4.0 13,6.0 14,4.0 15,4.0 81,2.0 
3,2.0 4,2.0 5,8.0 17,2.0 18,2.0 22,2.0 45,4.0 46,2.0 47,2.0 82,2.0 
3,4.0 4,4.0 5,6.0 10,2.0 22,4.0 23,4.0 24,6.0 28,2.0 52,2.0 53,2.0 80,1.0 87,2.0 93,2.0 
10,2.0 19,2.0 22,2.0 24,4.0 25,4.0 26,4.0 86,2.0 
5,2.0 23,4.0 25,8.0 26,4.0 28,4.0 29,4.0 35,2.0 53,2.0 93,2.0 
3,4.0 9,4.0 16,2.0 17,4.0 25,4.0 26,8.0 27,4.0 29,4.0 30,4.0 31,4.0 32,4.0 33,4.0 38,4.0 39,4.0 40,4.0 41,10.0 
3,2.0 5,4.0 9,2.0 17,4.0 25,12.0 27,4.0 31,4.0 32,4.0 33,4.0 35,4.0 36,4.0 37,4.0 38,2.0 39,4.0 40,2.0 41,4.0 
24,4.0 28,4.0 55,2.0 75,1.0 185,1.0 
19,2.0 24,4.0 25,4.0 29,4.0 35,2.0 52,2.0 53,2.0 54,2.0 
17,4.0 25,4.0 30,4.0 31,4.0 32,4.0 
13,4.0 17,4.0 31,8.0 32,4.0 
5,4.0 13,12.0 15,6.0 17,8.0 30,4.0 31,4.0 32,8.0 33,4.0 34,4.0 37,4.0 38,4.0 114,6.0 140,2.0 141,6.0 157,4.0 
0,1.0 12,3.0 13,8.0 17,8.0 30,4.0 31,12.0 37,4.0 38,4.0 47,1.0 48,1.0 99,6.0 163,1.0 173,1.0 194,1.0 
3,2.0 5,8.0 9,2.0 17,7.0 25,8.0 26,8.0 34,4.0 35,4.0 36,4.0 38,2.0 39,4.0 40,2.0 41,4.0 113,19.0 114,12.0 116,2.0 118,2.0 119,4.0 121,9.0 122,7.0 129,3.0 130,4.0 133,1.0 137,5.0 
5,8.0 26,4.0 33,4.0 35,4.0 36,4.0 
5,4.0 17,4.0 19,2.0 26,4.0 31,4.0 32,4.0 36,4.0 37,4.0 53,2.0 54,2.0 55,2.0 56,2.0 94,2.0 
5,4.0 17,4.0 26,4.0 31,4.0 32,4.0 35,4.0 37,4.0 
13,4.0 17,4.0 31,4.0 32,4.0 38,4.0 
13,4.0 25,6.0 26,4.0 33,4.0 39,4.0 40,2.0 41,4.0 
3,2.0 9,2.0 17,3.0 25,8.0 26,4.0 33,9.0 38,2.0 40,2.0 41,4.0 115,8.0 116,3.0 120,4.0 122,12.0 124,6.0 128,16.0 129,12.0 130,2.0 133,3.0 154,1.0 
25,2.0 38,2.0 41,4.0 
3,2.0 9,2.0 16,2.0 25,4.0 38,2.0 40,2.0 41,2.0 42,2.0 43,2.0 44,2.0 55,2.0 
5,2.0 21,2.0 43,2.0 44,2.0 45,2.0 
5,4.0 21,4.0 42,2.0 44,4.0 45,4.0 52,2.0 
5,4.0 21,4.0 42,2.0 43,4.0 45,4.0 52,2.0 
5,4.0 21,4.0 46,2.0 47,2.0 82,2.0 
12,2.0 46,2.0 47,2.0 48,3.0 55,3.0 58,2.0 59,4.0 60,2.0 61,2.0 62,2.0 66,2.0 71,1.0 83,1.0 100,2.0 101,2.0 102,2.0 103,2.0 173,1.0 188,1.0 193,1.0 196,1.0 201,1.0 202,1.0 212,1.0 213,1.0 
12,2.0 46,2.0 60,1.0 83,4.0 85,1.0 130,1.0 163,1.0 166,1.0 196,1.0 203,1.0 206,1.0 
6,2.0 15,2.0 32,1.0 46,2.0 49,8.0 55,1.0 58,4.0 59,1.0 71,3.0 72,4.0 78,1.0 83,1.0 84,4.0 85,3.0 90,1.0 107,1.0 163,1.0 166,1.0 167,1.0 168,2.0 173,4.0 188,1.0 193,3.0 194,1.0 195,1.0 201,1.0 202,1.0 213,1.0 214,1.0 
6,3.0 15,2.0 48,8.0 49,1.0 58,4.0 72,1.0 75,1.0 76,1.0 84,4.0 85,2.0 90,1.0 163,5.0 164,2.0 165,1.0 167,1.0 168,1.0 169,1.0 171,1.0 186,1.0 193,1.0 195,1.0 196,1.0 
22,2.0 51,2.0 60,2.0 66,2.0 76,2.0 164,2.0 168,2.0 
15,1.0 22,2.0 32,1.0 50,2.0 207,1.0 
5,2.0 19,2.0 21,2.0 28,2.0 35,2.0 43,2.0 44,2.0 45,2.0 53,2.0 54,2.0 
19,2.0 28,2.0 35,4.0 52,2.0 54,2.0 94,2.0 
19,2.0 35,2.0 55,2.0 56,2.0 
27,1.0 46,2.0 49,1.0 50,2.0 55,3.0 56,2.0 57,2.0 58,2.0 60,7.0 61,2.0 62,2.0 65,2.0 66,2.0 67,4.0 72,1.0 75,6.0 90,2.0 163,1.0 164,4.0 181,1.0 182,2.0 183,2.0 185,1.0 186,2.0 187,3.0 202,1.0 211,1.0 
27,1.0 55,4.0 57,2.0 173,1.0 180,1.0 181,1.0 185,1.0 
15,2.0 46,2.0 57,2.0 58,2.0 59,2.0 
6,2.0 22,2.0 46,2.0 48,4.0 49,4.0 55,2.0 59,4.0 65,2.0 66,2.0 67,4.0 84,4.0 85,2.0 90,4.0 91,2.0 92,2.0 
46,5.0 48,1.0 55,2.0 58,2.0 59,2.0 60,2.0 61,2.0 83,1.0 164,1.0 175,1.0 180,1.0 201,1.0 
10,1.0 46,2.0 50,2.0 55,7.0 60,4.0 61,2.0 62,2.0 66,5.0 70,1.0 72,1.0 76,4.0 87,1.0 102,1.0 163,2.0 164,5.0 168,2.0 169,1.0 170,1.0 171,1.0 173,3.0 175,1.0 176,1.0 177,1.0 178,1.0 181,1.0 186,2.0 187,3.0 188,2.0 190,1.0 196,1.0 204,2.0 205,1.0 208,1.0 211,1.0 
46,2.0 55,2.0 60,2.0 62,2.0 
63,2.0 64,2.0 
64,4.0 
55,2.0 58,2.0 63,2.0 64,4.0 65,2.0 66,2.0 67,2.0 74,2.0 75,2.0 76,2.0 77,2.0 
55,2.0 58,2.0 66,2.0 67,4.0 
10,1.0 55,2.0 58,2.0 60,3.0 65,2.0 66,2.0 67,4.0 76,2.0 88,2.0 89,2.0 102,3.0 103,2.0 104,2.0 105,2.0 168,2.0 173,5.0 181,1.0 188,4.0 189,1.0 190,1.0 212,1.0 
55,2.0 58,2.0 65,2.0 66,2.0 67,2.0 68,2.0 
68,2.0 69,2.0 70,2.0 
70,4.0 
48,2.0 60,2.0 69,2.0 70,2.0 71,2.0 72,2.0 
46,1.0 48,3.0 72,4.0 173,1.0 183,1.0 193,1.0 195,1.0 196,1.0 212,1.0 214,1.0 
47,1.0 48,2.0 50,1.0 55,1.0 60,1.0 71,2.0 72,2.0 73,2.0 85,1.0 164,1.0 
64,2.0 73,2.0 74,2.0 
64,4.0 183,1.0 198,1.0 
19,1.0 49,1.0 55,2.0 59,1.0 72,1.0 75,3.0 76,4.0 77,4.0 79,1.0 89,1.0 168,2.0 180,1.0 182,1.0 183,4.0 184,1.0 185,2.0 186,1.0 196,2.0 210,1.0 
49,1.0 60,5.0 66,4.0 72,1.0 75,5.0 77,4.0 164,1.0 168,3.0 173,2.0 174,1.0 175,1.0 178,1.0 186,1.0 188,2.0 196,1.0 208,1.0 
75,2.0 76,2.0 77,2.0 78,2.0 
48,1.0 59,1.0 78,2.0 79,2.0 85,1.0 168,2.0 175,1.0 180,1.0 
19,1.0 51,1.0 57,2.0 78,1.0 79,2.0 168,1.0 
0,2.0 2,2.0 3,2.0 6,1.0 217,1.0 
5,2.0 15,2.0 17,2.0 18,2.0 
47,2.0 83,2.0 
46,1.0 47,2.0 48,3.0 49,2.0 55,1.0 58,2.0 83,2.0 84,2.0 201,1.0 202,1.0 
48,4.0 49,4.0 58,4.0 84,2.0 85,2.0 
6,2.0 47,1.0 48,3.0 49,2.0 58,2.0 59,1.0 78,1.0 130,1.0 168,1.0 
10,2.0 19,2.0 22,2.0 23,2.0 
60,1.0 66,2.0 75,1.0 76,1.0 88,2.0 168,1.0 175,2.0 179,1.0 
66,2.0 89,2.0 
58,2.0 75,1.0 90,2.0 
9,2.0 22,2.0 58,4.0 91,4.0 92,2.0 96,2.0 104,1.0 166,1.0 168,1.0 
4,2.0 9,2.0 13,2.0 58,2.0 90,2.0 92,2.0 96,2.0 
22,2.0 58,2.0 90,2.0 
5,2.0 24,2.0 35,2.0 53,2.0 
3,2.0 95,2.0 
3,2.0 41,2.0 
4,2.0 9,2.0 13,2.0 91,2.0 221,1.0 
12,2.0 18,1.0 60,1.0 70,1.0 98,2.0 175,1.0 
12,2.0 99,2.0 
0,1.0 12,3.0 32,6.0 46,2.0 100,2.0 101,2.0 163,1.0 
46,4.0 101,2.0 
46,4.0 100,2.0 
10,1.0 60,1.0 66,3.0 103,2.0 104,2.0 105,2.0 173,1.0 181,1.0 190,1.0 
66,2.0 102,2.0 104,2.0 105,2.0 
60,1.0 105,2.0 106,2.0 107,2.0 163,1.0 166,1.0 169,1.0 
104,2.0 106,2.0 107,2.0 
107,2.0 108,2.0 
48,1.0 49,1.0 106,2.0 108,2.0 163,1.0 166,1.0 167,1.0 
109,2.0 
12,1.0 33,6.0 110,10.0 111,17.0 112,10.0 113,15.0 114,12.0 117,8.0 118,7.0 119,4.0 120,3.0 218,1.0 224,1.0 
109,8.0 111,10.0 112,8.0 113,8.0 119,2.0 134,2.0 152,2.0 
12,1.0 109,10.0 110,10.0 111,6.0 112,10.0 113,10.0 119,2.0 134,2.0 142,6.0 152,2.0 228,1.0 
17,12.0 109,10.0 113,18.0 114,7.0 115,8.0 116,2.0 118,3.0 122,4.0 
17,16.0 18,12.0 33,19.0 109,10.0 112,24.0 114,20.0 115,8.0 116,8.0 118,3.0 120,1.0 121,10.0 122,18.0 123,6.0 125,12.0 126,6.0 128,6.0 130,1.0 132,3.0 134,3.0 137,3.0 146,2.0 147,2.0 148,2.0 149,6.0 160,4.0 161,4.0 162,4.0 
15,6.0 31,6.0 33,6.0 109,10.0 112,8.0 113,16.0 115,8.0 117,8.0 120,1.0 121,12.0 123,10.0 124,7.0 125,8.0 132,1.0 134,1.0 137,5.0 140,2.0 141,6.0 152,3.0 157,4.0 219,3.0 220,2.0 227,1.0 
17,6.0 39,11.0 112,8.0 113,14.0 116,2.0 121,6.0 122,18.0 123,6.0 124,14.0 125,11.0 126,11.0 127,9.0 128,14.0 131,3.0 137,3.0 153,1.0 154,1.0 
17,3.0 39,2.0 114,3.0 118,2.0 121,4.0 137,1.0 
17,6.0 32,5.0 33,7.0 99,5.0 109,8.0 113,12.0 114,6.0 118,5.0 119,5.0 120,4.0 126,6.0 151,5.0 152,3.0 
33,2.0 109,3.0 113,2.0 117,3.0 119,6.0 120,3.0 121,5.0 123,2.0 124,2.0 125,2.0 132,3.0 134,3.0 137,2.0 
17,2.0 33,4.0 114,2.0 116,4.0 118,5.0 120,6.0 121,3.0 122,2.0 130,3.0 132,1.0 134,3.0 137,2.0 152,2.0 
113,1.0 114,1.0 116,3.0 118,3.0 119,6.0 121,4.0 122,4.0 129,2.0 130,3.0 
15,4.0 31,4.0 33,10.0 39,6.0 113,10.0 114,15.0 115,17.0 118,2.0 119,3.0 120,3.0 122,5.0 123,7.0 124,8.0 125,9.0 127,8.0 128,6.0 130,2.0 132,2.0 153,3.0 154,3.0 157,4.0 219,2.0 220,1.0 222,1.0 
17,8.0 33,12.0 39,13.0 113,18.0 115,6.0 116,6.0 119,2.0 120,2.0 121,6.0 122,4.0 123,4.0 124,4.0 128,15.0 129,12.0 130,2.0 131,3.0 132,1.0 133,2.0 153,1.0 154,1.0 156,3.0 
18,5.0 112,6.0 113,17.0 114,10.0 115,6.0 118,2.0 121,10.0 122,6.0 124,9.0 125,15.0 128,6.0 137,2.0 145,4.0 146,2.0 160,3.0 219,3.0 220,2.0 225,1.0 
15,2.0 17,2.0 18,11.0 39,6.0 96,1.0 115,9.0 121,8.0 122,4.0 125,21.0 126,12.0 129,4.0 130,2.0 133,2.0 135,2.0 137,1.0 
18,23.0 96,1.0 113,12.0 115,10.0 121,9.0 124,21.0 126,12.0 137,1.0 146,2.0 147,2.0 148,2.0 149,6.0 160,4.0 161,4.0 162,4.0 219,1.0 
18,11.0 96,1.0 113,6.0 122,6.0 124,12.0 125,12.0 
39,7.0 115,8.0 121,8.0 128,8.0 132,3.0 137,3.0 153,4.0 154,3.0 
17,4.0 33,5.0 39,16.0 113,6.0 115,8.0 116,2.0 120,4.0 122,15.0 129,8.0 132,1.0 133,1.0 153,2.0 
14,5.0 17,4.0 33,4.0 39,8.0 112,4.0 120,4.0 128,8.0 131,5.0 135,4.0 155,4.0 
17,3.0 33,3.0 39,2.0 113,1.0 115,3.0 116,1.0 119,3.0 120,1.0 123,2.0 124,2.0 131,3.0 132,2.0 133,4.0 138,2.0 153,2.0 154,2.0 156,1.0 199,1.0 200,1.0 
14,6.0 39,6.0 115,3.0 122,7.0 124,6.0 130,5.0 132,3.0 
17,1.0 39,3.0 113,3.0 116,3.0 119,1.0 121,2.0 122,2.0 124,4.0 125,1.0 126,1.0 127,2.0 128,1.0 130,4.0 131,3.0 134,4.0 153,3.0 154,2.0 
14,1.0 33,2.0 39,1.0 120,2.0 128,1.0 131,1.0 134,2.0 153,3.0 154,3.0 
17,1.0 113,3.0 114,2.0 116,3.0 119,3.0 122,2.0 132,4.0 152,2.0 
15,2.0 17,6.0 136,6.0 155,4.0 
17,6.0 117,6.0 
33,5.0 39,2.0 113,3.0 114,5.0 115,3.0 119,2.0 122,3.0 123,5.0 124,1.0 125,1.0 127,3.0 128,3.0 130,2.0 132,2.0 153,1.0 219,1.0 220,1.0 
139,2.0 
15,2.0 31,2.0 114,2.0 140,2.0 
15,2.0 31,2.0 114,2.0 141,2.0 
109,6.0 
143,2.0 158,4.0 
144,2.0 
123,2.0 145,2.0 
18,5.0 113,5.0 123,4.0 125,5.0 146,2.0 160,3.0 230,1.0 
18,2.0 113,2.0 125,2.0 147,2.0 
18,2.0 113,2.0 125,2.0 148,2.0 
18,2.0 113,2.0 125,2.0 149,2.0 
150,5.0 223,1.0 
117,5.0 151,5.0 
32,6.0 99,6.0 117,5.0 226,1.0 
33,2.0 113,2.0 114,4.0 117,3.0 118,1.0 119,3.0 120,1.0 134,2.0 
33,1.0 115,1.0 120,2.0 122,2.0 128,2.0 130,2.0 132,3.0 133,3.0 154,5.0 
33,1.0 39,1.0 115,1.0 120,2.0 122,1.0 130,2.0 132,2.0 133,3.0 153,5.0 
17,4.0 135,4.0 136,4.0 
121,4.0 
15,4.0 31,4.0 114,4.0 141,4.0 
159,3.0 229,1.0 
123,3.0 145,2.0 225,1.0 
18,4.0 113,4.0 125,4.0 161,4.0 
18,4.0 113,4.0 125,4.0 162,4.0 
18,4.0 113,4.0 125,4.0 149,4.0 
6,1.0 48,2.0 49,5.0 60,4.0 76,1.0 90,1.0 164,2.0 165,1.0 167,1.0 168,1.0 169,3.0 174,1.0 175,1.0 195,1.0 196,2.0 197,1.0 204,1.0 
49,2.0 50,3.0 55,1.0 60,3.0 66,2.0 76,2.0 87,1.0 163,1.0 164,1.0 165,1.0 168,3.0 171,1.0 175,2.0 179,1.0 187,1.0 
48,1.0 49,1.0 163,1.0 
47,1.0 48,1.0 49,1.0 60,2.0 104,1.0 107,1.0 163,3.0 167,1.0 169,1.0 196,1.0 203,1.0 
48,1.0 49,1.0 90,1.0 163,1.0 168,1.0 
22,1.0 48,1.0 56,2.0 59,1.0 60,2.0 66,4.0 75,3.0 76,3.0 78,2.0 85,1.0 89,1.0 90,1.0 104,1.0 166,1.0 173,3.0 175,1.0 180,2.0 188,2.0 196,1.0 
6,1.0 49,1.0 60,2.0 76,1.0 163,3.0 174,1.0 175,1.0 
171,1.0 172,1.0 173,1.0 
49,1.0 163,1.0 169,1.0 170,1.0 172,1.0 173,1.0 
163,1.0 169,1.0 173,1.0 
10,1.0 27,1.0 32,1.0 46,1.0 48,3.0 49,1.0 55,1.0 56,1.0 60,1.0 66,3.0 71,1.0 102,1.0 163,1.0 169,1.0 172,1.0 181,1.0 183,1.0 185,1.0 188,3.0 189,1.0 190,1.0 193,2.0 194,1.0 195,1.0 212,1.0 213,1.0 214,1.0 
60,1.0 76,1.0 175,1.0 
18,1.0 60,3.0 70,1.0 75,2.0 76,3.0 87,2.0 97,1.0 164,1.0 168,4.0 174,1.0 177,1.0 179,1.0 180,1.0 209,1.0 
60,1.0 76,1.0 177,1.0 178,1.0 
60,1.0 75,1.0 76,2.0 168,1.0 175,1.0 176,1.0 178,1.0 209,1.0 
60,1.0 76,1.0 164,1.0 
75,1.0 87,1.0 168,1.0 175,1.0 
55,1.0 56,1.0 59,1.0 164,1.0 168,1.0 175,2.0 181,1.0 196,1.0 
10,1.0 55,2.0 75,1.0 182,1.0 190,1.0 191,1.0 192,1.0 
55,1.0 75,2.0 183,1.0 
74,1.0 75,2.0 184,1.0 185,2.0 198,2.0 210,1.0 
55,1.0 60,1.0 185,1.0 186,1.0 187,1.0 
27,1.0 55,4.0 60,2.0 75,1.0 184,1.0 186,2.0 187,1.0 210,1.0 
49,1.0 55,3.0 60,3.0 72,1.0 75,1.0 76,1.0 164,1.0 187,2.0 211,1.0 
50,1.0 55,3.0 60,3.0 164,3.0 186,1.0 187,1.0 
46,1.0 66,2.0 71,1.0 173,2.0 189,1.0 196,1.0 212,2.0 
60,1.0 66,1.0 102,1.0 173,1.0 
10,1.0 181,1.0 191,1.0 192,1.0 
48,1.0 173,1.0 192,1.0 193,1.0 
48,1.0 173,1.0 191,1.0 193,1.0 
32,1.0 48,2.0 49,1.0 71,1.0 163,1.0 173,2.0 195,2.0 196,1.0 214,1.0 
48,1.0 49,1.0 173,1.0 193,1.0 
71,1.0 163,1.0 173,1.0 183,1.0 196,1.0 197,1.0 214,1.0 
19,1.0 46,1.0 48,1.0 60,2.0 71,1.0 75,1.0 79,1.0 163,2.0 168,1.0 193,1.0 195,1.0 197,1.0 204,1.0 212,1.0 
74,1.0 183,1.0 
49,1.0 75,1.0 76,1.0 186,1.0 215,1.0 
48,1.0 78,1.0 85,1.0 168,1.0 200,1.0 
48,1.0 78,1.0 85,1.0 168,1.0 199,1.0 
46,1.0 48,1.0 55,1.0 83,1.0 202,1.0 
49,1.0 55,1.0 163,1.0 
47,1.0 60,1.0 163,1.0 166,1.0 196,1.0 
60,1.0 205,1.0 
79,1.0 
13,1.0 
15,1.0 51,1.0 
175,1.0 177,1.0 209,1.0 
75,1.0 76,1.0 168,1.0 175,1.0 177,1.0 
55,1.0 60,1.0 185,1.0 186,1.0 
55,1.0 60,1.0 72,1.0 
46,2.0 48,2.0 71,1.0 173,1.0 193,1.0 196,1.0 213,1.0 
46,1.0 48,1.0 173,1.0 188,1.0 
71,1.0 173,1.0 183,1.0 195,1.0 
80,1.0 
180,1.0 
109,1.0 218,1.0 
12,1.0 109,1.0 111,1.0 
115,2.0 121,2.0 125,1.0 132,1.0 137,1.0 220,2.0 
115,1.0 121,1.0 132,1.0 137,1.0 219,2.0 
121,1.0 222,1.0 
39,1.0 115,1.0 121,1.0 128,1.0 
109,1.0 151,1.0 224,1.0 226,1.0 
33,1.0 109,1.0 113,1.0 114,1.0 
18,1.0 113,1.0 123,1.0 125,1.0 160,1.0 
32,1.0 99,1.0 151,1.0 
111,1.0 228,1.0 
109,1.0 111,1.0 112,1.0 113,1.0 
145,1.0 230,1.0 
18,1.0 113,1.0 125,1.0 145,1.0 160,1.0 
