1,4.0 2,1.0 3,1.0 4,3.0 5,9.0 6,4.0 7,5.0 10,6.0 12,5.0 13,1.0 14,5.0 17,1.0 19,1.0 20,8.0 21,7.0 24,4.0 26,3.0 28,1.0 32,4.0 35,5.0 36,6.0 41,3.0 42,7.0 58,1.0 59,3.0 64,2.0 77,1.0 104,1.0 
0,2.0 2,5.0 3,4.0 5,3.0 6,1.0 10,2.0 21,3.0 25,1.0 32,1.0 42,4.0 59,1.0 64,1.0 86,2.0 
3,5.0 10,2.0 12,1.0 13,7.0 14,1.0 32,3.0 44,2.0 70,2.0 146,1.0 
0,1.0 2,2.0 3,3.0 4,4.0 6,2.0 7,1.0 9,4.0 13,1.0 19,1.0 20,1.0 27,3.0 28,1.0 32,8.0 35,3.0 42,3.0 45,2.0 46,3.0 47,2.0 68,1.0 69,1.0 70,2.0 84,1.0 87,1.0 133,2.0 155,2.0 156,2.0 
1,1.0 5,4.0 6,7.0 7,6.0 29,3.0 31,3.0 42,1.0 46,2.0 58,1.0 68,1.0 
0,8.0 1,2.0 3,4.0 5,12.0 6,51.0 7,58.0 8,4.0 10,3.0 11,4.0 12,1.0 13,10.0 14,7.0 15,4.0 17,5.0 20,34.0 21,40.0 22,8.0 23,4.0 24,4.0 32,2.0 36,11.0 42,5.0 43,2.0 44,1.0 45,3.0 53,1.0 147,1.0 149,1.0 
1,3.0 3,1.0 5,51.0 6,23.0 7,61.0 8,4.0 10,1.0 11,4.0 12,3.0 13,5.0 14,6.0 15,4.0 16,1.0 17,4.0 18,1.0 26,28.0 30,3.0 33,3.0 34,3.0 36,9.0 42,5.0 43,1.0 44,2.0 46,4.0 55,1.0 65,1.0 66,2.0 68,2.0 74,1.0 77,4.0 84,6.0 86,2.0 87,1.0 136,1.0 138,1.0 144,1.0 149,2.0 150,2.0 
0,1.0 1,2.0 3,4.0 5,58.0 6,61.0 7,17.0 8,4.0 10,1.0 11,4.0 12,5.0 13,6.0 14,7.0 15,4.0 16,2.0 17,5.0 18,1.0 20,29.0 23,3.0 26,10.0 30,2.0 35,6.0 36,15.0 37,3.0 41,7.0 43,1.0 44,2.0 46,3.0 48,1.0 55,1.0 56,2.0 66,5.0 68,6.0 77,2.0 86,2.0 87,2.0 91,19.0 92,2.0 93,3.0 94,1.0 95,1.0 96,1.0 99,1.0 100,1.0 108,2.0 110,1.0 111,1.0 124,2.0 125,2.0 126,3.0 144,1.0 147,1.0 149,2.0 150,2.0 
3,4.0 22,2.0 41,2.0 55,2.0 
0,4.0 10,4.0 14,1.0 17,4.0 45,1.0 85,1.0 
0,10.0 1,4.0 3,1.0 5,7.0 6,7.0 7,4.0 10,1.0 12,1.0 13,1.0 14,2.0 20,3.0 21,5.0 25,4.0 27,1.0 32,1.0 35,2.0 36,6.0 42,3.0 45,2.0 54,5.0 59,2.0 61,1.0 64,1.0 72,1.0 77,3.0 84,1.0 144,2.0 145,2.0 
12,4.0 
0,3.0 2,5.0 5,14.0 6,6.0 7,6.0 10,2.0 13,5.0 14,6.0 19,2.0 20,9.0 21,8.0 24,2.0 36,4.0 41,1.0 42,5.0 46,2.0 54,2.0 59,1.0 66,1.0 71,1.0 72,1.0 87,1.0 101,1.0 
0,5.0 2,1.0 5,2.0 6,3.0 7,4.0 12,3.0 14,13.0 16,1.0 17,1.0 18,10.0 19,2.0 21,1.0 28,1.0 35,5.0 36,4.0 42,7.0 45,1.0 46,5.0 47,3.0 54,1.0 61,1.0 66,2.0 97,1.0 127,2.0 133,2.0 154,2.0 
0,1.0 2,1.0 5,7.0 6,4.0 7,8.0 9,4.0 10,6.0 12,11.0 13,6.0 16,1.0 18,4.0 19,1.0 21,3.0 24,1.0 32,2.0 35,4.0 36,4.0 38,1.0 41,3.0 42,7.0 45,1.0 47,1.0 59,1.0 61,1.0 64,3.0 66,2.0 70,1.0 97,1.0 139,2.0 140,1.0 
16,4.0 
2,5.0 6,1.0 7,2.0 9,4.0 12,2.0 13,3.0 17,3.0 18,1.0 20,3.0 26,2.0 28,1.0 36,3.0 38,3.0 39,3.0 44,3.0 51,1.0 66,2.0 
5,2.0 6,2.0 7,4.0 12,4.0 13,3.0 14,2.0 16,8.0 18,1.0 21,1.0 35,1.0 36,1.0 38,2.0 42,1.0 44,1.0 66,1.0 
0,1.0 5,4.0 6,5.0 7,5.0 19,9.0 21,1.0 26,2.0 35,3.0 36,2.0 42,2.0 54,2.0 142,1.0 144,1.0 
0,2.0 1,1.0 3,4.0 12,1.0 14,8.0 32,1.0 45,1.0 51,1.0 70,1.0 139,1.0 140,1.0 
0,6.0 1,1.0 3,4.0 5,34.0 7,30.0 10,2.0 12,2.0 13,7.0 14,1.0 17,3.0 20,6.0 21,34.0 22,10.0 23,10.0 24,4.0 26,10.0 32,5.0 36,16.0 41,10.0 42,3.0 43,1.0 44,1.0 45,3.0 46,6.0 53,1.0 55,2.0 64,4.0 68,7.0 77,6.0 87,1.0 89,1.0 90,1.0 91,17.0 92,1.0 93,5.0 94,1.0 95,1.0 96,3.0 98,1.0 99,1.0 100,1.0 
0,7.0 3,3.0 5,40.0 10,3.0 12,3.0 13,5.0 14,1.0 17,1.0 20,34.0 21,3.0 22,8.0 23,8.0 24,4.0 27,1.0 32,2.0 35,8.0 36,9.0 41,3.0 42,16.0 43,3.0 44,1.0 45,3.0 49,1.0 50,1.0 51,1.0 52,1.0 53,1.0 54,2.0 106,1.0 110,1.0 111,1.0 135,1.0 144,1.0 145,1.0 
5,8.0 6,1.0 20,8.0 21,8.0 22,2.0 23,5.0 41,8.0 55,6.0 56,2.0 91,5.0 106,1.0 118,2.0 127,2.0 132,2.0 133,3.0 
5,4.0 7,3.0 8,1.0 12,3.0 20,8.0 21,8.0 22,3.0 23,2.0 26,4.0 35,2.0 36,1.0 41,2.0 42,1.0 54,1.0 56,6.0 66,1.0 68,1.0 69,1.0 77,1.0 91,9.0 106,4.0 111,1.0 118,1.0 127,4.0 134,1.0 135,1.0 
7,3.0 10,8.0 14,1.0 20,4.0 26,4.0 28,5.0 32,2.0 42,1.0 59,1.0 
0,4.0 27,1.0 45,1.0 
3,4.0 6,28.0 7,11.0 12,1.0 13,1.0 16,1.0 18,1.0 20,10.0 23,4.0 26,9.0 30,3.0 33,3.0 34,3.0 41,1.0 42,1.0 51,1.0 55,1.0 56,1.0 85,1.0 91,3.0 142,1.0 144,1.0 
10,1.0 28,3.0 29,1.0 55,1.0 65,1.0 66,1.0 101,1.0 
0,2.0 4,3.0 9,1.0 10,5.0 13,1.0 14,1.0 24,1.0 44,1.0 
6,4.0 26,3.0 56,1.0 66,2.0 69,1.0 77,2.0 84,1.0 103,1.0 105,1.0 
4,3.0 23,2.0 56,2.0 91,2.0 
3,3.0 
0,3.0 1,1.0 2,1.0 3,2.0 4,1.0 5,4.0 6,3.0 10,1.0 12,1.0 14,1.0 17,2.0 20,3.0 21,2.0 24,1.0 26,3.0 28,1.0 35,2.0 36,7.0 41,1.0 42,6.0 45,3.0 46,1.0 48,2.0 59,2.0 64,1.0 71,3.0 
24,3.0 45,1.0 
16,3.0 
0,1.0 1,1.0 3,2.0 7,6.0 10,1.0 12,4.0 13,2.0 16,3.0 17,1.0 21,8.0 23,1.0 32,1.0 35,4.0 36,15.0 37,3.0 42,15.0 46,7.0 50,1.0 51,1.0 52,1.0 54,9.0 55,2.0 56,2.0 57,1.0 59,9.0 64,9.0 65,2.0 66,1.0 67,1.0 122,1.0 
0,4.0 5,11.0 6,9.0 7,15.0 8,1.0 10,1.0 12,8.0 13,6.0 14,5.0 17,7.0 20,16.0 21,9.0 23,1.0 29,1.0 32,6.0 35,15.0 36,1.0 37,3.0 41,4.0 42,9.0 43,2.0 44,2.0 45,3.0 47,1.0 53,1.0 54,15.0 55,4.0 56,2.0 57,1.0 65,1.0 66,2.0 71,4.0 72,3.0 73,1.0 75,4.0 77,2.0 78,1.0 106,1.0 107,2.0 122,1.0 129,2.0 130,2.0 131,2.0 135,1.0 149,2.0 150,1.0 
16,3.0 
13,1.0 14,2.0 39,3.0 40,3.0 
5,1.0 7,1.0 38,3.0 40,3.0 43,1.0 140,1.0 146,1.0 
20,3.0 36,3.0 146,1.0 
0,1.0 6,1.0 7,9.0 14,1.0 17,3.0 20,10.0 21,3.0 22,8.0 23,1.0 26,2.0 29,1.0 36,4.0 41,6.0 42,9.0 43,5.0 46,4.0 54,7.0 55,6.0 56,1.0 64,6.0 65,1.0 68,3.0 76,2.0 77,6.0 87,1.0 91,9.0 93,2.0 96,1.0 97,1.0 99,1.0 100,1.0 102,1.0 103,2.0 109,2.0 110,2.0 111,7.0 112,1.0 113,2.0 118,2.0 132,2.0 133,3.0 
0,5.0 1,2.0 3,6.0 5,5.0 6,5.0 10,2.0 12,1.0 13,3.0 14,6.0 16,6.0 17,5.0 20,3.0 21,16.0 22,2.0 23,1.0 26,1.0 32,2.0 35,15.0 36,9.0 41,12.0 42,8.0 43,3.0 46,12.0 47,1.0 49,1.0 50,1.0 51,1.0 52,1.0 54,1.0 57,1.0 59,17.0 60,2.0 62,1.0 63,1.0 66,2.0 77,1.0 111,1.0 132,2.0 142,1.0 
5,1.0 16,2.0 17,1.0 20,1.0 21,1.0 36,1.0 44,4.0 140,2.0 141,2.0 143,1.0 
5,4.0 6,3.0 7,3.0 17,4.0 18,1.0 20,1.0 21,4.0 23,3.0 36,4.0 43,1.0 140,1.0 
0,3.0 2,2.0 3,1.0 10,1.0 19,4.0 24,1.0 32,3.0 58,2.0 59,1.0 64,1.0 
0,1.0 1,3.0 3,2.0 6,4.0 7,2.0 14,2.0 16,5.0 20,6.0 23,1.0 35,7.0 41,6.0 42,13.0 46,1.0 54,4.0 56,1.0 64,1.0 65,1.0 66,2.0 77,6.0 86,1.0 87,2.0 93,2.0 96,2.0 98,1.0 103,2.0 111,5.0 113,1.0 115,1.0 120,1.0 121,2.0 122,1.0 
12,1.0 14,3.0 16,2.0 36,1.0 39,1.0 42,1.0 127,4.0 133,5.0 147,1.0 154,4.0 155,2.0 156,2.0 
7,1.0 9,1.0 21,1.0 42,2.0 59,1.0 61,1.0 70,1.0 100,1.0 111,1.0 
32,1.0 
18,1.0 
0,1.0 13,2.0 16,1.0 28,1.0 59,1.0 
53,1.0 
28,1.0 43,1.0 
10,2.0 12,2.0 14,1.0 17,1.0 21,2.0 27,1.0 35,9.0 36,15.0 41,5.0 45,2.0 46,5.0 54,5.0 55,2.0 56,1.0 57,1.0 71,1.0 72,5.0 75,4.0 77,3.0 78,1.0 84,3.0 91,2.0 97,2.0 105,1.0 110,1.0 111,11.0 112,1.0 113,2.0 115,1.0 137,1.0 144,1.0 145,1.0 
6,1.0 7,1.0 8,1.0 12,2.0 20,2.0 22,4.0 26,1.0 35,2.0 36,4.0 41,4.0 54,3.0 56,1.0 65,3.0 66,2.0 70,1.0 72,1.0 118,2.0 128,1.0 133,2.0 
7,1.0 23,4.0 29,1.0 30,1.0 35,3.0 36,3.0 46,1.0 54,2.0 55,1.0 56,1.0 66,4.0 72,1.0 77,4.0 91,5.0 104,1.0 105,2.0 106,2.0 108,1.0 118,1.0 119,2.0 122,2.0 127,2.0 128,2.0 
12,1.0 51,1.0 
14,1.0 24,1.0 32,1.0 48,1.0 
3,1.0 10,1.0 13,2.0 14,1.0 23,1.0 32,2.0 33,1.0 35,9.0 42,17.0 57,1.0 59,7.0 60,2.0 62,1.0 63,1.0 64,14.0 65,2.0 66,1.0 67,1.0 
3,1.0 48,1.0 
10,1.0 24,1.0 32,1.0 51,1.0 
0,1.0 
13,1.0 
3,1.0 7,2.0 13,1.0 17,1.0 20,3.0 23,2.0 24,2.0 26,1.0 32,2.0 33,1.0 35,9.0 41,7.0 42,1.0 46,1.0 59,14.0 64,3.0 65,3.0 66,6.0 67,1.0 68,4.0 76,4.0 77,8.0 82,1.0 87,1.0 89,2.0 90,2.0 91,2.0 93,1.0 100,2.0 123,1.0 
8,1.0 35,2.0 36,1.0 41,1.0 46,1.0 55,3.0 59,2.0 64,3.0 66,2.0 70,1.0 87,1.0 111,1.0 121,1.0 128,1.0 
6,2.0 7,5.0 8,2.0 14,1.0 16,3.0 17,1.0 23,1.0 24,2.0 29,1.0 30,1.0 35,1.0 36,2.0 42,2.0 44,1.0 46,2.0 55,2.0 56,4.0 59,1.0 64,6.0 65,2.0 69,1.0 70,1.0 76,2.0 77,8.0 82,1.0 105,3.0 118,1.0 122,1.0 126,1.0 150,1.0 
14,1.0 
1,1.0 4,1.0 6,2.0 7,7.0 17,1.0 20,6.0 41,2.0 46,2.0 64,4.0 68,1.0 86,1.0 87,1.0 89,2.0 90,2.0 91,1.0 
7,2.0 8,1.0 19,1.0 20,2.0 23,1.0 66,1.0 68,2.0 117,1.0 
0,1.0 3,1.0 5,1.0 14,1.0 21,1.0 25,1.0 29,1.0 32,1.0 36,1.0 42,1.0 55,1.0 56,1.0 59,1.0 65,1.0 66,2.0 77,1.0 122,1.0 
0,2.0 12,1.0 14,1.0 36,4.0 54,1.0 73,1.0 
27,1.0 36,3.0 45,2.0 54,6.0 55,1.0 56,1.0 75,2.0 78,1.0 
74,2.0 
36,1.0 54,1.0 72,1.0 73,1.0 80,2.0 118,1.0 
76,12.0 
36,4.0 54,4.0 72,2.0 75,8.0 77,2.0 81,12.0 
6,4.0 7,4.0 10,1.0 12,2.0 20,8.0 23,1.0 26,1.0 29,1.0 30,1.0 36,2.0 41,8.0 42,1.0 46,6.0 54,2.0 56,4.0 64,8.0 66,8.0 74,1.0 75,2.0 76,4.0 77,1.0 82,1.0 85,2.0 91,1.0 93,3.0 96,3.0 98,1.0 100,2.0 105,3.0 111,3.0 116,1.0 118,2.0 120,1.0 121,1.0 122,1.0 123,1.0 126,1.0 134,1.0 
12,1.0 36,1.0 54,1.0 71,1.0 79,1.0 
78,1.0 
64,1.0 66,1.0 74,1.0 77,1.0 
41,2.0 64,4.0 66,2.0 76,8.0 77,4.0 
83,1.0 84,1.0 
82,1.0 
6,6.0 26,1.0 54,3.0 84,3.0 136,1.0 137,1.0 138,1.0 
7,1.0 20,2.0 26,1.0 36,1.0 55,2.0 77,1.0 111,1.0 116,1.0 
1,2.0 3,2.0 
7,1.0 14,1.0 20,2.0 41,1.0 46,1.0 64,2.0 68,1.0 88,2.0 91,1.0 
69,2.0 
7,1.0 64,1.0 68,1.0 90,1.0 91,1.0 
7,1.0 64,1.0 68,1.0 89,1.0 91,1.0 
7,19.0 20,14.0 22,3.0 23,9.0 26,2.0 30,1.0 35,2.0 41,7.0 54,3.0 56,8.0 87,1.0 91,7.0 92,2.0 93,3.0 94,1.0 95,1.0 97,1.0 102,1.0 106,3.0 109,1.0 110,2.0 111,2.0 113,1.0 127,4.0 
7,1.0 20,2.0 46,1.0 77,1.0 91,1.0 
7,5.0 20,7.0 26,1.0 41,4.0 46,2.0 64,1.0 77,3.0 91,4.0 98,1.0 
7,1.0 20,1.0 91,1.0 
7,1.0 20,1.0 91,1.0 
97,3.0 
13,1.0 14,1.0 20,3.0 41,2.0 46,4.0 54,4.0 77,3.0 91,1.0 93,2.0 98,1.0 111,3.0 
7,1.0 20,2.0 41,1.0 46,1.0 77,1.0 93,1.0 
20,1.0 41,1.0 64,1.0 77,1.0 
41,2.0 46,2.0 54,1.0 56,1.0 64,1.0 65,1.0 77,1.0 101,1.0 110,1.0 111,1.0 
0,1.0 7,2.0 20,1.0 41,1.0 48,1.0 77,1.0 111,1.0 
41,1.0 46,1.0 
41,1.0 104,1.0 105,1.0 109,1.0 111,1.0 
41,1.0 46,2.0 77,1.0 106,5.0 119,1.0 120,1.0 
7,1.0 23,2.0 66,2.0 69,1.0 70,1.0 77,2.0 104,1.0 106,1.0 126,1.0 134,1.0 
0,1.0 7,3.0 41,1.0 56,1.0 64,1.0 77,1.0 91,2.0 104,1.0 107,1.0 108,2.0 109,1.0 118,1.0 122,1.0 123,1.0 
42,2.0 104,1.0 108,1.0 129,2.0 130,2.0 131,2.0 
20,2.0 56,1.0 104,2.0 107,1.0 124,2.0 125,2.0 126,2.0 
29,1.0 41,2.0 91,1.0 110,1.0 111,1.0 
12,1.0 27,1.0 41,1.0 46,1.0 64,1.0 65,1.0 77,1.0 93,1.0 100,1.0 111,1.0 
7,1.0 21,1.0 29,1.0 41,6.0 46,6.0 48,1.0 54,11.0 65,1.0 77,3.0 85,2.0 91,2.0 97,2.0 100,1.0 109,1.0 110,1.0 111,3.0 112,1.0 113,2.0 115,1.0 116,1.0 121,1.0 
41,1.0 54,1.0 91,1.0 111,1.0 
114,2.0 
41,1.0 54,2.0 91,1.0 97,2.0 111,2.0 
21,1.0 41,1.0 54,1.0 111,1.0 
29,1.0 
74,1.0 
36,3.0 56,1.0 66,1.0 104,2.0 105,1.0 121,1.0 
36,1.0 56,1.0 118,1.0 128,1.0 
46,1.0 77,1.0 121,1.0 
22,1.0 23,1.0 91,1.0 100,1.0 122,1.0 
21,1.0 23,1.0 36,1.0 56,2.0 66,2.0 77,2.0 106,1.0 110,1.0 135,1.0 160,1.0 
64,1.0 72,1.0 77,1.0 100,1.0 131,1.0 
20,2.0 108,2.0 125,2.0 126,2.0 
20,2.0 108,2.0 124,2.0 126,2.0 
7,1.0 20,2.0 30,1.0 66,1.0 77,1.0 108,2.0 124,2.0 125,2.0 
14,2.0 23,2.0 35,2.0 39,1.0 47,4.0 56,2.0 91,2.0 133,3.0 147,1.0 154,4.0 
36,1.0 56,1.0 119,1.0 123,1.0 131,1.0 
42,2.0 107,2.0 130,2.0 131,2.0 
42,2.0 107,2.0 129,2.0 131,2.0 
42,2.0 72,1.0 107,2.0 123,1.0 129,2.0 130,2.0 
22,4.0 41,4.0 55,2.0 133,1.0 
6,1.0 14,2.0 16,2.0 22,1.0 39,1.0 41,1.0 47,5.0 55,2.0 56,1.0 72,1.0 127,3.0 154,3.0 155,2.0 156,2.0 
23,1.0 77,1.0 118,1.0 
21,1.0 23,1.0 36,1.0 106,1.0 
48,1.0 
1,1.0 
0,1.0 
9,1.0 19,1.0 140,1.0 
2,1.0 5,3.0 6,1.0 7,1.0 20,2.0 21,3.0 36,2.0 39,1.0 41,1.0 
21,1.0 36,1.0 41,1.0 43,1.0 143,1.0 
16,1.0 26,1.0 42,1.0 
43,1.0 141,1.0 
6,1.0 7,1.0 10,1.0 18,1.0 21,1.0 26,1.0 27,1.0 54,1.0 145,1.0 
10,1.0 21,1.0 27,1.0 54,1.0 144,1.0 
39,1.0 40,1.0 47,1.0 127,1.0 133,1.0 147,1.0 154,1.0 
148,2.0 149,1.0 
5,1.0 6,3.0 7,3.0 36,2.0 66,1.0 158,1.0 
39,1.0 146,1.0 148,1.0 157,1.0 
151,1.0 152,1.0 159,1.0 
6,1.0 7,1.0 36,1.0 47,1.0 127,1.0 149,1.0 150,1.0 154,1.0 
153,2.0 
151,2.0 
14,2.0 39,1.0 47,4.0 127,4.0 133,3.0 147,1.0 
16,2.0 47,2.0 133,2.0 156,2.0 
16,2.0 47,2.0 133,2.0 155,2.0 
148,1.0 
151,1.0 
152,1.0 
161,1.0 

