1,5.0 5,5.0 6,5.0 7,5.0 9,5.0 11,2.0 12,1.0 33,2.0 37,1.0 72,12.0 98,2.0 101,1.0 122,2.0 
0,2.0 2,3.0 21,2.0 33,2.0 83,2.0 98,2.0 117,2.0 
3,5.0 4,5.0 12,1.0 17,1.0 19,1.0 
2,6.0 46,1.0 
1,2.0 5,11.0 7,5.0 12,2.0 21,5.0 37,7.0 53,5.0 55,4.0 64,2.0 89,2.0 106,2.0 
4,5.0 6,10.0 7,15.0 9,5.0 11,5.0 12,4.0 17,4.0 19,4.0 37,5.0 41,3.0 51,2.0 52,5.0 53,5.0 84,2.0 85,2.0 111,2.0 112,2.0 132,2.0 
5,2.0 6,10.0 7,20.0 8,10.0 9,10.0 10,10.0 12,40.0 19,10.0 33,17.0 34,5.0 37,25.0 40,5.0 41,2.0 42,4.0 49,5.0 51,2.0 67,4.0 132,2.0 
0,5.0 5,5.0 6,20.0 8,10.0 9,10.0 10,10.0 11,23.0 12,4.0 13,9.0 14,4.0 21,10.0 37,20.0 38,10.0 52,5.0 
0,5.0 5,5.0 7,5.0 21,5.0 36,2.0 37,5.0 100,2.0 128,2.0 
6,10.0 7,10.0 10,10.0 
7,9.0 11,10.0 12,1.0 29,8.0 87,8.0 
0,2.0 5,5.0 7,19.0 11,5.0 12,16.0 13,15.0 14,15.0 15,5.0 33,4.0 37,10.0 38,5.0 43,5.0 44,3.0 52,5.0 53,2.0 
0,1.0 1,1.0 4,6.0 6,40.0 11,12.0 12,11.0 13,6.0 14,11.0 15,5.0 17,20.0 18,1.0 19,20.0 20,10.0 22,9.0 23,9.0 33,15.0 34,5.0 37,30.0 40,5.0 43,5.0 44,3.0 47,4.0 49,5.0 54,1.0 55,4.0 64,2.0 84,1.0 85,1.0 86,1.0 138,1.0 
6,2.0 11,10.0 12,10.0 14,10.0 15,5.0 33,2.0 64,2.0 94,2.0 101,2.0 102,2.0 103,2.0 104,2.0 105,2.0 131,2.0 
11,10.0 12,10.0 13,5.0 15,5.0 43,5.0 44,3.0 
16,9.0 66,8.0 75,4.0 
6,4.0 12,5.0 17,5.0 41,6.0 50,8.0 67,4.0 72,4.0 
4,4.0 12,20.0 18,1.0 19,10.0 20,10.0 47,4.0 55,4.0 138,1.0 
3,2.0 65,16.0 
6,5.0 12,15.0 17,10.0 20,10.0 21,4.0 33,5.0 34,5.0 65,4.0 73,4.0 74,4.0 
12,9.0 21,1.0 22,10.0 
0,5.0 2,2.0 7,10.0 19,4.0 22,21.0 23,1.0 24,10.0 25,10.0 27,10.0 33,4.0 37,14.0 38,5.0 65,14.0 67,4.0 70,2.0 73,12.0 74,12.0 76,4.0 77,4.0 82,2.0 
12,9.0 21,21.0 23,10.0 24,10.0 25,10.0 27,10.0 30,10.0 31,10.0 32,5.0 35,5.0 
8,2.0 19,4.0 21,22.0 22,10.0 24,10.0 73,12.0 74,12.0 85,8.0 86,8.0 96,8.0 130,2.0 
21,10.0 22,10.0 25,10.0 
26,10.0 
21,12.0 22,10.0 33,2.0 
28,10.0 
29,26.0 88,16.0 
22,10.0 28,16.0 30,10.0 31,10.0 37,16.0 49,5.0 88,16.0 89,8.0 98,8.0 
22,10.0 31,10.0 32,5.0 35,5.0 
22,10.0 30,10.0 32,5.0 35,5.0 
6,10.0 12,10.0 37,5.0 
0,2.0 2,2.0 5,2.0 6,12.0 11,4.0 12,10.0 19,5.0 21,4.0 34,5.0 37,5.0 41,2.0 51,2.0 53,2.0 65,2.0 132,2.0 
35,5.0 
32,5.0 36,5.0 50,5.0 
0,12.0 8,5.0 21,4.0 67,4.0 99,2.0 122,2.0 
0,6.0 1,1.0 4,2.0 5,5.0 6,25.0 7,20.0 11,10.0 12,30.0 21,10.0 33,5.0 37,5.0 38,10.0 40,5.0 49,5.0 52,5.0 54,1.0 64,2.0 79,4.0 84,1.0 85,1.0 86,1.0 89,8.0 90,12.0 91,12.0 92,13.0 98,8.0 99,3.0 100,3.0 
12,1.0 37,1.0 39,5.0 54,5.0 
6,5.0 12,5.0 37,5.0 
5,1.0 56,4.0 
5,2.0 21,2.0 42,5.0 51,2.0 67,4.0 68,4.0 69,4.0 76,2.0 77,2.0 84,2.0 85,2.0 132,2.0 
6,5.0 7,5.0 36,4.0 
18,1.0 43,6.0 44,8.0 45,8.0 58,1.0 
43,8.0 45,3.0 57,3.0 
43,8.0 
12,1.0 17,1.0 
48,4.0 
12,5.0 17,5.0 19,5.0 
29,5.0 35,5.0 
16,4.0 51,5.0 80,4.0 
5,2.0 7,5.0 11,5.0 37,5.0 41,2.0 84,2.0 85,2.0 132,2.0 
4,5.0 5,5.0 53,5.0 
4,5.0 7,5.0 21,5.0 26,2.0 37,5.0 
0,1.0 4,2.0 12,5.0 37,5.0 84,1.0 85,1.0 
4,4.0 5,4.0 
41,4.0 
58,3.0 59,3.0 
59,3.0 60,3.0 61,1.0 
58,3.0 60,3.0 
61,3.0 62,3.0 
62,3.0 63,3.0 133,1.0 
61,3.0 63,3.0 
12,3.0 17,3.0 
4,2.0 65,2.0 
15,12.0 18,16.0 78,4.0 
16,8.0 
6,4.0 21,4.0 37,4.0 42,4.0 68,8.0 69,8.0 70,4.0 82,4.0 
67,8.0 69,8.0 70,4.0 82,4.0 
67,8.0 68,8.0 70,4.0 82,4.0 
71,6.0 
36,12.0 
16,2.0 23,12.0 80,2.0 
19,4.0 21,12.0 65,12.0 74,12.0 
19,4.0 21,12.0 65,12.0 73,12.0 
16,4.0 
21,4.0 70,2.0 77,4.0 82,2.0 
21,4.0 70,2.0 76,4.0 82,2.0 
15,4.0 
0,2.0 83,2.0 
23,2.0 81,6.0 90,2.0 96,2.0 129,2.0 130,2.0 
21,2.0 67,4.0 68,4.0 69,4.0 76,2.0 77,2.0 
71,6.0 
8,2.0 11,2.0 33,2.0 100,2.0 106,2.0 
12,1.0 37,1.0 83,2.0 85,8.0 86,8.0 96,5.0 127,2.0 
4,2.0 12,1.0 23,8.0 37,1.0 84,8.0 86,16.0 96,13.0 110,2.0 
10,8.0 87,16.0 97,8.0 
10,8.0 29,16.0 97,8.0 
29,16.0 37,16.0 89,8.0 98,8.0 
37,8.0 90,8.0 91,8.0 92,8.0 95,2.0 106,2.0 107,2.0 108,2.0 109,2.0 
23,2.0 80,2.0 91,12.0 92,12.0 93,12.0 94,12.0 95,12.0 96,2.0 129,2.0 130,2.0 
84,2.0 90,12.0 92,12.0 93,14.0 94,12.0 95,12.0 104,2.0 119,2.0 121,2.0 123,2.0 124,2.0 125,2.0 126,2.0 127,2.0 
90,12.0 91,12.0 93,12.0 94,12.0 95,13.0 99,1.0 100,1.0 
23,8.0 84,6.0 85,12.0 91,2.0 94,12.0 95,12.0 96,12.0 125,2.0 126,2.0 127,2.0 
13,2.0 23,8.0 84,4.0 85,12.0 93,12.0 95,12.0 96,12.0 102,2.0 103,2.0 104,2.0 105,2.0 
23,8.0 84,5.0 85,15.0 93,12.0 94,12.0 96,13.0 99,1.0 100,1.0 107,2.0 108,2.0 109,2.0 110,2.0 
23,10.0 80,2.0 84,5.0 85,13.0 86,13.0 90,2.0 114,2.0 118,2.0 119,2.0 120,2.0 121,2.0 129,2.0 130,2.0 
29,8.0 87,8.0 
37,8.0 90,4.0 91,6.0 92,5.0 96,2.0 99,3.0 100,3.0 104,2.0 114,2.0 117,2.0 118,2.0 119,4.0 122,2.0 123,2.0 
0,1.0 13,4.0 84,1.0 85,1.0 95,1.0 96,1.0 100,4.0 101,3.0 122,2.0 131,2.0 
0,1.0 13,2.0 80,2.0 84,1.0 85,1.0 90,2.0 91,2.0 93,2.0 95,1.0 96,3.0 99,4.0 101,3.0 106,2.0 125,2.0 126,2.0 128,2.0 129,2.0 
0,1.0 1,1.0 13,2.0 94,2.0 102,2.0 103,2.0 104,2.0 
13,2.0 94,2.0 103,2.0 104,2.0 105,2.0 
13,2.0 94,2.0 102,2.0 104,2.0 105,2.0 
13,2.0 91,2.0 94,2.0 102,2.0 103,2.0 105,2.0 119,2.0 121,2.0 123,2.0 124,2.0 
13,2.0 64,2.0 
89,2.0 91,2.0 93,2.0 95,2.0 100,2.0 107,2.0 108,2.0 109,2.0 125,2.0 126,2.0 
85,2.0 95,2.0 108,2.0 109,2.0 110,2.0 
85,2.0 95,2.0 107,2.0 109,2.0 110,4.0 113,2.0 114,2.0 115,2.0 116,2.0 
85,2.0 95,2.0 107,2.0 108,2.0 110,2.0 
4,4.0 85,2.0 116,2.0 
108,2.0 112,2.0 113,2.0 114,2.0 115,2.0 
108,2.0 111,2.0 113,2.0 114,2.0 115,2.0 
108,2.0 110,2.0 114,2.0 115,2.0 116,2.0 
96,2.0 108,2.0 110,2.0 113,2.0 115,2.0 116,2.0 118,2.0 119,2.0 120,2.0 121,2.0 
108,2.0 110,2.0 113,2.0 114,2.0 116,2.0 
4,2.0 110,2.0 
96,2.0 98,2.0 114,2.0 118,2.0 119,2.0 
96,2.0 114,2.0 119,2.0 120,2.0 121,2.0 
91,2.0 96,2.0 104,2.0 114,2.0 118,2.0 120,2.0 121,4.0 123,2.0 124,2.0 
1,2.0 121,2.0 
1,4.0 120,2.0 124,2.0 
13,2.0 91,2.0 98,2.0 99,2.0 104,2.0 119,2.0 123,2.0 131,2.0 
91,2.0 104,2.0 119,2.0 121,2.0 124,2.0 
1,2.0 121,2.0 
84,2.0 91,2.0 93,2.0 126,2.0 127,2.0 
84,2.0 91,2.0 93,2.0 125,2.0 127,2.0 
83,2.0 84,2.0 
80,2.0 90,2.0 96,2.0 100,2.0 129,2.0 
23,2.0 80,2.0 90,2.0 96,2.0 130,2.0 
8,2.0 23,2.0 
6,2.0 13,2.0 33,2.0 
5,2.0 41,2.0 51,2.0 84,2.0 85,2.0 
134,1.0 
135,1.0 
136,1.0 
137,1.0 
12,1.0 17,1.0 
48,1.0 
