1,11.0 15,12.0 29,2.0 
1,4.0 2,14.0 3,6.0 6,6.0 12,3.0 13,6.0 14,9.0 16,3.0 28,3.0 33,6.0 94,1.0 
3,8.0 4,1.0 5,3.0 6,3.0 7,3.0 8,2.0 9,5.0 15,4.0 17,9.0 18,6.0 21,6.0 24,6.0 27,6.0 35,1.0 47,3.0 50,1.0 58,4.0 61,7.0 64,2.0 70,3.0 83,1.0 85,1.0 88,1.0 
1,3.0 4,24.0 5,13.0 6,16.0 7,22.0 9,6.0 18,3.0 46,9.0 50,6.0 
2,4.0 5,26.0 6,42.0 7,13.0 8,15.0 9,9.0 12,15.0 13,30.0 15,24.0 16,9.0 25,7.0 34,11.0 35,10.0 37,1.0 46,6.0 62,8.0 75,1.0 90,1.0 
0,5.0 2,2.0 4,12.0 5,14.0 6,112.0 7,109.0 8,10.0 9,7.0 10,11.0 12,2.0 13,24.0 14,6.0 15,2.0 19,10.0 20,6.0 22,19.0 23,6.0 24,1.0 25,21.0 26,3.0 27,2.0 28,8.0 29,4.0 32,6.0 34,2.0 35,1.0 39,5.0 48,3.0 50,1.0 54,3.0 55,3.0 56,1.0 57,3.0 58,4.0 59,5.0 61,6.0 62,22.0 66,2.0 69,1.0 72,3.0 73,3.0 76,1.0 79,1.0 88,1.0 91,2.0 
0,12.0 2,15.0 3,9.0 4,15.0 5,106.0 6,16.0 7,94.0 8,16.0 9,8.0 10,15.0 12,72.0 13,110.0 14,6.0 15,12.0 16,35.0 19,10.0 20,6.0 24,6.0 27,5.0 28,11.0 29,4.0 32,6.0 34,3.0 39,16.0 44,3.0 46,6.0 48,6.0 52,3.0 55,9.0 56,7.0 57,6.0 58,5.0 59,2.0 60,3.0 61,11.0 62,21.0 66,2.0 69,5.0 72,3.0 73,2.0 76,3.0 88,2.0 92,1.0 93,1.0 
0,5.0 2,2.0 4,27.0 5,109.0 6,94.0 7,11.0 8,11.0 9,2.0 10,18.0 19,10.0 20,6.0 22,18.0 23,6.0 27,2.0 28,2.0 29,4.0 32,6.0 35,1.0 39,4.0 46,30.0 48,6.0 50,25.0 51,6.0 55,3.0 56,3.0 57,3.0 58,3.0 88,1.0 
1,4.0 4,6.0 5,14.0 6,21.0 7,27.0 9,15.0 12,11.0 13,12.0 15,6.0 16,3.0 34,2.0 35,2.0 46,15.0 50,12.0 
2,1.0 4,28.0 5,9.0 6,12.0 7,18.0 8,12.0 15,8.0 35,4.0 37,1.0 38,3.0 46,6.0 50,6.0 61,6.0 
5,2.0 6,6.0 10,1.0 11,9.0 12,3.0 13,3.0 16,3.0 41,6.0 44,3.0 56,4.0 58,1.0 74,1.0 77,1.0 79,1.0 91,2.0 92,1.0 93,1.0 
6,13.0 12,13.0 13,13.0 63,2.0 87,2.0 
0,6.0 1,4.0 2,9.0 3,6.0 4,6.0 5,2.0 6,72.0 8,3.0 9,9.0 12,6.0 13,72.0 15,12.0 16,2.0 22,2.0 24,1.0 25,4.0 34,11.0 39,12.0 46,6.0 50,2.0 55,3.0 56,4.0 57,3.0 58,4.0 60,3.0 61,4.0 69,2.0 76,1.0 79,2.0 80,1.0 88,1.0 
0,7.0 2,15.0 3,9.0 4,15.0 5,26.0 6,116.0 7,2.0 8,5.0 9,8.0 12,72.0 13,10.0 15,12.0 16,38.0 24,5.0 25,30.0 26,3.0 27,3.0 28,6.0 29,3.0 30,15.0 34,21.0 36,6.0 39,11.0 40,3.0 46,24.0 53,3.0 54,3.0 55,6.0 56,4.0 57,3.0 58,6.0 59,3.0 60,3.0 61,5.0 69,4.0 76,2.0 88,1.0 
3,9.0 11,2.0 55,3.0 63,6.0 
1,6.0 2,8.0 4,8.0 5,11.0 6,11.0 7,2.0 8,15.0 12,10.0 13,18.0 16,3.0 25,13.0 29,3.0 34,12.0 35,1.0 46,15.0 62,6.0 68,1.0 89,1.0 
0,1.0 2,6.0 3,3.0 5,2.0 6,35.0 7,2.0 8,4.0 9,2.0 10,3.0 12,2.0 13,38.0 15,6.0 16,2.0 24,4.0 36,6.0 40,3.0 50,2.0 55,3.0 58,4.0 61,1.0 69,2.0 76,3.0 92,1.0 93,1.0 
5,9.0 6,9.0 7,9.0 
2,3.0 3,6.0 
2,6.0 3,4.0 5,2.0 6,5.0 7,2.0 13,3.0 20,6.0 
2,6.0 5,8.0 6,8.0 7,8.0 27,4.0 31,3.0 
5,6.0 7,6.0 22,6.0 
5,19.0 7,18.0 12,2.0 22,6.0 23,6.0 39,1.0 62,1.0 73,1.0 79,2.0 80,1.0 
2,6.0 
5,6.0 6,5.0 12,1.0 13,11.0 16,4.0 25,6.0 28,1.0 59,1.0 76,2.0 
1,4.0 4,3.0 5,21.0 6,3.0 9,3.0 12,4.0 13,30.0 15,4.0 25,3.0 26,3.0 28,3.0 29,3.0 30,3.0 46,6.0 53,3.0 54,3.0 59,3.0 
19,3.0 
1,3.0 5,4.0 6,4.0 7,4.0 19,2.0 32,6.0 
3,3.0 6,7.0 10,1.0 11,2.0 16,1.0 44,3.0 50,1.0 52,3.0 54,3.0 67,2.0 74,3.0 81,2.0 87,2.0 
13,3.0 25,3.0 30,2.0 31,4.0 53,3.0 
10,3.0 20,4.0 31,2.0 47,9.0 49,6.0 
20,2.0 28,3.0 30,4.0 
1,6.0 6,3.0 13,3.0 14,3.0 16,3.0 
9,6.0 
4,9.0 5,5.0 6,3.0 8,2.0 9,6.0 12,8.0 13,21.0 15,2.0 30,12.0 46,24.0 
4,4.0 5,4.0 6,4.0 7,2.0 9,3.0 13,6.0 15,1.0 16,6.0 36,6.0 38,1.0 42,3.0 43,3.0 62,2.0 68,1.0 89,1.0 
5,2.0 7,2.0 9,1.0 13,6.0 16,6.0 40,3.0 58,2.0 
4,1.0 5,1.0 7,1.0 75,1.0 90,1.0 
2,1.0 6,3.0 9,1.0 12,3.0 13,3.0 30,3.0 
2,3.0 5,5.0 6,13.0 7,4.0 12,8.0 13,8.0 28,1.0 56,4.0 62,1.0 66,1.0 69,1.0 88,1.0 
41,3.0 
35,3.0 42,3.0 43,3.0 45,6.0 
9,3.0 35,3.0 43,3.0 
9,3.0 35,3.0 42,3.0 
4,3.0 45,3.0 
13,9.0 25,3.0 34,6.0 46,9.0 
4,24.0 6,6.0 7,30.0 9,6.0 10,6.0 12,6.0 13,24.0 25,6.0 30,15.0 34,24.0 48,3.0 50,24.0 51,6.0 
3,12.0 
0,6.0 
8,6.0 
2,1.0 4,12.0 6,1.0 7,24.0 10,6.0 12,2.0 13,1.0 16,3.0 46,24.0 51,6.0 58,1.0 61,1.0 76,1.0 
0,6.0 4,1.0 37,1.0 
38,3.0 
20,3.0 
19,6.0 
1,12.0 
6,7.0 10,3.0 12,7.0 13,7.0 28,1.0 39,4.0 
5,3.0 6,6.0 7,3.0 12,3.0 13,3.0 
2,7.0 5,6.0 6,3.0 7,5.0 10,2.0 50,1.0 51,1.0 69,1.0 79,1.0 88,2.0 91,1.0 
5,3.0 13,3.0 24,1.0 25,3.0 28,2.0 
6,3.0 12,3.0 13,3.0 
4,10.0 9,6.0 15,12.0 35,2.0 
5,22.0 6,21.0 9,2.0 14,6.0 22,1.0 24,1.0 39,1.0 59,2.0 61,6.0 66,2.0 69,1.0 72,3.0 73,3.0 76,1.0 
6,6.0 11,2.0 12,6.0 13,6.0 
65,2.0 83,1.0 84,1.0 
5,2.0 6,2.0 62,2.0 84,1.0 
5,2.0 6,2.0 39,1.0 62,2.0 
68,2.0 74,1.0 75,1.0 
5,1.0 6,3.0 7,1.0 13,2.0 16,2.0 75,1.0 89,1.0 
2,4.0 5,1.0 6,1.0 39,1.0 58,1.0 62,1.0 72,1.0 
71,3.0 85,1.0 86,1.0 
5,3.0 6,3.0 62,3.0 86,1.0 
5,3.0 6,2.0 22,1.0 62,3.0 69,1.0 
10,1.0 28,2.0 76,1.0 
67,1.0 68,1.0 75,4.0 81,1.0 82,1.0 
5,1.0 6,3.0 10,1.0 12,1.0 13,3.0 16,4.0 50,1.0 68,1.0 82,1.0 90,1.0 91,1.0 
6,2.0 12,1.0 13,2.0 16,3.0 24,2.0 28,1.0 50,1.0 73,1.0 
78,1.0 
12,1.0 22,1.0 79,1.0 
5,1.0 10,1.0 12,2.0 22,2.0 39,1.0 58,1.0 80,1.0 91,1.0 
12,1.0 22,1.0 79,1.0 
74,1.0 75,1.0 82,2.0 
6,2.0 12,1.0 13,2.0 16,1.0 75,1.0 
64,1.0 65,1.0 84,1.0 
5,1.0 6,1.0 62,1.0 65,1.0 
70,1.0 71,1.0 86,1.0 
5,1.0 6,1.0 62,1.0 71,1.0 
6,2.0 11,2.0 12,2.0 13,2.0 
2,2.0 39,1.0 51,1.0 58,2.0 
5,1.0 6,1.0 7,1.0 68,1.0 
5,1.0 10,1.0 75,1.0 91,1.0 
5,2.0 10,2.0 56,1.0 58,1.0 79,1.0 
28,1.0 93,1.0 
28,1.0 92,1.0 
3,1.0 
