1,4.0 75,1.0 76,1.0 
2,5.0 3,1.0 12,1.0 19,1.0 75,1.0 76,1.0 
3,4.0 4,3.0 9,4.0 12,11.0 17,4.0 19,11.0 20,8.0 32,2.0 50,2.0 74,3.0 86,2.0 90,2.0 
1,1.0 2,1.0 4,4.0 10,20.0 11,20.0 12,23.0 19,3.0 59,2.0 65,2.0 74,1.0 85,2.0 86,2.0 87,2.0 
2,2.0 5,4.0 7,1.0 29,4.0 32,10.0 49,8.0 64,8.0 65,8.0 86,2.0 90,2.0 
6,9.0 7,9.0 11,1.0 12,1.0 31,1.0 
5,9.0 
4,4.0 8,8.0 9,8.0 11,1.0 12,1.0 20,6.0 31,7.0 32,6.0 45,1.0 
3,16.0 9,8.0 12,20.0 13,2.0 14,8.0 17,4.0 38,2.0 66,8.0 71,8.0 72,8.0 74,4.0 109,2.0 112,2.0 
3,8.0 8,16.0 11,3.0 12,19.0 17,6.0 19,4.0 20,6.0 31,3.0 32,2.0 42,2.0 45,7.0 59,4.0 64,8.0 70,8.0 72,1.0 74,1.0 77,4.0 78,1.0 86,2.0 93,2.0 
11,34.0 12,34.0 13,8.0 15,8.0 17,4.0 23,4.0 24,4.0 27,4.0 31,2.0 47,2.0 48,2.0 65,2.0 101,2.0 102,2.0 113,2.0 
7,3.0 8,2.0 10,34.0 12,50.0 13,9.0 15,8.0 17,4.0 18,4.0 23,6.0 24,4.0 27,4.0 31,19.0 33,4.0 38,2.0 45,1.0 46,2.0 47,2.0 48,2.0 49,1.0 50,3.0 51,3.0 113,2.0 
0,1.0 2,1.0 3,2.0 4,3.0 5,4.0 7,3.0 8,16.0 10,34.0 11,50.0 12,4.0 13,9.0 15,8.0 17,20.0 18,4.0 19,28.0 20,40.0 21,8.0 22,8.0 23,6.0 24,4.0 26,4.0 27,4.0 28,4.0 31,18.0 33,4.0 44,8.0 45,1.0 47,2.0 48,2.0 50,14.0 51,6.0 59,24.0 60,8.0 62,8.0 63,8.0 66,8.0 71,8.0 72,12.0 74,4.0 75,3.0 76,3.0 78,4.0 79,4.0 113,2.0 
7,4.0 9,3.0 11,4.0 12,4.0 14,8.0 30,4.0 31,4.0 41,4.0 47,1.0 48,1.0 
3,8.0 8,8.0 10,8.0 11,8.0 12,8.0 
16,8.0 17,8.0 18,8.0 22,8.0 
15,8.0 
0,3.0 2,12.0 9,4.0 12,13.0 18,8.0 19,1.0 20,4.0 28,5.0 44,2.0 50,4.0 51,6.0 59,8.0 62,2.0 72,6.0 74,2.0 75,3.0 76,3.0 78,4.0 79,4.0 83,2.0 92,2.0 94,2.0 96,2.0 97,2.0 98,2.0 99,2.0 
2,8.0 17,8.0 40,4.0 42,2.0 
2,1.0 3,2.0 4,3.0 5,4.0 12,28.0 20,24.0 21,8.0 22,8.0 26,4.0 28,1.0 
5,4.0 12,40.0 17,4.0 18,2.0 19,24.0 21,8.0 22,8.0 26,4.0 27,2.0 29,2.0 31,18.0 32,16.0 33,4.0 35,4.0 36,4.0 38,1.0 43,2.0 44,8.0 46,1.0 50,10.0 51,2.0 56,2.0 59,16.0 60,8.0 62,10.0 63,8.0 72,2.0 94,2.0 96,2.0 97,2.0 98,2.0 99,2.0 109,6.0 110,2.0 111,2.0 
12,8.0 19,8.0 20,8.0 
8,8.0 14,8.0 15,8.0 
10,4.0 11,6.0 12,6.0 20,2.0 31,4.0 32,2.0 41,2.0 
2,4.0 17,4.0 25,4.0 
24,4.0 
12,4.0 19,4.0 20,4.0 
3,4.0 7,2.0 39,4.0 
1,1.0 2,4.0 3,1.0 4,2.0 9,1.0 12,1.0 19,1.0 45,1.0 68,2.0 75,3.0 76,3.0 83,2.0 86,2.0 
13,8.0 20,2.0 31,4.0 97,2.0 106,2.0 107,2.0 109,2.0 110,2.0 
20,4.0 31,4.0 32,4.0 
7,3.0 10,2.0 11,19.0 12,18.0 13,1.0 18,6.0 20,18.0 23,2.0 27,2.0 29,4.0 32,12.0 33,8.0 35,4.0 36,4.0 38,1.0 43,2.0 45,1.0 46,1.0 47,2.0 48,2.0 49,1.0 50,3.0 51,3.0 97,2.0 106,2.0 107,2.0 109,2.0 110,2.0 113,2.0 
11,2.0 17,2.0 18,2.0 20,16.0 27,2.0 29,2.0 31,14.0 33,4.0 38,9.0 43,2.0 46,3.0 49,16.0 50,4.0 51,2.0 56,2.0 60,10.0 65,18.0 66,8.0 72,2.0 74,2.0 78,2.0 90,4.0 104,2.0 108,2.0 109,6.0 111,2.0 
34,4.0 42,4.0 
20,4.0 31,4.0 35,4.0 
20,4.0 31,4.0 36,4.0 
37,4.0 
38,4.0 
8,2.0 13,1.0 27,4.0 44,1.0 68,8.0 69,8.0 109,2.0 112,2.0 
11,4.0 12,4.0 31,4.0 
13,4.0 41,4.0 
11,4.0 12,4.0 13,4.0 20,2.0 23,2.0 31,6.0 32,2.0 
8,2.0 9,2.0 29,4.0 32,2.0 45,2.0 
23,2.0 41,2.0 
4,8.0 5,1.0 9,4.0 42,2.0 45,2.0 62,8.0 63,8.0 64,8.0 75,2.0 83,2.0 86,2.0 92,2.0 93,2.0 103,2.0 
7,1.0 9,7.0 12,4.0 17,4.0 32,2.0 42,2.0 59,4.0 72,1.0 74,1.0 77,4.0 78,1.0 
8,2.0 11,2.0 38,3.0 
10,2.0 11,3.0 12,2.0 31,3.0 48,3.0 49,1.0 113,2.0 
10,2.0 11,3.0 12,2.0 31,3.0 47,3.0 49,1.0 113,2.0 
11,1.0 31,1.0 32,16.0 38,8.0 50,1.0 51,1.0 60,8.0 65,16.0 66,8.0 
20,2.0 29,2.0 31,2.0 51,10.0 52,16.0 53,8.0 56,2.0 57,4.0 58,2.0 60,10.0 61,8.0 74,2.0 81,2.0 109,2.0 
50,10.0 52,10.0 53,8.0 55,2.0 57,2.0 58,2.0 60,2.0 61,2.0 72,2.0 81,6.0 88,2.0 89,2.0 94,2.0 95,2.0 
12,8.0 20,8.0 53,8.0 54,8.0 55,4.0 56,4.0 59,10.0 61,8.0 65,2.0 81,2.0 87,2.0 89,2.0 
52,8.0 54,8.0 55,4.0 56,4.0 
55,8.0 56,8.0 57,4.0 58,4.0 
51,2.0 52,2.0 54,4.0 56,8.0 57,8.0 58,8.0 81,2.0 88,2.0 89,2.0 
20,2.0 29,2.0 31,2.0 50,2.0 54,4.0 55,8.0 57,8.0 58,8.0 109,2.0 
12,8.0 20,8.0 32,2.0 50,1.0 51,1.0 58,10.0 59,8.0 63,2.0 81,3.0 82,2.0 83,2.0 84,2.0 90,2.0 
12,8.0 20,8.0 32,10.0 49,8.0 57,10.0 59,8.0 65,8.0 67,8.0 81,2.0 90,2.0 
12,24.0 17,8.0 20,16.0 44,8.0 50,12.0 51,6.0 55,2.0 60,8.0 62,8.0 63,8.0 65,4.0 72,4.0 78,4.0 79,4.0 87,4.0 88,2.0 90,2.0 91,2.0 
50,10.0 51,2.0 52,8.0 57,2.0 58,10.0 61,8.0 66,8.0 67,8.0 81,2.0 
8,8.0 12,20.0 17,6.0 20,10.0 32,2.0 52,8.0 59,12.0 67,8.0 73,8.0 80,6.0 81,2.0 95,2.0 105,2.0 
4,8.0 44,8.0 63,8.0 64,8.0 96,2.0 97,2.0 98,2.0 99,2.0 100,2.0 
3,2.0 4,8.0 44,8.0 62,8.0 64,8.0 82,2.0 83,2.0 84,2.0 85,2.0 86,2.0 
4,8.0 8,8.0 9,8.0 12,8.0 32,8.0 49,8.0 65,8.0 70,8.0 
32,18.0 38,8.0 49,16.0 51,2.0 55,2.0 59,4.0 60,8.0 66,8.0 87,4.0 88,2.0 90,4.0 91,4.0 108,2.0 109,2.0 
58,8.0 60,8.0 61,8.0 67,16.0 71,8.0 72,8.0 73,8.0 
8,8.0 12,8.0 32,8.0 49,8.0 58,8.0 61,8.0 65,8.0 73,8.0 
2,2.0 4,2.0 9,12.0 28,2.0 45,4.0 64,8.0 69,8.0 70,8.0 75,4.0 76,4.0 77,4.0 83,2.0 86,2.0 
9,8.0 64,8.0 68,8.0 70,8.0 
8,8.0 9,8.0 12,8.0 64,8.0 
61,8.0 66,8.0 67,8.0 72,8.0 73,8.0 
51,2.0 57,1.0 61,16.0 66,8.0 67,8.0 71,8.0 73,8.0 74,1.0 78,7.0 79,4.0 80,6.0 81,3.0 94,2.0 95,2.0 104,2.0 105,2.0 
8,8.0 12,8.0 61,8.0 67,8.0 
3,1.0 4,1.0 17,2.0 44,2.0 50,2.0 57,3.0 68,4.0 72,1.0 75,4.0 76,4.0 78,1.0 81,1.0 83,2.0 92,2.0 
1,1.0 2,3.0 9,7.0 28,3.0 42,2.0 44,2.0 45,7.0 68,4.0 76,8.0 77,4.0 103,2.0 
1,1.0 2,3.0 9,5.0 28,3.0 45,5.0 68,4.0 75,8.0 77,4.0 
9,4.0 12,4.0 17,4.0 45,4.0 59,4.0 
57,1.0 61,6.0 72,7.0 74,1.0 79,4.0 80,6.0 81,1.0 104,2.0 105,2.0 
61,4.0 72,4.0 78,4.0 80,4.0 
12,4.0 17,4.0 32,2.0 59,4.0 61,6.0 105,2.0 
17,2.0 20,2.0 32,2.0 50,1.0 51,1.0 52,2.0 57,3.0 58,2.0 59,2.0 61,2.0 65,2.0 87,2.0 89,2.0 90,2.0 95,2.0 
3,2.0 63,2.0 83,2.0 84,2.0 85,2.0 86,2.0 
2,2.0 3,2.0 4,2.0 9,2.0 28,2.0 44,2.0 63,2.0 68,2.0 82,2.0 84,2.0 85,2.0 86,6.0 92,2.0 93,2.0 
3,2.0 63,2.0 82,2.0 83,2.0 85,2.0 86,2.0 
3,2.0 59,2.0 65,2.0 86,2.0 87,2.0 
2,2.0 3,2.0 4,2.0 9,2.0 17,2.0 20,2.0 32,2.0 59,2.0 65,2.0 85,2.0 87,2.0 90,2.0 93,2.0 
51,2.0 55,2.0 59,4.0 65,4.0 88,2.0 90,2.0 91,2.0 
51,2.0 52,2.0 55,2.0 81,2.0 89,2.0 
52,2.0 59,2.0 65,2.0 81,2.0 87,2.0 
17,2.0 28,2.0 32,4.0 44,2.0 50,2.0 51,2.0 60,2.0 68,2.0 74,2.0 75,2.0 83,2.0 91,4.0 103,2.0 
28,2.0 44,2.0 68,2.0 75,2.0 83,2.0 90,4.0 103,2.0 
9,2.0 44,2.0 83,2.0 86,2.0 93,2.0 
9,2.0 17,2.0 20,2.0 86,2.0 
51,2.0 61,2.0 72,2.0 81,2.0 95,2.0 
17,2.0 20,2.0 61,2.0 81,2.0 
62,2.0 97,2.0 98,2.0 99,2.0 100,2.0 
32,2.0 62,2.0 96,2.0 98,2.0 99,2.0 100,2.0 106,2.0 107,2.0 
62,2.0 96,2.0 97,2.0 99,2.0 100,2.0 
62,2.0 96,2.0 97,2.0 98,2.0 100,2.0 
10,2.0 101,2.0 102,2.0 
10,2.0 65,2.0 102,2.0 
10,2.0 65,2.0 101,2.0 
9,2.0 42,2.0 44,2.0 45,2.0 75,2.0 
61,2.0 72,2.0 78,2.0 80,2.0 105,2.0 
32,2.0 61,2.0 80,2.0 
32,2.0 97,2.0 107,2.0 
32,2.0 97,2.0 106,2.0 
32,2.0 65,2.0 109,2.0 
11,2.0 12,2.0 20,6.0 29,2.0 31,4.0 32,6.0 50,2.0 56,2.0 65,2.0 108,2.0 110,2.0 111,2.0 112,2.0 
20,2.0 32,2.0 109,2.0 
20,2.0 32,2.0 109,2.0 
11,2.0 12,2.0 31,2.0 109,2.0 
10,2.0 11,2.0 12,2.0 31,2.0 47,2.0 48,2.0 
