1,1.0 3,4.0 4,4.0 11,2.0 62,4.0 86,4.0 108,1.0 109,1.0 
2,14.0 15,4.0 29,8.0 35,3.0 37,3.0 41,3.0 42,3.0 43,3.0 
1,6.0 3,3.0 4,15.0 5,23.0 12,2.0 14,3.0 15,14.0 18,3.0 24,11.0 27,6.0 28,3.0 37,15.0 40,3.0 41,4.0 42,4.0 45,16.0 46,3.0 53,3.0 62,8.0 64,3.0 65,3.0 69,1.0 72,10.0 
2,10.0 3,12.0 4,44.0 5,3.0 7,6.0 8,3.0 9,2.0 10,12.0 11,18.0 12,11.0 13,3.0 16,1.0 20,3.0 24,5.0 27,36.0 28,4.0 29,3.0 30,3.0 32,3.0 36,4.0 39,2.0 45,14.0 48,3.0 49,3.0 50,3.0 51,19.0 52,3.0 53,12.0 54,3.0 56,6.0 61,3.0 62,41.0 71,4.0 72,4.0 73,2.0 75,2.0 76,2.0 77,8.0 78,8.0 79,12.0 80,4.0 87,5.0 88,2.0 101,2.0 104,2.0 107,1.0 
0,2.0 1,3.0 3,44.0 4,4.0 5,6.0 7,6.0 8,3.0 10,6.0 11,6.0 12,3.0 13,3.0 20,3.0 24,9.0 25,3.0 26,3.0 27,6.0 28,22.0 29,6.0 30,3.0 31,3.0 32,3.0 37,16.0 42,2.0 45,22.0 46,3.0 47,3.0 48,3.0 49,3.0 50,3.0 62,18.0 64,3.0 65,3.0 71,4.0 77,8.0 87,1.0 90,2.0 91,2.0 106,1.0 107,1.0 110,1.0 
2,5.0 3,9.0 6,3.0 11,6.0 27,15.0 37,14.0 38,3.0 45,9.0 51,3.0 53,6.0 57,6.0 58,6.0 62,8.0 66,3.0 72,8.0 76,8.0 
3,20.0 4,6.0 7,3.0 10,8.0 12,6.0 27,2.0 33,3.0 36,8.0 45,5.0 51,2.0 62,4.0 72,10.0 78,8.0 87,4.0 
3,6.0 4,6.0 8,3.0 45,3.0 50,3.0 
9,3.0 
3,13.0 4,11.0 5,3.0 10,3.0 27,2.0 34,3.0 39,2.0 51,2.0 62,4.0 
2,11.0 3,10.0 4,6.0 10,2.0 11,3.0 12,3.0 13,3.0 24,6.0 27,12.0 36,11.0 37,3.0 72,20.0 73,6.0 75,6.0 80,2.0 87,4.0 88,6.0 
2,6.0 3,20.0 4,6.0 10,3.0 12,3.0 20,3.0 27,14.0 29,3.0 32,3.0 53,6.0 56,3.0 
3,15.0 4,4.0 10,3.0 13,3.0 27,4.0 45,2.0 51,2.0 62,5.0 72,2.0 78,4.0 101,2.0 104,2.0 106,2.0 110,1.0 
5,3.0 
15,3.0 
1,3.0 2,8.0 3,3.0 4,6.0 16,3.0 24,8.0 27,6.0 28,3.0 37,3.0 45,17.0 63,3.0 
17,4.0 
18,4.0 67,1.0 
1,3.0 2,3.0 19,3.0 20,3.0 21,3.0 27,1.0 37,1.0 67,1.0 68,1.0 84,4.0 85,4.0 
20,3.0 21,3.0 22,3.0 23,3.0 39,3.0 
3,3.0 4,3.0 11,3.0 19,3.0 21,3.0 22,3.0 23,3.0 29,3.0 
19,3.0 20,3.0 22,3.0 23,3.0 
2,3.0 23,3.0 
2,3.0 22,3.0 
1,4.0 3,3.0 4,9.0 25,3.0 26,3.0 29,4.0 34,4.0 39,8.0 45,11.0 48,3.0 
1,1.0 4,3.0 24,3.0 26,4.0 34,4.0 43,4.0 44,4.0 
2,10.0 15,4.0 18,3.0 34,4.0 43,4.0 
1,1.0 2,15.0 3,36.0 4,6.0 9,5.0 10,12.0 11,12.0 12,4.0 24,8.0 28,9.0 29,3.0 31,3.0 32,6.0 37,19.0 39,2.0 43,3.0 45,19.0 51,16.0 52,3.0 53,18.0 54,3.0 56,6.0 59,3.0 61,3.0 62,4.0 63,3.0 68,3.0 70,2.0 71,2.0 72,12.0 73,8.0 75,8.0 82,4.0 83,4.0 101,2.0 104,2.0 
0,2.0 2,3.0 3,6.0 4,22.0 10,6.0 18,4.0 25,4.0 27,17.0 28,4.0 29,3.0 31,3.0 32,3.0 37,16.0 42,4.0 44,4.0 45,12.0 62,4.0 63,3.0 72,14.0 74,8.0 75,8.0 93,2.0 94,4.0 
1,4.0 2,4.0 3,3.0 4,3.0 7,3.0 9,3.0 15,10.0 27,4.0 30,3.0 37,4.0 45,7.0 
3,3.0 4,6.0 11,3.0 20,3.0 27,3.0 28,3.0 29,6.0 31,3.0 62,3.0 
4,3.0 27,3.0 28,3.0 32,3.0 
3,6.0 6,3.0 11,3.0 27,6.0 30,3.0 51,3.0 53,6.0 
30,3.0 
0,4.0 2,7.0 15,4.0 26,4.0 43,4.0 86,4.0 
10,3.0 36,3.0 37,3.0 81,4.0 
2,11.0 3,4.0 10,11.0 37,3.0 72,8.0 
0,2.0 1,8.0 2,9.0 4,16.0 5,8.0 10,3.0 25,1.0 27,19.0 28,16.0 36,3.0 37,6.0 41,4.0 42,8.0 43,6.0 45,20.0 53,6.0 59,3.0 62,20.0 68,3.0 69,1.0 70,2.0 71,2.0 72,12.0 76,8.0 82,4.0 83,4.0 90,2.0 91,2.0 94,6.0 
39,3.0 
2,3.0 3,2.0 4,2.0 5,3.0 6,12.0 12,2.0 27,2.0 37,6.0 62,6.0 72,4.0 
26,3.0 
1,3.0 25,1.0 37,4.0 42,4.0 43,3.0 69,1.0 
1,3.0 25,1.0 37,4.0 41,4.0 43,3.0 69,1.0 95,2.0 96,2.0 99,2.0 100,2.0 
2,7.0 3,3.0 15,7.0 26,4.0 27,3.0 34,4.0 44,3.0 51,3.0 
25,4.0 26,4.0 29,3.0 34,4.0 43,4.0 
0,2.0 1,7.0 2,6.0 3,12.0 4,21.0 5,2.0 7,3.0 9,3.0 12,2.0 18,4.0 24,11.0 25,4.0 27,21.0 28,10.0 29,4.0 30,3.0 34,4.0 37,20.0 43,3.0 44,4.0 46,3.0 47,3.0 48,3.0 49,3.0 50,3.0 53,6.0 59,3.0 62,5.0 68,2.0 70,2.0 72,12.0 82,4.0 83,4.0 106,2.0 110,1.0 
4,3.0 45,3.0 47,3.0 
6,3.0 
3,3.0 4,3.0 45,3.0 49,3.0 
2,3.0 
43,3.0 
3,19.0 12,2.0 16,1.0 27,16.0 39,2.0 45,2.0 52,3.0 53,6.0 54,3.0 56,3.0 61,3.0 104,2.0 
3,3.0 27,3.0 51,3.0 53,3.0 
2,6.0 3,12.0 11,6.0 27,18.0 32,3.0 37,6.0 45,6.0 51,6.0 54,3.0 59,3.0 61,3.0 
55,3.0 
3,6.0 11,3.0 27,6.0 51,3.0 
32,6.0 
5,6.0 58,6.0 
3,3.0 5,6.0 11,3.0 27,6.0 37,3.0 45,3.0 
60,3.0 
55,3.0 
30,3.0 
1,4.0 3,37.0 4,18.0 5,8.0 10,2.0 28,8.0 37,16.0 43,3.0 45,4.0 62,8.0 71,4.0 72,16.0 76,10.0 77,4.0 78,4.0 79,12.0 80,4.0 82,4.0 83,4.0 87,5.0 88,2.0 90,2.0 91,2.0 106,1.0 107,1.0 110,1.0 
2,3.0 27,3.0 28,3.0 
4,3.0 5,3.0 65,3.0 
4,3.0 5,3.0 64,3.0 
19,3.0 
18,1.0 27,1.0 37,1.0 68,1.0 
1,1.0 27,3.0 37,3.0 70,2.0 71,2.0 
25,1.0 37,1.0 41,1.0 42,1.0 
27,2.0 37,2.0 68,2.0 71,2.0 
10,6.0 27,6.0 72,6.0 
1,4.0 2,8.0 3,4.0 4,1.0 5,10.0 10,20.0 12,2.0 18,4.0 24,6.0 25,4.0 27,12.0 28,8.0 36,8.0 37,12.0 44,4.0 45,12.0 62,13.0 73,6.0 75,6.0 76,8.0 106,2.0 110,1.0 
28,8.0 74,8.0 
3,2.0 10,6.0 27,8.0 28,8.0 72,6.0 75,8.0 
3,2.0 10,6.0 24,8.0 27,8.0 72,6.0 
9,8.0 77,2.0 
3,2.0 6,8.0 27,2.0 39,6.0 
3,14.0 10,2.0 12,4.0 62,10.0 87,4.0 88,2.0 
3,6.0 62,6.0 76,2.0 80,4.0 
35,4.0 89,2.0 
77,4.0 
28,4.0 45,4.0 62,4.0 72,4.0 83,4.0 
28,4.0 45,4.0 62,4.0 72,4.0 82,4.0 
28,4.0 45,4.0 72,4.0 85,4.0 
28,4.0 45,4.0 72,4.0 84,4.0 
0,4.0 3,4.0 4,4.0 62,4.0 
0,1.0 3,6.0 10,4.0 62,6.0 78,4.0 80,2.0 88,4.0 107,1.0 
10,6.0 80,2.0 87,4.0 88,2.0 
90,2.0 
28,2.0 77,2.0 93,2.0 
92,2.0 
4,2.0 37,2.0 62,2.0 
28,2.0 37,2.0 94,2.0 
28,4.0 37,6.0 42,2.0 94,2.0 
96,2.0 97,2.0 98,2.0 
95,2.0 97,2.0 98,2.0 
4,4.0 28,4.0 37,4.0 98,4.0 
4,4.0 28,4.0 37,4.0 97,4.0 
97,2.0 98,2.0 100,2.0 
97,2.0 98,2.0 99,2.0 
102,4.0 103,2.0 
101,4.0 
9,2.0 
39,2.0 105,4.0 
104,4.0 
3,1.0 4,2.0 62,2.0 110,1.0 
0,1.0 87,1.0 
1,1.0 109,1.0 
1,1.0 108,1.0 
4,1.0 62,1.0 106,1.0 
