1,20.0 2,4.0 4,26.0 6,2.0 7,2.0 8,6.0 17,4.0 22,4.0 23,2.0 24,4.0 26,16.0 27,4.0 30,4.0 35,12.0 36,2.0 50,4.0 51,4.0 52,16.0 
0,2.0 2,12.0 3,4.0 4,10.0 7,24.0 12,24.0 13,4.0 14,4.0 15,12.0 19,4.0 22,8.0 26,20.0 31,4.0 35,8.0 43,4.0 48,4.0 52,20.0 71,2.0 
0,4.0 1,4.0 3,20.0 4,4.0 6,4.0 7,4.0 8,16.0 21,4.0 35,12.0 41,4.0 48,4.0 52,4.0 76,3.0 
0,4.0 1,10.0 4,8.0 6,1.0 7,13.0 8,9.0 11,4.0 12,4.0 21,2.0 22,2.0 26,12.0 34,4.0 36,3.0 41,7.0 43,10.0 44,4.0 45,4.0 48,4.0 53,2.0 72,1.0 88,5.0 90,1.0 
0,18.0 1,12.0 5,12.0 6,2.0 7,10.0 8,18.0 14,4.0 17,12.0 22,4.0 23,2.0 24,4.0 26,20.0 31,8.0 33,4.0 35,16.0 36,2.0 46,8.0 47,8.0 52,12.0 71,2.0 89,4.0 
0,2.0 1,2.0 6,8.0 7,8.0 8,8.0 12,4.0 16,8.0 26,8.0 31,8.0 
7,24.0 8,23.0 9,8.0 11,8.0 12,3.0 22,4.0 23,3.0 36,3.0 49,4.0 55,1.0 59,3.0 86,3.0 90,1.0 
0,8.0 1,8.0 2,8.0 3,14.0 4,8.0 6,24.0 7,8.0 8,34.0 9,8.0 11,16.0 12,27.0 13,4.0 15,12.0 20,8.0 21,2.0 22,12.0 23,7.0 26,4.0 31,24.0 36,14.0 41,15.0 43,2.0 48,4.0 49,4.0 53,2.0 55,1.0 63,6.0 69,6.0 86,3.0 87,2.0 88,4.0 90,1.0 
0,12.0 1,4.0 3,12.0 4,8.0 5,4.0 6,26.0 7,29.0 9,8.0 11,8.0 12,3.0 14,4.0 16,4.0 17,12.0 22,4.0 23,18.0 24,30.0 25,4.0 26,12.0 27,6.0 28,4.0 30,6.0 35,8.0 36,13.0 41,3.0 43,5.0 45,4.0 47,8.0 49,4.0 55,2.0 56,3.0 57,3.0 58,9.0 60,6.0 61,6.0 62,6.0 63,6.0 64,6.0 72,3.0 81,3.0 86,3.0 
10,8.0 
6,8.0 7,8.0 8,8.0 
1,4.0 3,4.0 4,4.0 5,4.0 7,8.0 12,4.0 13,4.0 26,4.0 41,4.0 48,4.0 87,2.0 88,4.0 89,4.0 
0,12.0 1,4.0 3,4.0 4,8.0 7,24.0 8,4.0 11,4.0 13,12.0 15,4.0 22,4.0 36,6.0 40,4.0 41,2.0 86,4.0 87,6.0 
1,4.0 4,4.0 5,4.0 11,4.0 14,4.0 15,8.0 21,4.0 26,8.0 32,4.0 87,2.0 89,4.0 
4,12.0 15,4.0 16,4.0 17,4.0 18,4.0 22,4.0 26,8.0 28,4.0 35,8.0 
1,16.0 4,4.0 5,4.0 7,4.0 14,4.0 16,8.0 17,8.0 18,8.0 22,12.0 26,20.0 31,4.0 32,4.0 35,4.0 71,2.0 
1,8.0 8,4.0 13,4.0 15,8.0 17,12.0 18,12.0 20,4.0 21,4.0 22,4.0 24,4.0 28,4.0 31,8.0 35,4.0 42,4.0 73,3.0 
0,4.0 1,12.0 4,4.0 8,15.0 14,4.0 16,12.0 18,12.0 20,4.0 23,3.0 24,8.0 26,4.0 31,4.0 35,8.0 39,4.0 40,4.0 47,8.0 58,3.0 
1,8.0 16,12.0 17,12.0 20,4.0 
16,4.0 17,4.0 18,4.0 20,3.0 75,3.0 77,3.0 
0,1.0 2,8.0 7,8.0 8,1.0 12,1.0 16,3.0 19,3.0 20,1.0 23,7.0 31,8.0 41,4.0 46,3.0 71,3.0 75,3.0 77,3.0 79,5.0 85,3.0 86,1.0 
5,4.0 13,4.0 22,6.0 23,4.0 26,4.0 53,2.0 
0,6.0 1,14.0 4,6.0 7,12.0 8,8.0 12,4.0 15,12.0 16,2.0 17,4.0 20,4.0 23,4.0 24,4.0 25,4.0 26,12.0 30,4.0 31,12.0 35,2.0 42,2.0 43,2.0 47,4.0 49,4.0 50,4.0 
6,6.0 7,13.0 8,16.0 12,3.0 16,3.0 20,7.0 22,4.0 24,4.0 25,4.0 31,22.0 36,6.0 41,3.0 56,3.0 57,3.0 58,3.0 61,6.0 66,6.0 67,6.0 68,6.0 70,6.0 71,3.0 72,3.0 73,3.0 77,3.0 86,3.0 
0,8.0 4,4.0 8,24.0 16,4.0 17,8.0 23,6.0 25,4.0 26,4.0 27,6.0 28,4.0 31,16.0 35,4.0 39,4.0 40,4.0 58,6.0 60,6.0 61,6.0 81,3.0 
0,4.0 8,4.0 24,4.0 
0,12.0 1,16.0 2,8.0 3,4.0 4,28.0 5,8.0 7,16.0 8,12.0 12,4.0 15,4.0 16,12.0 17,8.0 22,4.0 24,8.0 27,4.0 31,20.0 35,20.0 43,4.0 45,4.0 46,4.0 47,4.0 71,2.0 89,4.0 
8,16.0 16,4.0 24,16.0 26,4.0 31,12.0 41,6.0 60,6.0 65,6.0 
4,4.0 14,4.0 22,8.0 29,8.0 
14,4.0 28,8.0 
7,4.0 8,6.0 22,4.0 31,4.0 62,6.0 
1,8.0 2,8.0 3,2.0 7,30.0 15,16.0 16,8.0 17,10.0 20,8.0 22,8.0 23,22.0 24,10.0 26,4.0 27,12.0 32,6.0 35,4.0 36,3.0 39,4.0 40,4.0 41,13.0 61,6.0 65,6.0 67,6.0 68,6.0 70,6.0 71,6.0 
15,4.0 16,4.0 17,10.0 18,4.0 31,6.0 71,6.0 
34,4.0 
2,4.0 35,8.0 36,4.0 44,4.0 
0,4.0 2,12.0 3,12.0 4,20.0 5,4.0 6,4.0 7,8.0 8,16.0 11,4.0 14,12.0 15,4.0 17,4.0 24,4.0 26,16.0 35,4.0 36,4.0 37,4.0 41,4.0 43,2.0 46,4.0 48,4.0 54,2.0 88,4.0 
3,9.0 6,4.0 7,12.0 8,14.0 12,3.0 23,6.0 35,4.0 37,4.0 41,8.0 43,6.0 73,3.0 77,6.0 84,3.0 86,3.0 90,1.0 
38,4.0 
17,4.0 24,4.0 31,4.0 
22,4.0 40,4.0 
1,4.0 22,4.0 39,4.0 52,4.0 87,4.0 
2,4.0 3,9.0 4,4.0 6,1.0 7,11.0 8,8.0 11,4.0 12,4.0 23,3.0 24,6.0 27,6.0 31,6.0 36,8.0 43,2.0 48,4.0 56,3.0 57,3.0 75,3.0 77,3.0 78,3.0 79,3.0 84,3.0 88,4.0 90,1.0 
13,4.0 16,4.0 21,4.0 
1,4.0 3,8.0 8,1.0 34,4.0 35,2.0 44,4.0 54,2.0 55,1.0 
2,4.0 34,4.0 35,4.0 
2,4.0 26,4.0 35,4.0 
0,5.0 8,1.0 20,4.0 26,4.0 28,4.0 79,4.0 85,3.0 
1,4.0 8,8.0 14,4.0 17,8.0 35,4.0 
2,4.0 3,8.0 7,8.0 11,4.0 12,4.0 41,4.0 88,4.0 
0,4.0 22,4.0 50,4.0 
0,4.0 23,6.0 31,6.0 51,4.0 67,6.0 
0,4.0 2,4.0 
1,20.0 7,16.0 12,16.0 
21,2.0 22,2.0 
16,2.0 42,2.0 
56,6.0 
57,6.0 82,3.0 
8,9.0 23,3.0 24,6.0 41,3.0 56,3.0 
8,3.0 20,3.0 23,6.0 41,3.0 57,3.0 59,6.0 71,3.0 
8,9.0 23,3.0 24,6.0 60,6.0 72,3.0 81,3.0 
8,12.0 24,6.0 27,6.0 61,6.0 81,3.0 
8,6.0 30,6.0 31,6.0 32,6.0 71,6.0 
8,6.0 36,6.0 
8,6.0 64,6.0 
8,6.0 27,6.0 
27,6.0 60,6.0 
50,6.0 
23,6.0 31,6.0 68,6.0 
27,6.0 31,6.0 41,6.0 
23,6.0 31,6.0 70,6.0 
23,6.0 31,6.0 61,6.0 
4,2.0 7,2.0 16,3.0 17,6.0 20,3.0 23,3.0 26,2.0 31,8.0 32,6.0 
6,1.0 7,1.0 8,4.0 23,4.0 36,1.0 58,3.0 88,1.0 
55,3.0 74,3.0 80,3.0 
73,3.0 75,3.0 
2,3.0 74,3.0 76,9.0 
19,3.0 20,3.0 41,3.0 75,6.0 77,3.0 78,3.0 79,3.0 
19,3.0 20,3.0 23,3.0 36,6.0 41,3.0 73,3.0 75,3.0 84,3.0 
41,3.0 75,3.0 79,3.0 
0,1.0 8,1.0 12,1.0 20,5.0 41,3.0 46,3.0 75,3.0 78,3.0 79,1.0 85,3.0 86,1.0 
23,3.0 36,3.0 77,3.0 
8,3.0 24,3.0 60,3.0 61,3.0 
83,3.0 
36,3.0 41,3.0 77,3.0 
20,3.0 46,3.0 79,3.0 85,3.0 
0,1.0 8,1.0 20,4.0 46,3.0 79,4.0 
12,4.0 40,4.0 87,4.0 
1,4.0 4,2.0 11,2.0 13,2.0 26,2.0 40,4.0 52,4.0 89,2.0 
3,4.0 6,1.0 7,9.0 8,1.0 11,4.0 12,4.0 23,1.0 36,1.0 41,4.0 48,4.0 72,1.0 
4,4.0 7,4.0 26,4.0 31,4.0 
6,1.0 7,1.0 55,1.0 
