0,3.0 1,84.0 4,38.0 5,36.0 6,34.0 11,3.0 12,7.0 16,13.0 18,5.0 19,9.0 20,8.0 21,2.0 24,6.0 33,8.0 37,4.0 38,4.0 
0,6.0 2,32.0 3,10.0 4,45.0 5,13.0 6,8.0 9,32.0 11,46.0 12,54.0 13,6.0 14,8.0 17,3.0 19,2.0 21,8.0 24,13.0 36,4.0 37,8.0 38,6.0 
3,32.0 
0,40.0 4,5.0 5,13.0 6,10.0 10,4.0 11,2.0 12,4.0 17,3.0 22,3.0 24,5.0 25,5.0 26,3.0 38,2.0 42,4.0 
0,47.0 1,50.0 3,8.0 5,100.0 6,106.0 7,34.0 8,31.0 10,8.0 11,92.0 12,92.0 14,13.0 16,5.0 17,6.0 18,3.0 21,9.0 22,8.0 32,3.0 34,5.0 35,1.0 40,1.0 
0,46.0 1,20.0 3,8.0 4,100.0 6,120.0 7,32.0 8,8.0 11,12.0 12,30.0 13,20.0 14,5.0 17,14.0 18,4.0 19,11.0 21,8.0 22,12.0 24,32.0 27,12.0 28,5.0 31,3.0 32,5.0 34,5.0 37,30.0 
0,42.0 1,16.0 3,8.0 4,106.0 5,120.0 7,32.0 14,5.0 17,6.0 21,8.0 24,20.0 28,5.0 32,5.0 34,9.0 38,7.0 43,2.0 44,1.0 45,1.0 46,1.0 
4,2.0 5,18.0 6,5.0 8,38.0 11,17.0 12,24.0 17,2.0 24,15.0 27,3.0 36,6.0 37,10.0 38,12.0 
4,32.0 5,39.0 6,37.0 7,8.0 11,4.0 12,6.0 13,47.0 24,15.0 29,3.0 36,2.0 37,2.0 38,4.0 
4,8.0 10,32.0 11,8.0 12,8.0 
0,32.0 4,9.0 11,9.0 12,9.0 13,4.0 14,8.0 22,8.0 35,5.0 
0,16.0 1,34.0 3,6.0 4,92.0 5,12.0 6,1.0 7,2.0 8,44.0 10,8.0 12,135.0 13,14.0 14,13.0 18,12.0 19,6.0 21,3.0 22,12.0 23,3.0 24,20.0 25,5.0 27,12.0 33,1.0 35,1.0 38,29.0 40,5.0 41,6.0 42,8.0 
0,18.0 1,38.0 4,92.0 5,30.0 7,2.0 8,40.0 10,8.0 11,135.0 13,22.0 14,13.0 17,2.0 18,16.0 19,14.0 21,3.0 22,12.0 23,3.0 24,32.0 25,3.0 35,1.0 37,30.0 38,26.0 40,9.0 42,12.0 
3,4.0 4,26.0 5,7.0 7,4.0 8,8.0 11,39.0 12,40.0 18,23.0 23,3.0 24,7.0 27,3.0 28,3.0 37,4.0 38,4.0 39,2.0 
0,10.0 4,8.0 5,5.0 6,8.0 9,8.0 15,8.0 17,3.0 
10,8.0 16,8.0 
1,13.0 4,5.0 18,8.0 
0,6.0 3,6.0 4,6.0 5,14.0 6,6.0 12,2.0 13,2.0 19,3.0 22,12.0 31,3.0 37,2.0 
1,8.0 4,8.0 5,16.0 6,5.0 7,8.0 11,7.0 12,12.0 19,12.0 24,6.0 27,3.0 31,3.0 33,5.0 37,8.0 38,4.0 
1,6.0 4,8.0 5,16.0 6,17.0 7,8.0 8,5.0 11,2.0 12,2.0 13,2.0 17,3.0 18,5.0 22,3.0 24,7.0 32,5.0 38,6.0 
4,8.0 5,8.0 6,8.0 
0,2.0 4,9.0 11,9.0 12,9.0 15,8.0 33,4.0 40,1.0 
0,3.0 3,3.0 4,8.0 5,12.0 10,8.0 11,12.0 12,12.0 17,12.0 19,3.0 21,2.0 31,3.0 40,2.0 42,4.0 
1,3.0 11,3.0 12,3.0 
0,13.0 1,6.0 5,32.0 6,20.0 8,7.0 11,20.0 12,32.0 13,14.0 14,5.0 18,8.0 19,8.0 25,3.0 28,5.0 32,5.0 37,12.0 38,14.0 
0,2.0 3,3.0 5,3.0 17,3.0 22,3.0 
19,3.0 30,3.0 
5,12.0 8,6.0 11,12.0 13,6.0 
5,3.0 7,5.0 11,3.0 27,3.0 
26,3.0 
7,3.0 
5,3.0 17,3.0 19,3.0 22,3.0 
3,5.0 4,3.0 11,2.0 18,5.0 38,2.0 
0,6.0 1,5.0 19,5.0 21,2.0 44,1.0 
10,5.0 11,4.0 
0,1.0 4,5.0 7,2.0 11,5.0 12,5.0 21,1.0 
0,4.0 8,6.0 13,2.0 
0,4.0 1,4.0 5,30.0 8,2.0 12,30.0 13,14.0 17,2.0 18,4.0 19,8.0 24,12.0 
0,2.0 1,2.0 3,2.0 6,7.0 8,4.0 11,28.0 12,26.0 13,8.0 18,12.0 19,6.0 24,14.0 25,2.0 34,4.0 43,2.0 44,1.0 
8,2.0 
11,10.0 12,4.0 22,2.0 42,4.0 
11,6.0 12,4.0 22,2.0 41,6.0 42,4.0 
0,2.0 11,8.0 12,12.0 21,2.0 22,4.0 40,8.0 
11,2.0 
0,1.0 6,1.0 33,1.0 45,1.0 
6,1.0 46,1.0 
40,1.0 
