0,4.0 1,4.0 3,2.0 6,25.0 7,8.0 8,4.0 16,4.0 18,14.0 21,4.0 24,19.0 25,12.0 26,8.0 27,2.0 39,8.0 40,8.0 41,8.0 42,8.0 43,8.0 45,2.0 50,40.0 51,48.0 52,32.0 53,4.0 54,4.0 55,18.0 56,4.0 58,4.0 59,4.0 60,12.0 64,2.0 65,10.0 74,2.0 75,4.0 94,1.0 98,1.0 106,1.0 
2,2.0 3,4.0 6,4.0 18,4.0 19,8.0 26,4.0 27,4.0 32,4.0 49,8.0 52,12.0 64,4.0 66,2.0 67,2.0 
0,2.0 3,4.0 4,2.0 18,2.0 22,2.0 85,1.0 86,1.0 
0,2.0 4,2.0 5,2.0 6,1.0 16,2.0 65,4.0 66,4.0 67,4.0 99,1.0 
3,2.0 5,2.0 
1,4.0 5,4.0 16,2.0 
0,28.0 1,8.0 3,1.0 6,8.0 7,25.0 8,7.0 13,2.0 16,2.0 24,12.0 25,8.0 27,2.0 28,8.0 29,16.0 31,36.0 32,16.0 33,8.0 38,8.0 39,8.0 40,8.0 41,8.0 42,8.0 43,8.0 46,24.0 47,12.0 48,8.0 51,2.0 55,4.0 60,8.0 61,4.0 62,2.0 63,2.0 86,1.0 89,2.0 92,1.0 93,1.0 94,1.0 99,2.0 
0,5.0 5,2.0 6,22.0 8,11.0 9,2.0 24,5.0 25,8.0 26,6.0 27,8.0 28,8.0 29,8.0 31,4.0 33,1.0 37,1.0 44,2.0 51,2.0 55,4.0 71,1.0 89,4.0 94,1.0 101,1.0 
0,1.0 2,1.0 5,2.0 7,7.0 26,6.0 27,8.0 51,4.0 57,2.0 85,1.0 
10,2.0 87,2.0 
11,2.0 
12,2.0 37,1.0 
13,2.0 
14,2.0 15,2.0 81,1.0 
15,2.0 
0,2.0 5,2.0 46,2.0 60,2.0 65,2.0 85,2.0 88,2.0 90,2.0 
0,2.0 6,8.0 17,6.0 30,8.0 31,8.0 60,2.0 63,4.0 82,2.0 
2,2.0 18,4.0 19,4.0 20,4.0 22,2.0 23,2.0 
0,8.0 1,12.0 2,2.0 3,6.0 19,2.0 20,2.0 21,2.0 22,2.0 50,4.0 51,4.0 52,12.0 56,4.0 64,4.0 66,2.0 67,2.0 
0,12.0 18,2.0 20,4.0 21,4.0 23,2.0 49,8.0 50,8.0 51,8.0 
0,4.0 18,2.0 19,4.0 21,4.0 23,2.0 
0,4.0 16,2.0 24,2.0 25,2.0 
0,2.0 2,2.0 3,2.0 6,4.0 18,2.0 46,4.0 49,4.0 60,4.0 
0,2.0 19,2.0 20,2.0 21,2.0 
0,8.0 6,12.0 7,10.0 8,10.0 11,1.0 25,8.0 27,2.0 31,8.0 38,8.0 50,4.0 51,6.0 52,4.0 55,8.0 89,1.0 92,1.0 98,1.0 
0,4.0 6,8.0 7,14.0 8,6.0 24,8.0 28,8.0 51,4.0 55,8.0 58,4.0 62,2.0 84,2.0 
0,12.0 6,8.0 7,8.0 13,1.0 27,8.0 50,12.0 51,12.0 52,12.0 97,1.0 
0,4.0 6,8.0 7,8.0 8,2.0 26,8.0 50,4.0 51,8.0 52,4.0 57,2.0 
6,8.0 7,8.0 25,8.0 
6,1.0 16,8.0 30,8.0 31,4.0 34,8.0 35,8.0 
6,8.0 16,8.0 31,8.0 
0,8.0 6,40.0 16,4.0 24,8.0 26,1.0 29,13.0 30,4.0 32,8.0 33,9.0 38,8.0 46,1.0 75,1.0 97,1.0 
0,4.0 6,16.0 7,2.0 31,8.0 33,8.0 46,8.0 47,8.0 48,8.0 50,4.0 51,4.0 52,4.0 
6,8.0 29,1.0 31,9.0 32,8.0 46,1.0 89,1.0 90,1.0 
35,8.0 36,8.0 37,8.0 
34,8.0 36,8.0 37,8.0 
6,8.0 31,8.0 37,8.0 
0,1.0 6,9.0 7,1.0 31,8.0 36,8.0 89,1.0 91,1.0 99,1.0 
6,8.0 24,8.0 31,8.0 
0,8.0 6,8.0 40,8.0 41,8.0 
0,8.0 6,8.0 39,8.0 41,8.0 
0,8.0 6,8.0 42,8.0 43,8.0 
43,8.0 44,8.0 45,8.0 
42,8.0 44,8.0 45,8.0 
6,8.0 15,2.0 45,8.0 46,8.0 85,2.0 
6,8.0 15,2.0 44,8.0 46,8.0 
1,8.0 6,24.0 16,2.0 29,1.0 31,1.0 32,10.0 33,1.0 47,12.0 48,8.0 60,8.0 61,4.0 62,4.0 63,2.0 65,8.0 69,2.0 71,1.0 72,6.0 73,4.0 78,6.0 79,4.0 100,1.0 
6,12.0 32,8.0 46,12.0 48,8.0 60,4.0 61,4.0 
1,8.0 6,8.0 46,8.0 
0,8.0 6,4.0 19,8.0 22,4.0 46,4.0 50,8.0 51,8.0 60,4.0 
0,44.0 6,4.0 7,4.0 18,12.0 24,12.0 25,4.0 26,8.0 51,40.0 52,32.0 53,4.0 54,4.0 55,8.0 56,4.0 
0,52.0 6,4.0 7,4.0 8,2.0 18,12.0 24,12.0 25,6.0 26,8.0 27,2.0 37,1.0 50,40.0 51,2.0 52,32.0 53,4.0 54,4.0 55,10.0 56,4.0 57,4.0 58,4.0 59,4.0 
0,32.0 1,12.0 18,12.0 24,4.0 26,12.0 27,4.0 32,4.0 50,32.0 51,32.0 53,4.0 54,4.0 56,4.0 
1,4.0 52,4.0 
0,4.0 50,4.0 51,4.0 52,4.0 
0,10.0 6,4.0 7,8.0 8,8.0 24,8.0 25,8.0 27,2.0 51,8.0 58,4.0 
1,4.0 18,4.0 52,4.0 
0,2.0 51,2.0 
0,4.0 51,4.0 59,4.0 
22,4.0 49,4.0 107,1.0 
0,12.0 1,2.0 6,8.0 16,2.0 18,2.0 31,1.0 33,1.0 45,2.0 46,9.0 47,4.0 55,2.0 61,4.0 62,2.0 63,2.0 64,2.0 65,8.0 74,2.0 75,4.0 88,1.0 
6,4.0 46,8.0 47,4.0 60,4.0 65,2.0 78,4.0 
16,2.0 63,2.0 64,4.0 80,2.0 83,2.0 
0,2.0 16,4.0 60,2.0 82,2.0 
0,4.0 1,4.0 3,4.0 18,4.0 60,4.0 65,2.0 66,2.0 67,2.0 
0,10.0 25,4.0 45,2.0 46,8.0 55,2.0 60,8.0 62,2.0 66,4.0 67,4.0 68,4.0 69,4.0 72,4.0 73,2.0 74,4.0 75,2.0 78,4.0 79,2.0 112,1.0 
1,2.0 3,2.0 18,2.0 64,2.0 65,4.0 67,6.0 68,4.0 
1,2.0 3,2.0 18,2.0 64,2.0 65,4.0 66,6.0 68,4.0 
69,8.0 
68,4.0 70,4.0 74,8.0 
71,4.0 
7,1.0 46,4.0 65,2.0 72,4.0 94,1.0 95,1.0 
46,6.0 65,4.0 69,2.0 73,4.0 
46,2.0 65,4.0 72,2.0 
62,4.0 69,4.0 76,8.0 
0,2.0 59,1.0 60,2.0 65,4.0 111,1.0 
74,4.0 77,4.0 
61,4.0 
46,6.0 62,2.0 65,4.0 79,4.0 
46,2.0 65,4.0 78,2.0 
81,2.0 
0,2.0 51,1.0 60,2.0 65,2.0 
1,2.0 18,2.0 64,2.0 66,2.0 67,2.0 
0,2.0 65,2.0 83,2.0 
24,2.0 25,2.0 
2,1.0 15,2.0 86,1.0 90,2.0 
87,2.0 
7,2.0 88,2.0 
9,2.0 31,1.0 33,1.0 37,1.0 46,1.0 60,1.0 95,1.0 
6,2.0 13,2.0 24,1.0 33,1.0 90,1.0 92,2.0 99,1.0 
15,2.0 93,1.0 
7,1.0 
31,1.0 93,2.0 113,1.0 
6,1.0 7,1.0 46,2.0 60,1.0 88,1.0 
6,1.0 71,1.0 86,1.0 95,1.0 
37,1.0 96,1.0 
3,1.0 6,2.0 110,1.0 
13,1.0 26,1.0 
11,1.0 24,1.0 
0,1.0 89,1.0 92,1.0 93,1.0 
7,1.0 
102,1.0 
103,1.0 104,1.0 
104,1.0 105,1.0 
103,1.0 105,1.0 
0,1.0 
75,1.0 
108,1.0 109,1.0 
96,1.0 109,1.0 
96,1.0 108,1.0 
31,1.0 
65,1.0 
92,1.0 
96,1.0 
