1,6.0 2,6.0 8,6.0 13,4.0 15,1.0 19,6.0 25,4.0 35,8.0 40,1.0 56,1.0 57,3.0 83,1.0 84,1.0 85,1.0 88,1.0 100,4.0 101,4.0 110,2.0 
2,12.0 3,12.0 6,12.0 7,12.0 17,10.0 21,10.0 24,6.0 
1,12.0 3,12.0 53,2.0 54,2.0 64,2.0 
4,12.0 5,12.0 8,12.0 18,12.0 19,12.0 96,1.0 
1,12.0 5,12.0 6,12.0 
1,12.0 4,12.0 6,12.0 
1,12.0 7,12.0 10,2.0 11,12.0 12,14.0 28,4.0 36,4.0 72,2.0 73,4.0 74,4.0 81,2.0 
8,24.0 9,12.0 10,12.0 17,10.0 18,12.0 19,12.0 21,4.0 25,2.0 28,2.0 31,6.0 36,2.0 39,4.0 72,2.0 
0,7.0 1,6.0 2,8.0 6,12.0 9,24.0 10,24.0 11,12.0 13,12.0 14,12.0 15,4.0 17,12.0 18,25.0 19,31.0 20,12.0 21,16.0 22,2.0 28,33.0 32,10.0 33,4.0 34,6.0 35,6.0 36,24.0 43,2.0 64,2.0 72,4.0 96,1.0 102,6.0 108,1.0 109,1.0 
6,12.0 8,24.0 10,24.0 11,12.0 13,12.0 14,12.0 
6,12.0 8,24.0 9,24.0 11,12.0 13,12.0 14,12.0 20,2.0 36,2.0 50,3.0 52,2.0 74,2.0 75,2.0 76,2.0 
6,12.0 12,12.0 
6,2.0 8,12.0 9,12.0 10,12.0 15,12.0 16,6.0 17,2.0 28,2.0 36,2.0 72,2.0 
6,2.0 7,12.0 12,12.0 14,12.0 15,2.0 17,12.0 19,2.0 25,8.0 26,2.0 28,6.0 36,6.0 70,2.0 73,4.0 78,2.0 79,2.0 82,4.0 
12,12.0 13,12.0 
0,3.0 1,1.0 2,1.0 3,1.0 6,2.0 12,4.0 13,14.0 16,12.0 17,16.0 21,1.0 25,3.0 26,4.0 32,11.0 33,1.0 35,1.0 46,1.0 47,1.0 70,2.0 71,6.0 78,2.0 79,2.0 89,2.0 93,4.0 94,4.0 102,2.0 
13,6.0 15,12.0 17,6.0 32,6.0 
0,2.0 3,13.0 7,12.0 8,20.0 13,12.0 15,18.0 16,6.0 18,23.0 19,2.0 20,12.0 21,1.0 22,16.0 23,12.0 24,10.0 25,3.0 26,18.0 27,40.0 28,62.0 29,40.0 31,6.0 32,1.0 33,18.0 34,6.0 35,1.0 36,16.0 37,2.0 38,4.0 39,4.0 40,4.0 42,8.0 43,4.0 46,1.0 47,1.0 74,4.0 
6,2.0 7,4.0 8,25.0 17,14.0 19,25.0 20,12.0 21,32.0 23,12.0 24,10.0 25,12.0 26,2.0 32,1.0 73,2.0 74,2.0 96,1.0 103,2.0 104,2.0 105,2.0 
1,6.0 2,6.0 8,31.0 17,12.0 18,25.0 20,12.0 21,14.0 25,2.0 28,4.0 35,4.0 36,4.0 45,2.0 55,4.0 56,4.0 57,4.0 58,4.0 59,4.0 60,4.0 96,1.0 
3,12.0 17,12.0 52,2.0 53,2.0 54,2.0 
1,10.0 7,4.0 17,56.0 22,16.0 24,12.0 25,16.0 26,18.0 30,6.0 38,4.0 39,4.0 43,4.0 44,4.0 
17,16.0 18,18.0 23,12.0 43,2.0 103,2.0 
18,12.0 21,12.0 24,6.0 25,12.0 
6,2.0 17,12.0 18,2.0 21,6.0 25,6.0 26,8.0 27,6.0 28,10.0 29,6.0 73,2.0 74,4.0 81,4.0 
7,2.0 13,8.0 15,2.0 17,16.0 21,16.0 24,6.0 26,14.0 28,8.0 36,8.0 38,4.0 72,2.0 73,2.0 78,2.0 79,2.0 82,4.0 
6,2.0 7,2.0 17,18.0 18,2.0 24,2.0 25,2.0 27,18.0 28,24.0 29,18.0 36,4.0 71,4.0 72,4.0 73,6.0 74,2.0 81,2.0 
1,10.0 7,6.0 8,2.0 17,4.0 21,20.0 28,42.0 29,40.0 30,6.0 32,8.0 33,2.0 36,2.0 40,4.0 72,2.0 
0,7.0 1,10.0 7,6.0 8,37.0 13,4.0 15,6.0 17,8.0 18,1.0 19,5.0 21,26.0 22,2.0 25,4.0 26,2.0 27,40.0 28,4.0 29,40.0 30,6.0 32,18.0 33,12.0 34,6.0 35,8.0 36,49.0 40,4.0 41,3.0 43,2.0 45,2.0 56,3.0 57,1.0 66,4.0 70,2.0 72,23.0 73,2.0 74,8.0 80,6.0 81,12.0 82,4.0 83,1.0 84,1.0 88,1.0 89,2.0 93,2.0 94,2.0 102,8.0 
1,10.0 7,6.0 8,2.0 17,4.0 21,20.0 27,40.0 28,42.0 30,6.0 32,8.0 33,2.0 36,2.0 40,5.0 72,2.0 81,2.0 110,2.0 
17,6.0 21,6.0 26,6.0 
15,6.0 16,6.0 17,6.0 
15,4.0 17,26.0 33,18.0 37,2.0 41,4.0 
8,23.0 15,7.0 17,18.0 21,1.0 25,1.0 28,22.0 33,1.0 34,6.0 36,13.0 41,1.0 72,9.0 114,2.0 115,2.0 122,1.0 
0,6.0 8,6.0 28,6.0 35,6.0 
0,8.0 1,1.0 2,1.0 8,10.0 15,1.0 19,6.0 28,4.0 36,5.0 42,1.0 56,12.0 57,10.0 58,4.0 59,4.0 60,4.0 61,4.0 62,5.0 72,4.0 82,1.0 83,2.0 84,2.0 85,2.0 86,1.0 87,1.0 88,1.0 
2,2.0 8,26.0 10,2.0 13,2.0 15,6.0 17,2.0 19,4.0 21,6.0 22,2.0 25,2.0 26,2.0 28,45.0 32,10.0 33,9.0 35,1.0 41,3.0 43,2.0 45,2.0 56,2.0 64,2.0 66,4.0 70,2.0 72,20.0 73,2.0 74,2.0 75,2.0 76,2.0 80,6.0 82,5.0 83,1.0 84,1.0 85,1.0 92,2.0 93,2.0 94,2.0 102,4.0 108,1.0 109,1.0 122,1.0 
15,1.0 17,2.0 18,1.0 32,1.0 
17,4.0 18,4.0 
17,4.0 27,4.0 28,4.0 29,4.0 
15,4.0 17,4.0 29,1.0 74,1.0 81,2.0 102,1.0 110,2.0 120,1.0 121,1.0 
17,4.0 28,1.0 36,1.0 42,6.0 56,1.0 61,3.0 72,1.0 80,2.0 
8,4.0 17,8.0 18,2.0 24,2.0 26,2.0 27,4.0 28,8.0 29,4.0 36,4.0 46,1.0 47,1.0 56,1.0 57,1.0 61,2.0 62,1.0 86,1.0 87,1.0 
17,4.0 18,2.0 22,2.0 27,4.0 28,4.0 29,4.0 103,2.0 
17,4.0 42,4.0 
13,2.0 
47,4.0 48,4.0 49,4.0 55,2.0 63,2.0 
46,4.0 48,4.0 49,4.0 55,2.0 63,2.0 
49,4.0 50,4.0 51,4.0 55,2.0 63,2.0 
48,4.0 50,4.0 51,4.0 55,2.0 63,2.0 
8,2.0 10,4.0 20,2.0 36,3.0 50,2.0 51,4.0 52,2.0 
8,2.0 10,2.0 36,2.0 50,6.0 
20,2.0 53,2.0 54,2.0 
19,4.0 54,4.0 55,4.0 
19,4.0 53,4.0 55,4.0 
19,4.0 35,4.0 48,2.0 49,2.0 50,2.0 51,2.0 56,4.0 57,4.0 58,4.0 59,4.0 60,4.0 63,4.0 66,2.0 67,2.0 
0,1.0 13,2.0 15,2.0 25,2.0 28,2.0 35,7.0 36,3.0 40,1.0 42,2.0 46,3.0 47,3.0 56,5.0 57,15.0 58,4.0 59,4.0 60,4.0 61,8.0 62,10.0 65,2.0 77,2.0 82,1.0 83,2.0 84,2.0 85,2.0 86,2.0 87,2.0 88,1.0 
0,3.0 35,5.0 40,1.0 42,1.0 46,3.0 47,3.0 56,14.0 57,4.0 58,4.0 59,5.0 60,4.0 61,8.0 62,9.0 65,2.0 83,1.0 84,1.0 85,1.0 86,1.0 87,1.0 88,1.0 110,2.0 
35,4.0 56,8.0 57,8.0 59,4.0 60,4.0 61,4.0 62,4.0 
35,4.0 56,8.0 57,8.0 58,4.0 60,4.0 61,4.0 62,4.0 110,1.0 
35,4.0 56,8.0 57,8.0 58,4.0 59,4.0 61,4.0 62,4.0 
18,2.0 24,2.0 26,2.0 42,2.0 46,2.0 47,2.0 56,4.0 57,4.0 62,4.0 65,2.0 116,1.0 
42,1.0 46,3.0 47,3.0 56,5.0 57,5.0 61,4.0 65,2.0 86,1.0 87,1.0 
48,2.0 49,2.0 50,2.0 51,2.0 55,4.0 66,2.0 67,2.0 
2,2.0 53,2.0 54,2.0 
55,2.0 63,2.0 91,4.0 
67,2.0 68,2.0 69,2.0 80,4.0 95,4.0 96,4.0 97,4.0 
66,2.0 68,2.0 69,2.0 
15,2.0 69,2.0 70,2.0 71,2.0 
15,2.0 68,2.0 70,2.0 71,2.0 
6,4.0 12,2.0 13,2.0 15,2.0 71,2.0 73,2.0 
6,2.0 12,2.0 15,2.0 26,4.0 28,4.0 36,4.0 70,2.0 72,4.0 
8,13.0 13,2.0 15,6.0 26,2.0 28,23.0 33,9.0 35,4.0 36,20.0 41,3.0 56,1.0 66,4.0 70,2.0 73,2.0 80,6.0 83,2.0 122,1.0 
6,4.0 7,2.0 10,2.0 25,2.0 26,4.0 28,4.0 36,2.0 74,6.0 81,4.0 
0,1.0 10,2.0 13,2.0 15,2.0 17,2.0 18,2.0 24,4.0 25,2.0 28,12.0 33,1.0 35,2.0 36,3.0 56,2.0 57,1.0 72,1.0 75,2.0 76,2.0 81,14.0 83,3.0 84,1.0 88,1.0 89,2.0 93,2.0 94,2.0 110,1.0 121,1.0 122,1.0 
56,2.0 76,2.0 77,2.0 
56,2.0 75,2.0 77,2.0 
0,1.0 13,2.0 15,2.0 25,2.0 56,2.0 57,1.0 83,1.0 
28,2.0 36,2.0 72,2.0 79,2.0 
28,2.0 36,2.0 72,2.0 78,2.0 
41,2.0 42,2.0 61,2.0 66,4.0 95,4.0 96,4.0 97,4.0 
0,1.0 8,2.0 13,2.0 15,2.0 17,2.0 25,2.0 28,14.0 29,2.0 33,3.0 35,2.0 36,3.0 40,1.0 56,2.0 57,1.0 72,3.0 74,10.0 83,1.0 84,1.0 88,1.0 89,2.0 93,2.0 94,2.0 110,3.0 121,1.0 122,1.0 
17,2.0 28,4.0 35,1.0 36,5.0 56,1.0 83,1.0 84,1.0 85,1.0 102,2.0 
0,3.0 15,2.0 17,2.0 18,2.0 35,2.0 42,1.0 56,3.0 57,4.0 62,1.0 72,2.0 74,2.0 77,1.0 84,2.0 85,2.0 86,1.0 87,1.0 88,1.0 
0,1.0 35,2.0 42,1.0 56,3.0 57,2.0 62,1.0 83,2.0 85,2.0 86,1.0 87,1.0 88,1.0 
0,1.0 35,1.0 42,1.0 56,2.0 57,1.0 62,1.0 83,1.0 84,1.0 86,1.0 87,1.0 
10,1.0 42,1.0 46,1.0 47,1.0 56,1.0 57,1.0 62,1.0 87,1.0 
42,1.0 46,1.0 47,1.0 56,1.0 57,1.0 62,1.0 86,1.0 
0,1.0 35,1.0 56,1.0 57,1.0 83,1.0 84,1.0 85,1.0 
90,4.0 
65,4.0 117,1.0 118,1.0 119,1.0 
36,2.0 92,4.0 
15,2.0 28,2.0 36,2.0 74,2.0 81,2.0 93,2.0 94,2.0 
15,4.0 26,4.0 71,4.0 94,4.0 
15,4.0 26,4.0 71,4.0 93,4.0 
96,4.0 97,4.0 98,4.0 99,4.0 
95,4.0 97,4.0 98,4.0 99,4.0 106,2.0 
95,4.0 96,4.0 98,4.0 99,4.0 
0,4.0 99,4.0 100,4.0 101,4.0 
0,4.0 98,4.0 100,4.0 101,4.0 
0,4.0 13,4.0 25,4.0 101,4.0 
0,4.0 13,4.0 25,4.0 100,4.0 
35,4.0 56,2.0 72,6.0 74,2.0 83,4.0 111,1.0 112,2.0 113,2.0 120,1.0 
18,2.0 28,2.0 74,2.0 81,2.0 104,2.0 105,2.0 
103,2.0 105,2.0 
103,2.0 104,2.0 
57,1.0 107,1.0 
86,1.0 
8,1.0 28,1.0 109,1.0 
8,1.0 28,1.0 108,1.0 
28,1.0 29,2.0 33,1.0 36,1.0 40,2.0 41,1.0 72,1.0 74,2.0 81,4.0 102,1.0 111,1.0 121,1.0 
102,1.0 112,1.0 113,1.0 
77,1.0 83,2.0 113,2.0 
77,1.0 83,2.0 112,2.0 
33,1.0 41,1.0 115,1.0 
33,1.0 41,1.0 114,1.0 
90,1.0 
110,1.0 118,1.0 119,1.0 
110,1.0 117,1.0 119,1.0 
110,1.0 117,1.0 118,1.0 
102,1.0 112,1.0 113,1.0 
33,1.0 36,1.0 72,1.0 74,1.0 81,1.0 122,1.0 
8,1.0 33,1.0 36,1.0 72,1.0 
