0,2.0 1,1.0 16,2.0 19,1.0 21,1.0 22,1.0 23,8.0 24,3.0 29,1.0 30,1.0 31,7.0 32,19.0 34,2.0 35,2.0 37,5.0 40,1.0 47,3.0 55,2.0 56,6.0 63,2.0 64,6.0 70,2.0 83,3.0 84,1.0 86,2.0 94,2.0 104,4.0 110,6.0 117,2.0 185,1.0 186,1.0 187,1.0 188,2.0 189,2.0 190,2.0 191,2.0 192,2.0 
2,3.0 137,2.0 139,2.0 
3,3.0 14,2.0 125,2.0 127,2.0 136,2.0 138,4.0 150,9.0 
2,1.0 4,1.0 5,1.0 6,1.0 7,1.0 8,1.0 9,1.0 115,2.0 152,2.0 
5,3.0 6,1.0 7,1.0 9,1.0 11,1.0 12,1.0 138,2.0 
3,3.0 4,1.0 6,2.0 7,2.0 9,1.0 104,2.0 138,4.0 151,4.0 
3,1.0 7,6.0 8,1.0 10,1.0 12,4.0 13,1.0 15,3.0 16,1.0 18,1.0 20,1.0 
3,1.0 6,6.0 8,1.0 10,1.0 12,4.0 13,1.0 15,3.0 16,1.0 18,1.0 20,1.0 
3,1.0 5,1.0 35,2.0 65,2.0 70,2.0 95,2.0 96,2.0 103,2.0 150,2.0 151,4.0 
4,3.0 6,1.0 7,1.0 11,2.0 12,1.0 14,1.0 15,1.0 16,1.0 65,2.0 79,2.0 
5,1.0 
6,1.0 7,1.0 9,3.0 12,1.0 14,13.0 15,1.0 16,2.0 17,1.0 19,3.0 34,3.0 48,3.0 62,1.0 64,2.0 77,1.0 79,1.0 82,3.0 97,3.0 180,1.0 181,1.0 
6,4.0 7,4.0 13,1.0 15,3.0 16,1.0 18,1.0 20,1.0 
4,1.0 66,2.0 
6,1.0 7,1.0 9,2.0 11,6.0 12,1.0 15,1.0 17,9.0 19,4.0 20,1.0 34,3.0 35,4.0 36,3.0 42,1.0 43,4.0 48,3.0 62,6.0 64,1.0 66,2.0 69,2.0 71,1.0 76,2.0 77,2.0 81,1.0 97,3.0 99,1.0 103,6.0 118,1.0 138,2.0 177,1.0 
6,3.0 7,3.0 12,3.0 16,1.0 18,1.0 20,1.0 
9,3.0 11,2.0 34,1.0 48,1.0 67,2.0 97,1.0 
11,3.0 14,10.0 17,2.0 19,3.0 21,6.0 34,3.0 35,10.0 36,12.0 37,2.0 41,6.0 42,3.0 48,3.0 53,2.0 56,1.0 64,3.0 65,1.0 70,2.0 77,2.0 81,2.0 95,1.0 97,3.0 165,1.0 175,1.0 
11,10.0 14,3.0 33,2.0 34,8.0 35,1.0 36,1.0 69,2.0 70,2.0 71,1.0 78,1.0 81,2.0 82,2.0 87,2.0 
17,8.0 19,2.0 21,5.0 32,6.0 33,2.0 34,4.0 42,11.0 43,6.0 44,2.0 45,2.0 49,4.0 62,4.0 64,4.0 79,1.0 81,1.0 84,1.0 161,1.0 168,1.0 169,1.0 175,1.0 178,1.0 179,1.0 182,4.0 
2,2.0 14,8.0 35,2.0 62,1.0 65,2.0 73,2.0 78,2.0 96,4.0 113,4.0 
14,2.0 17,8.0 19,4.0 22,1.0 35,11.0 36,4.0 41,7.0 42,3.0 45,1.0 57,7.0 58,7.0 59,7.0 64,1.0 66,2.0 70,1.0 84,2.0 88,1.0 92,2.0 132,2.0 161,5.0 162,1.0 165,3.0 166,1.0 167,1.0 168,1.0 169,2.0 172,1.0 173,1.0 174,1.0 175,1.0 184,1.0 
23,2.0 24,2.0 25,1.0 26,1.0 27,1.0 28,1.0 47,1.0 83,1.0 185,1.0 
0,7.0 22,1.0 24,2.0 25,1.0 26,1.0 27,1.0 28,1.0 29,1.0 30,1.0 31,7.0 32,7.0 35,7.0 36,7.0 47,8.0 48,7.0 83,1.0 185,1.0 
0,1.0 22,2.0 23,3.0 24,1.0 25,1.0 26,1.0 27,1.0 28,1.0 29,1.0 30,1.0 31,1.0 35,1.0 37,1.0 45,6.0 47,2.0 49,7.0 83,2.0 86,1.0 94,1.0 185,2.0 190,1.0 191,1.0 192,1.0 
23,1.0 24,1.0 26,1.0 27,1.0 28,1.0 29,1.0 30,1.0 
23,1.0 24,1.0 25,1.0 27,1.0 28,1.0 29,1.0 30,1.0 
23,1.0 24,1.0 25,1.0 26,1.0 28,1.0 29,1.0 30,1.0 
23,1.0 24,1.0 25,1.0 26,1.0 27,1.0 29,1.0 30,1.0 
0,2.0 18,2.0 19,1.0 29,19.0 30,10.0 31,10.0 32,10.0 33,10.0 34,3.0 37,3.0 40,1.0 47,1.0 55,1.0 63,1.0 79,1.0 81,1.0 83,1.0 178,1.0 179,1.0 186,1.0 187,1.0 188,1.0 189,1.0 
0,2.0 29,17.0 34,1.0 37,2.0 40,1.0 47,1.0 55,1.0 63,1.0 83,1.0 186,1.0 187,1.0 188,1.0 189,1.0 
29,10.0 32,15.0 33,4.0 35,7.0 43,2.0 44,7.0 45,1.0 50,6.0 51,6.0 52,6.0 56,2.0 66,2.0 
0,2.0 8,2.0 19,2.0 29,10.0 31,15.0 33,14.0 43,8.0 44,13.0 45,6.0 70,2.0 74,2.0 101,4.0 102,6.0 117,4.0 147,2.0 148,2.0 149,2.0 
0,20.0 11,2.0 14,1.0 18,8.0 20,1.0 23,6.0 24,6.0 29,2.0 31,2.0 32,2.0 33,1.0 34,18.0 35,3.0 36,2.0 38,1.0 39,2.0 40,8.0 41,8.0 43,2.0 46,2.0 47,6.0 48,6.0 49,6.0 56,4.0 60,7.0 61,7.0 62,2.0 64,6.0 65,3.0 66,6.0 82,2.0 83,2.0 94,2.0 95,4.0 96,6.0 101,4.0 102,6.0 103,5.0 104,1.0 105,2.0 108,6.0 109,6.0 117,2.0 118,1.0 146,2.0 147,2.0 148,2.0 149,2.0 150,2.0 
0,2.0 11,11.0 14,3.0 17,4.0 18,9.0 19,3.0 20,6.0 24,1.0 37,2.0 42,1.0 47,1.0 48,4.0 49,4.0 62,4.0 63,1.0 64,4.0 83,1.0 86,1.0 94,1.0 96,6.0 97,4.0 99,1.0 114,4.0 182,4.0 188,1.0 189,1.0 190,1.0 191,1.0 192,1.0 
0,13.0 17,4.0 19,4.0 20,3.0 23,7.0 29,2.0 31,7.0 32,2.0 33,2.0 36,24.0 37,14.0 41,4.0 42,1.0 45,1.0 47,1.0 50,6.0 51,6.0 52,6.0 56,1.0 57,7.0 58,13.0 59,7.0 62,2.0 63,1.0 65,7.0 71,1.0 73,2.0 74,2.0 76,4.0 77,2.0 78,1.0 81,3.0 82,2.0 95,3.0 99,4.0 103,9.0 104,1.0 107,6.0 110,6.0 115,2.0 129,2.0 133,2.0 
14,3.0 17,3.0 19,4.0 20,2.0 21,7.0 33,2.0 35,22.0 37,13.0 41,4.0 47,1.0 53,2.0 56,8.0 63,1.0 65,2.0 79,2.0 81,1.0 95,2.0 
0,5.0 19,1.0 22,1.0 23,1.0 24,3.0 29,2.0 30,1.0 33,1.0 34,2.0 37,2.0 38,14.0 40,1.0 47,3.0 55,1.0 63,2.0 79,1.0 81,1.0 83,3.0 86,2.0 94,2.0 178,1.0 179,1.0 185,1.0 186,1.0 187,1.0 188,2.0 189,2.0 190,2.0 191,2.0 192,2.0 
24,1.0 33,8.0 39,8.0 49,1.0 
33,8.0 40,2.0 41,2.0 
0,2.0 19,8.0 29,1.0 30,1.0 34,1.0 37,2.0 41,8.0 47,1.0 55,1.0 63,1.0 83,1.0 186,1.0 187,1.0 188,1.0 189,1.0 
19,12.0 21,3.0 35,4.0 36,4.0 40,8.0 41,2.0 53,2.0 70,1.0 88,1.0 132,1.0 161,1.0 162,1.0 
17,1.0 18,2.0 19,10.0 21,3.0 32,2.0 42,2.0 43,2.0 71,2.0 84,1.0 132,1.0 161,1.0 165,1.0 166,1.0 169,1.0 172,1.0 
19,2.0 20,4.0 31,2.0 32,8.0 33,2.0 36,2.0 44,6.0 45,6.0 66,2.0 95,2.0 
33,9.0 45,8.0 46,6.0 
19,2.0 21,2.0 31,6.0 33,2.0 35,6.0 44,8.0 46,6.0 53,1.0 163,1.0 164,1.0 165,2.0 
23,1.0 33,6.0 45,2.0 47,1.0 48,1.0 84,1.0 86,2.0 129,1.0 153,1.0 154,1.0 155,1.0 156,1.0 157,1.0 158,1.0 
0,2.0 22,1.0 23,8.0 24,2.0 34,3.0 35,8.0 36,8.0 37,2.0 48,7.0 56,1.0 63,4.0 83,2.0 86,1.0 94,1.0 97,2.0 98,2.0 185,1.0 188,1.0 189,1.0 190,1.0 191,1.0 192,1.0 
11,3.0 14,3.0 19,3.0 23,7.0 34,4.0 35,7.0 36,7.0 42,1.0 47,7.0 97,4.0 
17,4.0 21,1.0 24,7.0 31,1.0 34,4.0 35,1.0 41,1.0 45,6.0 62,4.0 64,4.0 88,1.0 160,1.0 182,4.0 
51,7.0 52,7.0 53,6.0 54,1.0 55,1.0 
50,7.0 52,7.0 53,6.0 54,1.0 55,1.0 
50,7.0 51,7.0 53,6.0 54,1.0 55,1.0 
14,2.0 36,2.0 50,1.0 51,1.0 52,1.0 54,6.0 55,6.0 84,2.0 
36,7.0 55,7.0 56,7.0 
0,3.0 19,1.0 21,1.0 29,1.0 30,1.0 34,1.0 36,7.0 37,2.0 40,1.0 47,1.0 54,7.0 56,7.0 63,1.0 83,1.0 84,1.0 186,1.0 187,1.0 188,1.0 189,1.0 
21,7.0 33,12.0 36,7.0 62,1.0 65,1.0 67,2.0 81,1.0 94,2.0 95,1.0 100,4.0 103,2.0 106,6.0 108,6.0 109,6.0 146,2.0 183,1.0 
0,7.0 23,7.0 35,7.0 58,7.0 59,7.0 
0,13.0 2,2.0 23,7.0 35,13.0 57,7.0 59,7.0 107,8.0 
0,7.0 23,7.0 35,7.0 57,7.0 58,7.0 
17,4.0 21,4.0 35,1.0 36,1.0 47,3.0 61,7.0 63,3.0 97,2.0 98,2.0 
17,4.0 21,4.0 35,1.0 36,1.0 47,3.0 60,7.0 63,3.0 97,2.0 98,2.0 
11,1.0 17,6.0 29,6.0 30,6.0 34,4.0 49,4.0 64,6.0 65,2.0 77,2.0 79,1.0 82,1.0 83,2.0 180,1.0 181,1.0 182,4.0 
0,2.0 24,1.0 34,3.0 35,1.0 36,1.0 37,2.0 47,4.0 56,1.0 83,1.0 86,1.0 94,1.0 97,2.0 98,2.0 188,1.0 189,1.0 190,1.0 191,1.0 192,1.0 
0,6.0 5,2.0 11,2.0 13,2.0 14,7.0 16,2.0 17,4.0 21,1.0 31,2.0 33,3.0 34,4.0 35,3.0 43,4.0 49,4.0 62,4.0 65,3.0 82,2.0 104,11.0 165,1.0 182,4.0 
0,2.0 9,1.0 20,3.0 21,1.0 29,1.0 33,2.0 35,7.0 42,1.0 64,2.0 66,2.0 67,2.0 73,2.0 77,2.0 80,2.0 81,1.0 84,2.0 93,2.0 94,2.0 95,3.0 103,5.0 104,1.0 175,1.0 183,1.0 
2,2.0 17,2.0 33,2.0 66,4.0 76,4.0 104,2.0 105,6.0 151,2.0 
18,2.0 65,2.0 68,2.0 135,2.0 
31,2.0 33,2.0 
17,2.0 74,2.0 
21,1.0 41,1.0 42,2.0 64,2.0 71,2.0 72,2.0 151,2.0 
29,1.0 35,1.0 37,1.0 72,2.0 73,2.0 78,1.0 81,1.0 88,2.0 165,1.0 177,1.0 
71,2.0 73,2.0 
18,2.0 96,2.0 
67,2.0 75,2.0 77,2.0 
35,2.0 76,2.0 
14,2.0 21,2.0 32,2.0 35,4.0 62,2.0 
9,1.0 14,2.0 17,2.0 18,2.0 20,2.0 64,2.0 65,2.0 78,2.0 93,2.0 
29,1.0 35,1.0 37,1.0 64,2.0 71,1.0 79,2.0 81,1.0 
11,1.0 16,2.0 17,1.0 19,1.0 77,3.0 80,2.0 81,1.0 82,1.0 178,1.0 179,1.0 180,1.0 181,1.0 
35,4.0 81,2.0 
9,1.0 14,3.0 17,2.0 19,1.0 29,1.0 35,3.0 36,3.0 37,1.0 46,2.0 65,1.0 71,1.0 78,1.0 79,1.0 86,2.0 178,1.0 179,1.0 183,1.0 
11,3.0 17,2.0 18,2.0 33,2.0 35,2.0 77,3.0 79,1.0 87,2.0 180,1.0 181,1.0 
0,3.0 17,2.0 22,1.0 23,1.0 24,2.0 29,1.0 30,1.0 34,1.0 37,3.0 40,1.0 47,2.0 55,1.0 62,2.0 63,1.0 86,1.0 94,1.0 185,2.0 186,1.0 187,1.0 188,1.0 189,1.0 190,1.0 191,1.0 192,1.0 
0,1.0 17,2.0 19,2.0 21,7.0 42,2.0 55,1.0 85,2.0 94,2.0 170,1.0 171,1.0 
81,2.0 
0,1.0 22,1.0 23,1.0 24,2.0 37,1.0 45,2.0 46,2.0 47,1.0 83,1.0 94,1.0 185,1.0 190,1.0 191,1.0 192,1.0 
18,2.0 70,2.0 
21,2.0 41,2.0 49,1.0 89,2.0 160,1.0 
90,2.0 
91,2.0 92,2.0 
21,2.0 92,2.0 
21,2.0 65,2.0 91,2.0 
14,2.0 77,2.0 
0,1.0 21,2.0 22,1.0 23,1.0 24,2.0 32,2.0 37,1.0 47,1.0 83,1.0 84,2.0 86,1.0 185,1.0 190,1.0 191,1.0 192,1.0 
20,2.0 29,1.0 33,1.0 35,5.0 36,2.0 56,1.0 65,6.0 81,1.0 103,5.0 183,1.0 
0,1.0 17,1.0 20,6.0 33,4.0 34,6.0 35,1.0 62,2.0 65,1.0 100,1.0 113,4.0 150,2.0 
11,3.0 14,3.0 19,3.0 34,6.0 42,1.0 47,2.0 48,4.0 63,2.0 98,2.0 
34,2.0 47,2.0 63,2.0 97,2.0 
56,4.0 96,1.0 100,6.0 
0,2.0 33,4.0 56,4.0 96,1.0 
0,4.0 8,2.0 33,4.0 
1,2.0 8,2.0 33,6.0 34,6.0 96,6.0 124,2.0 148,2.0 149,2.0 
29,1.0 33,3.0 35,7.0 56,2.0 64,6.0 65,3.0 74,2.0 94,2.0 95,3.0 103,2.0 110,4.0 119,2.0 129,2.0 133,2.0 146,2.0 
8,2.0 20,1.0 33,9.0 35,1.0 64,4.0 65,1.0 66,2.0 138,2.0 
56,6.0 
4,2.0 35,6.0 58,6.0 107,6.0 
0,6.0 2,2.0 35,6.0 58,8.0 
0,6.0 2,2.0 33,6.0 109,8.0 
0,6.0 2,2.0 33,6.0 108,8.0 
35,6.0 74,2.0 103,4.0 111,4.0 112,4.0 115,2.0 129,2.0 133,2.0 
33,4.0 112,4.0 
2,2.0 33,6.0 111,4.0 116,4.0 
33,4.0 96,4.0 
35,4.0 
112,4.0 116,4.0 
2,2.0 33,2.0 112,4.0 
0,2.0 8,2.0 32,4.0 70,2.0 
14,1.0 64,1.0 
120,4.0 
121,4.0 
122,4.0 
123,4.0 
83,1.0 124,4.0 125,4.0 126,4.0 127,4.0 185,1.0 
1,2.0 102,2.0 125,4.0 126,4.0 127,4.0 128,4.0 
1,2.0 124,4.0 126,4.0 127,6.0 128,4.0 136,2.0 
124,4.0 125,4.0 127,4.0 128,4.0 
1,2.0 124,4.0 125,6.0 126,4.0 128,4.0 136,2.0 
129,2.0 130,4.0 131,4.0 132,4.0 
35,4.0 103,4.0 110,4.0 129,2.0 130,2.0 131,2.0 132,2.0 133,2.0 153,1.0 154,1.0 155,1.0 156,1.0 157,1.0 158,1.0 159,1.0 
35,2.0 103,2.0 110,2.0 129,4.0 131,4.0 132,4.0 134,2.0 
35,2.0 103,2.0 110,2.0 129,4.0 130,4.0 132,4.0 134,2.0 
35,2.0 45,1.0 84,1.0 103,2.0 110,2.0 129,4.0 130,4.0 131,4.0 134,2.0 161,2.0 162,1.0 163,1.0 164,1.0 169,1.0 
119,2.0 
35,2.0 103,2.0 110,2.0 
1,2.0 
1,2.0 125,2.0 127,2.0 
5,2.0 
5,2.0 58,2.0 64,2.0 66,2.0 102,2.0 106,2.0 107,2.0 108,2.0 109,2.0 124,2.0 
140,2.0 
141,2.0 
142,2.0 143,2.0 144,2.0 
143,2.0 144,2.0 145,2.0 
142,2.0 144,2.0 145,2.0 
142,2.0 143,2.0 145,2.0 
33,2.0 56,2.0 103,2.0 146,2.0 
33,2.0 56,2.0 94,2.0 103,2.0 
0,2.0 33,2.0 
33,2.0 34,2.0 96,2.0 102,2.0 149,2.0 
33,2.0 34,2.0 96,2.0 102,2.0 148,2.0 
2,6.0 8,4.0 20,2.0 32,2.0 117,2.0 123,1.0 
5,4.0 64,2.0 101,2.0 102,2.0 104,2.0 
3,2.0 
129,1.0 154,1.0 155,1.0 156,1.0 157,1.0 158,1.0 159,1.0 
129,1.0 153,1.0 155,1.0 156,1.0 157,1.0 158,1.0 159,1.0 
129,1.0 153,1.0 154,1.0 156,1.0 157,1.0 158,1.0 159,1.0 
129,1.0 153,1.0 154,1.0 155,1.0 157,1.0 158,1.0 159,1.0 
129,1.0 153,1.0 154,1.0 155,1.0 156,1.0 158,1.0 159,1.0 
129,1.0 153,1.0 154,1.0 155,1.0 156,1.0 157,1.0 159,1.0 
49,1.0 88,1.0 160,1.0 
21,1.0 41,1.0 49,1.0 88,1.0 
0,1.0 45,1.0 55,1.0 84,4.0 132,2.0 162,1.0 163,1.0 164,1.0 166,1.0 167,1.0 168,1.0 169,2.0 170,1.0 171,1.0 172,1.0 173,1.0 174,1.0 
45,1.0 132,1.0 161,1.0 163,1.0 164,1.0 
21,1.0 45,1.0 164,1.0 165,1.0 
21,1.0 45,1.0 163,1.0 165,1.0 
21,4.0 45,1.0 64,1.0 96,2.0 161,1.0 166,1.0 167,1.0 174,1.0 176,1.0 
0,1.0 55,1.0 84,1.0 161,1.0 165,1.0 167,1.0 172,1.0 
0,1.0 55,1.0 84,1.0 161,1.0 166,1.0 
84,1.0 161,1.0 169,1.0 170,1.0 171,1.0 
84,2.0 132,1.0 161,2.0 168,1.0 170,1.0 171,1.0 
21,1.0 42,1.0 84,1.0 171,1.0 
21,1.0 42,1.0 84,1.0 170,1.0 
84,1.0 161,1.0 165,1.0 166,1.0 173,1.0 174,1.0 
84,1.0 161,1.0 172,1.0 174,1.0 
21,1.0 84,1.0 161,1.0 172,1.0 173,1.0 176,1.0 
21,2.0 65,1.0 184,1.0 
21,1.0 174,1.0 
71,1.0 165,1.0 
17,1.0 19,1.0 79,1.0 81,1.0 179,1.0 
17,1.0 19,1.0 79,1.0 81,1.0 178,1.0 
11,1.0 77,1.0 79,1.0 82,1.0 181,1.0 
11,1.0 77,1.0 79,1.0 82,1.0 180,1.0 
17,4.0 34,4.0 49,4.0 62,4.0 64,4.0 
9,1.0 65,1.0 81,1.0 
46,1.0 
0,1.0 22,1.0 23,1.0 24,1.0 29,1.0 30,1.0 37,1.0 40,1.0 47,1.0 55,1.0 83,2.0 186,1.0 187,1.0 
0,2.0 29,1.0 30,1.0 34,1.0 37,2.0 40,1.0 47,1.0 55,1.0 63,1.0 83,1.0 187,1.0 188,1.0 189,1.0 
0,2.0 29,1.0 30,1.0 34,1.0 37,2.0 40,1.0 47,1.0 55,1.0 63,1.0 83,1.0 186,1.0 188,1.0 189,1.0 
0,2.0 24,1.0 34,1.0 37,2.0 47,1.0 63,1.0 83,1.0 86,1.0 94,1.0 189,1.0 190,1.0 191,1.0 192,1.0 
0,2.0 24,1.0 34,1.0 37,2.0 47,1.0 63,1.0 83,1.0 86,1.0 94,1.0 188,1.0 190,1.0 191,1.0 192,1.0 
0,1.0 22,1.0 23,1.0 24,2.0 37,1.0 47,1.0 83,1.0 86,1.0 94,1.0 185,1.0 191,1.0 192,1.0 
0,1.0 22,1.0 23,1.0 24,2.0 37,1.0 47,1.0 83,1.0 86,1.0 94,1.0 185,1.0 190,1.0 192,1.0 
0,1.0 22,1.0 23,1.0 24,2.0 37,1.0 47,1.0 83,1.0 86,1.0 94,1.0 185,1.0 190,1.0 191,1.0 
