1,22.0 2,8.0 3,14.0 4,8.0 5,9.0 6,7.0 7,14.0 8,3.0 9,6.0 10,5.0 12,4.0 13,3.0 15,1.0 16,2.0 18,2.0 19,3.0 20,1.0 22,3.0 25,1.0 26,1.0 31,1.0 32,2.0 34,1.0 35,1.0 38,4.0 48,1.0 50,1.0 51,3.0 52,4.0 53,1.0 54,1.0 61,1.0 65,1.0 71,1.0 79,1.0 80,1.0 98,2.0 99,2.0 100,2.0 120,1.0 127,1.0 128,1.0 130,2.0 131,1.0 151,1.0 154,1.0 160,1.0 161,1.0 167,1.0 173,1.0 190,1.0 200,1.0 205,1.0 218,1.0 240,1.0 242,1.0 243,1.0 246,2.0 247,2.0 248,1.0 264,1.0 265,1.0 301,3.0 302,1.0 303,2.0 308,1.0 351,1.0 352,1.0 
0,23.0 1,1.0 2,8.0 3,20.0 4,10.0 5,13.0 6,14.0 7,21.0 8,2.0 9,6.0 10,6.0 12,4.0 13,10.0 15,3.0 16,2.0 17,4.0 18,12.0 19,14.0 20,14.0 22,4.0 25,5.0 26,6.0 27,5.0 28,3.0 34,4.0 35,5.0 36,1.0 37,3.0 38,6.0 44,3.0 45,4.0 50,4.0 51,5.0 52,4.0 53,1.0 54,1.0 55,2.0 61,4.0 68,2.0 69,2.0 71,1.0 79,1.0 80,1.0 95,1.0 96,4.0 97,1.0 98,3.0 99,9.0 100,3.0 101,2.0 103,8.0 104,8.0 114,3.0 117,4.0 120,2.0 121,4.0 124,1.0 127,2.0 128,3.0 130,4.0 131,3.0 132,3.0 151,1.0 154,1.0 161,1.0 190,2.0 227,2.0 242,1.0 261,2.0 301,2.0 303,2.0 307,1.0 308,2.0 350,2.0 353,1.0 354,1.0 
0,8.0 1,8.0 3,8.0 4,3.0 5,5.0 6,10.0 7,11.0 8,2.0 9,2.0 13,3.0 14,6.0 16,4.0 17,13.0 18,4.0 19,13.0 20,4.0 22,2.0 23,3.0 24,1.0 25,9.0 26,1.0 29,7.0 38,2.0 44,8.0 52,1.0 54,1.0 58,1.0 59,1.0 
0,18.0 1,28.0 2,8.0 4,26.0 5,40.0 6,8.0 7,36.0 8,6.0 9,17.0 11,6.0 12,4.0 13,23.0 14,4.0 15,15.0 16,6.0 17,7.0 18,4.0 19,8.0 20,3.0 21,4.0 22,7.0 23,11.0 24,4.0 25,2.0 26,21.0 29,12.0 30,4.0 31,12.0 33,7.0 35,3.0 36,1.0 37,3.0 38,10.0 40,1.0 44,2.0 49,4.0 50,3.0 51,5.0 52,5.0 54,1.0 55,1.0 61,3.0 76,2.0 105,2.0 273,1.0 298,1.0 
0,5.0 1,6.0 2,3.0 3,26.0 4,2.0 5,28.0 6,9.0 7,22.0 9,11.0 12,4.0 13,10.0 14,4.0 15,11.0 16,3.0 17,4.0 18,2.0 19,4.0 22,3.0 23,7.0 25,4.0 26,11.0 29,10.0 30,4.0 31,8.0 32,1.0 34,1.0 38,1.0 43,1.0 44,4.0 45,5.0 46,1.0 47,1.0 48,3.0 49,2.0 50,1.0 52,1.0 54,1.0 59,1.0 62,1.0 67,2.0 202,1.0 206,2.0 207,1.0 222,1.0 229,2.0 273,1.0 298,1.0 
0,11.0 1,17.0 2,5.0 3,40.0 4,28.0 6,7.0 7,35.0 8,6.0 9,17.0 11,4.0 12,4.0 13,17.0 14,4.0 15,11.0 16,2.0 17,2.0 19,5.0 20,3.0 22,4.0 23,7.0 26,18.0 29,12.0 30,7.0 31,12.0 33,7.0 35,3.0 36,1.0 37,1.0 38,3.0 39,3.0 45,2.0 105,2.0 111,1.0 202,1.0 206,2.0 207,1.0 222,1.0 229,2.0 
0,7.0 1,14.0 2,11.0 3,10.0 4,9.0 5,5.0 6,1.0 7,11.0 8,2.0 10,3.0 13,9.0 14,3.0 15,4.0 16,7.0 17,18.0 18,14.0 19,19.0 20,9.0 21,4.0 22,3.0 23,9.0 25,10.0 26,3.0 27,2.0 30,3.0 34,1.0 35,2.0 38,4.0 40,1.0 44,10.0 45,4.0 47,1.0 50,2.0 51,3.0 52,3.0 53,3.0 59,1.0 61,1.0 70,1.0 71,1.0 73,1.0 75,1.0 79,5.0 80,1.0 85,1.0 95,2.0 96,1.0 97,1.0 98,3.0 99,5.0 101,1.0 104,2.0 115,2.0 117,1.0 131,1.0 139,1.0 154,1.0 155,1.0 156,1.0 170,1.0 180,1.0 186,1.0 191,1.0 206,2.0 229,2.0 237,1.0 242,5.0 243,1.0 244,1.0 245,1.0 246,1.0 249,1.0 261,2.0 269,1.0 311,1.0 313,1.0 317,2.0 318,2.0 
0,14.0 1,20.0 2,5.0 3,23.0 4,19.0 5,22.0 6,12.0 8,2.0 9,17.0 10,5.0 11,5.0 12,4.0 13,18.0 14,7.0 15,7.0 16,2.0 17,2.0 19,12.0 20,1.0 22,2.0 23,7.0 25,3.0 26,13.0 27,1.0 29,18.0 31,12.0 32,8.0 35,4.0 36,1.0 37,1.0 38,5.0 39,1.0 40,2.0 44,1.0 45,1.0 46,1.0 47,1.0 48,2.0 50,1.0 51,3.0 52,4.0 55,8.0 57,1.0 58,1.0 61,2.0 65,5.0 66,1.0 67,1.0 76,1.0 80,14.0 95,3.0 96,1.0 99,1.0 100,8.0 101,6.0 103,6.0 104,11.0 105,1.0 107,3.0 110,3.0 113,9.0 114,8.0 115,5.0 117,1.0 121,5.0 125,5.0 128,1.0 131,2.0 160,1.0 202,1.0 206,3.0 226,1.0 229,3.0 230,2.0 232,1.0 242,2.0 246,1.0 249,1.0 264,1.0 265,1.0 313,1.0 362,1.0 363,1.0 364,1.0 365,1.0 
0,7.0 1,7.0 2,2.0 3,6.0 5,6.0 6,3.0 7,10.0 9,12.0 11,4.0 14,3.0 22,5.0 23,2.0 29,2.0 34,2.0 35,1.0 38,5.0 44,1.0 48,2.0 52,2.0 53,1.0 61,1.0 80,2.0 85,2.0 112,1.0 142,2.0 143,1.0 163,1.0 186,1.0 189,1.0 193,1.0 202,1.0 204,1.0 205,2.0 206,1.0 216,1.0 219,1.0 222,2.0 225,4.0 229,1.0 236,1.0 242,3.0 246,1.0 247,2.0 261,4.0 262,2.0 263,3.0 267,4.0 268,1.0 270,1.0 271,1.0 300,1.0 314,1.0 315,1.0 316,1.0 
0,6.0 1,6.0 3,8.0 4,8.0 5,8.0 6,1.0 7,17.0 8,6.0 10,2.0 12,4.0 13,1.0 14,5.0 15,7.0 16,1.0 18,1.0 22,6.0 23,9.0 24,2.0 25,1.0 26,5.0 27,2.0 29,7.0 31,5.0 32,7.0 34,1.0 38,4.0 44,1.0 48,1.0 51,1.0 52,1.0 53,2.0 61,1.0 64,2.0 69,1.0 71,1.0 85,2.0 86,1.0 120,1.0 126,1.0 129,2.0 142,2.0 143,1.0 152,1.0 163,2.0 170,1.0 180,1.0 185,3.0 200,2.0 204,1.0 205,2.0 216,1.0 219,1.0 222,2.0 225,2.0 230,2.0 236,4.0 247,3.0 255,2.0 256,1.0 261,1.0 262,1.0 267,2.0 268,1.0 271,1.0 272,1.0 273,1.0 300,1.0 314,1.0 315,2.0 316,1.0 
3,6.0 5,4.0 8,4.0 11,7.0 25,1.0 32,1.0 38,4.0 39,1.0 44,1.0 52,3.0 66,1.0 73,1.0 95,1.0 101,1.0 103,1.0 111,1.0 112,1.0 114,1.0 115,1.0 130,2.0 131,1.0 147,1.0 160,1.0 161,1.0 191,1.0 240,1.0 243,3.0 244,1.0 245,1.0 248,2.0 249,1.0 250,1.0 251,1.0 
0,6.0 1,6.0 3,6.0 5,4.0 6,1.0 7,9.0 8,4.0 9,4.0 11,9.0 15,1.0 18,6.0 19,6.0 20,1.0 22,3.0 23,3.0 24,1.0 29,7.0 31,1.0 33,1.0 38,4.0 39,1.0 40,12.0 45,5.0 46,2.0 47,3.0 50,4.0 52,3.0 54,4.0 55,5.0 64,3.0 66,2.0 70,2.0 71,1.0 77,2.0 80,3.0 95,2.0 96,3.0 100,9.0 101,8.0 103,10.0 104,3.0 109,2.0 110,1.0 111,5.0 113,5.0 114,6.0 115,4.0 116,1.0 117,1.0 118,2.0 119,2.0 120,1.0 121,5.0 130,3.0 131,1.0 132,10.0 139,1.0 142,3.0 143,2.0 144,1.0 170,1.0 172,1.0 185,1.0 213,1.0 227,1.0 241,1.0 305,1.0 320,1.0 
3,4.0 4,4.0 5,4.0 9,1.0 13,4.0 14,6.0 15,4.0 16,1.0 23,1.0 24,1.0 77,1.0 85,1.0 129,1.0 180,1.0 185,2.0 257,1.0 258,1.0 259,1.0 260,2.0 261,1.0 263,1.0 266,1.0 
0,3.0 1,10.0 2,14.0 3,9.0 4,8.0 5,9.0 6,9.0 7,18.0 8,3.0 9,1.0 10,2.0 11,1.0 14,5.0 15,8.0 16,5.0 17,13.0 18,1.0 19,16.0 20,4.0 22,6.0 23,11.0 24,4.0 25,13.0 26,16.0 27,7.0 29,8.0 31,9.0 34,3.0 38,1.0 44,7.0 45,1.0 47,1.0 54,1.0 55,2.0 59,3.0 61,3.0 62,1.0 79,1.0 95,4.0 96,1.0 98,1.0 99,4.0 100,9.0 101,4.0 103,2.0 104,5.0 113,4.0 114,4.0 115,2.0 117,1.0 119,2.0 121,5.0 126,1.0 128,1.0 156,1.0 202,2.0 206,1.0 225,2.0 273,1.0 295,1.0 
2,4.0 6,3.0 7,7.0 8,3.0 9,5.0 10,1.0 13,5.0 15,6.0 16,4.0 17,4.0 18,1.0 19,7.0 22,3.0 23,4.0 24,1.0 25,1.0 27,2.0 28,2.0 29,9.0 31,1.0 32,1.0 38,2.0 44,1.0 48,2.0 50,1.0 52,2.0 59,2.0 61,1.0 65,5.0 70,1.0 71,1.0 75,1.0 80,1.0 85,4.0 98,2.0 99,3.0 100,1.0 103,1.0 115,3.0 120,1.0 126,1.0 128,2.0 129,1.0 130,2.0 142,1.0 152,1.0 160,1.0 163,1.0 167,1.0 168,1.0 170,1.0 180,3.0 185,3.0 186,1.0 190,1.0 204,2.0 219,1.0 227,1.0 236,1.0 242,4.0 246,1.0 249,1.0 260,1.0 261,5.0 262,3.0 263,2.0 267,3.0 268,1.0 269,1.0 273,1.0 301,1.0 303,1.0 306,1.0 311,1.0 312,1.0 313,1.0 350,2.0 
0,1.0 1,3.0 2,4.0 3,6.0 4,5.0 5,6.0 6,4.0 7,7.0 9,7.0 10,1.0 11,3.0 13,8.0 14,6.0 16,8.0 17,13.0 18,13.0 20,15.0 22,5.0 23,11.0 24,4.0 25,5.0 26,11.0 27,8.0 28,11.0 29,4.0 30,10.0 31,4.0 32,7.0 33,1.0 37,6.0 52,1.0 53,1.0 64,1.0 66,1.0 69,1.0 71,1.0 72,1.0 73,1.0 79,9.0 83,2.0 87,2.0 100,2.0 101,1.0 103,1.0 121,1.0 127,1.0 130,2.0 131,1.0 141,1.0 191,1.0 200,1.0 202,1.0 204,3.0 218,1.0 220,1.0 222,2.0 223,1.0 224,1.0 226,1.0 227,1.0 228,1.0 237,2.0 238,1.0 240,2.0 243,1.0 246,1.0 247,1.0 248,1.0 261,2.0 305,1.0 357,1.0 
1,1.0 2,4.0 3,6.0 4,3.0 5,2.0 6,8.0 7,1.0 12,1.0 13,7.0 14,1.0 15,9.0 17,14.0 18,9.0 19,5.0 20,8.0 21,5.0 22,6.0 23,4.0 24,4.0 26,4.0 30,4.0 34,1.0 45,1.0 52,1.0 54,2.0 59,1.0 62,1.0 63,1.0 64,1.0 79,4.0 206,1.0 222,1.0 295,1.0 
1,4.0 2,13.0 3,7.0 4,4.0 5,2.0 6,20.0 7,8.0 13,12.0 14,6.0 15,8.0 16,14.0 18,14.0 19,29.0 20,12.0 21,4.0 22,4.0 23,11.0 24,4.0 25,18.0 26,13.0 29,6.0 30,6.0 35,6.0 36,2.0 39,1.0 40,1.0 44,13.0 45,2.0 49,1.0 54,2.0 66,5.0 79,4.0 80,2.0 84,2.0 85,2.0 206,1.0 222,2.0 273,1.0 293,1.0 294,1.0 295,1.0 298,1.0 
0,3.0 1,12.0 3,9.0 4,7.0 5,4.0 6,14.0 7,1.0 8,1.0 9,1.0 10,1.0 11,2.0 14,1.0 15,13.0 16,10.0 17,15.0 19,12.0 20,22.0 21,5.0 22,3.0 23,1.0 24,1.0 25,7.0 26,11.0 28,5.0 30,6.0 34,2.0 36,2.0 37,8.0 38,4.0 44,5.0 45,16.0 46,1.0 47,3.0 48,3.0 49,1.0 50,5.0 51,3.0 52,2.0 53,6.0 54,5.0 55,3.0 60,2.0 66,2.0 68,2.0 69,2.0 73,1.0 79,10.0 80,1.0 83,2.0 85,1.0 87,2.0 95,4.0 96,2.0 98,4.0 99,5.0 100,3.0 101,5.0 103,7.0 104,6.0 110,2.0 113,4.0 114,5.0 115,3.0 116,1.0 117,2.0 121,4.0 128,3.0 129,1.0 130,1.0 170,1.0 191,1.0 216,1.0 218,1.0 222,2.0 227,1.0 237,1.0 242,2.0 243,1.0 244,1.0 245,1.0 247,1.0 253,1.0 315,1.0 316,1.0 317,1.0 318,1.0 356,1.0 
0,3.0 1,14.0 2,8.0 3,5.0 4,4.0 5,1.0 6,20.0 7,11.0 8,1.0 10,3.0 11,7.0 13,16.0 14,7.0 16,6.0 17,20.0 18,9.0 19,1.0 20,11.0 21,4.0 23,7.0 25,15.0 26,7.0 27,5.0 29,7.0 32,2.0 33,2.0 34,4.0 35,7.0 36,2.0 38,1.0 40,2.0 44,9.0 45,1.0 47,4.0 50,19.0 51,1.0 52,1.0 55,4.0 59,1.0 61,2.0 65,7.0 68,2.0 69,2.0 70,1.0 71,1.0 78,1.0 80,2.0 85,3.0 86,2.0 95,1.0 96,5.0 97,1.0 98,4.0 99,12.0 100,7.0 101,5.0 102,1.0 103,5.0 104,10.0 105,1.0 109,1.0 113,2.0 114,3.0 115,3.0 117,3.0 120,3.0 121,5.0 125,1.0 127,1.0 128,2.0 130,2.0 131,4.0 132,2.0 139,1.0 142,1.0 154,1.0 155,1.0 156,1.0 160,1.0 167,1.0 170,2.0 180,1.0 182,1.0 186,2.0 200,1.0 205,1.0 206,1.0 213,1.0 225,1.0 227,6.0 237,1.0 241,1.0 242,2.0 246,1.0 264,1.0 265,1.0 283,1.0 294,1.0 295,1.0 301,1.0 302,1.0 303,1.0 304,1.0 305,1.0 311,1.0 350,4.0 356,2.0 362,1.0 363,1.0 364,1.0 365,1.0 
0,1.0 1,14.0 3,12.0 4,5.0 5,6.0 6,8.0 7,1.0 13,3.0 15,15.0 16,8.0 17,14.0 18,21.0 19,11.0 21,5.0 22,1.0 23,1.0 25,5.0 26,12.0 27,5.0 28,9.0 29,4.0 30,9.0 34,4.0 35,2.0 36,2.0 37,4.0 38,2.0 39,1.0 40,2.0 44,1.0 45,1.0 51,2.0 53,1.0 54,2.0 55,3.0 60,2.0 61,1.0 66,2.0 76,3.0 78,2.0 79,17.0 80,1.0 83,2.0 85,3.0 86,2.0 95,2.0 96,2.0 98,2.0 99,2.0 100,1.0 102,1.0 103,6.0 104,2.0 105,3.0 108,1.0 111,2.0 115,2.0 121,1.0 125,1.0 130,2.0 131,2.0 132,3.0 133,1.0 147,2.0 153,1.0 190,1.0 218,1.0 242,1.0 301,1.0 303,1.0 307,1.0 308,1.0 319,1.0 343,1.0 344,1.0 349,1.0 
3,4.0 13,4.0 15,4.0 16,5.0 17,4.0 22,5.0 23,4.0 24,4.0 34,1.0 45,1.0 63,1.0 64,1.0 
0,3.0 1,4.0 3,3.0 4,3.0 5,2.0 6,4.0 7,2.0 9,5.0 10,2.0 12,1.0 13,6.0 14,2.0 15,5.0 16,3.0 17,1.0 18,4.0 20,3.0 22,2.0 23,5.0 24,5.0 25,11.0 26,11.0 27,9.0 29,6.0 31,4.0 38,3.0 44,1.0 45,4.0 46,1.0 47,2.0 51,2.0 52,2.0 53,4.0 54,7.0 59,3.0 62,1.0 63,1.0 64,2.0 66,2.0 69,1.0 71,2.0 79,2.0 85,1.0 86,1.0 101,1.0 103,1.0 113,2.0 114,2.0 115,2.0 127,3.0 130,4.0 141,1.0 143,1.0 156,1.0 163,1.0 170,3.0 172,1.0 185,1.0 202,1.0 207,2.0 216,1.0 222,1.0 236,1.0 243,1.0 247,2.0 248,1.0 249,1.0 250,1.0 251,1.0 255,1.0 271,1.0 272,1.0 305,1.0 314,1.0 315,1.0 317,2.0 318,2.0 353,1.0 354,1.0 357,1.0 
2,7.0 4,1.0 6,10.0 7,7.0 8,2.0 9,9.0 11,2.0 13,11.0 14,4.0 15,11.0 17,7.0 19,7.0 22,6.0 24,4.0 25,12.0 26,4.0 27,4.0 29,7.0 32,7.0 33,1.0 38,1.0 39,3.0 40,4.0 42,1.0 43,1.0 44,8.0 47,2.0 50,1.0 52,2.0 55,4.0 59,1.0 66,4.0 71,1.0 75,1.0 78,1.0 85,20.0 95,2.0 96,1.0 99,4.0 100,7.0 101,9.0 103,2.0 104,2.0 110,2.0 113,2.0 114,5.0 115,6.0 121,2.0 124,1.0 125,1.0 131,4.0 132,1.0 139,2.0 141,1.0 170,1.0 180,1.0 185,2.0 186,1.0 241,1.0 242,1.0 261,2.0 262,2.0 263,1.0 267,1.0 269,1.0 340,1.0 342,1.0 
8,2.0 9,2.0 11,2.0 13,4.0 14,1.0 15,4.0 18,1.0 22,5.0 23,4.0 25,5.0 26,6.0 27,4.0 28,1.0 29,1.0 33,4.0 35,1.0 38,2.0 39,4.0 40,3.0 44,1.0 52,1.0 53,1.0 54,10.0 59,1.0 66,5.0 75,1.0 78,1.0 95,1.0 100,2.0 101,1.0 105,1.0 109,1.0 111,1.0 115,3.0 121,2.0 125,2.0 127,1.0 129,10.0 130,5.0 131,3.0 132,6.0 133,1.0 139,1.0 141,1.0 172,1.0 184,1.0 185,2.0 188,1.0 209,1.0 212,1.0 213,1.0 216,1.0 219,1.0 229,1.0 234,1.0 236,1.0 241,1.0 242,1.0 254,1.0 262,1.0 267,1.0 268,1.0 283,1.0 287,1.0 288,1.0 289,1.0 315,1.0 316,1.0 
0,1.0 1,5.0 2,9.0 3,2.0 4,4.0 6,10.0 7,6.0 10,1.0 13,7.0 14,6.0 15,10.0 17,18.0 18,17.0 19,17.0 20,13.0 22,1.0 23,7.0 26,16.0 27,11.0 28,6.0 29,12.0 32,1.0 34,1.0 36,2.0 37,7.0 38,2.0 39,1.0 40,1.0 43,1.0 44,19.0 45,6.0 46,1.0 47,1.0 48,3.0 49,2.0 50,3.0 51,2.0 52,2.0 53,1.0 54,2.0 60,2.0 64,1.0 66,5.0 67,3.0 79,5.0 86,2.0 87,2.0 110,1.0 113,1.0 160,1.0 161,1.0 170,1.0 186,1.0 227,1.0 237,2.0 241,1.0 242,1.0 255,1.0 280,1.0 281,1.0 315,1.0 
1,8.0 2,1.0 3,21.0 4,11.0 5,18.0 6,7.0 7,16.0 9,8.0 13,14.0 14,1.0 15,22.0 16,4.0 17,13.0 18,16.0 19,11.0 20,25.0 22,1.0 23,9.0 25,16.0 27,11.0 28,10.0 29,12.0 30,6.0 31,9.0 33,7.0 34,3.0 35,4.0 36,2.0 37,4.0 38,2.0 39,1.0 40,1.0 50,1.0 51,2.0 52,2.0 53,1.0 54,2.0 60,2.0 61,2.0 69,1.0 76,2.0 79,7.0 80,2.0 84,2.0 85,2.0 86,1.0 105,2.0 126,1.0 204,1.0 212,1.0 222,1.0 236,1.0 272,1.0 
0,1.0 1,3.0 9,1.0 13,2.0 14,2.0 15,18.0 18,9.0 19,2.0 20,11.0 25,11.0 26,11.0 28,10.0 29,4.0 34,3.0 37,6.0 38,1.0 50,1.0 51,1.0 79,5.0 86,2.0 87,2.0 119,2.0 170,1.0 180,1.0 185,1.0 186,1.0 200,1.0 202,3.0 204,2.0 205,1.0 220,1.0 222,2.0 223,1.0 224,1.0 226,2.0 227,2.0 228,1.0 237,1.0 247,1.0 255,2.0 256,1.0 261,4.0 299,1.0 315,1.0 
1,3.0 3,7.0 4,4.0 5,6.0 14,2.0 15,11.0 16,1.0 17,3.0 18,5.0 20,9.0 21,1.0 24,1.0 25,1.0 26,3.0 27,2.0 29,4.0 30,4.0 34,1.0 35,1.0 38,1.0 50,1.0 51,1.0 52,1.0 54,1.0 60,2.0 72,1.0 73,1.0 80,1.0 191,1.0 202,1.0 204,4.0 212,2.0 222,1.0 229,1.0 237,1.0 240,1.0 261,2.0 262,2.0 283,1.0 286,1.0 
2,1.0 3,17.0 4,15.0 5,15.0 6,1.0 7,18.0 8,1.0 9,7.0 10,1.0 11,8.0 13,8.0 14,9.0 15,4.0 17,1.0 19,8.0 20,4.0 22,7.0 23,7.0 24,1.0 25,8.0 26,17.0 27,4.0 28,4.0 30,4.0 31,17.0 32,1.0 33,1.0 34,2.0 39,1.0 44,1.0 45,3.0 47,3.0 48,4.0 49,2.0 50,1.0 52,1.0 53,1.0 54,2.0 55,1.0 59,1.0 65,5.0 66,1.0 67,2.0 71,1.0 85,1.0 99,4.0 100,4.0 101,2.0 103,2.0 104,3.0 105,1.0 113,1.0 114,1.0 115,1.0 119,1.0 120,2.0 121,2.0 124,1.0 126,1.0 132,3.0 139,2.0 140,1.0 152,1.0 160,1.0 163,2.0 170,1.0 173,1.0 188,1.0 204,1.0 253,1.0 297,1.0 298,1.0 300,1.0 305,1.0 350,2.0 356,1.0 
3,4.0 4,4.0 5,7.0 6,4.0 7,4.0 9,4.0 15,4.0 16,4.0 17,6.0 18,4.0 19,2.0 20,4.0 26,6.0 29,4.0 31,4.0 35,2.0 39,3.0 79,4.0 80,2.0 105,2.0 111,1.0 
0,1.0 2,1.0 3,11.0 4,11.0 5,11.0 7,12.0 9,5.0 10,1.0 11,2.0 13,9.0 14,1.0 15,4.0 17,1.0 22,4.0 25,5.0 26,16.0 27,4.0 29,17.0 33,2.0 39,2.0 50,1.0 53,1.0 55,1.0 61,1.0 66,1.0 97,1.0 100,1.0 101,1.0 103,1.0 120,1.0 124,1.0 125,1.0 126,3.0 130,1.0 131,1.0 132,1.0 240,1.0 243,1.0 246,1.0 247,1.0 248,1.0 273,1.0 
3,7.0 5,7.0 10,1.0 25,1.0 26,7.0 33,8.0 44,1.0 55,1.0 65,1.0 69,1.0 74,1.0 81,1.0 88,1.0 89,1.0 90,1.0 91,1.0 92,1.0 93,1.0 94,1.0 104,1.0 107,1.0 109,1.0 112,1.0 121,1.0 130,1.0 131,2.0 132,1.0 133,1.0 152,2.0 153,2.0 156,1.0 157,1.0 160,2.0 161,1.0 167,1.0 218,1.0 219,1.0 301,2.0 302,1.0 303,1.0 
0,1.0 1,4.0 3,7.0 5,7.0 7,4.0 11,3.0 13,7.0 15,1.0 19,5.0 20,4.0 24,5.0 26,7.0 29,5.0 31,6.0 33,5.0 39,10.0 46,2.0 47,1.0 48,1.0 50,7.0 54,2.0 55,1.0 66,4.0 69,1.0 71,1.0 76,1.0 77,2.0 78,2.0 97,5.0 102,1.0 103,7.0 104,4.0 105,3.0 110,1.0 120,1.0 121,3.0 124,3.0 125,7.0 126,1.0 129,3.0 131,6.0 132,5.0 133,1.0 135,4.0 136,1.0 139,2.0 144,2.0 173,1.0 213,3.0 219,1.0 241,1.0 305,1.0 
1,5.0 4,1.0 6,2.0 8,2.0 9,1.0 15,3.0 16,1.0 18,3.0 20,3.0 21,1.0 22,1.0 25,1.0 26,3.0 27,3.0 28,3.0 29,3.0 35,2.0 44,1.0 45,2.0 48,1.0 63,1.0 64,1.0 67,1.0 204,1.0 297,1.0 298,1.0 300,1.0 
0,2.0 1,5.0 3,2.0 4,1.0 5,2.0 6,3.0 7,4.0 8,1.0 13,1.0 16,1.0 17,1.0 19,7.0 20,2.0 24,1.0 25,3.0 26,2.0 27,4.0 28,1.0 34,1.0 36,1.0 37,1.0 47,2.0 59,1.0 67,1.0 68,2.0 69,3.0 71,1.0 80,2.0 85,2.0 86,2.0 170,2.0 198,2.0 212,1.0 229,1.0 230,3.0 232,1.0 236,2.0 238,1.0 239,1.0 261,2.0 
0,1.0 1,1.0 3,1.0 5,1.0 6,2.0 7,1.0 13,2.0 17,2.0 19,1.0 23,1.0 25,2.0 26,2.0 35,1.0 37,1.0 39,1.0 40,1.0 
0,1.0 1,3.0 3,1.0 5,1.0 6,1.0 7,1.0 13,1.0 15,6.0 16,1.0 17,3.0 18,8.0 20,4.0 26,3.0 30,3.0 35,1.0 36,1.0 42,1.0 50,2.0 60,1.0 68,2.0 69,2.0 70,2.0 71,2.0 72,2.0 73,2.0 74,2.0 75,2.0 79,5.0 83,2.0 87,2.0 152,1.0 163,1.0 203,1.0 204,1.0 218,1.0 
0,6.0 1,9.0 2,2.0 3,10.0 4,1.0 5,3.0 6,6.0 7,7.0 8,5.0 9,4.0 11,4.0 13,3.0 14,3.0 18,3.0 19,3.0 20,1.0 22,7.0 23,2.0 24,2.0 25,2.0 26,2.0 27,1.0 29,2.0 40,1.0 44,2.0 50,1.0 51,7.0 52,9.0 53,2.0 54,4.0 55,1.0 58,1.0 59,1.0 61,3.0 77,1.0 80,1.0 85,2.0 115,1.0 129,1.0 130,1.0 170,2.0 172,1.0 185,1.0 186,2.0 216,1.0 219,1.0 227,1.0 236,1.0 237,1.0 242,2.0 255,1.0 261,2.0 262,1.0 266,1.0 267,3.0 268,1.0 315,2.0 316,1.0 
1,1.0 5,1.0 11,5.0 20,1.0 23,4.0 24,3.0 30,1.0 33,6.0 39,9.0 40,18.0 41,1.0 45,1.0 46,3.0 50,5.0 54,1.0 55,10.0 64,1.0 66,12.0 70,3.0 76,1.0 77,6.0 78,1.0 79,1.0 85,2.0 95,1.0 97,3.0 101,1.0 105,5.0 107,2.0 108,3.0 109,8.0 110,4.0 111,7.0 112,1.0 113,4.0 118,1.0 124,2.0 125,2.0 129,2.0 130,1.0 132,3.0 133,4.0 134,2.0 135,3.0 142,1.0 143,2.0 144,1.0 145,2.0 185,1.0 186,1.0 187,1.0 207,2.0 211,1.0 212,2.0 213,2.0 214,1.0 215,1.0 216,1.0 241,1.0 311,2.0 339,5.0 340,6.0 
3,2.0 5,3.0 7,2.0 11,11.0 19,1.0 20,1.0 23,5.0 24,3.0 26,2.0 30,3.0 39,18.0 40,11.0 41,1.0 44,2.0 45,3.0 46,3.0 47,2.0 50,5.0 52,1.0 54,2.0 55,13.0 56,1.0 66,9.0 71,2.0 76,16.0 77,4.0 78,1.0 80,1.0 85,7.0 97,3.0 101,16.0 102,3.0 104,1.0 105,21.0 107,8.0 108,1.0 109,15.0 110,6.0 111,17.0 114,2.0 118,3.0 119,1.0 120,2.0 125,2.0 129,1.0 132,3.0 147,1.0 163,2.0 170,2.0 193,2.0 218,1.0 241,4.0 316,1.0 320,2.0 329,2.0 330,1.0 331,1.0 332,1.0 333,1.0 339,5.0 340,6.0 349,1.0 355,2.0 
23,1.0 42,1.0 
4,1.0 23,1.0 25,1.0 37,1.0 43,1.0 44,1.0 70,3.0 71,3.0 72,3.0 73,3.0 74,3.0 75,3.0 
4,1.0 18,1.0 25,1.0 44,1.0 45,1.0 46,1.0 47,1.0 48,1.0 58,2.0 82,2.0 109,2.0 152,2.0 158,2.0 159,2.0 
0,1.0 1,3.0 2,8.0 3,2.0 4,4.0 6,8.0 7,6.0 8,1.0 9,1.0 10,1.0 13,5.0 14,7.0 17,13.0 18,5.0 19,12.0 22,1.0 23,6.0 25,19.0 29,9.0 32,1.0 33,1.0 34,1.0 38,2.0 40,2.0 43,1.0 45,6.0 46,1.0 47,1.0 48,3.0 49,1.0 50,1.0 51,1.0 52,1.0 55,3.0 66,5.0 67,2.0 76,5.0 78,3.0 85,1.0 105,3.0 107,3.0 110,1.0 111,2.0 113,1.0 125,2.0 160,1.0 161,1.0 216,1.0 237,1.0 241,1.0 242,1.0 315,1.0 316,6.0 
0,1.0 1,5.0 3,4.0 4,4.0 5,1.0 6,4.0 10,1.0 11,6.0 16,1.0 17,1.0 18,16.0 19,3.0 20,1.0 22,4.0 25,4.0 27,1.0 29,3.0 34,1.0 38,1.0 39,1.0 40,2.0 44,3.0 46,24.0 47,1.0 48,3.0 49,3.0 50,3.0 55,5.0 63,2.0 64,1.0 66,9.0 67,2.0 71,1.0 73,1.0 76,4.0 78,1.0 79,1.0 80,1.0 85,1.0 95,4.0 96,2.0 97,1.0 98,4.0 99,5.0 100,10.0 101,10.0 102,1.0 103,9.0 104,7.0 105,6.0 107,4.0 110,2.0 113,1.0 114,2.0 115,3.0 116,1.0 117,4.0 119,1.0 121,4.0 125,2.0 130,1.0 131,1.0 132,1.0 142,1.0 191,1.0 202,1.0 204,1.0 207,2.0 222,1.0 237,1.0 242,2.0 243,1.0 244,1.0 245,1.0 247,2.0 296,1.0 305,2.0 315,1.0 339,1.0 341,1.0 349,1.0 355,1.0 
1,1.0 3,1.0 4,1.0 11,4.0 18,1.0 22,2.0 25,1.0 33,2.0 39,2.0 40,2.0 44,1.0 45,24.0 47,1.0 48,1.0 49,1.0 50,1.0 55,3.0 66,3.0 76,4.0 78,1.0 86,1.0 95,4.0 96,3.0 97,1.0 98,6.0 99,2.0 100,9.0 101,6.0 103,5.0 104,1.0 105,4.0 107,4.0 111,1.0 113,1.0 114,2.0 115,3.0 117,3.0 125,1.0 130,1.0 131,1.0 132,1.0 144,6.0 147,2.0 152,1.0 179,1.0 180,2.0 181,1.0 182,1.0 183,1.0 189,1.0 216,1.0 247,1.0 305,2.0 315,1.0 339,2.0 341,1.0 
3,1.0 4,1.0 7,1.0 11,4.0 13,1.0 18,3.0 19,4.0 20,1.0 22,2.0 23,2.0 25,1.0 29,3.0 33,1.0 35,2.0 40,4.0 44,1.0 45,2.0 46,1.0 48,4.0 49,1.0 55,2.0 59,1.0 66,3.0 79,2.0 85,1.0 96,4.0 98,3.0 99,5.0 100,5.0 101,3.0 102,10.0 103,9.0 104,4.0 107,1.0 109,1.0 110,1.0 113,2.0 114,4.0 115,1.0 120,1.0 121,3.0 128,2.0 130,1.0 131,1.0 139,1.0 140,1.0 142,1.0 156,1.0 168,1.0 170,2.0 198,3.0 220,1.0 221,1.0 227,3.0 229,1.0 230,5.0 231,1.0 233,1.0 236,2.0 253,2.0 274,1.0 275,1.0 276,1.0 350,2.0 356,4.0 
0,1.0 3,3.0 4,1.0 7,2.0 9,1.0 14,2.0 18,3.0 19,1.0 25,2.0 27,1.0 29,4.0 32,1.0 44,1.0 45,4.0 46,2.0 47,4.0 49,3.0 50,1.0 55,1.0 67,2.0 71,1.0 79,1.0 98,1.0 99,1.0 100,1.0 101,1.0 103,2.0 107,1.0 114,3.0 115,1.0 119,1.0 120,2.0 140,1.0 144,1.0 152,1.0 160,1.0 163,1.0 167,1.0 173,1.0 202,1.0 206,1.0 218,1.0 226,1.0 229,1.0 230,1.0 253,2.0 285,1.0 301,1.0 303,1.0 356,2.0 
0,1.0 1,3.0 3,4.0 4,2.0 17,1.0 18,3.0 19,1.0 25,2.0 37,2.0 44,1.0 50,3.0 55,2.0 76,2.0 105,2.0 111,2.0 273,2.0 298,1.0 
0,1.0 1,4.0 6,1.0 7,1.0 11,6.0 14,1.0 18,3.0 19,18.0 23,1.0 25,1.0 26,1.0 28,1.0 33,5.0 37,2.0 38,1.0 39,3.0 40,5.0 51,1.0 52,1.0 55,5.0 59,1.0 65,1.0 68,2.0 69,2.0 70,1.0 76,4.0 78,2.0 95,6.0 96,6.0 97,27.0 98,8.0 99,10.0 100,2.0 101,4.0 103,4.0 104,8.0 105,3.0 107,3.0 110,2.0 111,1.0 113,1.0 114,2.0 115,5.0 117,4.0 121,1.0 124,2.0 125,4.0 127,4.0 128,1.0 130,2.0 131,3.0 132,2.0 135,1.0 146,2.0 167,1.0 170,2.0 180,1.0 182,1.0 186,2.0 204,1.0 212,1.0 213,1.0 214,2.0 219,2.0 222,1.0 227,1.0 237,1.0 241,4.0 242,2.0 246,1.0 262,1.0 264,1.0 265,1.0 303,1.0 304,1.0 311,1.0 
0,1.0 1,5.0 3,5.0 6,2.0 7,2.0 13,2.0 18,1.0 19,3.0 20,1.0 22,1.0 25,2.0 26,2.0 27,1.0 38,7.0 40,1.0 44,1.0 50,1.0 52,4.0 53,1.0 54,1.0 55,1.0 61,3.0 170,1.0 186,1.0 227,1.0 237,1.0 255,1.0 315,1.0 
0,4.0 1,5.0 2,1.0 3,5.0 4,1.0 6,3.0 7,4.0 8,2.0 11,3.0 13,3.0 14,1.0 16,1.0 18,3.0 19,2.0 20,2.0 22,5.0 24,1.0 25,2.0 26,2.0 28,1.0 29,1.0 33,1.0 34,1.0 38,9.0 44,1.0 51,4.0 53,1.0 54,6.0 58,1.0 59,2.0 60,1.0 61,3.0 62,1.0 78,1.0 80,2.0 115,1.0 130,1.0 170,1.0 172,1.0 185,1.0 242,2.0 246,1.0 261,2.0 262,2.0 263,1.0 267,1.0 
0,1.0 1,1.0 3,1.0 6,3.0 8,1.0 9,2.0 10,1.0 15,1.0 18,6.0 19,1.0 20,2.0 22,3.0 24,1.0 25,1.0 27,1.0 29,1.0 31,1.0 38,3.0 44,2.0 51,2.0 54,1.0 79,1.0 95,4.0 98,2.0 99,2.0 113,4.0 115,1.0 120,1.0 128,2.0 129,1.0 143,1.0 163,1.0 173,1.0 188,1.0 216,1.0 240,1.0 243,1.0 246,1.0 247,2.0 248,1.0 255,1.0 314,1.0 315,2.0 316,1.0 317,1.0 318,1.0 
0,1.0 1,1.0 3,2.0 4,3.0 5,2.0 10,1.0 11,4.0 13,1.0 16,1.0 18,5.0 20,2.0 22,7.0 24,10.0 25,2.0 26,3.0 28,1.0 29,2.0 33,1.0 38,2.0 39,1.0 40,2.0 44,1.0 51,2.0 52,2.0 53,1.0 59,2.0 60,1.0 62,1.0 66,3.0 75,1.0 95,1.0 100,2.0 101,2.0 102,1.0 103,1.0 105,1.0 110,2.0 111,3.0 114,2.0 115,1.0 121,1.0 125,1.0 127,2.0 130,5.0 131,3.0 132,5.0 139,1.0 170,1.0 172,2.0 184,1.0 185,2.0 188,1.0 209,1.0 213,1.0 222,2.0 242,1.0 243,1.0 248,1.0 249,1.0 250,1.0 251,1.0 254,1.0 
1,3.0 3,2.0 5,2.0 6,1.0 7,9.0 11,4.0 13,1.0 18,3.0 19,5.0 20,4.0 22,4.0 23,6.0 26,2.0 29,5.0 30,2.0 31,4.0 39,12.0 40,18.0 44,2.0 45,5.0 46,4.0 47,3.0 49,2.0 50,7.0 55,22.0 56,1.0 66,3.0 70,4.0 76,41.0 77,6.0 78,7.0 79,4.0 80,3.0 85,3.0 97,3.0 100,3.0 101,10.0 102,1.0 103,5.0 104,11.0 105,34.0 107,14.0 109,1.0 110,2.0 111,18.0 112,2.0 113,1.0 121,6.0 124,1.0 125,3.0 136,3.0 138,3.0 139,2.0 142,2.0 152,1.0 189,1.0 213,2.0 214,1.0 215,1.0 241,4.0 249,1.0 273,1.0 311,2.0 313,1.0 316,2.0 319,1.0 325,1.0 326,1.0 329,1.0 330,1.0 334,1.0 335,1.0 338,1.0 339,12.0 340,10.0 355,1.0 362,1.0 363,1.0 364,1.0 365,1.0 
7,1.0 57,1.0 
2,1.0 7,1.0 38,1.0 52,1.0 58,1.0 
2,1.0 22,1.0 24,1.0 29,1.0 38,1.0 43,2.0 52,1.0 54,1.0 59,1.0 81,2.0 82,2.0 109,2.0 112,2.0 148,2.0 149,2.0 150,2.0 151,2.0 152,2.0 158,2.0 159,2.0 
6,1.0 13,3.0 14,2.0 18,1.0 19,1.0 20,2.0 22,3.0 23,1.0 24,1.0 25,2.0 26,2.0 29,1.0 35,1.0 40,1.0 47,2.0 50,1.0 52,1.0 54,2.0 55,1.0 62,1.0 65,1.0 69,1.0 71,1.0 79,1.0 98,3.0 100,2.0 101,1.0 115,2.0 128,2.0 156,1.0 167,1.0 170,1.0 173,1.0 182,1.0 186,1.0 238,1.0 239,1.0 303,1.0 304,1.0 
3,1.0 16,1.0 18,2.0 20,2.0 21,1.0 26,1.0 28,2.0 34,1.0 37,1.0 38,1.0 51,1.0 54,1.0 70,1.0 71,1.0 72,1.0 73,1.0 74,1.0 75,1.0 
0,2.0 1,5.0 3,1.0 6,1.0 7,2.0 9,1.0 10,2.0 13,3.0 14,1.0 19,2.0 20,1.0 31,1.0 38,1.0 51,1.0 52,1.0 80,1.0 126,1.0 190,1.0 242,2.0 246,1.0 264,1.0 265,1.0 273,1.0 301,1.0 303,1.0 307,1.0 308,1.0 
13,1.0 22,1.0 25,1.0 26,1.0 54,1.0 59,1.0 
3,1.0 4,1.0 5,1.0 22,1.0 27,1.0 38,1.0 45,2.0 64,1.0 138,4.0 146,4.0 196,2.0 197,1.0 200,1.0 201,1.0 202,2.0 204,1.0 296,1.0 
3,1.0 4,1.0 5,1.0 9,2.0 11,3.0 15,1.0 19,1.0 22,2.0 38,1.0 45,1.0 63,1.0 64,1.0 67,1.0 98,1.0 101,1.0 113,1.0 119,1.0 127,1.0 130,1.0 131,1.0 132,1.0 139,1.0 141,1.0 143,4.0 173,1.0 185,1.0 186,1.0 187,1.0 191,2.0 200,2.0 230,2.0 236,2.0 237,2.0 243,2.0 250,2.0 252,2.0 253,1.0 280,1.0 281,1.0 305,1.0 357,1.0 
17,5.0 25,5.0 32,1.0 33,1.0 44,5.0 66,5.0 69,1.0 76,1.0 100,1.0 104,2.0 108,1.0 109,1.0 131,1.0 135,2.0 157,1.0 160,2.0 162,1.0 167,1.0 219,1.0 225,1.0 226,1.0 241,1.0 301,1.0 302,1.0 303,1.0 304,1.0 305,1.0 
0,1.0 1,2.0 6,5.0 7,1.0 11,6.0 13,4.0 15,1.0 17,5.0 18,3.0 19,3.0 22,1.0 23,5.0 24,5.0 25,5.0 29,3.0 31,1.0 33,4.0 39,12.0 40,9.0 44,5.0 45,12.0 46,5.0 47,3.0 53,1.0 54,6.0 55,2.0 66,15.0 71,1.0 77,6.0 80,2.0 95,1.0 96,1.0 100,4.0 101,3.0 102,4.0 103,4.0 105,10.0 108,2.0 109,6.0 110,2.0 111,2.0 113,8.0 114,9.0 117,1.0 118,5.0 119,3.0 120,2.0 121,5.0 125,8.0 129,1.0 131,5.0 132,2.0 139,2.0 142,1.0 147,1.0 163,2.0 206,2.0 208,2.0 241,1.0 246,1.0 247,1.0 320,3.0 349,1.0 
3,2.0 7,1.0 19,1.0 25,1.0 29,2.0 35,1.0 45,2.0 48,2.0 49,2.0 64,1.0 152,4.0 163,4.0 194,1.0 195,1.0 198,3.0 199,2.0 205,1.0 230,1.0 232,1.0 280,1.0 281,1.0 
37,1.0 60,1.0 69,4.0 70,1.0 71,1.0 81,2.0 82,3.0 
0,1.0 9,3.0 13,1.0 14,1.0 26,1.0 31,1.0 33,1.0 35,1.0 37,1.0 39,1.0 48,1.0 59,1.0 60,1.0 61,1.0 64,2.0 68,4.0 70,1.0 71,4.0 81,2.0 82,3.0 86,1.0 104,1.0 120,1.0 126,1.0 131,1.0 173,1.0 200,2.0 213,1.0 219,1.0 234,1.0 235,1.0 236,1.0 238,2.0 239,1.0 272,1.0 
11,1.0 14,1.0 33,1.0 37,2.0 39,3.0 42,3.0 55,4.0 60,1.0 66,1.0 71,4.0 72,4.0 73,4.0 74,4.0 75,4.0 100,2.0 115,1.0 121,1.0 125,1.0 127,1.0 142,5.0 172,2.0 173,1.0 180,1.0 181,1.0 213,1.0 241,1.0 242,2.0 246,1.0 254,1.0 260,1.0 261,1.0 262,1.0 263,1.0 267,1.0 309,1.0 310,1.0 311,2.0 312,1.0 
0,1.0 1,1.0 6,3.0 9,1.0 11,1.0 15,1.0 18,1.0 19,2.0 22,2.0 27,1.0 32,1.0 35,1.0 37,2.0 42,3.0 45,1.0 46,1.0 48,1.0 50,1.0 53,1.0 59,1.0 60,1.0 66,2.0 69,2.0 70,4.0 72,4.0 73,4.0 74,4.0 75,4.0 99,1.0 100,4.0 103,3.0 104,1.0 120,8.0 121,1.0 130,1.0 131,1.0 132,2.0 142,1.0 152,1.0 160,1.0 161,1.0 163,3.0 167,1.0 169,1.0 170,4.0 173,1.0 176,1.0 177,1.0 178,1.0 179,1.0 180,1.0 181,1.0 185,1.0 218,1.0 234,1.0 235,1.0 238,1.0 239,1.0 242,1.0 255,1.0 301,1.0 303,1.0 317,1.0 318,1.0 
25,1.0 44,1.0 55,4.0 73,5.0 74,4.0 75,4.0 76,4.0 77,4.0 78,4.0 110,1.0 113,1.0 191,1.0 240,1.0 241,1.0 
10,1.0 25,1.0 44,1.0 55,4.0 66,1.0 72,5.0 74,4.0 75,4.0 76,4.0 77,4.0 78,4.0 103,1.0 110,1.0 111,1.0 113,1.0 114,1.0 131,1.0 147,1.0 191,2.0 240,1.0 241,1.0 243,1.0 244,1.0 245,1.0 
32,1.0 55,4.0 72,4.0 73,4.0 75,4.0 76,4.0 77,4.0 78,4.0 112,1.0 152,1.0 153,1.0 157,1.0 
8,1.0 40,1.0 55,4.0 72,4.0 73,4.0 74,4.0 76,4.0 77,4.0 78,4.0 101,1.0 109,1.0 172,1.0 184,1.0 185,1.0 193,2.0 209,1.0 261,1.0 263,1.0 267,1.0 269,1.0 270,1.0 
7,2.0 20,3.0 22,4.0 29,4.0 31,4.0 33,1.0 39,1.0 40,15.0 44,5.0 45,4.0 46,4.0 49,2.0 50,4.0 55,43.0 66,1.0 76,5.0 77,4.0 78,17.0 79,2.0 80,2.0 97,3.0 102,1.0 104,3.0 105,39.0 106,2.0 107,39.0 109,1.0 111,20.0 112,1.0 124,1.0 125,16.0 135,1.0 136,4.0 138,3.0 139,2.0 147,2.0 189,1.0 208,1.0 217,1.0 218,2.0 249,1.0 273,1.0 313,1.0 316,5.0 319,1.0 323,1.0 324,1.0 325,1.0 326,1.0 329,4.0 330,3.0 331,2.0 332,2.0 333,1.0 334,1.0 335,1.0 336,1.0 339,6.0 340,5.0 349,1.0 
9,2.0 11,6.0 12,1.0 14,1.0 18,1.0 22,4.0 24,3.0 28,1.0 29,4.0 31,4.0 33,4.0 35,1.0 38,1.0 39,8.0 40,8.0 53,1.0 55,5.0 66,6.0 76,4.0 78,4.0 101,2.0 103,3.0 105,4.0 108,2.0 110,5.0 111,6.0 113,2.0 114,2.0 129,2.0 130,1.0 131,1.0 132,3.0 133,1.0 147,2.0 185,1.0 212,1.0 213,3.0 229,1.0 241,3.0 260,1.0 261,2.0 263,1.0 266,2.0 267,1.0 305,1.0 
7,1.0 20,2.0 22,4.0 23,2.0 24,1.0 29,4.0 31,4.0 33,3.0 39,1.0 40,2.0 44,3.0 45,1.0 46,1.0 50,1.0 52,1.0 54,1.0 55,6.0 76,21.0 77,4.0 78,2.0 79,1.0 85,2.0 97,1.0 104,4.0 105,1.0 107,12.0 110,2.0 111,2.0 121,2.0 124,1.0 125,11.0 132,2.0 136,1.0 137,1.0 138,4.0 139,1.0 147,1.0 218,1.0 316,2.0 329,1.0 330,1.0 331,1.0 332,1.0 
4,1.0 6,4.0 15,9.0 16,4.0 17,6.0 18,9.0 20,17.0 26,6.0 30,6.0 37,5.0 39,1.0 45,1.0 55,3.0 76,2.0 78,2.0 83,2.0 85,1.0 87,2.0 95,2.0 96,2.0 98,2.0 102,1.0 104,1.0 105,2.0 107,1.0 108,1.0 111,2.0 115,2.0 147,2.0 319,1.0 343,1.0 344,1.0 355,1.0 
0,1.0 6,1.0 7,14.0 11,2.0 14,1.0 19,2.0 28,1.0 35,2.0 39,1.0 40,1.0 55,4.0 61,1.0 66,3.0 68,2.0 69,2.0 76,1.0 100,3.0 101,3.0 103,3.0 104,3.0 105,2.0 107,1.0 110,5.0 113,5.0 114,5.0 115,5.0 121,3.0 125,5.0 131,2.0 136,1.0 242,2.0 246,1.0 249,1.0 262,1.0 264,1.0 265,1.0 283,1.0 286,1.0 313,1.0 349,3.0 
42,2.0 58,2.0 70,2.0 71,2.0 82,2.0 88,1.0 89,1.0 90,1.0 91,1.0 92,1.0 93,1.0 94,1.0 95,1.0 96,1.0 112,2.0 148,2.0 149,2.0 150,2.0 151,2.0 
37,1.0 42,3.0 43,2.0 58,2.0 70,3.0 71,3.0 81,2.0 109,2.0 152,2.0 158,2.0 159,2.0 
0,1.0 1,1.0 17,2.0 26,2.0 84,2.0 153,1.0 
17,2.0 19,2.0 20,2.0 26,2.0 35,2.0 85,2.0 
6,3.0 8,2.0 9,2.0 14,4.0 19,3.0 20,2.0 22,2.0 23,20.0 25,2.0 27,2.0 29,1.0 33,1.0 35,2.0 38,1.0 39,2.0 40,5.0 47,1.0 52,2.0 55,2.0 59,1.0 66,2.0 71,1.0 75,1.0 78,1.0 86,2.0 95,2.0 96,1.0 99,2.0 100,4.0 101,5.0 102,2.0 103,2.0 107,1.0 108,1.0 109,4.0 111,2.0 113,2.0 114,4.0 115,6.0 121,2.0 124,1.0 125,1.0 131,4.0 141,1.0 170,1.0 180,1.0 185,2.0 186,1.0 242,1.0 261,2.0 262,2.0 263,1.0 267,1.0 269,1.0 340,1.0 342,1.0 355,2.0 
9,1.0 13,1.0 14,1.0 15,2.0 18,2.0 25,2.0 26,1.0 27,2.0 31,1.0 37,2.0 61,1.0 69,1.0 79,2.0 87,2.0 97,1.0 126,1.0 236,1.0 272,1.0 286,1.0 290,1.0 
15,2.0 16,1.0 17,1.0 18,2.0 26,1.0 30,1.0 37,2.0 79,2.0 83,1.0 
81,1.0 89,1.0 90,1.0 91,1.0 92,1.0 93,1.0 94,1.0 95,1.0 96,1.0 
81,1.0 88,1.0 90,1.0 91,1.0 92,1.0 93,1.0 94,1.0 95,1.0 96,1.0 
81,1.0 88,1.0 89,1.0 91,1.0 92,1.0 93,1.0 94,1.0 95,1.0 96,1.0 
81,1.0 88,1.0 89,1.0 90,1.0 92,1.0 93,1.0 94,1.0 95,1.0 96,1.0 
81,1.0 88,1.0 89,1.0 90,1.0 91,1.0 93,1.0 94,1.0 95,1.0 96,1.0 
81,1.0 88,1.0 89,1.0 90,1.0 91,1.0 92,1.0 94,1.0 95,1.0 96,1.0 
81,1.0 88,1.0 89,1.0 90,1.0 91,1.0 92,1.0 93,1.0 95,1.0 96,1.0 
0,1.0 6,1.0 7,4.0 13,2.0 14,2.0 18,3.0 20,2.0 23,3.0 29,1.0 39,1.0 45,2.0 46,3.0 50,9.0 53,3.0 59,1.0 64,1.0 79,2.0 80,3.0 85,3.0 95,4.0 96,15.0 97,9.0 98,10.0 99,9.0 100,9.0 101,1.0 102,2.0 112,1.0 113,4.0 114,4.0 115,14.0 117,4.0 128,2.0 130,1.0 140,1.0 143,1.0 144,2.0 185,1.0 186,1.0 187,1.0 319,2.0 350,1.0 
1,3.0 6,1.0 18,1.0 19,6.0 20,2.0 23,2.0 45,3.0 46,5.0 47,2.0 50,15.0 79,2.0 85,2.0 95,16.0 97,13.0 98,17.0 99,9.0 114,2.0 115,5.0 116,4.0 117,11.0 118,2.0 119,2.0 120,2.0 127,2.0 144,2.0 227,4.0 350,4.0 356,2.0 
1,1.0 33,3.0 39,2.0 40,4.0 50,27.0 55,3.0 76,4.0 78,1.0 95,6.0 96,6.0 98,6.0 99,6.0 101,1.0 104,3.0 105,2.0 107,1.0 110,1.0 111,1.0 114,2.0 115,4.0 117,4.0 121,1.0 124,2.0 125,1.0 127,3.0 128,1.0 135,1.0 146,2.0 241,2.0 286,1.0 290,1.0 291,1.0 292,1.0 
0,1.0 1,3.0 6,4.0 7,1.0 13,1.0 14,1.0 18,5.0 19,4.0 20,3.0 23,2.0 24,1.0 29,2.0 45,3.0 46,4.0 47,3.0 48,1.0 50,8.0 53,3.0 54,1.0 59,1.0 61,1.0 79,2.0 95,8.0 96,7.0 97,6.0 98,6.0 99,13.0 100,4.0 102,2.0 103,1.0 113,2.0 114,1.0 115,11.0 117,5.0 118,2.0 119,2.0 130,3.0 131,1.0 140,1.0 144,2.0 151,1.0 188,1.0 213,1.0 242,3.0 253,2.0 254,1.0 307,1.0 356,1.0 
0,1.0 1,9.0 6,4.0 7,2.0 13,6.0 14,2.0 18,4.0 19,11.0 22,1.0 23,4.0 29,4.0 45,7.0 46,5.0 47,4.0 50,5.0 53,1.0 54,1.0 59,1.0 66,1.0 71,3.0 85,2.0 95,7.0 96,7.0 97,2.0 98,3.0 99,17.0 100,28.0 101,3.0 102,4.0 103,6.0 104,4.0 113,2.0 114,8.0 115,5.0 117,3.0 120,6.0 121,3.0 127,2.0 128,1.0 131,2.0 139,8.0 140,1.0 163,2.0 170,1.0 227,3.0 241,1.0 242,1.0 350,6.0 
0,2.0 1,7.0 7,6.0 11,8.0 13,8.0 14,1.0 15,1.0 18,5.0 19,8.0 20,4.0 23,5.0 24,1.0 29,4.0 31,1.0 45,11.0 46,7.0 47,7.0 50,1.0 54,1.0 55,1.0 59,2.0 61,1.0 64,1.0 66,1.0 70,2.0 71,3.0 80,3.0 85,3.0 95,6.0 98,6.0 99,21.0 100,18.0 101,16.0 102,8.0 103,16.0 104,11.0 113,2.0 114,11.0 115,8.0 118,1.0 119,1.0 120,7.0 121,6.0 125,1.0 127,1.0 128,3.0 131,4.0 139,8.0 142,6.0 143,1.0 151,1.0 163,4.0 180,1.0 213,1.0 225,1.0 226,1.0 227,4.0 241,4.0 242,2.0 305,2.0 307,1.0 319,2.0 
1,3.0 7,5.0 11,8.0 13,4.0 15,1.0 18,4.0 19,6.0 22,1.0 23,8.0 24,1.0 29,3.0 31,1.0 39,3.0 40,12.0 45,5.0 46,3.0 47,8.0 50,4.0 54,2.0 55,12.0 64,2.0 66,2.0 71,3.0 77,4.0 80,2.0 85,4.0 95,1.0 96,2.0 97,1.0 99,2.0 100,8.0 101,9.0 102,4.0 103,14.0 104,9.0 109,4.0 110,8.0 112,1.0 113,6.0 114,9.0 115,4.0 116,2.0 118,3.0 119,3.0 120,3.0 121,3.0 130,3.0 132,1.0 139,1.0 143,2.0 163,2.0 170,2.0 185,1.0 186,1.0 187,1.0 193,2.0 241,3.0 
31,1.0 33,1.0 40,3.0 45,1.0 47,9.0 54,1.0 55,1.0 66,1.0 76,1.0 85,2.0 95,1.0 96,3.0 98,2.0 99,4.0 100,6.0 103,5.0 104,4.0 105,2.0 107,1.0 108,1.0 109,3.0 110,2.0 111,3.0 114,2.0 115,2.0 121,1.0 126,1.0 131,3.0 132,1.0 139,1.0 152,1.0 220,1.0 282,1.0 283,1.0 284,1.0 319,6.0 345,1.0 346,1.0 
0,1.0 1,8.0 6,1.0 7,7.0 11,10.0 13,3.0 14,1.0 15,3.0 18,11.0 19,6.0 20,5.0 29,1.0 31,2.0 33,7.0 45,15.0 46,7.0 47,7.0 48,2.0 50,5.0 53,1.0 55,3.0 61,1.0 66,6.0 71,3.0 77,1.0 80,4.0 95,1.0 96,2.0 97,1.0 98,2.0 99,9.0 100,7.0 101,4.0 102,5.0 103,7.0 104,17.0 105,2.0 111,1.0 113,10.0 114,14.0 116,1.0 117,1.0 118,1.0 119,2.0 120,2.0 121,4.0 125,1.0 128,1.0 130,4.0 131,4.0 132,4.0 135,1.0 139,1.0 147,1.0 151,1.0 213,4.0 242,1.0 246,1.0 247,1.0 305,2.0 307,1.0 
0,1.0 1,6.0 6,1.0 7,8.0 11,1.0 13,4.0 15,1.0 18,5.0 19,8.0 20,2.0 23,3.0 24,1.0 29,2.0 31,1.0 33,4.0 40,3.0 45,8.0 46,3.0 47,1.0 48,1.0 50,5.0 54,1.0 55,16.0 66,5.0 69,1.0 70,1.0 71,3.0 76,1.0 78,3.0 80,1.0 85,1.0 97,2.0 99,7.0 100,12.0 101,6.0 103,8.0 104,13.0 105,1.0 107,2.0 109,1.0 110,3.0 113,2.0 114,2.0 120,4.0 121,5.0 125,6.0 127,1.0 128,1.0 131,3.0 135,1.0 136,1.0 138,1.0 139,6.0 142,2.0 163,2.0 173,1.0 219,1.0 
3,2.0 5,2.0 7,2.0 19,2.0 20,4.0 26,2.0 29,1.0 30,2.0 31,1.0 33,2.0 39,6.0 40,14.0 44,3.0 45,6.0 46,4.0 49,2.0 50,5.0 55,25.0 66,6.0 69,2.0 76,46.0 77,3.0 78,3.0 79,3.0 80,3.0 97,3.0 101,1.0 102,2.0 103,4.0 104,4.0 105,3.0 107,20.0 108,1.0 110,2.0 111,19.0 112,1.0 118,2.0 119,2.0 120,1.0 121,1.0 125,5.0 130,2.0 132,4.0 133,1.0 135,4.0 144,1.0 147,1.0 152,1.0 189,1.0 206,2.0 208,2.0 213,2.0 218,1.0 241,5.0 249,1.0 273,1.0 313,1.0 316,3.0 319,1.0 320,1.0 325,1.0 326,1.0 329,3.0 330,2.0 331,1.0 332,1.0 333,1.0 334,1.0 335,1.0 336,1.0 349,1.0 
107,2.0 108,2.0 109,1.0 111,1.0 
7,2.0 20,1.0 39,1.0 40,8.0 44,3.0 45,5.0 46,3.0 50,2.0 55,16.0 76,32.0 78,13.0 79,1.0 80,2.0 85,2.0 97,1.0 102,2.0 104,1.0 105,22.0 106,2.0 107,4.0 108,4.0 109,3.0 111,4.0 112,2.0 121,1.0 122,1.0 123,1.0 124,3.0 125,17.0 133,2.0 135,1.0 136,4.0 137,1.0 138,2.0 147,2.0 152,3.0 189,1.0 213,1.0 316,3.0 319,1.0 323,1.0 324,1.0 327,1.0 328,1.0 329,2.0 330,1.0 332,2.0 333,1.0 338,1.0 349,1.0 355,1.0 
20,1.0 39,7.0 46,1.0 65,2.0 66,4.0 71,1.0 76,1.0 79,1.0 102,1.0 104,1.0 105,2.0 109,6.0 110,2.0 111,7.0 112,3.0 133,2.0 135,2.0 136,2.0 144,1.0 152,3.0 157,1.0 160,2.0 161,1.0 162,1.0 165,1.0 169,1.0 170,2.0 172,1.0 173,2.0 174,1.0 175,1.0 180,2.0 181,1.0 184,1.0 185,1.0 319,1.0 
0,1.0 1,1.0 9,1.0 11,2.0 14,1.0 24,1.0 29,1.0 32,2.0 39,6.0 40,14.0 45,1.0 48,1.0 55,3.0 63,1.0 66,7.0 71,2.0 74,1.0 77,10.0 85,4.0 101,6.0 102,2.0 107,2.0 108,3.0 109,2.0 110,6.0 111,5.0 112,2.0 113,2.0 120,2.0 129,1.0 135,4.0 151,1.0 152,3.0 153,2.0 154,1.0 157,1.0 158,2.0 159,2.0 161,1.0 163,2.0 164,2.0 165,2.0 166,2.0 170,2.0 193,2.0 204,1.0 241,1.0 296,1.0 355,2.0 
6,1.0 7,3.0 11,1.0 18,2.0 19,1.0 25,1.0 29,1.0 33,1.0 39,7.0 40,2.0 44,1.0 45,3.0 46,1.0 47,1.0 50,1.0 54,1.0 55,2.0 66,4.0 70,1.0 77,6.0 80,4.0 101,3.0 102,1.0 103,2.0 104,3.0 105,3.0 109,3.0 110,9.0 111,7.0 112,2.0 113,4.0 118,1.0 121,4.0 125,4.0 132,2.0 142,1.0 143,1.0 237,1.0 241,2.0 242,1.0 349,2.0 
0,1.0 5,1.0 7,1.0 11,2.0 15,1.0 20,2.0 24,1.0 30,1.0 31,1.0 39,7.0 40,18.0 44,2.0 45,1.0 46,2.0 49,2.0 50,1.0 53,1.0 54,1.0 55,20.0 66,5.0 76,21.0 77,4.0 78,2.0 79,2.0 80,1.0 85,1.0 97,1.0 101,2.0 102,2.0 103,1.0 105,19.0 107,2.0 108,7.0 109,9.0 110,6.0 111,4.0 112,2.0 114,1.0 121,1.0 125,5.0 129,1.0 131,1.0 133,2.0 136,1.0 144,1.0 147,1.0 152,3.0 162,1.0 167,2.0 168,2.0 171,1.0 173,1.0 180,1.0 181,1.0 208,1.0 213,1.0 217,1.0 218,2.0 246,1.0 247,1.0 249,1.0 273,1.0 313,1.0 316,2.0 321,1.0 322,1.0 329,2.0 330,2.0 331,2.0 334,1.0 335,1.0 339,6.0 340,5.0 349,1.0 
6,1.0 8,1.0 9,1.0 13,1.0 19,1.0 22,2.0 39,1.0 43,2.0 47,1.0 53,1.0 55,1.0 58,2.0 59,1.0 64,1.0 76,1.0 77,2.0 82,2.0 95,1.0 101,1.0 105,1.0 107,1.0 108,1.0 110,2.0 111,4.0 130,1.0 136,2.0 143,2.0 152,4.0 154,1.0 155,1.0 156,3.0 158,2.0 159,2.0 180,2.0 184,1.0 185,2.0 186,2.0 187,2.0 189,2.0 247,1.0 261,1.0 263,1.0 267,1.0 314,1.0 
6,2.0 7,7.0 11,5.0 13,3.0 14,2.0 18,5.0 19,1.0 22,1.0 24,1.0 25,1.0 39,2.0 44,1.0 45,6.0 46,3.0 47,1.0 53,2.0 54,1.0 59,2.0 64,1.0 66,14.0 77,2.0 80,5.0 95,3.0 96,1.0 98,2.0 99,2.0 100,1.0 101,2.0 103,10.0 104,2.0 109,2.0 110,1.0 113,7.0 114,9.0 115,4.0 116,1.0 117,1.0 119,1.0 121,3.0 128,4.0 131,1.0 188,1.0 237,1.0 241,1.0 242,2.0 253,1.0 254,1.0 305,1.0 358,1.0 
0,1.0 7,8.0 11,9.0 13,2.0 14,2.0 15,1.0 18,7.0 19,3.0 22,3.0 23,3.0 29,1.0 31,1.0 40,2.0 45,3.0 46,1.0 47,7.0 48,4.0 53,1.0 54,1.0 66,4.0 80,6.0 85,2.0 95,6.0 96,5.0 98,1.0 100,12.0 101,8.0 102,2.0 103,15.0 104,2.0 111,1.0 113,10.0 114,14.0 115,12.0 116,1.0 117,1.0 118,2.0 119,4.0 120,3.0 121,6.0 127,3.0 128,2.0 130,2.0 131,5.0 139,6.0 142,1.0 147,1.0 163,2.0 170,1.0 227,4.0 246,1.0 247,1.0 253,1.0 319,2.0 350,2.0 356,3.0 358,1.0 
0,1.0 1,2.0 6,2.0 7,6.0 11,1.0 13,3.0 14,2.0 15,1.0 18,2.0 19,2.0 20,1.0 22,2.0 23,8.0 24,4.0 29,1.0 31,1.0 38,1.0 45,2.0 46,1.0 47,1.0 48,1.0 50,3.0 52,1.0 53,2.0 54,3.0 59,2.0 70,1.0 80,4.0 85,8.0 95,13.0 96,8.0 97,2.0 98,7.0 99,5.0 100,10.0 101,7.0 102,2.0 113,4.0 114,11.0 115,7.0 116,2.0 127,1.0 128,1.0 129,2.0 130,10.0 131,5.0 140,1.0 141,2.0 142,1.0 170,1.0 172,1.0 185,1.0 253,1.0 319,2.0 356,1.0 358,1.0 
50,4.0 96,4.0 97,4.0 117,4.0 127,2.0 
1,3.0 6,1.0 18,1.0 19,2.0 20,2.0 46,2.0 50,4.0 79,2.0 95,4.0 96,13.0 97,4.0 98,7.0 99,3.0 116,2.0 118,2.0 119,2.0 120,1.0 127,2.0 144,2.0 227,2.0 350,2.0 
40,3.0 48,1.0 55,1.0 66,5.0 96,2.0 98,2.0 101,3.0 103,1.0 105,2.0 114,2.0 115,1.0 119,6.0 121,1.0 125,1.0 143,1.0 241,1.0 320,2.0 
8,2.0 13,2.0 19,1.0 29,1.0 40,2.0 45,1.0 48,1.0 50,1.0 55,1.0 64,1.0 66,2.0 96,2.0 98,2.0 101,5.0 103,2.0 104,1.0 105,2.0 114,4.0 115,1.0 118,6.0 121,1.0 173,1.0 202,2.0 225,2.0 241,1.0 
0,1.0 1,2.0 6,1.0 9,1.0 19,4.0 27,1.0 31,1.0 32,1.0 39,1.0 47,1.0 48,1.0 50,1.0 55,1.0 71,7.0 96,2.0 99,6.0 100,7.0 103,3.0 104,1.0 112,2.0 114,5.0 117,1.0 125,1.0 131,1.0 132,3.0 139,4.0 160,1.0 163,9.0 167,1.0 170,2.0 173,1.0 185,1.0 189,1.0 218,3.0 220,2.0 221,2.0 222,2.0 227,2.0 242,1.0 255,1.0 301,1.0 303,1.0 350,2.0 356,1.0 
1,3.0 7,5.0 11,9.0 13,5.0 15,1.0 18,4.0 19,9.0 22,1.0 24,3.0 29,3.0 33,6.0 45,3.0 47,4.0 48,1.0 50,5.0 54,1.0 55,4.0 59,1.0 64,1.0 66,4.0 70,1.0 71,1.0 76,1.0 78,3.0 80,2.0 95,2.0 96,1.0 97,1.0 99,3.0 100,6.0 103,4.0 104,4.0 108,1.0 110,4.0 113,3.0 114,5.0 115,1.0 117,1.0 119,1.0 121,4.0 125,5.0 127,1.0 128,2.0 129,2.0 130,3.0 131,5.0 132,4.0 133,2.0 136,1.0 138,2.0 140,1.0 142,2.0 143,1.0 156,1.0 170,1.0 182,1.0 186,1.0 227,1.0 241,1.0 
39,1.0 78,1.0 123,1.0 124,1.0 
39,1.0 78,1.0 122,1.0 124,1.0 
1,1.0 7,1.0 23,1.0 29,1.0 31,1.0 33,3.0 35,1.0 39,2.0 50,2.0 55,2.0 67,1.0 76,3.0 78,2.0 85,1.0 97,2.0 107,2.0 122,1.0 123,1.0 125,1.0 126,1.0 127,1.0 128,1.0 136,3.0 137,1.0 232,1.0 
7,4.0 11,1.0 20,1.0 24,2.0 31,1.0 33,7.0 39,4.0 44,2.0 45,3.0 46,2.0 50,4.0 54,2.0 55,3.0 66,9.0 70,1.0 76,13.0 78,14.0 80,4.0 97,3.0 100,1.0 101,1.0 102,1.0 104,5.0 105,4.0 107,16.0 108,1.0 110,4.0 111,3.0 118,1.0 119,1.0 120,1.0 121,7.0 124,1.0 125,4.0 129,1.0 132,1.0 133,1.0 135,1.0 136,4.0 138,2.0 142,1.0 147,1.0 207,1.0 211,1.0 212,1.0 213,1.0 218,1.0 316,2.0 329,1.0 330,1.0 331,1.0 332,1.0 349,2.0 
9,1.0 13,1.0 14,1.0 29,1.0 31,3.0 33,1.0 39,1.0 50,1.0 61,1.0 97,1.0 124,1.0 273,1.0 
14,1.0 15,1.0 22,3.0 23,1.0 24,4.0 50,2.0 54,2.0 64,1.0 70,2.0 85,1.0 95,2.0 96,2.0 97,2.0 114,3.0 115,6.0 117,2.0 127,1.0 128,3.0 129,3.0 130,2.0 131,1.0 140,1.0 141,2.0 142,2.0 172,1.0 173,1.0 181,1.0 305,1.0 357,1.0 
1,1.0 7,1.0 13,1.0 14,2.0 18,2.0 19,2.0 24,3.0 47,1.0 53,2.0 54,1.0 59,2.0 70,1.0 95,1.0 96,1.0 98,2.0 99,1.0 100,1.0 113,3.0 115,3.0 117,1.0 121,2.0 127,3.0 128,2.0 129,2.0 130,2.0 131,2.0 142,2.0 172,1.0 173,1.0 181,1.0 227,1.0 
8,2.0 9,2.0 14,1.0 18,1.0 24,10.0 33,3.0 38,2.0 39,3.0 40,1.0 44,1.0 53,1.0 66,2.0 78,1.0 109,1.0 115,2.0 121,1.0 125,1.0 127,1.0 130,2.0 132,3.0 133,1.0 141,1.0 185,1.0 216,1.0 219,1.0 236,1.0 241,1.0 267,1.0 268,1.0 315,1.0 316,1.0 
0,2.0 1,4.0 7,1.0 11,5.0 13,1.0 14,1.0 15,2.0 19,3.0 20,2.0 22,4.0 23,2.0 24,3.0 38,1.0 39,1.0 45,1.0 46,1.0 50,3.0 52,1.0 54,6.0 59,1.0 64,3.0 71,2.0 77,1.0 85,2.0 95,2.0 98,4.0 100,2.0 101,3.0 103,2.0 105,1.0 112,1.0 115,5.0 121,4.0 127,2.0 128,1.0 130,9.0 131,11.0 132,3.0 133,1.0 135,1.0 139,3.0 143,3.0 156,1.0 170,2.0 172,1.0 182,1.0 185,2.0 186,2.0 187,1.0 241,4.0 305,3.0 
0,2.0 1,1.0 6,1.0 7,2.0 11,7.0 13,2.0 15,3.0 19,6.0 20,1.0 23,5.0 24,2.0 29,2.0 31,3.0 33,4.0 45,1.0 46,1.0 47,1.0 48,1.0 50,5.0 53,1.0 54,3.0 59,1.0 64,2.0 66,5.0 69,1.0 70,1.0 71,1.0 77,2.0 85,4.0 95,1.0 98,1.0 99,2.0 101,4.0 102,1.0 103,4.0 104,2.0 105,1.0 111,1.0 114,5.0 115,6.0 120,1.0 121,6.0 127,1.0 128,1.0 130,7.0 131,4.0 132,8.0 133,1.0 135,1.0 139,3.0 140,1.0 142,1.0 143,2.0 147,1.0 156,1.0 170,1.0 172,1.0 173,2.0 181,1.0 182,1.0 186,1.0 219,1.0 246,1.0 247,1.0 305,3.0 
1,3.0 7,1.0 11,6.0 19,1.0 20,3.0 23,1.0 24,4.0 29,2.0 31,2.0 33,8.0 39,3.0 40,3.0 46,2.0 50,2.0 54,3.0 55,2.0 59,1.0 64,1.0 66,2.0 71,1.0 77,4.0 78,2.0 80,1.0 97,1.0 101,2.0 103,4.0 105,5.0 118,1.0 119,1.0 120,3.0 121,3.0 125,2.0 129,2.0 130,5.0 131,6.0 132,11.0 133,1.0 135,2.0 139,1.0 143,1.0 144,2.0 152,1.0 156,1.0 170,1.0 182,1.0 186,1.0 213,2.0 241,2.0 
19,1.0 20,1.0 24,1.0 33,2.0 39,2.0 50,1.0 59,1.0 83,1.0 105,3.0 108,2.0 111,2.0 121,2.0 125,1.0 129,1.0 130,1.0 131,1.0 132,2.0 134,2.0 135,5.0 152,1.0 153,1.0 156,1.0 162,1.0 167,2.0 168,2.0 170,1.0 171,1.0 182,1.0 186,1.0 213,2.0 241,2.0 
39,1.0 50,1.0 97,1.0 107,1.0 124,2.0 132,1.0 135,4.0 136,1.0 145,2.0 
33,4.0 39,2.0 50,2.0 65,2.0 76,1.0 77,5.0 97,2.0 103,1.0 104,1.0 105,3.0 107,1.0 108,4.0 109,2.0 121,1.0 124,2.0 130,1.0 131,2.0 132,5.0 133,1.0 134,4.0 136,1.0 145,2.0 152,1.0 157,1.0 158,2.0 159,2.0 160,2.0 162,1.0 164,2.0 165,2.0 166,2.0 213,1.0 241,4.0 
37,1.0 46,1.0 55,4.0 66,1.0 67,4.0 76,3.0 78,4.0 80,1.0 104,1.0 107,1.0 108,1.0 109,2.0 121,2.0 124,1.0 125,3.0 137,1.0 138,5.0 139,1.0 152,8.0 156,1.0 165,1.0 170,1.0 172,1.0 173,1.0 174,1.0 175,1.0 194,1.0 195,1.0 198,5.0 199,2.0 203,1.0 204,2.0 205,3.0 206,3.0 208,1.0 349,1.0 
78,1.0 107,2.0 112,2.0 138,1.0 
33,1.0 55,3.0 63,4.0 76,4.0 78,2.0 100,1.0 104,3.0 107,3.0 121,1.0 124,1.0 125,4.0 139,1.0 146,8.0 158,1.0 165,1.0 166,1.0 196,2.0 197,1.0 200,2.0 201,1.0 202,4.0 207,2.0 
1,2.0 11,1.0 13,1.0 20,1.0 22,1.0 23,2.0 24,1.0 29,2.0 54,2.0 55,4.0 66,2.0 76,1.0 99,8.0 100,8.0 101,2.0 103,1.0 104,6.0 114,7.0 120,4.0 130,3.0 131,1.0 132,1.0 136,1.0 138,1.0 139,1.0 163,4.0 241,1.0 
24,1.0 29,1.0 47,1.0 48,1.0 50,1.0 95,1.0 96,1.0 97,1.0 115,1.0 127,1.0 129,1.0 141,1.0 253,1.0 356,1.0 
15,1.0 22,1.0 24,1.0 64,1.0 70,1.0 115,1.0 127,3.0 129,1.0 142,1.0 305,1.0 357,1.0 
8,2.0 9,2.0 11,2.0 14,1.0 19,1.0 33,1.0 39,2.0 45,1.0 47,1.0 55,2.0 66,3.0 70,5.0 71,1.0 99,1.0 100,5.0 115,1.0 121,3.0 125,1.0 127,1.0 128,1.0 167,1.0 168,1.0 172,2.0 173,1.0 180,1.0 181,1.0 190,1.0 205,2.0 222,2.0 225,2.0 227,3.0 241,1.0 242,2.0 254,1.0 301,1.0 303,1.0 306,1.0 309,1.0 310,1.0 
9,1.0 11,3.0 22,1.0 25,1.0 27,1.0 38,1.0 48,1.0 51,1.0 53,1.0 64,5.0 101,1.0 118,1.0 130,1.0 131,1.0 132,1.0 139,1.0 185,1.0 186,1.0 187,1.0 191,1.0 237,1.0 243,1.0 247,1.0 250,1.0 252,1.0 255,1.0 314,1.0 315,1.0 
22,1.0 33,2.0 39,1.0 46,6.0 95,2.0 96,2.0 98,2.0 105,1.0 107,1.0 111,1.0 115,2.0 132,1.0 152,1.0 216,1.0 
39,1.0 50,1.0 97,1.0 132,1.0 134,2.0 135,2.0 
77,2.0 156,8.0 
0,1.0 15,1.0 31,1.0 40,1.0 53,1.0 58,2.0 66,1.0 76,2.0 78,1.0 81,2.0 103,1.0 105,1.0 107,2.0 111,1.0 112,1.0 114,1.0 125,1.0 131,1.0 136,1.0 137,2.0 148,2.0 149,2.0 150,2.0 151,10.0 180,1.0 182,1.0 183,1.0 246,1.0 247,1.0 332,2.0 
58,2.0 81,2.0 112,2.0 149,2.0 150,2.0 151,2.0 
58,2.0 81,2.0 112,2.0 148,2.0 150,2.0 151,2.0 
58,2.0 81,2.0 112,2.0 148,2.0 149,2.0 151,2.0 
0,1.0 1,2.0 20,2.0 58,2.0 61,1.0 79,1.0 81,2.0 98,1.0 100,1.0 103,1.0 112,2.0 136,8.0 148,2.0 149,2.0 150,2.0 154,1.0 161,1.0 213,1.0 242,1.0 307,1.0 
9,1.0 14,1.0 29,1.0 32,2.0 37,1.0 40,1.0 43,2.0 46,2.0 48,1.0 55,2.0 58,2.0 67,4.0 71,1.0 74,1.0 76,2.0 77,1.0 82,2.0 95,1.0 96,1.0 102,1.0 105,3.0 107,2.0 108,1.0 109,4.0 111,2.0 112,2.0 120,2.0 132,1.0 144,1.0 153,2.0 157,1.0 158,2.0 159,2.0 161,1.0 163,8.0 168,1.0 169,1.0 170,1.0 194,1.0 195,1.0 198,5.0 199,2.0 203,1.0 204,2.0 205,3.0 206,3.0 208,1.0 209,1.0 210,1.0 213,2.0 319,1.0 321,1.0 322,1.0 327,1.0 328,1.0 
0,1.0 1,1.0 32,2.0 55,1.0 74,1.0 83,1.0 107,1.0 109,1.0 112,1.0 152,2.0 157,1.0 
0,1.0 1,1.0 6,1.0 19,1.0 20,1.0 50,1.0 79,1.0 97,1.0 151,1.0 155,1.0 156,1.0 161,1.0 
6,1.0 19,1.0 50,1.0 97,1.0 154,1.0 156,1.0 
6,1.0 13,1.0 19,2.0 20,1.0 22,1.0 27,1.0 29,1.0 47,1.0 50,4.0 53,1.0 59,2.0 71,1.0 79,1.0 97,1.0 121,1.0 130,1.0 131,1.0 132,1.0 133,1.0 147,8.0 154,1.0 155,1.0 170,1.0 173,1.0 176,1.0 177,1.0 178,1.0 180,1.0 182,1.0 186,2.0 187,1.0 188,1.0 214,2.0 
32,1.0 65,1.0 74,1.0 109,1.0 112,1.0 135,1.0 152,1.0 153,1.0 160,1.0 162,1.0 
43,2.0 58,2.0 82,2.0 108,2.0 109,2.0 135,2.0 138,1.0 146,1.0 152,2.0 159,4.0 164,2.0 165,3.0 166,3.0 
43,2.0 58,2.0 82,2.0 108,2.0 109,2.0 135,2.0 152,2.0 158,4.0 164,2.0 165,2.0 166,2.0 
10,1.0 25,1.0 32,2.0 44,1.0 65,2.0 76,1.0 104,1.0 108,1.0 109,1.0 121,1.0 130,1.0 131,1.0 132,1.0 133,1.0 135,2.0 156,1.0 157,1.0 161,1.0 162,1.0 167,1.0 218,1.0 301,1.0 303,1.0 
0,1.0 1,1.0 20,1.0 71,1.0 79,1.0 120,1.0 151,1.0 152,1.0 154,1.0 163,1.0 169,1.0 170,1.0 204,1.0 206,1.0 229,1.0 333,1.0 366,1.0 
65,1.0 108,1.0 109,1.0 133,1.0 135,1.0 157,1.0 160,1.0 167,1.0 168,1.0 171,1.0 
6,1.0 9,2.0 19,1.0 22,1.0 26,1.0 27,1.0 50,1.0 69,1.0 71,2.0 86,1.0 99,4.0 100,4.0 112,2.0 114,4.0 120,9.0 139,4.0 170,2.0 185,1.0 189,7.0 236,1.0 242,1.0 247,1.0 255,1.0 271,1.0 272,1.0 
108,2.0 135,2.0 158,2.0 159,2.0 165,2.0 166,2.0 
108,3.0 111,1.0 135,2.0 138,1.0 146,1.0 158,3.0 159,2.0 164,2.0 166,3.0 174,1.0 175,1.0 
108,2.0 135,2.0 138,1.0 146,1.0 158,3.0 159,2.0 164,2.0 165,3.0 
32,1.0 65,1.0 98,1.0 100,2.0 103,1.0 108,1.0 111,1.0 121,2.0 125,1.0 130,1.0 131,1.0 132,1.0 133,3.0 151,1.0 156,1.0 160,1.0 162,1.0 168,3.0 171,1.0 190,2.0 191,1.0 192,1.0 193,1.0 213,1.0 218,1.0 225,1.0 226,1.0 241,1.0 301,2.0 303,3.0 304,1.0 305,1.0 306,1.0 
39,1.0 98,1.0 100,1.0 103,1.0 108,1.0 111,1.0 121,1.0 125,1.0 133,2.0 151,1.0 162,1.0 167,3.0 171,1.0 190,1.0 209,1.0 210,1.0 213,2.0 301,1.0 303,1.0 306,1.0 
71,1.0 120,1.0 152,1.0 161,1.0 163,1.0 170,1.0 
6,3.0 9,1.0 10,1.0 18,2.0 19,3.0 22,3.0 27,1.0 35,2.0 46,1.0 47,2.0 50,3.0 53,1.0 54,1.0 59,1.0 65,1.0 71,4.0 114,2.0 120,3.0 136,1.0 152,1.0 161,1.0 163,3.0 167,1.0 169,1.0 172,2.0 173,1.0 182,1.0 185,2.0 186,2.0 198,2.0 227,2.0 230,2.0 236,2.0 237,1.0 242,1.0 243,1.0 248,1.0 249,1.0 250,1.0 251,1.0 255,1.0 264,1.0 265,1.0 303,1.0 304,1.0 317,1.0 318,1.0 
108,1.0 133,1.0 162,1.0 167,1.0 168,1.0 
10,1.0 22,1.0 40,2.0 46,1.0 54,1.0 70,1.0 75,1.0 101,2.0 109,2.0 136,1.0 142,1.0 170,2.0 172,1.0 173,2.0 181,1.0 184,1.0 185,2.0 193,2.0 209,1.0 242,2.0 243,1.0 248,1.0 249,1.0 250,1.0 251,1.0 254,2.0 309,2.0 310,2.0 
0,1.0 18,1.0 20,1.0 29,1.0 32,1.0 45,1.0 46,2.0 48,1.0 53,1.0 55,1.0 59,1.0 70,1.0 71,1.0 100,1.0 108,1.0 112,1.0 120,2.0 136,1.0 142,1.0 160,1.0 163,1.0 167,1.0 170,1.0 172,3.0 180,1.0 181,2.0 188,1.0 218,1.0 242,1.0 254,1.0 301,1.0 303,1.0 309,1.0 310,1.0 
108,1.0 111,1.0 165,1.0 175,1.0 
108,1.0 111,1.0 165,1.0 174,1.0 
46,1.0 71,1.0 177,1.0 178,1.0 179,1.0 180,1.0 181,1.0 
46,1.0 71,1.0 176,1.0 178,1.0 179,1.0 180,1.0 181,1.0 
46,1.0 71,1.0 176,1.0 177,1.0 179,1.0 180,1.0 181,1.0 
46,1.0 147,1.0 180,2.0 181,1.0 182,1.0 183,1.0 
8,1.0 12,1.0 14,3.0 23,1.0 29,1.0 46,1.0 52,1.0 53,1.0 70,1.0 85,1.0 108,2.0 111,1.0 112,2.0 142,1.0 147,2.0 156,1.0 167,1.0 168,1.0 173,2.0 179,1.0 180,1.0 181,2.0 182,2.0 183,2.0 184,1.0 185,2.0 186,1.0 187,1.0 188,1.0 190,1.0 227,1.0 242,2.0 246,1.0 247,1.0 256,1.0 257,1.0 258,1.0 259,1.0 260,2.0 261,2.0 262,2.0 263,2.0 267,1.0 301,1.0 303,1.0 306,1.0 311,1.0 312,1.0 
46,1.0 70,1.0 108,1.0 112,1.0 142,1.0 147,1.0 172,2.0 173,2.0 179,1.0 180,3.0 182,1.0 183,1.0 242,1.0 254,1.0 309,1.0 310,1.0 
19,1.0 50,1.0 59,1.0 65,1.0 112,1.0 147,1.0 167,1.0 170,1.0 180,1.0 183,1.0 186,1.0 303,1.0 304,1.0 
112,1.0 147,1.0 180,1.0 182,1.0 
40,1.0 75,1.0 101,1.0 108,1.0 109,1.0 111,1.0 172,1.0 180,1.0 185,2.0 193,1.0 209,1.0 
8,3.0 9,3.0 10,1.0 14,3.0 22,1.0 23,2.0 24,1.0 27,1.0 38,2.0 40,1.0 52,2.0 54,1.0 64,2.0 75,1.0 85,2.0 101,1.0 108,1.0 109,1.0 111,1.0 129,1.0 143,1.0 170,1.0 172,2.0 180,3.0 184,2.0 186,1.0 187,1.0 191,1.0 193,1.0 209,1.0 219,1.0 236,1.0 237,1.0 243,2.0 247,1.0 248,1.0 249,1.0 250,2.0 251,1.0 252,1.0 255,1.0 256,1.0 261,2.0 262,2.0 263,1.0 267,2.0 268,1.0 
6,1.0 14,1.0 19,2.0 23,1.0 29,1.0 50,2.0 53,1.0 59,1.0 64,2.0 65,1.0 75,1.0 85,1.0 143,1.0 156,1.0 167,1.0 170,2.0 173,1.0 180,1.0 182,1.0 185,1.0 187,2.0 188,1.0 191,1.0 227,1.0 237,2.0 242,1.0 243,1.0 250,1.0 252,1.0 264,1.0 265,1.0 269,1.0 303,1.0 304,1.0 
29,1.0 53,1.0 64,2.0 143,1.0 156,1.0 173,1.0 180,1.0 185,1.0 186,2.0 188,1.0 191,1.0 237,1.0 243,1.0 250,1.0 252,1.0 
24,1.0 29,1.0 53,1.0 54,1.0 75,1.0 120,1.0 163,1.0 172,1.0 173,1.0 184,1.0 185,1.0 209,1.0 242,1.0 254,1.0 
8,1.0 9,1.0 22,1.0 53,1.0 55,1.0 76,1.0 105,1.0 107,1.0 112,2.0 143,1.0 167,1.0 190,1.0 191,1.0 192,8.0 247,1.0 261,1.0 263,1.0 267,1.0 314,1.0 
0,1.0 1,1.0 98,1.0 100,1.0 103,1.0 127,1.0 128,1.0 131,1.0 151,1.0 167,2.0 168,1.0 191,1.0 192,1.0 193,1.0 213,1.0 301,2.0 303,2.0 306,1.0 308,1.0 
10,1.0 25,1.0 44,1.0 64,1.0 66,1.0 72,1.0 73,2.0 98,1.0 103,1.0 110,1.0 111,1.0 113,2.0 114,1.0 131,1.0 147,1.0 167,1.0 190,1.0 192,1.0 193,1.0 237,1.0 240,1.0 241,1.0 243,2.0 244,1.0 245,1.0 250,1.0 252,1.0 253,1.0 
167,1.0 190,1.0 191,1.0 193,8.0 
8,1.0 9,1.0 22,1.0 40,2.0 63,4.0 71,2.0 101,2.0 109,2.0 120,2.0 138,8.0 158,1.0 163,3.0 165,1.0 166,1.0 170,2.0 196,2.0 197,1.0 200,2.0 201,1.0 202,4.0 207,2.0 247,1.0 261,1.0 263,1.0 267,1.0 270,1.0 271,1.0 
67,1.0 152,1.0 163,1.0 195,1.0 
67,1.0 152,1.0 163,1.0 194,1.0 
63,2.0 138,2.0 146,2.0 197,1.0 202,1.0 
63,1.0 138,1.0 146,1.0 196,1.0 
35,2.0 46,1.0 47,3.0 67,3.0 152,5.0 163,4.0 170,2.0 199,2.0 205,3.0 206,2.0 229,1.0 230,2.0 233,1.0 236,2.0 
67,2.0 152,2.0 163,2.0 198,2.0 
0,1.0 9,2.0 15,1.0 19,1.0 32,1.0 63,1.0 64,2.0 65,1.0 69,1.0 138,2.0 146,2.0 201,1.0 202,1.0 205,1.0 207,1.0 230,2.0 236,2.0 237,1.0 238,1.0 301,1.0 302,1.0 
63,1.0 138,1.0 146,1.0 200,1.0 
7,1.0 8,2.0 13,2.0 15,1.0 22,1.0 27,1.0 28,1.0 45,1.0 48,1.0 52,1.0 63,2.0 119,2.0 138,4.0 146,4.0 196,1.0 200,1.0 207,4.0 225,2.0 226,1.0 
37,1.0 152,1.0 163,1.0 204,1.0 
8,1.0 9,1.0 14,2.0 15,3.0 27,3.0 28,4.0 29,1.0 34,1.0 37,1.0 45,1.0 50,1.0 63,1.0 72,1.0 73,1.0 152,2.0 163,1.0 168,1.0 191,1.0 203,1.0 206,2.0 208,1.0 209,1.0 210,1.0 212,1.0 222,1.0 229,1.0 232,1.0 237,1.0 240,1.0 261,2.0 262,1.0 296,1.0 300,1.0 333,1.0 366,1.0 367,1.0 368,1.0 369,1.0 370,1.0 
0,1.0 8,2.0 9,2.0 19,1.0 32,1.0 46,1.0 65,1.0 67,1.0 142,2.0 152,3.0 163,2.0 198,3.0 200,1.0 206,2.0 222,2.0 225,2.0 301,1.0 302,1.0 
4,2.0 5,2.0 6,2.0 7,3.0 13,1.0 16,1.0 17,1.0 19,1.0 46,1.0 48,1.0 69,2.0 105,2.0 152,3.0 163,1.0 168,1.0 198,2.0 204,2.0 205,2.0 208,3.0 209,1.0 210,1.0 229,4.0 230,1.0 232,1.0 295,1.0 333,1.0 366,1.0 367,1.0 368,1.0 369,1.0 370,1.0 
22,1.0 39,1.0 45,1.0 105,2.0 125,1.0 138,2.0 146,2.0 200,1.0 202,3.0 207,1.0 209,1.0 212,2.0 
39,1.0 69,2.0 76,1.0 105,2.0 152,1.0 168,1.0 204,1.0 206,3.0 209,1.0 210,1.0 217,1.0 
39,1.0 40,1.0 75,1.0 101,1.0 109,2.0 168,1.0 172,1.0 184,1.0 185,1.0 193,1.0 210,1.0 
39,1.0 168,1.0 209,1.0 
105,1.0 125,1.0 
24,1.0 26,1.0 28,2.0 35,1.0 39,1.0 50,1.0 105,2.0 125,1.0 204,1.0 207,2.0 222,1.0 229,1.0 262,1.0 
1,1.0 20,1.0 24,1.0 33,4.0 39,2.0 40,1.0 50,1.0 55,2.0 61,1.0 70,1.0 77,2.0 97,1.0 98,1.0 100,1.0 103,2.0 105,2.0 109,1.0 111,1.0 125,1.0 129,1.0 131,1.0 132,2.0 133,2.0 135,4.0 142,1.0 151,1.0 152,1.0 207,1.0 212,1.0 213,1.0 241,2.0 242,1.0 277,1.0 278,1.0 279,1.0 307,1.0 
39,1.0 50,2.0 215,1.0 216,1.0 219,2.0 
39,1.0 214,1.0 216,1.0 
8,1.0 9,1.0 14,1.0 22,2.0 23,1.0 29,1.0 38,1.0 44,1.0 45,1.0 46,1.0 85,1.0 111,1.0 315,1.0 316,1.0 
39,1.0 76,1.0 208,1.0 
32,1.0 40,1.0 76,2.0 78,1.0 105,1.0 107,2.0 121,1.0 125,1.0 130,1.0 131,1.0 132,1.0 133,1.0 147,2.0 156,4.0 160,1.0 167,1.0 301,1.0 303,1.0 331,2.0 332,2.0 
0,1.0 6,1.0 8,1.0 14,1.0 23,1.0 33,1.0 38,1.0 48,1.0 69,1.0 71,1.0 85,1.0 104,1.0 120,3.0 131,1.0 173,1.0 186,1.0 220,2.0 221,2.0 222,2.0 236,1.0 242,1.0 267,1.0 268,1.0 
15,1.0 27,1.0 47,1.0 102,1.0 120,2.0 168,1.0 218,2.0 221,2.0 222,3.0 223,1.0 224,1.0 282,1.0 283,1.0 284,1.0 
47,1.0 120,2.0 218,2.0 220,2.0 222,2.0 230,1.0 274,1.0 275,1.0 276,1.0 
4,2.0 5,2.0 8,2.0 9,2.0 15,2.0 16,1.0 17,1.0 18,2.0 22,1.0 27,2.0 28,1.0 45,1.0 50,1.0 54,2.0 120,2.0 142,2.0 204,1.0 205,2.0 212,1.0 218,2.0 220,3.0 221,2.0 223,1.0 224,1.0 225,2.0 226,1.0 227,1.0 228,1.0 262,1.0 
15,1.0 27,1.0 220,1.0 222,1.0 224,1.0 
13,1.0 27,1.0 119,1.0 202,1.0 
7,2.0 8,4.0 9,2.0 14,1.0 48,2.0 100,1.0 102,1.0 142,3.0 180,1.0 202,1.0 205,2.0 206,1.0 220,1.0 222,2.0 226,1.0 227,1.0 229,1.0 241,1.0 242,1.0 282,1.0 283,1.0 305,1.0 
13,1.0 14,1.0 15,1.0 27,2.0 100,1.0 119,1.0 142,1.0 180,1.0 202,1.0 222,1.0 225,1.0 227,2.0 228,1.0 241,1.0 242,1.0 305,1.0 
1,2.0 11,1.0 14,1.0 15,1.0 18,1.0 19,6.0 27,1.0 47,3.0 50,1.0 96,4.0 99,3.0 100,3.0 114,4.0 117,2.0 120,2.0 121,2.0 128,1.0 142,3.0 167,1.0 168,1.0 170,2.0 180,1.0 186,1.0 190,1.0 222,1.0 226,1.0 228,1.0 237,1.0 242,1.0 264,1.0 265,1.0 301,1.0 303,1.0 306,1.0 350,4.0 356,2.0 
13,1.0 27,1.0 119,1.0 202,1.0 226,1.0 
4,2.0 5,2.0 6,2.0 7,3.0 24,1.0 26,1.0 28,1.0 35,1.0 47,1.0 48,1.0 198,1.0 204,1.0 206,4.0 212,1.0 230,1.0 232,1.0 233,1.0 333,1.0 366,1.0 367,1.0 368,1.0 369,1.0 370,1.0 
15,2.0 28,1.0 35,2.0 47,7.0 170,2.0 198,3.0 200,1.0 204,1.0 220,1.0 221,1.0 229,1.0 236,4.0 237,2.0 274,1.0 275,1.0 276,1.0 
124,1.0 
3,1.0 4,1.0 7,1.0 17,1.0 35,1.0 49,1.0 67,1.0 230,1.0 273,1.0 298,1.0 367,1.0 368,1.0 369,1.0 370,1.0 
69,1.0 
24,1.0 69,1.0 71,1.0 235,1.0 283,1.0 287,1.0 288,1.0 289,1.0 
9,1.0 64,1.0 69,1.0 200,1.0 
6,1.0 8,1.0 9,1.0 13,1.0 14,2.0 15,2.0 23,1.0 26,1.0 28,1.0 31,1.0 35,2.0 38,1.0 47,2.0 61,1.0 69,1.0 85,1.0 86,1.0 126,1.0 170,2.0 186,1.0 198,2.0 200,1.0 204,1.0 219,1.0 230,4.0 237,2.0 242,1.0 267,1.0 268,1.0 272,1.0 
6,1.0 10,1.0 15,2.0 18,1.0 19,1.0 28,1.0 45,1.0 50,1.0 64,1.0 69,1.0 72,1.0 73,2.0 98,1.0 113,1.0 170,1.0 186,1.0 191,3.0 200,1.0 204,1.0 227,1.0 238,1.0 240,1.0 242,1.0 243,2.0 244,1.0 245,1.0 250,1.0 252,1.0 253,1.0 264,1.0 265,1.0 
9,1.0 35,1.0 59,1.0 64,1.0 69,2.0 71,1.0 200,1.0 239,1.0 
9,1.0 64,1.0 69,1.0 200,1.0 238,1.0 
10,1.0 11,1.0 25,1.0 38,1.0 44,1.0 52,1.0 72,1.0 73,1.0 110,1.0 113,1.0 115,1.0 130,1.0 191,1.0 241,1.0 243,1.0 248,1.0 
6,1.0 11,1.0 14,1.0 18,1.0 19,3.0 24,1.0 25,1.0 33,2.0 40,4.0 44,1.0 45,2.0 46,1.0 50,4.0 54,1.0 55,3.0 66,1.0 77,3.0 80,1.0 97,1.0 100,3.0 101,3.0 103,3.0 105,6.0 110,3.0 113,1.0 121,1.0 130,3.0 131,2.0 133,1.0 135,3.0 142,2.0 180,1.0 225,1.0 226,1.0 227,2.0 237,1.0 241,2.0 242,2.0 305,4.0 349,1.0 
0,2.0 1,2.0 6,4.0 7,2.0 10,1.0 14,5.0 18,2.0 19,1.0 20,1.0 23,1.0 24,1.0 40,1.0 45,2.0 50,1.0 54,1.0 61,2.0 70,2.0 73,1.0 75,2.0 80,2.0 85,1.0 99,2.0 101,1.0 109,1.0 142,1.0 167,1.0 168,1.0 172,2.0 180,3.0 184,1.0 185,1.0 186,1.0 188,1.0 190,2.0 191,1.0 193,1.0 209,1.0 227,1.0 237,1.0 242,1.0 243,1.0 244,1.0 245,1.0 246,3.0 249,1.0 254,2.0 260,1.0 261,1.0 262,1.0 263,1.0 264,1.0 265,1.0 267,1.0 269,1.0 301,2.0 303,2.0 306,1.0 307,1.0 308,1.0 309,1.0 310,1.0 311,2.0 312,1.0 313,1.0 
10,3.0 11,1.0 38,1.0 39,1.0 52,1.0 64,1.0 66,1.0 73,1.0 95,1.0 98,1.0 101,1.0 103,1.0 111,1.0 112,1.0 113,1.0 114,1.0 115,1.0 130,2.0 131,1.0 147,1.0 191,2.0 237,1.0 240,1.0 244,1.0 245,1.0 248,2.0 249,1.0 250,2.0 251,1.0 252,1.0 253,1.0 
10,1.0 66,1.0 73,1.0 103,1.0 111,1.0 114,1.0 131,1.0 147,1.0 191,1.0 243,1.0 245,1.0 
10,1.0 66,1.0 73,1.0 103,1.0 111,1.0 114,1.0 131,1.0 147,1.0 191,1.0 243,1.0 244,1.0 
0,2.0 7,1.0 10,1.0 14,1.0 15,1.0 31,1.0 53,1.0 61,1.0 70,1.0 80,1.0 180,1.0 240,1.0 242,2.0 243,1.0 247,1.0 248,1.0 260,1.0 261,1.0 262,1.0 263,1.0 264,1.0 265,1.0 267,1.0 311,1.0 312,1.0 
0,2.0 9,2.0 10,1.0 12,1.0 15,1.0 18,1.0 22,2.0 25,1.0 26,1.0 27,1.0 31,1.0 38,1.0 45,1.0 51,1.0 53,2.0 69,1.0 86,1.0 143,1.0 163,1.0 180,1.0 236,1.0 240,1.0 243,1.0 246,1.0 248,1.0 255,1.0 256,1.0 257,1.0 258,1.0 259,1.0 260,1.0 271,1.0 272,1.0 314,1.0 315,2.0 351,1.0 352,1.0 
10,2.0 11,1.0 38,1.0 39,1.0 52,1.0 95,1.0 101,1.0 112,1.0 115,1.0 130,2.0 240,1.0 243,2.0 249,1.0 250,1.0 251,1.0 
8,1.0 10,1.0 39,1.0 55,1.0 76,1.0 95,1.0 101,1.0 105,1.0 107,1.0 112,3.0 130,1.0 189,2.0 243,1.0 248,1.0 250,1.0 251,1.0 261,1.0 263,1.0 267,1.0 313,2.0 
10,1.0 39,1.0 64,1.0 95,1.0 98,1.0 101,1.0 112,1.0 113,1.0 130,1.0 191,1.0 237,1.0 243,2.0 248,1.0 249,1.0 251,1.0 252,1.0 253,1.0 
10,1.0 39,1.0 95,1.0 101,1.0 112,1.0 130,1.0 243,1.0 248,1.0 249,1.0 250,1.0 
64,1.0 98,1.0 113,1.0 191,1.0 237,1.0 243,1.0 250,1.0 253,1.0 
18,1.0 24,1.0 29,1.0 47,2.0 48,2.0 54,1.0 98,2.0 113,1.0 114,1.0 115,1.0 140,1.0 188,1.0 242,1.0 254,1.0 356,2.0 
24,1.0 40,1.0 54,1.0 75,1.0 101,1.0 109,1.0 172,2.0 184,1.0 185,1.0 188,1.0 193,1.0 209,1.0 242,2.0 309,1.0 310,1.0 
9,1.0 19,1.0 25,1.0 27,2.0 38,1.0 50,1.0 51,1.0 170,1.0 180,1.0 185,1.0 186,1.0 227,1.0 237,1.0 247,1.0 256,1.0 315,1.0 
12,1.0 180,1.0 247,1.0 257,1.0 258,1.0 259,1.0 260,1.0 
12,1.0 14,1.0 23,1.0 85,1.0 180,1.0 185,1.0 258,1.0 259,1.0 260,1.0 
12,1.0 14,1.0 23,1.0 85,1.0 180,1.0 185,1.0 257,1.0 259,1.0 260,1.0 
12,1.0 14,1.0 23,1.0 85,1.0 180,1.0 185,1.0 257,1.0 258,1.0 260,1.0 
9,2.0 12,2.0 14,3.0 23,2.0 24,1.0 77,1.0 85,2.0 129,1.0 180,1.0 185,3.0 257,1.0 258,1.0 259,1.0 261,2.0 262,1.0 263,2.0 266,1.0 267,1.0 312,1.0 
0,2.0 6,1.0 7,2.0 8,4.0 9,5.0 12,1.0 14,5.0 15,2.0 18,1.0 19,1.0 22,2.0 23,1.0 24,2.0 27,4.0 28,2.0 38,2.0 52,2.0 53,2.0 61,1.0 77,2.0 80,2.0 85,1.0 112,1.0 129,2.0 143,1.0 163,1.0 185,2.0 189,1.0 193,1.0 200,1.0 204,2.0 205,1.0 242,2.0 246,1.0 247,2.0 260,2.0 262,3.0 263,5.0 266,2.0 267,5.0 270,1.0 271,1.0 299,1.0 312,1.0 314,1.0 
0,1.0 6,1.0 7,2.0 8,2.0 9,1.0 14,2.0 23,1.0 24,2.0 38,1.0 46,1.0 52,2.0 61,1.0 80,2.0 85,1.0 185,1.0 234,1.0 242,2.0 246,1.0 260,1.0 261,3.0 263,2.0 267,2.0 283,1.0 287,1.0 288,1.0 312,1.0 
0,1.0 7,1.0 8,3.0 9,4.0 12,1.0 14,2.0 22,2.0 23,1.0 24,1.0 52,1.0 53,1.0 61,1.0 77,1.0 80,1.0 85,1.0 112,1.0 129,1.0 143,1.0 163,1.0 185,2.0 189,1.0 193,1.0 242,1.0 246,1.0 247,2.0 260,2.0 261,5.0 262,2.0 266,1.0 267,3.0 270,1.0 271,1.0 312,1.0 314,1.0 
12,1.0 38,1.0 77,2.0 260,1.0 261,2.0 263,1.0 265,2.0 266,2.0 267,1.0 
12,1.0 38,1.0 77,2.0 260,1.0 261,2.0 263,1.0 264,2.0 266,2.0 267,1.0 
9,2.0 12,1.0 14,1.0 18,1.0 24,2.0 38,1.0 53,1.0 77,2.0 129,2.0 185,1.0 260,1.0 261,2.0 263,1.0 267,1.0 
6,2.0 7,1.0 8,4.0 9,4.0 14,3.0 18,1.0 22,2.0 23,2.0 24,1.0 38,3.0 52,1.0 53,2.0 77,1.0 80,1.0 85,2.0 112,1.0 129,1.0 143,1.0 163,1.0 185,1.0 186,1.0 189,1.0 193,1.0 219,1.0 236,1.0 242,2.0 247,2.0 260,1.0 261,5.0 262,2.0 263,3.0 266,1.0 268,1.0 270,1.0 271,1.0 312,1.0 314,1.0 
6,1.0 8,1.0 14,1.0 23,1.0 38,1.0 85,1.0 186,1.0 219,1.0 236,1.0 242,1.0 267,1.0 
8,1.0 75,1.0 193,1.0 261,1.0 263,1.0 267,1.0 270,1.0 
8,1.0 9,1.0 22,1.0 163,1.0 193,1.0 247,1.0 261,1.0 263,1.0 267,1.0 271,1.0 
9,1.0 22,1.0 26,1.0 69,1.0 86,1.0 163,1.0 236,1.0 247,1.0 272,1.0 
9,1.0 13,1.0 14,1.0 26,1.0 31,1.0 61,1.0 69,1.0 86,1.0 126,1.0 236,1.0 
3,1.0 4,1.0 17,1.0 47,1.0 49,2.0 55,1.0 76,1.0 105,1.0 111,1.0 298,1.0 
47,1.0 221,1.0 230,1.0 275,1.0 276,1.0 
47,1.0 221,1.0 230,1.0 274,1.0 276,1.0 
47,1.0 221,1.0 230,1.0 274,1.0 275,1.0 
25,1.0 278,1.0 279,1.0 
25,1.0 277,1.0 279,1.0 
25,1.0 277,1.0 278,1.0 
19,1.0 64,1.0 67,1.0 281,1.0 
19,1.0 64,1.0 67,1.0 280,1.0 
102,1.0 220,1.0 283,1.0 284,1.0 
17,1.0 19,1.0 24,1.0 28,1.0 80,1.0 102,1.0 220,1.0 234,1.0 262,1.0 282,1.0 284,1.0 286,1.0 287,1.0 288,1.0 289,1.0 294,1.0 
48,1.0 
28,1.0 80,1.0 283,1.0 286,1.0 
28,1.0 80,1.0 97,1.0 262,1.0 283,1.0 290,1.0 291,1.0 292,1.0 
24,1.0 234,1.0 283,1.0 288,1.0 289,1.0 
24,1.0 234,1.0 283,1.0 287,1.0 289,1.0 
77,1.0 
97,1.0 286,1.0 291,1.0 292,1.0 
17,1.0 292,1.0 
17,1.0 291,1.0 
19,1.0 283,1.0 
17,1.0 18,1.0 54,1.0 222,1.0 
16,1.0 17,1.0 18,1.0 54,1.0 222,1.0 
27,1.0 45,1.0 63,1.0 204,1.0 
1,1.0 6,1.0 34,1.0 35,1.0 298,1.0 
1,1.0 3,1.0 4,1.0 6,1.0 17,1.0 34,1.0 35,1.0 49,1.0 273,1.0 297,1.0 
0,1.0 19,1.0 35,1.0 
1,1.0 6,1.0 8,1.0 34,1.0 35,1.0 
0,1.0 1,1.0 32,2.0 33,1.0 65,1.0 69,1.0 98,1.0 100,1.0 103,1.0 104,1.0 121,1.0 127,1.0 128,1.0 130,1.0 131,3.0 132,1.0 133,1.0 151,1.0 156,1.0 160,1.0 167,2.0 168,1.0 190,2.0 213,1.0 218,1.0 219,1.0 302,1.0 303,3.0 306,1.0 308,1.0 
32,1.0 33,1.0 65,1.0 69,1.0 104,1.0 131,1.0 219,1.0 301,1.0 
0,1.0 1,1.0 32,1.0 65,1.0 98,1.0 100,2.0 103,1.0 121,1.0 127,1.0 128,1.0 130,1.0 131,2.0 132,1.0 133,1.0 151,1.0 156,1.0 160,1.0 167,3.0 168,1.0 190,2.0 213,1.0 218,1.0 225,1.0 226,1.0 241,1.0 301,3.0 304,1.0 305,1.0 306,1.0 308,1.0 
65,1.0 100,1.0 167,1.0 225,1.0 226,1.0 241,1.0 303,1.0 305,1.0 
7,1.0 11,1.0 14,1.0 15,1.0 22,1.0 33,1.0 45,1.0 46,1.0 64,1.0 80,1.0 95,1.0 96,1.0 100,1.0 101,1.0 103,3.0 113,2.0 127,1.0 130,3.0 131,3.0 141,1.0 142,1.0 180,1.0 225,1.0 226,1.0 227,1.0 241,1.0 242,1.0 305,2.0 357,1.0 
98,1.0 100,1.0 103,1.0 151,1.0 167,1.0 168,1.0 190,1.0 213,1.0 301,1.0 303,1.0 
0,1.0 1,2.0 20,1.0 61,1.0 190,1.0 242,1.0 301,1.0 303,1.0 308,1.0 
0,1.0 1,1.0 127,1.0 128,1.0 131,1.0 190,1.0 301,1.0 303,1.0 
40,1.0 101,1.0 109,1.0 172,1.0 193,1.0 242,1.0 254,1.0 310,1.0 
40,1.0 101,1.0 109,1.0 172,1.0 193,1.0 242,1.0 254,1.0 309,1.0 
14,1.0 39,1.0 55,2.0 70,2.0 180,1.0 213,1.0 242,1.0 246,1.0 260,1.0 261,1.0 262,1.0 263,1.0 267,1.0 312,1.0 
9,1.0 14,1.0 23,1.0 85,1.0 185,1.0 260,1.0 261,1.0 262,1.0 263,1.0 267,1.0 
8,1.0 55,1.0 76,1.0 105,1.0 107,1.0 112,2.0 189,2.0 249,2.0 261,1.0 263,1.0 267,1.0 
9,1.0 22,1.0 25,1.0 27,1.0 38,1.0 51,1.0 53,1.0 143,1.0 247,1.0 255,1.0 315,1.0 
8,1.0 9,1.0 14,1.0 18,1.0 19,1.0 22,1.0 23,1.0 25,1.0 27,1.0 29,1.0 38,2.0 44,1.0 45,1.0 50,1.0 51,1.0 85,1.0 170,1.0 186,1.0 216,1.0 227,1.0 237,1.0 247,1.0 255,1.0 316,1.0 
8,1.0 9,1.0 14,1.0 22,1.0 23,1.0 29,1.0 38,1.0 40,1.0 44,6.0 55,2.0 76,5.0 78,2.0 85,1.0 105,3.0 107,3.0 111,2.0 125,2.0 216,1.0 315,1.0 
6,1.0 18,1.0 20,1.0 22,1.0 53,1.0 79,1.0 318,1.0 
6,1.0 18,1.0 20,1.0 22,1.0 53,1.0 79,1.0 317,1.0 
31,1.0 55,1.0 76,1.0 95,1.0 96,1.0 100,2.0 102,6.0 105,1.0 107,1.0 114,2.0 115,2.0 126,1.0 131,2.0 152,1.0 345,1.0 346,1.0 
40,1.0 66,3.0 105,1.0 118,2.0 125,1.0 
105,1.0 108,1.0 152,1.0 322,1.0 
105,1.0 108,1.0 152,1.0 321,1.0 
105,1.0 107,2.0 324,1.0 
105,1.0 107,2.0 323,1.0 
76,1.0 105,1.0 326,1.0 
76,1.0 105,1.0 325,1.0 
76,1.0 105,1.0 152,1.0 328,1.0 
76,1.0 105,1.0 152,1.0 327,1.0 
40,2.0 55,1.0 76,4.0 78,1.0 105,2.0 107,2.0 111,2.0 125,2.0 330,3.0 333,1.0 
40,1.0 55,1.0 76,3.0 78,1.0 105,2.0 107,1.0 111,2.0 125,1.0 329,3.0 
40,1.0 76,2.0 78,1.0 105,1.0 107,2.0 125,1.0 147,2.0 218,2.0 332,2.0 
40,1.0 76,2.0 78,1.0 105,1.0 107,2.0 125,1.0 147,2.0 
40,1.0 76,1.0 107,1.0 125,1.0 204,1.0 206,1.0 229,1.0 232,1.0 329,1.0 366,1.0 367,1.0 368,1.0 369,1.0 370,1.0 
76,1.0 105,1.0 335,1.0 336,1.0 
76,1.0 105,1.0 334,1.0 336,1.0 
337,1.0 
55,1.0 107,1.0 338,1.0 
39,1.0 40,1.0 55,1.0 107,1.0 
39,6.0 40,6.0 45,1.0 46,1.0 55,11.0 76,5.0 111,6.0 340,13.0 341,3.0 342,3.0 
23,1.0 39,5.0 40,5.0 55,11.0 76,5.0 85,1.0 111,6.0 339,13.0 341,2.0 342,6.0 343,3.0 344,3.0 
339,3.0 340,3.0 342,3.0 
23,1.0 85,1.0 339,2.0 340,6.0 341,2.0 343,3.0 344,3.0 
20,1.0 79,1.0 340,2.0 342,2.0 344,6.0 345,3.0 346,3.0 
20,1.0 79,1.0 340,2.0 342,2.0 343,6.0 345,3.0 346,3.0 
102,1.0 319,1.0 343,2.0 344,2.0 346,6.0 347,3.0 348,3.0 
102,1.0 319,1.0 343,2.0 344,2.0 345,6.0 347,3.0 348,3.0 
40,1.0 50,1.0 76,1.0 97,1.0 345,2.0 346,2.0 348,3.0 
40,1.0 50,1.0 76,1.0 97,1.0 345,2.0 346,2.0 347,3.0 
40,1.0 55,1.0 66,3.0 80,3.0 105,1.0 110,2.0 125,3.0 136,1.0 
1,2.0 14,1.0 19,4.0 22,1.0 29,1.0 47,2.0 54,1.0 96,4.0 99,5.0 114,3.0 117,2.0 120,2.0 127,1.0 227,4.0 350,1.0 356,2.0 
59,1.0 173,1.0 352,1.0 
59,1.0 173,1.0 351,1.0 
47,1.0 48,1.0 354,1.0 
47,1.0 48,1.0 353,1.0 
19,1.0 40,1.0 47,1.0 85,2.0 107,1.0 109,1.0 111,1.0 
18,1.0 19,2.0 29,1.0 47,4.0 48,2.0 96,2.0 98,1.0 114,3.0 115,1.0 120,1.0 140,1.0 227,2.0 253,2.0 350,2.0 
15,1.0 22,1.0 64,1.0 127,1.0 141,1.0 305,1.0 
359,1.0 360,1.0 361,1.0 
7,1.0 19,1.0 55,1.0 360,1.0 361,1.0 362,1.0 363,1.0 364,1.0 365,1.0 
7,1.0 19,1.0 55,1.0 359,1.0 361,1.0 362,1.0 363,1.0 364,1.0 365,1.0 
7,1.0 19,1.0 55,1.0 359,1.0 360,1.0 362,1.0 363,1.0 364,1.0 365,1.0 
6,1.0 7,1.0 19,2.0 55,1.0 363,1.0 364,1.0 365,1.0 
6,1.0 7,1.0 19,2.0 55,1.0 362,1.0 364,1.0 365,1.0 
6,1.0 7,1.0 19,2.0 55,1.0 362,1.0 363,1.0 365,1.0 
6,1.0 7,1.0 19,2.0 55,1.0 362,1.0 363,1.0 364,1.0 
204,1.0 206,1.0 229,1.0 232,1.0 333,1.0 367,1.0 368,1.0 369,1.0 370,1.0 
3,1.0 4,1.0 17,1.0 49,1.0 232,1.0 273,1.0 298,1.0 368,1.0 369,1.0 370,1.0 
3,1.0 4,1.0 17,1.0 49,1.0 232,1.0 273,1.0 298,1.0 367,1.0 369,1.0 370,1.0 
3,1.0 4,1.0 17,1.0 49,1.0 232,1.0 273,1.0 298,1.0 367,1.0 368,1.0 370,1.0 
3,1.0 4,1.0 17,1.0 49,1.0 232,1.0 273,1.0 298,1.0 367,1.0 368,1.0 369,1.0 
