1,2.0 4,7.0 5,12.0 6,3.0 7,1.0 22,4.0 23,3.0 26,2.0 30,10.0 31,6.0 37,1.0 46,1.0 47,5.0 61,1.0 68,1.0 70,1.0 71,2.0 80,4.0 107,1.0 112,1.0 124,1.0 131,1.0 
2,3.0 99,1.0 
3,3.0 34,1.0 
4,3.0 34,1.0 
0,7.0 1,1.0 5,16.0 6,3.0 10,3.0 11,3.0 23,3.0 30,12.0 31,6.0 32,3.0 41,3.0 42,3.0 43,3.0 44,3.0 45,3.0 49,3.0 
0,12.0 1,1.0 4,13.0 6,8.0 7,4.0 8,3.0 10,3.0 11,3.0 17,3.0 20,6.0 23,3.0 30,20.0 31,6.0 32,3.0 36,4.0 37,12.0 38,3.0 39,3.0 46,1.0 47,8.0 49,4.0 55,4.0 68,1.0 70,2.0 71,4.0 88,6.0 131,1.0 
0,5.0 5,6.0 7,10.0 8,3.0 10,1.0 12,2.0 13,2.0 20,1.0 22,4.0 23,6.0 44,3.0 75,2.0 81,3.0 83,15.0 84,2.0 85,2.0 88,1.0 
0,1.0 5,4.0 6,15.0 10,6.0 11,6.0 12,3.0 13,3.0 23,3.0 28,1.0 33,1.0 34,1.0 37,1.0 41,2.0 44,3.0 61,2.0 62,1.0 63,1.0 68,1.0 77,2.0 83,12.0 84,2.0 85,1.0 103,1.0 104,1.0 131,1.0 
9,3.0 
7,3.0 10,3.0 11,3.0 
4,3.0 5,1.0 7,6.0 11,12.0 12,3.0 13,3.0 15,3.0 16,3.0 18,3.0 20,18.0 37,1.0 44,3.0 45,3.0 61,5.0 88,4.0 92,2.0 93,2.0 109,1.0 110,1.0 111,16.0 121,3.0 
4,3.0 7,6.0 10,12.0 12,3.0 13,3.0 18,3.0 44,3.0 45,3.0 47,3.0 48,3.0 
7,5.0 10,3.0 11,3.0 
14,5.0 
10,5.0 15,3.0 
10,3.0 16,3.0 
5,3.0 17,3.0 
5,3.0 10,3.0 11,3.0 
19,3.0 
20,3.0 
5,1.0 6,1.0 10,8.0 21,3.0 22,4.0 29,1.0 30,3.0 34,11.0 37,5.0 41,11.0 61,2.0 88,8.0 111,16.0 112,4.0 113,1.0 114,2.0 115,3.0 117,1.0 118,1.0 119,1.0 120,1.0 121,4.0 122,1.0 
0,3.0 6,3.0 22,3.0 
0,4.0 5,2.0 6,4.0 7,1.0 20,4.0 23,3.0 26,1.0 81,1.0 112,5.0 
24,6.0 25,6.0 27,6.0 28,6.0 29,6.0 32,3.0 33,3.0 44,3.0 
25,6.0 26,6.0 
24,6.0 26,6.0 
1,1.0 23,6.0 27,6.0 61,1.0 64,1.0 65,1.0 68,1.0 112,1.0 123,1.0 
23,6.0 28,6.0 29,6.0 
4,6.0 5,6.0 29,6.0 30,6.0 80,4.0 89,2.0 
4,6.0 5,6.0 28,6.0 30,6.0 108,3.0 
0,10.0 4,12.0 5,20.0 20,3.0 23,3.0 31,6.0 32,3.0 34,3.0 41,3.0 46,1.0 47,8.0 49,4.0 70,2.0 71,4.0 91,2.0 
0,6.0 4,6.0 5,6.0 30,6.0 
23,3.0 33,3.0 
7,1.0 26,1.0 34,3.0 39,3.0 41,1.0 45,3.0 61,1.0 63,2.0 
0,1.0 3,1.0 4,1.0 20,11.0 22,4.0 30,2.0 35,3.0 36,2.0 41,5.0 53,4.0 58,3.0 68,1.0 75,1.0 76,1.0 77,1.0 104,1.0 105,1.0 106,1.0 113,1.0 117,1.0 118,1.0 119,1.0 121,1.0 122,3.0 128,1.0 
36,3.0 
5,7.0 37,7.0 55,4.0 56,2.0 
0,1.0 5,16.0 7,1.0 20,1.0 36,4.0 38,3.0 39,3.0 55,4.0 68,1.0 88,1.0 131,1.0 
5,3.0 37,3.0 
33,3.0 40,3.0 
4,3.0 41,3.0 42,3.0 
4,3.0 7,2.0 20,11.0 30,3.0 33,1.0 34,14.0 42,3.0 43,3.0 58,3.0 61,2.0 62,1.0 63,1.0 122,3.0 
4,3.0 41,3.0 43,3.0 
4,3.0 10,3.0 11,3.0 44,3.0 
4,3.0 10,3.0 11,3.0 23,3.0 24,3.0 25,3.0 45,3.0 
33,3.0 46,3.0 
11,3.0 47,3.0 125,1.0 
0,5.0 5,8.0 11,3.0 26,1.0 30,8.0 46,1.0 48,3.0 49,1.0 61,1.0 70,2.0 71,4.0 124,1.0 
6,3.0 7,3.0 
50,1.0 66,3.0 
51,1.0 
52,4.0 
34,4.0 
54,4.0 
5,4.0 36,4.0 37,4.0 
34,2.0 56,4.0 59,1.0 60,1.0 
0,1.0 5,2.0 30,2.0 47,2.0 55,2.0 57,1.0 67,2.0 
58,1.0 
0,1.0 22,1.0 34,3.0 41,2.0 55,1.0 59,1.0 122,2.0 
55,1.0 60,1.0 
7,1.0 41,1.0 61,1.0 
1,1.0 7,2.0 20,2.0 22,1.0 26,1.0 29,3.0 33,1.0 37,1.0 41,2.0 62,1.0 63,1.0 88,4.0 109,1.0 110,1.0 
33,1.0 63,1.0 
7,1.0 26,1.0 33,2.0 41,1.0 61,1.0 
0,1.0 4,1.0 5,1.0 65,1.0 
0,1.0 4,1.0 5,1.0 64,1.0 
51,3.0 
26,1.0 34,1.0 
69,2.0 70,1.0 
70,2.0 72,2.0 
0,1.0 5,2.0 30,2.0 47,2.0 56,1.0 74,2.0 
0,1.0 5,2.0 30,2.0 47,2.0 69,2.0 73,2.0 
0,1.0 5,2.0 30,2.0 47,2.0 
74,2.0 
34,1.0 71,2.0 132,1.0 133,1.0 134,1.0 135,1.0 
7,4.0 76,1.0 77,1.0 78,1.0 79,1.0 
75,1.0 77,1.0 78,1.0 79,1.0 
75,3.0 76,1.0 78,1.0 79,1.0 83,2.0 
28,1.0 79,1.0 
28,1.0 78,1.0 
0,2.0 6,7.0 7,1.0 22,2.0 81,1.0 83,6.0 88,2.0 107,1.0 
82,4.0 
80,4.0 
0,2.0 6,15.0 7,4.0 12,2.0 13,1.0 75,4.0 77,2.0 81,2.0 84,2.0 85,2.0 86,1.0 
6,2.0 83,2.0 85,2.0 
7,1.0 28,3.0 
87,2.0 
80,2.0 
6,1.0 10,5.0 20,8.0 22,1.0 28,2.0 29,2.0 37,1.0 61,4.0 114,1.0 121,1.0 
90,1.0 94,1.0 
30,1.0 
10,2.0 
86,1.0 93,2.0 95,1.0 
86,1.0 92,2.0 95,1.0 
30,1.0 
96,1.0 
97,1.0 
98,1.0 
1,1.0 
100,1.0 101,1.0 
10,2.0 101,1.0 102,1.0 
100,1.0 102,1.0 
7,1.0 103,1.0 
7,1.0 34,1.0 104,1.0 
34,1.0 105,1.0 106,1.0 
7,1.0 85,1.0 105,1.0 106,3.0 
7,1.0 85,1.0 105,3.0 106,1.0 
0,1.0 80,1.0 
10,3.0 
29,1.0 61,1.0 110,1.0 
29,1.0 61,1.0 109,1.0 
5,1.0 10,3.0 20,16.0 22,1.0 30,1.0 37,4.0 41,5.0 114,1.0 115,3.0 121,2.0 
20,4.0 26,1.0 41,3.0 120,1.0 123,1.0 
10,1.0 
100,2.0 
116,3.0 
10,3.0 
10,1.0 
22,1.0 
10,1.0 
41,1.0 
10,4.0 20,4.0 111,4.0 
34,3.0 41,3.0 58,3.0 
0,1.0 47,1.0 124,1.0 
0,1.0 26,1.0 47,1.0 61,1.0 
126,1.0 
127,1.0 
34,1.0 
129,1.0 
130,1.0 
0,1.0 5,1.0 7,1.0 37,1.0 131,1.0 
0,1.0 5,1.0 7,1.0 37,1.0 68,1.0 
133,1.0 134,1.0 135,1.0 
132,1.0 134,1.0 135,1.0 
132,1.0 133,1.0 135,1.0 
132,1.0 133,1.0 134,1.0 
