1,16.0 8,3.0 9,3.0 10,12.0 
2,38.0 3,39.0 4,39.0 27,5.0 74,3.0 75,3.0 76,3.0 
3,50.0 4,58.0 5,41.0 7,14.0 24,30.0 26,3.0 28,24.0 33,2.0 35,5.0 39,8.0 48,6.0 52,3.0 65,6.0 68,4.0 86,8.0 92,6.0 94,44.0 102,4.0 104,4.0 105,4.0 107,4.0 108,4.0 113,2.0 
2,50.0 4,53.0 5,42.0 10,6.0 35,5.0 83,6.0 94,4.0 107,4.0 
2,58.0 3,53.0 5,42.0 10,12.0 24,6.0 28,6.0 33,6.0 35,5.0 48,6.0 83,6.0 88,6.0 92,6.0 
6,25.0 10,2.0 11,10.0 21,5.0 33,6.0 47,5.0 80,5.0 81,8.0 84,9.0 94,6.0 97,3.0 98,1.0 
7,25.0 59,3.0 60,3.0 61,3.0 66,3.0 
2,6.0 8,12.0 9,12.0 10,8.0 12,10.0 14,2.0 22,5.0 23,5.0 24,18.0 26,3.0 33,11.0 38,8.0 48,6.0 49,6.0 52,3.0 74,1.0 86,9.0 90,6.0 91,6.0 100,2.0 
0,15.0 1,3.0 9,38.0 10,30.0 13,7.0 44,5.0 45,5.0 77,3.0 
0,15.0 1,3.0 8,38.0 10,32.0 13,7.0 15,2.0 44,5.0 45,5.0 77,3.0 
0,15.0 1,29.0 3,6.0 4,18.0 5,9.0 8,8.0 9,8.0 10,6.0 13,9.0 16,2.0 25,6.0 28,5.0 29,10.0 31,5.0 32,6.0 33,12.0 38,3.0 41,8.0 43,8.0 44,5.0 56,5.0 77,3.0 80,18.0 81,18.0 82,8.0 83,6.0 88,6.0 99,1.0 
7,10.0 
8,10.0 9,10.0 
1,18.0 10,9.0 34,5.0 54,5.0 
9,2.0 15,2.0 
9,2.0 10,7.0 25,5.0 26,5.0 27,5.0 28,5.0 
17,10.0 
18,10.0 
19,10.0 
20,2.0 42,8.0 
10,10.0 13,2.0 43,8.0 
22,5.0 
7,5.0 23,10.0 25,4.0 33,5.0 39,3.0 53,3.0 
10,5.0 24,5.0 32,5.0 48,5.0 49,5.0 50,5.0 53,3.0 59,3.0 60,3.0 61,3.0 63,3.0 
2,28.0 4,6.0 7,18.0 15,5.0 23,5.0 25,5.0 26,8.0 27,5.0 29,2.0 33,16.0 39,8.0 48,8.0 52,3.0 68,4.0 90,6.0 91,6.0 92,6.0 94,24.0 102,4.0 109,6.0 112,2.0 
4,6.0 10,17.0 15,5.0 22,3.0 26,5.0 27,5.0 28,5.0 32,6.0 33,6.0 39,3.0 53,3.0 79,1.0 
10,5.0 13,3.0 15,5.0 25,5.0 27,10.0 28,10.0 33,5.0 52,3.0 59,6.0 60,6.0 61,6.0 68,3.0 69,3.0 70,6.0 73,3.0 
10,5.0 15,5.0 25,5.0 26,10.0 28,10.0 33,10.0 52,5.0 55,5.0 
2,24.0 4,6.0 10,5.0 13,10.0 29,5.0 33,5.0 34,5.0 48,6.0 53,5.0 65,6.0 94,18.0 104,4.0 105,4.0 108,4.0 
30,10.0 31,5.0 79,2.0 
23,5.0 24,5.0 
29,5.0 30,5.0 
4,6.0 10,13.0 25,6.0 26,5.0 27,5.0 33,6.0 80,2.0 81,1.0 
4,6.0 5,6.0 7,11.0 10,6.0 13,5.0 22,5.0 23,5.0 24,16.0 27,5.0 28,5.0 29,2.0 34,5.0 48,2.0 52,5.0 65,3.0 81,24.0 83,6.0 88,6.0 90,6.0 91,6.0 94,32.0 95,6.0 96,3.0 97,6.0 109,6.0 112,2.0 
1,5.0 13,5.0 
36,5.0 
37,5.0 
2,3.0 3,3.0 4,3.0 7,5.0 
37,3.0 39,8.0 
2,4.0 24,4.0 40,8.0 51,3.0 59,3.0 60,3.0 61,3.0 94,4.0 110,4.0 
8,8.0 9,8.0 
16,8.0 27,5.0 33,5.0 58,5.0 60,3.0 61,3.0 64,3.0 65,3.0 78,1.0 
20,8.0 
1,8.0 10,8.0 60,9.0 61,9.0 64,9.0 65,9.0 
8,5.0 9,5.0 45,5.0 
2,5.0 3,5.0 4,5.0 46,5.0 101,8.0 
45,5.0 
7,5.0 22,5.0 33,5.0 
2,6.0 7,12.0 24,14.0 29,2.0 33,8.0 49,5.0 50,5.0 51,5.0 90,6.0 
7,6.0 22,3.0 24,6.0 25,3.0 48,5.0 50,5.0 51,5.0 53,3.0 86,6.0 
48,5.0 49,5.0 51,5.0 
41,5.0 59,3.0 60,3.0 61,3.0 62,3.0 
2,3.0 4,3.0 6,3.0 28,8.0 53,5.0 59,3.0 60,3.0 61,3.0 
13,5.0 22,3.0 23,3.0 25,3.0 28,5.0 39,3.0 59,6.0 60,6.0 61,6.0 63,3.0 70,3.0 
1,5.0 
10,5.0 
57,5.0 
41,5.0 
22,1.0 49,3.0 78,1.0 89,6.0 114,1.0 115,1.0 116,1.0 
6,3.0 23,3.0 26,9.0 51,3.0 53,6.0 60,24.0 61,24.0 62,3.0 63,3.0 66,3.0 67,3.0 69,3.0 70,9.0 
6,3.0 23,3.0 26,9.0 51,3.0 53,6.0 59,24.0 61,36.0 62,3.0 63,3.0 64,12.0 65,12.0 66,6.0 67,3.0 69,3.0 70,9.0 71,3.0 72,6.0 
6,3.0 23,3.0 26,9.0 51,3.0 53,6.0 59,24.0 60,36.0 62,3.0 63,3.0 64,12.0 65,12.0 66,6.0 67,3.0 69,3.0 70,9.0 71,3.0 72,6.0 
10,6.0 23,3.0 25,6.0 32,6.0 53,3.0 59,3.0 60,3.0 61,3.0 
41,3.0 
60,12.0 61,12.0 65,12.0 66,3.0 71,3.0 72,6.0 
3,6.0 4,6.0 10,6.0 60,12.0 61,12.0 64,12.0 66,3.0 71,3.0 72,6.0 83,9.0 
26,6.0 33,6.0 53,3.0 59,15.0 60,15.0 61,15.0 69,3.0 80,3.0 81,6.0 83,3.0 94,6.0 
26,3.0 68,3.0 69,3.0 
26,3.0 52,3.0 69,3.0 102,4.0 
26,6.0 52,3.0 59,3.0 60,3.0 61,3.0 68,3.0 
43,9.0 
66,3.0 
66,6.0 
2,3.0 4,3.0 28,3.0 
5,3.0 13,1.0 75,3.0 76,3.0 
5,3.0 74,3.0 76,3.0 
5,3.0 74,3.0 75,3.0 
10,3.0 38,3.0 
22,1.0 58,1.0 
10,2.0 32,1.0 80,3.0 81,2.0 
5,9.0 10,19.0 32,1.0 33,6.0 80,1.0 81,25.0 82,8.0 83,3.0 94,6.0 96,3.0 99,1.0 
5,15.0 10,18.0 33,24.0 65,3.0 80,18.0 82,8.0 83,6.0 94,24.0 95,6.0 96,3.0 97,6.0 99,1.0 
83,6.0 97,2.0 
5,9.0 10,6.0 33,6.0 58,6.0 80,12.0 81,12.0 94,6.0 
85,9.0 
2,8.0 7,1.0 86,1.0 
7,9.0 49,6.0 74,1.0 87,6.0 100,2.0 
62,6.0 
65,6.0 
49,6.0 
7,6.0 24,6.0 33,6.0 91,6.0 
2,6.0 4,6.0 24,6.0 
93,6.0 
2,6.0 28,6.0 94,6.0 
2,42.0 3,4.0 5,6.0 24,26.0 28,18.0 33,34.0 39,8.0 65,9.0 68,4.0 81,24.0 83,6.0 94,2.0 95,6.0 96,3.0 97,6.0 102,4.0 104,4.0 105,4.0 107,4.0 108,4.0 109,6.0 112,2.0 113,2.0 
66,6.0 
97,6.0 
5,3.0 10,5.0 33,6.0 66,3.0 80,5.0 81,11.0 94,6.0 
10,1.0 80,1.0 81,1.0 
10,1.0 80,1.0 81,1.0 
45,2.0 
2,8.0 24,8.0 94,8.0 
103,8.0 
2,4.0 28,4.0 94,4.0 104,4.0 
2,4.0 28,4.0 94,4.0 105,4.0 
106,8.0 
2,4.0 3,4.0 94,4.0 111,4.0 
2,4.0 28,4.0 94,4.0 
24,4.0 33,4.0 94,4.0 
45,6.0 
2,4.0 24,4.0 94,4.0 
2,4.0 94,4.0 
24,2.0 33,2.0 94,2.0 
24,2.0 33,2.0 48,2.0 
115,1.0 116,1.0 
114,1.0 116,1.0 
114,1.0 115,1.0 
