0,14.0 1,31.0 2,68.0 3,41.0 4,24.0 5,4.0 6,2.0 12,4.0 13,3.0 14,7.0 15,7.0 16,5.0 18,3.0 19,3.0 20,28.0 21,1.0 22,1.0 24,7.0 34,3.0 35,1.0 38,2.0 39,1.0 42,4.0 45,2.0 49,2.0 50,1.0 62,2.0 66,3.0 71,1.0 72,1.0 95,1.0 147,2.0 164,4.0 165,1.0 169,2.0 
0,26.0 1,20.0 2,12.0 3,6.0 4,17.0 5,2.0 12,3.0 13,6.0 16,4.0 19,2.0 20,60.0 22,1.0 24,46.0 25,12.0 26,4.0 35,48.0 37,2.0 38,2.0 40,35.0 42,1.0 49,2.0 52,4.0 60,10.0 64,2.0 66,4.0 67,2.0 68,1.0 69,1.0 75,1.0 93,1.0 97,2.0 98,1.0 99,1.0 102,1.0 105,1.0 108,2.0 109,2.0 110,1.0 111,2.0 112,2.0 113,2.0 114,2.0 120,1.0 125,1.0 126,1.0 127,1.0 128,1.0 129,1.0 169,1.0 
0,66.0 1,14.0 2,22.0 3,35.0 4,59.0 5,4.0 6,2.0 8,1.0 12,3.0 13,6.0 14,8.0 15,8.0 16,8.0 18,4.0 19,4.0 24,1.0 29,8.0 31,32.0 32,8.0 33,4.0 35,13.0 38,2.0 40,2.0 42,1.0 53,4.0 54,3.0 61,1.0 64,1.0 71,1.0 80,2.0 81,2.0 95,1.0 98,1.0 99,1.0 118,1.0 142,1.0 143,1.0 147,4.0 161,4.0 162,2.0 163,2.0 164,4.0 165,1.0 169,2.0 
0,38.0 2,32.0 3,7.0 4,4.0 5,2.0 6,2.0 8,1.0 13,2.0 15,8.0 16,6.0 18,4.0 20,8.0 21,1.0 24,2.0 31,6.0 34,3.0 35,16.0 38,2.0 39,1.0 40,2.0 42,3.0 45,2.0 50,1.0 61,5.0 62,3.0 72,1.0 76,1.0 104,2.0 147,10.0 148,2.0 152,2.0 162,2.0 165,2.0 167,2.0 168,1.0 169,1.0 
0,24.0 1,55.0 2,47.0 4,8.0 9,4.0 10,1.0 11,1.0 12,4.0 13,4.0 14,8.0 19,3.0 24,27.0 31,16.0 32,8.0 33,4.0 34,16.0 35,79.0 36,4.0 37,2.0 38,2.0 40,42.0 53,4.0 54,3.0 60,23.0 67,2.0 68,1.0 69,1.0 71,1.0 75,1.0 115,1.0 116,1.0 117,1.0 142,1.0 143,1.0 147,2.0 154,2.0 155,2.0 
0,2.0 2,2.0 3,2.0 5,8.0 6,2.0 7,1.0 35,4.0 40,4.0 170,1.0 171,1.0 172,1.0 
5,2.0 6,1.0 38,3.0 88,1.0 92,3.0 
8,1.0 
9,3.0 
0,2.0 2,7.0 4,8.0 10,1.0 11,1.0 35,4.0 58,1.0 62,3.0 68,1.0 
4,1.0 11,1.0 12,1.0 
4,1.0 10,1.0 12,1.0 
0,5.0 2,4.0 4,7.0 24,3.0 60,3.0 
0,5.0 2,7.0 3,2.0 4,8.0 24,4.0 35,4.0 40,2.0 71,1.0 79,2.0 88,1.0 97,9.0 98,3.0 99,3.0 147,2.0 164,2.0 165,1.0 167,1.0 
0,7.0 2,8.0 3,8.0 
0,7.0 2,8.0 3,8.0 
4,1.0 9,3.0 17,6.0 24,4.0 58,2.0 60,2.0 64,3.0 72,3.0 97,8.0 121,1.0 
0,5.0 2,2.0 3,3.0 4,2.0 24,2.0 34,1.0 60,2.0 
4,2.0 16,2.0 19,1.0 24,2.0 60,2.0 64,3.0 79,2.0 
0,1.0 3,1.0 16,1.0 18,2.0 20,1.0 42,3.0 78,1.0 106,1.0 130,1.0 131,1.0 
0,21.0 1,60.0 3,8.0 20,20.0 21,1.0 22,1.0 24,44.0 25,12.0 26,4.0 39,1.0 42,1.0 45,2.0 49,2.0 50,1.0 52,4.0 62,3.0 66,4.0 
0,1.0 1,1.0 2,4.0 20,1.0 29,4.0 31,4.0 
23,1.0 
0,3.0 1,4.0 16,1.0 20,4.0 79,1.0 153,2.0 154,2.0 155,2.0 
1,65.0 2,1.0 3,2.0 4,27.0 8,1.0 13,2.0 20,36.0 24,12.0 25,12.0 26,4.0 27,16.0 28,16.0 29,8.0 35,29.0 40,28.0 52,4.0 60,21.0 76,1.0 93,1.0 97,2.0 98,2.0 99,2.0 
1,8.0 20,8.0 24,8.0 52,4.0 
24,4.0 27,4.0 28,4.0 
21,4.0 24,8.0 27,10.0 28,32.0 29,24.0 30,8.0 31,6.0 43,4.0 147,4.0 156,4.0 157,2.0 
21,4.0 24,8.0 27,32.0 28,8.0 29,24.0 30,8.0 40,1.0 43,4.0 84,1.0 
2,16.0 4,8.0 21,4.0 27,16.0 28,16.0 30,8.0 31,16.0 43,4.0 71,1.0 85,1.0 147,2.0 150,2.0 151,2.0 
27,8.0 28,8.0 29,8.0 
2,32.0 3,6.0 4,24.0 27,6.0 29,8.0 31,12.0 32,8.0 33,4.0 53,4.0 54,3.0 61,4.0 142,1.0 143,1.0 147,8.0 152,2.0 156,4.0 157,2.0 
2,8.0 4,8.0 31,8.0 53,4.0 
4,4.0 34,4.0 35,4.0 58,1.0 87,1.0 130,1.0 131,1.0 132,2.0 
0,3.0 3,3.0 4,16.0 9,4.0 34,4.0 35,16.0 36,4.0 42,2.0 72,1.0 77,3.0 78,2.0 86,1.0 
1,52.0 2,8.0 3,16.0 4,49.0 5,4.0 9,4.0 12,3.0 13,12.0 16,4.0 19,4.0 24,2.0 34,16.0 35,13.0 36,4.0 37,2.0 38,2.0 40,77.0 58,3.0 59,2.0 60,9.0 61,2.0 64,7.0 67,2.0 68,1.0 69,1.0 75,1.0 76,1.0 97,2.0 98,2.0 99,2.0 100,4.0 102,1.0 103,8.0 104,2.0 105,1.0 106,4.0 108,2.0 109,2.0 110,1.0 111,2.0 112,2.0 113,2.0 114,2.0 118,2.0 120,1.0 125,1.0 126,1.0 127,1.0 128,1.0 129,1.0 142,1.0 146,1.0 147,6.0 148,2.0 162,2.0 165,2.0 167,2.0 168,1.0 
4,4.0 34,4.0 35,4.0 
1,2.0 4,2.0 35,2.0 
6,3.0 38,1.0 39,8.0 40,2.0 88,1.0 92,3.0 141,1.0 
0,4.0 2,4.0 4,4.0 38,3.0 96,2.0 
0,1.0 1,33.0 2,3.0 3,2.0 4,9.0 5,4.0 12,3.0 13,10.0 16,4.0 19,4.0 24,1.0 28,1.0 35,74.0 41,4.0 60,5.0 64,6.0 75,1.0 84,1.0 97,3.0 98,1.0 99,1.0 100,4.0 102,1.0 103,8.0 105,1.0 106,4.0 108,2.0 109,2.0 110,1.0 111,2.0 112,2.0 113,2.0 114,2.0 118,2.0 120,1.0 125,1.0 126,1.0 127,1.0 128,1.0 129,1.0 168,1.0 
0,4.0 2,4.0 4,4.0 38,4.0 72,2.0 89,1.0 91,2.0 
0,4.0 1,1.0 3,3.0 20,4.0 41,3.0 43,3.0 44,3.0 46,1.0 
42,3.0 46,6.0 48,1.0 
42,3.0 
43,2.0 
0,2.0 1,2.0 2,4.0 20,2.0 29,4.0 31,4.0 47,2.0 49,4.0 51,1.0 73,1.0 
46,4.0 48,2.0 
0,3.0 1,3.0 20,3.0 46,2.0 47,4.0 
48,4.0 50,2.0 
46,1.0 51,2.0 
43,1.0 48,2.0 
24,4.0 27,4.0 28,4.0 
2,4.0 4,4.0 31,4.0 32,4.0 
55,3.0 
56,3.0 
57,3.0 
35,2.0 58,3.0 
13,2.0 18,2.0 23,1.0 35,3.0 59,3.0 79,6.0 142,1.0 146,1.0 
1,3.0 4,3.0 35,3.0 
1,25.0 4,27.0 24,25.0 35,24.0 40,20.0 93,1.0 
2,1.0 3,3.0 24,1.0 31,2.0 97,1.0 147,2.0 152,2.0 
63,6.0 
0,2.0 2,3.0 3,3.0 65,3.0 
0,2.0 1,1.0 3,3.0 4,3.0 16,9.0 20,3.0 24,4.0 60,4.0 98,4.0 99,4.0 103,2.0 122,1.0 123,1.0 124,1.0 
0,2.0 1,3.0 20,3.0 
23,3.0 41,1.0 
68,2.0 
1,2.0 4,2.0 9,1.0 35,2.0 40,1.0 58,1.0 68,1.0 
40,1.0 69,3.0 70,1.0 
69,1.0 
34,2.0 72,4.0 77,2.0 83,1.0 90,2.0 
2,2.0 28,1.0 40,1.0 41,3.0 71,3.0 80,2.0 91,2.0 139,1.0 
74,1.0 
42,1.0 
3,2.0 24,1.0 35,2.0 
34,1.0 77,1.0 
34,3.0 78,2.0 86,1.0 
4,1.0 16,1.0 24,1.0 60,1.0 68,1.0 
13,2.0 16,3.0 18,2.0 23,1.0 29,1.0 71,1.0 85,1.0 88,1.0 
2,2.0 81,2.0 
33,1.0 82,1.0 87,1.0 
58,1.0 
71,1.0 
9,1.0 
29,1.0 71,1.0 
16,1.0 114,1.0 149,1.0 150,2.0 151,2.0 
33,1.0 58,1.0 
89,2.0 
0,1.0 1,1.0 20,1.0 71,2.0 
41,2.0 72,2.0 
6,1.0 38,1.0 92,1.0 93,1.0 94,1.0 
6,3.0 38,3.0 88,1.0 92,1.0 
4,1.0 94,1.0 95,1.0 102,1.0 107,1.0 115,1.0 
93,1.0 95,1.0 
3,1.0 8,1.0 35,1.0 165,1.0 
0,2.0 3,2.0 34,2.0 
2,3.0 13,5.0 24,2.0 35,16.0 40,14.0 98,10.0 99,8.0 102,4.0 121,1.0 147,2.0 160,2.0 
13,3.0 16,4.0 64,4.0 97,7.0 98,1.0 99,12.0 100,4.0 147,2.0 159,2.0 160,5.0 166,1.0 
13,3.0 16,4.0 64,4.0 97,4.0 98,12.0 100,4.0 
101,8.0 
97,8.0 
33,1.0 35,4.0 40,4.0 102,4.0 105,1.0 107,1.0 116,1.0 117,1.0 126,1.0 127,1.0 128,1.0 129,1.0 130,1.0 
1,1.0 24,1.0 60,1.0 64,2.0 104,8.0 114,2.0 119,2.0 122,1.0 123,1.0 124,1.0 
3,2.0 13,1.0 35,2.0 105,8.0 147,1.0 162,1.0 167,1.0 
33,1.0 35,8.0 40,8.0 102,1.0 126,1.0 127,1.0 128,1.0 129,1.0 130,1.0 
107,4.0 131,1.0 135,1.0 
2,1.0 4,4.0 35,2.0 40,2.0 102,1.0 116,1.0 117,1.0 
4,2.0 24,2.0 60,2.0 
4,2.0 24,2.0 60,2.0 
4,1.0 24,1.0 60,1.0 
64,2.0 103,2.0 112,2.0 113,2.0 114,2.0 
64,2.0 103,2.0 111,2.0 113,2.0 114,2.0 
64,2.0 103,2.0 111,2.0 112,2.0 114,2.0 
64,2.0 103,4.0 111,2.0 112,2.0 113,2.0 119,2.0 150,1.0 151,1.0 166,1.0 
4,1.0 116,1.0 117,1.0 
64,2.0 98,2.0 99,2.0 117,2.0 
64,2.0 98,2.0 99,2.0 116,2.0 
103,2.0 114,2.0 
107,2.0 
17,1.0 
97,1.0 98,1.0 99,1.0 
93,1.0 123,1.0 124,1.0 
93,1.0 122,1.0 124,1.0 
93,1.0 122,1.0 123,1.0 
4,1.0 24,1.0 60,1.0 
33,1.0 102,1.0 105,1.0 127,1.0 128,1.0 129,1.0 130,1.0 
33,1.0 102,1.0 105,1.0 126,1.0 128,1.0 129,1.0 130,1.0 
33,1.0 102,1.0 105,1.0 126,1.0 127,1.0 129,1.0 130,1.0 
33,1.0 102,1.0 105,1.0 126,1.0 127,1.0 128,1.0 130,1.0 
19,1.0 33,1.0 106,1.0 131,2.0 132,1.0 
106,1.0 132,1.0 133,1.0 135,1.0 
131,1.0 133,2.0 
134,1.0 137,1.0 
19,1.0 130,1.0 
136,1.0 
33,1.0 
138,1.0 
9,1.0 
140,1.0 
0,1.0 3,1.0 20,1.0 
0,1.0 1,1.0 20,1.0 
1,1.0 4,1.0 35,1.0 143,1.0 144,1.0 145,1.0 146,1.0 
142,1.0 144,1.0 145,1.0 
35,1.0 58,1.0 145,1.0 
35,1.0 58,1.0 144,1.0 
1,1.0 4,1.0 35,1.0 142,1.0 
0,2.0 2,6.0 3,9.0 13,1.0 16,2.0 27,4.0 31,8.0 35,5.0 61,2.0 95,1.0 104,1.0 148,2.0 152,2.0 156,2.0 157,2.0 161,4.0 162,1.0 164,2.0 165,1.0 167,1.0 
86,2.0 
29,1.0 150,2.0 151,2.0 
29,3.0 114,1.0 147,2.0 149,1.0 150,1.0 151,5.0 166,1.0 
29,3.0 114,1.0 147,2.0 149,1.0 150,5.0 151,1.0 166,1.0 
23,2.0 
4,1.0 154,3.0 155,3.0 166,1.0 
4,3.0 147,2.0 153,2.0 154,1.0 155,5.0 166,1.0 
4,3.0 147,2.0 153,2.0 154,5.0 155,1.0 166,1.0 
27,2.0 31,2.0 147,2.0 157,2.0 
158,2.0 
98,2.0 159,2.0 160,2.0 
97,1.0 98,3.0 160,3.0 166,1.0 
97,3.0 98,5.0 147,2.0 159,2.0 160,1.0 166,1.0 
2,4.0 16,2.0 147,2.0 162,2.0 163,2.0 
2,2.0 3,2.0 13,1.0 35,2.0 104,1.0 147,3.0 161,2.0 163,2.0 167,1.0 
2,2.0 147,2.0 161,2.0 162,2.0 
0,2.0 2,4.0 3,1.0 13,2.0 35,1.0 95,1.0 147,2.0 165,1.0 
3,2.0 35,2.0 40,1.0 95,1.0 
4,1.0 29,1.0 97,1.0 98,1.0 150,1.0 151,1.0 154,1.0 155,1.0 160,1.0 
3,2.0 13,1.0 35,2.0 165,1.0 
0,1.0 1,1.0 2,1.0 40,1.0 
0,2.0 2,2.0 3,1.0 4,1.0 
171,1.0 172,1.0 
170,1.0 172,1.0 
170,1.0 171,1.0 
