0,1.0 1,1.0 6,4.0 12,14.0 13,2.0 15,4.0 22,1.0 33,4.0 36,8.0 37,4.0 38,4.0 39,4.0 40,4.0 45,4.0 46,2.0 47,2.0 48,4.0 49,6.0 58,2.0 
2,2.0 16,10.0 
3,2.0 17,10.0 
0,8.0 4,2.0 5,2.0 6,2.0 12,8.0 15,4.0 36,8.0 37,4.0 39,4.0 
5,18.0 6,14.0 7,2.0 9,4.0 13,8.0 22,5.0 24,8.0 28,8.0 33,8.0 34,5.0 46,4.0 56,6.0 
4,18.0 6,12.0 7,4.0 9,4.0 19,10.0 20,10.0 21,8.0 22,4.0 34,4.0 46,4.0 49,2.0 56,6.0 63,2.0 64,2.0 
0,1.0 1,4.0 4,14.0 5,12.0 7,2.0 9,2.0 12,15.0 13,8.0 14,4.0 15,3.0 18,5.0 22,6.0 23,8.0 34,5.0 38,1.0 43,1.0 44,1.0 45,3.0 46,2.0 47,1.0 74,5.0 
8,4.0 19,2.0 20,2.0 
4,7.0 5,6.0 6,7.0 9,6.0 24,4.0 28,4.0 34,4.0 46,4.0 50,4.0 53,4.0 54,4.0 
10,4.0 11,5.0 22,10.0 28,4.0 34,2.0 43,1.0 50,2.0 53,4.0 54,4.0 55,4.0 57,2.0 
11,4.0 
6,12.0 12,4.0 13,4.0 15,1.0 72,5.0 
0,11.0 1,4.0 6,15.0 13,14.0 14,4.0 15,1.0 18,4.0 22,1.0 27,4.0 33,2.0 36,8.0 37,4.0 38,7.0 39,4.0 40,4.0 43,1.0 45,3.0 46,2.0 47,3.0 55,2.0 60,2.0 61,4.0 74,2.0 
1,4.0 4,8.0 6,8.0 12,14.0 14,4.0 18,4.0 24,8.0 28,8.0 33,10.0 47,2.0 55,2.0 60,2.0 
15,4.0 
6,4.0 8,9.0 9,4.0 12,4.0 13,4.0 24,4.0 34,4.0 38,1.0 50,4.0 
2,10.0 
5,2.0 18,8.0 
5,8.0 6,5.0 8,4.0 12,4.0 13,4.0 15,2.0 44,1.0 47,2.0 51,4.0 52,4.0 55,2.0 74,3.0 
7,2.0 8,2.0 9,8.0 20,10.0 21,8.0 
7,2.0 8,2.0 9,8.0 19,10.0 21,8.0 
9,8.0 19,8.0 20,8.0 
0,2.0 6,1.0 11,8.0 12,1.0 28,5.0 34,2.0 38,5.0 45,1.0 50,2.0 53,2.0 54,2.0 57,2.0 59,2.0 
24,8.0 
4,8.0 8,4.0 13,8.0 25,8.0 26,8.0 28,8.0 33,8.0 34,4.0 46,6.0 48,2.0 50,6.0 57,2.0 62,2.0 
26,8.0 27,8.0 28,8.0 
25,8.0 27,8.0 28,8.0 
0,2.0 12,4.0 28,8.0 29,6.0 38,2.0 61,4.0 70,2.0 
4,5.0 5,4.0 6,5.0 9,4.0 27,8.0 29,6.0 34,8.0 53,4.0 54,4.0 55,4.0 70,2.0 
30,6.0 
31,8.0 
4,8.0 13,8.0 24,8.0 32,8.0 33,8.0 
31,8.0 
4,8.0 12,2.0 13,10.0 22,2.0 24,8.0 28,8.0 49,2.0 58,2.0 60,2.0 
0,2.0 8,4.0 9,2.0 22,2.0 24,4.0 35,11.0 46,4.0 50,6.0 57,2.0 
0,3.0 3,8.0 
0,8.0 12,8.0 37,4.0 38,4.0 39,4.0 40,4.0 
0,4.0 12,4.0 36,4.0 38,4.0 
1,7.0 24,2.0 50,2.0 53,2.0 54,2.0 57,2.0 59,2.0 60,2.0 62,2.0 75,1.0 
0,4.0 12,4.0 36,4.0 40,4.0 
41,4.0 
42,4.0 
43,4.0 
44,6.0 
3,4.0 6,4.0 11,1.0 12,2.0 15,2.0 18,2.0 
0,1.0 6,3.0 12,3.0 22,1.0 38,1.0 46,2.0 47,1.0 
0,2.0 6,1.0 12,5.0 13,4.0 18,8.0 45,1.0 47,1.0 51,4.0 52,4.0 65,4.0 66,2.0 67,2.0 68,2.0 69,2.0 
0,4.0 48,4.0 49,4.0 
0,4.0 5,2.0 15,4.0 49,6.0 63,2.0 
0,4.0 5,2.0 15,4.0 22,2.0 33,2.0 48,4.0 58,2.0 63,2.0 64,2.0 
0,2.0 8,4.0 22,2.0 24,6.0 34,6.0 46,4.0 48,2.0 57,4.0 62,2.0 
8,4.0 18,4.0 52,4.0 
8,4.0 18,4.0 51,4.0 
9,4.0 28,4.0 38,2.0 54,6.0 55,4.0 59,2.0 60,2.0 
9,4.0 28,4.0 38,2.0 53,6.0 55,4.0 59,2.0 60,2.0 
4,6.0 5,6.0 56,6.0 
4,6.0 5,6.0 9,2.0 46,4.0 
0,2.0 22,2.0 24,2.0 34,2.0 48,2.0 50,4.0 62,2.0 
22,2.0 33,2.0 49,2.0 
38,2.0 53,2.0 54,2.0 60,2.0 
12,4.0 27,4.0 61,4.0 
0,2.0 12,4.0 27,4.0 38,2.0 
24,2.0 48,2.0 50,2.0 57,2.0 
5,2.0 49,2.0 64,2.0 
24,2.0 
46,4.0 
22,2.0 67,2.0 68,2.0 69,2.0 
22,2.0 66,2.0 68,2.0 69,2.0 
22,2.0 66,2.0 67,2.0 69,2.0 
22,2.0 66,2.0 67,2.0 68,2.0 
71,2.0 
30,2.0 
73,5.0 
6,5.0 12,2.0 18,3.0 74,1.0 
6,1.0 18,1.0 44,5.0 

