1,1.0 35,1.0 
2,1.0 4,1.0 6,1.0 33,1.0 
3,5.0 7,1.0 20,13.0 21,22.0 26,1.0 27,9.0 29,8.0 33,14.0 35,3.0 40,1.0 41,1.0 42,13.0 45,23.0 78,4.0 80,1.0 86,3.0 87,4.0 104,4.0 105,4.0 114,3.0 128,3.0 136,1.0 141,13.0 146,1.0 173,1.0 
2,8.0 4,1.0 14,1.0 20,4.0 21,11.0 27,4.0 33,4.0 45,10.0 49,1.0 80,1.0 86,3.0 87,4.0 173,1.0 
5,1.0 20,1.0 27,1.0 128,1.0 136,1.0 144,1.0 145,1.0 
6,1.0 
7,1.0 21,1.0 23,1.0 30,1.0 33,9.0 34,1.0 35,1.0 36,1.0 45,6.0 63,1.0 64,1.0 67,1.0 68,1.0 69,1.0 74,8.0 92,1.0 108,1.0 139,2.0 154,1.0 171,2.0 
8,1.0 46,1.0 
9,1.0 27,2.0 92,2.0 120,2.0 
10,1.0 
11,1.0 26,4.0 27,7.0 30,7.0 45,7.0 47,4.0 83,3.0 134,3.0 
12,1.0 30,4.0 33,4.0 45,4.0 
13,1.0 
14,1.0 
14,1.0 15,1.0 30,1.0 45,4.0 50,1.0 51,1.0 92,1.0 
16,1.0 
17,1.0 20,1.0 45,1.0 54,1.0 55,1.0 56,1.0 65,2.0 90,7.0 91,7.0 141,1.0 
18,1.0 
19,1.0 20,1.0 27,2.0 92,2.0 120,2.0 
19,10.0 20,26.0 21,1.0 23,1.0 25,7.0 34,6.0 35,4.0 41,10.0 45,20.0 57,8.0 58,8.0 59,1.0 63,4.0 64,3.0 67,4.0 74,2.0 84,4.0 92,18.0 141,16.0 176,3.0 181,4.0 
0,1.0 1,1.0 2,7.0 3,5.0 4,1.0 16,1.0 19,22.0 20,14.0 21,7.0 22,2.0 23,8.0 25,7.0 26,6.0 27,33.0 28,1.0 30,2.0 33,14.0 35,5.0 41,17.0 42,12.0 45,32.0 49,1.0 59,10.0 62,4.0 63,1.0 67,7.0 70,4.0 74,2.0 84,1.0 92,2.0 93,1.0 110,4.0 112,4.0 120,2.0 129,6.0 138,2.0 141,27.0 146,1.0 147,2.0 177,2.0 178,1.0 179,21.0 180,2.0 181,4.0 182,1.0 183,1.0 
2,19.0 3,4.0 6,1.0 20,12.0 21,3.0 22,1.0 27,2.0 30,2.0 42,12.0 45,28.0 50,3.0 51,3.0 63,1.0 64,1.0 74,1.0 80,1.0 86,3.0 87,4.0 88,4.0 89,4.0 128,6.0 141,12.0 154,1.0 171,1.0 173,1.0 
6,7.0 19,1.0 20,1.0 31,3.0 33,7.0 45,3.0 64,7.0 69,7.0 143,2.0 149,2.0 
6,1.0 24,5.0 45,1.0 59,7.0 108,8.0 126,3.0 171,1.0 
25,1.0 31,1.0 71,7.0 95,1.0 161,1.0 
19,5.0 20,10.0 26,1.0 27,6.0 29,4.0 34,1.0 41,5.0 45,4.0 62,3.0 65,1.0 92,6.0 120,7.0 135,1.0 141,3.0 179,4.0 
2,1.0 7,1.0 10,8.0 20,1.0 27,8.0 29,4.0 41,6.0 42,4.0 45,9.0 47,1.0 83,3.0 120,4.0 
1,1.0 4,1.0 8,2.0 18,2.0 20,40.0 21,2.0 22,2.0 25,1.0 27,6.0 28,1.0 29,1.0 30,20.0 31,5.0 33,20.0 35,5.0 39,4.0 41,7.0 59,3.0 62,4.0 63,4.0 64,1.0 92,24.0 93,3.0 100,3.0 110,4.0 112,4.0 116,3.0 118,2.0 120,20.0 129,3.0 132,2.0 148,3.0 150,2.0 151,3.0 154,2.0 155,2.0 162,1.0 176,1.0 177,1.0 
27,1.0 29,1.0 30,1.0 
2,15.0 4,1.0 20,1.0 21,6.0 27,1.0 29,2.0 30,1.0 31,1.0 35,3.0 41,7.0 42,9.0 45,13.0 62,2.0 78,4.0 82,2.0 114,3.0 120,10.0 141,7.0 175,2.0 
6,1.0 11,4.0 14,1.0 21,2.0 27,18.0 29,1.0 31,6.0 33,20.0 35,3.0 41,4.0 45,33.0 62,4.0 63,4.0 64,7.0 67,1.0 68,8.0 69,3.0 84,4.0 91,4.0 92,17.0 93,2.0 99,4.0 100,7.0 101,4.0 109,2.0 113,2.0 115,4.0 124,2.0 135,2.0 138,3.0 141,8.0 147,1.0 148,4.0 149,2.0 150,2.0 162,2.0 163,1.0 
23,1.0 30,1.0 32,1.0 45,1.0 63,2.0 64,2.0 72,7.0 92,1.0 96,6.0 110,4.0 113,4.0 122,2.0 129,1.0 131,7.0 135,1.0 161,3.0 169,1.0 
1,1.0 
2,5.0 3,4.0 6,9.0 11,4.0 20,14.0 27,17.0 30,20.0 33,5.0 34,1.0 35,2.0 36,8.0 39,4.0 40,1.0 45,18.0 62,8.0 74,7.0 75,7.0 91,4.0 99,4.0 100,4.0 101,4.0 104,10.0 105,4.0 113,2.0 115,2.0 116,3.0 118,2.0 120,2.0 130,2.0 132,1.0 147,2.0 151,5.0 159,1.0 164,1.0 
19,12.0 20,4.0 35,1.0 41,4.0 45,8.0 57,4.0 92,4.0 
6,1.0 19,6.0 20,6.0 22,7.0 25,2.0 31,1.0 33,1.0 41,1.0 46,10.0 62,8.0 64,7.0 67,5.0 69,1.0 96,4.0 106,1.0 109,1.0 114,3.0 118,2.0 119,2.0 138,2.0 141,6.0 142,2.0 148,1.0 177,1.0 179,1.0 
37,8.0 
38,1.0 76,7.0 
39,8.0 102,4.0 
2,8.0 33,1.0 77,4.0 
2,1.0 29,1.0 41,1.0 
0,1.0 2,1.0 19,10.0 20,15.0 26,8.0 29,11.0 30,4.0 34,2.0 35,4.0 41,7.0 42,5.0 45,6.0 62,1.0 64,2.0 69,1.0 74,2.0 84,5.0 92,12.0 106,8.0 120,10.0 129,3.0 135,1.0 148,1.0 175,2.0 176,2.0 177,1.0 178,1.0 179,14.0 180,1.0 184,1.0 
2,13.0 4,1.0 20,13.0 21,12.0 22,2.0 26,2.0 29,8.0 35,2.0 41,2.0 43,1.0 45,21.0 81,3.0 120,2.0 138,2.0 141,13.0 
44,1.0 
2,1.0 26,1.0 45,1.0 
2,21.0 3,3.0 4,1.0 6,6.0 7,1.0 10,7.0 14,4.0 19,24.0 20,37.0 21,28.0 22,2.0 23,6.0 25,5.0 26,7.0 29,12.0 30,33.0 31,1.0 33,18.0 34,4.0 35,4.0 36,3.0 41,4.0 42,20.0 45,10.0 47,4.0 50,4.0 51,4.0 57,8.0 58,4.0 59,5.0 62,6.0 63,2.0 64,4.0 67,6.0 68,8.0 69,4.0 70,2.0 74,4.0 75,3.0 82,2.0 83,3.0 86,3.0 87,3.0 88,3.0 89,3.0 92,19.0 99,4.0 100,4.0 101,4.0 108,1.0 113,2.0 115,4.0 120,6.0 124,2.0 128,6.0 134,3.0 135,1.0 138,5.0 141,19.0 146,1.0 147,1.0 154,1.0 162,1.0 163,1.0 171,2.0 176,2.0 180,1.0 182,1.0 
10,1.0 26,1.0 45,1.0 62,7.0 67,7.0 138,4.0 
48,4.0 84,4.0 
20,1.0 85,7.0 
3,1.0 14,1.0 45,1.0 
51,4.0 52,4.0 53,4.0 
50,4.0 52,4.0 53,4.0 
16,8.0 53,8.0 
16,8.0 31,1.0 52,8.0 85,1.0 161,1.0 
19,1.0 45,1.0 55,1.0 56,1.0 57,1.0 
19,1.0 45,1.0 54,1.0 56,1.0 57,1.0 
19,1.0 45,1.0 54,1.0 55,1.0 57,1.0 
19,16.0 20,4.0 34,4.0 45,12.0 58,4.0 
19,4.0 25,3.0 59,1.0 
23,7.0 24,4.0 60,1.0 68,3.0 126,3.0 132,3.0 
61,1.0 62,1.0 
20,1.0 27,1.0 62,1.0 
10,3.0 20,4.0 25,4.0 27,4.0 29,4.0 41,1.0 42,2.0 45,8.0 47,4.0 61,1.0 64,2.0 76,4.0 92,1.0 94,10.0 95,6.0 120,2.0 134,3.0 142,2.0 176,1.0 
6,1.0 20,4.0 21,1.0 22,3.0 27,2.0 30,15.0 33,12.0 35,10.0 41,1.0 45,3.0 64,13.0 68,5.0 69,1.0 74,1.0 91,2.0 92,4.0 100,3.0 120,2.0 141,4.0 154,1.0 158,2.0 171,1.0 
19,9.0 20,8.0 25,2.0 27,3.0 30,8.0 33,15.0 41,1.0 45,9.0 63,16.0 64,1.0 65,3.0 67,2.0 68,5.0 69,1.0 75,7.0 92,7.0 108,1.0 120,2.0 132,4.0 141,2.0 148,1.0 154,1.0 
66,1.0 68,3.0 127,3.0 
22,1.0 
6,1.0 10,3.0 25,2.0 26,3.0 30,1.0 35,1.0 42,3.0 45,4.0 68,8.0 69,1.0 79,4.0 80,4.0 83,4.0 92,1.0 98,4.0 
6,1.0 20,5.0 22,10.0 25,3.0 27,1.0 30,7.0 33,4.0 35,1.0 41,1.0 45,4.0 63,5.0 64,4.0 67,1.0 69,6.0 83,2.0 92,4.0 97,2.0 132,3.0 141,2.0 185,1.0 
20,7.0 30,5.0 35,1.0 41,1.0 45,11.0 64,1.0 68,4.0 70,4.0 92,4.0 98,1.0 101,1.0 138,2.0 148,3.0 
20,4.0 23,4.0 45,2.0 59,4.0 
26,7.0 
63,3.0 73,4.0 
35,4.0 
6,1.0 21,1.0 35,2.0 45,1.0 63,8.0 64,1.0 68,2.0 154,1.0 171,1.0 
33,7.0 36,7.0 45,3.0 
38,7.0 94,4.0 97,4.0 
2,7.0 29,7.0 
79,4.0 80,4.0 81,4.0 
35,4.0 80,8.0 81,4.0 82,4.0 83,4.0 
2,1.0 3,1.0 21,1.0 35,4.0 79,8.0 81,4.0 82,4.0 83,4.0 87,1.0 173,1.0 
35,3.0 79,4.0 80,4.0 82,4.0 
46,4.0 62,2.0 
35,7.0 63,2.0 79,4.0 80,4.0 
48,4.0 107,8.0 108,4.0 174,1.0 177,1.0 
3,7.0 31,1.0 53,1.0 156,2.0 161,1.0 
3,3.0 21,3.0 45,3.0 87,3.0 
3,4.0 21,4.0 45,3.0 86,3.0 173,1.0 
52,4.0 53,4.0 89,4.0 
52,4.0 53,4.0 88,4.0 
19,7.0 34,4.0 45,7.0 57,7.0 91,7.0 
6,2.0 19,7.0 30,4.0 33,4.0 34,4.0 45,11.0 57,7.0 90,7.0 
6,1.0 8,2.0 14,1.0 18,2.0 19,18.0 22,2.0 27,22.0 30,17.0 34,2.0 35,6.0 41,12.0 45,19.0 63,5.0 64,6.0 67,1.0 68,5.0 69,4.0 84,4.0 92,3.0 93,2.0 120,20.0 132,1.0 135,1.0 138,3.0 141,4.0 147,1.0 154,2.0 155,2.0 162,1.0 163,1.0 176,5.0 
94,2.0 95,2.0 174,1.0 
31,8.0 76,4.0 95,8.0 97,4.0 122,2.0 
24,1.0 31,15.0 94,8.0 122,2.0 161,2.0 166,1.0 167,1.0 
26,2.0 63,6.0 64,6.0 135,2.0 
20,2.0 27,4.0 33,4.0 98,4.0 151,2.0 
20,1.0 41,1.0 46,4.0 63,4.0 68,4.0 
38,4.0 100,4.0 101,4.0 126,6.0 
22,3.0 38,4.0 63,3.0 99,4.0 101,4.0 
38,4.0 41,1.0 45,1.0 69,1.0 92,1.0 99,4.0 100,4.0 
103,4.0 
2,4.0 33,4.0 104,4.0 106,4.0 
2,4.0 33,10.0 104,2.0 105,4.0 120,2.0 159,1.0 164,1.0 
103,4.0 
35,1.0 41,8.0 62,1.0 84,4.0 106,3.0 179,8.0 184,1.0 
19,4.0 30,4.0 41,4.0 92,4.0 
6,1.0 20,4.0 23,3.0 27,4.0 31,5.0 45,1.0 109,4.0 110,1.0 161,1.0 171,1.0 
23,4.0 27,2.0 30,3.0 41,1.0 69,5.0 160,2.0 
108,4.0 111,5.0 
20,4.0 27,4.0 30,2.0 31,2.0 33,2.0 45,2.0 112,1.0 
111,2.0 123,3.0 
111,2.0 114,5.0 
30,4.0 33,2.0 35,3.0 45,4.0 67,3.0 115,3.0 116,2.0 
30,2.0 45,2.0 114,2.0 124,3.0 
2,2.0 77,3.0 117,5.0 
6,1.0 30,1.0 45,1.0 67,1.0 68,1.0 92,1.0 116,5.0 168,1.0 
35,2.0 119,2.0 
120,2.0 
8,2.0 18,2.0 22,2.0 26,4.0 27,20.0 29,16.0 33,4.0 35,2.0 41,10.0 42,6.0 45,10.0 62,2.0 64,1.0 82,2.0 92,20.0 104,4.0 120,5.0 121,2.0 132,1.0 154,2.0 155,2.0 175,2.0 176,1.0 
62,2.0 
31,2.0 63,2.0 64,2.0 
31,2.0 113,1.0 
125,3.0 
99,3.0 
16,2.0 24,3.0 99,3.0 172,1.0 
22,3.0 
3,1.0 21,3.0 45,3.0 50,3.0 51,3.0 144,1.0 145,1.0 
10,3.0 30,1.0 45,1.0 63,1.0 68,1.0 92,1.0 130,3.0 131,1.0 133,4.0 
131,9.0 152,2.0 153,2.0 
20,3.0 27,3.0 30,6.0 45,6.0 68,1.0 92,4.0 129,1.0 130,6.0 133,1.0 147,4.0 159,1.0 
19,3.0 33,1.0 41,1.0 45,1.0 64,9.0 68,3.0 92,3.0 151,1.0 
129,4.0 
10,3.0 45,3.0 47,3.0 
20,1.0 27,1.0 30,3.0 41,1.0 45,2.0 92,2.0 140,2.0 
137,2.0 
67,2.0 
30,2.0 35,6.0 62,2.0 69,2.0 97,1.0 141,2.0 142,2.0 
64,2.0 
26,2.0 120,2.0 
2,13.0 19,16.0 20,33.0 21,12.0 25,1.0 30,8.0 35,2.0 42,12.0 45,18.0 63,4.0 64,4.0 74,2.0 92,4.0 109,2.0 141,4.0 146,1.0 149,2.0 179,3.0 180,1.0 181,4.0 182,1.0 183,1.0 
29,2.0 42,2.0 45,2.0 62,2.0 
41,2.0 120,2.0 
3,1.0 128,1.0 145,1.0 
3,1.0 128,1.0 144,1.0 
131,1.0 
109,3.0 131,3.0 161,1.0 
24,1.0 53,1.0 85,1.0 95,6.0 166,1.0 
27,2.0 92,2.0 109,2.0 120,2.0 
27,2.0 30,2.0 
27,2.0 33,5.0 130,2.0 132,1.0 151,1.0 
19,2.0 92,2.0 130,2.0 141,2.0 157,2.0 
27,2.0 64,2.0 92,2.0 120,2.0 
64,1.0 108,1.0 153,2.0 
85,2.0 
152,2.0 
152,2.0 
33,2.0 104,2.0 120,2.0 
109,1.0 131,1.0 
27,2.0 30,2.0 
23,1.0 31,3.0 69,1.0 117,1.0 129,1.0 131,1.0 167,1.0 169,1.0 
95,2.0 
97,1.0 
109,1.0 164,1.0 165,3.0 
164,3.0 
95,1.0 161,1.0 167,1.0 
117,1.0 161,1.0 
117,1.0 
6,1.0 21,1.0 45,1.0 63,1.0 74,1.0 170,1.0 171,1.0 
169,1.0 
6,2.0 21,1.0 23,1.0 45,2.0 63,1.0 64,1.0 74,1.0 108,1.0 154,1.0 
65,1.0 
3,1.0 21,1.0 87,1.0 
25,3.0 34,1.0 
174,2.0 
27,1.0 64,5.0 69,1.0 92,1.0 101,1.0 120,1.0 132,4.0 
35,1.0 62,1.0 84,1.0 174,1.0 
20,1.0 41,1.0 
0,1.0 16,1.0 20,21.0 25,1.0 35,1.0 41,14.0 62,1.0 106,8.0 141,3.0 179,11.0 180,1.0 183,1.0 184,1.0 
20,1.0 35,1.0 45,1.0 141,1.0 
35,4.0 
20,1.0 141,1.0 179,1.0 
41,1.0 106,1.0 179,1.0 
35,1.0 41,1.0 106,1.0 179,1.0 

