0,1.0 1,1.0 
1,1.0 2,2.0 3,1.0 23,8.0 24,1.0 25,4.0 52,1.0 53,2.0 56,3.0 61,1.0 63,1.0 71,3.0 98,1.0 105,4.0 108,1.0 118,5.0 119,3.0 125,1.0 132,5.0 133,1.0 134,1.0 136,1.0 157,1.0 158,1.0 160,1.0 161,1.0 
1,2.0 
4,3.0 
5,3.0 
6,3.0 12,1.0 15,12.0 16,12.0 17,3.0 18,12.0 36,6.0 45,6.0 
5,1.0 7,1.0 10,1.0 
8,1.0 
9,1.0 
3,1.0 
3,1.0 11,1.0 
10,1.0 
13,1.0 15,3.0 16,3.0 17,2.0 18,3.0 19,3.0 61,3.0 62,3.0 75,1.0 
12,1.0 14,1.0 15,2.0 16,1.0 17,1.0 33,6.0 53,2.0 57,1.0 104,1.0 118,2.0 131,2.0 132,3.0 135,1.0 
1,1.0 15,1.0 16,3.0 18,1.0 27,6.0 28,6.0 29,3.0 32,6.0 41,1.0 42,1.0 49,6.0 50,3.0 53,4.0 59,1.0 70,3.0 87,1.0 118,3.0 132,3.0 
5,12.0 12,3.0 13,1.0 14,4.0 15,3.0 16,15.0 17,5.0 18,15.0 19,3.0 29,1.0 32,4.0 35,1.0 36,6.0 40,1.0 41,1.0 45,6.0 47,3.0 57,15.0 85,1.0 89,2.0 118,3.0 165,1.0 166,1.0 
5,12.0 12,3.0 14,3.0 15,15.0 17,5.0 18,15.0 19,3.0 27,3.0 28,8.0 29,3.0 32,4.0 36,6.0 45,6.0 56,6.0 57,6.0 58,3.0 59,8.0 71,1.0 74,3.0 80,2.0 81,2.0 
5,3.0 12,2.0 15,5.0 16,5.0 18,5.0 19,2.0 36,3.0 
19,3.0 20,15.0 36,6.0 45,6.0 59,1.0 95,1.0 
18,3.0 20,3.0 
21,3.0 22,3.0 23,18.0 60,3.0 61,3.0 75,2.0 
22,3.0 23,3.0 40,1.0 41,1.0 75,1.0 95,1.0 
21,3.0 22,3.0 23,4.0 25,1.0 33,1.0 41,16.0 53,9.0 55,1.0 57,2.0 65,1.0 73,2.0 84,1.0 95,2.0 104,8.0 105,6.0 106,1.0 118,2.0 123,1.0 
1,7.0 15,1.0 22,2.0 23,8.0 24,5.0 25,7.0 30,3.0 31,6.0 32,2.0 33,1.0 38,1.0 40,6.0 41,15.0 43,12.0 44,17.0 48,12.0 52,1.0 55,1.0 56,2.0 57,3.0 61,1.0 62,3.0 63,4.0 71,2.0 75,1.0 87,12.0 88,2.0 95,2.0 96,2.0 98,11.0 99,2.0 102,1.0 103,2.0 104,4.0 105,9.0 107,1.0 108,1.0 117,1.0 118,3.0 119,10.0 120,1.0 121,1.0 130,1.0 133,3.0 134,1.0 160,1.0 161,1.0 162,1.0 
1,2.0 23,2.0 25,3.0 26,3.0 40,2.0 41,1.0 75,1.0 88,1.0 118,2.0 119,1.0 132,2.0 
1,4.0 23,5.0 24,3.0 26,3.0 40,2.0 41,2.0 52,1.0 56,1.0 63,1.0 71,1.0 88,1.0 104,1.0 105,1.0 118,3.0 119,2.0 125,1.0 138,1.0 139,1.0 143,1.0 
1,2.0 5,6.0 12,1.0 14,9.0 15,8.0 16,18.0 17,4.0 23,1.0 24,1.0 27,6.0 32,6.0 33,6.0 34,6.0 39,1.0 42,1.0 49,3.0 53,2.0 55,1.0 56,6.0 57,10.0 64,6.0 65,6.0 70,3.0 73,4.0 80,2.0 81,2.0 83,1.0 87,1.0 89,1.0 105,1.0 118,3.0 132,3.0 156,1.0 173,1.0 174,1.0 175,1.0 
1,1.0 14,6.0 16,3.0 28,6.0 29,3.0 36,1.0 40,1.0 41,2.0 49,3.0 50,3.0 53,2.0 58,1.0 75,1.0 87,1.0 92,3.0 118,1.0 132,1.0 
20,8.0 26,1.0 29,3.0 50,3.0 51,3.0 59,5.0 145,1.0 
20,3.0 28,3.0 35,1.0 48,1.0 119,1.0 
26,3.0 31,3.0 
26,9.0 30,3.0 44,3.0 82,3.0 
1,1.0 12,4.0 14,6.0 18,1.0 26,1.0 33,8.0 34,6.0 35,8.0 36,3.0 39,1.0 41,1.0 42,1.0 45,3.0 53,8.0 59,1.0 71,1.0 74,3.0 87,5.0 88,4.0 93,1.0 118,3.0 132,3.0 147,1.0 156,1.0 
13,6.0 15,1.0 22,1.0 23,2.0 32,6.0 34,6.0 35,6.0 36,4.0 41,1.0 45,3.0 48,2.0 53,2.0 57,1.0 65,1.0 71,3.0 72,3.0 87,2.0 89,1.0 104,2.0 118,2.0 131,2.0 132,3.0 135,1.0 
32,6.0 33,6.0 35,6.0 36,3.0 45,3.0 
29,1.0 36,4.0 37,3.0 39,2.0 45,3.0 46,3.0 48,1.0 119,1.0 
18,6.0 20,6.0 26,1.0 35,3.0 37,3.0 58,1.0 87,1.0 110,1.0 115,1.0 131,1.0 
38,3.0 39,3.0 
15,2.0 23,2.0 26,1.0 39,3.0 40,6.0 41,4.0 52,3.0 53,3.0 57,2.0 75,1.0 102,1.0 105,2.0 152,1.0 
15,1.0 23,1.0 26,1.0 38,3.0 40,6.0 41,3.0 42,6.0 47,3.0 48,3.0 89,1.0 102,1.0 105,1.0 133,1.0 156,1.0 162,1.0 
1,1.0 15,2.0 21,1.0 23,9.0 24,3.0 25,3.0 38,3.0 39,6.0 40,3.0 41,18.0 48,3.0 52,2.0 55,1.0 57,2.0 75,7.0 88,2.0 105,2.0 117,1.0 118,1.0 119,1.0 127,1.0 128,1.0 152,1.0 159,1.0 
15,3.0 21,1.0 22,17.0 23,16.0 24,2.0 25,2.0 27,1.0 33,1.0 38,4.0 39,3.0 40,16.0 41,7.0 42,3.0 52,1.0 53,11.0 55,1.0 56,1.0 57,7.0 65,1.0 71,1.0 73,2.0 75,8.0 84,1.0 87,2.0 88,1.0 92,1.0 95,4.0 98,9.0 99,2.0 102,1.0 103,2.0 104,8.0 105,8.0 106,1.0 117,1.0 119,1.0 123,1.0 127,2.0 128,2.0 152,1.0 
5,6.0 15,7.0 16,6.0 22,1.0 41,1.0 53,1.0 83,1.0 89,1.0 91,2.0 
26,12.0 44,12.0 
26,15.0 31,3.0 43,12.0 81,2.0 
18,6.0 20,6.0 35,3.0 36,1.0 46,3.0 
39,3.0 47,3.0 
13,1.0 33,1.0 39,3.0 40,3.0 48,1.0 52,3.0 53,3.0 55,3.0 87,3.0 95,1.0 118,4.0 119,1.0 
13,1.0 23,12.0 32,2.0 33,3.0 39,3.0 42,3.0 47,1.0 48,3.0 87,12.0 95,1.0 96,2.0 107,1.0 118,1.0 119,3.0 152,1.0 153,1.0 
14,3.0 27,3.0 28,3.0 33,3.0 50,3.0 66,3.0 67,3.0 71,3.0 77,3.0 78,3.0 
28,3.0 51,3.0 154,1.0 
38,3.0 52,3.0 61,3.0 62,6.0 63,3.0 
1,1.0 22,1.0 23,1.0 25,1.0 38,3.0 40,1.0 41,2.0 47,3.0 53,6.0 56,1.0 71,1.0 75,1.0 104,1.0 105,1.0 142,1.0 
1,2.0 14,1.0 15,2.0 22,8.0 23,1.0 27,1.0 32,1.0 41,10.0 42,2.0 48,1.0 53,1.0 54,12.0 55,7.0 56,2.0 57,4.0 59,1.0 69,6.0 71,2.0 73,2.0 84,1.0 87,14.0 88,10.0 89,2.0 90,2.0 92,1.0 94,2.0 95,1.0 105,1.0 106,1.0 118,8.0 132,8.0 146,1.0 157,1.0 158,1.0 163,1.0 164,1.0 
26,12.0 55,6.0 69,6.0 
15,1.0 22,1.0 26,6.0 40,1.0 41,1.0 53,1.0 54,6.0 57,1.0 59,1.0 75,2.0 87,4.0 104,3.0 118,2.0 119,2.0 122,1.0 132,1.0 168,1.0 170,1.0 
1,2.0 16,6.0 23,4.0 27,2.0 28,4.0 48,2.0 57,6.0 58,3.0 59,6.0 71,5.0 87,2.0 92,2.0 105,2.0 145,1.0 
14,2.0 15,15.0 16,10.0 22,2.0 28,3.0 29,1.0 32,3.0 35,1.0 40,1.0 41,3.0 47,3.0 53,2.0 56,6.0 57,3.0 58,3.0 59,7.0 73,4.0 85,1.0 89,2.0 118,3.0 165,1.0 166,1.0 
20,3.0 26,1.0 36,1.0 51,6.0 59,3.0 68,3.0 79,3.0 
18,1.0 20,8.0 28,5.0 53,2.0 58,3.0 87,2.0 88,2.0 93,1.0 95,1.0 148,1.0 
23,3.0 61,3.0 
23,4.0 53,3.0 60,3.0 62,6.0 75,3.0 104,1.0 119,1.0 
26,3.0 53,6.0 61,6.0 63,6.0 75,3.0 
1,2.0 23,1.0 25,1.0 26,3.0 53,3.0 62,6.0 118,1.0 119,1.0 
49,6.0 65,6.0 66,3.0 77,3.0 
22,2.0 33,1.0 41,2.0 49,6.0 64,6.0 66,3.0 77,3.0 104,2.0 
49,3.0 67,3.0 
58,3.0 68,3.0 
51,3.0 58,3.0 
26,9.0 54,6.0 76,3.0 
14,3.0 49,3.0 
1,2.0 12,1.0 23,2.0 27,2.0 28,1.0 32,1.0 33,3.0 56,5.0 72,4.0 75,1.0 92,2.0 105,2.0 119,1.0 129,1.0 145,1.0 
47,3.0 52,3.0 71,1.0 75,1.0 119,1.0 129,1.0 
16,4.0 57,6.0 74,1.0 88,1.0 104,1.0 117,1.0 140,1.0 
12,3.0 32,3.0 119,1.0 
21,2.0 23,1.0 24,1.0 25,1.0 31,3.0 38,2.0 40,8.0 41,9.0 52,1.0 55,2.0 69,3.0 76,3.0 82,3.0 104,2.0 119,4.0 122,1.0 127,1.0 128,1.0 129,1.0 
26,3.0 69,3.0 
49,3.0 78,3.0 
58,3.0 79,3.0 
51,3.0 58,3.0 
16,2.0 28,2.0 59,2.0 81,2.0 
16,2.0 28,2.0 59,2.0 80,2.0 149,2.0 
26,3.0 31,3.0 
22,1.0 41,1.0 42,1.0 53,1.0 
85,1.0 
86,2.0 89,2.0 139,1.0 144,2.0 
32,2.0 
15,1.0 23,13.0 27,1.0 32,2.0 33,1.0 41,2.0 42,2.0 48,13.0 53,13.0 55,4.0 56,1.0 57,1.0 59,1.0 71,1.0 87,4.0 88,10.0 89,2.0 90,2.0 92,1.0 94,2.0 95,1.0 96,2.0 107,1.0 118,1.0 132,1.0 155,1.0 168,1.0 170,1.0 
23,3.0 24,1.0 25,1.0 40,1.0 42,2.0 48,1.0 53,10.0 87,11.0 89,2.0 90,2.0 94,2.0 95,1.0 104,2.0 118,1.0 119,1.0 121,1.0 138,1.0 139,1.0 140,1.0 
14,2.0 15,2.0 23,5.0 32,4.0 41,4.0 98,5.0 102,1.0 119,1.0 
59,2.0 
92,2.0 
1,1.0 22,2.0 27,3.0 36,1.0 41,3.0 53,4.0 58,1.0 87,1.0 118,1.0 132,1.0 
53,2.0 87,2.0 88,2.0 
53,2.0 87,2.0 88,2.0 
1,1.0 13,1.0 23,2.0 25,1.0 33,1.0 40,1.0 41,1.0 47,1.0 48,2.0 87,1.0 101,2.0 103,1.0 106,1.0 118,1.0 119,2.0 124,2.0 
97,2.0 
85,2.0 
1,1.0 22,1.0 23,11.0 41,10.0 57,2.0 63,1.0 95,2.0 98,1.0 99,2.0 103,2.0 104,1.0 105,1.0 108,1.0 119,1.0 
100,2.0 
23,2.0 41,2.0 98,2.0 137,1.0 
56,2.0 
15,1.0 23,3.0 38,1.0 41,2.0 57,1.0 98,1.0 105,2.0 133,1.0 
22,2.0 23,2.0 41,2.0 98,1.0 104,1.0 105,2.0 106,1.0 124,1.0 
22,8.0 23,2.0 25,1.0 33,1.0 38,1.0 41,8.0 53,1.0 55,2.0 65,1.0 73,1.0 75,2.0 88,2.0 95,2.0 104,3.0 105,5.0 118,1.0 119,6.0 121,2.0 122,2.0 123,1.0 132,2.0 133,1.0 134,1.0 135,1.0 138,1.0 139,1.0 140,1.0 141,1.0 
1,4.0 15,2.0 22,6.0 23,8.0 25,2.0 38,2.0 40,1.0 41,7.0 44,2.0 52,1.0 53,2.0 56,2.0 57,2.0 71,2.0 102,1.0 104,4.0 105,2.0 106,1.0 118,1.0 132,1.0 133,4.0 134,2.0 152,1.0 160,1.0 161,1.0 162,1.0 
22,1.0 23,1.0 85,1.0 103,1.0 105,1.0 124,1.0 
1,1.0 23,1.0 98,1.0 
109,5.0 
45,1.0 108,4.0 
111,1.0 112,1.0 113,1.0 114,1.0 126,1.0 
35,1.0 112,1.0 113,1.0 114,1.0 
35,1.0 111,1.0 113,1.0 114,1.0 
35,1.0 111,1.0 112,1.0 114,1.0 
35,1.0 111,1.0 112,1.0 113,1.0 
40,1.0 41,1.0 75,1.0 116,1.0 126,1.0 
115,1.0 
27,1.0 73,1.0 88,1.0 104,1.0 140,1.0 
1,6.0 13,1.0 14,1.0 15,2.0 23,1.0 24,1.0 25,3.0 32,1.0 33,1.0 47,4.0 48,1.0 53,8.0 55,4.0 56,1.0 57,2.0 59,1.0 63,1.0 71,1.0 87,4.0 95,1.0 104,1.0 119,2.0 120,1.0 125,1.0 132,10.0 141,1.0 143,1.0 146,1.0 157,1.0 158,1.0 163,1.0 164,1.0 
1,2.0 13,1.0 21,1.0 22,2.0 23,8.0 25,1.0 33,2.0 41,2.0 47,1.0 48,3.0 55,3.0 61,1.0 63,1.0 73,1.0 75,4.0 95,1.0 98,1.0 104,7.0 118,2.0 119,3.0 120,1.0 121,1.0 122,2.0 127,1.0 128,1.0 129,1.0 130,1.0 152,1.0 153,1.0 
13,2.0 33,2.0 89,1.0 151,2.0 
23,1.0 104,1.0 119,2.0 
73,1.0 104,1.0 119,1.0 
65,1.0 
1,1.0 22,1.0 23,1.0 25,1.0 103,1.0 105,1.0 106,1.0 118,1.0 
115,1.0 
41,1.0 52,1.0 75,1.0 119,1.0 142,1.0 
15,1.0 57,1.0 71,1.0 72,1.0 128,2.0 
15,1.0 57,1.0 71,1.0 72,1.0 127,2.0 
21,1.0 75,1.0 119,1.0 
36,1.0 
104,1.0 105,1.0 120,2.0 132,1.0 151,2.0 
1,5.0 14,1.0 15,2.0 24,1.0 32,1.0 38,1.0 53,8.0 55,1.0 56,1.0 57,2.0 59,1.0 71,1.0 87,1.0 104,2.0 105,1.0 118,9.0 132,1.0 133,1.0 134,1.0 135,1.0 136,1.0 146,1.0 157,1.0 158,1.0 163,1.0 164,1.0 
13,1.0 23,2.0 33,1.0 44,2.0 56,1.0 71,1.0 105,2.0 134,2.0 162,1.0 
13,1.0 33,1.0 56,1.0 71,1.0 133,2.0 
38,1.0 104,1.0 132,1.0 
100,1.0 
25,1.0 88,1.0 104,1.0 
73,1.0 117,1.0 139,1.0 
14,1.0 32,1.0 73,1.0 117,1.0 138,1.0 144,1.0 
88,1.0 104,1.0 121,1.0 
110,1.0 
22,1.0 41,1.0 52,1.0 104,1.0 
85,1.0 
14,1.0 32,2.0 139,1.0 
26,1.0 28,1.0 
32,1.0 
148,1.0 
32,2.0 
150,2.0 
13,2.0 33,2.0 
13,2.0 33,2.0 120,2.0 
15,1.0 38,1.0 40,1.0 41,1.0 50,1.0 57,1.0 105,1.0 153,1.0 
50,1.0 152,1.0 
48,1.0 119,1.0 
23,1.0 38,1.0 41,1.0 102,1.0 105,1.0 
15,1.0 26,1.0 39,1.0 89,1.0 
40,1.0 157,2.0 158,5.0 159,1.0 
40,1.0 157,5.0 158,2.0 159,1.0 
1,1.0 23,1.0 25,1.0 40,1.0 52,1.0 105,1.0 
26,1.0 160,2.0 161,5.0 
26,1.0 160,5.0 161,2.0 
23,1.0 44,1.0 105,1.0 133,1.0 
38,1.0 40,1.0 41,1.0 105,1.0 152,1.0 163,2.0 164,5.0 
38,1.0 40,1.0 41,1.0 105,1.0 152,1.0 163,5.0 164,2.0 
165,2.0 166,5.0 167,1.0 
165,5.0 166,2.0 167,1.0 
47,1.0 48,1.0 95,1.0 118,1.0 119,1.0 
168,1.0 169,1.0 
15,1.0 57,1.0 169,1.0 
170,1.0 171,1.0 
171,1.0 172,1.0 
12,1.0 15,1.0 16,1.0 
174,1.0 175,1.0 
173,1.0 175,1.0 
173,1.0 174,1.0 
