0,3.0 1,8.0 2,10.0 3,9.0 4,7.0 7,2.0 12,1.0 14,2.0 15,2.0 16,8.0 17,8.0 18,4.0 26,1.0 27,1.0 28,1.0 45,2.0 46,1.0 47,1.0 48,9.0 57,2.0 59,6.0 77,2.0 100,4.0 101,2.0 111,1.0 112,1.0 
0,6.0 2,16.0 3,18.0 4,13.0 16,2.0 32,3.0 39,1.0 62,1.0 66,1.0 95,1.0 96,1.0 100,3.0 111,1.0 112,1.0 
0,12.0 1,16.0 3,24.0 4,14.0 12,1.0 14,4.0 16,4.0 17,9.0 18,12.0 26,1.0 27,1.0 28,1.0 32,3.0 45,1.0 51,12.0 52,16.0 59,4.0 62,4.0 77,3.0 86,1.0 89,1.0 100,6.0 101,2.0 103,1.0 111,1.0 112,1.0 
0,6.0 1,18.0 2,24.0 4,13.0 16,4.0 17,2.0 18,8.0 32,3.0 38,8.0 39,2.0 51,8.0 52,8.0 62,1.0 65,1.0 66,9.0 67,8.0 92,1.0 95,2.0 96,1.0 100,3.0 111,1.0 112,1.0 
0,6.0 1,3.0 2,3.0 3,3.0 5,6.0 16,3.0 29,2.0 77,2.0 87,1.0 97,1.0 98,1.0 100,1.0 101,2.0 
6,5.0 102,1.0 
1,5.0 2,6.0 3,5.0 100,2.0 
8,2.0 104,1.0 
9,2.0 105,1.0 
10,3.0 11,2.0 12,5.0 13,5.0 34,3.0 46,1.0 106,1.0 107,2.0 108,1.0 
0,1.0 11,2.0 12,3.0 13,2.0 14,3.0 15,2.0 16,4.0 17,3.0 45,1.0 47,1.0 107,1.0 108,1.0 
10,2.0 12,2.0 13,2.0 14,2.0 15,2.0 16,2.0 17,2.0 
0,3.0 1,1.0 2,1.0 3,1.0 10,2.0 11,2.0 13,5.0 14,2.0 15,2.0 16,3.0 17,2.0 26,2.0 27,2.0 28,2.0 34,3.0 35,2.0 45,1.0 47,1.0 48,1.0 49,1.0 50,1.0 107,1.0 114,1.0 
10,2.0 11,2.0 12,5.0 14,2.0 15,2.0 16,2.0 17,2.0 34,3.0 35,2.0 107,1.0 114,1.0 
0,3.0 2,1.0 15,6.0 16,18.0 17,28.0 18,18.0 48,2.0 51,12.0 53,8.0 54,8.0 58,4.0 59,1.0 62,2.0 66,2.0 67,2.0 76,2.0 77,2.0 100,1.0 
0,2.0 2,1.0 14,5.0 16,8.0 17,8.0 18,8.0 23,2.0 24,5.0 43,2.0 46,1.0 48,2.0 117,3.0 118,1.0 
0,6.0 2,3.0 4,3.0 5,2.0 7,1.0 12,1.0 14,10.0 15,8.0 17,15.0 18,28.0 39,1.0 45,5.0 46,1.0 47,5.0 48,4.0 49,1.0 50,1.0 51,17.0 52,2.0 54,1.0 55,8.0 58,4.0 67,1.0 77,2.0 87,1.0 90,1.0 92,1.0 93,1.0 100,1.0 101,2.0 
0,8.0 3,2.0 14,26.0 15,8.0 16,25.0 18,23.0 39,1.0 48,7.0 51,15.0 53,8.0 54,9.0 58,4.0 59,4.0 65,1.0 77,2.0 78,1.0 81,1.0 91,1.0 92,1.0 95,1.0 
0,7.0 2,7.0 10,1.0 14,7.0 15,3.0 16,17.0 17,11.0 19,3.0 21,5.0 45,1.0 46,1.0 47,4.0 48,3.0 51,31.0 52,15.0 55,8.0 58,4.0 59,11.0 62,4.0 65,2.0 70,2.0 71,2.0 90,1.0 115,2.0 
20,3.0 
0,1.0 15,3.0 16,3.0 17,3.0 
2,1.0 22,2.0 23,5.0 33,2.0 65,2.0 92,1.0 109,1.0 
15,2.0 23,3.0 24,2.0 37,1.0 
14,2.0 15,2.0 17,2.0 18,4.0 22,3.0 24,2.0 25,2.0 33,2.0 36,1.0 37,2.0 51,5.0 64,4.0 91,1.0 
15,5.0 23,2.0 43,2.0 46,1.0 117,3.0 118,1.0 
2,1.0 23,5.0 26,1.0 63,4.0 64,4.0 89,1.0 110,1.0 
0,3.0 1,1.0 2,3.0 3,2.0 12,2.0 27,2.0 28,2.0 53,4.0 54,4.0 58,3.0 89,1.0 110,1.0 
0,3.0 1,1.0 2,1.0 3,1.0 12,2.0 26,2.0 28,2.0 
0,3.0 1,1.0 2,1.0 3,1.0 12,2.0 26,2.0 27,2.0 
30,2.0 
31,2.0 
1,3.0 2,3.0 3,4.0 17,1.0 32,1.0 95,1.0 
1,2.0 2,1.0 3,2.0 31,1.0 33,2.0 61,1.0 113,1.0 
9,2.0 14,2.0 17,2.0 23,2.0 63,2.0 
12,3.0 13,3.0 14,1.0 35,2.0 107,1.0 113,1.0 114,1.0 
36,2.0 
0,1.0 12,1.0 26,1.0 27,1.0 28,1.0 37,4.0 67,1.0 99,1.0 
23,1.0 25,1.0 38,4.0 
3,8.0 39,4.0 66,8.0 67,8.0 
16,1.0 40,4.0 60,1.0 66,1.0 92,1.0 93,1.0 96,1.0 
41,4.0 
42,4.0 
15,2.0 24,2.0 43,6.0 
15,2.0 16,2.0 24,2.0 44,1.0 45,2.0 117,2.0 119,1.0 120,1.0 121,1.0 122,1.0 123,1.0 124,1.0 
0,1.0 15,1.0 16,1.0 18,1.0 24,1.0 45,1.0 46,2.0 47,1.0 53,4.0 54,4.0 60,4.0 61,4.0 
0,3.0 1,1.0 2,1.0 3,1.0 12,1.0 16,5.0 18,4.0 34,1.0 46,1.0 47,5.0 48,1.0 49,1.0 50,1.0 83,1.0 84,1.0 100,1.0 111,1.0 112,1.0 
0,2.0 9,1.0 10,1.0 15,1.0 16,1.0 18,1.0 24,1.0 45,1.0 47,1.0 106,1.0 107,1.0 108,1.0 117,1.0 118,1.0 
0,2.0 10,1.0 12,1.0 16,2.0 18,4.0 45,2.0 46,1.0 48,1.0 49,1.0 50,1.0 115,2.0 
0,1.0 14,1.0 15,1.0 16,4.0 17,3.0 18,3.0 19,1.0 21,1.0 25,4.0 49,1.0 50,2.0 51,1.0 57,2.0 63,4.0 
16,1.0 48,1.0 50,1.0 51,1.0 
16,2.0 18,1.0 26,4.0 48,1.0 49,1.0 51,2.0 53,4.0 54,4.0 57,4.0 
0,4.0 2,8.0 14,4.0 16,15.0 17,8.0 18,31.0 21,2.0 52,16.0 54,1.0 55,8.0 58,4.0 59,11.0 61,1.0 62,4.0 65,2.0 70,2.0 71,2.0 87,1.0 88,1.0 90,2.0 91,1.0 
0,4.0 2,8.0 4,1.0 14,4.0 17,8.0 18,12.0 51,12.0 59,11.0 62,4.0 90,1.0 
2,1.0 3,1.0 14,8.0 17,8.0 26,4.0 54,16.0 58,7.0 61,4.0 
2,1.0 3,1.0 14,8.0 16,1.0 17,8.0 26,4.0 51,1.0 53,16.0 58,7.0 61,4.0 90,1.0 
56,8.0 
14,4.0 16,4.0 17,4.0 18,4.0 50,4.0 51,4.0 57,4.0 
16,2.0 17,2.0 26,4.0 48,2.0 50,4.0 53,4.0 54,4.0 60,4.0 68,4.0 69,4.0 
2,7.0 3,15.0 38,8.0 
0,6.0 2,4.0 14,2.0 17,4.0 18,4.0 44,3.0 48,6.0 51,4.0 52,4.0 57,6.0 60,7.0 62,8.0 66,4.0 67,4.0 75,1.0 
1,1.0 3,1.0 44,4.0 53,4.0 54,4.0 57,4.0 61,4.0 68,4.0 69,4.0 95,1.0 
3,1.0 48,1.0 53,4.0 54,4.0 58,4.0 
0,7.0 2,5.0 14,2.0 17,4.0 18,4.0 51,4.0 52,5.0 59,7.0 66,4.0 67,4.0 85,1.0 100,1.0 
9,1.0 21,1.0 23,4.0 25,4.0 64,4.0 
18,4.0 23,4.0 51,4.0 
21,2.0 23,2.0 32,2.0 33,2.0 
0,3.0 2,1.0 14,2.0 39,1.0 59,11.0 60,1.0 62,4.0 67,12.0 96,1.0 100,1.0 
0,3.0 2,1.0 14,2.0 21,1.0 59,11.0 62,4.0 65,1.0 66,12.0 92,1.0 99,1.0 100,1.0 
58,4.0 69,4.0 
58,4.0 68,4.0 
71,2.0 72,2.0 73,2.0 
14,2.0 17,2.0 70,2.0 72,2.0 73,2.0 74,2.0 
71,2.0 73,2.0 74,2.0 
71,2.0 72,2.0 74,2.0 
14,2.0 17,2.0 71,2.0 
14,1.0 76,1.0 
14,2.0 17,2.0 77,2.0 
0,2.0 2,1.0 4,2.0 5,1.0 16,2.0 17,2.0 78,1.0 81,1.0 82,1.0 100,1.0 101,3.0 
79,1.0 
80,1.0 
14,1.0 76,1.0 
2,1.0 34,1.0 62,1.0 89,1.0 
0,1.0 
81,1.0 84,1.0 
81,1.0 83,1.0 
33,1.0 
51,1.0 87,1.0 
31,1.0 32,1.0 51,1.0 88,1.0 
81,1.0 
2,2.0 17,1.0 26,1.0 110,1.0 
17,1.0 44,1.0 60,1.0 91,1.0 
0,1.0 17,1.0 51,1.0 61,1.0 
16,1.0 21,1.0 23,1.0 39,1.0 93,1.0 
94,1.0 
31,1.0 
1,1.0 3,2.0 17,1.0 62,1.0 65,1.0 
39,1.0 60,1.0 66,1.0 
36,1.0 98,1.0 
36,1.0 97,1.0 
65,1.0 67,1.0 
0,4.0 1,3.0 2,6.0 3,3.0 4,4.0 16,4.0 77,2.0 101,2.0 103,1.0 111,1.0 112,1.0 
0,2.0 2,1.0 4,2.0 5,1.0 16,2.0 77,3.0 100,1.0 
6,1.0 
4,1.0 77,1.0 101,1.0 
8,1.0 
9,1.0 46,1.0 106,1.0 
9,1.0 10,1.0 46,1.0 107,1.0 108,1.0 
0,1.0 10,1.0 12,1.0 13,1.0 14,1.0 16,1.0 17,1.0 34,1.0 108,1.0 114,1.0 
0,1.0 10,1.0 14,1.0 16,1.0 17,1.0 107,1.0 
22,1.0 23,1.0 
2,1.0 26,1.0 89,1.0 
0,1.0 1,1.0 2,1.0 3,1.0 4,1.0 100,1.0 112,1.0 
0,1.0 1,1.0 2,1.0 3,1.0 4,1.0 100,1.0 111,1.0 
33,1.0 36,1.0 
36,1.0 
116,2.0 
42,2.0 
16,1.0 44,1.0 45,2.0 118,1.0 
45,1.0 117,1.0 
120,1.0 121,1.0 122,1.0 123,1.0 124,1.0 
119,1.0 121,1.0 122,1.0 123,1.0 124,1.0 
119,1.0 120,1.0 122,1.0 123,1.0 124,1.0 
119,1.0 120,1.0 121,1.0 123,1.0 124,1.0 
119,1.0 120,1.0 121,1.0 122,1.0 124,1.0 
119,1.0 120,1.0 121,1.0 122,1.0 123,1.0 
