1,12.0 2,11.0 3,7.0 9,1.0 12,1.0 14,1.0 18,3.0 19,1.0 20,1.0 24,6.0 26,2.0 28,2.0 31,3.0 35,3.0 39,3.0 42,2.0 43,6.0 44,3.0 57,3.0 71,3.0 72,3.0 73,6.0 77,4.0 149,6.0 163,2.0 
0,12.0 2,5.0 3,6.0 9,1.0 12,1.0 14,3.0 17,2.0 18,15.0 24,5.0 25,5.0 30,3.0 34,6.0 35,5.0 37,3.0 39,3.0 43,1.0 44,7.0 47,1.0 49,3.0 54,3.0 56,6.0 67,1.0 73,5.0 75,4.0 77,4.0 82,1.0 119,2.0 134,1.0 135,6.0 136,6.0 143,4.0 163,2.0 
0,11.0 1,5.0 3,5.0 9,1.0 14,1.0 17,1.0 24,7.0 28,3.0 31,3.0 36,1.0 37,1.0 39,3.0 43,10.0 45,4.0 48,10.0 49,12.0 63,3.0 64,4.0 68,3.0 71,3.0 81,1.0 84,1.0 85,1.0 87,1.0 
0,1.0 4,5.0 10,1.0 14,1.0 15,1.0 19,1.0 20,1.0 26,8.0 28,3.0 32,4.0 37,7.0 39,3.0 41,3.0 59,3.0 76,2.0 88,2.0 89,1.0 90,1.0 91,1.0 92,1.0 93,1.0 103,4.0 105,4.0 114,4.0 119,4.0 120,4.0 121,4.0 122,4.0 129,4.0 130,4.0 
5,3.0 6,5.0 7,3.0 10,1.0 11,1.0 13,1.0 
2,1.0 6,3.0 7,4.0 8,3.0 28,1.0 48,1.0 79,1.0 
5,3.0 7,3.0 8,5.0 10,1.0 11,1.0 13,1.0 37,3.0 39,3.0 60,3.0 
2,1.0 5,4.0 6,3.0 8,3.0 28,1.0 48,1.0 79,1.0 
0,1.0 1,1.0 2,1.0 9,5.0 16,1.0 17,1.0 18,4.0 26,3.0 35,3.0 58,3.0 
0,5.0 1,5.0 2,4.0 3,1.0 12,1.0 14,1.0 
6,1.0 8,2.0 11,1.0 15,1.0 16,1.0 
6,1.0 8,1.0 10,1.0 
0,1.0 1,1.0 3,1.0 
6,1.0 8,1.0 
1,6.0 3,1.0 10,1.0 15,1.0 18,6.0 104,2.0 105,2.0 153,2.0 163,2.0 164,2.0 
8,1.0 10,1.0 16,1.0 
8,1.0 17,1.0 18,1.0 
0,1.0 1,2.0 2,1.0 3,5.0 14,2.0 18,1.0 26,4.0 28,4.0 35,4.0 47,1.0 48,1.0 73,2.0 77,2.0 89,4.0 151,2.0 163,2.0 
0,4.0 1,15.0 2,1.0 3,5.0 6,3.0 17,1.0 25,3.0 26,4.0 28,1.0 34,6.0 35,6.0 37,6.0 47,1.0 48,2.0 49,9.0 60,3.0 
20,1.0 21,1.0 
19,1.0 21,1.0 
2,1.0 22,1.0 23,1.0 48,1.0 
23,1.0 24,1.0 
22,1.0 24,1.0 
0,3.0 1,3.0 3,1.0 8,3.0 25,12.0 26,1.0 27,1.0 28,1.0 46,4.0 68,3.0 75,4.0 76,1.0 88,1.0 107,4.0 135,4.0 136,4.0 138,4.0 143,4.0 144,4.0 145,4.0 146,4.0 
0,6.0 2,3.0 8,3.0 24,3.0 26,6.0 28,3.0 43,3.0 44,3.0 47,3.0 54,4.0 57,3.0 94,4.0 95,4.0 107,4.0 119,4.0 120,2.0 135,4.0 136,4.0 137,4.0 138,4.0 
3,9.0 8,3.0 27,6.0 28,4.0 29,3.0 30,3.0 32,4.0 37,4.0 58,3.0 90,2.0 91,2.0 103,12.0 105,12.0 113,8.0 114,12.0 115,8.0 119,4.0 120,4.0 121,4.0 122,4.0 129,4.0 130,4.0 163,2.0 166,2.0 167,2.0 
2,3.0 3,4.0 28,12.0 29,3.0 30,3.0 31,6.0 32,3.0 41,3.0 43,7.0 44,8.0 49,6.0 56,4.0 59,3.0 74,3.0 88,1.0 89,1.0 
0,2.0 2,3.0 3,7.0 17,4.0 24,3.0 26,14.0 27,6.0 29,3.0 30,3.0 31,6.0 36,1.0 43,14.0 44,11.0 48,9.0 49,6.0 52,4.0 54,3.0 59,3.0 61,3.0 62,3.0 64,1.0 76,2.0 84,1.0 85,1.0 87,1.0 88,2.0 89,5.0 90,1.0 91,1.0 92,1.0 93,1.0 113,8.0 163,2.0 
27,3.0 28,3.0 30,3.0 31,3.0 
25,3.0 27,3.0 28,3.0 29,3.0 31,3.0 
27,3.0 32,9.0 49,3.0 71,3.0 74,3.0 
33,6.0 41,4.0 47,3.0 75,3.0 96,4.0 97,4.0 103,4.0 114,4.0 129,4.0 130,4.0 131,4.0 132,4.0 
14,6.0 
35,6.0 
0,3.0 1,5.0 6,3.0 14,2.0 17,4.0 18,6.0 36,6.0 47,1.0 60,3.0 73,2.0 77,2.0 78,1.0 151,2.0 163,2.0 
1,3.0 18,6.0 85,2.0 
0,3.0 2,6.0 3,3.0 24,6.0 35,1.0 38,6.0 42,3.0 43,3.0 49,3.0 95,4.0 97,4.0 105,4.0 107,2.0 119,8.0 120,8.0 121,4.0 122,4.0 123,4.0 124,4.0 125,4.0 135,4.0 136,4.0 138,2.0 150,4.0 160,2.0 161,2.0 
3,3.0 6,3.0 37,6.0 
28,3.0 37,6.0 40,6.0 49,3.0 66,1.0 
26,3.0 27,3.0 42,1.0 56,3.0 79,1.0 
3,3.0 39,3.0 94,4.0 96,4.0 97,4.0 100,4.0 101,4.0 106,8.0 107,12.0 108,18.0 109,8.0 110,22.0 111,14.0 112,18.0 116,4.0 117,8.0 118,4.0 127,4.0 128,4.0 131,4.0 132,4.0 133,4.0 155,2.0 160,2.0 165,2.0 
1,3.0 25,2.0 27,1.0 43,3.0 44,6.0 54,2.0 56,3.0 73,2.0 119,2.0 120,2.0 135,2.0 136,2.0 
0,6.0 1,8.0 2,10.0 24,7.0 26,8.0 27,4.0 28,12.0 42,2.0 44,18.0 45,3.0 49,9.0 52,4.0 56,8.0 58,4.0 63,3.0 64,5.0 67,1.0 68,3.0 73,11.0 74,1.0 77,8.0 81,2.0 95,1.0 113,8.0 134,4.0 142,4.0 149,6.0 
0,3.0 1,8.0 24,4.0 25,2.0 28,11.0 30,3.0 43,9.0 45,3.0 48,3.0 54,3.0 56,11.0 61,3.0 62,3.0 64,1.0 67,2.0 72,3.0 73,1.0 74,1.0 81,1.0 90,5.0 91,4.0 92,5.0 93,5.0 95,1.0 119,2.0 134,1.0 135,2.0 136,2.0 
25,3.0 35,1.0 46,4.0 66,3.0 
2,1.0 47,7.0 48,1.0 
0,3.0 2,5.0 21,1.0 24,1.0 28,1.0 44,3.0 45,1.0 48,11.0 49,6.0 53,3.0 54,1.0 67,1.0 69,3.0 78,1.0 82,1.0 83,1.0 
2,10.0 17,1.0 18,1.0 24,1.0 27,4.0 28,9.0 36,1.0 37,1.0 43,4.0 44,3.0 45,7.0 47,1.0 49,16.0 50,3.0 53,3.0 54,3.0 63,4.0 84,1.0 85,1.0 87,1.0 101,4.0 126,4.0 
1,3.0 2,12.0 3,4.0 18,8.0 24,3.0 25,3.0 26,4.0 27,3.0 28,6.0 32,3.0 39,4.0 43,9.0 45,3.0 47,1.0 48,16.0 50,3.0 53,3.0 54,6.0 63,3.0 64,3.0 66,8.0 68,3.0 74,3.0 89,8.0 102,8.0 
51,3.0 
47,1.0 48,3.0 49,3.0 52,3.0 54,1.0 
26,4.0 28,4.0 43,4.0 48,3.0 49,3.0 113,4.0 
2,3.0 39,3.0 49,3.0 54,3.0 
18,1.0 25,4.0 47,4.0 53,3.0 55,3.0 57,1.0 67,4.0 94,4.0 95,4.0 107,4.0 119,4.0 120,2.0 135,4.0 136,4.0 137,4.0 138,4.0 
42,3.0 
1,6.0 24,1.0 25,2.0 27,3.0 30,3.0 43,1.0 44,11.0 54,5.0 90,5.0 91,4.0 92,5.0 93,5.0 95,1.0 119,2.0 134,1.0 135,2.0 136,2.0 
0,3.0 18,1.0 24,3.0 
1,4.0 27,3.0 28,3.0 43,4.0 59,3.0 73,4.0 77,4.0 142,4.0 
27,3.0 28,3.0 31,6.0 
6,3.0 39,3.0 
40,3.0 62,3.0 
40,3.0 61,3.0 
2,3.0 27,4.0 43,7.0 48,4.0 49,3.0 101,4.0 126,4.0 
65,3.0 86,3.0 
47,3.0 
49,8.0 51,4.0 89,8.0 102,8.0 
1,1.0 44,1.0 54,2.0 56,3.0 73,1.0 80,1.0 
24,3.0 25,3.0 
38,3.0 70,3.0 
69,3.0 
31,3.0 32,3.0 
73,3.0 
1,5.0 24,4.0 25,2.0 37,4.0 38,3.0 42,2.0 44,1.0 54,3.0 67,1.0 75,4.0 77,10.0 119,6.0 120,6.0 135,12.0 136,10.0 143,4.0 149,4.0 152,2.0 153,2.0 154,2.0 
27,3.0 32,3.0 44,1.0 49,3.0 67,1.0 
1,3.0 18,3.0 24,4.0 41,8.0 49,3.0 103,8.0 104,8.0 105,8.0 106,8.0 107,12.0 108,8.0 135,4.0 136,4.0 138,4.0 143,4.0 144,4.0 145,4.0 146,4.0 
3,1.0 28,1.0 77,1.0 88,1.0 
1,4.0 18,1.0 24,4.0 37,4.0 48,1.0 49,1.0 73,10.0 75,4.0 119,4.0 120,4.0 135,10.0 136,8.0 143,4.0 149,4.0 152,2.0 153,2.0 154,2.0 
40,2.0 
2,1.0 5,1.0 7,1.0 27,1.0 28,1.0 48,1.0 
43,1.0 
1,1.0 2,1.0 43,1.0 44,1.0 64,1.0 
47,1.0 83,1.0 
17,1.0 
36,1.0 
2,1.0 28,1.0 43,2.0 44,1.0 64,1.0 81,1.0 87,1.0 
5,1.0 7,1.0 47,2.0 79,1.0 
28,1.0 43,1.0 44,1.0 85,1.0 
3,2.0 28,2.0 76,1.0 89,1.0 90,1.0 91,1.0 92,1.0 93,1.0 
3,5.0 17,4.0 26,4.0 28,5.0 49,8.0 66,8.0 88,1.0 90,1.0 91,1.0 92,1.0 93,1.0 102,8.0 
91,7.0 92,6.0 93,6.0 94,8.0 95,8.0 96,8.0 97,8.0 166,2.0 167,2.0 
90,7.0 92,5.0 93,5.0 94,7.0 95,7.0 96,7.0 97,7.0 166,2.0 167,2.0 
90,6.0 91,5.0 93,6.0 94,6.0 95,6.0 96,6.0 97,6.0 
90,6.0 91,5.0 92,6.0 94,6.0 95,6.0 96,6.0 97,6.0 
41,4.0 95,12.0 96,8.0 97,8.0 98,12.0 99,12.0 100,8.0 101,8.0 107,4.0 108,4.0 110,4.0 112,4.0 116,4.0 117,4.0 118,4.0 137,4.0 138,4.0 139,4.0 140,4.0 141,4.0 
44,1.0 56,1.0 90,1.0 92,1.0 93,1.0 94,12.0 96,8.0 97,8.0 98,12.0 99,16.0 100,8.0 101,8.0 107,6.0 111,2.0 128,4.0 137,4.0 138,6.0 139,4.0 140,6.0 141,6.0 150,4.0 160,2.0 161,2.0 162,2.0 
41,4.0 94,8.0 95,8.0 97,12.0 98,8.0 99,8.0 100,12.0 101,12.0 110,4.0 117,4.0 131,4.0 132,4.0 133,4.0 
41,4.0 48,4.0 63,4.0 94,8.0 95,8.0 96,12.0 98,8.0 99,8.0 100,12.0 101,16.0 110,4.0 117,4.0 123,4.0 124,4.0 125,4.0 126,4.0 131,4.0 132,4.0 133,4.0 
43,4.0 49,8.0 58,4.0 66,8.0 89,8.0 99,12.0 100,8.0 101,8.0 139,4.0 140,4.0 141,4.0 142,4.0 
1,2.0 17,4.0 35,4.0 43,4.0 49,8.0 58,4.0 66,8.0 89,8.0 98,12.0 100,8.0 101,8.0 111,2.0 128,4.0 139,4.0 140,6.0 141,6.0 142,4.0 151,2.0 162,2.0 
1,1.0 43,4.0 44,1.0 49,8.0 56,1.0 66,8.0 89,8.0 98,8.0 99,8.0 101,12.0 110,4.0 117,4.0 133,4.0 134,4.0 
1,1.0 27,4.0 43,8.0 44,1.0 48,4.0 49,8.0 56,1.0 63,4.0 66,8.0 89,8.0 98,8.0 99,8.0 100,12.0 110,4.0 117,4.0 126,4.0 133,4.0 134,4.0 
75,8.0 103,8.0 104,8.0 105,8.0 
32,4.0 41,20.0 75,8.0 94,4.0 96,4.0 97,4.0 104,8.0 105,16.0 106,8.0 107,12.0 108,16.0 114,12.0 115,8.0 116,4.0 127,4.0 129,4.0 130,4.0 131,4.0 132,4.0 
41,10.0 75,8.0 103,8.0 105,10.0 106,8.0 107,8.0 108,10.0 153,2.0 155,2.0 160,2.0 164,2.0 
37,4.0 41,18.0 75,8.0 94,4.0 97,4.0 103,16.0 104,10.0 106,8.0 107,12.0 108,18.0 114,8.0 115,8.0 116,4.0 119,4.0 120,4.0 121,4.0 122,4.0 123,4.0 124,4.0 125,4.0 127,4.0 153,2.0 155,2.0 160,2.0 164,2.0 
41,8.0 107,8.0 108,8.0 109,8.0 110,8.0 111,8.0 112,8.0 
41,12.0 94,4.0 95,6.0 98,4.0 99,6.0 106,8.0 108,12.0 109,12.0 110,14.0 111,12.0 112,12.0 127,4.0 128,6.0 137,4.0 138,10.0 139,4.0 140,12.0 141,10.0 144,4.0 145,4.0 146,4.0 147,4.0 148,4.0 150,2.0 155,2.0 156,2.0 157,2.0 158,2.0 159,2.0 
41,18.0 94,4.0 106,8.0 107,12.0 109,8.0 110,18.0 111,14.0 112,18.0 116,4.0 117,4.0 118,4.0 127,4.0 128,4.0 155,2.0 160,2.0 165,2.0 
0,4.0 28,8.0 43,12.0 52,4.0 110,8.0 111,8.0 112,8.0 140,4.0 141,4.0 147,4.0 148,4.0 
0,4.0 1,1.0 17,4.0 18,4.0 28,14.0 43,14.0 44,1.0 49,4.0 52,4.0 56,1.0 89,4.0 100,4.0 101,4.0 109,8.0 111,14.0 112,18.0 117,8.0 118,4.0 128,4.0 133,4.0 134,4.0 140,2.0 149,2.0 158,2.0 159,2.0 165,2.0 
0,2.0 1,2.0 17,6.0 28,14.0 35,2.0 43,8.0 52,4.0 89,4.0 99,2.0 109,8.0 110,14.0 112,14.0 128,6.0 162,2.0 165,2.0 
0,2.0 17,4.0 18,4.0 28,14.0 43,8.0 49,4.0 52,4.0 89,4.0 109,8.0 110,18.0 111,14.0 117,4.0 118,4.0 128,4.0 165,2.0 
26,8.0 103,8.0 105,8.0 114,8.0 115,8.0 
32,4.0 41,12.0 94,4.0 96,4.0 97,4.0 103,12.0 105,8.0 107,4.0 108,8.0 115,8.0 116,4.0 127,4.0 129,4.0 130,4.0 131,4.0 132,4.0 
41,8.0 94,4.0 103,8.0 105,8.0 107,4.0 108,8.0 114,8.0 116,4.0 127,4.0 
41,4.0 94,4.0 108,4.0 110,4.0 112,4.0 117,4.0 118,4.0 
1,1.0 18,4.0 43,4.0 44,1.0 49,4.0 56,1.0 100,4.0 101,4.0 110,8.0 112,4.0 118,4.0 133,4.0 134,4.0 
18,4.0 49,4.0 110,4.0 112,4.0 117,4.0 
25,4.0 37,8.0 54,4.0 94,4.0 95,8.0 97,4.0 105,4.0 107,6.0 120,10.0 121,4.0 122,4.0 123,4.0 124,4.0 125,4.0 135,8.0 136,8.0 137,4.0 138,6.0 150,4.0 160,2.0 161,2.0 
25,2.0 37,8.0 54,2.0 94,2.0 95,6.0 97,4.0 105,4.0 107,4.0 119,10.0 121,4.0 122,4.0 123,4.0 124,4.0 125,4.0 135,6.0 136,6.0 137,2.0 138,4.0 150,4.0 160,2.0 161,2.0 
37,4.0 97,4.0 105,4.0 119,4.0 120,4.0 122,4.0 123,4.0 124,4.0 125,4.0 
37,4.0 97,4.0 105,4.0 119,4.0 120,4.0 121,4.0 123,4.0 124,4.0 125,4.0 
48,4.0 63,4.0 97,4.0 101,4.0 124,4.0 125,4.0 126,4.0 
48,4.0 63,4.0 97,4.0 101,4.0 123,4.0 125,4.0 126,4.0 
48,4.0 63,4.0 97,4.0 101,4.0 123,4.0 124,4.0 126,4.0 
27,4.0 43,4.0 48,4.0 63,4.0 101,4.0 
41,4.0 107,4.0 108,4.0 110,4.0 111,4.0 112,4.0 128,4.0 
1,2.0 17,8.0 28,4.0 35,4.0 89,4.0 99,4.0 110,4.0 111,6.0 112,4.0 140,2.0 141,2.0 151,2.0 162,2.0 
32,4.0 41,4.0 96,4.0 97,4.0 103,4.0 114,4.0 130,4.0 131,4.0 132,4.0 
32,4.0 41,4.0 96,4.0 97,4.0 103,4.0 114,4.0 129,4.0 131,4.0 132,4.0 
41,4.0 96,4.0 97,4.0 100,4.0 101,4.0 110,4.0 117,4.0 132,4.0 133,4.0 
41,4.0 96,4.0 97,4.0 100,4.0 101,4.0 110,4.0 117,4.0 131,4.0 133,4.0 
1,1.0 43,4.0 44,1.0 56,1.0 100,4.0 101,4.0 110,4.0 117,4.0 134,4.0 
1,3.0 24,1.0 43,4.0 44,4.0 56,4.0 95,1.0 
24,4.0 25,4.0 37,4.0 54,4.0 75,4.0 94,4.0 95,8.0 107,12.0 119,8.0 120,6.0 136,12.0 137,4.0 138,10.0 143,4.0 144,4.0 145,4.0 146,4.0 150,4.0 152,2.0 153,2.0 154,2.0 155,2.0 156,2.0 157,2.0 160,2.0 161,2.0 
24,4.0 25,4.0 37,4.0 54,4.0 75,4.0 94,4.0 95,8.0 107,10.0 119,8.0 120,6.0 135,12.0 137,4.0 138,10.0 143,4.0 144,4.0 145,4.0 146,4.0 150,4.0 160,2.0 161,2.0 
94,4.0 95,4.0 98,4.0 99,4.0 107,4.0 138,4.0 139,4.0 140,4.0 141,4.0 
94,4.0 95,6.0 98,4.0 99,6.0 107,10.0 109,4.0 128,2.0 137,4.0 139,4.0 140,10.0 141,10.0 144,4.0 145,4.0 146,4.0 147,4.0 148,4.0 150,2.0 
43,4.0 58,4.0 98,4.0 99,4.0 140,4.0 141,4.0 142,4.0 
0,6.0 17,2.0 35,2.0 43,10.0 58,4.0 98,4.0 99,6.0 109,4.0 110,2.0 128,2.0 139,4.0 141,10.0 142,4.0 147,4.0 148,4.0 149,2.0 151,2.0 158,2.0 159,2.0 
0,4.0 17,2.0 35,2.0 43,8.0 58,4.0 98,4.0 99,6.0 109,4.0 128,2.0 139,4.0 140,10.0 142,4.0 147,4.0 148,4.0 151,2.0 
1,4.0 43,4.0 58,4.0 73,4.0 77,4.0 
24,4.0 75,4.0 107,4.0 135,4.0 136,4.0 138,4.0 144,4.0 145,4.0 146,4.0 
107,4.0 109,4.0 138,4.0 140,4.0 141,4.0 145,4.0 146,4.0 147,4.0 148,4.0 
107,4.0 109,4.0 138,4.0 140,4.0 141,4.0 144,4.0 146,4.0 147,4.0 148,4.0 
107,4.0 109,4.0 138,4.0 140,4.0 141,4.0 144,4.0 145,4.0 147,4.0 148,4.0 
0,4.0 43,4.0 109,4.0 140,4.0 141,4.0 148,4.0 
0,4.0 43,4.0 109,4.0 140,4.0 141,4.0 147,4.0 
0,2.0 37,4.0 42,2.0 43,2.0 73,6.0 77,4.0 119,4.0 120,4.0 135,4.0 136,4.0 
95,4.0 99,4.0 107,2.0 111,2.0 128,4.0 138,2.0 140,2.0 141,2.0 160,2.0 161,2.0 162,2.0 
17,2.0 35,2.0 73,2.0 77,2.0 
107,2.0 135,2.0 153,2.0 154,2.0 155,2.0 156,2.0 157,2.0 
41,2.0 104,2.0 105,2.0 107,2.0 108,2.0 135,2.0 152,2.0 154,2.0 155,4.0 156,2.0 157,2.0 160,2.0 164,2.0 
107,2.0 135,2.0 152,2.0 153,2.0 155,2.0 156,2.0 157,2.0 
41,2.0 107,2.0 108,2.0 110,4.0 111,2.0 112,2.0 140,2.0 156,2.0 157,2.0 158,2.0 159,2.0 160,2.0 165,2.0 
107,2.0 110,2.0 140,2.0 155,2.0 157,2.0 158,2.0 159,2.0 
107,2.0 110,2.0 140,2.0 155,2.0 156,2.0 158,2.0 159,2.0 
0,2.0 43,2.0 110,2.0 140,2.0 149,2.0 159,2.0 
0,2.0 43,2.0 110,2.0 140,2.0 149,2.0 158,2.0 
41,2.0 95,2.0 99,2.0 108,2.0 110,2.0 111,4.0 112,2.0 128,2.0 150,2.0 155,2.0 161,2.0 162,2.0 165,2.0 
95,2.0 99,2.0 111,2.0 128,2.0 150,2.0 160,2.0 162,2.0 
1,2.0 17,2.0 35,2.0 99,2.0 111,2.0 128,2.0 
14,2.0 26,2.0 90,2.0 91,2.0 104,2.0 105,2.0 153,2.0 164,2.0 166,2.0 167,2.0 
41,2.0 104,2.0 105,2.0 108,2.0 153,2.0 155,2.0 160,2.0 
0,2.0 28,2.0 110,2.0 111,2.0 112,2.0 
90,2.0 91,2.0 94,2.0 95,2.0 96,2.0 97,2.0 167,2.0 
90,2.0 91,2.0 94,2.0 95,2.0 96,2.0 97,2.0 166,2.0 
