1,5.0 2,17.0 5,6.0 6,4.0 7,4.0 8,4.0 9,6.0 12,24.0 13,12.0 20,8.0 21,1.0 28,4.0 33,2.0 35,2.0 36,2.0 52,4.0 68,2.0 69,2.0 
2,6.0 3,10.0 
0,4.0 1,6.0 2,4.0 3,19.0 12,4.0 20,4.0 31,4.0 38,2.0 39,4.0 
0,2.0 1,3.0 2,4.0 3,2.0 4,2.0 5,4.0 6,2.0 12,4.0 13,6.0 14,4.0 23,4.0 33,2.0 
5,2.0 
0,6.0 6,8.0 7,6.0 12,4.0 20,4.0 23,8.0 24,6.0 54,4.0 
0,4.0 2,2.0 5,4.0 7,14.0 8,8.0 9,4.0 13,2.0 14,4.0 20,8.0 21,4.0 24,12.0 25,2.0 26,4.0 28,8.0 31,2.0 38,2.0 39,4.0 53,4.0 
0,4.0 6,14.0 8,6.0 9,2.0 24,8.0 25,4.0 26,4.0 31,2.0 58,2.0 64,4.0 65,2.0 
0,2.0 6,12.0 7,6.0 20,4.0 24,6.0 25,2.0 28,1.0 45,1.0 60,1.0 
10,4.0 11,2.0 12,1.0 13,4.0 21,4.0 24,1.0 28,2.0 
11,4.0 
0,4.0 12,4.0 13,4.0 14,2.0 27,4.0 34,2.0 76,1.0 
0,24.0 1,4.0 2,18.0 5,4.0 13,8.0 14,16.0 15,4.0 16,4.0 20,18.0 21,6.0 24,4.0 25,1.0 26,2.0 31,2.0 35,2.0 36,2.0 40,1.0 42,8.0 43,8.0 55,8.0 56,4.0 57,2.0 63,10.0 67,2.0 68,2.0 69,2.0 
0,8.0 2,8.0 6,2.0 9,4.0 12,8.0 14,4.0 15,4.0 16,4.0 21,4.0 28,4.0 32,2.0 38,2.0 52,4.0 
2,2.0 5,4.0 6,4.0 11,4.0 12,14.0 13,6.0 15,4.0 16,4.0 17,2.0 20,28.0 21,6.0 22,6.0 23,4.0 27,2.0 31,10.0 32,2.0 37,2.0 42,4.0 43,4.0 48,8.0 55,2.0 59,4.0 60,2.0 61,2.0 72,1.0 
16,4.0 17,4.0 
1,2.0 3,2.0 15,4.0 17,4.0 
14,2.0 16,2.0 18,4.0 37,2.0 
19,4.0 
6,4.0 14,4.0 20,4.0 
0,8.0 1,4.0 2,10.0 5,8.0 6,8.0 12,18.0 14,28.0 21,4.0 22,6.0 23,4.0 31,10.0 42,4.0 43,4.0 48,8.0 55,2.0 
11,4.0 14,10.0 20,4.0 22,4.0 28,2.0 58,2.0 75,1.0 
5,4.0 14,6.0 20,6.0 23,4.0 31,2.0 55,2.0 
0,4.0 5,4.0 12,4.0 20,4.0 25,4.0 49,4.0 66,2.0 
6,12.0 7,8.0 8,6.0 9,2.0 12,4.0 14,2.0 21,2.0 25,3.0 26,2.0 31,2.0 40,1.0 
6,2.0 7,2.0 8,2.0 24,2.0 32,4.0 41,4.0 66,2.0 
8,1.0 27,4.0 39,2.0 58,2.0 
9,3.0 29,4.0 30,4.0 79,1.0 80,1.0 81,1.0 82,1.0 
0,4.0 6,8.0 12,8.0 13,4.0 14,2.0 20,2.0 24,2.0 39,4.0 52,4.0 53,4.0 57,2.0 63,2.0 67,2.0 74,1.0 
30,4.0 31,4.0 
29,4.0 31,4.0 
0,14.0 6,8.0 9,2.0 12,10.0 28,8.0 48,8.0 54,2.0 63,2.0 
2,2.0 12,4.0 13,2.0 63,4.0 
0,2.0 5,2.0 
0,2.0 12,2.0 35,2.0 
0,2.0 12,2.0 36,2.0 
17,2.0 
14,2.0 17,2.0 
2,2.0 39,2.0 
2,4.0 6,2.0 7,2.0 14,2.0 20,2.0 22,2.0 54,2.0 55,2.0 
12,1.0 24,1.0 
12,4.0 14,4.0 20,4.0 
12,8.0 14,4.0 20,4.0 63,4.0 
44,8.0 45,1.0 
45,8.0 
43,1.0 46,8.0 58,1.0 
47,8.0 
14,8.0 20,8.0 
0,8.0 12,8.0 31,8.0 
50,4.0 51,4.0 53,4.0 
49,4.0 
0,4.0 13,4.0 28,4.0 
31,4.0 
8,4.0 49,4.0 56,4.0 
12,8.0 55,8.0 
12,8.0 14,2.0 20,2.0 22,2.0 26,2.0 31,4.0 56,4.0 59,2.0 62,2.0 
28,4.0 53,4.0 61,2.0 
12,2.0 21,2.0 
7,2.0 14,5.0 59,4.0 64,2.0 65,2.0 
14,4.0 31,2.0 60,2.0 61,2.0 62,2.0 
11,1.0 26,2.0 
55,2.0 56,2.0 
31,2.0 59,2.0 
7,2.0 12,10.0 21,2.0 42,4.0 43,4.0 64,2.0 67,2.0 
7,4.0 25,2.0 58,2.0 65,2.0 
7,2.0 25,2.0 64,2.0 
25,2.0 32,2.0 
12,2.0 21,2.0 63,2.0 
69,2.0 70,2.0 71,2.0 
68,2.0 70,2.0 71,2.0 
25,1.0 71,2.0 72,1.0 
25,1.0 70,2.0 72,1.0 
73,3.0 
0,3.0 72,1.0 
73,1.0 
26,1.0 
77,1.0 
78,1.0 
3,1.0 
80,1.0 81,1.0 82,1.0 
79,1.0 81,1.0 82,1.0 
79,1.0 80,1.0 82,1.0 
79,1.0 80,1.0 81,1.0 
