1,1.0 10,5.0 11,3.0 12,3.0 13,3.0 61,1.0 62,1.0 63,1.0 66,2.0 72,2.0 73,2.0 74,2.0 75,2.0 
2,6.0 39,3.0 40,3.0 
3,6.0 4,6.0 40,3.0 
0,1.0 1,3.0 4,18.0 5,6.0 7,9.0 8,3.0 20,3.0 23,3.0 24,3.0 25,4.0 31,3.0 39,3.0 41,3.0 
0,2.0 1,3.0 3,18.0 4,3.0 5,9.0 6,3.0 7,15.0 8,6.0 10,2.0 16,6.0 18,12.0 20,3.0 23,21.0 24,21.0 25,6.0 26,3.0 29,6.0 31,7.0 34,3.0 36,3.0 39,3.0 40,1.0 41,3.0 43,3.0 50,3.0 66,1.0 72,2.0 73,2.0 75,1.0 
4,3.0 6,6.0 16,3.0 18,3.0 31,6.0 32,3.0 57,3.0 58,3.0 
3,6.0 4,6.0 5,3.0 7,6.0 8,6.0 32,6.0 43,3.0 
1,3.0 3,9.0 4,9.0 8,3.0 11,12.0 12,6.0 13,6.0 15,6.0 16,6.0 17,6.0 18,6.0 19,6.0 20,3.0 26,3.0 27,3.0 39,3.0 41,3.0 45,3.0 47,3.0 50,3.0 51,3.0 
4,6.0 7,6.0 9,3.0 11,6.0 16,9.0 17,6.0 18,12.0 29,3.0 33,3.0 43,9.0 57,3.0 58,3.0 
0,3.0 8,6.0 10,6.0 11,6.0 16,6.0 17,6.0 18,6.0 43,6.0 46,6.0 
0,5.0 11,6.0 12,6.0 13,6.0 66,2.0 72,2.0 73,2.0 74,2.0 75,2.0 
6,6.0 7,12.0 12,12.0 13,12.0 14,6.0 15,6.0 16,12.0 17,12.0 18,12.0 19,6.0 32,3.0 44,3.0 45,3.0 47,3.0 
7,6.0 11,12.0 13,12.0 14,6.0 15,6.0 16,4.0 23,7.0 29,3.0 30,6.0 31,5.0 32,4.0 43,2.0 44,3.0 45,3.0 46,1.0 
7,6.0 11,12.0 12,12.0 14,6.0 15,6.0 37,3.0 38,3.0 44,3.0 45,3.0 
4,8.0 7,6.0 11,6.0 12,6.0 13,6.0 18,1.0 23,6.0 24,6.0 44,3.0 49,3.0 71,2.0 83,1.0 
9,6.0 45,3.0 46,3.0 
4,6.0 6,9.0 7,6.0 11,12.0 12,4.0 17,12.0 18,18.0 19,6.0 23,4.0 30,3.0 31,2.0 32,7.0 36,3.0 43,2.0 46,1.0 47,3.0 
6,6.0 7,6.0 11,12.0 16,12.0 18,12.0 19,6.0 32,3.0 47,3.0 
4,12.0 5,3.0 6,9.0 7,6.0 8,3.0 11,12.0 16,18.0 17,12.0 19,6.0 29,6.0 31,3.0 32,3.0 36,3.0 43,3.0 47,3.0 70,1.0 83,1.0 
20,6.0 47,3.0 
21,6.0 35,9.0 41,3.0 56,3.0 
22,3.0 30,3.0 33,6.0 48,3.0 53,3.0 
14,3.0 
3,3.0 4,21.0 7,6.0 12,7.0 16,4.0 23,6.0 24,30.0 25,6.0 26,3.0 29,3.0 30,6.0 31,5.0 32,4.0 34,3.0 43,2.0 46,1.0 50,3.0 54,3.0 55,3.0 
3,3.0 4,21.0 7,6.0 23,30.0 24,6.0 25,6.0 26,3.0 34,3.0 50,3.0 54,3.0 55,3.0 
0,1.0 3,4.0 4,6.0 23,6.0 24,6.0 
7,3.0 27,3.0 
28,3.0 
12,6.0 16,3.0 23,6.0 29,3.0 30,5.0 32,2.0 45,3.0 46,3.0 
4,6.0 5,3.0 8,3.0 12,3.0 18,6.0 23,3.0 30,3.0 31,6.0 43,3.0 
12,5.0 14,3.0 16,2.0 23,5.0 29,3.0 31,6.0 32,10.0 43,3.0 48,3.0 49,3.0 68,6.0 76,1.0 81,1.0 82,1.0 
5,6.0 6,3.0 12,1.0 16,1.0 23,1.0 32,8.0 40,5.0 43,3.0 46,2.0 57,3.0 58,3.0 67,4.0 69,6.0 70,6.0 80,1.0 
3,3.0 4,3.0 6,6.0 7,3.0 8,3.0 12,2.0 16,2.0 21,6.0 23,2.0 30,10.0 31,3.0 43,6.0 46,3.0 53,3.0 68,6.0 76,1.0 
4,3.0 9,6.0 23,6.0 24,6.0 46,3.0 
20,3.0 
8,3.0 42,6.0 
13,3.0 37,3.0 
13,3.0 38,3.0 
3,3.0 4,3.0 7,3.0 
1,3.0 2,3.0 40,3.0 
2,3.0 3,3.0 4,3.0 31,5.0 67,4.0 70,1.0 
20,3.0 35,3.0 
9,3.0 33,3.0 43,3.0 
0,3.0 4,3.0 7,3.0 8,9.0 9,3.0 10,3.0 11,3.0 12,1.0 16,4.0 17,3.0 18,6.0 23,1.0 29,3.0 31,3.0 32,2.0 46,2.0 57,3.0 58,3.0 
7,3.0 11,3.0 12,3.0 13,3.0 14,3.0 
9,3.0 12,3.0 15,3.0 16,3.0 23,3.0 28,3.0 30,2.0 32,2.0 46,6.0 
8,3.0 9,6.0 11,3.0 12,3.0 16,6.0 17,3.0 18,3.0 21,3.0 23,3.0 28,3.0 30,2.0 32,5.0 43,3.0 45,3.0 53,3.0 
19,3.0 20,3.0 
14,3.0 30,3.0 49,3.0 
4,3.0 14,3.0 23,3.0 24,3.0 
7,3.0 51,18.0 
28,3.0 45,3.0 46,3.0 50,12.0 52,3.0 
50,3.0 
21,3.0 33,3.0 
20,3.0 55,3.0 56,3.0 
20,3.0 54,3.0 56,3.0 
20,3.0 35,3.0 
4,3.0 18,3.0 29,3.0 58,6.0 59,3.0 60,3.0 
4,3.0 18,3.0 29,3.0 57,6.0 59,3.0 60,3.0 
3,1.0 25,1.0 60,3.0 64,1.0 65,1.0 86,1.0 87,1.0 88,1.0 89,1.0 90,1.0 
3,1.0 25,1.0 59,3.0 64,1.0 65,1.0 86,1.0 87,1.0 88,1.0 89,1.0 90,1.0 
1,1.0 31,1.0 40,1.0 62,2.0 63,2.0 66,1.0 
1,1.0 31,1.0 40,1.0 61,2.0 63,2.0 66,1.0 
1,1.0 31,1.0 40,1.0 61,2.0 62,2.0 66,1.0 
61,1.0 62,1.0 63,1.0 65,1.0 66,1.0 
4,1.0 61,1.0 62,1.0 63,1.0 64,1.0 66,2.0 74,1.0 75,1.0 79,1.0 
4,1.0 31,4.0 40,4.0 61,1.0 62,1.0 63,1.0 74,2.0 75,3.0 
30,4.0 32,4.0 
31,6.0 69,6.0 
31,6.0 70,6.0 80,1.0 
14,3.0 30,4.0 32,3.0 71,2.0 77,1.0 81,1.0 84,1.0 
4,2.0 14,2.0 
0,2.0 10,2.0 66,2.0 73,2.0 74,2.0 75,2.0 
0,2.0 10,2.0 66,2.0 72,2.0 74,2.0 75,2.0 
4,1.0 31,2.0 40,2.0 65,1.0 66,3.0 75,3.0 79,1.0 
4,1.0 31,3.0 40,3.0 66,3.0 74,2.0 
1,1.0 31,1.0 40,1.0 
78,1.0 
65,1.0 74,1.0 79,1.0 
4,1.0 65,1.0 66,1.0 74,1.0 75,1.0 
70,1.0 
30,1.0 82,1.0 
69,1.0 
18,1.0 70,1.0 
85,1.0 
76,1.0 
87,1.0 88,1.0 89,1.0 90,1.0 
86,1.0 88,1.0 89,1.0 90,1.0 
86,1.0 87,1.0 89,1.0 90,1.0 
86,1.0 87,1.0 88,1.0 90,1.0 
86,1.0 87,1.0 88,1.0 89,1.0 
