1,2.0 5,4.0 6,4.0 7,8.0 15,4.0 21,2.0 24,6.0 26,4.0 27,4.0 46,3.0 51,6.0 52,3.0 68,2.0 73,2.0 86,1.0 87,1.0 88,1.0 
2,2.0 
3,2.0 
4,2.0 
5,2.0 6,2.0 7,2.0 
0,8.0 6,32.0 7,46.0 8,9.0 9,2.0 10,11.0 12,20.0 13,20.0 14,8.0 19,6.0 20,4.0 21,5.0 24,14.0 29,2.0 34,2.0 36,2.0 38,5.0 39,2.0 40,3.0 42,6.0 58,6.0 60,3.0 62,3.0 65,3.0 66,2.0 68,1.0 69,4.0 70,2.0 71,2.0 72,2.0 73,4.0 76,2.0 82,2.0 84,2.0 
0,6.0 5,36.0 7,32.0 8,11.0 9,2.0 10,7.0 13,15.0 14,4.0 19,11.0 20,6.0 22,4.0 23,4.0 24,19.0 25,2.0 27,3.0 34,12.0 39,2.0 40,3.0 42,12.0 47,6.0 49,3.0 51,6.0 62,3.0 65,2.0 68,1.0 69,4.0 70,2.0 71,2.0 72,2.0 78,4.0 82,2.0 
0,17.0 5,47.0 6,33.0 7,1.0 8,8.0 10,11.0 12,50.0 13,50.0 14,6.0 19,13.0 20,8.0 21,2.0 24,28.0 25,3.0 31,4.0 34,2.0 35,8.0 36,2.0 39,2.0 41,6.0 44,2.0 46,3.0 52,3.0 53,6.0 55,3.0 56,3.0 62,3.0 66,2.0 67,2.0 68,2.0 69,8.0 70,2.0 71,2.0 72,4.0 73,9.0 74,2.0 76,2.0 
5,11.0 6,7.0 7,12.0 8,3.0 9,5.0 10,7.0 12,12.0 13,8.0 20,2.0 24,2.0 41,7.0 42,3.0 59,3.0 65,2.0 73,4.0 76,2.0 
5,2.0 6,2.0 7,2.0 8,2.0 33,3.0 41,2.0 66,4.0 80,2.0 
5,7.0 6,7.0 7,16.0 11,4.0 12,3.0 13,3.0 19,12.0 20,4.0 24,2.0 27,2.0 34,6.0 41,4.0 47,6.0 48,3.0 49,3.0 58,3.0 69,4.0 73,4.0 
5,4.0 7,4.0 12,4.0 13,4.0 
0,11.0 5,20.0 6,4.0 7,50.0 8,2.0 9,4.0 10,7.0 13,42.0 14,4.0 19,3.0 24,10.0 35,8.0 38,2.0 41,8.0 44,2.0 51,2.0 52,3.0 53,6.0 66,2.0 71,2.0 72,2.0 73,6.0 76,12.0 77,2.0 78,8.0 79,2.0 
0,9.0 5,20.0 6,15.0 7,50.0 10,10.0 12,42.0 14,4.0 19,6.0 22,3.0 31,2.0 34,6.0 39,3.0 40,3.0 41,6.0 42,6.0 51,6.0 52,3.0 53,6.0 58,3.0 65,2.0 66,2.0 69,2.0 71,4.0 72,4.0 76,2.0 78,2.0 
5,8.0 6,4.0 7,6.0 12,4.0 13,4.0 69,2.0 82,2.0 
16,2.0 40,2.0 
17,2.0 
18,2.0 
5,2.0 6,2.0 7,2.0 
0,3.0 5,10.0 6,9.0 7,14.0 10,8.0 12,6.0 13,9.0 20,8.0 21,3.0 24,7.0 38,3.0 42,3.0 58,3.0 
0,4.0 6,3.0 7,2.0 10,2.0 13,2.0 21,4.0 27,4.0 34,6.0 47,6.0 48,3.0 83,2.0 
0,1.0 5,6.0 6,3.0 7,3.0 22,2.0 23,4.0 24,8.0 38,5.0 42,2.0 65,3.0 73,3.0 84,2.0 
0,2.0 6,6.0 7,2.0 13,5.0 23,4.0 24,4.0 25,2.0 39,3.0 40,3.0 58,3.0 
0,4.0 6,4.0 22,4.0 24,8.0 25,4.0 42,4.0 
0,7.0 5,15.0 6,16.0 7,29.0 8,4.0 9,2.0 10,2.0 12,10.0 19,4.0 20,4.0 21,4.0 22,4.0 23,8.0 25,4.0 35,2.0 36,2.0 38,5.0 39,2.0 42,4.0 51,2.0 55,3.0 56,3.0 62,3.0 65,3.0 67,1.0 76,8.0 78,8.0 79,2.0 
6,8.0 13,6.0 22,2.0 23,4.0 24,4.0 42,5.0 
10,4.0 
0,2.0 6,3.0 10,12.0 13,3.0 19,3.0 28,4.0 40,3.0 42,3.0 83,2.0 
5,2.0 31,2.0 32,2.0 
30,2.0 43,2.0 
31,4.0 
7,7.0 12,3.0 13,5.0 27,2.0 29,2.0 32,2.0 33,2.0 43,2.0 73,2.0 
7,2.0 12,2.0 33,2.0 35,2.0 
8,4.0 28,2.0 34,2.0 41,3.0 64,3.0 
0,2.0 5,2.0 6,12.0 7,4.0 9,2.0 12,2.0 13,6.0 27,6.0 35,2.0 47,12.0 48,6.0 49,6.0 50,3.0 65,2.0 71,2.0 76,2.0 78,4.0 
0,4.0 6,4.0 7,8.0 10,2.0 12,8.0 24,2.0 44,2.0 
37,2.0 
38,2.0 
5,7.0 6,2.0 7,2.0 21,5.0 24,5.0 65,5.0 73,2.0 84,2.0 
13,6.0 22,6.0 39,3.0 40,5.0 58,6.0 66,3.0 
5,5.0 6,7.0 7,4.0 8,11.0 24,4.0 40,3.0 42,3.0 
5,4.0 6,4.0 7,6.0 8,6.0 9,2.0 12,2.0 13,4.0 19,2.0 24,2.0 27,3.0 31,3.0 34,4.0 56,3.0 76,2.0 78,4.0 
0,2.0 5,6.0 6,12.0 8,3.0 10,3.0 13,6.0 19,3.0 23,4.0 24,4.0 25,2.0 40,3.0 51,3.0 
20,2.0 30,2.0 
45,2.0 
7,2.0 12,2.0 35,2.0 
20,6.0 
6,6.0 27,6.0 34,12.0 48,6.0 49,6.0 50,3.0 
27,3.0 34,6.0 47,6.0 49,3.0 50,3.0 
7,3.0 25,3.0 34,3.0 47,3.0 48,3.0 50,6.0 
49,6.0 
5,3.0 6,3.0 7,12.0 12,8.0 13,6.0 24,8.0 76,2.0 78,2.0 
19,6.0 
0,6.0 54,6.0 
53,6.0 
7,3.0 24,3.0 
41,3.0 57,3.0 
39,3.0 
5,6.0 10,3.0 13,3.0 22,3.0 39,3.0 40,3.0 60,3.0 
8,3.0 
61,3.0 
40,3.0 
63,3.0 
33,3.0 
19,3.0 
5,2.0 12,2.0 21,2.0 24,2.0 38,2.0 39,3.0 65,3.0 66,2.0 73,2.0 76,2.0 78,2.0 
6,2.0 8,4.0 12,2.0 13,2.0 24,2.0 27,3.0 33,4.0 34,2.0 66,2.0 76,2.0 78,4.0 85,2.0 
7,2.0 24,1.0 73,1.0 
5,2.0 6,2.0 7,2.0 82,2.0 
5,2.0 6,2.0 7,4.0 31,6.0 41,2.0 70,4.0 73,2.0 
10,2.0 35,2.0 
5,2.0 7,2.0 12,2.0 13,2.0 22,2.0 
5,4.0 7,4.0 12,4.0 13,4.0 
0,1.0 5,4.0 7,9.0 8,2.0 9,2.0 12,6.0 21,3.0 31,2.0 38,2.0 41,2.0 67,1.0 68,1.0 69,4.0 74,2.0 76,4.0 77,2.0 84,2.0 
75,2.0 
12,2.0 73,2.0 76,2.0 
0,2.0 5,2.0 7,2.0 8,2.0 9,2.0 12,12.0 13,2.0 24,8.0 34,2.0 38,2.0 41,2.0 51,2.0 73,4.0 77,2.0 78,8.0 79,2.0 
8,2.0 12,2.0 73,2.0 76,2.0 
6,6.0 9,4.0 12,8.0 13,4.0 24,8.0 34,6.0 38,2.0 51,2.0 71,2.0 76,8.0 79,2.0 
12,2.0 24,2.0 76,2.0 78,2.0 
81,2.0 
66,2.0 
5,4.0 6,4.0 69,2.0 
10,2.0 27,2.0 
66,2.0 85,2.0 
66,4.0 
87,1.0 88,1.0 
86,1.0 88,1.0 
86,1.0 87,1.0 
