1,10.0 2,12.0 3,12.0 4,12.0 15,4.0 
0,10.0 2,10.0 3,10.0 4,10.0 15,2.0 
0,12.0 1,10.0 3,16.0 4,16.0 5,4.0 6,4.0 15,4.0 
0,4.0 1,4.0 2,8.0 4,16.0 5,4.0 6,4.0 7,6.0 8,6.0 9,8.0 16,2.0 
0,4.0 1,4.0 2,8.0 3,16.0 5,4.0 6,4.0 7,6.0 8,6.0 9,8.0 16,2.0 
2,4.0 3,4.0 4,4.0 6,4.0 
2,4.0 3,4.0 4,4.0 5,4.0 
8,6.0 9,6.0 10,6.0 11,6.0 21,2.0 
7,6.0 9,6.0 10,6.0 11,6.0 21,2.0 
7,6.0 8,6.0 10,8.0 11,8.0 16,2.0 19,12.0 21,2.0 30,12.0 31,12.0 
0,6.0 1,4.0 2,6.0 10,1.0 11,12.0 12,5.0 13,5.0 14,16.0 15,4.0 17,2.0 18,2.0 19,16.0 20,2.0 21,6.0 22,9.0 29,6.0 33,13.0 42,7.0 44,1.0 53,8.0 86,1.0 102,1.0 103,1.0 104,1.0 105,1.0 106,1.0 
0,4.0 1,2.0 2,4.0 10,12.0 12,4.0 13,4.0 14,4.0 15,2.0 17,2.0 18,2.0 19,2.0 21,2.0 22,2.0 
10,4.0 11,2.0 13,6.0 14,2.0 17,3.0 18,4.0 19,9.0 20,2.0 25,3.0 27,2.0 42,2.0 53,2.0 
10,4.0 11,2.0 12,5.0 13,1.0 14,29.0 17,16.0 18,18.0 19,8.0 20,2.0 21,6.0 23,1.0 27,3.0 28,12.0 31,2.0 32,8.0 35,8.0 37,1.0 40,1.0 42,1.0 43,6.0 44,6.0 49,6.0 76,2.0 81,2.0 82,2.0 91,1.0 92,1.0 
10,11.0 11,4.0 12,4.0 13,30.0 17,38.0 19,17.0 21,13.0 22,18.0 23,9.0 26,7.0 27,21.0 28,45.0 29,12.0 32,9.0 33,18.0 35,6.0 37,1.0 42,2.0 49,6.0 53,1.0 66,6.0 67,6.0 68,6.0 70,2.0 72,1.0 76,1.0 77,4.0 78,4.0 79,2.0 86,2.0 95,1.0 
0,4.0 1,2.0 2,4.0 3,4.0 4,4.0 
9,2.0 10,2.0 11,2.0 
10,2.0 11,2.0 13,16.0 14,41.0 18,9.0 19,12.0 21,6.0 22,12.0 23,1.0 24,3.0 25,12.0 26,12.0 27,27.0 28,30.0 29,9.0 31,3.0 32,2.0 37,1.0 49,6.0 66,3.0 67,6.0 72,3.0 75,3.0 
10,2.0 12,2.0 13,16.0 17,9.0 19,17.0 20,3.0 25,9.0 26,9.0 27,3.0 31,2.0 35,2.0 40,2.0 42,1.0 43,6.0 44,6.0 76,2.0 81,2.0 82,2.0 90,1.0 91,1.0 92,1.0 
9,12.0 10,9.0 12,6.0 13,8.0 14,17.0 17,12.0 18,17.0 20,3.0 21,4.0 22,6.0 25,12.0 26,10.0 27,3.0 30,12.0 31,17.0 32,1.0 33,16.0 35,2.0 40,2.0 42,3.0 53,5.0 70,2.0 72,1.0 76,1.0 77,6.0 78,4.0 79,2.0 81,2.0 82,2.0 85,2.0 86,4.0 87,2.0 90,1.0 95,1.0 
0,3.0 1,3.0 2,3.0 10,2.0 15,2.0 27,1.0 40,1.0 42,1.0 90,1.0 
10,6.0 11,2.0 14,16.0 17,12.0 19,4.0 22,9.0 27,12.0 28,12.0 29,9.0 72,3.0 
13,2.0 14,4.0 17,1.0 19,4.0 23,16.0 27,1.0 31,2.0 33,4.0 37,4.0 39,3.0 54,3.0 55,3.0 56,3.0 69,3.0 72,3.0 73,3.0 74,1.0 76,1.0 
9,12.0 13,12.0 14,12.0 17,18.0 18,9.0 19,21.0 23,9.0 24,18.0 25,9.0 27,3.0 28,9.0 30,12.0 33,1.0 74,3.0 75,3.0 86,1.0 93,1.0 
14,3.0 17,12.0 18,9.0 19,9.0 23,9.0 25,9.0 26,3.0 28,3.0 66,3.0 67,3.0 
17,12.0 18,9.0 19,12.0 26,9.0 31,3.0 
14,13.0 17,12.0 19,1.0 24,3.0 27,9.0 28,12.0 33,1.0 39,6.0 66,9.0 67,9.0 68,6.0 69,6.0 86,1.0 95,1.0 
0,1.0 1,1.0 2,1.0 13,5.0 14,21.0 17,27.0 18,5.0 19,4.0 20,2.0 22,12.0 27,1.0 28,27.0 29,9.0 40,5.0 42,2.0 67,3.0 72,3.0 75,3.0 90,4.0 
13,12.0 14,45.0 17,27.0 21,3.0 22,12.0 23,3.0 26,6.0 27,27.0 29,12.0 32,6.0 35,6.0 66,6.0 67,9.0 68,6.0 72,3.0 75,3.0 
10,7.0 13,6.0 14,7.0 17,6.0 19,1.0 21,12.0 22,3.0 33,5.0 53,5.0 72,3.0 102,1.0 103,1.0 104,1.0 105,1.0 106,1.0 
9,12.0 19,12.0 31,12.0 
10,1.0 13,1.0 14,1.0 17,1.0 19,1.0 22,1.0 23,3.0 32,14.0 33,1.0 35,2.0 37,2.0 66,1.0 86,1.0 
10,8.0 22,1.0 23,6.0 31,1.0 32,6.0 33,12.0 34,12.0 35,12.0 37,2.0 41,12.0 72,1.0 83,1.0 
10,8.0 12,2.0 13,1.0 14,23.0 19,21.0 21,4.0 22,1.0 23,6.0 26,1.0 32,1.0 34,12.0 35,12.0 36,6.0 42,2.0 45,6.0 53,7.0 70,2.0 72,1.0 76,1.0 77,6.0 78,4.0 79,2.0 85,2.0 86,6.0 87,2.0 95,1.0 
33,12.0 35,12.0 36,6.0 45,6.0 
23,6.0 31,2.0 32,2.0 33,12.0 34,12.0 36,6.0 37,2.0 45,6.0 86,1.0 96,1.0 97,1.0 
19,2.0 33,2.0 37,6.0 46,2.0 86,2.0 
10,2.0 14,4.0 19,4.0 22,4.0 32,2.0 33,4.0 35,1.0 37,6.0 38,12.0 39,6.0 
37,6.0 39,6.0 48,6.0 
32,6.0 40,6.0 54,9.0 55,9.0 56,6.0 69,9.0 70,3.0 73,3.0 
0,1.0 1,1.0 2,1.0 12,2.0 13,6.0 14,6.0 19,2.0 20,1.0 27,1.0 28,6.0 35,1.0 42,1.0 90,3.0 
10,6.0 32,6.0 53,1.0 
0,1.0 1,1.0 2,1.0 12,2.0 13,8.0 18,8.0 19,2.0 20,1.0 27,3.0 40,1.0 90,1.0 
14,6.0 33,6.0 44,6.0 
14,6.0 33,6.0 43,6.0 53,1.0 
46,6.0 
19,2.0 33,2.0 36,2.0 47,6.0 86,2.0 
38,6.0 
39,6.0 
50,6.0 
51,6.0 
52,6.0 
10,6.0 29,6.0 
10,5.0 13,3.0 14,7.0 17,1.0 18,2.0 19,8.0 21,4.0 22,1.0 33,8.0 77,2.0 85,2.0 
55,12.0 56,9.0 57,12.0 58,12.0 59,12.0 70,3.0 
54,12.0 56,9.0 57,12.0 58,12.0 59,12.0 70,3.0 
54,9.0 55,9.0 57,9.0 58,9.0 59,9.0 70,3.0 
58,12.0 59,12.0 60,12.0 61,12.0 62,12.0 71,3.0 
57,12.0 59,12.0 60,12.0 61,12.0 62,12.0 71,3.0 
57,12.0 58,12.0 60,12.0 61,12.0 62,12.0 71,3.0 
61,12.0 62,12.0 63,12.0 64,12.0 65,12.0 71,3.0 
60,12.0 62,12.0 63,12.0 64,12.0 65,12.0 71,3.0 
60,12.0 61,12.0 63,12.0 64,12.0 65,12.0 71,3.0 
17,3.0 24,3.0 26,3.0 64,12.0 65,12.0 66,9.0 67,12.0 
17,3.0 24,3.0 26,3.0 63,12.0 65,12.0 66,9.0 67,12.0 
17,3.0 24,3.0 26,3.0 63,12.0 64,12.0 66,9.0 67,12.0 
13,2.0 14,11.0 17,5.0 24,3.0 26,9.0 28,9.0 39,6.0 67,15.0 68,6.0 69,6.0 
14,12.0 17,6.0 24,3.0 26,9.0 27,3.0 28,15.0 39,6.0 66,15.0 68,6.0 69,6.0 
26,6.0 39,6.0 66,6.0 67,6.0 69,6.0 
39,9.0 54,9.0 55,9.0 56,6.0 70,3.0 73,3.0 
54,3.0 55,3.0 56,3.0 57,3.0 58,3.0 59,3.0 79,2.0 80,2.0 
60,3.0 61,3.0 62,3.0 63,3.0 64,3.0 65,3.0 
21,3.0 22,4.0 32,1.0 39,3.0 69,3.0 73,3.0 
39,3.0 54,3.0 55,3.0 69,3.0 
12,3.0 33,1.0 86,1.0 
17,3.0 27,3.0 28,3.0 67,3.0 
10,4.0 
22,4.0 36,2.0 37,4.0 46,2.0 78,4.0 85,2.0 
22,4.0 37,4.0 77,4.0 
70,2.0 80,2.0 
27,2.0 
82,2.0 83,2.0 84,2.0 
81,2.0 83,2.0 84,2.0 
13,2.0 18,2.0 19,2.0 66,1.0 84,2.0 
13,2.0 18,2.0 19,2.0 83,2.0 
36,2.0 46,2.0 77,2.0 
10,4.0 12,1.0 13,1.0 14,3.0 19,5.0 33,6.0 42,1.0 76,1.0 87,2.0 
88,2.0 89,2.0 
27,2.0 89,2.0 
27,2.0 88,2.0 
0,1.0 1,1.0 2,1.0 12,2.0 19,2.0 20,1.0 27,1.0 40,3.0 42,1.0 
22,1.0 31,1.0 92,1.0 
22,1.0 31,1.0 91,1.0 
94,1.0 
41,1.0 
14,1.0 19,1.0 26,1.0 33,1.0 86,1.0 
97,1.0 98,1.0 99,1.0 100,1.0 101,1.0 
96,1.0 98,1.0 99,1.0 100,1.0 101,1.0 
22,1.0 99,1.0 100,1.0 101,1.0 
22,1.0 98,1.0 100,1.0 101,1.0 
22,1.0 98,1.0 99,1.0 101,1.0 
22,1.0 98,1.0 99,1.0 100,1.0 
103,1.0 104,1.0 105,1.0 106,1.0 
102,1.0 104,1.0 105,1.0 106,1.0 
102,1.0 103,1.0 105,1.0 106,1.0 
102,1.0 103,1.0 104,1.0 106,1.0 
102,1.0 103,1.0 104,1.0 105,1.0 
