1,2.0 8,8.0 9,8.0 14,6.0 46,1.0 47,1.0 
2,2.0 8,1.0 9,1.0 
3,2.0 10,2.0 12,3.0 35,2.0 67,2.0 68,2.0 
4,2.0 9,3.0 19,3.0 43,3.0 62,1.0 
5,23.0 46,4.0 47,4.0 51,4.0 
2,2.0 6,6.0 10,2.0 14,18.0 29,3.0 48,2.0 
7,6.0 
8,24.0 9,24.0 33,3.0 34,3.0 
0,1.0 1,1.0 2,1.0 4,6.0 7,12.0 9,51.0 10,12.0 16,12.0 23,6.0 25,2.0 26,2.0 27,2.0 46,1.0 82,1.0 
0,1.0 1,1.0 2,1.0 3,1.0 4,23.0 7,12.0 8,51.0 10,12.0 13,14.0 14,35.0 15,12.0 16,14.0 19,27.0 20,12.0 21,6.0 23,12.0 26,1.0 32,1.0 43,3.0 46,3.0 47,10.0 50,15.0 75,1.0 82,1.0 
2,2.0 9,12.0 11,36.0 13,12.0 35,2.0 
10,24.0 12,12.0 
10,12.0 31,3.0 
4,12.0 9,14.0 32,1.0 47,1.0 77,1.0 78,1.0 
0,2.0 3,1.0 4,2.0 7,6.0 8,1.0 9,36.0 15,24.0 16,2.0 18,12.0 23,6.0 25,3.0 26,3.0 32,1.0 43,4.0 44,1.0 45,1.0 46,2.0 47,11.0 50,17.0 75,1.0 78,5.0 80,3.0 81,1.0 82,1.0 
8,12.0 9,17.0 14,7.0 19,2.0 33,1.0 50,12.0 80,1.0 81,1.0 
17,14.0 
14,12.0 18,2.0 38,2.0 
9,12.0 13,1.0 14,2.0 19,13.0 38,2.0 68,2.0 73,2.0 77,1.0 80,2.0 
4,3.0 9,30.0 13,3.0 14,7.0 15,2.0 18,1.0 20,12.0 21,6.0 23,6.0 33,2.0 41,2.0 43,7.0 77,1.0 79,3.0 80,1.0 81,1.0 
9,12.0 19,12.0 21,36.0 
8,2.0 14,4.0 20,24.0 22,12.0 25,5.0 26,2.0 
20,12.0 
0,12.0 24,6.0 
8,6.0 9,6.0 52,4.0 53,8.0 54,4.0 66,4.0 
0,2.0 8,2.0 14,3.0 26,2.0 27,2.0 44,1.0 45,1.0 
8,2.0 9,1.0 14,3.0 25,2.0 27,2.0 50,3.0 
28,3.0 
5,3.0 
30,6.0 
31,9.0 
7,3.0 32,6.0 33,3.0 34,3.0 
19,2.0 33,6.0 34,6.0 79,2.0 
9,1.0 14,3.0 19,2.0 34,12.0 35,6.0 40,3.0 42,3.0 43,2.0 50,1.0 71,2.0 74,2.0 
2,3.0 29,3.0 33,12.0 35,6.0 38,6.0 39,3.0 40,3.0 41,3.0 42,3.0 
34,6.0 36,18.0 38,6.0 59,2.0 60,2.0 
35,12.0 37,6.0 
35,6.0 
14,2.0 18,2.0 29,3.0 34,6.0 39,3.0 80,2.0 
30,3.0 
34,3.0 41,3.0 
2,3.0 14,2.0 19,2.0 34,3.0 43,2.0 
3,3.0 
4,3.0 9,3.0 14,4.0 19,3.0 47,2.0 78,2.0 
27,1.0 45,1.0 
27,1.0 44,1.0 
0,1.0 8,1.0 9,1.0 24,4.0 47,4.0 51,4.0 52,4.0 65,4.0 
4,4.0 46,8.0 48,12.0 51,4.0 61,2.0 65,4.0 72,1.0 
2,2.0 5,2.0 10,2.0 49,12.0 50,10.0 
9,10.0 14,12.0 26,3.0 47,2.0 50,10.0 61,2.0 64,2.0 
3,1.0 4,2.0 9,32.0 14,34.0 26,3.0 33,1.0 46,2.0 47,4.0 49,10.0 
24,4.0 46,4.0 52,4.0 
24,4.0 53,4.0 54,4.0 
24,4.0 54,4.0 55,4.0 56,4.0 66,4.0 
53,4.0 55,4.0 56,4.0 
56,4.0 57,4.0 58,4.0 
55,4.0 57,4.0 58,4.0 
5,2.0 48,2.0 58,4.0 62,2.0 63,2.0 
5,2.0 48,2.0 57,4.0 62,2.0 63,2.0 
60,2.0 61,2.0 63,2.0 71,2.0 
59,2.0 61,2.0 
4,2.0 47,4.0 48,2.0 
5,1.0 49,2.0 63,2.0 64,2.0 
49,2.0 59,2.0 62,2.0 64,2.0 71,2.0 
47,2.0 49,2.0 61,2.0 
24,4.0 53,4.0 
2,2.0 18,2.0 67,2.0 73,2.0 
2,2.0 68,2.0 
33,2.0 69,2.0 70,2.0 74,2.0 
59,2.0 63,2.0 70,2.0 
59,2.0 63,2.0 69,2.0 
47,1.0 72,4.0 75,1.0 
46,2.0 47,3.0 48,1.0 75,1.0 76,1.0 
18,2.0 68,2.0 
33,2.0 71,2.0 
72,1.0 76,2.0 
15,1.0 18,1.0 19,2.0 
13,1.0 78,1.0 
15,1.0 19,6.0 33,2.0 41,2.0 79,1.0 
9,3.0 13,2.0 14,1.0 19,3.0 
14,3.0 78,3.0 
14,1.0 32,1.0 
8,1.0 9,1.0 
