0,2.0 1,18.0 2,22.0 3,6.0 4,4.0 5,6.0 7,4.0 12,2.0 13,6.0 17,2.0 19,2.0 21,2.0 22,3.0 26,7.0 30,1.0 32,2.0 47,12.0 48,3.0 52,6.0 53,1.0 55,2.0 79,2.0 84,2.0 85,2.0 88,1.0 89,1.0 102,1.0 
0,12.0 1,7.0 2,50.0 3,2.0 6,1.0 10,2.0 26,21.0 47,27.0 48,6.0 49,3.0 50,3.0 52,6.0 58,4.0 59,2.0 60,4.0 61,4.0 89,1.0 95,1.0 
0,20.0 1,48.0 2,7.0 3,30.0 4,16.0 5,4.0 6,3.0 7,6.0 10,4.0 11,2.0 13,2.0 15,2.0 20,2.0 21,2.0 22,2.0 26,21.0 33,8.0 40,3.0 45,3.0 47,27.0 48,6.0 49,3.0 50,9.0 52,6.0 58,12.0 59,2.0 60,6.0 61,4.0 65,6.0 66,6.0 67,6.0 89,1.0 95,1.0 114,1.0 115,1.0 
0,18.0 1,2.0 2,32.0 4,4.0 5,4.0 6,2.0 7,6.0 10,2.0 11,2.0 13,2.0 15,2.0 20,2.0 21,8.0 22,2.0 26,2.0 50,4.0 71,2.0 
2,16.0 3,4.0 5,4.0 33,8.0 40,3.0 45,3.0 58,2.0 60,2.0 114,1.0 115,1.0 
0,4.0 2,6.0 3,6.0 6,4.0 19,2.0 
1,1.0 2,1.0 7,4.0 12,2.0 18,2.0 26,1.0 79,2.0 84,2.0 85,2.0 
0,5.0 2,4.0 3,4.0 8,4.0 9,4.0 15,2.0 20,2.0 96,1.0 97,1.0 
9,8.0 10,2.0 13,4.0 15,2.0 
8,8.0 10,2.0 13,4.0 15,2.0 
0,4.0 57,6.0 
6,2.0 
2,2.0 3,2.0 8,2.0 9,2.0 
2,6.0 3,6.0 14,6.0 
0,6.0 
16,4.0 20,4.0 
0,2.0 17,2.0 20,4.0 
2,4.0 3,4.0 20,2.0 
8,2.0 9,2.0 
2,2.0 3,2.0 5,2.0 
2,2.0 3,2.0 15,2.0 16,4.0 17,4.0 20,4.0 
0,4.0 1,6.0 2,8.0 3,2.0 25,24.0 26,24.0 27,5.0 28,5.0 36,5.0 37,6.0 47,6.0 50,3.0 72,1.0 96,5.0 97,5.0 98,2.0 99,1.0 100,1.0 105,1.0 106,1.0 
21,5.0 23,10.0 25,5.0 26,5.0 89,1.0 
24,10.0 
21,5.0 25,5.0 26,5.0 35,5.0 60,1.0 104,1.0 
21,24.0 26,24.0 27,5.0 28,5.0 36,5.0 37,6.0 72,1.0 105,1.0 106,1.0 
0,3.0 1,21.0 2,21.0 6,1.0 10,4.0 21,26.0 22,7.0 25,24.0 26,1.0 27,5.0 28,5.0 30,5.0 31,6.0 32,23.0 33,24.0 34,5.0 36,5.0 37,6.0 40,6.0 41,6.0 42,2.0 53,1.0 55,5.0 56,2.0 58,4.0 59,2.0 60,4.0 61,4.0 63,6.0 72,1.0 74,1.0 88,1.0 89,2.0 91,4.0 92,4.0 93,1.0 95,1.0 96,4.0 97,4.0 100,2.0 102,1.0 105,1.0 106,1.0 108,1.0 109,1.0 
22,5.0 
29,5.0 
21,1.0 25,1.0 26,7.0 30,5.0 32,6.0 33,6.0 40,6.0 
0,1.0 21,2.0 26,5.0 29,6.0 31,5.0 33,1.0 36,1.0 39,6.0 53,1.0 88,1.0 89,1.0 94,1.0 96,4.0 97,4.0 100,2.0 107,1.0 
2,2.0 4,2.0 26,5.0 32,5.0 33,5.0 64,6.0 
0,2.0 10,2.0 22,6.0 26,23.0 33,19.0 34,5.0 40,6.0 41,6.0 55,5.0 56,2.0 74,1.0 102,1.0 108,1.0 109,1.0 
0,1.0 2,8.0 4,8.0 21,1.0 22,6.0 26,25.0 30,2.0 32,19.0 34,5.0 40,9.0 41,6.0 42,2.0 45,3.0 55,1.0 63,8.0 73,1.0 74,1.0 75,3.0 76,1.0 77,2.0 88,1.0 91,4.0 92,4.0 93,1.0 96,1.0 97,1.0 108,1.0 109,1.0 114,1.0 115,1.0 
26,5.0 32,5.0 33,6.0 63,1.0 81,1.0 
21,5.0 25,5.0 26,5.0 
21,5.0 25,5.0 26,6.0 33,1.0 91,1.0 92,1.0 94,1.0 
38,6.0 
30,6.0 39,6.0 
29,6.0 30,6.0 
26,6.0 32,6.0 33,6.0 41,6.0 42,3.0 
42,5.0 112,1.0 
1,4.0 2,7.0 3,2.0 4,3.0 26,4.0 33,3.0 43,3.0 58,2.0 73,2.0 75,2.0 
44,3.0 
2,3.0 4,3.0 31,2.0 33,3.0 107,1.0 
46,3.0 
3,3.0 
0,12.0 1,27.0 2,27.0 47,6.0 48,6.0 49,3.0 50,3.0 52,6.0 
1,3.0 2,3.0 47,3.0 49,24.0 
1,3.0 2,3.0 47,3.0 48,18.0 50,3.0 83,1.0 86,1.0 
10,2.0 51,6.0 58,4.0 68,2.0 72,2.0 74,3.0 78,2.0 99,1.0 
3,6.0 
22,2.0 53,6.0 72,4.0 
54,5.0 89,1.0 90,1.0 117,1.0 118,1.0 119,1.0 120,1.0 
0,2.0 26,5.0 32,5.0 33,1.0 55,5.0 56,2.0 
0,2.0 10,2.0 22,1.0 26,5.0 32,5.0 33,1.0 56,2.0 74,1.0 102,1.0 
10,2.0 26,2.0 32,2.0 55,2.0 
3,8.0 71,2.0 
1,4.0 2,10.0 3,2.0 26,4.0 42,6.0 50,6.0 65,6.0 66,6.0 67,6.0 
57,2.0 
1,4.0 2,6.0 4,2.0 21,1.0 25,1.0 26,5.0 
62,4.0 
26,4.0 63,4.0 
0,2.0 26,7.0 30,1.0 31,6.0 33,5.0 63,1.0 73,1.0 74,1.0 75,3.0 76,1.0 77,2.0 79,7.0 80,1.0 82,1.0 84,3.0 85,3.0 88,1.0 
2,6.0 58,6.0 65,6.0 66,6.0 67,6.0 
2,6.0 50,6.0 58,6.0 66,6.0 67,6.0 
2,6.0 50,6.0 58,6.0 65,6.0 67,6.0 
2,6.0 50,6.0 58,6.0 65,6.0 66,6.0 
69,2.0 
70,2.0 
26,2.0 63,2.0 
0,2.0 3,2.0 
29,1.0 52,6.0 
44,2.0 74,1.0 
33,2.0 42,2.0 63,2.0 91,4.0 
0,1.0 33,1.0 34,1.0 63,4.0 79,2.0 81,1.0 84,3.0 85,3.0 
74,1.0 
50,2.0 
63,2.0 79,2.0 
0,1.0 6,2.0 49,1.0 63,5.0 74,1.0 79,1.0 80,1.0 82,1.0 84,5.0 85,5.0 86,3.0 
63,1.0 79,1.0 
33,1.0 34,1.0 63,1.0 
83,1.0 
33,4.0 63,1.0 
0,2.0 6,4.0 79,6.0 84,2.0 85,8.0 
0,2.0 6,4.0 79,6.0 84,8.0 85,2.0 
49,1.0 83,2.0 87,1.0 
83,1.0 
0,1.0 26,1.0 30,1.0 53,1.0 89,1.0 
26,2.0 33,2.0 53,1.0 90,2.0 91,2.0 92,2.0 
26,1.0 30,1.0 33,1.0 91,1.0 92,1.0 
22,1.0 26,8.0 30,4.0 33,5.0 42,2.0 92,4.0 93,1.0 
22,1.0 26,4.0 33,4.0 42,2.0 91,4.0 93,1.0 
89,1.0 
26,1.0 33,1.0 36,1.0 91,1.0 92,1.0 
74,1.0 
0,1.0 7,1.0 21,6.0 96,2.0 97,10.0 98,4.0 100,3.0 101,1.0 
0,1.0 7,1.0 21,6.0 96,10.0 97,2.0 98,4.0 100,3.0 101,1.0 
21,2.0 96,2.0 97,2.0 
50,1.0 74,1.0 
21,2.0 96,3.0 97,3.0 101,1.0 
7,1.0 96,1.0 97,1.0 
30,1.0 103,1.0 
24,1.0 
21,1.0 25,1.0 26,1.0 
21,1.0 25,1.0 26,1.0 
102,1.0 
2,1.0 4,1.0 26,1.0 32,1.0 33,2.0 
26,1.0 32,1.0 33,1.0 
24,1.0 110,1.0 
111,1.0 
109,1.0 
113,1.0 
44,1.0 
2,1.0 4,1.0 33,1.0 
116,1.0 
3,1.0 
118,1.0 119,1.0 120,1.0 
117,1.0 119,1.0 120,1.0 
117,1.0 118,1.0 120,1.0 
117,1.0 118,1.0 119,1.0 
