1,6.0 10,1.0 35,12.0 81,2.0 
2,4.0 3,2.0 10,5.0 
3,4.0 4,12.0 5,12.0 6,12.0 13,2.0 36,14.0 49,4.0 51,2.0 53,2.0 54,2.0 
4,12.0 5,6.0 6,6.0 13,6.0 16,6.0 22,6.0 23,6.0 24,6.0 
3,6.0 5,36.0 6,60.0 7,6.0 8,6.0 13,6.0 15,6.0 16,12.0 22,6.0 23,6.0 24,6.0 30,12.0 31,6.0 32,12.0 33,6.0 38,12.0 39,6.0 
4,36.0 6,36.0 7,6.0 8,6.0 15,6.0 30,12.0 31,6.0 32,6.0 
0,12.0 4,60.0 5,36.0 7,6.0 8,8.0 10,2.0 12,59.0 13,59.0 14,6.0 15,6.0 16,12.0 25,6.0 27,6.0 28,6.0 30,12.0 31,6.0 32,12.0 33,6.0 34,12.0 38,14.0 39,6.0 41,6.0 42,6.0 45,2.0 46,3.0 47,1.0 68,2.0 69,2.0 
4,6.0 5,6.0 6,6.0 
9,6.0 48,2.0 74,4.0 77,4.0 
4,6.0 6,6.0 10,6.0 38,6.0 
6,20.0 11,6.0 12,20.0 13,20.0 15,2.0 16,6.0 20,6.0 45,5.0 82,1.0 83,1.0 84,1.0 85,1.0 86,1.0 
6,6.0 12,6.0 13,6.0 
0,12.0 6,59.0 8,2.0 10,2.0 13,59.0 14,6.0 16,6.0 25,6.0 27,6.0 28,6.0 34,12.0 41,6.0 42,6.0 45,2.0 46,3.0 47,1.0 
0,12.0 3,6.0 4,6.0 6,59.0 8,2.0 10,2.0 12,59.0 14,6.0 15,2.0 16,12.0 22,6.0 23,6.0 24,6.0 25,6.0 27,6.0 28,6.0 34,12.0 36,2.0 41,6.0 42,6.0 45,2.0 46,3.0 47,1.0 54,6.0 57,2.0 64,2.0 65,2.0 66,2.0 
4,6.0 6,6.0 15,6.0 
10,6.0 32,4.0 37,14.0 38,6.0 50,4.0 58,2.0 
6,6.0 12,6.0 13,6.0 17,6.0 23,2.0 24,6.0 25,6.0 29,6.0 37,6.0 58,2.0 
2,2.0 18,6.0 19,6.0 
19,6.0 20,6.0 
18,6.0 20,6.0 
21,30.0 
3,6.0 4,6.0 13,6.0 20,18.0 22,6.0 23,6.0 26,6.0 
3,6.0 4,6.0 13,6.0 16,6.0 23,6.0 24,6.0 
3,6.0 4,6.0 13,6.0 16,6.0 22,6.0 24,6.0 41,2.0 59,2.0 60,2.0 
4,6.0 6,6.0 16,6.0 25,6.0 38,6.0 
26,12.0 
2,6.0 10,6.0 16,6.0 
4,6.0 6,12.0 12,6.0 13,6.0 28,6.0 
6,6.0 12,6.0 13,6.0 27,6.0 
2,6.0 
4,6.0 5,6.0 6,6.0 31,12.0 43,6.0 
4,12.0 5,12.0 6,12.0 30,6.0 43,6.0 
0,1.0 1,5.0 2,4.0 13,2.0 33,6.0 36,2.0 38,2.0 49,2.0 50,2.0 54,2.0 58,2.0 62,2.0 63,2.0 
2,2.0 9,6.0 10,6.0 
6,12.0 12,12.0 13,12.0 70,2.0 71,2.0 
2,12.0 
14,6.0 32,6.0 44,6.0 62,2.0 63,2.0 70,8.0 71,8.0 
10,6.0 24,6.0 38,2.0 50,2.0 70,8.0 71,8.0 
4,12.0 6,14.0 16,2.0 32,6.0 39,6.0 49,2.0 50,12.0 51,4.0 52,2.0 55,4.0 58,2.0 68,2.0 69,2.0 
40,6.0 
10,6.0 
6,6.0 12,6.0 13,6.0 42,6.0 59,2.0 60,2.0 61,8.0 
6,6.0 12,6.0 13,6.0 41,6.0 
4,6.0 5,6.0 6,6.0 27,6.0 31,6.0 
43,6.0 
6,5.0 10,2.0 12,5.0 13,5.0 46,3.0 
6,3.0 8,2.0 12,3.0 13,3.0 47,1.0 
0,1.0 65,2.0 
33,2.0 70,4.0 71,4.0 
2,2.0 38,4.0 50,4.0 51,2.0 58,2.0 
16,2.0 38,12.0 49,2.0 51,4.0 52,2.0 55,2.0 58,2.0 
15,6.0 37,2.0 
17,2.0 
13,2.0 54,2.0 
13,6.0 15,2.0 36,2.0 57,2.0 
2,2.0 13,2.0 56,4.0 64,2.0 65,2.0 
55,4.0 
32,2.0 
15,2.0 16,2.0 23,2.0 32,2.0 49,2.0 51,2.0 
41,2.0 60,2.0 61,2.0 
41,2.0 59,2.0 61,2.0 
15,2.0 41,6.0 58,2.0 
32,2.0 36,2.0 63,2.0 
32,2.0 36,2.0 62,2.0 
13,2.0 65,2.0 66,2.0 
0,2.0 13,2.0 64,2.0 66,2.0 81,2.0 
67,2.0 
6,2.0 38,2.0 68,2.0 
0,2.0 6,2.0 38,2.0 69,2.0 
68,2.0 
8,8.0 15,6.0 34,2.0 70,2.0 71,44.0 72,8.0 73,8.0 75,4.0 78,4.0 80,2.0 
8,8.0 15,6.0 34,2.0 70,44.0 71,2.0 72,8.0 73,8.0 75,4.0 78,4.0 
70,8.0 71,8.0 
36,8.0 
70,4.0 71,4.0 
76,4.0 
48,4.0 
70,4.0 71,4.0 
70,4.0 71,2.0 79,4.0 
78,4.0 
47,2.0 
0,2.0 1,2.0 
83,1.0 84,1.0 85,1.0 86,1.0 
82,1.0 84,1.0 85,1.0 86,1.0 
82,1.0 83,1.0 85,1.0 86,1.0 
82,1.0 83,1.0 84,1.0 86,1.0 
82,1.0 83,1.0 84,1.0 85,1.0 
