1,6.0 5,8.0 8,8.0 10,8.0 11,8.0 38,3.0 53,1.0 79,1.0 123,1.0 
2,6.0 
3,6.0 4,6.0 5,6.0 6,6.0 42,3.0 
0,8.0 3,18.0 4,24.0 5,48.0 6,12.0 7,16.0 8,24.0 9,16.0 10,8.0 15,6.0 50,2.0 60,2.0 63,4.0 64,2.0 
3,32.0 4,10.0 5,44.0 6,8.0 7,16.0 8,13.0 9,8.0 15,16.0 16,16.0 17,8.0 18,8.0 19,5.0 20,10.0 22,5.0 26,3.0 39,3.0 40,12.0 
0,16.0 3,40.0 4,29.0 5,29.0 6,8.0 7,16.0 8,42.0 9,16.0 10,16.0 11,8.0 20,5.0 22,10.0 25,5.0 40,15.0 
3,18.0 4,16.0 5,16.0 7,8.0 15,2.0 34,2.0 46,5.0 47,4.0 48,5.0 50,2.0 54,2.0 59,2.0 61,12.0 63,2.0 64,2.0 75,6.0 
3,16.0 4,8.0 5,16.0 8,8.0 9,8.0 
0,16.0 3,8.0 5,29.0 6,2.0 8,10.0 9,8.0 10,16.0 11,8.0 15,6.0 22,5.0 25,5.0 34,2.0 40,5.0 50,2.0 55,8.0 56,2.0 57,4.0 58,2.0 59,4.0 60,2.0 
0,8.0 3,8.0 5,16.0 8,16.0 10,8.0 
0,8.0 5,8.0 8,8.0 11,8.0 19,3.0 
12,8.0 13,8.0 
11,8.0 
14,8.0 72,6.0 77,9.0 99,10.0 100,6.0 122,2.0 
4,8.0 8,2.0 15,10.0 16,8.0 17,8.0 55,2.0 56,4.0 117,2.0 
3,6.0 4,18.0 5,2.0 6,4.0 8,6.0 15,4.0 16,16.0 17,8.0 18,8.0 19,5.0 20,5.0 26,3.0 39,3.0 40,2.0 50,2.0 55,6.0 56,2.0 57,4.0 58,2.0 60,2.0 63,4.0 64,2.0 
4,18.0 5,2.0 15,16.0 17,8.0 18,8.0 19,5.0 20,5.0 26,3.0 27,5.0 39,3.0 40,2.0 45,10.0 50,10.0 51,5.0 
4,8.0 15,8.0 16,8.0 18,8.0 28,4.0 119,2.0 
4,8.0 15,8.0 16,8.0 19,5.0 24,2.0 26,3.0 31,2.0 43,2.0 45,2.0 73,2.0 75,2.0 
4,7.0 5,2.0 15,5.0 16,5.0 20,5.0 24,9.0 30,3.0 31,3.0 33,6.0 34,3.0 40,2.0 85,9.0 
4,5.0 5,10.0 8,5.0 21,3.0 22,5.0 40,10.0 
22,3.0 23,4.0 24,7.0 29,3.0 30,3.0 31,3.0 52,5.0 53,1.0 68,1.0 76,1.0 83,9.0 84,9.0 98,2.0 124,1.0 
5,5.0 8,5.0 23,3.0 24,3.0 25,8.0 35,2.0 36,2.0 40,5.0 68,2.0 
3,2.0 15,2.0 21,4.0 24,10.0 25,3.0 26,3.0 28,8.0 35,10.0 43,10.0 44,5.0 50,2.0 52,3.0 53,1.0 57,2.0 60,2.0 61,4.0 62,4.0 124,1.0 
21,4.0 23,10.0 25,3.0 26,3.0 28,3.0 30,6.0 31,10.0 32,3.0 37,3.0 45,2.0 52,3.0 53,1.0 72,2.0 73,2.0 74,2.0 86,3.0 90,6.0 91,6.0 124,1.0 
23,3.0 24,3.0 26,3.0 27,3.0 41,5.0 42,5.0 88,6.0 108,6.0 109,6.0 111,6.0 
4,3.0 15,3.0 16,3.0 25,3.0 39,3.0 87,6.0 110,6.0 
16,5.0 23,3.0 24,3.0 45,5.0 50,5.0 
21,3.0 23,5.0 29,3.0 35,5.0 43,5.0 116,2.0 120,2.0 
21,3.0 24,3.0 30,3.0 31,3.0 36,2.0 45,2.0 46,12.0 53,2.0 54,2.0 62,2.0 80,6.0 
24,9.0 30,3.0 31,12.0 32,3.0 33,6.0 35,3.0 36,3.0 37,3.0 
22,2.0 24,10.0 30,9.0 32,3.0 33,3.0 35,3.0 37,3.0 45,2.0 46,2.0 51,4.0 65,4.0 66,2.0 67,2.0 68,2.0 72,2.0 73,2.0 74,2.0 
19,3.0 33,3.0 117,2.0 
19,3.0 24,3.0 30,9.0 31,6.0 34,3.0 35,3.0 36,3.0 
6,2.0 10,3.0 50,2.0 54,2.0 59,2.0 
23,10.0 28,5.0 29,2.0 30,3.0 33,3.0 36,7.0 43,10.0 44,5.0 62,2.0 68,2.0 69,2.0 
13,2.0 24,3.0 29,2.0 30,6.0 31,3.0 33,3.0 35,4.0 45,2.0 62,4.0 68,2.0 69,2.0 70,2.0 72,2.0 99,2.0 115,2.0 
0,3.0 38,3.0 
0,3.0 1,3.0 21,11.0 45,6.0 52,1.0 98,1.0 
4,3.0 5,3.0 20,3.0 40,3.0 
4,5.0 5,15.0 8,10.0 20,5.0 22,10.0 25,5.0 40,5.0 
25,5.0 
23,5.0 35,5.0 43,5.0 68,5.0 78,1.0 79,1.0 
3,2.0 4,2.0 5,2.0 6,2.0 23,10.0 28,5.0 35,10.0 44,5.0 45,2.0 75,2.0 
45,5.0 
3,2.0 4,2.0 5,2.0 6,7.0 16,5.0 21,10.0 23,4.0 24,6.0 27,5.0 31,2.0 36,2.0 38,6.0 43,2.0 46,5.0 47,4.0 50,5.0 51,1.0 62,2.0 70,2.0 72,2.0 73,1.0 75,2.0 
6,5.0 29,6.0 31,2.0 47,4.0 48,5.0 65,2.0 66,2.0 80,12.0 
6,4.0 46,4.0 48,4.0 
49,5.0 
16,5.0 50,5.0 51,5.0 
3,4.0 6,4.0 15,4.0 16,10.0 27,5.0 34,2.0 45,10.0 51,5.0 54,2.0 59,2.0 60,2.0 63,2.0 
13,1.0 16,5.0 21,1.0 22,2.0 31,4.0 45,5.0 50,5.0 65,2.0 67,2.0 68,3.0 73,2.0 
0,2.0 29,2.0 53,3.0 68,2.0 79,1.0 98,3.0 123,1.0 
0,1.0 1,1.0 29,2.0 54,2.0 124,1.0 
14,4.0 
6,2.0 8,8.0 15,6.0 34,2.0 50,2.0 55,2.0 56,2.0 57,4.0 58,2.0 59,4.0 60,2.0 
8,4.0 15,4.0 23,2.0 55,4.0 57,2.0 61,2.0 62,2.0 
8,2.0 15,2.0 55,2.0 58,4.0 
8,2.0 23,2.0 55,2.0 59,2.0 60,2.0 61,2.0 62,2.0 
6,4.0 8,2.0 34,4.0 50,4.0 54,2.0 55,2.0 59,2.0 60,2.0 
3,4.0 6,4.0 8,2.0 15,4.0 34,2.0 50,4.0 55,2.0 59,4.0 63,2.0 
3,2.0 6,6.0 15,2.0 23,4.0 50,2.0 57,2.0 60,2.0 62,4.0 75,12.0 
3,2.0 15,2.0 23,4.0 29,2.0 35,2.0 36,4.0 45,2.0 50,2.0 57,2.0 60,2.0 61,4.0 70,2.0 
3,2.0 6,2.0 15,2.0 64,2.0 
31,2.0 46,2.0 65,2.0 
31,4.0 46,2.0 51,2.0 66,2.0 67,2.0 
31,2.0 51,2.0 65,2.0 
31,2.0 51,2.0 68,2.0 
6,11.0 13,2.0 21,1.0 22,2.0 31,2.0 35,2.0 36,2.0 51,2.0 61,6.0 69,2.0 72,2.0 76,1.0 99,2.0 
35,2.0 36,2.0 62,2.0 
71,2.0 
24,2.0 31,2.0 45,2.0 
13,6.0 18,2.0 77,6.0 99,6.0 100,6.0 
13,1.0 21,1.0 24,2.0 31,2.0 51,2.0 68,1.0 74,2.0 
18,2.0 
3,2.0 4,2.0 5,2.0 6,2.0 29,12.0 43,2.0 45,2.0 46,6.0 
51,1.0 73,1.0 
42,3.0 100,6.0 101,6.0 
6,1.0 79,1.0 
0,1.0 1,1.0 6,1.0 78,1.0 123,1.0 
81,3.0 87,3.0 92,6.0 93,6.0 
82,3.0 
38,3.0 45,3.0 
19,9.0 84,9.0 85,9.0 
19,9.0 83,9.0 85,9.0 
19,9.0 24,9.0 
2,3.0 
26,6.0 88,3.0 110,6.0 
25,6.0 89,3.0 111,6.0 
38,3.0 45,3.0 
68,3.0 90,6.0 91,21.0 96,3.0 
68,6.0 90,18.0 91,12.0 96,6.0 97,6.0 
93,12.0 94,6.0 
38,6.0 92,6.0 93,12.0 94,12.0 95,12.0 
93,12.0 95,6.0 
38,6.0 93,6.0 
91,6.0 97,3.0 
68,3.0 91,3.0 
0,1.0 52,3.0 68,2.0 79,1.0 123,1.0 
13,6.0 17,4.0 72,6.0 77,6.0 100,6.0 119,2.0 
77,6.0 101,6.0 
102,6.0 103,6.0 104,6.0 
103,20.0 104,10.0 105,10.0 106,10.0 
13,2.0 102,10.0 103,10.0 104,10.0 105,20.0 106,20.0 107,8.0 
102,10.0 103,20.0 105,10.0 106,10.0 
13,2.0 103,10.0 106,10.0 107,8.0 
13,2.0 103,10.0 105,10.0 107,8.0 
13,2.0 25,6.0 72,2.0 99,2.0 108,6.0 
25,6.0 109,6.0 
26,6.0 87,6.0 
25,6.0 88,6.0 
102,4.0 103,4.0 104,4.0 112,2.0 113,2.0 114,2.0 
113,2.0 114,2.0 115,2.0 
36,2.0 112,2.0 114,4.0 115,4.0 
36,2.0 112,2.0 113,4.0 115,4.0 
13,2.0 36,2.0 72,2.0 99,2.0 113,2.0 114,2.0 
32,2.0 
118,4.0 
13,4.0 122,2.0 
17,2.0 28,2.0 
121,2.0 
14,2.0 
13,2.0 77,2.0 
0,1.0 1,1.0 79,1.0 
53,1.0 
