0,1.0 1,19.0 2,11.0 3,1.0 4,1.0 5,1.0 22,2.0 29,6.0 30,11.0 31,4.0 39,4.0 40,4.0 41,4.0 83,4.0 92,8.0 93,2.0 99,2.0 106,4.0 114,2.0 115,3.0 118,8.0 124,2.0 126,4.0 127,4.0 133,10.0 141,5.0 143,3.0 
0,11.0 1,1.0 2,5.0 3,1.0 4,1.0 5,1.0 22,2.0 28,3.0 29,4.0 30,7.0 31,3.0 39,6.0 40,8.0 41,4.0 46,2.0 56,1.0 59,2.0 67,2.0 74,8.0 93,2.0 112,7.0 113,2.0 118,9.0 119,1.0 120,2.0 122,2.0 124,7.0 128,4.0 133,4.0 136,4.0 137,2.0 143,1.0 146,2.0 147,2.0 148,2.0 149,4.0 153,1.0 159,1.0 
0,11.0 1,5.0 2,1.0 3,1.0 4,1.0 5,1.0 22,2.0 29,1.0 40,4.0 41,4.0 82,4.0 99,2.0 107,4.0 112,1.0 114,2.0 115,2.0 153,1.0 
4,4.0 5,3.0 6,2.0 7,2.0 8,2.0 9,2.0 
3,4.0 5,3.0 6,2.0 7,2.0 8,2.0 9,2.0 
3,3.0 4,3.0 6,1.0 7,2.0 8,2.0 9,2.0 
7,1.0 8,1.0 9,1.0 34,4.0 35,4.0 46,1.0 170,1.0 
8,4.0 9,4.0 10,1.0 11,3.0 12,3.0 13,3.0 
7,4.0 9,4.0 10,1.0 11,3.0 12,3.0 13,3.0 
7,4.0 8,4.0 10,1.0 11,3.0 12,3.0 13,3.0 
11,1.0 12,1.0 13,1.0 21,4.0 36,4.0 37,4.0 
12,14.0 13,12.0 14,4.0 16,4.0 28,4.0 32,4.0 33,4.0 71,2.0 158,2.0 172,1.0 174,1.0 
11,14.0 13,11.0 14,4.0 16,4.0 23,4.0 24,4.0 25,4.0 28,3.0 32,4.0 33,4.0 71,2.0 166,2.0 172,1.0 174,1.0 
11,12.0 12,11.0 14,1.0 15,2.0 16,6.0 28,4.0 32,4.0 33,4.0 71,2.0 123,2.0 174,1.0 
15,1.0 16,5.0 17,1.0 52,4.0 69,3.0 80,4.0 81,4.0 110,3.0 
1,4.0 16,12.0 17,10.0 18,8.0 32,4.0 52,4.0 69,2.0 70,2.0 80,2.0 90,2.0 91,4.0 110,14.0 111,4.0 123,4.0 130,8.0 131,10.0 132,6.0 139,2.0 140,2.0 
6,4.0 15,12.0 17,8.0 18,10.0 32,4.0 33,4.0 34,4.0 52,8.0 53,8.0 54,8.0 69,1.0 74,1.0 80,4.0 81,8.0 82,4.0 91,1.0 123,6.0 131,2.0 132,2.0 134,2.0 139,2.0 142,3.0 157,1.0 
1,3.0 15,10.0 16,8.0 18,8.0 69,3.0 70,2.0 81,1.0 112,3.0 150,1.0 
19,4.0 20,4.0 21,4.0 26,4.0 93,2.0 
20,4.0 21,6.0 22,4.0 57,2.0 72,2.0 
1,2.0 7,1.0 8,1.0 9,1.0 19,4.0 21,5.0 22,4.0 118,2.0 119,1.0 148,2.0 
7,1.0 8,1.0 9,1.0 19,6.0 20,5.0 22,5.0 30,1.0 36,4.0 37,4.0 38,4.0 57,2.0 72,2.0 93,2.0 96,2.0 112,2.0 113,2.0 118,1.0 119,1.0 
0,1.0 3,2.0 4,2.0 5,2.0 12,4.0 23,4.0 24,4.0 30,1.0 115,1.0 118,1.0 
12,4.0 13,2.0 24,18.0 25,4.0 50,12.0 51,4.0 53,4.0 60,2.0 61,4.0 64,4.0 65,4.0 66,4.0 68,2.0 154,1.0 
12,4.0 15,2.0 16,2.0 23,18.0 25,4.0 50,12.0 51,4.0 53,4.0 60,2.0 64,4.0 65,4.0 66,4.0 68,2.0 131,2.0 
15,4.0 16,4.0 17,4.0 
27,4.0 
11,4.0 12,3.0 13,4.0 
1,4.0 11,1.0 20,1.0 21,1.0 29,5.0 30,4.0 56,1.0 101,4.0 102,4.0 113,1.0 118,1.0 119,1.0 120,1.0 141,1.0 168,1.0 175,1.0 
0,14.0 1,4.0 2,1.0 30,10.0 31,4.0 92,10.0 94,4.0 95,4.0 106,4.0 112,5.0 113,2.0 118,2.0 119,2.0 120,6.0 124,1.0 126,4.0 127,4.0 128,4.0 133,8.0 135,2.0 141,2.0 143,5.0 144,3.0 153,1.0 159,1.0 175,1.0 
0,1.0 1,3.0 20,1.0 22,1.0 28,1.0 29,8.0 31,4.0 50,2.0 112,1.0 115,1.0 116,2.0 118,1.0 124,1.0 125,4.0 126,4.0 127,4.0 141,1.0 155,1.0 175,1.0 
11,4.0 12,4.0 13,4.0 21,2.0 29,4.0 93,4.0 94,4.0 97,4.0 98,4.0 99,4.0 100,4.0 112,4.0 113,4.0 
6,4.0 15,4.0 16,4.0 33,4.0 34,4.0 80,2.0 90,2.0 91,4.0 106,4.0 
6,4.0 16,4.0 32,4.0 34,4.0 
6,4.0 35,4.0 
10,4.0 36,4.0 47,4.0 72,4.0 78,4.0 79,4.0 
21,4.0 35,4.0 37,4.0 38,4.0 47,4.0 78,4.0 79,4.0 162,1.0 169,1.0 
21,4.0 36,4.0 38,4.0 
1,4.0 23,4.0 39,4.0 40,4.0 88,4.0 89,4.0 108,4.0 163,1.0 
0,4.0 1,6.0 31,4.0 40,6.0 41,4.0 67,2.0 
0,4.0 1,8.0 2,4.0 31,4.0 39,6.0 41,8.0 67,2.0 74,2.0 92,4.0 93,4.0 
23,4.0 24,4.0 42,4.0 43,4.0 44,4.0 50,4.0 
43,4.0 44,4.0 45,4.0 
42,4.0 44,4.0 45,4.0 
42,4.0 43,4.0 45,4.0 
46,4.0 47,4.0 48,4.0 
15,2.0 47,4.0 48,4.0 49,4.0 130,2.0 131,2.0 137,2.0 170,1.0 171,1.0 
14,4.0 46,4.0 48,4.0 49,4.0 79,4.0 
17,1.0 46,4.0 47,4.0 49,4.0 69,1.0 72,1.0 81,1.0 
23,4.0 24,4.0 50,4.0 77,4.0 104,4.0 105,4.0 
23,12.0 24,12.0 51,4.0 53,4.0 59,4.0 60,4.0 61,4.0 64,4.0 65,4.0 66,4.0 103,2.0 
16,4.0 52,4.0 53,4.0 
1,4.0 2,4.0 15,4.0 16,8.0 40,2.0 53,8.0 54,8.0 107,4.0 110,4.0 111,4.0 
16,8.0 52,8.0 54,8.0 64,4.0 65,4.0 66,4.0 
55,4.0 56,4.0 57,4.0 62,4.0 
56,4.0 57,4.0 58,4.0 
1,2.0 29,2.0 55,4.0 57,4.0 58,4.0 112,2.0 113,4.0 119,3.0 124,1.0 
19,2.0 21,2.0 55,4.0 56,4.0 58,4.0 72,2.0 
50,4.0 59,4.0 60,4.0 
24,2.0 50,4.0 60,4.0 61,4.0 
23,2.0 24,2.0 50,4.0 59,4.0 61,4.0 68,2.0 
15,8.0 16,4.0 32,4.0 52,8.0 53,4.0 80,2.0 90,2.0 109,4.0 110,4.0 
63,4.0 102,1.0 151,1.0 
23,4.0 24,4.0 50,4.0 
0,4.0 1,2.0 2,4.0 39,2.0 40,6.0 67,2.0 
35,4.0 36,4.0 53,4.0 64,4.0 66,4.0 78,4.0 81,4.0 130,4.0 134,4.0 
53,4.0 64,4.0 65,4.0 
19,2.0 21,2.0 23,2.0 24,2.0 57,2.0 60,2.0 
15,2.0 17,2.0 69,2.0 
15,2.0 16,1.0 17,6.0 70,2.0 74,1.0 81,3.0 91,3.0 110,4.0 140,1.0 142,1.0 150,1.0 160,1.0 
0,2.0 1,4.0 2,2.0 
15,2.0 16,2.0 17,2.0 
14,4.0 17,1.0 48,1.0 69,1.0 73,2.0 81,1.0 
52,2.0 
16,1.0 69,1.0 75,8.0 110,1.0 140,1.0 157,1.0 160,1.0 
49,8.0 76,8.0 
75,8.0 
65,4.0 
35,4.0 36,4.0 47,4.0 79,4.0 
14,4.0 47,4.0 
15,2.0 16,4.0 32,2.0 81,4.0 82,4.0 91,2.0 
16,8.0 17,1.0 18,2.0 65,4.0 69,3.0 80,4.0 82,4.0 91,2.0 110,1.0 123,2.0 130,4.0 134,6.0 139,2.0 142,2.0 150,2.0 
83,8.0 
84,8.0 85,4.0 86,4.0 
0,4.0 83,4.0 
86,4.0 
12,1.0 38,4.0 87,4.0 
38,4.0 88,4.0 89,4.0 
23,4.0 38,4.0 89,4.0 
23,4.0 38,4.0 88,4.0 
15,2.0 32,2.0 91,2.0 
40,4.0 92,4.0 93,6.0 112,1.0 
0,8.0 1,10.0 31,4.0 40,4.0 93,4.0 112,2.0 120,2.0 133,8.0 136,2.0 
0,2.0 1,2.0 21,2.0 31,4.0 40,4.0 92,4.0 96,4.0 112,6.0 113,4.0 124,10.0 141,2.0 
29,4.0 95,4.0 
96,4.0 
0,2.0 2,2.0 31,4.0 99,2.0 114,3.0 176,1.0 
28,4.0 98,4.0 99,4.0 100,4.0 101,4.0 
28,4.0 97,4.0 99,4.0 100,4.0 101,4.0 
0,2.0 2,2.0 28,4.0 97,4.0 98,4.0 100,4.0 101,4.0 114,2.0 115,2.0 
28,4.0 97,4.0 98,4.0 99,4.0 101,4.0 
28,4.0 102,4.0 
30,1.0 103,4.0 152,1.0 
15,4.0 52,2.0 
32,4.0 105,4.0 
32,4.0 104,4.0 
0,4.0 29,4.0 30,4.0 35,4.0 126,4.0 127,4.0 
2,4.0 82,4.0 
61,4.0 109,4.0 
15,4.0 52,4.0 61,4.0 110,4.0 
15,6.0 17,3.0 52,4.0 69,4.0 70,2.0 74,1.0 81,1.0 111,4.0 127,8.0 132,4.0 139,2.0 140,3.0 150,1.0 160,1.0 
0,4.0 39,4.0 
1,11.0 2,1.0 21,2.0 28,1.0 29,1.0 92,2.0 93,6.0 96,4.0 113,6.0 119,1.0 120,6.0 124,7.0 135,2.0 136,4.0 141,1.0 153,4.0 
0,2.0 1,4.0 21,2.0 28,1.0 29,2.0 93,4.0 96,4.0 112,6.0 119,3.0 120,4.0 121,2.0 122,4.0 124,1.0 133,2.0 143,2.0 144,2.0 173,1.0 
0,2.0 2,2.0 99,2.0 115,3.0 
0,1.0 12,1.0 30,3.0 116,2.0 117,1.0 
30,2.0 50,2.0 
1,1.0 28,1.0 118,1.0 
0,9.0 1,9.0 22,1.0 23,3.0 28,1.0 29,2.0 30,7.0 48,1.0 56,1.0 72,1.0 93,4.0 112,2.0 115,1.0 133,2.0 141,2.0 148,2.0 149,2.0 167,2.0 
1,1.0 7,1.0 8,1.0 9,1.0 20,1.0 21,1.0 28,1.0 29,2.0 112,1.0 113,3.0 120,3.0 143,2.0 144,2.0 
1,4.0 28,1.0 92,2.0 112,4.0 113,6.0 135,2.0 136,4.0 143,2.0 144,2.0 
16,2.0 81,2.0 122,2.0 123,2.0 173,1.0 
16,2.0 81,2.0 121,2.0 123,2.0 138,4.0 145,2.0 173,1.0 
15,2.0 16,4.0 18,2.0 81,2.0 120,2.0 132,2.0 
0,9.0 1,6.0 28,1.0 29,3.0 56,2.0 112,2.0 113,1.0 118,6.0 120,1.0 122,2.0 141,5.0 143,1.0 153,2.0 
0,4.0 29,4.0 106,4.0 
29,4.0 30,4.0 127,4.0 
29,16.0 30,4.0 126,4.0 
129,8.0 
15,4.0 65,4.0 81,4.0 130,8.0 131,4.0 
15,8.0 65,4.0 81,4.0 110,8.0 131,8.0 132,4.0 134,4.0 
15,10.0 16,2.0 110,8.0 123,2.0 130,8.0 132,4.0 
93,2.0 110,4.0 127,4.0 
0,10.0 1,10.0 92,8.0 118,8.0 149,2.0 
127,4.0 133,2.0 142,2.0 
1,2.0 112,2.0 120,2.0 136,2.0 
1,4.0 46,2.0 137,2.0 146,2.0 147,2.0 
15,2.0 46,2.0 130,2.0 131,2.0 
15,2.0 16,2.0 81,2.0 110,2.0 139,4.0 
15,2.0 16,2.0 81,2.0 110,2.0 134,2.0 140,2.0 142,2.0 
112,1.0 133,2.0 160,1.0 
0,5.0 29,2.0 93,2.0 112,1.0 124,4.0 143,4.0 144,1.0 153,1.0 
16,1.0 69,1.0 91,1.0 133,2.0 134,2.0 
1,1.0 11,3.0 12,2.0 56,1.0 113,2.0 120,2.0 124,1.0 144,2.0 153,1.0 161,1.0 
3,1.0 4,1.0 113,2.0 120,2.0 143,2.0 
69,2.0 81,2.0 
15,2.0 130,2.0 131,2.0 147,2.0 
15,2.0 130,2.0 131,2.0 146,2.0 
1,2.0 118,2.0 133,2.0 149,2.0 
118,4.0 133,2.0 
36,1.0 62,2.0 
102,1.0 
2,1.0 29,1.0 112,1.0 
1,2.0 20,1.0 21,1.0 28,1.0 29,2.0 124,2.0 141,1.0 159,1.0 
81,1.0 110,1.0 
38,1.0 156,1.0 
16,1.0 74,1.0 
29,1.0 
16,1.0 69,2.0 74,1.0 110,1.0 142,1.0 
1,1.0 29,1.0 143,1.0 
112,1.0 140,1.0 
150,1.0 
163,1.0 
164,2.0 165,2.0 
86,1.0 115,1.0 165,2.0 
86,1.0 115,1.0 164,2.0 
110,2.0 
28,2.0 
36,1.0 169,1.0 
155,1.0 168,1.0 
46,1.0 171,1.0 
11,1.0 12,1.0 172,1.0 
11,1.0 12,1.0 14,1.0 
16,1.0 81,1.0 121,1.0 122,1.0 123,1.0 
15,1.0 16,1.0 17,1.0 
29,1.0 30,1.0 31,1.0 
177,1.0 178,1.0 179,1.0 180,1.0 181,1.0 
178,1.0 179,1.0 180,1.0 181,1.0 
177,1.0 179,1.0 180,1.0 181,1.0 
177,1.0 178,1.0 180,1.0 181,1.0 
177,1.0 178,1.0 179,1.0 181,1.0 
177,1.0 178,1.0 179,1.0 180,1.0 
