1,2.0 2,6.0 6,2.0 8,11.0 11,8.0 12,7.0 17,2.0 20,1.0 80,2.0 82,2.0 83,1.0 180,1.0 
1,16.0 2,23.0 8,7.0 9,4.0 11,10.0 12,12.0 17,8.0 18,18.0 19,4.0 20,7.0 21,8.0 22,8.0 54,2.0 56,2.0 58,4.0 61,8.0 64,4.0 72,2.0 73,6.0 
0,8.0 1,22.0 2,40.0 3,42.0 4,10.0 5,24.0 6,6.0 7,12.0 8,8.0 9,4.0 11,4.0 15,8.0 17,8.0 29,4.0 33,4.0 51,1.0 52,2.0 53,8.0 54,2.0 56,2.0 60,4.0 61,8.0 64,4.0 65,2.0 75,4.0 76,2.0 77,4.0 78,2.0 81,2.0 190,2.0 197,1.0 
1,9.0 2,23.0 4,5.0 8,4.0 15,4.0 17,4.0 33,2.0 54,2.0 61,2.0 65,2.0 78,2.0 190,1.0 
1,3.0 2,5.0 3,5.0 18,1.0 54,2.0 87,1.0 122,1.0 123,1.0 128,1.0 134,1.0 135,1.0 136,1.0 
1,12.0 2,16.0 6,3.0 7,14.0 8,13.0 11,13.0 15,4.0 17,1.0 29,2.0 39,2.0 48,2.0 49,2.0 50,1.0 52,1.0 53,6.0 56,2.0 57,4.0 64,2.0 76,2.0 77,4.0 81,2.0 84,1.0 85,1.0 86,1.0 197,1.0 
0,2.0 1,3.0 2,3.0 5,3.0 7,1.0 8,4.0 11,2.0 12,4.0 16,2.0 29,2.0 56,2.0 
1,4.0 2,6.0 5,14.0 6,1.0 8,7.0 11,9.0 17,1.0 53,2.0 57,2.0 84,1.0 85,1.0 86,1.0 
0,14.0 1,7.0 2,9.0 5,22.0 6,8.0 7,14.0 8,41.0 9,14.0 10,10.0 11,34.0 12,26.0 13,4.0 14,4.0 15,8.0 16,8.0 17,8.0 18,8.0 19,4.0 20,1.0 22,4.0 30,4.0 50,1.0 53,4.0 57,8.0 58,4.0 59,8.0 62,2.0 69,4.0 70,4.0 71,4.0 72,2.0 82,4.0 83,1.0 180,1.0 194,1.0 
1,2.0 2,2.0 8,11.0 10,6.0 11,9.0 14,4.0 17,3.0 20,2.0 21,2.0 22,2.0 56,2.0 60,2.0 61,2.0 78,2.0 79,2.0 80,2.0 83,1.0 84,1.0 
8,5.0 9,6.0 11,5.0 17,1.0 83,1.0 84,1.0 
1,6.0 2,6.0 8,38.0 11,6.0 15,4.0 16,4.0 20,2.0 22,8.0 23,8.0 24,2.0 25,6.0 26,2.0 27,2.0 28,4.0 29,2.0 30,2.0 31,4.0 32,4.0 48,4.0 62,2.0 
0,7.0 1,13.0 6,4.0 8,13.0 11,8.0 16,4.0 17,8.0 20,3.0 22,2.0 58,2.0 59,2.0 61,2.0 82,2.0 83,1.0 108,2.0 112,2.0 113,2.0 117,2.0 180,1.0 
8,4.0 9,4.0 14,4.0 
8,4.0 9,4.0 11,4.0 
2,8.0 3,4.0 5,4.0 8,4.0 11,6.0 17,2.0 22,2.0 23,4.0 33,2.0 39,2.0 41,2.0 57,2.0 65,2.0 66,2.0 67,2.0 78,2.0 122,2.0 132,1.0 
1,4.0 6,2.0 8,4.0 11,2.0 12,4.0 17,2.0 20,2.0 22,2.0 23,2.0 
0,2.0 1,6.0 2,4.0 3,4.0 5,1.0 7,1.0 8,4.0 9,3.0 10,1.0 11,6.0 12,8.0 15,2.0 16,2.0 56,2.0 61,2.0 65,2.0 78,4.0 79,2.0 80,2.0 83,1.0 84,2.0 85,3.0 86,1.0 88,2.0 103,2.0 104,2.0 108,1.0 
1,10.0 4,1.0 8,4.0 11,14.0 19,4.0 20,2.0 21,2.0 48,2.0 57,2.0 58,2.0 61,2.0 64,2.0 68,2.0 69,2.0 72,2.0 73,4.0 87,1.0 123,1.0 136,1.0 
1,2.0 8,2.0 11,2.0 18,4.0 20,2.0 69,2.0 
1,3.0 8,1.0 11,6.0 20,5.0 30,2.0 31,4.0 32,1.0 33,11.0 34,5.0 36,4.0 37,1.0 38,3.0 55,1.0 56,2.0 
1,4.0 9,2.0 11,2.0 18,2.0 20,2.0 22,2.0 58,2.0 
1,4.0 2,2.0 8,2.0 9,2.0 11,6.0 12,2.0 15,2.0 16,2.0 20,6.0 21,2.0 23,4.0 30,2.0 61,2.0 85,1.0 88,1.0 108,1.0 119,1.0 166,1.0 167,1.0 
2,2.0 11,4.0 15,4.0 16,2.0 20,2.0 22,4.0 41,2.0 65,2.0 66,2.0 67,2.0 
11,2.0 25,2.0 26,2.0 27,2.0 
11,4.0 26,2.0 27,2.0 28,4.0 29,2.0 31,2.0 32,2.0 85,3.0 122,1.0 
11,2.0 25,2.0 27,2.0 28,2.0 29,2.0 88,1.0 113,1.0 
11,2.0 25,2.0 26,2.0 28,2.0 29,2.0 
11,2.0 20,2.0 28,4.0 29,2.0 30,2.0 32,1.0 33,4.0 39,4.0 40,4.0 41,2.0 42,4.0 43,2.0 44,2.0 45,2.0 193,1.0 
2,2.0 5,2.0 6,2.0 11,2.0 28,2.0 30,2.0 56,2.0 
8,2.0 11,6.0 20,1.0 22,2.0 25,2.0 31,2.0 32,2.0 33,1.0 34,1.0 38,1.0 
11,2.0 20,2.0 25,2.0 28,2.0 32,2.0 33,2.0 34,2.0 88,1.0 112,1.0 113,1.0 144,1.0 154,1.0 155,1.0 
11,2.0 20,2.0 25,2.0 28,2.0 30,1.0 31,2.0 33,1.0 34,1.0 37,1.0 38,1.0 44,1.0 45,1.0 
2,4.0 3,2.0 15,2.0 20,6.0 28,2.0 30,1.0 31,2.0 32,1.0 34,7.0 36,2.0 37,1.0 38,2.0 42,2.0 43,1.0 44,4.0 45,2.0 46,2.0 47,2.0 55,1.0 56,1.0 193,1.0 
20,1.0 28,2.0 32,1.0 33,4.0 34,2.0 35,2.0 37,3.0 44,2.0 46,4.0 47,2.0 56,1.0 
20,2.0 
20,2.0 33,2.0 34,1.0 37,1.0 56,1.0 
20,1.0 32,1.0 33,2.0 34,5.0 46,2.0 
20,2.0 30,1.0 33,2.0 34,2.0 55,1.0 
5,2.0 8,2.0 28,2.0 40,2.0 41,2.0 48,6.0 49,2.0 50,1.0 85,3.0 112,2.0 119,1.0 122,1.0 123,1.0 
28,2.0 39,2.0 41,2.0 54,2.0 78,2.0 
2,2.0 28,1.0 192,1.0 
28,2.0 32,1.0 33,2.0 43,1.0 44,2.0 45,2.0 193,1.0 
28,1.0 32,1.0 33,1.0 42,1.0 44,1.0 45,1.0 
32,1.0 34,2.0 37,2.0 45,2.0 47,2.0 48,2.0 193,1.0 
32,1.0 34,2.0 37,2.0 44,2.0 193,1.0 
33,2.0 34,2.0 44,2.0 47,2.0 
44,2.0 48,2.0 
5,4.0 8,2.0 11,2.0 18,6.0 39,8.0 48,8.0 49,4.0 50,1.0 57,2.0 68,2.0 
5,2.0 8,2.0 39,2.0 48,2.0 50,1.0 
2,1.0 8,1.0 35,1.0 
52,1.0 
1,1.0 2,2.0 5,2.0 52,1.0 53,2.0 54,1.0 
1,4.0 2,6.0 5,6.0 7,2.0 8,2.0 11,2.0 52,1.0 59,2.0 64,2.0 70,2.0 71,2.0 72,2.0 197,1.0 
1,4.0 2,2.0 20,1.0 33,1.0 34,1.0 38,1.0 55,5.0 56,5.0 78,1.0 
1,2.0 2,2.0 5,2.0 9,2.0 17,2.0 20,1.0 33,1.0 34,1.0 38,1.0 53,2.0 54,4.0 56,2.0 64,2.0 78,2.0 79,2.0 
1,2.0 2,1.0 5,1.0 8,2.0 9,2.0 17,2.0 53,1.0 54,5.0 78,2.0 79,2.0 80,2.0 191,1.0 197,1.0 198,1.0 
5,4.0 7,2.0 8,4.0 11,6.0 15,2.0 18,2.0 68,2.0 108,1.0 122,1.0 130,1.0 
1,4.0 8,2.0 11,2.0 12,2.0 18,2.0 21,2.0 59,2.0 
1,2.0 8,4.0 12,2.0 53,2.0 58,2.0 70,2.0 71,2.0 72,2.0 
2,2.0 8,2.0 9,2.0 61,2.0 88,3.0 122,1.0 
1,4.0 2,4.0 3,2.0 8,2.0 9,2.0 11,2.0 12,2.0 17,2.0 18,2.0 20,2.0 22,2.0 60,2.0 65,2.0 73,2.0 
63,4.0 
1,2.0 2,2.0 
1,4.0 2,2.0 5,2.0 18,2.0 53,2.0 55,4.0 72,2.0 73,2.0 74,2.0 
15,4.0 23,4.0 41,2.0 65,2.0 66,4.0 67,4.0 
15,2.0 23,2.0 41,2.0 65,2.0 67,2.0 
15,2.0 23,2.0 41,2.0 50,1.0 65,2.0 66,2.0 80,1.0 85,2.0 88,1.0 112,4.0 113,6.0 117,4.0 118,2.0 119,3.0 120,1.0 121,1.0 
11,2.0 18,2.0 57,2.0 
8,2.0 11,2.0 18,2.0 19,2.0 
8,2.0 53,2.0 59,2.0 71,2.0 72,2.0 
8,2.0 53,2.0 59,2.0 70,2.0 72,2.0 
1,4.0 
1,4.0 11,2.0 18,4.0 61,2.0 64,2.0 72,2.0 85,1.0 108,1.0 
1,2.0 18,2.0 64,2.0 73,2.0 
2,4.0 5,4.0 76,2.0 77,4.0 81,2.0 
1,2.0 2,2.0 5,2.0 77,2.0 
1,4.0 2,4.0 5,4.0 76,2.0 81,2.0 86,1.0 88,1.0 
9,2.0 17,2.0 40,4.0 54,2.0 56,2.0 64,2.0 78,2.0 79,2.0 80,2.0 
9,2.0 17,2.0 56,2.0 78,2.0 80,2.0 
0,4.0 8,2.0 11,2.0 77,1.0 80,2.0 85,3.0 88,24.0 89,4.0 90,2.0 91,2.0 92,2.0 94,2.0 96,2.0 97,2.0 99,2.0 101,2.0 102,2.0 103,2.0 112,3.0 118,3.0 203,1.0 
1,2.0 2,2.0 5,2.0 77,2.0 
0,2.0 1,1.0 8,2.0 12,2.0 20,1.0 83,1.0 
5,1.0 7,1.0 9,1.0 10,1.0 17,2.0 84,2.0 
5,1.0 7,1.0 9,1.0 10,1.0 17,2.0 83,1.0 85,1.0 86,1.0 
4,2.0 17,2.0 18,1.0 22,1.0 39,1.0 67,4.0 86,18.0 87,14.0 88,28.0 90,1.0 91,2.0 93,4.0 95,8.0 98,4.0 100,2.0 102,4.0 103,20.0 104,22.0 105,2.0 106,2.0 108,33.0 109,2.0 110,2.0 111,2.0 112,2.0 118,4.0 119,23.0 122,20.0 123,7.0 128,1.0 134,1.0 136,1.0 145,1.0 148,1.0 153,1.0 166,1.0 167,1.0 171,1.0 181,6.0 183,1.0 203,1.0 
85,24.0 87,8.0 93,2.0 95,4.0 98,2.0 100,2.0 112,1.0 113,1.0 178,1.0 180,1.0 
80,8.0 88,8.0 91,2.0 103,6.0 107,6.0 108,3.0 113,2.0 117,1.0 137,1.0 
15,2.0 17,2.0 22,1.0 31,1.0 73,1.0 77,1.0 80,21.0 85,23.0 86,9.0 89,4.0 90,2.0 91,2.0 92,4.0 94,2.0 96,2.0 97,2.0 98,2.0 99,2.0 101,2.0 102,2.0 103,16.0 104,21.0 106,2.0 107,2.0 108,12.0 112,18.0 113,15.0 118,7.0 119,12.0 122,12.0 123,3.0 127,3.0 128,1.0 132,1.0 141,1.0 142,1.0 143,1.0 144,16.0 154,1.0 155,1.0 159,1.0 160,1.0 161,1.0 162,3.0 163,7.0 164,1.0 165,1.0 166,1.0 167,1.0 168,1.0 169,1.0 170,1.0 172,1.0 173,1.0 174,1.0 179,1.0 180,1.0 
85,4.0 86,4.0 
85,10.0 86,2.0 88,1.0 91,2.0 104,1.0 108,8.0 
80,2.0 85,2.0 87,2.0 88,2.0 89,2.0 108,2.0 
85,9.0 86,2.0 103,3.0 105,2.0 108,4.0 
80,2.0 88,2.0 103,2.0 107,2.0 
85,4.0 86,2.0 108,2.0 
2,1.0 80,4.0 87,1.0 88,6.0 103,2.0 104,2.0 107,2.0 189,1.0 
85,2.0 86,2.0 
85,4.0 86,2.0 108,2.0 
80,2.0 85,2.0 88,2.0 103,4.0 107,2.0 
85,4.0 86,2.0 108,2.0 111,2.0 
80,2.0 88,2.0 101,2.0 
80,2.0 85,2.0 88,2.0 102,2.0 103,2.0 
85,2.0 88,2.0 103,4.0 104,2.0 108,2.0 112,2.0 113,2.0 
12,2.0 17,2.0 85,21.0 87,2.0 88,19.0 90,8.0 92,5.0 94,2.0 95,2.0 97,2.0 99,2.0 102,4.0 104,16.0 105,2.0 106,2.0 107,18.0 108,10.0 112,19.0 113,10.0 115,2.0 116,2.0 174,1.0 175,2.0 177,1.0 
17,2.0 85,13.0 88,27.0 90,1.0 92,3.0 98,2.0 103,17.0 106,2.0 107,2.0 108,1.0 112,3.0 122,3.0 179,1.0 
85,2.0 88,2.0 103,2.0 104,2.0 106,2.0 
85,2.0 88,2.0 103,2.0 104,2.0 
90,8.0 92,4.0 94,2.0 97,2.0 99,2.0 103,18.0 104,1.0 108,1.0 
12,2.0 22,1.0 25,1.0 85,33.0 87,6.0 88,16.0 91,2.0 93,2.0 95,2.0 98,2.0 102,2.0 103,20.0 104,1.0 109,4.0 110,2.0 111,2.0 112,10.0 113,15.0 114,2.0 116,2.0 117,2.0 118,3.0 119,14.0 122,8.0 131,2.0 133,2.0 137,3.0 138,3.0 140,1.0 144,3.0 162,2.0 163,2.0 166,1.0 167,1.0 171,1.0 174,1.0 176,2.0 177,1.0 
103,4.0 107,2.0 108,2.0 112,2.0 113,2.0 115,2.0 
103,2.0 107,2.0 
85,2.0 102,2.0 103,2.0 108,2.0 112,2.0 
12,2.0 26,1.0 31,1.0 67,6.0 80,4.0 87,2.0 88,13.0 102,2.0 103,12.0 104,2.0 108,10.0 109,2.0 113,31.0 115,2.0 116,2.0 117,6.0 118,3.0 122,12.0 123,3.0 126,3.0 133,2.0 144,12.0 152,1.0 153,1.0 154,1.0 155,1.0 156,1.0 157,1.0 158,1.0 159,1.0 160,1.0 161,1.0 162,1.0 
12,2.0 31,1.0 67,6.0 80,1.0 85,1.0 88,16.0 103,6.0 107,1.0 108,21.0 109,4.0 112,24.0 114,2.0 116,2.0 117,9.0 118,2.0 133,2.0 144,15.0 154,1.0 155,1.0 159,1.0 160,1.0 161,1.0 
103,2.0 112,2.0 
103,2.0 108,2.0 112,2.0 113,2.0 116,2.0 
103,2.0 108,2.0 112,2.0 113,2.0 
67,6.0 80,1.0 85,3.0 112,6.0 113,6.0 183,1.0 
67,3.0 80,1.0 85,5.0 88,4.0 107,1.0 108,1.0 112,3.0 113,1.0 119,3.0 122,1.0 137,1.0 138,3.0 139,1.0 140,1.0 141,1.0 142,1.0 143,1.0 144,1.0 152,1.0 153,1.0 
22,1.0 25,1.0 39,1.0 67,3.0 85,16.0 88,12.0 108,12.0 118,1.0 120,1.0 121,1.0 122,6.0 123,6.0 124,1.0 125,1.0 166,1.0 167,1.0 168,1.0 169,1.0 170,1.0 172,1.0 173,1.0 174,1.0 
85,1.0 118,1.0 
85,1.0 122,1.0 125,6.0 148,2.0 149,2.0 186,1.0 
4,1.0 15,2.0 17,1.0 25,2.0 26,1.0 39,5.0 57,1.0 60,2.0 85,17.0 88,10.0 104,2.0 108,8.0 112,10.0 119,9.0 123,14.0 126,3.0 127,3.0 128,2.0 129,2.0 130,2.0 131,2.0 132,1.0 133,2.0 134,1.0 135,1.0 
4,1.0 18,1.0 39,1.0 57,1.0 60,1.0 85,4.0 87,1.0 88,2.0 112,2.0 119,6.0 122,14.0 123,1.0 124,1.0 125,1.0 126,3.0 127,3.0 128,1.0 130,2.0 136,1.0 
85,1.0 122,1.0 
85,1.0 112,1.0 121,2.0 122,1.0 148,3.0 184,5.0 185,1.0 
60,1.0 112,2.0 122,2.0 123,3.0 
88,2.0 122,2.0 123,4.0 128,1.0 
4,1.0 122,1.0 123,2.0 127,1.0 134,1.0 135,1.0 
123,2.0 
17,1.0 57,1.0 108,1.0 122,2.0 
60,2.0 122,2.0 
15,1.0 39,1.0 122,1.0 
25,2.0 103,2.0 108,2.0 122,2.0 174,1.0 177,1.0 
4,1.0 122,1.0 128,1.0 135,1.0 
123,1.0 
4,1.0 18,1.0 87,1.0 123,1.0 
108,3.0 118,3.0 138,3.0 140,1.0 202,1.0 
88,1.0 108,1.0 118,3.0 137,2.0 139,1.0 140,1.0 
108,1.0 137,1.0 
88,1.0 118,1.0 138,1.0 
88,1.0 118,1.0 142,1.0 143,1.0 
88,1.0 118,1.0 125,1.0 141,1.0 143,1.0 145,2.0 150,1.0 
88,1.0 118,1.0 141,1.0 142,1.0 
31,1.0 73,1.0 88,14.0 108,2.0 112,12.0 113,11.0 118,1.0 154,1.0 155,1.0 156,1.0 157,1.0 158,1.0 159,1.0 160,1.0 161,1.0 162,1.0 
85,1.0 86,1.0 125,1.0 142,2.0 146,1.0 147,1.0 150,1.0 151,1.0 
125,1.0 147,1.0 
125,1.0 146,1.0 
85,1.0 121,2.0 149,2.0 153,1.0 
142,2.0 145,2.0 
145,1.0 151,1.0 
85,1.0 86,1.0 145,1.0 
80,1.0 88,1.0 
88,1.0 104,1.0 121,5.0 186,1.0 187,1.0 
31,1.0 88,1.0 112,1.0 113,1.0 144,1.0 155,1.0 
31,1.0 88,1.0 112,1.0 113,1.0 144,1.0 154,1.0 
88,1.0 113,1.0 
88,1.0 113,1.0 158,1.0 
88,1.0 113,1.0 157,1.0 
88,1.0 112,1.0 144,1.0 160,1.0 161,1.0 162,1.0 
88,1.0 112,1.0 144,1.0 159,1.0 161,1.0 162,1.0 
88,1.0 112,1.0 144,1.0 159,1.0 160,1.0 162,1.0 
88,3.0 108,1.0 163,1.0 164,1.0 165,1.0 
88,2.0 108,8.0 162,2.0 176,2.0 
108,1.0 163,1.0 
108,1.0 113,1.0 
22,1.0 85,1.0 88,1.0 108,1.0 119,1.0 167,1.0 
22,1.0 85,1.0 88,1.0 108,1.0 119,1.0 166,1.0 
85,1.0 108,1.0 
85,1.0 108,1.0 170,1.0 
85,1.0 108,1.0 169,1.0 
88,1.0 119,1.0 172,1.0 173,1.0 
88,1.0 119,1.0 173,1.0 174,1.0 
88,1.0 119,1.0 172,1.0 174,1.0 
88,2.0 103,1.0 
88,2.0 
103,2.0 108,2.0 
103,1.0 112,1.0 
112,1.0 
86,1.0 88,1.0 180,1.0 
86,1.0 113,1.0 199,1.0 
104,3.0 113,1.0 121,1.0 182,1.0 
113,1.0 
85,1.0 181,1.0 
153,5.0 185,1.0 
153,1.0 184,1.0 
121,1.0 125,1.0 
188,1.0 
95,1.0 189,1.0 
2,1.0 95,1.0 
1,1.0 2,1.0 3,1.0 
20,1.0 
28,1.0 
34,1.0 37,1.0 44,1.0 45,1.0 
195,1.0 
196,1.0 
2,1.0 
1,1.0 2,1.0 5,1.0 53,1.0 95,1.0 
78,1.0 198,1.0 
200,1.0 
201,1.0 
138,1.0 
197,1.0 
67,1.0 85,1.0 
