1,7.0 2,8.0 3,4.0 4,4.0 6,2.0 9,4.0 10,1.0 12,14.0 14,4.0 16,4.0 20,5.0 21,5.0 25,3.0 26,4.0 27,1.0 28,4.0 29,10.0 30,1.0 31,2.0 33,3.0 34,1.0 37,1.0 38,3.0 47,1.0 53,1.0 56,2.0 58,2.0 67,1.0 80,1.0 82,1.0 90,1.0 91,1.0 92,1.0 93,1.0 94,1.0 95,1.0 121,1.0 122,2.0 
0,7.0 1,4.0 2,16.0 3,6.0 4,6.0 5,8.0 6,12.0 11,14.0 12,19.0 16,2.0 18,4.0 19,2.0 20,19.0 21,1.0 23,5.0 24,2.0 26,10.0 29,20.0 30,12.0 31,3.0 32,2.0 33,1.0 34,5.0 36,3.0 40,1.0 45,10.0 53,1.0 54,1.0 56,5.0 58,5.0 61,1.0 67,1.0 74,1.0 75,1.0 80,1.0 96,1.0 98,3.0 101,2.0 108,3.0 114,1.0 116,2.0 122,5.0 123,2.0 124,3.0 163,1.0 164,1.0 
0,7.0 1,16.0 3,7.0 4,7.0 5,4.0 6,4.0 11,4.0 16,3.0 18,4.0 19,2.0 21,5.0 23,4.0 24,2.0 26,3.0 27,1.0 29,2.0 31,1.0 34,2.0 40,1.0 45,1.0 46,1.0 53,1.0 58,2.0 60,1.0 66,6.0 67,8.0 68,2.0 77,1.0 80,1.0 82,1.0 138,2.0 
0,4.0 1,8.0 2,9.0 3,2.0 4,10.0 5,6.0 9,5.0 10,6.0 11,8.0 19,4.0 26,2.0 27,2.0 38,2.0 47,2.0 50,1.0 51,1.0 53,1.0 54,3.0 55,1.0 58,2.0 60,1.0 66,1.0 67,1.0 107,2.0 114,4.0 116,4.0 157,1.0 158,1.0 159,1.0 160,1.0 161,1.0 
0,4.0 5,3.0 6,3.0 11,4.0 12,4.0 14,4.0 
1,2.0 3,2.0 4,3.0 6,4.0 10,3.0 11,2.0 12,5.0 16,2.0 19,2.0 22,1.0 26,2.0 29,5.0 36,1.0 38,2.0 46,1.0 47,2.0 98,3.0 101,2.0 108,3.0 112,1.0 114,3.0 116,4.0 117,1.0 123,2.0 124,3.0 
1,10.0 2,4.0 5,1.0 7,4.0 11,8.0 12,7.0 18,2.0 34,5.0 40,1.0 45,8.0 58,5.0 62,1.0 98,1.0 108,1.0 122,5.0 124,1.0 138,2.0 
8,4.0 10,1.0 11,1.0 20,1.0 21,1.0 50,1.0 51,1.0 57,1.0 
3,4.0 9,4.0 10,4.0 13,4.0 16,1.0 26,1.0 54,1.0 61,1.0 62,2.0 
1,1.0 2,1.0 3,6.0 4,4.0 9,2.0 10,14.0 11,4.0 12,2.0 15,4.0 16,9.0 17,2.0 20,7.0 21,4.0 22,4.0 23,4.0 31,2.0 33,2.0 38,1.0 39,1.0 47,1.0 53,2.0 54,1.0 56,1.0 58,1.0 60,1.0 66,1.0 67,3.0 70,1.0 72,1.0 79,1.0 80,1.0 85,1.0 86,2.0 88,1.0 107,1.0 114,1.0 
0,2.0 1,2.0 3,6.0 4,4.0 6,2.0 7,1.0 9,14.0 10,2.0 11,11.0 12,9.0 15,4.0 16,12.0 17,2.0 20,6.0 21,6.0 22,2.0 24,1.0 26,3.0 27,3.0 29,4.0 33,1.0 38,2.0 40,1.0 45,2.0 50,3.0 51,3.0 53,1.0 58,5.0 67,1.0 86,1.0 88,1.0 101,1.0 102,1.0 107,2.0 109,2.0 110,1.0 114,4.0 115,2.0 117,1.0 157,1.0 158,1.0 159,1.0 160,1.0 161,1.0 
1,12.0 2,4.0 3,2.0 4,4.0 5,1.0 6,8.0 10,4.0 12,13.0 15,2.0 16,3.0 20,6.0 23,4.0 30,2.0 34,9.0 35,3.0 38,4.0 45,8.0 47,3.0 51,1.0 53,1.0 58,7.0 98,1.0 99,1.0 108,1.0 111,2.0 112,2.0 113,2.0 114,4.0 115,2.0 122,5.0 124,1.0 
0,14.0 1,24.0 3,2.0 5,2.0 6,6.0 8,4.0 9,2.0 10,8.0 11,8.0 12,9.0 16,6.0 19,2.0 20,11.0 21,3.0 23,1.0 24,3.0 26,15.0 27,2.0 28,6.0 29,26.0 30,4.0 31,3.0 33,5.0 34,5.0 36,2.0 37,1.0 38,8.0 40,1.0 45,6.0 47,1.0 53,1.0 54,1.0 56,2.0 58,15.0 67,1.0 86,1.0 88,1.0 92,1.0 101,3.0 102,1.0 109,2.0 110,3.0 111,2.0 112,2.0 113,2.0 116,2.0 117,1.0 121,1.0 122,13.0 123,2.0 
1,4.0 2,4.0 3,4.0 9,1.0 10,1.0 11,2.0 12,1.0 13,4.0 15,12.0 20,1.0 33,1.0 53,1.0 87,1.0 88,1.0 125,12.0 129,12.0 130,4.0 131,4.0 132,2.0 142,4.0 143,4.0 
15,2.0 28,2.0 
9,4.0 10,4.0 11,2.0 13,12.0 15,4.0 16,4.0 17,2.0 18,2.0 33,2.0 35,1.0 125,12.0 129,12.0 130,4.0 131,4.0 132,2.0 142,4.0 143,4.0 
0,2.0 1,4.0 2,3.0 6,2.0 9,9.0 10,12.0 11,4.0 12,2.0 15,4.0 16,4.0 17,2.0 19,2.0 20,1.0 24,4.0 26,4.0 27,4.0 29,2.0 31,1.0 34,1.0 36,4.0 38,3.0 39,1.0 45,2.0 53,1.0 54,4.0 55,1.0 57,4.0 60,4.0 61,3.0 62,1.0 65,1.0 66,1.0 67,1.0 72,2.0 80,1.0 98,4.0 115,2.0 117,1.0 125,4.0 126,4.0 
15,2.0 18,2.0 
0,3.0 1,2.0 2,2.0 16,2.0 19,2.0 24,2.0 25,3.0 40,2.0 
0,2.0 1,2.0 2,2.0 3,2.0 5,2.0 11,2.0 12,2.0 16,2.0 24,2.0 36,3.0 38,4.0 47,2.0 58,2.0 98,1.0 101,1.0 103,1.0 110,2.0 114,2.0 116,2.0 122,2.0 
0,3.0 1,19.0 5,2.0 7,1.0 9,7.0 10,4.0 11,5.0 12,11.0 15,2.0 16,1.0 20,4.0 21,11.0 22,10.0 23,4.0 26,4.0 28,3.0 29,15.0 30,14.0 31,2.0 32,2.0 33,1.0 34,4.0 35,3.0 36,6.0 38,1.0 39,1.0 47,1.0 48,1.0 49,1.0 50,3.0 51,3.0 53,2.0 67,2.0 72,1.0 85,1.0 86,2.0 88,1.0 98,2.0 108,6.0 123,2.0 124,2.0 153,3.0 154,3.0 155,1.0 156,1.0 162,1.0 163,1.0 164,1.0 
0,1.0 1,1.0 2,5.0 7,1.0 9,4.0 10,6.0 11,1.0 12,2.0 20,11.0 22,6.0 23,4.0 26,4.0 27,4.0 28,3.0 29,2.0 40,1.0 50,3.0 51,3.0 54,1.0 66,5.0 67,5.0 68,2.0 123,2.0 153,3.0 154,3.0 155,1.0 156,1.0 162,1.0 163,1.0 164,1.0 
0,6.0 10,2.0 12,4.0 20,2.0 23,4.0 26,2.0 29,2.0 36,4.0 38,2.0 51,2.0 58,2.0 97,1.0 100,1.0 101,1.0 102,1.0 108,3.0 109,1.0 112,1.0 
0,4.0 1,1.0 5,1.0 22,4.0 36,4.0 102,4.0 114,1.0 144,4.0 145,4.0 146,2.0 151,2.0 
0,2.0 1,2.0 6,2.0 10,4.0 11,6.0 12,2.0 16,2.0 18,2.0 19,2.0 25,2.0 26,2.0 36,4.0 38,4.0 45,2.0 58,4.0 98,2.0 101,4.0 102,4.0 110,4.0 114,2.0 115,2.0 122,2.0 
0,3.0 9,2.0 10,2.0 12,2.0 20,2.0 21,4.0 26,2.0 40,1.0 58,2.0 115,2.0 
0,3.0 1,8.0 2,3.0 3,4.0 4,1.0 5,6.0 6,2.0 10,5.0 11,4.0 12,8.0 13,4.0 15,4.0 16,4.0 20,2.0 21,4.0 24,4.0 26,2.0 27,10.0 29,8.0 40,1.0 45,3.0 46,1.0 53,2.0 54,6.0 55,2.0 58,2.0 61,3.0 62,1.0 65,1.0 98,2.0 101,6.0 102,4.0 108,2.0 114,2.0 116,2.0 123,2.0 124,2.0 125,4.0 129,4.0 
0,2.0 2,1.0 12,1.0 16,1.0 21,1.0 26,1.0 40,1.0 43,1.0 53,2.0 54,1.0 55,2.0 56,3.0 58,1.0 61,1.0 63,1.0 65,1.0 66,1.0 
0,3.0 1,2.0 12,7.0 20,5.0 21,3.0 29,4.0 31,2.0 33,1.0 38,2.0 47,2.0 56,2.0 58,2.0 121,1.0 122,2.0 123,2.0 153,3.0 154,3.0 155,1.0 156,1.0 162,1.0 
0,11.0 1,26.0 3,2.0 5,4.0 6,4.0 9,2.0 10,3.0 11,4.0 12,24.0 16,6.0 20,15.0 26,12.0 28,2.0 29,1.0 30,8.0 31,1.0 33,2.0 34,2.0 36,2.0 38,3.0 45,4.0 48,1.0 49,1.0 56,5.0 58,2.0 61,1.0 67,2.0 72,1.0 80,2.0 90,1.0 91,1.0 95,2.0 98,2.0 101,2.0 108,2.0 116,2.0 117,1.0 122,2.0 123,2.0 124,2.0 
1,6.0 12,2.0 20,7.0 29,5.0 31,2.0 32,2.0 33,6.0 35,2.0 36,2.0 37,1.0 
0,1.0 1,3.0 2,2.0 9,1.0 12,1.0 16,1.0 20,2.0 21,1.0 29,1.0 30,2.0 32,2.0 33,3.0 34,3.0 36,1.0 37,1.0 38,1.0 47,3.0 54,1.0 56,3.0 58,2.0 66,1.0 67,2.0 72,1.0 74,1.0 77,1.0 79,1.0 80,3.0 92,1.0 93,1.0 94,1.0 95,1.0 96,1.0 121,2.0 122,1.0 
30,2.0 33,2.0 
0,4.0 1,5.0 9,1.0 10,1.0 11,4.0 12,3.0 20,9.0 28,2.0 29,6.0 31,4.0 34,6.0 36,1.0 37,1.0 47,2.0 53,1.0 56,2.0 61,1.0 67,1.0 72,1.0 74,1.0 80,2.0 86,1.0 88,1.0 92,1.0 93,1.0 94,1.0 95,1.0 96,1.0 121,1.0 
0,1.0 1,5.0 2,2.0 6,2.0 11,6.0 12,5.0 15,2.0 16,1.0 20,6.0 23,1.0 26,2.0 29,4.0 30,2.0 31,3.0 33,2.0 35,3.0 45,2.0 47,1.0 53,1.0 58,6.0 61,1.0 67,2.0 72,2.0 77,1.0 80,4.0 82,1.0 95,1.0 122,5.0 
15,1.0 30,2.0 33,3.0 
0,2.0 10,4.0 11,2.0 12,6.0 16,2.0 19,3.0 20,2.0 22,4.0 24,4.0 25,2.0 26,2.0 29,2.0 30,2.0 33,2.0 38,4.0 58,4.0 74,1.0 96,1.0 97,1.0 98,4.0 101,1.0 102,4.0 103,1.0 108,3.0 109,1.0 110,2.0 112,1.0 115,2.0 122,2.0 144,4.0 145,4.0 146,2.0 151,2.0 152,2.0 
0,1.0 9,1.0 12,1.0 16,1.0 20,1.0 31,1.0 33,1.0 38,2.0 53,1.0 92,1.0 93,1.0 94,1.0 
0,3.0 1,2.0 3,1.0 9,2.0 10,2.0 11,4.0 12,11.0 16,2.0 19,2.0 20,3.0 24,2.0 26,2.0 28,2.0 29,5.0 36,2.0 39,1.0 47,2.0 50,1.0 52,1.0 53,1.0 54,1.0 56,1.0 58,6.0 90,1.0 91,1.0 95,1.0 99,1.0 110,2.0 114,2.0 115,2.0 122,6.0 
0,1.0 99,3.0 
2,1.0 10,1.0 12,1.0 18,1.0 21,1.0 25,1.0 26,2.0 27,1.0 40,1.0 41,1.0 43,1.0 45,1.0 
42,2.0 
25,1.0 40,2.0 
44,1.0 
41,1.0 
1,8.0 2,1.0 5,2.0 6,8.0 11,8.0 12,7.0 26,1.0 34,5.0 46,1.0 58,5.0 98,1.0 108,1.0 122,5.0 124,1.0 
5,1.0 6,1.0 
9,1.0 11,3.0 12,1.0 15,1.0 16,1.0 20,1.0 31,3.0 34,1.0 38,3.0 54,1.0 56,2.0 58,1.0 67,1.0 79,1.0 80,1.0 99,1.0 114,2.0 121,2.0 122,1.0 
10,1.0 20,1.0 21,1.0 49,1.0 50,1.0 
10,1.0 20,1.0 21,1.0 48,1.0 50,1.0 
3,1.0 7,1.0 10,3.0 11,1.0 20,3.0 21,3.0 22,2.0 51,4.0 54,1.0 
3,1.0 11,1.0 22,2.0 26,1.0 38,2.0 53,1.0 54,1.0 
7,1.0 8,1.0 10,1.0 20,1.0 21,1.0 50,1.0 
0,2.0 1,1.0 2,1.0 9,2.0 10,2.0 12,1.0 20,3.0 21,1.0 27,2.0 29,1.0 33,1.0 34,1.0 38,1.0 50,1.0 54,2.0 56,1.0 58,1.0 61,2.0 63,1.0 66,1.0 67,5.0 72,1.0 75,2.0 80,2.0 82,1.0 85,1.0 86,2.0 88,1.0 95,1.0 
1,1.0 3,3.0 9,1.0 16,4.0 21,1.0 26,6.0 27,6.0 31,1.0 47,1.0 50,1.0 51,1.0 53,4.0 55,2.0 61,5.0 62,1.0 65,1.0 66,2.0 67,4.0 72,1.0 75,2.0 79,1.0 80,2.0 
27,2.0 56,2.0 
0,1.0 1,5.0 2,1.0 7,1.0 8,1.0 12,1.0 16,1.0 26,5.0 29,5.0 31,3.0 33,1.0 36,1.0 38,2.0 47,2.0 58,1.0 74,1.0 90,1.0 91,1.0 95,1.0 96,1.0 121,2.0 122,1.0 
1,2.0 2,2.0 3,1.0 6,2.0 9,1.0 26,1.0 29,2.0 31,1.0 47,1.0 54,2.0 56,2.0 57,4.0 60,12.0 78,1.0 79,1.0 125,12.0 126,12.0 127,4.0 128,4.0 136,4.0 137,4.0 
0,2.0 1,7.0 2,2.0 3,2.0 6,2.0 10,5.0 11,4.0 12,17.0 16,2.0 19,2.0 20,4.0 21,2.0 23,1.0 24,3.0 26,4.0 28,4.0 29,6.0 31,1.0 34,6.0 36,2.0 38,6.0 45,2.0 59,1.0 60,1.0 66,1.0 67,2.0 77,1.0 101,1.0 102,1.0 107,1.0 109,2.0 110,3.0 114,3.0 115,4.0 122,11.0 147,2.0 157,1.0 158,1.0 159,1.0 160,1.0 161,1.0 
60,1.0 
1,2.0 2,3.0 3,1.0 6,2.0 10,1.0 21,1.0 26,1.0 29,2.0 56,2.0 57,12.0 58,1.0 60,4.0 66,1.0 67,1.0 125,12.0 126,12.0 127,4.0 128,4.0 136,4.0 137,4.0 
1,1.0 16,3.0 26,3.0 27,3.0 29,1.0 33,1.0 34,1.0 53,3.0 54,5.0 55,1.0 62,1.0 65,1.0 66,1.0 67,2.0 72,1.0 75,2.0 80,2.0 
16,1.0 26,1.0 27,1.0 53,1.0 54,1.0 61,1.0 69,2.0 
0,1.0 2,2.0 31,1.0 34,2.0 53,1.0 58,1.0 64,1.0 76,2.0 77,1.0 82,1.0 
16,1.0 26,1.0 54,1.0 61,1.0 
27,1.0 56,1.0 
2,6.0 3,1.0 16,1.0 21,5.0 29,2.0 53,1.0 54,2.0 58,1.0 60,1.0 61,1.0 67,8.0 68,2.0 72,1.0 75,1.0 
2,1.0 6,1.0 9,2.0 13,1.0 19,1.0 21,1.0 22,1.0 29,2.0 31,1.0 36,1.0 52,1.0 57,1.0 63,2.0 66,1.0 68,2.0 71,2.0 72,1.0 73,1.0 74,1.0 76,2.0 78,1.0 80,3.0 81,2.0 83,1.0 84,1.0 86,2.0 87,1.0 97,1.0 100,1.0 101,1.0 
6,1.0 52,1.0 67,2.0 
2,2.0 21,2.0 66,2.0 
71,1.0 
1,1.0 16,1.0 53,1.0 54,2.0 61,1.0 66,1.0 75,1.0 81,2.0 89,1.0 90,1.0 91,1.0 
9,1.0 16,1.0 20,1.0 29,1.0 31,2.0 33,1.0 34,2.0 53,1.0 61,1.0 67,2.0 80,2.0 85,1.0 86,1.0 
53,1.0 54,1.0 61,1.0 66,1.0 74,1.0 75,1.0 
36,1.0 53,1.0 54,1.0 61,1.0 66,1.0 73,1.0 75,1.0 96,1.0 97,1.0 98,1.0 
1,1.0 53,2.0 54,2.0 61,2.0 66,1.0 67,2.0 80,1.0 
0,1.0 2,2.0 31,1.0 34,2.0 53,1.0 58,1.0 63,2.0 77,1.0 82,1.0 
2,1.0 31,1.0 34,1.0 58,1.0 67,1.0 
9,1.0 31,1.0 47,1.0 54,1.0 57,1.0 79,1.0 
9,1.0 31,1.0 47,1.0 54,1.0 67,1.0 80,1.0 
39,3.0 63,1.0 67,3.0 71,1.0 76,1.0 81,1.0 83,1.0 84,1.0 
1,1.0 53,1.0 54,1.0 61,1.0 71,2.0 75,1.0 89,1.0 90,1.0 91,1.0 
0,1.0 2,1.0 34,1.0 53,1.0 67,1.0 80,1.0 
9,1.0 20,1.0 53,1.0 72,1.0 84,1.0 85,1.0 
9,1.0 20,1.0 53,1.0 72,1.0 83,1.0 85,1.0 
9,1.0 20,1.0 53,1.0 67,1.0 72,1.0 86,1.0 
13,1.0 67,2.0 71,1.0 81,1.0 87,1.0 
9,1.0 10,1.0 12,1.0 13,1.0 20,1.0 33,1.0 53,1.0 88,1.0 
9,1.0 10,1.0 12,1.0 20,1.0 33,1.0 53,1.0 67,1.0 86,1.0 
12,1.0 37,1.0 90,1.0 91,1.0 
9,1.0 12,2.0 37,1.0 38,1.0 89,1.0 91,2.0 
9,1.0 12,2.0 37,1.0 38,1.0 89,1.0 90,2.0 
0,1.0 31,1.0 33,1.0 37,1.0 93,1.0 94,1.0 
37,1.0 38,1.0 53,1.0 94,1.0 
37,1.0 38,1.0 53,1.0 93,1.0 
0,1.0 29,2.0 31,1.0 33,1.0 34,1.0 38,1.0 56,1.0 80,1.0 90,1.0 91,1.0 
36,1.0 74,1.0 97,1.0 98,1.0 
22,1.0 29,1.0 31,1.0 33,1.0 34,1.0 95,1.0 98,1.0 100,1.0 101,1.0 102,1.0 
5,3.0 10,5.0 11,2.0 12,3.0 16,5.0 24,2.0 29,4.0 31,2.0 33,1.0 34,2.0 36,2.0 38,2.0 72,1.0 95,1.0 97,1.0 103,1.0 108,3.0 115,2.0 117,1.0 124,3.0 
67,2.0 104,1.0 117,1.0 
22,1.0 97,1.0 101,1.0 102,1.0 
1,5.0 5,2.0 6,2.0 10,2.0 11,4.0 12,2.0 19,1.0 20,1.0 21,1.0 24,4.0 26,4.0 29,3.0 33,1.0 34,1.0 36,1.0 45,2.0 58,2.0 61,1.0 72,1.0 98,1.0 102,6.0 103,1.0 110,2.0 114,2.0 116,2.0 123,2.0 154,1.0 156,1.0 
1,3.0 6,2.0 10,2.0 11,4.0 20,1.0 21,1.0 24,4.0 25,2.0 26,2.0 29,1.0 33,1.0 34,1.0 36,4.0 45,2.0 58,2.0 61,1.0 72,1.0 101,6.0 110,2.0 114,2.0 144,4.0 145,4.0 146,2.0 151,2.0 152,2.0 154,1.0 156,1.0 
16,1.0 31,1.0 34,1.0 72,1.0 98,1.0 
105,1.0 
105,2.0 106,1.0 
107,1.0 
3,1.0 10,1.0 22,1.0 36,1.0 58,1.0 101,1.0 102,1.0 108,1.0 114,2.0 154,1.0 156,1.0 157,1.0 158,1.0 159,1.0 160,1.0 161,1.0 
0,2.0 5,3.0 10,4.0 12,6.0 16,2.0 20,2.0 22,3.0 26,2.0 29,5.0 36,3.0 58,1.0 98,3.0 117,1.0 124,3.0 
10,1.0 12,1.0 24,2.0 58,1.0 101,2.0 102,2.0 110,2.0 
1,2.0 6,2.0 11,2.0 12,2.0 19,2.0 24,4.0 36,2.0 38,2.0 45,2.0 58,2.0 101,2.0 102,2.0 122,2.0 
12,2.0 26,2.0 112,2.0 113,2.0 
10,1.0 12,3.0 22,1.0 26,2.0 36,1.0 58,1.0 109,1.0 111,2.0 113,2.0 
12,2.0 26,2.0 111,2.0 112,2.0 
3,1.0 5,1.0 10,3.0 11,4.0 16,3.0 22,1.0 36,1.0 38,2.0 47,2.0 58,3.0 99,1.0 101,1.0 102,1.0 107,2.0 112,1.0 154,1.0 156,1.0 157,1.0 158,1.0 159,1.0 160,1.0 161,1.0 
10,2.0 11,2.0 20,4.0 21,2.0 28,2.0 38,2.0 58,4.0 147,2.0 
1,2.0 3,2.0 5,4.0 11,2.0 12,2.0 19,2.0 26,2.0 29,2.0 38,2.0 47,2.0 101,2.0 114,2.0 123,2.0 
0,1.0 10,1.0 12,2.0 29,2.0 118,2.0 119,2.0 120,2.0 121,1.0 
0,1.0 12,1.0 28,1.0 33,1.0 119,2.0 120,2.0 121,2.0 
0,1.0 12,1.0 28,1.0 33,1.0 118,2.0 120,2.0 121,2.0 
0,1.0 12,1.0 28,1.0 33,1.0 118,2.0 119,2.0 121,2.0 
0,2.0 12,4.0 28,1.0 31,1.0 33,2.0 38,2.0 47,1.0 56,1.0 58,2.0 118,1.0 119,1.0 120,1.0 122,2.0 
0,2.0 1,7.0 6,2.0 11,2.0 12,15.0 19,2.0 20,2.0 23,1.0 24,2.0 26,4.0 28,2.0 29,6.0 34,5.0 36,2.0 38,6.0 45,2.0 58,11.0 110,2.0 
1,2.0 3,2.0 5,2.0 9,1.0 10,2.0 12,2.0 20,1.0 21,1.0 26,2.0 28,1.0 29,2.0 58,1.0 101,2.0 107,1.0 114,1.0 116,2.0 153,2.0 154,2.0 155,1.0 156,1.0 
5,3.0 10,3.0 12,3.0 16,2.0 29,3.0 98,3.0 108,3.0 117,1.0 
1,2.0 2,2.0 6,2.0 11,2.0 13,12.0 15,12.0 29,2.0 56,2.0 57,12.0 60,12.0 125,8.0 126,12.0 127,4.0 128,4.0 129,12.0 130,4.0 131,4.0 132,2.0 136,4.0 137,4.0 142,4.0 143,4.0 
1,2.0 2,2.0 6,2.0 29,2.0 56,2.0 57,12.0 60,12.0 125,12.0 126,4.0 127,4.0 128,4.0 136,4.0 137,4.0 
1,2.0 29,2.0 56,2.0 57,2.0 60,2.0 125,2.0 126,2.0 128,2.0 
1,2.0 29,2.0 56,2.0 57,2.0 60,2.0 125,2.0 126,2.0 127,2.0 
11,2.0 13,12.0 15,12.0 125,12.0 129,4.0 130,4.0 131,4.0 132,2.0 142,4.0 143,4.0 
13,2.0 15,2.0 125,2.0 129,2.0 131,2.0 132,2.0 
13,2.0 15,2.0 125,2.0 129,2.0 130,2.0 132,2.0 
133,2.0 
134,2.0 135,2.0 
0,2.0 12,2.0 29,2.0 135,2.0 
0,2.0 12,2.0 29,2.0 134,2.0 
2,2.0 6,2.0 57,2.0 60,2.0 125,2.0 126,2.0 137,2.0 
2,2.0 6,2.0 57,2.0 60,2.0 125,2.0 126,2.0 136,2.0 
139,2.0 
140,2.0 141,2.0 
1,2.0 29,2.0 56,2.0 141,2.0 
1,2.0 29,2.0 56,2.0 140,2.0 
11,2.0 13,2.0 15,2.0 125,2.0 129,2.0 143,2.0 
11,2.0 13,2.0 15,2.0 125,2.0 129,2.0 142,2.0 
25,2.0 36,4.0 102,4.0 145,4.0 146,2.0 151,2.0 152,2.0 
25,2.0 36,4.0 102,4.0 144,4.0 146,2.0 151,2.0 152,2.0 
25,2.0 36,2.0 102,2.0 144,2.0 145,2.0 
148,2.0 
149,2.0 150,2.0 
1,2.0 2,2.0 11,2.0 150,2.0 
1,2.0 2,2.0 11,2.0 149,2.0 
36,2.0 102,2.0 144,2.0 145,2.0 152,2.0 
58,2.0 115,2.0 
3,1.0 10,1.0 20,1.0 21,1.0 28,1.0 58,1.0 107,1.0 114,1.0 123,3.0 154,3.0 155,1.0 156,1.0 162,1.0 
1,1.0 3,1.0 10,1.0 20,2.0 21,2.0 28,1.0 58,1.0 101,1.0 102,1.0 107,1.0 114,1.0 123,3.0 153,3.0 155,1.0 156,2.0 162,1.0 
3,1.0 10,1.0 58,1.0 107,1.0 114,1.0 123,1.0 153,1.0 154,1.0 156,1.0 
1,1.0 3,1.0 10,1.0 20,1.0 21,1.0 58,1.0 101,1.0 102,1.0 107,1.0 114,1.0 123,1.0 153,1.0 154,2.0 155,1.0 
0,1.0 12,1.0 29,1.0 158,1.0 159,1.0 160,1.0 161,1.0 
0,1.0 12,1.0 29,1.0 157,1.0 159,1.0 160,1.0 161,1.0 
0,1.0 12,1.0 29,1.0 157,1.0 158,1.0 160,1.0 161,1.0 
0,1.0 12,1.0 29,1.0 157,1.0 158,1.0 159,1.0 161,1.0 
0,1.0 12,1.0 29,1.0 157,1.0 158,1.0 159,1.0 160,1.0 
123,1.0 153,1.0 154,1.0 165,1.0 166,1.0 167,1.0 168,1.0 
162,1.0 164,1.0 165,1.0 166,1.0 167,1.0 168,1.0 
162,1.0 163,1.0 165,1.0 166,1.0 167,1.0 168,1.0 
162,1.0 166,1.0 167,1.0 168,1.0 
162,1.0 165,1.0 167,1.0 168,1.0 
162,1.0 165,1.0 166,1.0 168,1.0 
162,1.0 165,1.0 166,1.0 167,1.0 
