1,2.0 2,2.0 3,2.0 4,2.0 5,2.0 6,2.0 7,2.0 
0,2.0 2,2.0 3,2.0 4,3.0 5,2.0 6,2.0 7,2.0 8,2.0 9,2.0 10,1.0 51,1.0 187,1.0 215,1.0 
0,2.0 1,2.0 3,2.0 4,2.0 5,2.0 6,2.0 7,2.0 
0,2.0 1,2.0 2,2.0 4,2.0 5,2.0 6,2.0 7,2.0 
0,2.0 1,2.0 2,2.0 3,2.0 5,2.0 6,2.0 7,2.0 9,1.0 10,1.0 11,1.0 
0,2.0 1,2.0 2,2.0 3,2.0 4,2.0 6,2.0 7,2.0 
0,2.0 1,2.0 2,2.0 3,2.0 4,2.0 5,2.0 7,2.0 
1,2.0 8,2.0 
1,2.0 4,1.0 9,2.0 10,1.0 20,2.0 21,2.0 32,4.0 43,4.0 51,1.0 72,2.0 123,4.0 124,2.0 125,2.0 128,2.0 130,1.0 136,1.0 137,2.0 144,4.0 176,2.0 187,1.0 195,2.0 215,1.0 
4,1.0 10,1.0 11,1.0 12,1.0 17,1.0 18,1.0 51,1.0 187,1.0 215,1.0 216,1.0 217,1.0 218,1.0 219,1.0 
4,1.0 9,1.0 11,1.0 
12,1.0 13,1.0 14,1.0 15,1.0 16,1.0 17,1.0 18,1.0 19,2.0 22,2.0 27,3.0 108,3.0 
13,1.0 14,1.0 15,1.0 16,1.0 17,2.0 18,2.0 19,1.0 216,1.0 217,1.0 218,1.0 219,1.0 
12,1.0 14,1.0 15,1.0 16,1.0 17,1.0 18,1.0 19,1.0 
12,1.0 13,1.0 15,1.0 16,1.0 17,1.0 18,1.0 19,1.0 
12,1.0 13,1.0 14,1.0 16,1.0 17,1.0 18,1.0 19,1.0 
12,1.0 13,1.0 14,1.0 15,1.0 17,1.0 18,1.0 19,1.0 
12,2.0 13,1.0 14,1.0 15,1.0 16,1.0 18,2.0 19,1.0 216,1.0 217,1.0 218,1.0 219,1.0 
12,2.0 13,1.0 14,1.0 15,1.0 16,1.0 17,2.0 19,1.0 216,1.0 217,1.0 218,1.0 219,1.0 
20,31.0 21,42.0 24,11.0 27,7.0 28,7.0 34,2.0 36,2.0 38,2.0 39,2.0 69,2.0 70,1.0 72,3.0 80,2.0 126,1.0 
11,2.0 21,43.0 22,33.0 23,15.0 30,7.0 33,11.0 40,7.0 43,2.0 46,7.0 53,5.0 54,2.0 63,6.0 64,5.0 70,1.0 72,3.0 76,5.0 78,1.0 82,2.0 85,5.0 91,1.0 118,1.0 123,4.0 140,2.0 144,2.0 165,1.0 208,1.0 212,1.0 
11,2.0 20,44.0 22,35.0 23,14.0 24,12.0 25,11.0 26,7.0 27,8.0 30,7.0 33,6.0 37,2.0 40,2.0 43,2.0 45,1.0 54,2.0 58,1.0 64,14.0 70,1.0 72,4.0 73,1.0 77,6.0 79,2.0 82,2.0 85,5.0 86,4.0 91,1.0 95,2.0 109,2.0 118,1.0 123,4.0 144,2.0 161,1.0 165,1.0 208,1.0 209,1.0 
11,2.0 19,35.0 23,14.0 29,7.0 30,7.0 31,2.0 32,2.0 33,6.0 35,2.0 37,2.0 43,2.0 44,11.0 45,2.0 72,4.0 85,4.0 95,4.0 
19,14.0 20,1.0 22,14.0 63,1.0 91,4.0 92,4.0 93,4.0 212,1.0 
21,12.0 25,11.0 26,7.0 70,1.0 86,4.0 
19,11.0 26,7.0 86,4.0 
19,9.0 25,7.0 61,2.0 62,2.0 
11,3.0 22,7.0 26,2.0 28,10.0 29,7.0 30,6.0 34,4.0 51,8.0 52,2.0 56,1.0 59,2.0 60,6.0 61,2.0 62,2.0 74,2.0 94,4.0 108,3.0 120,1.0 126,1.0 134,4.0 193,2.0 194,2.0 
11,3.0 22,7.0 27,14.0 29,7.0 30,7.0 37,1.0 44,4.0 47,6.0 51,1.0 52,2.0 53,4.0 54,5.0 56,1.0 57,6.0 59,1.0 70,1.0 83,5.0 84,5.0 110,2.0 126,1.0 206,1.0 214,1.0 
19,7.0 22,7.0 65,4.0 93,4.0 
22,9.0 31,2.0 32,15.0 44,5.0 61,4.0 69,1.0 73,4.0 90,8.0 
27,2.0 28,2.0 106,4.0 
8,4.0 19,2.0 20,7.0 21,2.0 22,2.0 28,4.0 43,4.0 48,2.0 49,1.0 61,4.0 73,4.0 90,4.0 97,1.0 106,1.0 123,4.0 124,2.0 125,2.0 130,4.0 135,2.0 144,4.0 147,1.0 174,2.0 
19,2.0 20,5.0 22,6.0 40,5.0 44,4.0 64,5.0 
22,6.0 35,2.0 47,4.0 56,5.0 67,5.0 68,5.0 72,4.0 94,4.0 95,4.0 
19,2.0 22,2.0 
21,2.0 56,1.0 192,1.0 209,1.0 
0,1.0 1,1.0 2,1.0 3,1.0 4,1.0 5,1.0 6,1.0 19,2.0 22,2.0 59,1.0 70,2.0 72,2.0 124,1.0 125,2.0 134,1.0 147,2.0 148,2.0 206,1.0 214,1.0 
20,2.0 21,2.0 43,1.0 54,1.0 74,1.0 125,1.0 145,1.0 172,1.0 197,1.0 
40,2.0 
41,7.0 42,2.0 65,5.0 66,5.0 68,1.0 70,5.0 125,1.0 133,1.0 145,1.0 170,1.0 186,1.0 
20,2.0 21,2.0 40,10.0 41,5.0 69,6.0 70,5.0 123,1.0 130,1.0 131,1.0 135,1.0 
22,2.0 40,1.0 43,2.0 130,1.0 131,1.0 
20,2.0 21,2.0 22,2.0 43,21.0 44,2.0 45,2.0 48,18.0 52,2.0 54,15.0 58,1.0 70,10.0 72,4.0 74,5.0 97,4.0 123,39.0 124,19.0 125,49.0 126,5.0 127,2.0 128,6.0 129,5.0 130,14.0 131,4.0 134,20.0 135,8.0 136,3.0 137,4.0 139,2.0 142,2.0 144,4.0 145,15.0 146,4.0 147,8.0 150,9.0 151,8.0 152,2.0 153,4.0 157,3.0 160,1.0 164,1.0 165,1.0 166,1.0 167,2.0 168,4.0 171,1.0 172,15.0 176,4.0 187,1.0 188,2.0 189,1.0 
28,5.0 45,2.0 46,2.0 47,8.0 57,5.0 70,1.0 71,5.0 72,5.0 
20,1.0 21,1.0 44,2.0 46,2.0 64,1.0 165,1.0 
21,4.0 47,2.0 53,5.0 64,4.0 109,5.0 140,2.0 
23,4.0 27,1.0 28,7.0 29,4.0 30,8.0 48,2.0 49,2.0 51,6.0 54,6.0 56,1.0 65,4.0 83,5.0 84,5.0 87,4.0 89,4.0 90,4.0 91,8.0 92,4.0 98,4.0 99,4.0 100,4.0 101,4.0 103,2.0 110,1.0 124,1.0 143,1.0 149,1.0 175,1.0 176,1.0 177,1.0 178,1.0 
19,1.0 37,2.0 43,14.0 47,1.0 48,8.0 49,4.0 50,2.0 52,1.0 54,6.0 64,2.0 70,8.0 72,4.0 97,1.0 106,1.0 110,1.0 123,4.0 125,16.0 128,1.0 130,10.0 131,4.0 134,4.0 135,1.0 137,4.0 142,2.0 145,2.0 147,9.0 148,2.0 153,1.0 164,1.0 166,1.0 175,1.0 200,1.0 201,1.0 
19,1.0 43,3.0 48,3.0 50,2.0 54,1.0 106,1.0 125,3.0 130,1.0 134,8.0 135,1.0 147,4.0 151,3.0 159,3.0 166,1.0 167,1.0 
47,2.0 
9,1.0 12,1.0 17,1.0 18,1.0 21,4.0 28,2.0 52,1.0 60,4.0 73,8.0 89,4.0 187,1.0 206,1.0 207,1.0 215,1.0 216,1.0 217,1.0 218,1.0 219,1.0 
27,2.0 28,1.0 43,3.0 52,16.0 53,2.0 54,1.0 57,1.0 70,1.0 72,10.0 74,14.0 97,2.0 110,1.0 123,6.0 125,4.0 127,2.0 128,4.0 130,19.0 131,2.0 134,34.0 135,2.0 136,6.0 137,8.0 145,6.0 146,18.0 147,4.0 150,4.0 151,2.0 152,3.0 153,3.0 155,1.0 158,1.0 163,2.0 164,1.0 170,9.0 171,3.0 172,8.0 176,32.0 188,2.0 190,2.0 193,4.0 194,2.0 196,6.0 200,1.0 201,1.0 202,2.0 203,1.0 
21,2.0 46,5.0 47,4.0 54,2.0 56,5.0 64,2.0 67,5.0 109,3.0 
19,4.0 20,1.0 21,1.0 24,1.0 37,2.0 43,13.0 44,1.0 48,9.0 52,1.0 55,2.0 64,2.0 70,7.0 72,1.0 74,1.0 82,2.0 84,5.0 117,1.0 122,1.0 123,12.0 124,4.0 125,14.0 130,8.0 131,9.0 134,2.0 135,7.0 136,2.0 137,5.0 140,2.0 145,6.0 146,2.0 147,2.0 148,4.0 149,1.0 154,1.0 155,2.0 156,1.0 158,1.0 164,1.0 167,2.0 172,2.0 
56,5.0 57,1.0 67,4.0 73,1.0 
21,2.0 27,1.0 34,5.0 36,1.0 53,5.0 55,1.0 57,2.0 63,1.0 67,26.0 68,5.0 120,1.0 140,1.0 192,2.0 209,5.0 210,1.0 211,1.0 
28,6.0 30,5.0 32,2.0 58,2.0 67,1.0 70,1.0 73,6.0 74,6.0 81,1.0 130,2.0 135,2.0 148,1.0 149,2.0 174,2.0 191,1.0 
28,1.0 42,1.0 55,2.0 67,3.0 80,1.0 81,6.0 82,5.0 89,1.0 102,1.0 110,1.0 121,1.0 125,1.0 130,1.0 131,1.0 132,1.0 134,1.0 145,1.0 157,1.0 172,2.0 181,1.0 191,1.0 
0,1.0 1,1.0 2,1.0 3,1.0 4,1.0 5,1.0 6,1.0 21,2.0 37,1.0 60,2.0 206,1.0 214,1.0 
21,6.0 51,4.0 59,2.0 
19,2.0 26,2.0 28,4.0 32,4.0 62,2.0 70,1.0 
19,2.0 26,2.0 61,2.0 67,4.0 70,2.0 110,2.0 
20,5.0 21,7.0 33,5.0 45,1.0 56,1.0 64,12.0 95,1.0 209,1.0 212,2.0 
20,6.0 21,14.0 33,5.0 40,5.0 43,2.0 45,1.0 48,4.0 54,2.0 58,1.0 72,1.0 73,1.0 77,6.0 79,2.0 95,2.0 108,3.0 109,2.0 125,4.0 130,2.0 137,2.0 145,4.0 147,1.0 148,2.0 161,1.0 165,1.0 171,1.0 172,3.0 173,3.0 
29,4.0 31,2.0 47,4.0 56,5.0 66,5.0 69,2.0 88,4.0 93,4.0 
56,5.0 65,5.0 
34,5.0 41,6.0 53,5.0 55,3.0 56,20.0 57,1.0 58,1.0 62,4.0 68,5.0 70,2.0 73,1.0 81,1.0 89,1.0 110,2.0 112,2.0 121,1.0 123,1.0 130,1.0 131,1.0 135,1.0 140,1.0 192,1.0 211,1.0 
34,5.0 56,5.0 67,5.0 123,1.0 124,1.0 131,1.0 133,1.0 134,1.0 135,1.0 
19,2.0 31,2.0 41,5.0 47,2.0 54,1.0 65,2.0 80,3.0 102,2.0 121,1.0 154,1.0 155,1.0 
19,5.0 20,5.0 31,2.0 37,2.0 43,9.0 44,5.0 48,6.0 52,3.0 54,4.0 57,5.0 58,3.0 63,1.0 69,2.0 71,5.0 72,12.0 73,5.0 74,3.0 82,3.0 95,1.0 97,1.0 111,2.0 116,2.0 118,3.0 122,1.0 123,12.0 124,18.0 125,15.0 126,1.0 130,9.0 131,15.0 132,1.0 134,8.0 135,12.0 136,2.0 137,12.0 138,1.0 141,4.0 142,8.0 147,7.0 148,3.0 150,3.0 151,1.0 156,1.0 170,4.0 176,2.0 212,1.0 
44,5.0 72,5.0 
8,2.0 34,4.0 43,6.0 47,4.0 48,4.0 52,9.0 67,1.0 70,20.0 73,1.0 74,4.0 82,3.0 96,4.0 97,1.0 123,18.0 124,14.0 125,26.0 128,10.0 130,24.0 131,15.0 134,15.0 135,13.0 136,3.0 137,15.0 145,5.0 146,6.0 147,5.0 153,1.0 154,1.0 155,1.0 158,1.0 170,8.0 172,12.0 175,1.0 176,15.0 184,1.0 185,1.0 187,1.0 189,5.0 190,8.0 195,3.0 196,1.0 
20,1.0 23,1.0 27,4.0 30,1.0 47,12.0 57,6.0 58,6.0 67,1.0 74,5.0 81,1.0 82,1.0 95,1.0 120,1.0 161,1.0 168,1.0 213,1.0 
8,2.0 19,1.0 20,3.0 21,3.0 38,1.0 43,4.0 52,11.0 54,1.0 70,3.0 72,7.0 75,5.0 96,2.0 110,1.0 118,3.0 120,2.0 123,11.0 124,4.0 125,10.0 128,1.0 130,4.0 134,10.0 136,2.0 137,2.0 140,2.0 145,10.0 146,9.0 147,4.0 148,1.0 150,4.0 154,1.0 157,1.0 160,1.0 170,2.0 172,6.0 175,1.0 176,12.0 195,4.0 197,1.0 202,2.0 
20,1.0 70,5.0 
63,5.0 
20,1.0 78,6.0 
20,6.0 46,1.0 140,1.0 
80,2.0 
38,1.0 69,2.0 73,2.0 74,1.0 110,1.0 121,1.0 122,1.0 157,1.0 172,1.0 182,1.0 197,1.0 
58,6.0 75,1.0 
19,3.0 28,6.0 47,6.0 54,1.0 70,4.0 74,3.0 83,5.0 95,1.0 97,2.0 110,1.0 117,1.0 119,1.0 123,2.0 
28,5.0 47,5.0 54,5.0 84,5.0 123,1.0 124,1.0 126,1.0 147,2.0 150,1.0 205,1.0 
19,4.0 54,5.0 117,1.0 
19,4.0 20,1.0 21,1.0 22,4.0 91,1.0 118,1.0 
19,4.0 25,4.0 
65,4.0 88,4.0 
47,4.0 58,1.0 65,4.0 125,2.0 130,1.0 134,1.0 136,1.0 156,1.0 172,2.0 180,1.0 181,1.0 
51,5.0 58,1.0 67,1.0 73,4.0 121,1.0 206,1.0 
30,4.0 32,4.0 73,8.0 
20,1.0 21,1.0 23,4.0 82,1.0 92,4.0 93,8.0 98,4.0 99,4.0 
23,4.0 91,4.0 93,4.0 
27,8.0 47,4.0 
22,4.0 34,4.0 95,4.0 
21,1.0 22,4.0 28,1.0 47,1.0 63,1.0 64,1.0 70,1.0 72,4.0 73,2.0 82,1.0 110,1.0 130,1.0 134,1.0 170,1.0 175,1.0 176,1.0 183,1.0 212,1.0 
52,2.0 54,1.0 74,2.0 83,1.0 97,4.0 123,2.0 124,1.0 143,1.0 145,2.0 146,4.0 147,3.0 148,1.0 176,4.0 195,1.0 205,1.0 
19,1.0 34,4.0 43,4.0 47,1.0 48,1.0 52,2.0 70,3.0 72,4.0 82,1.0 116,2.0 123,7.0 124,2.0 125,5.0 126,2.0 127,2.0 128,4.0 129,1.0 130,3.0 131,2.0 134,7.0 135,5.0 136,4.0 137,2.0 145,3.0 147,2.0 157,1.0 163,1.0 164,1.0 170,1.0 171,2.0 172,5.0 175,1.0 
91,4.0 93,4.0 99,4.0 
91,4.0 93,4.0 98,4.0 107,4.0 
28,4.0 
62,4.0 67,4.0 
69,2.0 80,1.0 125,1.0 134,1.0 145,1.0 172,1.0 
104,2.0 
105,2.0 
65,2.0 69,2.0 
19,1.0 48,1.0 49,1.0 99,4.0 130,1.0 
28,3.0 89,1.0 
27,2.0 52,4.0 82,3.0 127,2.0 130,2.0 134,5.0 137,2.0 145,4.0 146,2.0 147,2.0 153,1.0 170,1.0 172,3.0 173,3.0 176,2.0 192,4.0 193,4.0 194,2.0 
21,5.0 58,1.0 64,5.0 73,1.0 161,1.0 
27,1.0 28,2.0 37,1.0 47,1.0 48,1.0 52,1.0 56,1.0 59,1.0 70,2.0 74,1.0 111,2.0 122,1.0 123,1.0 124,1.0 125,1.0 134,1.0 136,1.0 137,1.0 146,1.0 198,1.0 200,1.0 201,2.0 206,1.0 214,1.0 
58,2.0 70,2.0 
113,2.0 
114,2.0 
97,2.0 115,2.0 
114,2.0 
31,2.0 70,2.0 
20,2.0 21,2.0 
20,1.0 21,1.0 70,1.0 72,4.0 74,1.0 85,1.0 91,1.0 123,4.0 
73,1.0 120,1.0 
30,1.0 70,2.0 73,2.0 134,2.0 168,1.0 
58,1.0 67,1.0 80,1.0 89,1.0 110,1.0 122,1.0 
43,1.0 70,1.0 74,2.0 88,1.0 110,1.0 123,2.0 124,2.0 125,2.0 150,1.0 172,1.0 179,1.0 180,1.0 
20,2.0 21,2.0 41,1.0 43,43.0 48,5.0 52,4.0 54,17.0 58,1.0 64,1.0 67,1.0 69,1.0 70,12.0 72,23.0 74,10.0 82,2.0 97,5.0 123,43.0 124,36.0 125,65.0 126,7.0 127,3.0 128,15.0 129,6.0 130,47.0 131,24.0 132,1.0 134,4.0 135,20.0 136,17.0 137,2.0 139,4.0 140,4.0 144,4.0 145,6.0 146,6.0 147,3.0 148,1.0 150,10.0 151,8.0 152,2.0 153,3.0 155,1.0 157,1.0 158,1.0 161,3.0 162,1.0 165,1.0 166,1.0 167,1.0 168,2.0 169,2.0 172,24.0 175,1.0 176,2.0 187,2.0 189,2.0 
43,20.0 54,7.0 70,17.0 72,8.0 74,2.0 83,1.0 97,4.0 122,2.0 123,39.0 124,24.0 125,29.0 126,5.0 127,2.0 128,3.0 129,2.0 131,24.0 134,4.0 135,24.0 136,9.0 137,13.0 138,2.0 139,4.0 141,4.0 142,5.0 144,2.0 145,4.0 146,2.0 147,3.0 150,10.0 151,2.0 152,2.0 153,2.0 157,1.0 163,2.0 176,1.0 177,1.0 178,1.0 179,1.0 205,1.0 
8,2.0 40,1.0 43,52.0 48,20.0 52,1.0 54,13.0 58,2.0 64,2.0 70,16.0 72,27.0 74,11.0 80,1.0 88,1.0 97,6.0 102,1.0 123,52.0 124,27.0 125,40.0 126,4.0 127,4.0 128,12.0 129,4.0 130,39.0 131,2.0 134,28.0 136,5.0 137,4.0 139,4.0 142,4.0 144,2.0 145,27.0 146,6.0 147,12.0 148,1.0 151,6.0 155,1.0 156,1.0 157,4.0 158,1.0 160,1.0 168,4.0 170,8.0 172,39.0 175,1.0 180,1.0 181,1.0 184,1.0 185,1.0 186,1.0 187,2.0 189,6.0 190,4.0 195,2.0 
43,3.0 48,1.0 64,1.0 70,1.0 82,1.0 97,1.0 123,7.0 124,2.0 125,5.0 127,4.0 128,1.0 129,1.0 130,4.0 131,1.0 134,5.0 135,2.0 136,2.0 145,2.0 147,1.0 148,1.0 150,1.0 153,1.0 157,1.0 170,2.0 172,2.0 176,2.0 
43,2.0 48,1.0 52,2.0 57,2.0 97,4.0 110,1.0 123,4.0 124,2.0 125,4.0 130,4.0 131,2.0 134,7.0 135,2.0 136,4.0 137,3.0 145,4.0 146,2.0 149,2.0 153,2.0 163,1.0 170,1.0 171,1.0 172,5.0 176,2.0 
27,1.0 28,1.0 43,3.0 52,4.0 58,1.0 72,13.0 97,2.0 122,1.0 123,13.0 124,1.0 125,14.0 127,1.0 129,2.0 130,18.0 131,3.0 134,8.0 135,5.0 136,5.0 137,5.0 145,5.0 146,4.0 147,2.0 157,1.0 160,1.0 163,1.0 170,2.0 172,12.0 176,11.0 179,1.0 
43,2.0 72,1.0 97,1.0 123,4.0 126,1.0 127,1.0 128,2.0 130,4.0 131,2.0 135,2.0 136,2.0 137,2.0 161,2.0 168,2.0 169,2.0 
19,1.0 32,2.0 37,2.0 40,1.0 41,1.0 42,1.0 43,17.0 47,1.0 48,10.0 49,2.0 52,20.0 54,8.0 58,1.0 67,1.0 69,1.0 70,10.0 72,23.0 74,8.0 97,5.0 106,2.0 123,40.0 125,38.0 126,2.0 127,5.0 128,10.0 130,36.0 131,20.0 132,1.0 134,42.0 135,10.0 136,11.0 137,7.0 147,4.0 148,3.0 150,2.0 151,5.0 152,2.0 153,6.0 155,1.0 156,1.0 158,1.0 161,5.0 162,1.0 163,1.0 169,4.0 170,20.0 171,2.0 172,27.0 174,2.0 175,2.0 176,29.0 187,2.0 188,4.0 189,6.0 190,5.0 193,2.0 196,2.0 
37,2.0 40,1.0 41,1.0 42,1.0 43,1.0 48,2.0 52,1.0 54,10.0 58,1.0 67,1.0 69,1.0 70,19.0 72,11.0 97,2.0 122,1.0 123,23.0 124,24.0 127,1.0 128,2.0 130,18.0 131,19.0 132,1.0 134,1.0 135,41.0 136,16.0 137,19.0 138,2.0 141,4.0 142,4.0 148,2.0 
42,1.0 58,1.0 130,1.0 131,1.0 
68,1.0 123,1.0 124,1.0 131,1.0 134,1.0 135,1.0 
27,2.0 43,21.0 48,1.0 49,4.0 52,37.0 54,3.0 58,1.0 64,2.0 70,5.0 72,14.0 74,15.0 80,1.0 96,1.0 97,9.0 102,1.0 118,4.0 120,2.0 123,4.0 124,5.0 125,33.0 126,4.0 127,5.0 128,11.0 130,38.0 131,2.0 134,39.0 135,8.0 136,3.0 137,4.0 145,22.0 146,5.0 147,13.0 148,1.0 150,2.0 151,8.0 152,3.0 153,10.0 155,2.0 157,5.0 158,2.0 159,3.0 160,2.0 163,2.0 164,1.0 166,2.0 167,2.0 168,2.0 170,29.0 171,5.0 172,16.0 176,37.0 184,1.0 185,1.0 188,4.0 193,4.0 194,2.0 195,1.0 196,6.0 199,2.0 200,1.0 201,1.0 202,1.0 204,1.0 
32,2.0 41,1.0 43,5.0 48,4.0 49,1.0 52,1.0 54,8.0 67,1.0 69,1.0 70,13.0 72,10.0 97,6.0 106,1.0 122,1.0 123,19.0 124,24.0 126,2.0 127,1.0 128,3.0 130,12.0 131,41.0 134,6.0 135,18.0 136,16.0 137,19.0 138,2.0 141,4.0 142,4.0 147,4.0 153,1.0 155,1.0 158,1.0 163,1.0 164,2.0 167,2.0 174,2.0 
43,3.0 48,1.0 52,6.0 54,4.0 67,1.0 72,5.0 74,3.0 97,4.0 110,1.0 123,18.0 124,7.0 125,6.0 126,1.0 127,6.0 128,4.0 129,1.0 130,13.0 131,16.0 134,3.0 135,16.0 136,11.0 137,13.0 138,1.0 139,2.0 145,2.0 146,1.0 152,1.0 153,1.0 157,1.0 160,1.0 162,2.0 163,3.0 164,1.0 172,8.0 176,11.0 196,4.0 198,3.0 201,1.0 202,2.0 203,1.0 
43,3.0 48,5.0 52,8.0 54,6.0 57,2.0 64,1.0 70,13.0 72,17.0 74,1.0 96,1.0 97,1.0 110,1.0 122,1.0 123,2.0 124,20.0 125,2.0 127,4.0 128,4.0 130,8.0 131,27.0 134,6.0 135,25.0 136,14.0 137,13.0 138,2.0 145,2.0 146,8.0 149,2.0 153,4.0 161,2.0 162,2.0 169,2.0 170,4.0 171,1.0 172,4.0 176,13.0 190,3.0 195,1.0 196,2.0 198,3.0 201,1.0 202,1.0 
54,1.0 123,1.0 124,1.0 131,1.0 135,1.0 136,1.0 137,1.0 
43,2.0 54,2.0 123,4.0 124,2.0 125,2.0 
21,2.0 46,2.0 56,1.0 64,2.0 67,1.0 70,4.0 109,2.0 137,4.0 
142,4.0 143,4.0 
47,1.0 96,1.0 141,4.0 143,8.0 
8,4.0 32,4.0 47,1.0 48,2.0 54,4.0 64,2.0 96,1.0 125,2.0 145,2.0 148,1.0 149,1.0 
20,2.0 21,2.0 43,6.0 54,4.0 123,6.0 124,2.0 125,4.0 145,2.0 146,2.0 
8,2.0 40,1.0 43,16.0 48,6.0 52,5.0 54,5.0 57,2.0 58,1.0 64,2.0 70,2.0 72,8.0 74,10.0 80,1.0 97,2.0 102,1.0 108,2.0 122,1.0 123,3.0 124,1.0 125,31.0 126,1.0 127,6.0 128,7.0 130,2.0 134,22.0 136,1.0 137,6.0 145,13.0 146,12.0 147,2.0 149,2.0 154,1.0 157,1.0 160,1.0 163,1.0 166,1.0 170,8.0 172,13.0 173,2.0 176,10.0 179,1.0 184,1.0 185,1.0 186,1.0 195,3.0 196,2.0 199,2.0 204,1.0 
8,2.0 43,4.0 48,2.0 52,14.0 54,2.0 57,2.0 70,2.0 72,8.0 74,6.0 96,2.0 97,1.0 110,1.0 123,4.0 125,8.0 127,2.0 128,4.0 134,4.0 136,3.0 137,10.0 145,12.0 146,8.0 147,4.0 149,2.0 152,1.0 172,1.0 176,16.0 190,2.0 195,2.0 198,1.0 201,1.0 
43,9.0 47,1.0 48,7.0 49,4.0 52,6.0 54,1.0 64,2.0 70,7.0 72,6.0 74,4.0 83,1.0 96,2.0 97,3.0 108,1.0 123,6.0 124,3.0 125,14.0 126,2.0 128,1.0 130,1.0 134,14.0 135,4.0 137,2.0 142,3.0 145,2.0 146,6.0 147,4.0 148,2.0 150,4.0 151,3.0 153,2.0 159,3.0 163,1.0 164,1.0 166,1.0 167,1.0 170,2.0 172,1.0 173,1.0 175,1.0 176,8.0 205,1.0 
37,2.0 43,1.0 52,1.0 54,1.0 64,2.0 70,3.0 72,3.0 74,1.0 108,2.0 123,1.0 124,2.0 125,5.0 130,2.0 134,3.0 145,2.0 147,2.0 156,1.0 172,3.0 173,2.0 
32,2.0 43,1.0 54,1.0 57,2.0 124,1.0 130,2.0 131,1.0 135,3.0 137,1.0 174,2.0 
43,9.0 52,4.0 64,1.0 70,2.0 72,2.0 74,3.0 123,10.0 124,9.0 126,2.0 129,1.0 136,1.0 137,2.0 146,2.0 147,3.0 148,1.0 150,4.0 151,2.0 152,2.0 153,2.0 176,4.0 
43,9.0 52,2.0 123,5.0 124,2.0 125,6.0 128,1.0 129,3.0 130,2.0 134,5.0 150,2.0 152,2.0 157,3.0 160,1.0 168,4.0 170,2.0 
43,3.0 52,1.0 97,1.0 123,2.0 124,2.0 130,1.0 134,1.0 136,2.0 137,1.0 146,1.0 150,2.0 153,2.0 170,1.0 171,1.0 172,1.0 
43,3.0 48,1.0 52,1.0 64,2.0 72,1.0 96,1.0 123,1.0 124,1.0 125,1.0 126,3.0 128,1.0 129,1.0 130,2.0 134,11.0 135,1.0 136,2.0 137,2.0 145,2.0 146,1.0 147,2.0 148,1.0 150,1.0 152,1.0 163,1.0 170,5.0 171,2.0 172,2.0 176,3.0 195,1.0 
52,1.0 54,1.0 72,1.0 123,1.0 128,1.0 130,1.0 131,1.0 135,1.0 136,2.0 155,1.0 176,1.0 195,1.0 
49,3.0 52,1.0 54,1.0 123,1.0 131,1.0 134,3.0 135,1.0 136,1.0 147,3.0 154,1.0 158,3.0 159,3.0 
70,1.0 72,1.0 88,1.0 124,1.0 125,2.0 130,1.0 134,2.0 136,1.0 148,1.0 172,1.0 
70,1.0 80,1.0 123,5.0 125,1.0 126,1.0 130,4.0 136,2.0 137,2.0 160,3.0 161,3.0 162,3.0 168,2.0 169,2.0 172,1.0 182,1.0 198,2.0 
49,3.0 134,3.0 147,3.0 155,3.0 159,3.0 
43,3.0 49,3.0 125,3.0 134,6.0 147,3.0 151,3.0 
123,1.0 130,1.0 136,2.0 137,2.0 157,3.0 161,1.0 162,3.0 198,2.0 
43,3.0 58,1.0 73,1.0 123,6.0 125,3.0 130,5.0 134,2.0 137,4.0 151,3.0 153,2.0 162,1.0 169,4.0 170,2.0 
43,1.0 52,2.0 123,2.0 125,1.0 130,1.0 136,4.0 137,2.0 151,1.0 161,1.0 176,2.0 196,2.0 198,2.0 
43,1.0 72,1.0 122,1.0 123,1.0 124,1.0 128,1.0 134,4.0 145,4.0 153,1.0 164,2.0 165,1.0 166,2.0 176,1.0 179,1.0 199,2.0 203,1.0 204,1.0 
43,1.0 48,1.0 49,1.0 123,1.0 134,2.0 145,1.0 147,1.0 163,2.0 165,1.0 166,3.0 199,1.0 
20,1.0 43,2.0 46,1.0 54,1.0 123,1.0 135,1.0 140,1.0 166,1.0 167,1.0 
43,2.0 49,1.0 52,1.0 54,2.0 123,1.0 134,4.0 135,2.0 145,1.0 147,1.0 165,1.0 167,2.0 176,1.0 196,1.0 199,1.0 
43,1.0 48,1.0 54,2.0 134,1.0 135,2.0 155,1.0 158,1.0 164,1.0 
20,1.0 23,1.0 73,1.0 74,1.0 123,2.0 129,2.0 130,4.0 137,2.0 157,2.0 161,4.0 169,4.0 191,1.0 195,1.0 
43,2.0 123,4.0 125,2.0 130,4.0 134,2.0 137,4.0 151,2.0 153,2.0 161,4.0 170,2.0 
40,1.0 43,1.0 52,9.0 64,2.0 70,2.0 72,8.0 74,2.0 96,1.0 97,1.0 125,8.0 126,2.0 127,2.0 128,1.0 130,18.0 134,29.0 137,2.0 145,8.0 147,1.0 148,1.0 151,2.0 152,2.0 153,6.0 170,11.0 171,3.0 176,9.0 184,1.0 185,1.0 186,1.0 195,1.0 196,2.0 
43,2.0 52,2.0 64,1.0 97,2.0 108,1.0 125,2.0 126,1.0 127,1.0 128,1.0 134,4.0 145,2.0 147,1.0 153,1.0 170,1.0 172,3.0 173,1.0 
43,16.0 48,1.0 52,5.0 54,1.0 58,2.0 72,12.0 74,8.0 80,2.0 88,1.0 97,3.0 102,1.0 108,3.0 110,2.0 123,17.0 125,39.0 126,1.0 127,7.0 128,9.0 130,27.0 134,17.0 136,6.0 137,5.0 145,15.0 146,4.0 147,2.0 152,1.0 153,3.0 157,2.0 160,1.0 170,1.0 172,16.0 173,3.0 175,1.0 180,1.0 181,1.0 182,1.0 187,2.0 189,6.0 190,4.0 202,2.0 
108,3.0 127,2.0 134,1.0 137,2.0 145,4.0 146,2.0 147,2.0 153,1.0 170,1.0 172,3.0 
32,2.0 48,2.0 49,1.0 97,1.0 106,1.0 130,4.0 135,2.0 147,1.0 
47,1.0 52,1.0 70,2.0 72,1.0 95,1.0 124,1.0 130,2.0 134,2.0 170,2.0 176,2.0 177,1.0 178,1.0 183,1.0 
43,4.0 52,34.0 70,1.0 72,16.0 74,12.0 96,2.0 97,2.0 123,4.0 124,2.0 125,2.0 126,2.0 127,4.0 128,10.0 130,27.0 134,34.0 136,7.0 137,12.0 145,13.0 146,20.0 147,6.0 150,4.0 153,3.0 154,1.0 155,1.0 157,1.0 158,1.0 160,1.0 163,4.0 164,1.0 170,9.0 171,2.0 176,23.0 177,1.0 178,1.0 188,4.0 190,4.0 193,2.0 195,1.0 196,4.0 203,1.0 
124,2.0 128,1.0 145,1.0 163,1.0 176,1.0 178,1.0 
124,2.0 128,1.0 145,1.0 163,1.0 176,1.0 177,1.0 
88,1.0 122,1.0 125,1.0 172,1.0 180,1.0 
58,1.0 88,1.0 125,1.0 172,1.0 181,1.0 
58,1.0 80,1.0 157,1.0 172,1.0 
95,1.0 175,1.0 183,1.0 
70,1.0 95,1.0 130,1.0 134,1.0 170,1.0 175,1.0 176,1.0 
40,1.0 125,1.0 145,1.0 170,1.0 185,1.0 
40,1.0 125,1.0 145,1.0 170,1.0 184,1.0 
88,1.0 156,1.0 
9,1.0 12,1.0 17,1.0 18,1.0 43,1.0 51,1.0 74,1.0 123,1.0 125,1.0 130,1.0 134,1.0 172,1.0 215,1.0 216,1.0 217,1.0 218,1.0 219,1.0 
52,2.0 74,2.0 130,2.0 134,4.0 176,2.0 
43,1.0 74,1.0 123,1.0 125,1.0 130,1.0 134,1.0 172,1.0 190,4.0 191,4.0 
57,1.0 168,1.0 189,4.0 191,8.0 
57,1.0 73,1.0 74,4.0 96,2.0 108,4.0 146,2.0 147,2.0 148,1.0 168,1.0 176,2.0 192,4.0 195,1.0 213,1.0 
27,2.0 36,1.0 52,4.0 56,2.0 67,1.0 108,4.0 130,2.0 134,4.0 176,2.0 193,4.0 194,2.0 209,1.0 211,1.0 
27,2.0 52,6.0 74,4.0 130,2.0 134,6.0 147,2.0 150,2.0 176,4.0 194,2.0 
27,2.0 52,2.0 74,2.0 134,4.0 193,2.0 
8,2.0 52,1.0 72,3.0 74,1.0 83,1.0 96,1.0 124,1.0 128,3.0 130,2.0 136,3.0 137,2.0 145,1.0 147,1.0 154,1.0 176,4.0 205,1.0 
52,7.0 97,1.0 130,2.0 134,4.0 136,2.0 151,1.0 155,1.0 158,1.0 163,2.0 164,1.0 170,2.0 171,1.0 176,4.0 203,1.0 
38,1.0 43,1.0 54,1.0 74,1.0 125,1.0 145,1.0 172,1.0 
52,2.0 74,1.0 136,6.0 137,3.0 162,2.0 172,1.0 176,2.0 196,2.0 201,1.0 202,1.0 
52,2.0 134,4.0 145,2.0 166,1.0 176,2.0 196,2.0 204,1.0 
52,2.0 74,1.0 134,1.0 172,1.0 201,1.0 202,1.0 
52,2.0 74,2.0 134,1.0 136,2.0 137,1.0 172,2.0 198,1.0 200,1.0 202,2.0 
52,1.0 74,2.0 110,1.0 136,1.0 146,1.0 157,1.0 160,1.0 172,2.0 
134,1.0 145,1.0 163,1.0 199,1.0 204,1.0 
52,1.0 134,2.0 145,1.0 176,1.0 196,1.0 199,1.0 
83,1.0 123,1.0 124,1.0 126,1.0 147,2.0 150,1.0 
0,1.0 1,1.0 2,1.0 3,1.0 4,1.0 5,1.0 6,1.0 37,1.0 51,1.0 59,1.0 207,1.0 214,1.0 
61,1.0 
21,1.0 209,2.0 
21,1.0 36,1.0 56,5.0 63,1.0 192,1.0 208,1.0 210,1.0 
55,1.0 56,2.0 
56,1.0 67,1.0 192,1.0 
21,2.0 45,1.0 63,2.0 64,2.0 95,1.0 
73,1.0 82,1.0 95,1.0 
0,1.0 1,1.0 2,1.0 3,1.0 4,1.0 5,1.0 6,1.0 37,1.0 59,1.0 206,1.0 
9,1.0 12,1.0 17,1.0 18,1.0 51,1.0 187,1.0 216,1.0 217,1.0 218,1.0 219,1.0 
12,1.0 17,1.0 18,1.0 217,1.0 218,1.0 219,1.0 
12,1.0 17,1.0 18,1.0 216,1.0 218,1.0 219,1.0 
12,1.0 17,1.0 18,1.0 216,1.0 217,1.0 219,1.0 
12,1.0 17,1.0 18,1.0 216,1.0 217,1.0 218,1.0 
