1,1.0 2,2.0 5,4.0 7,3.0 10,1.0 11,1.0 13,2.0 14,5.0 15,2.0 20,2.0 21,1.0 24,2.0 38,1.0 39,1.0 43,1.0 49,6.0 50,3.0 53,3.0 60,3.0 69,3.0 82,1.0 100,1.0 104,1.0 166,3.0 167,1.0 174,1.0 175,1.0 
0,1.0 2,1.0 
3,2.0 4,2.0 8,1.0 27,1.0 106,2.0 122,1.0 160,1.0 197,1.0 
3,2.0 4,2.0 5,2.0 6,2.0 7,2.0 10,2.0 14,2.0 15,2.0 16,8.0 
3,2.0 5,2.0 6,2.0 7,2.0 
0,6.0 2,3.0 3,2.0 5,5.0 6,15.0 7,2.0 8,2.0 9,2.0 10,13.0 11,10.0 12,4.0 14,38.0 15,20.0 17,8.0 18,16.0 19,2.0 20,2.0 21,6.0 22,5.0 24,13.0 26,3.0 38,8.0 39,3.0 43,8.0 44,5.0 45,3.0 52,11.0 54,8.0 55,5.0 56,7.0 57,1.0 61,3.0 62,3.0 69,3.0 70,19.0 71,3.0 72,3.0 74,3.0 77,3.0 85,3.0 89,6.0 92,3.0 96,1.0 99,3.0 100,2.0 103,3.0 104,6.0 144,10.0 145,1.0 157,2.0 158,1.0 159,2.0 165,2.0 166,4.0 167,1.0 168,2.0 174,2.0 175,2.0 176,1.0 177,4.0 178,2.0 180,1.0 182,1.0 183,1.0 
0,2.0 3,2.0 5,15.0 7,2.0 8,2.0 10,10.0 11,6.0 14,7.0 15,3.0 17,5.0 18,6.0 19,2.0 20,2.0 24,3.0 38,1.0 39,1.0 43,1.0 44,1.0 45,3.0 52,4.0 56,1.0 57,1.0 70,1.0 78,3.0 98,3.0 107,1.0 165,1.0 
0,3.0 5,2.0 6,2.0 8,5.0 27,3.0 41,4.0 43,3.0 49,3.0 50,3.0 61,3.0 67,2.0 122,3.0 144,2.0 145,2.0 
7,3.0 8,2.0 9,2.0 35,2.0 74,2.0 106,1.0 124,2.0 125,2.0 
0,3.0 5,2.0 7,3.0 10,2.0 11,2.0 12,2.0 13,10.0 14,2.0 15,2.0 21,2.0 22,2.0 27,3.0 31,7.0 42,2.0 44,3.0 45,5.0 46,5.0 49,3.0 61,2.0 66,3.0 120,2.0 121,3.0 122,2.0 146,2.0 
0,5.0 3,4.0 5,12.0 6,8.0 10,4.0 11,24.0 12,3.0 13,2.0 14,31.0 15,32.0 18,13.0 19,2.0 21,6.0 22,6.0 23,3.0 24,20.0 25,2.0 26,3.0 34,2.0 35,2.0 38,2.0 39,2.0 43,3.0 44,2.0 45,3.0 52,11.0 53,5.0 57,1.0 69,3.0 72,6.0 101,3.0 104,2.0 105,3.0 107,3.0 152,1.0 153,6.0 154,3.0 155,6.0 156,3.0 164,3.0 166,2.0 168,1.0 171,1.0 172,1.0 173,2.0 177,1.0 178,4.0 179,1.0 186,1.0 187,1.0 188,1.0 189,1.0 
0,1.0 5,10.0 6,9.0 10,25.0 11,6.0 12,3.0 13,2.0 14,4.0 15,15.0 18,7.0 19,2.0 21,7.0 24,7.0 25,2.0 26,6.0 34,2.0 35,4.0 38,3.0 39,3.0 43,3.0 44,2.0 45,3.0 52,13.0 56,1.0 57,1.0 70,5.0 82,1.0 96,1.0 100,1.0 104,3.0 107,2.0 109,3.0 110,3.0 152,16.0 154,10.0 156,5.0 159,1.0 165,1.0 166,1.0 167,1.0 168,4.0 171,8.0 172,7.0 173,2.0 177,1.0 178,4.0 179,1.0 180,1.0 181,1.0 182,1.0 186,1.0 187,1.0 188,1.0 189,1.0 
5,6.0 6,2.0 10,4.0 11,4.0 12,1.0 13,2.0 15,2.0 18,4.0 21,2.0 44,4.0 177,4.0 178,2.0 
5,4.0 6,2.0 9,4.0 10,2.0 11,2.0 12,2.0 14,2.0 15,2.0 20,2.0 27,5.0 31,10.0 44,3.0 45,5.0 46,5.0 47,5.0 61,2.0 66,3.0 120,5.0 121,3.0 122,2.0 127,2.0 146,2.0 
0,3.0 2,3.0 3,4.0 5,36.0 6,1.0 9,2.0 10,25.0 11,3.0 14,5.0 15,29.0 18,2.0 21,4.0 22,5.0 23,3.0 24,22.0 26,4.0 38,4.0 39,4.0 43,12.0 52,15.0 53,5.0 54,3.0 56,1.0 69,3.0 70,13.0 71,3.0 72,3.0 74,3.0 77,3.0 96,1.0 100,1.0 101,3.0 103,3.0 104,8.0 107,3.0 120,3.0 125,1.0 127,1.0 144,10.0 145,1.0 150,1.0 151,1.0 152,4.0 153,10.0 155,6.0 157,2.0 158,1.0 159,2.0 160,1.0 162,1.0 163,1.0 164,2.0 165,1.0 166,3.0 167,4.0 168,1.0 171,2.0 172,2.0 174,2.0 175,2.0 176,1.0 179,1.0 180,1.0 182,1.0 183,1.0 
0,5.0 2,3.0 3,4.0 5,18.0 9,2.0 10,30.0 11,15.0 12,1.0 14,32.0 15,4.0 17,3.0 18,2.0 21,8.0 22,2.0 23,3.0 24,17.0 25,2.0 26,3.0 35,2.0 38,7.0 39,2.0 43,3.0 44,1.0 52,18.0 54,8.0 55,5.0 56,6.0 61,3.0 62,3.0 69,3.0 82,1.0 96,1.0 101,3.0 104,2.0 105,3.0 107,3.0 109,3.0 110,3.0 152,3.0 153,10.0 162,1.0 163,1.0 164,3.0 165,1.0 166,2.0 168,1.0 171,2.0 172,2.0 173,1.0 174,1.0 175,1.0 176,1.0 177,1.0 178,4.0 179,1.0 186,1.0 187,1.0 188,1.0 189,1.0 
5,5.0 6,5.0 17,9.0 31,1.0 82,3.0 103,3.0 116,3.0 117,3.0 120,1.0 
5,8.0 6,5.0 10,5.0 11,5.0 15,3.0 18,5.0 27,1.0 31,4.0 45,3.0 61,3.0 62,3.0 66,1.0 111,1.0 120,4.0 
0,1.0 5,16.0 6,9.0 10,13.0 11,8.0 12,5.0 14,1.0 15,2.0 18,2.0 19,2.0 21,2.0 22,6.0 26,1.0 44,6.0 45,3.0 52,3.0 53,3.0 56,2.0 57,1.0 70,4.0 72,6.0 85,3.0 96,1.0 97,3.0 98,3.0 99,3.0 165,2.0 166,1.0 168,1.0 176,1.0 177,5.0 178,2.0 
0,2.0 5,2.0 6,2.0 10,2.0 14,2.0 20,2.0 24,2.0 31,2.0 52,2.0 120,2.0 
0,2.0 13,4.0 25,2.0 27,8.0 28,2.0 53,1.0 61,3.0 66,2.0 95,2.0 109,1.0 113,3.0 122,3.0 123,3.0 126,2.0 127,1.0 128,1.0 
5,2.0 6,1.0 10,6.0 11,9.0 12,1.0 14,1.0 15,5.0 18,2.0 21,1.0 22,2.0 23,2.0 24,3.0 26,4.0 31,1.0 43,2.0 44,2.0 57,1.0 65,1.0 70,3.0 104,6.0 152,2.0 156,1.0 161,1.0 167,2.0 168,2.0 177,1.0 178,4.0 186,1.0 187,1.0 188,1.0 189,1.0 
21,2.0 23,2.0 24,3.0 35,1.0 43,3.0 70,3.0 73,6.0 104,3.0 125,1.0 
10,2.0 11,2.0 15,2.0 20,1.0 24,2.0 25,2.0 61,1.0 74,3.0 201,1.0 
5,5.0 6,1.0 10,22.0 11,9.0 14,20.0 15,14.0 18,2.0 21,4.0 23,3.0 24,2.0 25,2.0 26,5.0 33,3.0 35,7.0 38,2.0 39,2.0 43,1.0 44,1.0 52,14.0 53,5.0 55,5.0 56,6.0 57,6.0 58,8.0 59,3.0 70,3.0 82,1.0 85,3.0 87,3.0 88,3.0 96,4.0 101,3.0 104,6.0 105,3.0 109,3.0 110,3.0 125,1.0 152,1.0 155,6.0 156,1.0 160,1.0 164,1.0 165,1.0 167,4.0 168,1.0 174,1.0 175,1.0 176,1.0 
5,3.0 10,2.0 11,2.0 13,2.0 14,3.0 15,2.0 24,2.0 26,2.0 43,3.0 103,3.0 127,2.0 
0,1.0 5,3.0 6,1.0 10,1.0 11,3.0 14,3.0 15,1.0 18,1.0 20,2.0 21,1.0 27,2.0 30,1.0 31,1.0 38,3.0 39,3.0 43,3.0 63,3.0 64,3.0 65,1.0 70,5.0 96,1.0 100,2.0 104,3.0 106,1.0 114,1.0 152,2.0 156,1.0 157,1.0 158,2.0 159,1.0 161,1.0 166,1.0 168,4.0 169,1.0 170,1.0 
3,3.0 5,3.0 13,3.0 14,3.0 19,2.0 20,8.0 25,2.0 28,2.0 30,3.0 31,8.0 34,1.0 35,3.0 45,3.0 61,3.0 64,1.0 65,3.0 66,17.0 67,3.0 68,3.0 69,3.0 95,2.0 106,2.0 109,1.0 111,5.0 120,8.0 121,3.0 122,7.0 126,2.0 127,1.0 128,1.0 129,1.0 154,1.0 156,1.0 160,1.0 197,1.0 198,1.0 
29,2.0 
30,2.0 31,2.0 
5,3.0 14,4.0 24,1.0 27,3.0 31,5.0 32,3.0 38,1.0 39,1.0 63,2.0 65,3.0 66,4.0 67,3.0 68,3.0 69,3.0 100,1.0 106,1.0 122,2.0 160,1.0 167,1.0 170,1.0 193,1.0 194,1.0 195,1.0 196,1.0 
9,5.0 10,3.0 11,1.0 13,5.0 14,2.0 15,1.0 17,1.0 19,2.0 20,3.0 21,1.0 22,1.0 24,2.0 26,1.0 27,5.0 30,5.0 32,3.0 42,2.0 44,3.0 45,8.0 46,5.0 47,5.0 52,2.0 54,1.0 61,3.0 63,2.0 64,3.0 65,4.0 66,5.0 70,4.0 104,2.0 111,5.0 115,1.0 120,18.0 122,3.0 123,3.0 125,1.0 144,3.0 146,2.0 161,4.0 192,1.0 199,1.0 
30,1.0 31,1.0 33,3.0 
10,2.0 11,2.0 27,1.0 34,3.0 66,1.0 89,3.0 129,1.0 
10,2.0 11,2.0 27,1.0 35,3.0 66,1.0 129,1.0 
0,3.0 20,3.0 27,3.0 35,1.0 36,2.0 41,1.0 45,2.0 49,3.0 57,5.0 58,5.0 59,3.0 66,2.0 109,1.0 110,2.0 111,2.0 120,1.0 122,3.0 126,2.0 130,1.0 143,2.0 147,1.0 149,1.0 
37,2.0 
38,2.0 39,2.0 40,4.0 48,5.0 
0,1.0 5,10.0 6,1.0 7,2.0 10,1.0 11,1.0 14,6.0 15,7.0 18,1.0 21,2.0 24,9.0 26,1.0 30,1.0 39,9.0 40,2.0 43,2.0 52,6.0 54,5.0 55,5.0 56,5.0 64,1.0 70,2.0 79,3.0 96,1.0 100,3.0 102,3.0 104,2.0 106,1.0 107,1.0 131,1.0 166,1.0 167,2.0 168,1.0 170,1.0 
0,1.0 5,5.0 6,1.0 7,2.0 10,1.0 11,1.0 14,6.0 15,2.0 18,1.0 21,2.0 24,4.0 26,1.0 30,1.0 38,9.0 40,2.0 43,2.0 52,1.0 64,1.0 70,2.0 96,1.0 100,3.0 104,2.0 106,1.0 107,1.0 131,1.0 166,1.0 167,2.0 168,1.0 170,1.0 
7,4.0 38,2.0 39,2.0 144,2.0 145,2.0 
0,1.0 20,2.0 41,1.0 42,5.0 61,2.0 74,3.0 82,1.0 190,2.0 
7,5.0 8,2.0 
5,9.0 6,2.0 9,3.0 11,1.0 14,11.0 15,1.0 18,1.0 22,3.0 26,3.0 38,3.0 39,3.0 43,1.0 52,1.0 70,1.0 73,3.0 81,3.0 82,3.0 103,3.0 104,3.0 107,1.0 114,1.0 144,3.0 145,1.0 152,2.0 157,1.0 158,1.0 159,1.0 168,2.0 169,1.0 180,1.0 182,1.0 183,1.0 
5,5.0 6,1.0 10,2.0 11,3.0 12,4.0 13,3.0 15,2.0 18,5.0 21,2.0 31,3.0 44,1.0 45,3.0 46,3.0 47,3.0 56,1.0 57,1.0 70,1.0 165,1.0 177,4.0 178,2.0 
5,3.0 6,3.0 10,3.0 11,3.0 13,5.0 18,3.0 27,3.0 31,8.0 44,3.0 46,5.0 47,5.0 66,3.0 111,6.0 112,2.0 120,3.0 146,2.0 191,1.0 
13,5.0 31,5.0 44,3.0 45,5.0 47,5.0 146,2.0 
37,5.0 
9,3.0 69,1.0 123,2.0 147,2.0 
0,6.0 7,3.0 50,3.0 60,3.0 
51,6.0 119,3.0 
3,3.0 31,3.0 120,3.0 
0,3.0 5,1.0 10,9.0 11,14.0 14,13.0 15,11.0 24,12.0 35,5.0 38,1.0 39,1.0 52,5.0 53,5.0 55,5.0 56,5.0 57,5.0 58,5.0 59,3.0 69,3.0 85,3.0 100,3.0 105,3.0 107,1.0 152,14.0 153,4.0 154,6.0 159,1.0 164,2.0 171,8.0 172,8.0 180,1.0 181,1.0 182,1.0 
5,8.0 6,3.0 14,3.0 15,8.0 18,3.0 31,2.0 38,5.0 54,9.0 61,1.0 94,3.0 95,3.0 97,3.0 98,3.0 120,1.0 122,1.0 192,1.0 
2,3.0 5,8.0 14,3.0 15,8.0 22,1.0 24,5.0 31,1.0 38,5.0 52,5.0 55,5.0 56,5.0 61,1.0 122,1.0 125,1.0 
24,5.0 35,5.0 50,3.0 52,5.0 56,5.0 57,5.0 58,5.0 59,3.0 
5,2.0 11,1.0 12,1.0 18,2.0 24,5.0 35,5.0 38,1.0 39,1.0 44,1.0 52,5.0 55,5.0 57,5.0 58,5.0 59,3.0 70,2.0 96,1.0 165,2.0 176,1.0 177,1.0 
0,3.0 5,1.0 6,1.0 11,1.0 18,1.0 35,5.0 44,1.0 49,3.0 56,1.0 58,5.0 59,3.0 70,1.0 120,1.0 147,1.0 149,1.0 165,1.0 
0,3.0 24,3.0 35,5.0 49,3.0 57,5.0 59,3.0 85,3.0 96,3.0 120,1.0 147,1.0 149,1.0 
0,3.0 30,1.0 35,3.0 49,3.0 57,3.0 58,3.0 122,1.0 193,1.0 194,1.0 
5,3.0 15,3.0 17,3.0 61,3.0 
3,3.0 5,3.0 9,2.0 15,3.0 17,3.0 20,3.0 22,1.0 27,3.0 31,3.0 42,2.0 54,1.0 62,3.0 113,3.0 120,2.0 122,6.0 125,1.0 
63,3.0 
26,3.0 27,3.0 30,3.0 64,23.0 65,3.0 66,3.0 67,3.0 68,3.0 141,2.0 
7,3.0 26,3.0 27,3.0 41,1.0 63,21.0 66,3.0 106,2.0 154,1.0 156,1.0 
5,3.0 10,1.0 11,1.0 14,3.0 15,1.0 21,1.0 26,1.0 27,3.0 30,3.0 31,4.0 63,2.0 66,3.0 67,3.0 68,3.0 69,3.0 70,4.0 104,2.0 144,3.0 161,4.0 
2,1.0 5,3.0 13,3.0 14,3.0 19,2.0 20,2.0 25,1.0 27,17.0 30,3.0 31,8.0 34,1.0 35,3.0 45,3.0 64,1.0 65,3.0 67,3.0 68,3.0 69,3.0 106,2.0 111,5.0 120,8.0 121,3.0 122,3.0 126,2.0 127,1.0 129,1.0 154,1.0 156,1.0 160,1.0 195,1.0 196,1.0 
5,3.0 9,2.0 14,3.0 27,3.0 30,3.0 65,3.0 66,3.0 68,3.0 69,3.0 
5,3.0 14,3.0 27,3.0 30,3.0 65,3.0 66,3.0 67,3.0 69,3.0 
0,3.0 5,3.0 14,3.0 53,4.0 70,3.0 71,3.0 123,1.0 147,1.0 
0,1.0 5,17.0 10,4.0 11,3.0 14,10.0 15,1.0 18,6.0 21,2.0 24,1.0 26,4.0 31,4.0 38,4.0 39,4.0 41,3.0 43,1.0 52,3.0 56,1.0 65,4.0 70,2.0 71,3.0 72,3.0 73,3.0 79,3.0 80,3.0 85,3.0 89,6.0 92,3.0 96,2.0 99,3.0 100,3.0 104,4.0 114,1.0 127,1.0 144,10.0 152,2.0 156,1.0 157,1.0 158,2.0 159,1.0 161,4.0 165,1.0 166,1.0 167,1.0 168,1.0 169,1.0 
10,3.0 18,3.0 70,3.0 72,3.0 
5,3.0 10,6.0 14,3.0 18,6.0 22,6.0 74,3.0 77,3.0 
41,3.0 43,3.0 70,3.0 81,3.0 82,3.0 
8,2.0 38,3.0 75,3.0 76,3.0 78,3.0 102,3.0 
74,3.0 
5,3.0 14,3.0 72,3.0 77,3.0 
5,3.0 14,3.0 72,3.0 74,3.0 
5,3.0 18,3.0 70,6.0 79,3.0 99,3.0 
25,3.0 70,3.0 80,3.0 139,2.0 
10,3.0 18,3.0 72,3.0 
82,3.0 83,3.0 84,3.0 85,3.0 
0,1.0 2,1.0 45,1.0 81,3.0 83,3.0 84,3.0 85,3.0 110,1.0 111,1.0 118,3.0 
84,3.0 85,3.0 86,3.0 
83,3.0 85,3.0 86,3.0 
18,3.0 52,3.0 53,3.0 83,3.0 84,3.0 86,3.0 97,3.0 100,3.0 
24,3.0 87,3.0 88,3.0 
24,3.0 33,3.0 88,3.0 
24,3.0 33,3.0 87,3.0 
5,3.0 11,2.0 15,2.0 24,2.0 70,3.0 89,3.0 90,3.0 91,3.0 92,3.0 93,3.0 109,2.0 
89,3.0 
5,3.0 70,3.0 89,3.0 92,3.0 
5,3.0 70,3.0 89,6.0 
53,3.0 94,3.0 
53,3.0 95,3.0 
24,3.0 58,3.0 96,3.0 136,2.0 
5,1.0 12,1.0 14,1.0 18,2.0 21,1.0 24,4.0 38,1.0 39,1.0 44,1.0 56,1.0 58,3.0 70,1.0 85,3.0 100,1.0 104,1.0 165,1.0 167,1.0 176,1.0 177,1.0 
6,3.0 18,3.0 53,3.0 98,3.0 
6,3.0 78,3.0 
5,3.0 18,3.0 52,3.0 70,3.0 85,3.0 
0,1.0 5,1.0 10,3.0 11,1.0 14,6.0 15,3.0 21,2.0 24,6.0 30,1.0 38,2.0 39,2.0 70,1.0 96,1.0 101,3.0 104,2.0 106,1.0 166,1.0 167,3.0 170,1.0 
10,3.0 14,3.0 15,3.0 23,3.0 24,3.0 103,2.0 
38,3.0 79,3.0 106,3.0 107,3.0 
5,3.0 14,3.0 16,3.0 22,3.0 43,3.0 82,3.0 89,2.0 104,3.0 116,3.0 117,3.0 
5,3.0 6,1.0 10,3.0 11,5.0 14,4.0 15,2.0 18,1.0 21,6.0 22,3.0 24,7.0 26,6.0 31,2.0 43,1.0 44,1.0 57,1.0 65,2.0 70,6.0 104,3.0 152,1.0 156,1.0 157,1.0 158,1.0 159,1.0 161,2.0 167,3.0 168,1.0 186,1.0 187,1.0 188,1.0 189,1.0 
0,3.0 10,3.0 15,3.0 52,3.0 69,3.0 
14,1.0 24,1.0 27,2.0 30,3.0 31,2.0 35,2.0 38,1.0 39,1.0 66,2.0 100,1.0 102,3.0 107,3.0 108,2.0 132,1.0 167,1.0 170,1.0 
0,1.0 5,1.0 10,3.0 11,2.0 14,4.0 15,4.0 43,1.0 52,2.0 102,3.0 106,3.0 152,1.0 166,1.0 171,1.0 172,1.0 173,1.0 
101,2.0 
11,3.0 15,3.0 20,1.0 24,3.0 25,1.0 27,1.0 35,2.0 82,1.0 110,3.0 122,1.0 
35,2.0 45,3.0 82,1.0 111,3.0 
19,2.0 27,5.0 31,5.0 45,6.0 66,5.0 112,2.0 120,5.0 191,1.0 
41,2.0 
16,3.0 103,3.0 114,3.0 115,3.0 116,3.0 117,3.0 135,1.0 
26,1.0 113,3.0 115,3.0 158,1.0 168,1.0 169,1.0 
113,3.0 114,3.0 199,1.0 200,1.0 
16,3.0 82,3.0 103,3.0 117,3.0 
16,3.0 82,3.0 103,3.0 116,3.0 
55,3.0 
50,3.0 
9,5.0 10,2.0 14,5.0 15,1.0 17,1.0 19,2.0 20,3.0 24,2.0 27,5.0 31,18.0 42,2.0 45,3.0 52,3.0 59,1.0 61,2.0 64,3.0 66,5.0 111,5.0 122,2.0 123,3.0 127,1.0 151,1.0 152,1.0 192,1.0 
13,3.0 27,3.0 31,3.0 66,3.0 120,3.0 
2,1.0 3,3.0 9,2.0 20,3.0 22,1.0 25,2.0 27,7.0 30,1.0 31,3.0 42,2.0 54,1.0 61,6.0 66,4.0 109,1.0 120,2.0 122,1.0 125,1.0 126,2.0 127,1.0 160,3.0 193,1.0 194,1.0 195,2.0 196,2.0 197,1.0 198,1.0 
13,2.0 20,3.0 53,2.0 69,1.0 147,2.0 148,1.0 
8,2.0 125,2.0 
8,2.0 22,1.0 35,3.0 70,1.0 152,1.0 160,1.0 
20,2.0 25,1.0 27,2.0 66,2.0 122,2.0 127,1.0 
10,1.0 11,1.0 13,2.0 14,1.0 15,1.0 20,3.0 27,3.0 52,1.0 120,1.0 171,1.0 172,1.0 
32,1.0 
27,1.0 34,1.0 35,1.0 66,1.0 
38,1.0 39,1.0 131,1.0 
38,1.0 39,1.0 64,1.0 65,2.0 
133,1.0 
134,1.0 
113,1.0 
11,1.0 15,1.0 24,1.0 109,1.0 
137,2.0 
138,2.0 
79,2.0 
140,2.0 
106,2.0 
142,2.0 
131,2.0 
37,2.0 
7,2.0 10,9.0 14,6.0 15,6.0 24,3.0 41,2.0 145,3.0 157,4.0 158,3.0 159,3.0 180,1.0 184,1.0 185,1.0 
7,2.0 10,1.0 14,1.0 15,1.0 41,2.0 144,3.0 
13,2.0 31,2.0 45,2.0 46,2.0 47,2.0 
14,1.0 53,1.0 69,1.0 123,2.0 148,1.0 149,1.0 150,1.0 
16,1.0 
14,1.0 147,1.0 150,1.0 
14,1.0 120,1.0 
14,1.0 120,1.0 
6,1.0 10,1.0 11,15.0 14,4.0 15,2.0 26,2.0 38,1.0 39,1.0 43,3.0 52,13.0 70,2.0 114,1.0 120,1.0 127,2.0 152,2.0 154,7.0 158,1.0 159,1.0 168,1.0 169,1.0 171,7.0 172,6.0 179,1.0 180,1.0 181,1.0 182,1.0 
5,6.0 11,4.0 14,6.0 43,3.0 52,3.0 70,3.0 152,4.0 171,1.0 
10,6.0 11,2.0 14,9.0 15,5.0 24,4.0 52,4.0 104,1.0 107,1.0 152,2.0 167,1.0 
5,3.0 10,3.0 11,3.0 14,3.0 27,1.0 64,1.0 66,1.0 70,3.0 156,4.0 
10,3.0 11,4.0 26,1.0 27,1.0 38,1.0 39,1.0 64,1.0 66,1.0 70,2.0 96,1.0 100,1.0 154,4.0 168,1.0 
5,1.0 14,1.0 21,1.0 70,1.0 104,1.0 155,1.0 158,4.0 159,5.0 160,3.0 180,2.0 182,1.0 183,1.0 184,1.0 185,1.0 
21,1.0 26,1.0 104,1.0 114,1.0 157,4.0 159,4.0 160,3.0 168,1.0 169,1.0 
5,1.0 11,1.0 14,1.0 21,1.0 52,1.0 70,1.0 104,1.0 152,1.0 157,5.0 158,4.0 160,3.0 180,2.0 181,1.0 182,2.0 183,1.0 
2,1.0 27,1.0 31,3.0 65,3.0 66,1.0 70,4.0 122,2.0 125,1.0 152,1.0 161,3.0 195,1.0 196,1.0 197,1.0 198,1.0 
10,1.0 11,1.0 15,1.0 21,1.0 26,1.0 31,4.0 65,4.0 70,4.0 104,2.0 144,3.0 
11,1.0 152,1.0 163,1.0 
11,1.0 152,1.0 162,1.0 
5,1.0 10,1.0 11,1.0 14,2.0 15,2.0 24,2.0 38,1.0 39,1.0 52,3.0 152,1.0 171,1.0 172,1.0 
5,2.0 11,1.0 12,1.0 18,2.0 38,1.0 39,1.0 44,1.0 56,2.0 70,2.0 96,1.0 176,1.0 177,1.0 
0,3.0 5,4.0 10,1.0 11,1.0 14,5.0 15,2.0 21,1.0 24,2.0 38,1.0 39,1.0 43,1.0 100,1.0 104,1.0 167,1.0 174,1.0 175,1.0 
5,1.0 11,2.0 14,4.0 21,2.0 24,4.0 26,3.0 43,1.0 70,3.0 104,4.0 125,1.0 152,1.0 156,1.0 160,1.0 168,1.0 
0,1.0 5,2.0 6,1.0 11,2.0 14,2.0 18,1.0 26,4.0 30,1.0 38,3.0 39,3.0 43,2.0 70,2.0 96,1.0 100,2.0 106,1.0 152,1.0 156,1.0 166,1.0 170,1.0 
26,1.0 114,1.0 158,1.0 168,1.0 
14,1.0 24,1.0 30,1.0 38,1.0 39,1.0 100,1.0 106,1.0 167,1.0 
10,3.0 11,9.0 14,2.0 15,3.0 52,7.0 107,1.0 152,7.0 159,1.0 171,2.0 172,7.0 173,1.0 179,1.0 180,1.0 181,1.0 182,1.0 
10,2.0 11,8.0 14,1.0 15,2.0 52,7.0 107,1.0 152,6.0 159,1.0 171,7.0 172,2.0 173,1.0 180,1.0 181,1.0 182,1.0 
0,1.0 10,2.0 11,1.0 14,1.0 15,2.0 107,1.0 166,1.0 
5,1.0 14,1.0 15,1.0 18,1.0 24,1.0 56,1.0 96,1.0 165,1.0 175,1.0 176,1.0 
5,1.0 14,1.0 15,1.0 18,1.0 24,1.0 56,1.0 96,1.0 165,1.0 174,1.0 176,1.0 
5,1.0 12,1.0 18,2.0 44,1.0 56,1.0 96,1.0 165,1.0 177,1.0 
5,4.0 10,2.0 11,2.0 12,4.0 15,2.0 18,4.0 21,2.0 44,4.0 177,1.0 178,2.0 
5,1.0 10,4.0 11,5.0 12,1.0 15,4.0 18,1.0 21,4.0 26,1.0 43,1.0 44,1.0 152,1.0 168,1.0 177,1.0 178,1.0 
10,1.0 14,1.0 15,1.0 153,1.0 
5,1.0 11,1.0 14,1.0 52,1.0 70,1.0 152,1.0 155,1.0 157,2.0 159,2.0 181,1.0 182,2.0 183,1.0 184,1.0 185,1.0 
11,1.0 52,1.0 152,1.0 159,1.0 180,1.0 182,1.0 
5,1.0 11,1.0 14,1.0 52,1.0 70,1.0 152,1.0 157,1.0 159,2.0 180,2.0 181,1.0 183,1.0 
5,1.0 14,1.0 70,1.0 157,1.0 159,1.0 180,1.0 182,1.0 
155,1.0 157,1.0 180,1.0 185,1.0 
155,1.0 157,1.0 180,1.0 184,1.0 
35,1.0 187,1.0 188,1.0 189,1.0 
35,1.0 186,1.0 188,1.0 189,1.0 
35,1.0 186,1.0 187,1.0 189,1.0 
35,1.0 186,1.0 187,1.0 188,1.0 
0,1.0 41,1.0 82,1.0 202,1.0 203,1.0 204,1.0 205,1.0 206,1.0 
23,1.0 
27,1.0 31,1.0 66,1.0 111,1.0 120,1.0 
30,1.0 66,1.0 122,2.0 160,1.0 194,1.0 195,1.0 196,1.0 
30,1.0 66,1.0 122,2.0 160,1.0 193,1.0 195,1.0 196,1.0 
2,1.0 66,1.0 122,1.0 160,1.0 196,1.0 
2,1.0 66,1.0 122,1.0 160,1.0 195,1.0 
27,1.0 122,1.0 160,1.0 198,1.0 
31,1.0 
115,1.0 200,1.0 
23,1.0 
190,1.0 202,1.0 203,1.0 204,1.0 205,1.0 206,1.0 
190,1.0 203,1.0 204,1.0 205,1.0 206,1.0 
190,1.0 202,1.0 204,1.0 205,1.0 206,1.0 
190,1.0 202,1.0 203,1.0 205,1.0 206,1.0 
190,1.0 202,1.0 203,1.0 204,1.0 206,1.0 
190,1.0 202,1.0 203,1.0 204,1.0 205,1.0 
