1,2.0 2,3.0 3,6.0 4,1.0 6,12.0 9,1.0 10,1.0 11,2.0 12,1.0 13,1.0 15,2.0 16,1.0 19,2.0 20,1.0 21,1.0 25,1.0 29,1.0 37,1.0 38,1.0 39,1.0 62,1.0 75,1.0 88,2.0 100,1.0 150,1.0 275,2.0 289,1.0 
2,2.0 3,2.0 4,1.0 5,1.0 6,1.0 12,1.0 16,1.0 34,1.0 88,1.0 100,1.0 291,1.0 
0,1.0 1,1.0 3,22.0 4,11.0 5,5.0 6,9.0 7,1.0 8,1.0 10,1.0 11,6.0 13,3.0 15,5.0 16,2.0 17,1.0 18,3.0 19,2.0 24,1.0 25,4.0 28,1.0 36,3.0 38,1.0 43,1.0 44,2.0 46,1.0 48,2.0 49,1.0 51,1.0 52,1.0 54,4.0 55,1.0 56,1.0 59,1.0 60,1.0 70,1.0 71,1.0 72,1.0 92,1.0 94,2.0 100,1.0 112,1.0 115,1.0 146,1.0 160,1.0 219,1.0 237,1.0 264,1.0 277,1.0 280,5.0 291,2.0 292,1.0 293,1.0 294,1.0 295,1.0 296,1.0 297,1.0 
1,1.0 2,30.0 3,1.0 4,6.0 5,3.0 6,13.0 7,1.0 8,1.0 9,1.0 10,3.0 11,3.0 12,1.0 13,2.0 15,7.0 16,3.0 17,1.0 18,3.0 19,3.0 20,1.0 22,1.0 24,3.0 25,3.0 33,1.0 36,1.0 43,1.0 44,4.0 46,1.0 48,1.0 49,1.0 51,1.0 52,1.0 54,3.0 55,1.0 56,1.0 59,1.0 60,1.0 64,2.0 65,1.0 69,1.0 75,1.0 76,1.0 77,1.0 89,1.0 92,2.0 94,1.0 112,1.0 115,1.0 118,1.0 120,1.0 146,1.0 151,1.0 160,1.0 188,1.0 219,1.0 237,1.0 264,1.0 268,1.0 280,2.0 283,1.0 291,1.0 292,1.0 293,1.0 294,1.0 295,1.0 296,1.0 297,1.0 
0,2.0 2,3.0 3,2.0 5,9.0 6,11.0 11,3.0 12,2.0 13,1.0 15,2.0 16,3.0 17,1.0 18,3.0 19,1.0 21,3.0 25,6.0 28,2.0 29,1.0 30,1.0 33,1.0 36,2.0 38,1.0 46,1.0 48,1.0 49,1.0 51,1.0 52,1.0 54,1.0 57,1.0 61,1.0 62,1.0 72,1.0 73,1.0 74,4.0 78,1.0 80,1.0 85,1.0 89,1.0 92,1.0 94,1.0 110,1.0 119,1.0 133,1.0 142,1.0 169,1.0 176,2.0 177,1.0 183,1.0 189,1.0 190,1.0 191,1.0 192,1.0 
0,1.0 2,1.0 4,8.0 6,3.0 11,4.0 12,1.0 19,1.0 21,1.0 28,1.0 33,1.0 36,1.0 37,1.0 38,1.0 45,1.0 51,2.0 54,1.0 56,1.0 57,1.0 66,1.0 72,1.0 73,3.0 74,2.0 78,1.0 80,1.0 89,1.0 92,1.0 110,1.0 117,1.0 118,1.0 133,1.0 141,1.0 171,1.0 176,1.0 177,1.0 
0,5.0 2,13.0 3,17.0 4,5.0 5,1.0 6,1.0 7,2.0 8,2.0 11,4.0 12,3.0 13,10.0 14,1.0 15,11.0 16,4.0 17,1.0 18,6.0 19,8.0 20,1.0 21,4.0 22,4.0 24,1.0 25,2.0 26,1.0 29,1.0 30,1.0 32,1.0 33,4.0 35,1.0 36,3.0 37,3.0 38,2.0 39,1.0 40,1.0 43,2.0 45,1.0 46,2.0 48,1.0 52,2.0 53,1.0 54,3.0 57,1.0 58,1.0 59,1.0 61,1.0 62,1.0 64,3.0 67,1.0 68,1.0 69,1.0 70,1.0 71,1.0 75,2.0 76,1.0 88,3.0 92,2.0 94,1.0 100,2.0 109,2.0 110,1.0 118,2.0 131,1.0 134,1.0 139,1.0 140,1.0 160,1.0 274,1.0 275,1.0 280,1.0 282,1.0 289,1.0 290,1.0 
0,1.0 6,1.0 8,1.0 
0,1.0 6,1.0 7,1.0 
2,1.0 3,1.0 10,1.0 
2,4.0 3,3.0 5,1.0 9,1.0 20,1.0 24,4.0 54,1.0 55,1.0 56,1.0 88,1.0 100,2.0 287,1.0 288,1.0 
0,4.0 2,1.0 3,2.0 4,4.0 5,2.0 6,7.0 12,2.0 13,1.0 15,3.0 16,1.0 18,3.0 19,4.0 21,1.0 23,1.0 25,2.0 27,1.0 28,1.0 37,1.0 38,1.0 39,1.0 41,1.0 51,1.0 85,1.0 96,1.0 107,2.0 133,1.0 137,1.0 177,1.0 178,1.0 184,1.0 186,1.0 
0,1.0 4,1.0 6,4.0 13,2.0 14,1.0 16,1.0 18,1.0 19,2.0 21,2.0 31,1.0 32,1.0 33,1.0 43,1.0 44,1.0 47,1.0 48,2.0 52,1.0 56,1.0 85,1.0 88,2.0 90,1.0 92,1.0 100,1.0 107,1.0 109,1.0 118,2.0 119,1.0 137,1.0 163,1.0 183,1.0 185,1.0 286,1.0 
0,2.0 2,3.0 3,3.0 4,1.0 6,5.0 11,4.0 15,2.0 16,1.0 19,2.0 20,1.0 26,1.0 27,1.0 28,1.0 31,2.0 33,2.0 38,1.0 44,1.0 48,1.0 49,1.0 54,2.0 56,1.0 59,2.0 64,2.0 70,1.0 71,1.0 72,1.0 92,1.0 94,1.0 103,1.0 138,1.0 139,1.0 140,1.0 
0,1.0 2,1.0 3,1.0 15,1.0 32,1.0 150,1.0 
0,1.0 2,5.0 3,7.0 4,1.0 6,8.0 11,2.0 13,2.0 14,1.0 16,4.0 18,2.0 19,3.0 23,1.0 24,1.0 25,1.0 28,1.0 29,1.0 33,2.0 43,1.0 49,1.0 76,1.0 134,1.0 289,1.0 
0,2.0 1,1.0 2,3.0 3,4.0 4,3.0 6,9.0 11,2.0 12,2.0 15,1.0 17,1.0 18,4.0 19,1.0 21,1.0 24,1.0 25,1.0 34,1.0 35,1.0 36,1.0 38,1.0 39,1.0 40,1.0 46,1.0 63,1.0 
4,1.0 6,1.0 16,1.0 18,1.0 
2,2.0 3,2.0 4,2.0 6,4.0 11,6.0 13,1.0 15,2.0 16,1.0 19,1.0 23,1.0 24,1.0 25,4.0 30,1.0 33,1.0 36,1.0 37,1.0 40,1.0 49,1.0 
0,4.0 2,2.0 3,5.0 4,1.0 6,6.0 11,2.0 12,2.0 13,3.0 15,3.0 16,3.0 20,1.0 21,1.0 22,2.0 25,2.0 26,1.0 28,1.0 31,1.0 37,2.0 38,1.0 42,1.0 43,2.0 44,1.0 47,1.0 54,1.0 63,1.0 64,1.0 65,1.0 80,1.0 107,1.0 118,1.0 142,1.0 170,1.0 185,1.0 
2,1.0 3,1.0 6,1.0 10,1.0 22,1.0 24,1.0 31,1.0 88,1.0 100,1.0 
1,1.0 2,1.0 3,1.0 4,1.0 6,4.0 12,2.0 13,1.0 14,1.0 16,2.0 19,2.0 22,3.0 25,1.0 30,1.0 33,1.0 34,1.0 35,1.0 36,1.0 47,1.0 56,1.0 150,1.0 285,1.0 
0,1.0 2,1.0 3,1.0 6,4.0 12,3.0 13,1.0 16,1.0 19,2.0 21,2.0 25,1.0 35,1.0 46,1.0 47,1.0 48,1.0 64,1.0 110,1.0 
2,1.0 3,1.0 6,1.0 10,2.0 15,1.0 16,1.0 18,1.0 24,2.0 32,1.0 55,1.0 100,1.0 287,1.0 
2,3.0 3,4.0 5,1.0 6,1.0 10,4.0 16,1.0 18,1.0 20,1.0 54,1.0 55,1.0 56,1.0 88,1.0 100,1.0 268,1.0 283,1.0 
0,1.0 1,1.0 4,7.0 6,6.0 11,1.0 12,1.0 16,4.0 18,1.0 19,1.0 21,2.0 22,1.0 30,1.0 33,1.0 34,1.0 37,1.0 40,1.0 46,2.0 50,1.0 51,1.0 52,1.0 54,2.0 60,1.0 61,1.0 62,1.0 64,2.0 74,1.0 88,1.0 110,1.0 275,1.0 
11,1.0 13,1.0 27,1.0 28,3.0 29,1.0 37,2.0 42,1.0 65,1.0 76,1.0 77,1.0 78,1.0 79,1.0 90,1.0 105,2.0 137,1.0 154,1.0 163,2.0 178,1.0 179,1.0 214,1.0 256,1.0 257,1.0 
3,1.0 11,1.0 13,1.0 19,1.0 24,1.0 28,1.0 283,1.0 
11,1.0 12,1.0 13,2.0 15,1.0 18,1.0 19,1.0 27,1.0 29,1.0 33,1.0 34,1.0 36,1.0 37,2.0 44,2.0 45,1.0 46,1.0 48,1.0 49,2.0 52,2.0 58,1.0 63,1.0 64,2.0 76,2.0 87,1.0 88,2.0 90,2.0 92,2.0 94,1.0 96,1.0 100,1.0 105,2.0 107,2.0 110,1.0 120,1.0 127,1.0 132,2.0 133,1.0 134,1.0 135,1.0 137,1.0 144,1.0 146,1.0 149,1.0 163,2.0 177,1.0 179,2.0 180,2.0 181,2.0 182,1.0 187,1.0 190,1.0 191,1.0 192,1.0 279,1.0 280,1.0 
12,1.0 15,1.0 16,1.0 28,1.0 52,1.0 58,1.0 88,1.0 90,1.0 100,1.0 105,1.0 163,1.0 
4,1.0 6,1.0 19,1.0 21,2.0 22,1.0 25,1.0 45,1.0 52,1.0 70,1.0 74,1.0 75,1.0 88,1.0 95,1.0 126,1.0 134,1.0 156,1.0 158,1.0 
2,2.0 6,2.0 13,1.0 19,1.0 20,1.0 22,2.0 23,1.0 28,1.0 32,1.0 33,1.0 37,1.0 42,1.0 58,2.0 69,1.0 138,1.0 139,1.0 140,1.0 141,1.0 276,1.0 
3,1.0 6,3.0 18,1.0 33,1.0 36,1.0 38,1.0 63,1.0 118,1.0 276,1.0 
2,2.0 3,1.0 4,1.0 5,1.0 6,4.0 11,1.0 12,1.0 13,3.0 15,1.0 18,1.0 28,1.0 56,1.0 58,1.0 59,1.0 64,3.0 69,1.0 70,1.0 71,1.0 79,1.0 80,1.0 89,1.0 110,1.0 137,1.0 144,1.0 146,1.0 148,1.0 149,2.0 286,1.0 
1,1.0 12,1.0 16,1.0 90,1.0 107,1.0 132,1.0 163,1.0 177,1.0 
2,1.0 3,1.0 4,1.0 6,1.0 16,1.0 21,1.0 36,1.0 
2,1.0 3,3.0 4,1.0 6,2.0 18,2.0 22,1.0 26,1.0 28,1.0 44,1.0 49,2.0 52,1.0 68,1.0 69,1.0 73,1.0 75,1.0 76,1.0 78,1.0 85,2.0 87,1.0 88,2.0 92,2.0 97,1.0 100,1.0 110,1.0 112,1.0 133,1.0 134,1.0 158,1.0 160,1.0 163,1.0 177,1.0 178,1.0 280,2.0 
2,1.0 4,1.0 5,3.0 6,3.0 13,1.0 19,1.0 25,1.0 28,2.0 31,2.0 38,1.0 45,1.0 49,1.0 51,1.0 52,1.0 53,1.0 54,2.0 57,1.0 58,1.0 60,1.0 65,1.0 69,1.0 73,2.0 74,1.0 79,1.0 92,1.0 94,1.0 96,1.0 108,1.0 113,1.0 119,1.0 145,1.0 146,1.0 151,1.0 160,2.0 171,1.0 214,1.0 215,1.0 226,1.0 284,1.0 
0,1.0 3,1.0 4,1.0 5,1.0 6,3.0 11,1.0 12,1.0 16,1.0 36,1.0 37,1.0 39,1.0 44,1.0 45,1.0 48,1.0 54,2.0 57,1.0 64,1.0 72,1.0 74,1.0 85,2.0 102,1.0 109,1.0 113,1.0 115,1.0 160,1.0 163,1.0 181,1.0 
3,1.0 6,1.0 15,1.0 19,1.0 
6,1.0 11,1.0 18,1.0 
19,1.0 31,1.0 
6,2.0 15,1.0 43,1.0 274,1.0 
0,1.0 2,1.0 3,1.0 6,2.0 15,1.0 19,2.0 25,1.0 44,1.0 45,1.0 56,2.0 64,1.0 69,1.0 80,1.0 107,1.0 118,1.0 119,1.0 120,1.0 136,1.0 142,1.0 151,1.0 152,1.0 170,1.0 185,1.0 
2,4.0 3,4.0 19,1.0 36,1.0 43,1.0 45,4.0 47,1.0 49,2.0 54,2.0 56,1.0 59,1.0 65,1.0 69,2.0 74,1.0 94,1.0 97,3.0 99,1.0 100,1.0 106,1.0 144,1.0 152,1.0 280,2.0 
4,2.0 5,1.0 6,3.0 16,1.0 23,1.0 25,1.0 28,1.0 31,1.0 37,2.0 38,1.0 46,2.0 52,1.0 54,3.0 60,1.0 61,2.0 64,1.0 69,2.0 72,1.0 73,1.0 74,3.0 75,4.0 87,1.0 93,1.0 96,1.0 97,1.0 98,1.0 105,3.0 134,1.0 142,1.0 151,2.0 158,1.0 205,1.0 206,1.0 209,1.0 226,1.0 275,1.0 
4,1.0 6,2.0 25,1.0 28,1.0 43,1.0 44,2.0 45,1.0 56,1.0 58,1.0 60,1.0 76,1.0 92,1.0 105,1.0 106,1.0 151,1.0 159,1.0 211,1.0 
12,1.0 14,1.0 21,1.0 44,2.0 45,2.0 64,1.0 69,1.0 75,2.0 93,1.0 94,1.0 97,1.0 105,1.0 107,2.0 282,1.0 
2,1.0 4,3.0 6,1.0 12,2.0 13,1.0 28,1.0 38,1.0 45,1.0 48,1.0 49,1.0 74,1.0 85,2.0 88,1.0 109,1.0 119,2.0 142,1.0 158,1.0 176,1.0 183,2.0 
4,1.0 25,1.0 37,1.0 45,1.0 54,1.0 64,2.0 69,1.0 70,1.0 71,1.0 73,2.0 74,1.0 75,1.0 76,3.0 85,1.0 88,2.0 95,1.0 96,1.0 100,1.0 102,1.0 110,1.0 136,1.0 153,1.0 203,1.0 207,2.0 208,1.0 211,1.0 272,1.0 284,1.0 
45,1.0 51,1.0 93,1.0 96,1.0 203,1.0 204,1.0 
2,1.0 4,2.0 5,2.0 11,1.0 31,1.0 36,1.0 37,1.0 45,2.0 50,1.0 64,1.0 73,1.0 78,1.0 79,1.0 80,1.0 85,1.0 93,1.0 94,1.0 96,1.0 107,1.0 131,1.0 133,1.0 136,1.0 149,1.0 170,1.0 176,1.0 177,1.0 184,1.0 197,1.0 200,2.0 201,1.0 217,1.0 225,1.0 
4,1.0 6,1.0 12,1.0 19,1.0 25,1.0 37,2.0 43,1.0 44,1.0 52,1.0 53,2.0 54,1.0 60,2.0 62,1.0 74,1.0 87,1.0 88,2.0 90,1.0 97,1.0 100,1.0 104,1.0 107,1.0 118,1.0 163,1.0 185,1.0 228,1.0 
37,1.0 52,1.0 54,1.0 74,1.0 
2,2.0 3,2.0 4,3.0 5,2.0 6,2.0 11,1.0 19,2.0 23,1.0 25,1.0 31,1.0 37,2.0 38,1.0 44,2.0 45,4.0 54,2.0 56,1.0 57,1.0 59,1.0 60,1.0 61,4.0 62,2.0 67,1.0 68,1.0 69,1.0 72,2.0 73,2.0 80,1.0 90,1.0 112,1.0 143,1.0 161,1.0 162,1.0 163,1.0 203,1.0 272,1.0 
2,1.0 3,1.0 5,1.0 10,1.0 24,1.0 54,1.0 56,1.0 
5,3.0 11,1.0 12,1.0 19,1.0 33,1.0 37,1.0 43,3.0 44,3.0 45,1.0 51,2.0 52,1.0 54,1.0 60,1.0 64,3.0 69,2.0 92,1.0 94,2.0 96,1.0 103,4.0 112,1.0 114,1.0 120,1.0 136,2.0 137,1.0 141,1.0 142,1.0 144,1.0 151,1.0 152,2.0 213,1.0 286,1.0 
38,1.0 45,1.0 49,1.0 54,2.0 57,1.0 71,1.0 72,1.0 73,1.0 74,1.0 75,1.0 104,1.0 265,2.0 266,1.0 
2,1.0 6,1.0 13,2.0 26,1.0 28,1.0 33,1.0 37,1.0 59,1.0 69,1.0 70,1.0 71,1.0 80,1.0 105,1.0 107,1.0 126,1.0 144,1.0 203,1.0 219,1.0 
2,2.0 3,1.0 13,1.0 44,1.0 54,2.0 57,1.0 70,1.0 71,1.0 72,1.0 264,1.0 265,2.0 
0,1.0 4,1.0 25,1.0 43,1.0 46,1.0 52,2.0 54,2.0 56,1.0 61,1.0 62,2.0 64,1.0 69,1.0 75,1.0 97,1.0 104,1.0 105,1.0 151,1.0 152,1.0 226,1.0 275,1.0 
4,1.0 6,2.0 37,1.0 45,2.0 54,3.0 62,1.0 267,1.0 
4,1.0 6,2.0 15,1.0 52,1.0 54,1.0 60,1.0 61,1.0 75,1.0 76,1.0 104,1.0 134,1.0 151,1.0 157,1.0 
18,1.0 21,1.0 28,1.0 64,1.0 74,1.0 139,1.0 150,1.0 173,1.0 174,1.0 175,1.0 191,1.0 194,1.0 281,1.0 285,1.0 
2,1.0 3,1.0 4,1.0 5,1.0 6,1.0 18,1.0 22,1.0 25,1.0 28,2.0 33,2.0 36,2.0 44,2.0 45,3.0 46,1.0 51,3.0 56,1.0 63,1.0 72,1.0 73,1.0 74,1.0 75,1.0 76,4.0 78,1.0 79,1.0 80,1.0 85,1.0 87,1.0 88,1.0 89,3.0 93,1.0 97,1.0 102,1.0 105,1.0 106,1.0 107,3.0 115,1.0 134,2.0 142,1.0 143,1.0 144,1.0 148,1.0 149,2.0 151,1.0 153,1.0 154,1.0 160,1.0 161,1.0 165,1.0 187,1.0 204,1.0 210,1.0 211,1.0 218,1.0 219,1.0 220,1.0 221,1.0 225,1.0 235,1.0 
5,1.0 25,1.0 37,1.0 65,1.0 91,2.0 97,1.0 106,1.0 110,1.0 116,1.0 152,2.0 153,1.0 155,1.0 167,1.0 238,1.0 246,1.0 
45,1.0 54,1.0 61,1.0 
37,1.0 54,1.0 59,1.0 68,1.0 69,1.0 264,1.0 
36,1.0 37,1.0 54,1.0 64,1.0 67,1.0 69,2.0 85,1.0 88,1.0 92,1.0 96,2.0 107,1.0 137,1.0 160,1.0 
2,1.0 6,1.0 13,1.0 31,1.0 33,1.0 37,1.0 43,1.0 44,1.0 49,1.0 53,1.0 56,1.0 58,1.0 59,1.0 60,1.0 65,1.0 70,1.0 71,1.0 72,1.0 73,1.0 74,1.0 75,2.0 88,1.0 91,1.0 94,1.0 95,1.0 97,1.0 100,1.0 102,2.0 106,1.0 107,1.0 112,1.0 141,1.0 151,5.0 152,3.0 184,1.0 216,1.0 
2,1.0 13,1.0 30,1.0 54,1.0 59,1.0 64,1.0 68,1.0 69,1.0 71,1.0 72,1.0 76,1.0 88,1.0 95,1.0 112,1.0 134,3.0 154,1.0 158,1.0 166,1.0 187,1.0 197,1.0 208,1.0 215,1.0 218,1.0 243,1.0 
2,1.0 13,1.0 26,1.0 49,1.0 54,1.0 59,1.0 70,1.0 72,1.0 75,1.0 76,1.0 
4,1.0 5,1.0 38,1.0 45,1.0 49,1.0 54,1.0 57,1.0 71,1.0 73,2.0 74,2.0 75,2.0 78,1.0 85,2.0 90,1.0 93,1.0 96,2.0 115,1.0 160,1.0 163,1.0 181,1.0 216,1.0 222,1.0 229,2.0 231,1.0 
5,1.0 13,1.0 28,1.0 31,1.0 37,1.0 49,1.0 54,1.0 57,1.0 63,1.0 71,1.0 72,2.0 74,1.0 75,1.0 82,1.0 85,1.0 89,1.0 90,2.0 102,1.0 105,1.0 107,1.0 112,1.0 122,1.0 123,1.0 125,1.0 126,1.0 138,2.0 139,1.0 141,2.0 143,1.0 160,1.0 161,1.0 162,1.0 163,1.0 171,1.0 173,1.0 174,1.0 208,1.0 
11,1.0 12,1.0 18,1.0 36,2.0 44,1.0 49,3.0 51,1.0 57,1.0 62,1.0 63,1.0 64,1.0 68,1.0 71,1.0 72,1.0 73,1.0 75,7.0 76,2.0 85,1.0 92,2.0 93,1.0 94,3.0 96,2.0 106,1.0 107,2.0 109,1.0 114,1.0 136,1.0 142,2.0 153,1.0 157,1.0 159,1.0 161,1.0 176,1.0 184,1.0 191,1.0 194,1.0 202,1.0 205,1.0 207,1.0 209,1.0 212,1.0 
6,1.0 15,1.0 27,1.0 43,1.0 44,2.0 45,3.0 46,1.0 47,2.0 49,2.0 60,2.0 62,2.0 68,1.0 69,1.0 71,1.0 74,5.0 76,3.0 85,1.0 87,1.0 88,1.0 93,2.0 96,1.0 100,1.0 102,1.0 103,1.0 105,1.0 107,2.0 134,2.0 151,1.0 152,1.0 157,1.0 205,1.0 206,1.0 207,1.0 209,1.0 
3,2.0 6,1.0 15,1.0 26,1.0 28,2.0 44,1.0 45,1.0 46,1.0 49,1.0 64,2.0 68,1.0 70,1.0 72,1.0 73,1.0 74,2.0 75,1.0 78,1.0 85,1.0 89,1.0 92,1.0 93,1.0 94,1.0 95,1.0 107,1.0 134,1.0 141,1.0 143,1.0 144,1.0 145,1.0 153,1.0 163,1.0 179,1.0 180,1.0 181,1.0 182,1.0 212,1.0 
3,1.0 78,1.0 79,2.0 120,1.0 188,1.0 
26,1.0 36,1.0 76,1.0 77,1.0 79,1.0 85,1.0 86,1.0 107,2.0 133,1.0 143,1.0 144,1.0 145,1.0 154,1.0 163,1.0 177,1.0 178,1.0 202,2.0 229,1.0 232,1.0 233,1.0 237,1.0 270,1.0 
37,1.0 51,1.0 77,1.0 79,1.0 80,1.0 81,1.0 85,1.0 90,1.0 96,1.0 136,1.0 143,2.0 144,1.0 145,1.0 146,2.0 148,2.0 149,6.0 170,1.0 214,1.0 215,1.0 217,1.0 225,1.0 
4,1.0 5,1.0 11,1.0 36,1.0 38,1.0 51,1.0 68,1.0 69,1.0 78,1.0 81,1.0 82,2.0 86,1.0 89,1.0 93,1.0 96,2.0 105,1.0 107,1.0 112,1.0 125,1.0 133,2.0 142,1.0 170,1.0 176,2.0 177,3.0 196,1.0 198,1.0 199,1.0 234,2.0 250,1.0 
80,2.0 81,1.0 82,1.0 83,2.0 84,1.0 143,1.0 213,1.0 
81,1.0 82,3.0 123,1.0 127,1.0 133,2.0 
81,1.0 84,1.0 227,1.0 
85,1.0 124,1.0 141,1.0 185,1.0 222,1.0 
4,1.0 13,1.0 26,2.0 31,1.0 36,1.0 38,1.0 48,1.0 56,1.0 68,1.0 69,1.0 70,1.0 72,1.0 73,1.0 74,2.0 75,1.0 76,1.0 80,1.0 85,2.0 86,2.0 87,2.0 88,1.0 89,1.0 90,5.0 92,1.0 93,1.0 94,1.0 96,4.0 100,1.0 103,1.0 105,2.0 111,1.0 112,1.0 115,1.0 119,1.0 122,1.0 134,2.0 138,1.0 141,1.0 142,2.0 145,1.0 160,1.0 163,3.0 170,2.0 176,1.0 181,4.0 183,1.0 202,1.0 215,2.0 216,2.0 217,2.0 270,2.0 
64,1.0 68,1.0 78,1.0 80,1.0 87,1.0 88,1.0 89,1.0 96,1.0 107,1.0 202,1.0 
44,1.0 45,1.0 52,1.0 64,2.0 75,1.0 78,1.0 86,2.0 88,3.0 89,2.0 107,1.0 111,1.0 134,4.0 153,1.0 170,1.0 178,1.0 195,1.0 196,1.0 206,1.0 210,1.0 211,1.0 227,1.0 248,1.0 
0,1.0 1,1.0 2,2.0 3,3.0 4,1.0 6,1.0 12,2.0 19,1.0 30,1.0 37,1.0 43,1.0 44,2.0 45,2.0 48,2.0 49,1.0 52,2.0 64,2.0 72,1.0 73,2.0 75,1.0 85,2.0 87,1.0 89,2.0 90,1.0 94,1.0 100,7.0 102,1.0 107,1.0 109,1.0 113,1.0 114,1.0 118,3.0 119,1.0 122,1.0 123,1.0 137,1.0 142,1.0 151,1.0 160,1.0 163,2.0 166,1.0 167,1.0 168,1.0 181,1.0 183,1.0 185,1.0 275,1.0 280,1.0 290,1.0 291,1.0 
3,1.0 4,1.0 5,1.0 28,1.0 33,1.0 38,1.0 64,1.0 65,1.0 72,1.0 73,2.0 85,1.0 87,1.0 88,1.0 90,1.0 93,1.0 107,1.0 110,1.0 111,1.0 112,1.0 115,1.0 118,1.0 122,1.0 134,1.0 141,3.0 142,1.0 154,1.0 171,1.0 182,1.0 195,1.0 217,1.0 218,1.0 219,1.0 220,1.0 221,1.0 222,1.0 227,1.0 248,1.0 
12,1.0 19,1.0 26,2.0 28,1.0 37,1.0 43,1.0 46,1.0 50,1.0 52,1.0 72,1.0 79,1.0 80,1.0 84,1.0 85,4.0 86,1.0 88,1.0 89,1.0 90,2.0 91,1.0 93,1.0 96,3.0 97,1.0 100,1.0 105,4.0 106,1.0 107,1.0 111,1.0 116,1.0 118,1.0 134,1.0 137,1.0 141,1.0 149,1.0 163,2.0 177,1.0 179,1.0 180,1.0 181,1.0 184,1.0 185,2.0 186,1.0 187,1.0 193,1.0 203,1.0 214,1.0 240,1.0 270,1.0 
36,1.0 49,1.0 56,1.0 68,1.0 85,2.0 90,1.0 92,2.0 102,3.0 131,1.0 153,1.0 160,1.0 167,1.0 169,1.0 211,1.0 
3,1.0 5,1.0 6,1.0 12,1.0 13,1.0 36,1.0 44,1.0 45,1.0 51,2.0 56,3.0 60,1.0 64,1.0 68,1.0 69,1.0 76,1.0 85,1.0 94,2.0 96,1.0 103,1.0 112,1.0 115,1.0 136,1.0 152,1.0 160,1.0 170,1.0 
45,1.0 47,1.0 74,3.0 75,2.0 76,1.0 89,1.0 90,1.0 96,1.0 107,1.0 151,1.0 153,1.0 204,1.0 209,1.0 212,1.0 
2,1.0 3,1.0 4,1.0 5,1.0 43,1.0 49,1.0 53,1.0 56,3.0 60,1.0 64,1.0 69,1.0 74,1.0 76,1.0 85,1.0 92,3.0 95,1.0 103,2.0 110,1.0 112,2.0 115,1.0 120,1.0 142,2.0 146,1.0 158,1.0 163,1.0 181,1.0 202,1.0 205,1.0 
30,1.0 49,1.0 69,1.0 70,1.0 85,1.0 91,1.0 96,1.0 102,1.0 134,1.0 158,1.0 
26,2.0 28,1.0 44,1.0 47,2.0 49,1.0 50,1.0 68,1.0 74,1.0 75,2.0 85,3.0 90,5.0 92,1.0 93,2.0 96,1.0 105,2.0 107,7.0 112,1.0 136,1.0 142,1.0 151,1.0 152,1.0 159,1.0 184,1.0 186,1.0 203,1.0 204,1.0 207,1.0 213,1.0 
28,1.0 47,1.0 48,1.0 64,1.0 65,2.0 87,1.0 101,1.0 106,1.0 152,2.0 204,1.0 
28,1.0 46,1.0 76,1.0 
100,1.0 
1,1.0 2,2.0 3,1.0 10,2.0 12,1.0 19,1.0 20,1.0 24,1.0 30,1.0 38,1.0 43,1.0 44,1.0 48,1.0 49,1.0 52,1.0 64,1.0 73,1.0 75,1.0 85,1.0 88,8.0 90,1.0 94,1.0 107,1.0 109,1.0 113,1.0 114,1.0 115,1.0 118,2.0 122,2.0 127,1.0 135,1.0 142,1.0 163,2.0 181,1.0 185,1.0 280,1.0 287,1.0 288,1.0 291,1.0 
30,1.0 102,1.0 156,1.0 
0,1.0 22,1.0 25,1.0 36,1.0 37,2.0 38,1.0 49,1.0 51,1.0 64,1.0 68,1.0 75,1.0 85,2.0 88,1.0 90,1.0 91,3.0 92,1.0 103,2.0 113,1.0 153,1.0 160,2.0 211,1.0 
52,2.0 56,4.0 60,2.0 62,1.0 64,2.0 76,1.0 94,1.0 96,1.0 112,1.0 114,1.0 136,2.0 142,1.0 213,1.0 
74,1.0 81,1.0 143,1.0 213,1.0 
12,1.0 26,1.0 28,2.0 29,1.0 33,1.0 37,1.0 45,1.0 52,1.0 64,1.0 69,1.0 73,1.0 74,1.0 75,1.0 76,1.0 78,1.0 79,1.0 80,1.0 85,1.0 88,1.0 89,1.0 90,3.0 100,1.0 106,1.0 107,2.0 141,1.0 142,1.0 143,1.0 144,1.0 146,1.0 149,1.0 163,1.0 205,1.0 214,1.0 
46,1.0 58,1.0 64,1.0 65,2.0 69,1.0 97,1.0 151,1.0 152,1.0 231,1.0 
11,2.0 19,1.0 28,1.0 33,1.0 34,1.0 43,1.0 45,3.0 47,3.0 51,1.0 58,1.0 64,2.0 71,1.0 75,3.0 76,1.0 78,1.0 79,1.0 80,1.0 85,1.0 90,3.0 91,1.0 93,1.0 96,4.0 102,1.0 105,2.0 107,1.0 118,1.0 132,1.0 133,1.0 137,1.0 142,1.0 143,2.0 144,2.0 145,1.0 146,1.0 148,1.0 149,2.0 159,1.0 161,1.0 163,1.0 170,1.0 177,2.0 178,1.0 184,2.0 185,1.0 186,2.0 202,1.0 203,1.0 219,1.0 220,1.0 225,1.0 273,1.0 
74,1.0 109,1.0 
6,1.0 12,1.0 32,1.0 64,1.0 74,1.0 88,1.0 94,1.0 100,1.0 118,2.0 
25,1.0 28,1.0 33,1.0 49,2.0 56,1.0 64,1.0 70,1.0 76,1.0 89,1.0 103,1.0 111,1.0 136,1.0 137,1.0 141,1.0 165,1.0 
78,1.0 84,1.0 86,1.0 87,1.0 89,1.0 90,1.0 112,2.0 134,1.0 143,1.0 185,1.0 
36,2.0 56,2.0 69,1.0 70,1.0 73,2.0 85,1.0 88,1.0 92,1.0 96,1.0 103,1.0 106,1.0 107,1.0 112,1.0 115,1.0 122,1.0 123,1.0 126,1.0 136,1.0 137,1.0 142,1.0 143,1.0 146,1.0 151,1.0 161,1.0 162,1.0 163,1.0 172,1.0 208,1.0 213,1.0 216,1.0 239,1.0 
37,1.0 49,1.0 74,1.0 100,1.0 114,1.0 115,1.0 119,1.0 120,1.0 160,1.0 
47,1.0 51,1.0 64,1.0 79,1.0 96,1.0 100,1.0 113,1.0 115,1.0 149,1.0 214,1.0 218,1.0 224,1.0 230,1.0 
38,1.0 56,1.0 72,1.0 85,2.0 89,1.0 92,1.0 110,1.0 112,1.0 116,1.0 142,1.0 149,1.0 163,1.0 164,1.0 165,1.0 181,1.0 214,1.0 
56,1.0 90,1.0 163,2.0 199,2.0 246,1.0 247,1.0 
118,1.0 119,1.0 241,1.0 
3,1.0 19,1.0 32,1.0 43,1.0 63,1.0 64,1.0 65,1.0 70,1.0 80,1.0 88,1.0 89,2.0 100,1.0 107,1.0 109,1.0 117,1.0 119,1.0 121,1.0 141,1.0 142,1.0 165,1.0 170,2.0 185,1.0 
4,1.0 28,1.0 31,1.0 37,1.0 48,1.0 74,2.0 85,1.0 113,1.0 120,1.0 121,1.0 122,1.0 136,1.0 142,1.0 176,1.0 183,1.0 
4,1.0 43,1.0 114,1.0 118,1.0 119,2.0 121,1.0 136,2.0 165,1.0 188,1.0 189,1.0 284,1.0 
70,1.0 118,1.0 122,1.0 123,1.0 165,1.0 
56,1.0 63,1.0 73,2.0 84,1.0 85,1.0 88,1.0 94,2.0 100,1.0 112,1.0 121,1.0 122,1.0 123,3.0 125,2.0 130,1.0 139,1.0 141,1.0 142,1.0 163,1.0 171,1.0 172,1.0 173,1.0 174,1.0 181,1.0 192,1.0 202,1.0 
2,1.0 3,1.0 26,1.0 63,1.0 65,1.0 73,1.0 122,1.0 124,1.0 125,1.0 133,1.0 139,1.0 167,1.0 168,1.0 173,1.0 174,1.0 176,1.0 219,1.0 227,1.0 237,1.0 256,1.0 
125,1.0 242,1.0 
51,1.0 63,1.0 73,1.0 122,1.0 123,2.0 126,1.0 139,1.0 173,1.0 174,1.0 
30,1.0 52,1.0 69,1.0 72,1.0 85,1.0 115,1.0 127,1.0 162,1.0 164,1.0 177,1.0 181,1.0 
70,1.0 100,1.0 122,1.0 128,1.0 133,1.0 135,1.0 154,1.0 227,1.0 243,1.0 266,1.0 
129,1.0 
130,1.0 
89,1.0 131,1.0 154,1.0 227,1.0 
2,1.0 3,1.0 6,1.0 28,1.0 31,1.0 64,1.0 
4,1.0 5,1.0 34,1.0 51,1.0 80,1.0 89,1.0 90,1.0 107,1.0 114,1.0 133,1.0 163,1.0 176,2.0 177,1.0 214,1.0 218,1.0 220,1.0 223,1.0 224,1.0 
2,1.0 3,1.0 11,1.0 26,1.0 36,1.0 78,1.0 89,1.0 107,1.0 120,1.0 123,1.0 127,1.0 132,1.0 136,1.0 137,1.0 163,1.0 177,2.0 178,2.0 186,1.0 219,1.0 237,1.0 266,1.0 284,1.0 
3,3.0 15,1.0 36,1.0 45,2.0 64,2.0 70,1.0 75,1.0 76,2.0 77,1.0 78,1.0 86,1.0 87,4.0 92,1.0 100,1.0 107,1.0 111,1.0 114,1.0 127,1.0 135,1.0 153,1.0 158,1.0 178,1.0 180,1.0 181,1.0 187,2.0 195,1.0 196,1.0 206,1.0 210,1.0 215,1.0 218,1.0 
28,1.0 100,1.0 122,1.0 127,2.0 279,1.0 
26,1.0 28,1.0 56,1.0 64,2.0 74,1.0 96,1.0 103,1.0 105,1.0 107,2.0 112,1.0 114,2.0 119,1.0 120,1.0 137,1.0 142,1.0 143,1.0 211,1.0 213,1.0 217,1.0 225,2.0 284,1.0 
28,2.0 36,1.0 72,1.0 88,1.0 90,2.0 112,3.0 113,1.0 119,1.0 134,1.0 137,1.0 141,1.0 160,1.0 170,1.0 178,1.0 179,2.0 180,1.0 181,1.0 186,1.0 187,1.0 278,1.0 286,1.0 
6,1.0 10,1.0 13,1.0 24,1.0 31,1.0 139,1.0 140,1.0 
2,1.0 3,1.0 6,1.0 63,1.0 94,1.0 140,1.0 173,1.0 174,1.0 175,1.0 
2,1.0 3,1.0 6,1.0 94,1.0 139,1.0 
38,1.0 56,1.0 64,1.0 72,2.0 73,1.0 79,1.0 84,1.0 85,1.0 89,3.0 107,1.0 113,1.0 115,1.0 119,1.0 122,2.0 124,1.0 137,1.0 152,1.0 160,1.0 171,2.0 235,1.0 
11,2.0 28,1.0 51,1.0 56,1.0 64,1.0 74,1.0 76,1.0 78,1.0 80,2.0 85,2.0 89,1.0 94,1.0 96,1.0 103,1.0 105,2.0 107,4.0 112,1.0 133,1.0 136,1.0 170,1.0 176,1.0 177,2.0 181,1.0 182,1.0 184,1.0 202,1.0 213,1.0 269,1.0 
58,1.0 64,1.0 79,2.0 80,2.0 81,1.0 85,1.0 90,1.0 96,1.0 107,1.0 112,1.0 144,1.0 145,1.0 146,1.0 147,1.0 148,2.0 149,3.0 213,1.0 222,1.0 225,1.0 239,1.0 
14,1.0 33,1.0 44,1.0 74,1.0 79,1.0 143,1.0 145,1.0 146,3.0 148,1.0 149,3.0 153,1.0 
85,2.0 96,1.0 143,1.0 144,1.0 146,2.0 215,3.0 
33,1.0 65,1.0 79,1.0 85,1.0 112,1.0 126,1.0 132,1.0 143,1.0 144,2.0 145,1.0 147,1.0 148,2.0 149,4.0 153,1.0 176,2.0 215,2.0 216,1.0 227,1.0 
58,1.0 67,1.0 143,1.0 148,1.0 149,1.0 
58,1.0 79,3.0 143,2.0 144,1.0 146,1.0 147,1.0 149,5.0 
33,1.0 51,1.0 58,1.0 79,6.0 85,1.0 90,1.0 96,1.0 112,1.0 115,1.0 126,1.0 136,1.0 143,3.0 144,3.0 145,1.0 146,4.0 147,1.0 148,4.0 149,3.0 153,1.0 177,1.0 214,1.0 217,1.0 225,1.0 
0,1.0 6,1.0 12,1.0 21,1.0 33,1.0 56,1.0 62,1.0 75,1.0 285,1.0 
30,1.0 37,1.0 43,1.0 45,1.0 56,1.0 60,2.0 69,4.0 70,1.0 75,2.0 85,1.0 90,1.0 95,2.0 102,1.0 111,1.0 141,1.0 145,1.0 152,2.0 159,1.0 203,1.0 216,1.0 226,1.0 235,1.0 259,1.0 271,1.0 
43,1.0 44,1.0 56,2.0 65,2.0 69,2.0 97,1.0 106,1.0 141,1.0 151,1.0 153,2.0 203,1.0 
10,1.0 20,1.0 24,1.0 26,1.0 47,1.0 49,1.0 64,1.0 74,1.0 87,1.0 91,1.0 96,2.0 100,1.0 102,1.0 107,3.0 134,1.0 154,1.0 159,1.0 207,1.0 208,1.0 210,1.0 211,1.0 212,1.0 
26,1.0 54,1.0 65,1.0 70,1.0 73,1.0 87,2.0 89,1.0 197,1.0 206,1.0 227,1.0 243,1.0 248,1.0 
101,1.0 
30,1.0 74,1.0 75,1.0 
62,1.0 151,1.0 
16,1.0 31,2.0 45,1.0 75,1.0 134,1.0 
69,1.0 90,1.0 95,1.0 96,1.0 107,1.0 151,1.0 184,1.0 186,1.0 
2,1.0 3,1.0 36,1.0 37,1.0 49,1.0 54,1.0 56,1.0 64,1.0 68,1.0 69,1.0 72,1.0 74,1.0 78,1.0 85,1.0 92,1.0 113,1.0 141,1.0 162,1.0 165,1.0 222,1.0 235,1.0 
49,1.0 73,1.0 91,1.0 102,1.0 112,1.0 126,1.0 153,1.0 162,1.0 163,1.0 
54,1.0 73,1.0 112,1.0 115,1.0 126,1.0 161,1.0 163,1.0 164,1.0 
12,1.0 19,1.0 26,1.0 28,2.0 43,1.0 52,1.0 73,1.0 74,1.0 76,2.0 85,2.0 88,3.0 90,2.0 94,3.0 100,3.0 107,1.0 112,1.0 116,1.0 118,1.0 122,2.0 126,1.0 142,1.0 146,1.0 161,1.0 162,1.0 163,3.0 177,1.0 178,1.0 179,2.0 180,1.0 181,3.0 182,1.0 185,1.0 186,1.0 193,1.0 199,3.0 205,1.0 
110,1.0 115,1.0 165,1.0 
70,1.0 78,1.0 110,1.0 115,1.0 118,1.0 121,1.0 137,1.0 141,1.0 160,1.0 
88,1.0 123,1.0 167,1.0 168,1.0 
65,1.0 91,1.0 123,1.0 168,1.0 169,1.0 
65,1.0 123,1.0 167,1.0 
118,1.0 133,1.0 170,1.0 
4,1.0 11,1.0 51,1.0 70,1.0 80,1.0 85,1.0 89,1.0 94,1.0 107,1.0 116,1.0 118,1.0 131,1.0 133,1.0 134,1.0 141,1.0 142,1.0 146,1.0 163,2.0 177,1.0 181,2.0 192,1.0 197,1.0 199,1.0 205,1.0 215,1.0 216,1.0 217,1.0 
5,1.0 73,1.0 112,1.0 122,1.0 137,1.0 141,1.0 172,1.0 
112,1.0 122,1.0 
63,1.0 139,1.0 174,1.0 175,1.0 
63,1.0 139,1.0 173,1.0 175,1.0 
6,1.0 131,1.0 
4,2.0 5,2.0 11,1.0 36,1.0 51,3.0 74,1.0 78,1.0 80,2.0 107,1.0 132,1.0 133,1.0 142,1.0 149,1.0 176,1.0 177,2.0 184,1.0 198,1.0 202,1.0 227,1.0 
11,1.0 26,1.0 34,1.0 36,1.0 51,1.0 72,1.0 78,1.0 90,1.0 107,2.0 126,1.0 132,1.0 133,2.0 137,1.0 146,1.0 163,2.0 170,1.0 176,1.0 178,2.0 181,1.0 186,2.0 200,1.0 240,1.0 241,1.0 
26,1.0 28,2.0 76,1.0 90,1.0 137,2.0 163,2.0 179,2.0 185,1.0 186,1.0 187,2.0 188,1.0 192,1.0 196,1.0 244,1.0 245,1.0 
28,2.0 76,1.0 90,1.0 134,1.0 137,1.0 163,1.0 180,2.0 181,2.0 182,1.0 187,1.0 
3,1.0 12,1.0 48,1.0 77,1.0 88,1.0 134,1.0 181,2.0 182,1.0 187,1.0 
3,1.0 12,1.0 48,1.0 56,1.0 77,1.0 80,1.0 85,3.0 88,2.0 94,1.0 100,1.0 103,1.0 112,1.0 116,1.0 122,1.0 134,1.0 141,1.0 142,2.0 163,3.0 170,1.0 180,2.0 182,1.0 187,2.0 192,1.0 196,1.0 199,1.0 202,1.0 251,1.0 252,1.0 253,1.0 
12,1.0 48,1.0 88,1.0 154,1.0 180,1.0 181,1.0 
4,1.0 48,1.0 74,1.0 85,1.0 119,1.0 125,1.0 142,1.0 176,1.0 268,1.0 
11,1.0 51,1.0 85,2.0 90,2.0 96,1.0 105,1.0 107,1.0 186,1.0 234,1.0 
19,1.0 43,1.0 80,1.0 84,1.0 107,1.0 118,1.0 142,1.0 170,2.0 188,1.0 197,1.0 222,1.0 260,2.0 261,1.0 
28,1.0 51,1.0 78,1.0 85,1.0 90,3.0 105,1.0 137,2.0 177,1.0 178,1.0 179,1.0 184,1.0 200,1.0 
3,1.0 64,1.0 77,1.0 89,1.0 134,1.0 141,1.0 178,2.0 180,1.0 181,3.0 187,3.0 191,1.0 192,2.0 218,1.0 219,1.0 220,1.0 221,1.0 
4,1.0 65,1.0 120,1.0 170,1.0 185,1.0 189,1.0 197,1.0 
4,1.0 28,1.0 190,1.0 191,1.0 192,1.0 
28,1.0 34,1.0 107,1.0 132,1.0 177,1.0 191,1.0 192,1.0 
28,1.0 34,1.0 80,1.0 107,1.0 132,1.0 177,1.0 190,1.0 192,2.0 194,1.0 
28,1.0 34,1.0 80,1.0 87,1.0 107,1.0 132,1.0 134,1.0 142,1.0 177,1.0 181,2.0 187,2.0 190,1.0 191,1.0 195,1.0 196,1.0 269,1.0 
63,1.0 74,1.0 
191,1.0 192,1.0 
87,1.0 134,1.0 178,1.0 183,1.0 196,1.0 217,1.0 268,1.0 
80,1.0 176,1.0 178,1.0 185,1.0 188,1.0 198,1.0 
122,1.0 170,1.0 178,1.0 181,1.0 192,1.0 244,1.0 
176,1.0 177,1.0 
116,1.0 163,3.0 177,1.0 186,1.0 199,1.0 227,1.0 250,1.0 
51,1.0 163,1.0 200,1.0 201,2.0 
163,1.0 200,1.0 
37,1.0 84,1.0 85,1.0 91,1.0 102,1.0 107,1.0 119,1.0 122,2.0 141,1.0 142,1.0 181,1.0 202,1.0 
26,1.0 30,1.0 50,1.0 54,1.0 58,1.0 80,1.0 93,1.0 96,1.0 126,1.0 185,1.0 204,1.0 235,1.0 259,1.0 260,1.0 272,1.0 
28,1.0 47,1.0 64,1.0 75,1.0 93,1.0 107,1.0 
44,1.0 74,1.0 75,1.0 94,1.0 146,1.0 163,1.0 
45,1.0 75,1.0 87,2.0 134,1.0 
49,1.0 96,1.0 107,1.0 153,2.0 207,1.0 208,2.0 
70,1.0 74,1.0 96,1.0 107,1.0 134,1.0 153,1.0 207,1.0 
68,1.0 74,1.0 75,1.0 
64,1.0 87,1.0 107,1.0 134,1.0 153,1.0 
49,2.0 64,2.0 76,1.0 160,1.0 165,1.0 236,1.0 
74,1.0 96,1.0 107,1.0 153,1.0 159,1.0 
28,1.0 80,1.0 81,1.0 96,1.0 105,1.0 107,1.0 136,1.0 142,1.0 143,1.0 
37,1.0 51,1.0 79,2.0 83,1.0 114,1.0 145,1.0 146,1.0 149,1.0 215,1.0 218,1.0 224,1.0 
64,1.0 70,1.0 85,3.0 90,1.0 134,1.0 145,1.0 146,1.0 170,1.0 187,1.0 215,1.0 216,1.0 217,1.0 218,1.0 
69,1.0 70,1.0 85,1.0 134,1.0 151,1.0 170,1.0 186,1.0 215,1.0 217,1.0 271,1.0 
64,1.0 70,1.0 85,1.0 107,1.0 134,1.0 136,1.0 143,1.0 170,1.0 183,1.0 195,1.0 215,1.0 216,1.0 225,2.0 268,1.0 
51,1.0 64,1.0 79,1.0 89,1.0 114,1.0 132,1.0 149,1.0 187,1.0 214,1.0 219,1.0 220,2.0 221,1.0 222,1.0 223,1.0 224,1.0 
2,1.0 3,1.0 58,1.0 89,1.0 107,1.0 203,1.0 218,1.0 220,1.0 221,1.0 222,1.0 237,1.0 264,1.0 
89,1.0 114,1.0 132,1.0 149,1.0 214,1.0 218,2.0 219,1.0 221,1.0 222,1.0 223,1.0 224,1.0 
89,1.0 218,1.0 219,1.0 220,1.0 222,1.0 
38,1.0 46,1.0 102,2.0 132,1.0 218,1.0 220,1.0 223,1.0 
114,1.0 132,1.0 214,1.0 218,1.0 220,1.0 224,1.0 
51,1.0 79,1.0 114,1.0 149,1.0 214,1.0 218,1.0 
64,2.0 79,1.0 107,2.0 136,1.0 143,2.0 148,1.0 149,1.0 217,1.0 225,1.0 
56,1.0 60,1.0 64,1.0 
78,1.0 87,1.0 88,1.0 89,1.0 130,1.0 136,1.0 165,1.0 181,1.0 228,1.0 248,1.0 251,1.0 252,1.0 
15,1.0 28,1.0 112,1.0 
73,1.0 78,1.0 232,1.0 233,1.0 
54,1.0 
72,1.0 141,1.0 160,1.0 
58,1.0 232,1.0 233,1.0 
232,2.0 
72,1.0 80,1.0 147,1.0 234,1.0 263,1.0 
64,1.0 154,1.0 185,1.0 203,1.0 259,1.0 260,1.0 
78,1.0 
2,1.0 3,1.0 65,1.0 219,1.0 264,1.0 
111,1.0 
80,1.0 
177,1.0 241,1.0 
117,1.0 146,1.0 
127,1.0 
70,1.0 154,1.0 197,1.0 
178,1.0 245,1.0 
188,1.0 
116,1.0 247,1.0 
248,1.0 249,1.0 
80,1.0 87,1.0 89,1.0 227,1.0 249,1.0 
80,1.0 248,1.0 
199,1.0 227,1.0 
181,1.0 252,1.0 253,1.0 
181,1.0 251,1.0 253,1.0 254,1.0 255,1.0 
252,1.0 254,1.0 
123,1.0 252,1.0 255,1.0 
254,1.0 
26,1.0 257,1.0 
258,1.0 
187,1.0 
185,1.0 203,1.0 235,1.0 260,1.0 
80,1.0 185,1.0 234,1.0 260,1.0 261,2.0 262,1.0 
260,1.0 262,1.0 
260,1.0 
234,1.0 263,1.0 
57,1.0 59,2.0 265,1.0 
57,3.0 265,1.0 
187,1.0 267,1.0 
29,1.0 61,1.0 
3,1.0 44,1.0 125,1.0 183,1.0 
80,1.0 142,1.0 
85,1.0 90,1.0 141,1.0 270,1.0 
70,1.0 
54,1.0 80,1.0 203,1.0 
90,1.0 
2,1.0 3,1.0 6,1.0 
0,1.0 3,1.0 6,2.0 10,1.0 24,1.0 88,1.0 290,1.0 
6,2.0 22,1.0 32,1.0 38,1.0 
56,1.0 103,1.0 
28,1.0 135,1.0 279,1.0 
28,1.0 127,1.0 135,1.0 
2,3.0 3,2.0 6,1.0 15,2.0 28,1.0 36,2.0 38,1.0 48,1.0 52,1.0 75,1.0 87,1.0 88,2.0 100,2.0 
6,1.0 282,1.0 
6,1.0 88,1.0 100,1.0 109,1.0 118,1.0 276,1.0 
3,1.0 24,1.0 268,1.0 
37,1.0 94,1.0 114,1.0 120,1.0 136,1.0 
12,1.0 21,1.0 33,1.0 56,1.0 150,1.0 
137,1.0 170,1.0 
10,1.0 100,1.0 288,1.0 
3,1.0 11,1.0 
0,1.0 3,1.0 6,1.0 
2,1.0 291,1.0 
0,1.0 2,2.0 3,1.0 292,1.0 293,1.0 294,1.0 295,1.0 296,1.0 297,1.0 
293,1.0 294,1.0 295,1.0 296,1.0 297,1.0 298,1.0 299,1.0 300,1.0 301,1.0 
292,1.0 294,1.0 295,1.0 296,1.0 297,1.0 298,1.0 299,1.0 300,1.0 301,1.0 
292,1.0 293,1.0 295,1.0 296,1.0 297,1.0 298,1.0 299,1.0 300,1.0 301,1.0 
292,1.0 293,1.0 294,1.0 296,1.0 297,1.0 298,1.0 299,1.0 300,1.0 301,1.0 
292,1.0 293,1.0 294,1.0 295,1.0 297,1.0 298,1.0 299,1.0 300,1.0 301,1.0 
292,1.0 293,1.0 294,1.0 295,1.0 296,1.0 298,1.0 299,1.0 300,1.0 301,1.0 
299,1.0 300,1.0 301,1.0 
298,1.0 300,1.0 301,1.0 
298,1.0 299,1.0 301,1.0 
298,1.0 299,1.0 300,1.0 
