1,7.0 2,1.0 3,2.0 4,2.0 5,2.0 6,1.0 7,1.0 8,1.0 14,1.0 15,1.0 17,3.0 22,1.0 24,1.0 27,1.0 49,1.0 50,1.0 58,1.0 73,1.0 90,1.0 103,1.0 106,1.0 114,1.0 115,2.0 151,1.0 222,1.0 272,1.0 277,1.0 299,1.0 300,1.0 301,1.0 
0,7.0 2,1.0 3,2.0 4,2.0 5,2.0 6,1.0 7,1.0 8,1.0 14,1.0 15,1.0 17,1.0 37,1.0 38,2.0 39,1.0 49,1.0 50,1.0 58,1.0 73,1.0 76,1.0 90,1.0 103,1.0 105,2.0 114,1.0 115,1.0 185,1.0 186,2.0 188,2.0 190,1.0 194,1.0 195,2.0 196,2.0 
0,1.0 1,1.0 2,1.0 3,6.0 4,15.0 5,2.0 11,8.0 12,7.0 13,1.0 15,3.0 17,7.0 18,2.0 19,1.0 20,1.0 22,1.0 23,1.0 27,3.0 29,5.0 30,1.0 33,3.0 39,2.0 40,1.0 41,1.0 42,2.0 52,1.0 53,4.0 54,4.0 61,1.0 86,1.0 87,1.0 91,1.0 92,1.0 96,1.0 97,1.0 100,1.0 101,1.0 103,2.0 104,1.0 105,2.0 106,2.0 112,1.0 113,1.0 116,1.0 170,1.0 194,1.0 226,1.0 252,1.0 259,1.0 269,1.0 278,1.0 310,1.0 324,1.0 325,1.0 326,1.0 
0,1.0 1,1.0 2,6.0 4,5.0 5,2.0 6,3.0 7,4.0 8,1.0 9,1.0 10,1.0 14,1.0 15,2.0 16,1.0 17,7.0 18,2.0 19,1.0 20,1.0 22,2.0 23,2.0 27,1.0 39,3.0 42,1.0 43,2.0 49,1.0 52,1.0 70,1.0 71,1.0 80,1.0 103,1.0 105,1.0 106,1.0 278,1.0 
0,2.0 1,1.0 2,15.0 3,5.0 5,2.0 11,8.0 12,8.0 13,2.0 15,2.0 17,9.0 18,1.0 19,1.0 20,1.0 22,1.0 23,2.0 27,2.0 29,3.0 30,1.0 33,5.0 39,4.0 40,1.0 41,1.0 42,2.0 53,2.0 54,2.0 86,1.0 87,1.0 88,1.0 91,1.0 92,1.0 95,1.0 96,1.0 97,1.0 100,1.0 101,1.0 103,2.0 104,1.0 105,2.0 106,4.0 112,1.0 113,1.0 115,2.0 116,1.0 120,1.0 130,1.0 131,1.0 150,1.0 151,1.0 152,1.0 153,1.0 154,1.0 186,1.0 187,1.0 194,1.0 195,1.0 196,1.0 252,1.0 278,1.0 299,2.0 300,2.0 301,1.0 307,1.0 308,1.0 309,1.0 310,1.0 
0,1.0 1,1.0 2,3.0 3,2.0 4,3.0 6,2.0 11,1.0 12,3.0 17,1.0 19,1.0 20,1.0 24,1.0 25,1.0 27,1.0 42,3.0 63,1.0 114,1.0 115,1.0 117,1.0 185,2.0 186,2.0 189,1.0 191,1.0 252,1.0 257,5.0 308,1.0 326,1.0 336,4.0 337,2.0 339,4.0 343,1.0 353,1.0 356,2.0 378,1.0 379,1.0 380,1.0 381,1.0 382,1.0 
3,3.0 7,3.0 8,1.0 9,1.0 10,1.0 12,4.0 17,5.0 22,2.0 23,1.0 27,4.0 33,1.0 42,3.0 43,1.0 44,1.0 45,1.0 46,1.0 47,1.0 48,1.0 53,1.0 54,1.0 55,1.0 73,1.0 102,1.0 107,1.0 109,1.0 110,1.0 111,1.0 115,1.0 128,1.0 284,1.0 285,1.0 297,1.0 299,1.0 
1,1.0 3,4.0 6,3.0 8,1.0 9,1.0 10,1.0 11,2.0 12,1.0 14,1.0 16,1.0 17,3.0 27,2.0 28,1.0 38,1.0 39,2.0 49,1.0 54,1.0 55,1.0 70,1.0 71,1.0 72,1.0 74,3.0 75,1.0 80,1.0 85,1.0 86,1.0 87,1.0 102,1.0 117,1.0 124,1.0 125,1.0 
3,1.0 6,1.0 7,1.0 9,1.0 10,1.0 46,1.0 47,1.0 186,1.0 194,1.0 196,1.0 207,1.0 221,1.0 252,1.0 257,3.0 308,1.0 323,1.0 326,2.0 336,2.0 339,3.0 
2,2.0 4,3.0 5,1.0 10,4.0 11,3.0 12,3.0 
2,2.0 4,3.0 5,1.0 9,4.0 11,3.0 12,3.0 
1,1.0 2,8.0 4,7.0 7,2.0 11,1.0 12,7.0 13,2.0 17,1.0 27,4.0 29,4.0 30,1.0 33,5.0 38,1.0 52,1.0 53,4.0 54,3.0 61,1.0 74,1.0 75,1.0 85,1.0 88,1.0 95,1.0 96,1.0 97,1.0 104,1.0 105,1.0 106,1.0 112,1.0 113,1.0 117,1.0 170,1.0 194,1.0 222,1.0 241,1.0 252,1.0 259,1.0 269,1.0 277,1.0 297,1.0 310,1.0 324,1.0 325,1.0 326,1.0 
2,6.0 4,7.0 6,4.0 7,1.0 11,6.0 13,1.0 15,1.0 17,3.0 21,1.0 27,6.0 28,1.0 29,2.0 33,2.0 42,6.0 46,1.0 47,1.0 48,1.0 52,3.0 53,6.0 54,5.0 61,1.0 62,1.0 63,1.0 68,2.0 69,1.0 88,1.0 95,2.0 102,1.0 104,1.0 105,1.0 106,1.0 109,1.0 110,1.0 111,1.0 112,1.0 113,1.0 116,1.0 128,1.0 167,1.0 168,1.0 169,1.0 170,1.0 186,1.0 192,1.0 194,1.0 195,1.0 196,1.0 219,1.0 220,1.0 221,1.0 222,3.0 223,1.0 224,1.0 225,1.0 226,1.0 240,1.0 241,2.0 242,1.0 243,1.0 252,1.0 259,1.0 277,1.0 297,1.0 307,1.0 309,1.0 310,1.0 
1,1.0 12,1.0 13,1.0 14,1.0 17,1.0 52,1.0 53,1.0 54,1.0 56,4.0 58,1.0 68,1.0 102,1.0 104,1.0 105,1.0 141,1.0 145,2.0 146,2.0 147,1.0 148,3.0 156,2.0 159,2.0 162,1.0 164,2.0 165,3.0 172,1.0 176,1.0 178,5.0 179,2.0 180,1.0 185,2.0 186,4.0 187,1.0 188,4.0 189,1.0 190,2.0 191,1.0 195,1.0 196,2.0 201,3.0 214,3.0 217,1.0 222,1.0 234,1.0 235,1.0 237,1.0 238,3.0 239,1.0 244,1.0 245,1.0 246,1.0 247,1.0 248,1.0 249,1.0 257,1.0 308,2.0 326,1.0 338,1.0 339,1.0 340,1.0 343,1.0 357,1.0 
0,2.0 1,2.0 2,5.0 3,2.0 4,3.0 12,1.0 15,4.0 16,3.0 17,2.0 39,1.0 40,2.0 41,1.0 42,1.0 49,2.0 52,1.0 91,1.0 127,1.0 403,1.0 
0,1.0 1,1.0 2,3.0 3,2.0 4,2.0 7,1.0 12,1.0 14,1.0 15,1.0 17,1.0 18,5.0 19,1.0 20,1.0 28,1.0 42,1.0 52,1.0 58,4.0 74,1.0 92,1.0 116,1.0 124,1.0 129,1.0 131,1.0 186,1.0 188,1.0 221,1.0 308,4.0 343,1.0 370,1.0 382,1.0 393,2.0 
3,1.0 7,1.0 14,5.0 16,1.0 28,1.0 29,1.0 30,1.0 34,1.0 35,2.0 39,1.0 55,1.0 58,13.0 59,1.0 91,1.0 92,2.0 99,1.0 121,1.0 122,2.0 123,2.0 125,1.0 127,1.0 129,2.0 186,3.0 196,1.0 220,1.0 221,2.0 257,1.0 308,6.0 326,3.0 338,2.0 339,1.0 343,4.0 346,1.0 347,1.0 348,2.0 360,1.0 393,2.0 
0,2.0 2,6.0 3,7.0 4,9.0 5,1.0 6,5.0 7,3.0 11,1.0 12,3.0 15,1.0 16,1.0 18,2.0 21,1.0 22,4.0 23,3.0 24,2.0 25,1.0 27,6.0 28,1.0 39,3.0 42,1.0 43,2.0 44,1.0 45,1.0 52,2.0 53,3.0 54,2.0 55,1.0 58,1.0 60,1.0 61,1.0 68,1.0 70,1.0 71,1.0 73,1.0 85,1.0 86,1.0 87,1.0 91,1.0 92,2.0 95,2.0 100,1.0 101,1.0 103,2.0 105,1.0 106,2.0 114,1.0 115,2.0 117,1.0 120,1.0 128,1.0 151,1.0 192,1.0 219,1.0 220,1.0 221,1.0 222,3.0 223,1.0 224,1.0 225,1.0 240,1.0 241,1.0 242,1.0 243,1.0 272,1.0 277,1.0 278,1.0 299,1.0 300,1.0 301,1.0 
15,1.0 19,1.0 20,1.0 21,1.0 53,1.0 58,2.0 92,1.0 122,1.0 127,1.0 129,2.0 190,1.0 258,1.0 308,1.0 392,1.0 393,1.0 404,1.0 
3,2.0 6,2.0 7,1.0 15,1.0 17,3.0 18,1.0 20,6.0 21,1.0 22,2.0 27,1.0 50,1.0 98,1.0 118,1.0 119,1.0 
3,2.0 6,2.0 7,1.0 15,1.0 17,3.0 18,1.0 19,6.0 21,1.0 22,2.0 27,1.0 50,1.0 98,1.0 118,1.0 119,1.0 
3,1.0 6,1.0 12,1.0 13,1.0 17,2.0 19,1.0 20,1.0 21,2.0 22,1.0 23,1.0 27,1.0 28,1.0 105,1.0 131,2.0 133,1.0 146,4.0 148,4.0 155,8.0 156,6.0 157,6.0 158,4.0 159,2.0 164,5.0 165,3.0 178,1.0 179,8.0 185,1.0 186,2.0 189,1.0 190,1.0 197,4.0 198,1.0 199,1.0 200,1.0 201,5.0 202,1.0 218,1.0 234,2.0 235,2.0 236,2.0 237,1.0 238,1.0 239,1.0 255,1.0 256,1.0 257,1.0 258,1.0 285,2.0 308,1.0 337,1.0 339,1.0 340,2.0 
0,1.0 2,1.0 3,2.0 4,1.0 6,3.0 7,1.0 17,5.0 19,1.0 20,1.0 23,2.0 24,1.0 27,2.0 39,2.0 40,1.0 53,2.0 103,1.0 106,1.0 151,1.0 222,1.0 272,1.0 277,1.0 278,1.0 
4,1.0 17,1.0 24,1.0 25,1.0 26,1.0 29,1.0 30,1.0 39,1.0 67,1.0 95,1.0 96,1.0 130,1.0 131,1.0 152,1.0 189,1.0 193,6.0 267,1.0 268,1.0 278,11.0 279,9.0 285,2.0 286,1.0 288,1.0 312,3.0 315,1.0 316,1.0 317,1.0 339,1.0 340,1.0 343,1.0 
0,1.0 3,1.0 6,2.0 7,1.0 12,2.0 17,3.0 21,1.0 22,1.0 25,5.0 26,1.0 27,3.0 72,1.0 73,2.0 107,1.0 122,1.0 123,1.0 151,1.0 222,1.0 272,1.0 277,1.0 
3,1.0 6,1.0 12,1.0 17,2.0 21,1.0 24,5.0 26,1.0 27,1.0 72,1.0 73,2.0 107,1.0 122,1.0 123,1.0 
12,1.0 17,1.0 21,1.0 24,1.0 25,1.0 27,1.0 308,1.0 326,1.0 339,1.0 340,1.0 343,1.0 
0,1.0 1,1.0 2,2.0 3,1.0 4,2.0 6,5.0 7,3.0 11,4.0 12,6.0 16,1.0 17,6.0 21,1.0 22,2.0 24,2.0 28,1.0 29,4.0 30,1.0 33,4.0 34,1.0 35,1.0 38,1.0 42,2.0 43,1.0 44,1.0 45,1.0 48,1.0 52,1.0 53,3.0 54,2.0 58,1.0 61,1.0 73,1.0 74,2.0 75,1.0 86,1.0 87,1.0 95,1.0 109,1.0 110,1.0 111,1.0 115,1.0 150,1.0 151,2.0 152,1.0 153,1.0 154,1.0 222,2.0 226,1.0 241,1.0 259,1.0 272,1.0 277,2.0 297,1.0 
7,1.0 16,1.0 27,1.0 29,1.0 30,1.0 33,1.0 34,3.0 35,1.0 58,2.0 72,1.0 74,1.0 124,1.0 125,2.0 127,1.0 129,2.0 188,1.0 190,1.0 220,2.0 221,1.0 340,1.0 348,1.0 349,1.0 370,1.0 393,1.0 
2,4.0 4,6.0 11,5.0 12,4.0 17,1.0 23,1.0 27,4.0 29,2.0 30,9.0 31,1.0 32,1.0 33,7.0 39,1.0 42,2.0 53,3.0 54,9.0 58,1.0 61,1.0 62,1.0 67,2.0 94,1.0 99,2.0 105,1.0 115,1.0 126,1.0 130,1.0 150,1.0 151,1.0 152,1.0 153,1.0 154,1.0 179,1.0 180,1.0 194,2.0 226,1.0 234,1.0 252,1.0 259,1.0 280,1.0 296,1.0 297,1.0 310,1.0 311,1.0 324,1.0 325,1.0 326,1.0 327,1.0 
2,2.0 4,4.0 11,3.0 12,3.0 17,1.0 23,1.0 27,1.0 29,9.0 31,1.0 32,1.0 33,3.0 39,1.0 42,2.0 53,1.0 54,4.0 58,1.0 62,1.0 67,2.0 99,2.0 126,1.0 130,1.0 
28,1.0 32,1.0 
28,1.0 31,1.0 
2,2.0 4,4.0 6,1.0 11,4.0 12,2.0 13,1.0 27,4.0 29,4.0 34,1.0 35,1.0 52,1.0 53,3.0 54,4.0 61,1.0 94,1.0 95,1.0 96,1.0 97,1.0 107,1.0 115,2.0 128,1.0 130,1.0 131,1.0 150,1.0 151,1.0 152,1.0 153,1.0 154,1.0 179,1.0 180,1.0 194,1.0 222,1.0 234,1.0 241,1.0 259,1.0 277,1.0 280,1.0 284,1.0 285,1.0 296,1.0 297,3.0 299,1.0 
0,1.0 1,1.0 16,2.0 27,1.0 33,1.0 34,1.0 35,7.0 58,1.0 90,2.0 129,1.0 186,1.0 190,1.0 220,4.0 313,1.0 338,1.0 349,2.0 350,1.0 353,1.0 360,2.0 399,1.0 
16,3.0 28,1.0 34,5.0 35,2.0 36,2.0 58,2.0 129,2.0 152,1.0 186,2.0 188,2.0 190,2.0 220,6.0 285,1.0 286,1.0 308,1.0 313,2.0 338,1.0 349,4.0 350,2.0 353,1.0 357,1.0 360,2.0 393,1.0 402,1.0 
1,1.0 37,1.0 38,1.0 325,1.0 326,1.0 399,1.0 400,1.0 
1,1.0 4,1.0 35,1.0 38,1.0 39,1.0 402,1.0 
1,2.0 4,1.0 37,1.0 39,1.0 76,1.0 
2,2.0 3,3.0 4,5.0 7,2.0 14,1.0 16,1.0 17,4.0 22,2.0 23,2.0 40,4.0 41,1.0 49,2.0 50,1.0 53,1.0 80,1.0 95,1.0 99,1.0 103,1.0 106,1.0 120,1.0 278,1.0 
2,3.0 3,1.0 4,3.0 5,1.0 17,2.0 22,1.0 39,4.0 41,2.0 42,1.0 49,1.0 50,1.0 53,1.0 99,1.0 
2,2.0 3,1.0 4,2.0 5,1.0 17,1.0 39,1.0 40,2.0 42,1.0 
2,2.0 3,1.0 4,2.0 5,1.0 6,3.0 12,6.0 15,1.0 16,1.0 17,1.0 18,1.0 19,1.0 20,1.0 27,2.0 46,1.0 47,1.0 48,1.0 54,2.0 58,1.0 62,1.0 63,1.0 68,1.0 69,1.0 92,1.0 109,1.0 110,1.0 111,1.0 116,1.0 128,1.0 
44,2.0 45,2.0 71,1.0 102,1.0 142,1.0 145,1.0 157,1.0 179,1.0 182,1.0 197,1.0 214,1.0 217,1.0 218,1.0 228,1.0 234,1.0 250,1.0 251,1.0 
5,2.0 6,1.0 12,1.0 27,1.0 42,1.0 45,3.0 
5,2.0 6,1.0 12,1.0 27,1.0 42,1.0 44,3.0 
23,1.0 47,5.0 48,1.0 96,1.0 97,1.0 130,1.0 151,3.0 240,1.0 270,1.0 271,1.0 272,1.0 273,1.0 274,1.0 275,1.0 278,1.0 295,1.0 
23,1.0 46,5.0 48,1.0 151,1.0 270,1.0 271,1.0 272,1.0 273,1.0 274,1.0 275,1.0 278,1.0 
14,2.0 186,1.0 188,1.0 196,2.0 257,2.0 308,1.0 326,1.0 336,1.0 337,1.0 338,1.0 339,2.0 340,2.0 370,1.0 371,1.0 
0,1.0 1,1.0 39,1.0 40,1.0 50,2.0 63,12.0 64,4.0 65,2.0 81,1.0 98,3.0 116,3.0 188,5.0 189,4.0 308,1.0 337,3.0 338,2.0 343,1.0 345,8.0 353,2.0 
29,1.0 30,1.0 51,3.0 58,1.0 79,1.0 106,1.0 108,1.0 126,1.0 
14,2.0 50,1.0 
2,1.0 3,1.0 11,1.0 12,3.0 15,1.0 17,2.0 18,1.0 27,1.0 33,1.0 53,2.0 54,1.0 60,1.0 61,1.0 68,1.0 95,2.0 128,1.0 167,1.0 168,1.0 169,1.0 170,1.0 192,1.0 222,2.0 240,1.0 241,2.0 242,1.0 243,1.0 277,1.0 297,1.0 
2,4.0 4,2.0 11,3.0 12,5.0 17,3.0 19,1.0 20,1.0 27,3.0 29,4.0 33,3.0 52,2.0 54,7.0 55,2.0 61,1.0 63,1.0 68,1.0 73,1.0 94,2.0 95,2.0 98,1.0 105,1.0 106,2.0 131,1.0 167,1.0 170,1.0 187,1.0 189,1.0 191,1.0 192,1.0 194,1.0 219,1.0 220,1.0 221,1.0 222,4.0 223,1.0 224,1.0 225,1.0 226,1.0 240,1.0 241,2.0 242,1.0 243,1.0 252,1.0 259,1.0 263,1.0 264,1.0 269,1.0 277,1.0 280,2.0 285,1.0 289,1.0 290,1.0 296,1.0 297,2.0 307,2.0 308,1.0 310,1.0 324,1.0 325,1.0 326,1.0 344,1.0 346,1.0 347,1.0 
2,2.0 4,2.0 7,1.0 11,3.0 12,4.0 17,2.0 27,2.0 29,6.0 30,1.0 33,4.0 42,2.0 52,1.0 53,4.0 55,4.0 56,1.0 61,1.0 62,1.0 63,1.0 68,2.0 69,1.0 93,1.0 94,2.0 95,1.0 105,1.0 130,1.0 131,1.0 167,1.0 179,1.0 180,1.0 192,1.0 194,2.0 222,2.0 226,1.0 234,1.0 240,1.0 241,1.0 242,1.0 243,1.0 252,1.0 259,1.0 280,2.0 289,1.0 290,1.0 296,1.0 297,1.0 310,1.0 311,1.0 324,1.0 325,1.0 326,1.0 327,1.0 
7,1.0 11,1.0 17,2.0 52,1.0 53,1.0 54,4.0 56,1.0 59,1.0 60,1.0 93,1.0 94,1.0 167,1.0 222,1.0 280,1.0 289,1.0 290,1.0 
4,1.0 13,4.0 27,1.0 29,1.0 33,1.0 56,1.0 57,1.0 102,1.0 104,1.0 115,1.0 141,1.0 145,3.0 146,4.0 147,2.0 148,4.0 149,2.0 156,2.0 159,1.0 162,1.0 165,2.0 172,1.0 176,1.0 178,4.0 179,2.0 180,1.0 181,1.0 185,1.0 186,1.0 187,1.0 188,1.0 189,1.0 190,1.0 191,1.0 214,1.0 238,2.0 244,1.0 
42,1.0 58,1.0 
3,1.0 7,1.0 14,2.0 15,6.0 16,19.0 17,1.0 18,3.0 19,2.0 20,2.0 27,1.0 28,2.0 29,1.0 30,1.0 34,2.0 35,4.0 39,1.0 42,1.0 50,1.0 58,7.0 90,1.0 91,1.0 92,3.0 118,1.0 121,1.0 122,2.0 123,2.0 125,4.0 126,1.0 127,8.0 129,10.0 131,1.0 186,3.0 188,2.0 190,3.0 196,1.0 220,1.0 221,3.0 257,1.0 258,3.0 308,11.0 326,4.0 338,1.0 339,1.0 343,5.0 346,3.0 347,3.0 348,3.0 360,1.0 382,1.0 393,11.0 
17,1.0 52,1.0 55,1.0 60,1.0 
17,1.0 52,1.0 61,1.0 186,1.0 188,1.0 195,1.0 196,1.0 219,1.0 325,1.0 338,1.0 362,1.0 363,1.0 
29,1.0 30,1.0 61,1.0 97,2.0 131,3.0 189,2.0 191,2.0 196,1.0 243,9.0 259,9.0 260,2.0 284,1.0 293,8.0 339,1.0 371,1.0 
12,1.0 42,1.0 54,1.0 63,1.0 
5,1.0 49,12.0 53,1.0 63,14.0 64,13.0 65,4.0 73,2.0 98,14.0 116,6.0 117,3.0 118,5.0 154,1.0 155,1.0 179,1.0 186,1.0 188,17.0 189,15.0 191,2.0 197,1.0 261,1.0 265,1.0 308,3.0 337,13.0 338,7.0 339,1.0 343,4.0 344,7.0 345,28.0 353,6.0 354,2.0 356,1.0 377,1.0 378,1.0 379,1.0 380,1.0 381,2.0 382,1.0 384,1.0 390,1.0 
49,4.0 63,12.0 64,4.0 65,1.0 73,1.0 98,4.0 116,2.0 118,2.0 188,6.0 337,5.0 343,3.0 353,6.0 354,2.0 381,1.0 384,1.0 390,1.0 
49,1.0 63,3.0 65,1.0 66,1.0 116,2.0 186,1.0 188,2.0 189,2.0 337,1.0 338,1.0 343,1.0 345,3.0 356,1.0 
29,1.0 30,1.0 67,1.0 
4,1.0 12,1.0 28,1.0 29,2.0 30,2.0 33,1.0 42,1.0 54,2.0 89,1.0 130,1.0 188,2.0 196,2.0 220,1.0 308,2.0 338,1.0 341,1.0 342,1.0 343,2.0 344,1.0 376,1.0 
3,1.0 7,1.0 12,1.0 17,2.0 52,1.0 53,1.0 54,1.0 69,1.0 70,1.0 95,1.0 192,1.0 222,1.0 240,1.0 241,1.0 242,1.0 243,1.0 
3,1.0 7,1.0 17,1.0 68,1.0 70,1.0 
3,1.0 7,1.0 17,1.0 71,1.0 
24,1.0 25,1.0 43,1.0 72,1.0 102,1.0 142,1.0 145,1.0 157,1.0 179,1.0 182,1.0 197,1.0 214,1.0 217,1.0 218,1.0 228,1.0 234,1.0 250,1.0 251,1.0 
24,1.0 25,1.0 50,1.0 58,1.0 73,1.0 125,1.0 
2,1.0 3,1.0 4,1.0 6,1.0 7,1.0 11,1.0 17,2.0 24,1.0 25,1.0 27,2.0 44,1.0 45,1.0 53,1.0 63,2.0 64,1.0 74,1.0 75,1.0 107,1.0 118,1.0 189,1.0 191,1.0 263,1.0 264,1.0 307,1.0 337,1.0 345,1.0 354,1.0 
1,1.0 7,3.0 11,1.0 27,2.0 28,1.0 38,1.0 72,1.0 75,1.0 86,1.0 87,1.0 124,1.0 125,1.0 
1,1.0 7,1.0 11,1.0 27,1.0 38,1.0 74,1.0 
77,1.0 
78,1.0 
50,1.0 82,1.0 190,1.0 203,1.0 220,1.0 395,2.0 396,2.0 
3,1.0 7,1.0 39,1.0 80,1.0 98,1.0 186,1.0 189,1.0 191,1.0 195,1.0 196,1.0 345,1.0 
3,1.0 7,1.0 39,1.0 49,1.0 
78,1.0 
83,1.0 84,1.0 85,1.0 
7,1.0 27,1.0 74,1.0 84,1.0 85,1.0 
7,1.0 27,1.0 74,1.0 83,1.0 85,1.0 
7,1.0 27,1.0 29,1.0 30,1.0 74,1.0 83,1.0 84,1.0 99,1.0 117,1.0 
9,2.0 10,2.0 87,2.0 103,1.0 
9,2.0 10,2.0 86,2.0 103,1.0 106,1.0 
67,1.0 88,5.0 89,1.0 196,1.0 308,3.0 326,1.0 338,2.0 339,1.0 340,3.0 346,2.0 347,2.0 356,1.0 383,2.0 384,2.0 385,4.0 386,8.0 390,12.0 
28,1.0 67,1.0 190,1.0 220,1.0 
0,1.0 1,1.0 16,1.0 58,2.0 
2,1.0 4,1.0 16,1.0 17,1.0 58,1.0 92,1.0 221,1.0 348,1.0 
15,1.0 16,2.0 17,2.0 18,3.0 27,1.0 42,1.0 54,1.0 55,1.0 58,5.0 127,2.0 128,1.0 190,2.0 221,1.0 258,2.0 308,2.0 326,1.0 339,1.0 343,2.0 370,1.0 393,2.0 
94,1.0 
95,1.0 280,9.0 281,9.0 282,8.0 322,1.0 
2,1.0 4,1.0 11,1.0 13,1.0 23,1.0 33,1.0 56,1.0 96,1.0 145,1.0 148,1.0 178,1.0 192,16.0 214,1.0 240,1.0 241,18.0 242,1.0 243,1.0 283,12.0 288,1.0 312,1.0 314,1.0 316,3.0 318,1.0 
2,1.0 4,1.0 11,1.0 33,1.0 46,1.0 97,9.0 130,20.0 151,1.0 152,10.0 154,8.0 189,1.0 192,1.0 241,1.0 242,1.0 253,1.0 262,1.0 263,1.0 268,1.0 269,1.0 270,1.0 272,3.0 278,2.0 279,1.0 280,1.0 281,1.0 285,1.0 286,1.0 311,1.0 312,1.0 313,1.0 317,3.0 328,1.0 
46,1.0 61,1.0 96,8.0 98,1.0 130,8.0 131,1.0 150,11.0 151,1.0 153,11.0 189,1.0 191,1.0 192,1.0 196,1.0 241,1.0 242,1.0 262,1.0 263,1.0 268,1.0 269,1.0 270,1.0 272,3.0 278,1.0 279,1.0 280,1.0 281,1.0 285,1.0 286,1.0 292,10.0 319,1.0 339,1.0 371,1.0 
19,1.0 20,1.0 39,1.0 40,1.0 49,6.0 50,1.0 63,16.0 64,5.0 65,1.0 79,2.0 98,2.0 99,1.0 186,1.0 188,6.0 189,4.0 191,2.0 195,1.0 196,1.0 308,1.0 337,7.0 338,6.0 340,1.0 343,2.0 344,1.0 345,15.0 346,1.0 353,3.0 376,1.0 377,2.0 
2,1.0 4,3.0 11,1.0 17,2.0 23,1.0 29,2.0 30,2.0 33,1.0 39,2.0 40,1.0 186,2.0 188,2.0 257,2.0 308,1.0 338,2.0 
24,1.0 27,1.0 101,1.0 
24,1.0 27,1.0 100,1.0 
13,1.0 22,1.0 39,1.0 40,1.0 43,1.0 71,1.0 104,1.0 141,1.0 142,1.0 145,1.0 157,1.0 162,1.0 164,1.0 172,1.0 176,1.0 178,1.0 179,1.0 182,1.0 197,1.0 201,1.0 214,1.0 217,1.0 218,1.0 228,1.0 234,1.0 235,1.0 244,1.0 245,1.0 250,1.0 251,1.0 
0,1.0 1,1.0 2,1.0 3,1.0 4,1.0 9,1.0 10,1.0 17,1.0 22,1.0 23,1.0 39,1.0 73,1.0 86,1.0 87,1.0 106,1.0 278,1.0 
0,1.0 1,1.0 13,1.0 102,1.0 103,1.0 139,1.0 141,2.0 154,1.0 160,1.0 161,1.0 162,1.0 164,1.0 172,1.0 176,1.0 178,1.0 184,1.0 201,1.0 209,1.0 212,1.0 227,1.0 228,1.0 229,1.0 235,1.0 244,1.0 245,1.0 
1,1.0 16,1.0 21,1.0 29,1.0 54,1.0 58,1.0 61,1.0 87,1.0 91,1.0 96,1.0 105,1.0 146,1.0 155,1.0 158,1.0 185,2.0 186,7.0 188,5.0 189,1.0 190,2.0 191,1.0 194,4.0 195,3.0 196,4.0 197,1.0 220,1.0 234,1.0 252,2.0 253,1.0 255,1.0 256,1.0 257,7.0 258,1.0 259,1.0 308,3.0 309,1.0 310,2.0 311,2.0 312,1.0 324,1.0 325,1.0 326,1.0 327,1.0 336,3.0 337,1.0 338,1.0 339,2.0 340,1.0 343,1.0 354,1.0 355,1.0 392,1.0 
0,1.0 2,2.0 3,1.0 4,5.0 6,1.0 11,1.0 12,2.0 17,3.0 22,1.0 23,1.0 24,1.0 25,1.0 27,1.0 29,1.0 39,1.0 53,2.0 54,1.0 73,2.0 103,1.0 105,1.0 115,1.0 170,1.0 186,1.0 187,1.0 194,1.0 195,1.0 196,1.0 252,2.0 269,1.0 278,1.0 299,3.0 300,3.0 301,1.0 307,1.0 308,1.0 310,1.0 324,1.0 325,1.0 326,1.0 
6,2.0 17,1.0 22,1.0 27,1.0 33,1.0 115,1.0 128,1.0 284,1.0 285,1.0 297,1.0 299,1.0 
50,1.0 58,1.0 119,1.0 188,1.0 189,1.0 203,2.0 394,2.0 
9,1.0 10,1.0 110,1.0 111,1.0 
9,1.0 10,1.0 109,1.0 111,1.0 
9,1.0 10,1.0 109,1.0 110,1.0 
0,1.0 1,1.0 113,1.0 
0,1.0 1,1.0 112,1.0 
5,1.0 17,1.0 24,1.0 25,1.0 115,1.0 
0,1.0 4,2.0 5,1.0 6,1.0 17,2.0 24,1.0 25,1.0 27,1.0 29,1.0 33,2.0 106,1.0 107,1.0 114,1.0 128,1.0 150,1.0 151,1.0 152,1.0 153,1.0 154,1.0 284,1.0 285,1.0 297,1.0 299,2.0 300,1.0 301,1.0 
19,1.0 20,1.0 22,1.0 63,3.0 64,1.0 65,1.0 116,1.0 186,1.0 188,1.0 189,2.0 308,1.0 337,1.0 339,1.0 343,1.0 345,2.0 354,1.0 356,1.0 381,1.0 384,1.0 390,1.0 
5,1.0 29,1.0 30,1.0 63,3.0 85,1.0 99,1.0 188,1.0 189,2.0 340,1.0 344,3.0 345,1.0 376,1.0 378,1.0 379,1.0 380,1.0 381,1.0 382,1.0 
19,1.0 20,1.0 63,5.0 64,2.0 73,1.0 98,1.0 119,1.0 188,4.0 189,4.0 308,1.0 337,3.0 340,3.0 344,5.0 345,4.0 346,1.0 353,1.0 354,1.0 376,4.0 
108,2.0 188,1.0 189,1.0 203,3.0 308,1.0 343,1.0 394,3.0 
121,1.0 
16,1.0 24,1.0 25,1.0 58,1.0 122,1.0 308,1.0 326,1.0 343,1.0 
16,3.0 24,1.0 25,1.0 58,3.0 92,1.0 123,2.0 308,1.0 326,1.0 
16,1.0 58,1.0 92,1.0 196,1.0 308,1.0 343,1.0 
7,1.0 28,1.0 72,1.0 74,1.0 125,1.0 
16,1.0 35,1.0 50,1.0 58,5.0 72,1.0 127,3.0 188,1.0 190,1.0 258,1.0 308,1.0 393,4.0 
29,1.0 30,1.0 58,1.0 221,1.0 370,1.0 
16,1.0 17,1.0 18,2.0 35,1.0 42,1.0 58,9.0 92,2.0 125,3.0 127,1.0 128,1.0 129,2.0 188,1.0 190,3.0 258,3.0 308,2.0 326,1.0 340,1.0 370,1.0 393,7.0 
6,1.0 12,1.0 17,1.0 18,1.0 33,1.0 42,1.0 52,1.0 92,1.0 107,1.0 115,1.0 167,1.0 168,1.0 169,1.0 170,1.0 284,1.0 285,1.0 297,1.0 299,1.0 
15,1.0 16,4.0 28,4.0 34,1.0 35,3.0 36,1.0 58,11.0 125,1.0 127,2.0 129,2.0 186,1.0 188,2.0 190,1.0 220,2.0 221,2.0 257,1.0 308,2.0 313,1.0 325,2.0 326,3.0 338,1.0 346,3.0 347,3.0 348,2.0 349,3.0 350,1.0 393,2.0 
4,1.0 23,1.0 33,1.0 46,1.0 54,1.0 89,1.0 96,16.0 97,8.0 131,1.0 132,1.0 133,1.0 150,2.0 151,3.0 152,18.0 154,16.0 189,1.0 192,1.0 241,2.0 242,1.0 253,2.0 261,8.0 262,1.0 263,1.0 267,1.0 268,2.0 269,1.0 270,1.0 272,3.0 278,3.0 279,1.0 280,1.0 281,1.0 285,2.0 286,2.0 288,2.0 291,1.0 311,2.0 312,1.0 313,1.0 314,1.0 318,1.0 328,1.0 
15,1.0 21,1.0 23,2.0 53,1.0 58,1.0 61,3.0 97,2.0 130,1.0 131,3.0 189,4.0 191,2.0 196,2.0 220,2.0 241,3.0 262,7.0 263,7.0 264,4.0 278,2.0 284,1.0 285,4.0 293,1.0 294,3.0 308,2.0 326,2.0 339,2.0 340,4.0 343,3.0 346,1.0 347,1.0 371,1.0 
133,1.0 134,1.0 135,1.0 
21,1.0 132,1.0 134,1.0 135,1.0 146,1.0 148,1.0 155,2.0 156,1.0 157,1.0 159,1.0 179,2.0 197,1.0 198,1.0 199,1.0 200,1.0 
135,1.0 136,1.0 137,1.0 138,1.0 
134,1.0 136,1.0 137,1.0 138,1.0 
137,1.0 138,1.0 139,1.0 140,1.0 141,1.0 142,1.0 143,1.0 144,1.0 
2,1.0 12,1.0 53,1.0 136,1.0 138,1.0 139,1.0 140,1.0 141,1.0 142,1.0 143,1.0 144,1.0 158,1.0 199,1.0 266,1.0 
136,1.0 137,1.0 139,1.0 140,1.0 141,1.0 142,1.0 143,1.0 144,1.0 
13,1.0 56,2.0 140,1.0 141,3.0 142,1.0 143,3.0 144,1.0 145,1.0 146,2.0 147,2.0 148,2.0 149,1.0 154,1.0 159,1.0 160,1.0 161,2.0 179,1.0 182,1.0 183,1.0 184,2.0 209,2.0 212,1.0 229,1.0 230,1.0 231,1.0 232,1.0 233,1.0 
56,1.0 139,1.0 141,1.0 142,1.0 143,1.0 144,1.0 145,1.0 146,1.0 147,1.0 148,1.0 149,1.0 
13,3.0 56,2.0 102,1.0 104,1.0 139,3.0 140,1.0 142,2.0 143,4.0 144,1.0 145,1.0 146,3.0 147,2.0 148,3.0 149,1.0 154,1.0 155,1.0 156,1.0 157,1.0 159,2.0 160,2.0 161,3.0 162,2.0 163,1.0 164,2.0 165,1.0 172,1.0 176,1.0 178,1.0 179,2.0 180,1.0 182,2.0 183,2.0 184,3.0 201,1.0 208,1.0 209,2.0 210,1.0 212,1.0 214,1.0 229,1.0 230,1.0 231,1.0 232,1.0 233,1.0 234,1.0 235,1.0 244,1.0 245,1.0 254,1.0 
43,1.0 56,1.0 71,1.0 102,1.0 139,1.0 140,1.0 141,2.0 143,1.0 144,1.0 145,2.0 146,1.0 147,1.0 148,1.0 149,1.0 155,1.0 156,1.0 157,2.0 160,1.0 161,1.0 162,1.0 163,1.0 164,1.0 165,1.0 179,1.0 182,1.0 197,1.0 214,1.0 217,1.0 218,1.0 228,1.0 234,1.0 250,1.0 251,1.0 
13,2.0 21,1.0 56,2.0 139,2.0 140,1.0 141,3.0 142,1.0 144,1.0 145,1.0 146,4.0 147,2.0 148,3.0 149,1.0 158,1.0 159,2.0 160,1.0 161,1.0 179,3.0 180,1.0 182,2.0 183,2.0 184,2.0 208,1.0 209,1.0 210,1.0 214,1.0 218,1.0 230,1.0 231,1.0 232,1.0 233,1.0 234,2.0 254,1.0 
56,1.0 139,1.0 140,1.0 141,1.0 142,1.0 143,1.0 145,1.0 146,1.0 147,1.0 148,1.0 149,1.0 
4,1.0 13,2.0 27,1.0 29,1.0 33,1.0 43,1.0 56,4.0 71,1.0 102,1.0 115,1.0 142,1.0 146,3.0 147,1.0 148,3.0 149,2.0 156,1.0 157,1.0 165,1.0 178,3.0 179,2.0 180,1.0 181,1.0 182,1.0 197,1.0 201,1.0 206,1.0 207,1.0 214,3.0 217,2.0 218,1.0 228,1.0 234,1.0 238,1.0 246,1.0 247,1.0 248,1.0 249,1.0 250,1.0 251,1.0 252,1.0 
1,1.0 4,1.0 13,2.0 21,5.0 27,1.0 29,1.0 33,1.0 56,3.0 104,1.0 105,1.0 115,1.0 141,1.0 142,1.0 145,2.0 146,3.0 147,3.0 148,9.0 149,2.0 155,7.0 156,10.0 157,7.0 158,9.0 159,11.0 160,2.0 161,1.0 162,1.0 163,1.0 164,3.0 165,2.0 178,2.0 179,9.0 180,3.0 181,5.0 185,2.0 186,2.0 187,1.0 188,2.0 189,1.0 190,2.0 191,1.0 195,1.0 196,1.0 197,1.0 201,3.0 214,1.0 218,1.0 227,1.0 228,1.0 234,3.0 235,1.0 236,1.0 248,3.0 255,1.0 256,1.0 405,1.0 406,1.0 407,1.0 408,1.0 409,1.0 410,1.0 411,1.0 
4,1.0 13,1.0 27,1.0 29,1.0 33,1.0 56,2.0 115,1.0 139,1.0 141,1.0 143,1.0 145,1.0 146,2.0 148,3.0 149,1.0 159,1.0 160,1.0 179,1.0 182,1.0 183,1.0 184,1.0 185,1.0 186,1.0 187,1.0 188,1.0 189,1.0 190,1.0 191,1.0 
1,1.0 4,1.0 13,4.0 21,3.0 27,1.0 29,1.0 33,1.0 56,5.0 105,2.0 115,1.0 139,1.0 141,1.0 143,1.0 145,3.0 146,8.0 147,3.0 149,2.0 155,6.0 156,8.0 157,6.0 158,2.0 159,6.0 160,1.0 164,2.0 165,3.0 178,3.0 179,6.0 180,2.0 181,1.0 182,1.0 183,1.0 184,1.0 185,3.0 186,3.0 187,1.0 188,2.0 189,1.0 190,3.0 191,1.0 195,1.0 196,1.0 197,1.0 201,2.0 214,2.0 234,1.0 238,1.0 257,1.0 258,1.0 
4,1.0 27,1.0 29,1.0 33,1.0 56,2.0 115,1.0 145,2.0 146,3.0 147,1.0 148,2.0 178,1.0 179,1.0 180,1.0 181,1.0 
6,1.0 33,1.0 89,1.0 97,10.0 107,1.0 115,1.0 128,1.0 130,2.0 151,4.0 152,1.0 153,13.0 154,2.0 155,1.0 156,1.0 157,1.0 158,1.0 159,1.0 241,1.0 253,1.0 261,1.0 268,1.0 285,1.0 292,10.0 297,1.0 299,1.0 311,1.0 
6,1.0 33,1.0 46,5.0 47,3.0 89,1.0 96,1.0 97,1.0 107,1.0 115,1.0 128,1.0 130,3.0 150,4.0 152,1.0 153,2.0 154,2.0 155,1.0 156,1.0 157,1.0 158,1.0 159,1.0 240,1.0 241,1.0 261,1.0 268,1.0 272,3.0 285,1.0 295,1.0 297,1.0 299,1.0 
53,1.0 54,1.0 55,1.0 61,1.0 96,3.0 97,1.0 130,13.0 131,1.0 146,1.0 150,1.0 151,1.0 153,1.0 154,19.0 155,1.0 156,1.0 157,1.0 158,1.0 159,1.0 167,1.0 178,1.0 186,1.0 192,2.0 193,1.0 194,1.0 195,1.0 196,1.0 222,1.0 253,3.0 261,7.0 265,2.0 267,1.0 268,1.0 278,2.0 279,1.0 285,2.0 286,2.0 288,2.0 289,1.0 290,1.0 291,2.0 293,1.0 294,1.0 311,2.0 318,1.0 330,1.0 351,1.0 352,1.0 
6,1.0 11,1.0 12,1.0 27,1.0 33,2.0 52,1.0 53,1.0 61,2.0 97,4.0 107,1.0 115,1.0 128,1.0 150,7.0 151,2.0 152,1.0 154,1.0 155,1.0 156,1.0 157,1.0 158,1.0 159,1.0 169,1.0 205,1.0 222,1.0 253,2.0 267,1.0 268,1.0 272,1.0 277,1.0 284,1.0 285,1.0 291,1.0 292,10.0 293,2.0 297,2.0 298,1.0 299,1.0 311,1.0 
61,1.0 63,2.0 96,3.0 97,1.0 130,7.0 131,3.0 139,1.0 141,1.0 143,1.0 146,1.0 150,2.0 151,2.0 152,15.0 153,1.0 154,1.0 155,2.0 156,1.0 157,1.0 158,1.0 159,1.0 161,2.0 178,1.0 179,1.0 184,1.0 186,1.0 192,2.0 193,3.0 194,1.0 195,1.0 196,1.0 197,1.0 209,2.0 212,1.0 229,1.0 230,1.0 231,1.0 232,1.0 233,1.0 243,1.0 253,1.0 260,1.0 261,13.0 262,2.0 265,3.0 267,1.0 278,1.0 279,2.0 284,1.0 288,1.0 291,1.0 293,1.0 294,1.0 321,1.0 328,1.0 329,1.0 330,2.0 331,1.0 
12,1.0 17,1.0 21,8.0 53,1.0 105,1.0 133,1.0 137,1.0 141,1.0 142,1.0 146,7.0 148,6.0 155,5.0 156,13.0 157,13.0 158,5.0 159,7.0 160,1.0 161,1.0 162,1.0 163,1.0 164,5.0 165,5.0 166,1.0 179,8.0 185,1.0 186,1.0 190,1.0 197,6.0 198,1.0 199,2.0 200,1.0 201,4.0 202,1.0 214,1.0 215,1.0 216,1.0 217,1.0 218,1.0 219,1.0 220,1.0 221,1.0 222,1.0 234,1.0 255,1.0 256,1.0 257,1.0 258,1.0 266,1.0 
13,1.0 21,6.0 56,1.0 102,1.0 104,1.0 105,1.0 141,2.0 142,1.0 146,8.0 148,5.0 155,12.0 156,5.0 157,12.0 158,8.0 159,10.0 160,1.0 161,1.0 162,2.0 163,1.0 164,5.0 165,6.0 166,1.0 172,1.0 176,1.0 178,1.0 179,4.0 181,3.0 185,1.0 186,1.0 190,1.0 197,2.0 201,4.0 202,1.0 238,1.0 244,1.0 248,3.0 257,1.0 258,1.0 405,1.0 406,1.0 407,1.0 408,1.0 409,1.0 410,1.0 411,1.0 
21,6.0 105,1.0 145,1.0 146,5.0 148,6.0 155,11.0 156,13.0 157,5.0 158,6.0 159,8.0 164,5.0 165,5.0 166,1.0 179,5.0 185,1.0 186,1.0 190,1.0 197,3.0 201,4.0 202,1.0 214,1.0 217,1.0 218,1.0 234,1.0 252,1.0 257,1.0 258,1.0 
2,1.0 12,1.0 13,1.0 21,4.0 53,1.0 137,1.0 141,1.0 142,1.0 146,10.0 148,3.0 155,5.0 156,9.0 157,6.0 158,5.0 159,11.0 160,1.0 161,1.0 162,1.0 163,1.0 164,3.0 165,1.0 178,1.0 179,4.0 181,3.0 197,1.0 199,1.0 201,3.0 218,1.0 234,2.0 235,2.0 236,2.0 237,1.0 238,1.0 239,1.0 248,3.0 255,1.0 256,1.0 266,1.0 405,1.0 406,1.0 407,1.0 408,1.0 409,1.0 410,1.0 411,1.0 
1,1.0 13,2.0 21,2.0 56,1.0 105,1.0 141,1.0 142,1.0 146,11.0 147,1.0 148,6.0 155,7.0 156,12.0 157,9.0 158,10.0 159,4.0 160,1.0 161,1.0 162,1.0 163,1.0 164,2.0 165,2.0 179,4.0 180,1.0 181,3.0 185,2.0 186,2.0 187,1.0 188,2.0 189,1.0 190,2.0 191,1.0 195,1.0 196,1.0 201,2.0 214,1.0 234,1.0 248,3.0 405,1.0 406,1.0 407,1.0 408,1.0 409,1.0 410,1.0 411,1.0 
13,1.0 56,1.0 104,1.0 139,2.0 141,3.0 142,1.0 143,1.0 146,1.0 147,1.0 148,1.0 154,1.0 155,2.0 156,1.0 157,1.0 159,1.0 161,2.0 162,1.0 163,1.0 164,1.0 165,1.0 173,1.0 179,1.0 182,2.0 183,2.0 184,2.0 188,1.0 197,1.0 208,1.0 209,2.0 210,1.0 211,1.0 212,2.0 213,1.0 214,1.0 215,1.0 216,1.0 217,1.0 218,1.0 220,1.0 227,1.0 228,1.0 229,1.0 325,1.0 343,1.0 
21,1.0 139,1.0 141,2.0 142,1.0 143,2.0 146,1.0 154,1.0 155,1.0 156,1.0 157,1.0 158,1.0 160,1.0 161,1.0 162,1.0 163,1.0 164,1.0 165,1.0 179,1.0 184,1.0 209,3.0 212,1.0 218,1.0 229,1.0 230,2.0 231,2.0 232,2.0 233,2.0 234,1.0 
13,1.0 102,1.0 104,1.0 141,2.0 142,1.0 155,1.0 156,1.0 157,1.0 160,1.0 161,1.0 163,1.0 164,2.0 165,1.0 172,1.0 176,1.0 178,1.0 201,1.0 235,1.0 244,1.0 245,1.0 
141,1.0 142,1.0 155,1.0 156,1.0 157,1.0 160,1.0 161,1.0 162,1.0 164,1.0 165,1.0 
12,1.0 13,3.0 17,1.0 21,4.0 52,1.0 53,1.0 54,1.0 68,1.0 145,1.0 148,1.0 155,4.0 156,4.0 157,4.0 158,1.0 164,1.0 165,5.0 166,1.0 178,3.0 179,2.0 197,1.0 201,7.0 202,1.0 214,1.0 217,1.0 222,1.0 235,2.0 236,1.0 237,2.0 238,2.0 239,2.0 245,1.0 246,1.0 247,1.0 248,1.0 249,1.0 
12,1.0 13,2.0 17,1.0 21,3.0 52,1.0 53,1.0 54,1.0 56,1.0 68,1.0 102,1.0 104,1.0 141,1.0 148,1.0 155,4.0 156,5.0 157,4.0 162,1.0 164,4.0 166,1.0 172,1.0 176,1.0 178,2.0 179,1.0 197,1.0 201,3.0 202,1.0 222,1.0 237,1.0 238,2.0 239,1.0 244,1.0 
12,1.0 52,1.0 128,1.0 167,1.0 168,1.0 
12,1.0 52,1.0 53,1.0 54,1.0 55,1.0 94,1.0 128,1.0 168,1.0 169,1.0 170,1.0 222,1.0 280,1.0 289,1.0 290,1.0 
12,1.0 52,1.0 128,1.0 167,1.0 169,1.0 170,1.0 
23,2.0 95,1.0 97,6.0 150,5.0 170,1.0 171,1.0 172,1.0 173,1.0 174,1.0 175,1.0 176,1.0 177,1.0 205,14.0 253,6.0 278,1.0 286,1.0 287,1.0 291,10.0 312,1.0 316,1.0 319,1.0 320,1.0 
2,1.0 11,1.0 29,1.0 53,2.0 54,1.0 73,1.0 105,1.0 106,1.0 169,2.0 171,1.0 172,1.0 173,1.0 174,1.0 175,1.0 176,1.0 177,1.0 194,1.0 240,1.0 242,1.0 252,1.0 267,1.0 268,1.0 269,5.0 291,1.0 307,1.0 310,1.0 324,1.0 325,1.0 326,1.0 
56,1.0 145,1.0 146,1.0 148,1.0 149,1.0 172,1.0 173,1.0 174,1.0 175,1.0 176,1.0 177,1.0 178,1.0 
13,1.0 56,1.0 102,1.0 104,1.0 141,1.0 145,1.0 146,1.0 148,1.0 149,1.0 162,1.0 164,1.0 171,1.0 173,1.0 174,1.0 175,1.0 176,2.0 177,1.0 178,2.0 201,1.0 235,1.0 244,1.0 245,1.0 
56,1.0 145,1.0 146,1.0 148,1.0 149,1.0 155,1.0 160,1.0 171,1.0 172,1.0 174,1.0 175,1.0 176,1.0 177,1.0 178,1.0 182,1.0 183,1.0 197,1.0 208,1.0 209,1.0 210,1.0 211,1.0 212,1.0 213,1.0 214,1.0 215,1.0 216,1.0 217,1.0 218,1.0 
56,1.0 145,1.0 146,1.0 148,1.0 149,1.0 171,1.0 172,1.0 173,1.0 175,1.0 176,1.0 177,1.0 178,1.0 
56,1.0 145,1.0 146,1.0 148,1.0 149,1.0 171,1.0 172,1.0 173,1.0 174,1.0 176,1.0 177,1.0 178,1.0 
13,1.0 56,1.0 102,1.0 104,1.0 141,1.0 145,1.0 146,1.0 148,1.0 149,1.0 162,1.0 164,1.0 171,1.0 172,2.0 173,1.0 174,1.0 175,1.0 177,1.0 178,2.0 201,1.0 235,1.0 244,1.0 245,1.0 
56,1.0 145,1.0 146,1.0 148,1.0 149,1.0 171,1.0 172,1.0 173,1.0 174,1.0 175,1.0 176,1.0 178,1.0 
12,1.0 13,5.0 17,1.0 52,1.0 53,1.0 54,1.0 56,4.0 68,1.0 102,1.0 104,2.0 141,1.0 145,3.0 146,3.0 148,2.0 149,1.0 156,2.0 160,1.0 162,1.0 164,2.0 165,3.0 172,1.0 176,1.0 178,1.0 179,1.0 180,1.0 181,1.0 201,3.0 214,2.0 217,1.0 222,1.0 227,1.0 228,1.0 235,1.0 237,1.0 238,3.0 239,1.0 244,1.0 245,1.0 246,1.0 247,1.0 248,1.0 249,1.0 
1,1.0 13,3.0 21,7.0 56,1.0 105,2.0 133,1.0 137,1.0 145,1.0 146,7.0 147,2.0 148,7.0 155,8.0 156,6.0 157,7.0 158,4.0 159,5.0 164,5.0 165,3.0 178,1.0 179,2.0 180,3.0 181,1.0 185,3.0 186,3.0 187,1.0 188,2.0 189,1.0 190,3.0 191,1.0 195,1.0 196,1.0 197,4.0 198,1.0 199,2.0 200,1.0 201,5.0 214,2.0 217,1.0 218,2.0 234,4.0 235,2.0 236,2.0 237,1.0 238,1.0 239,1.0 252,1.0 253,1.0 257,1.0 258,1.0 266,1.0 
1,1.0 13,1.0 105,1.0 146,2.0 147,1.0 148,2.0 159,1.0 179,3.0 181,1.0 185,1.0 186,1.0 188,1.0 190,1.0 195,1.0 196,1.0 214,1.0 234,2.0 253,1.0 
146,4.0 147,1.0 148,1.0 156,3.0 158,3.0 159,3.0 179,1.0 180,1.0 181,1.0 248,3.0 405,1.0 406,1.0 407,1.0 408,1.0 409,1.0 410,1.0 411,1.0 
13,2.0 43,1.0 56,1.0 71,1.0 102,1.0 139,1.0 141,2.0 142,1.0 143,2.0 145,1.0 146,2.0 147,1.0 148,2.0 155,1.0 157,1.0 159,2.0 160,2.0 173,1.0 179,3.0 180,1.0 183,3.0 184,2.0 197,2.0 208,2.0 209,1.0 210,2.0 211,1.0 212,1.0 213,1.0 214,3.0 215,1.0 216,1.0 217,2.0 218,2.0 228,1.0 234,2.0 250,1.0 251,1.0 254,1.0 
13,2.0 56,1.0 139,1.0 141,2.0 143,2.0 146,2.0 147,1.0 148,2.0 155,1.0 159,2.0 160,2.0 173,1.0 179,2.0 180,1.0 182,3.0 184,2.0 197,1.0 208,2.0 209,1.0 210,2.0 211,1.0 212,1.0 213,1.0 214,2.0 215,1.0 216,1.0 217,1.0 218,1.0 234,1.0 254,1.0 
13,2.0 56,1.0 139,2.0 141,3.0 143,3.0 146,2.0 147,1.0 148,2.0 154,1.0 159,2.0 160,1.0 161,2.0 179,2.0 180,1.0 182,2.0 183,2.0 208,1.0 209,2.0 210,1.0 212,1.0 214,1.0 229,1.0 230,1.0 231,1.0 232,1.0 233,1.0 234,1.0 254,1.0 
1,1.0 5,1.0 61,1.0 105,3.0 152,1.0 154,1.0 185,1.0 186,7.0 187,5.0 188,5.0 189,3.0 190,3.0 191,3.0 192,1.0 193,1.0 194,1.0 195,2.0 196,2.0 221,1.0 257,11.0 258,1.0 259,1.0 308,6.0 326,2.0 339,4.0 340,2.0 353,4.0 356,6.0 
1,1.0 4,1.0 5,2.0 12,1.0 13,2.0 21,3.0 48,1.0 53,2.0 58,2.0 60,1.0 61,1.0 63,1.0 92,1.0 99,2.0 105,8.0 125,1.0 127,2.0 131,1.0 133,1.0 146,1.0 152,1.0 154,1.0 155,2.0 158,1.0 179,1.0 185,7.0 186,4.0 187,4.0 188,36.0 189,13.0 190,5.0 191,5.0 192,1.0 193,1.0 194,4.0 195,10.0 196,32.0 197,2.0 198,1.0 199,1.0 200,1.0 219,2.0 220,11.0 234,1.0 252,9.0 255,1.0 256,1.0 257,30.0 258,3.0 259,1.0 285,1.0 308,19.0 309,1.0 310,1.0 325,1.0 332,1.0 336,18.0 337,17.0 338,24.0 339,11.0 340,4.0 341,14.0 342,6.0 343,9.0 344,1.0 346,2.0 347,2.0 353,5.0 354,4.0 355,1.0 356,10.0 357,1.0 360,3.0 361,1.0 374,1.0 375,1.0 387,1.0 388,1.0 391,1.0 392,1.0 393,2.0 
4,1.0 5,1.0 106,1.0 152,1.0 154,1.0 185,4.0 186,2.0 188,1.0 189,3.0 190,1.0 191,3.0 192,1.0 193,1.0 194,1.0 257,4.0 299,1.0 300,1.0 308,4.0 339,1.0 340,1.0 353,2.0 356,3.0 
1,1.0 5,3.0 13,1.0 15,1.0 21,1.0 34,2.0 35,2.0 48,1.0 49,4.0 53,1.0 58,2.0 60,1.0 63,18.0 64,6.0 65,1.0 67,1.0 98,7.0 99,1.0 105,8.0 116,2.0 117,2.0 118,1.0 119,2.0 125,1.0 127,1.0 129,1.0 130,1.0 146,1.0 150,1.0 151,1.0 152,1.0 154,1.0 155,1.0 158,1.0 185,4.0 186,34.0 187,1.0 188,3.0 189,20.0 190,5.0 191,3.0 192,1.0 193,1.0 194,2.0 195,6.0 196,16.0 197,1.0 203,3.0 220,12.0 234,1.0 241,1.0 252,3.0 255,1.0 256,1.0 257,15.0 258,4.0 308,15.0 325,4.0 336,9.0 337,17.0 338,15.0 339,1.0 341,10.0 342,1.0 343,14.0 344,3.0 345,9.0 349,1.0 353,10.0 354,4.0 355,3.0 356,6.0 357,2.0 360,1.0 374,1.0 378,1.0 380,2.0 381,2.0 382,2.0 383,1.0 385,1.0 392,1.0 393,2.0 394,2.0 395,1.0 396,1.0 
5,1.0 13,1.0 21,1.0 23,1.0 48,1.0 49,2.0 61,1.0 63,14.0 65,1.0 79,1.0 97,1.0 98,8.0 99,1.0 105,1.0 116,2.0 117,1.0 118,1.0 119,1.0 130,1.0 131,2.0 152,1.0 154,1.0 185,4.0 186,18.0 187,1.0 188,18.0 189,1.0 190,5.0 191,14.0 192,1.0 193,1.0 195,1.0 196,5.0 203,1.0 252,1.0 257,10.0 278,1.0 285,1.0 308,5.0 312,1.0 313,1.0 314,1.0 332,2.0 336,9.0 337,11.0 338,11.0 339,13.0 340,13.0 343,3.0 344,6.0 345,15.0 353,1.0 354,1.0 355,1.0 356,3.0 359,1.0 362,3.0 365,3.0 366,1.0 371,2.0 376,3.0 388,1.0 394,1.0 
1,1.0 15,1.0 18,1.0 28,2.0 34,1.0 35,2.0 53,1.0 58,3.0 61,1.0 67,1.0 105,3.0 106,1.0 127,1.0 129,3.0 131,1.0 152,2.0 154,1.0 160,1.0 185,3.0 186,6.0 187,1.0 188,6.0 189,4.0 190,3.0 191,1.0 192,1.0 193,1.0 194,1.0 195,3.0 196,6.0 203,1.0 220,14.0 238,1.0 257,3.0 258,14.0 259,1.0 285,2.0 286,1.0 299,1.0 300,1.0 308,4.0 313,1.0 325,6.0 326,1.0 337,11.0 338,1.0 339,1.0 340,1.0 343,13.0 349,2.0 350,1.0 353,4.0 354,1.0 355,1.0 364,1.0 365,1.0 366,1.0 393,2.0 395,1.0 396,1.0 
5,1.0 61,1.0 63,3.0 79,1.0 97,1.0 98,3.0 105,1.0 131,1.0 152,1.0 154,1.0 185,4.0 186,8.0 187,1.0 188,1.0 189,14.0 190,2.0 192,1.0 193,1.0 195,1.0 196,5.0 252,1.0 257,5.0 336,4.0 337,1.0 338,2.0 339,5.0 344,1.0 345,3.0 356,2.0 362,1.0 371,2.0 388,1.0 
13,1.0 23,2.0 56,1.0 94,1.0 95,7.0 96,1.0 97,1.0 130,1.0 145,1.0 146,1.0 148,1.0 152,2.0 154,2.0 178,2.0 186,1.0 193,1.0 194,1.0 195,1.0 196,1.0 214,1.0 240,1.0 241,11.0 242,1.0 243,1.0 267,1.0 272,1.0 278,1.0 281,1.0 282,1.0 283,13.0 284,5.0 285,5.0 288,1.0 312,1.0 322,1.0 
8,1.0 23,2.0 94,2.0 95,1.0 152,2.0 154,3.0 186,1.0 192,1.0 193,2.0 194,1.0 195,1.0 196,1.0 207,1.0 241,1.0 261,1.0 267,1.0 268,1.0 278,2.0 279,10.0 280,2.0 323,1.0 329,1.0 332,2.0 333,2.0 334,2.0 335,2.0 
8,1.0 21,2.0 29,2.0 33,1.0 54,2.0 96,1.0 105,3.0 133,1.0 146,1.0 155,2.0 158,1.0 179,2.0 180,1.0 186,2.0 188,1.0 195,2.0 196,3.0 197,2.0 198,1.0 199,1.0 200,1.0 221,1.0 234,2.0 252,1.0 253,1.0 255,1.0 256,1.0 257,5.0 308,3.0 309,1.0 310,2.0 311,2.0 312,1.0 324,1.0 325,1.0 326,3.0 327,1.0 336,2.0 338,1.0 339,5.0 340,3.0 
1,1.0 4,1.0 12,1.0 21,2.0 53,2.0 60,1.0 105,3.0 106,1.0 131,1.0 133,1.0 146,1.0 155,2.0 158,1.0 179,1.0 185,1.0 186,10.0 188,7.0 190,2.0 194,3.0 195,1.0 196,11.0 197,2.0 198,1.0 199,1.0 200,1.0 220,3.0 234,1.0 255,1.0 256,1.0 258,1.0 285,1.0 307,1.0 325,1.0 343,1.0 360,1.0 
1,1.0 4,1.0 8,1.0 12,1.0 13,1.0 16,1.0 21,2.0 48,2.0 53,3.0 58,1.0 60,1.0 63,1.0 67,2.0 92,1.0 105,4.0 106,1.0 131,1.0 133,1.0 146,1.0 155,2.0 158,1.0 179,1.0 185,2.0 186,34.0 187,1.0 188,18.0 189,1.0 190,5.0 191,1.0 194,4.0 195,11.0 196,5.0 197,2.0 198,1.0 199,1.0 200,1.0 220,18.0 221,4.0 234,1.0 252,9.0 255,1.0 256,1.0 257,14.0 258,3.0 285,1.0 307,1.0 308,10.0 325,3.0 326,13.0 332,1.0 336,2.0 338,2.0 339,32.0 340,14.0 341,16.0 342,7.0 343,17.0 344,2.0 346,1.0 347,1.0 348,1.0 356,6.0 357,4.0 358,2.0 360,3.0 368,2.0 370,5.0 371,8.0 373,1.0 374,1.0 375,1.0 376,1.0 391,1.0 
12,1.0 17,1.0 21,3.0 53,1.0 105,1.0 133,1.0 137,1.0 145,1.0 146,3.0 148,3.0 155,7.0 156,3.0 157,4.0 158,2.0 159,2.0 179,6.0 185,1.0 186,1.0 190,1.0 198,1.0 199,2.0 200,1.0 214,2.0 215,1.0 216,1.0 217,2.0 218,2.0 219,1.0 220,1.0 221,1.0 222,1.0 234,2.0 252,1.0 255,1.0 256,1.0 257,1.0 258,1.0 266,1.0 
21,1.0 133,1.0 146,1.0 148,1.0 155,2.0 156,1.0 157,1.0 159,1.0 179,2.0 197,1.0 199,1.0 200,1.0 
2,1.0 12,1.0 21,1.0 53,1.0 133,1.0 137,1.0 146,1.0 148,1.0 155,2.0 156,1.0 157,1.0 158,1.0 159,1.0 179,2.0 197,1.0 198,1.0 200,1.0 266,1.0 
21,1.0 133,1.0 146,1.0 148,1.0 155,2.0 156,1.0 157,1.0 159,1.0 179,2.0 197,1.0 198,1.0 199,1.0 
12,1.0 13,3.0 17,1.0 21,4.0 43,1.0 52,1.0 53,1.0 54,1.0 68,1.0 71,1.0 102,1.0 142,1.0 145,2.0 148,1.0 155,3.0 156,3.0 157,3.0 158,1.0 164,6.0 165,4.0 178,3.0 179,2.0 182,1.0 197,1.0 201,2.0 202,1.0 214,2.0 217,2.0 222,1.0 228,1.0 235,2.0 236,1.0 237,2.0 238,2.0 239,2.0 245,1.0 246,2.0 247,2.0 248,2.0 249,2.0 250,1.0 251,1.0 
203,1.0 
78,1.0 108,2.0 119,3.0 188,2.0 189,2.0 190,1.0 203,2.0 204,1.0 220,1.0 308,1.0 337,1.0 340,1.0 343,1.0 365,1.0 366,1.0 394,5.0 395,3.0 396,3.0 
205,1.0 
23,1.0 97,5.0 130,1.0 145,1.0 150,5.0 152,1.0 169,13.0 206,1.0 253,6.0 278,2.0 286,1.0 287,1.0 291,7.0 320,1.0 
145,1.0 207,1.0 
8,1.0 46,1.0 47,1.0 160,1.0 173,1.0 182,1.0 183,1.0 208,1.0 209,1.0 210,1.0 211,1.0 212,1.0 213,1.0 323,1.0 
13,1.0 141,1.0 143,1.0 146,1.0 148,1.0 155,1.0 159,1.0 160,1.0 173,1.0 179,1.0 180,1.0 182,2.0 183,2.0 184,1.0 197,1.0 209,1.0 210,2.0 211,1.0 212,1.0 213,1.0 214,2.0 215,1.0 216,1.0 217,1.0 218,1.0 234,1.0 254,1.0 
21,1.0 139,1.0 141,1.0 143,2.0 146,1.0 154,1.0 155,1.0 158,1.0 160,1.0 161,3.0 173,1.0 179,1.0 182,1.0 183,1.0 184,1.0 197,1.0 208,1.0 209,1.0 210,1.0 211,1.0 212,2.0 213,1.0 214,1.0 215,1.0 216,1.0 217,1.0 218,2.0 229,1.0 230,2.0 231,2.0 232,2.0 233,2.0 234,1.0 
13,1.0 141,1.0 143,1.0 146,1.0 148,1.0 155,1.0 159,1.0 160,1.0 173,1.0 179,1.0 180,1.0 182,2.0 183,2.0 184,1.0 197,1.0 208,2.0 209,1.0 211,1.0 212,1.0 213,1.0 214,2.0 215,1.0 216,1.0 217,1.0 218,1.0 234,1.0 254,1.0 
155,1.0 160,1.0 173,1.0 182,1.0 183,1.0 197,1.0 208,1.0 209,1.0 210,1.0 212,1.0 213,1.0 214,1.0 215,1.0 216,1.0 217,1.0 218,1.0 
139,1.0 141,1.0 143,1.0 154,1.0 155,1.0 160,1.0 161,2.0 173,1.0 182,1.0 183,1.0 184,1.0 197,1.0 208,1.0 209,3.0 210,1.0 211,1.0 213,1.0 214,1.0 215,1.0 216,1.0 217,1.0 218,1.0 229,1.0 230,1.0 231,1.0 232,1.0 233,1.0 
0,1.0 17,1.0 22,1.0 24,1.0 27,1.0 155,1.0 160,1.0 173,1.0 182,1.0 183,1.0 197,1.0 208,1.0 209,1.0 210,1.0 211,1.0 212,1.0 214,1.0 215,1.0 216,1.0 217,1.0 218,1.0 222,1.0 276,1.0 277,1.0 
1,1.0 12,1.0 13,3.0 17,1.0 43,1.0 53,1.0 56,2.0 71,1.0 102,1.0 105,1.0 142,1.0 145,3.0 146,1.0 148,2.0 155,1.0 156,1.0 157,1.0 159,1.0 165,1.0 178,2.0 179,2.0 180,1.0 182,1.0 185,1.0 186,1.0 188,1.0 190,1.0 195,1.0 196,1.0 197,2.0 201,1.0 215,1.0 216,1.0 217,3.0 218,2.0 219,1.0 220,1.0 221,1.0 222,1.0 228,1.0 234,2.0 238,1.0 246,1.0 247,1.0 248,1.0 249,1.0 250,1.0 251,1.0 252,1.0 
12,1.0 17,1.0 53,1.0 155,1.0 197,1.0 214,1.0 216,1.0 217,1.0 218,1.0 219,1.0 220,1.0 221,1.0 222,1.0 
12,1.0 17,1.0 53,1.0 155,1.0 197,1.0 214,1.0 215,1.0 217,1.0 218,1.0 219,1.0 220,1.0 221,1.0 222,1.0 
12,1.0 17,1.0 43,1.0 53,1.0 71,1.0 102,1.0 142,1.0 145,2.0 155,1.0 157,1.0 179,1.0 182,1.0 197,2.0 201,1.0 214,3.0 215,1.0 216,1.0 218,2.0 219,1.0 220,1.0 221,1.0 222,1.0 228,1.0 234,1.0 246,1.0 247,1.0 248,1.0 249,1.0 250,1.0 251,1.0 252,1.0 
12,1.0 17,1.0 21,2.0 53,1.0 145,1.0 146,1.0 155,1.0 157,1.0 158,2.0 164,1.0 179,3.0 197,2.0 201,1.0 214,2.0 215,1.0 216,1.0 217,2.0 219,1.0 220,1.0 221,1.0 222,1.0 234,2.0 235,1.0 236,1.0 252,1.0 
12,1.0 17,1.0 53,1.0 60,1.0 186,1.0 219,1.0 220,5.0 221,1.0 222,1.0 223,1.0 224,1.0 225,1.0 308,1.0 338,5.0 343,1.0 353,1.0 362,4.0 363,1.0 
12,1.0 13,1.0 16,1.0 17,1.0 26,1.0 28,1.0 34,4.0 35,6.0 48,1.0 53,1.0 58,1.0 60,2.0 67,2.0 129,3.0 130,1.0 131,1.0 150,1.0 151,1.0 152,1.0 160,1.0 186,13.0 188,13.0 190,13.0 195,3.0 196,19.0 203,2.0 219,4.0 220,1.0 221,1.0 222,1.0 223,1.0 224,1.0 225,1.0 241,2.0 252,1.0 257,5.0 258,1.0 278,1.0 285,1.0 286,1.0 308,3.0 313,1.0 325,6.0 326,10.0 332,1.0 336,1.0 337,1.0 338,4.0 339,8.0 340,8.0 341,4.0 342,3.0 343,24.0 349,3.0 350,1.0 353,7.0 360,7.0 362,2.0 364,1.0 365,1.0 366,1.0 375,1.0 380,2.0 381,2.0 382,1.0 383,1.0 386,1.0 391,1.0 395,2.0 396,2.0 
8,1.0 12,1.0 16,2.0 17,1.0 28,1.0 48,1.0 53,1.0 58,3.0 92,1.0 121,1.0 125,1.0 127,2.0 129,2.0 185,1.0 186,1.0 190,1.0 194,1.0 196,3.0 219,1.0 220,1.0 222,1.0 223,1.0 224,1.0 225,1.0 234,1.0 257,7.0 258,1.0 326,5.0 336,4.0 338,1.0 339,13.0 340,1.0 343,3.0 348,8.0 356,1.0 362,1.0 368,3.0 369,1.0 370,5.0 371,2.0 372,1.0 393,1.0 397,1.0 
0,1.0 11,1.0 12,3.0 17,3.0 22,1.0 24,1.0 27,2.0 33,1.0 52,2.0 53,4.0 54,2.0 55,1.0 68,1.0 94,1.0 95,2.0 151,1.0 167,1.0 192,1.0 219,1.0 220,1.0 221,1.0 223,1.0 224,1.0 225,1.0 240,1.0 241,2.0 242,1.0 243,1.0 272,1.0 277,2.0 280,1.0 289,1.0 290,1.0 297,1.0 
224,1.0 225,1.0 226,1.0 
223,1.0 225,1.0 226,1.0 
223,1.0 224,1.0 226,1.0 
2,1.0 4,1.0 11,1.0 27,1.0 29,2.0 30,1.0 54,1.0 152,1.0 154,1.0 192,1.0 
104,1.0 139,1.0 141,1.0 154,1.0 160,1.0 161,1.0 184,1.0 209,1.0 212,1.0 228,1.0 229,1.0 
43,1.0 71,1.0 102,1.0 104,1.0 139,1.0 141,1.0 142,1.0 145,1.0 154,1.0 157,1.0 160,1.0 161,1.0 179,1.0 182,1.0 184,1.0 197,1.0 209,1.0 212,1.0 214,1.0 217,1.0 218,1.0 227,1.0 229,1.0 234,1.0 250,1.0 251,1.0 
139,1.0 141,1.0 143,1.0 154,1.0 161,2.0 184,1.0 209,2.0 212,1.0 230,1.0 231,1.0 232,1.0 233,1.0 
21,1.0 143,1.0 146,1.0 158,1.0 161,1.0 179,1.0 209,1.0 218,1.0 231,1.0 232,1.0 233,1.0 234,1.0 
21,1.0 143,1.0 146,1.0 158,1.0 161,1.0 179,1.0 209,1.0 218,1.0 230,1.0 232,1.0 233,1.0 234,1.0 
21,1.0 143,1.0 146,1.0 158,1.0 161,1.0 179,1.0 209,1.0 218,1.0 230,1.0 231,1.0 233,1.0 234,1.0 
21,1.0 143,1.0 146,1.0 158,1.0 161,1.0 179,1.0 209,1.0 218,1.0 230,1.0 231,1.0 232,1.0 234,1.0 
1,1.0 13,1.0 21,3.0 105,1.0 145,1.0 146,4.0 148,2.0 155,2.0 156,1.0 157,2.0 158,3.0 159,2.0 164,1.0 179,6.0 180,2.0 185,1.0 186,1.0 188,1.0 190,1.0 195,1.0 196,1.0 197,2.0 201,1.0 214,2.0 217,1.0 218,2.0 235,1.0 236,1.0 252,1.0 253,1.0 255,1.0 256,1.0 257,1.0 308,1.0 326,1.0 336,1.0 339,1.0 340,1.0 
13,2.0 21,1.0 145,1.0 158,1.0 164,3.0 165,1.0 178,2.0 179,1.0 201,4.0 214,1.0 217,1.0 236,1.0 237,1.0 238,1.0 239,1.0 245,1.0 246,1.0 247,1.0 248,1.0 249,1.0 
13,1.0 21,1.0 158,1.0 164,2.0 165,1.0 178,1.0 179,1.0 201,2.0 235,1.0 237,1.0 238,1.0 239,1.0 
12,1.0 13,1.0 17,1.0 52,1.0 53,1.0 54,1.0 68,1.0 164,1.0 165,1.0 178,1.0 201,1.0 222,1.0 238,1.0 239,1.0 
12,1.0 13,2.0 17,1.0 52,1.0 53,1.0 54,1.0 56,1.0 68,1.0 102,1.0 104,1.0 141,1.0 156,1.0 162,1.0 164,1.0 165,2.0 172,1.0 176,1.0 178,2.0 190,1.0 201,1.0 220,1.0 222,1.0 237,1.0 239,1.0 244,1.0 343,1.0 353,1.0 
12,1.0 13,1.0 17,1.0 52,1.0 53,1.0 54,1.0 68,1.0 164,1.0 165,1.0 178,1.0 201,1.0 222,1.0 237,1.0 238,1.0 
13,1.0 56,1.0 95,1.0 145,1.0 148,1.0 178,1.0 192,1.0 214,1.0 241,1.0 242,4.0 243,1.0 270,3.0 271,1.0 295,2.0 
13,1.0 23,1.0 56,1.0 89,1.0 94,1.0 95,15.0 96,1.0 97,1.0 130,2.0 131,3.0 145,1.0 148,1.0 150,1.0 151,1.0 178,1.0 192,17.0 196,1.0 214,1.0 220,2.0 240,1.0 241,1.0 242,1.0 243,1.0 267,1.0 272,1.0 278,2.0 283,12.0 288,2.0 308,1.0 312,2.0 314,1.0 318,1.0 322,1.0 326,2.0 340,2.0 343,1.0 
13,1.0 29,1.0 33,1.0 53,1.0 54,1.0 56,1.0 95,1.0 96,1.0 97,1.0 130,1.0 145,1.0 148,1.0 178,1.0 192,1.0 214,1.0 240,2.0 241,1.0 243,1.0 267,1.0 270,4.0 271,1.0 288,1.0 296,1.0 297,1.0 
2,1.0 11,1.0 13,1.0 53,1.0 56,1.0 61,4.0 95,1.0 96,2.0 97,1.0 106,1.0 130,4.0 145,1.0 148,1.0 150,1.0 152,2.0 170,1.0 178,1.0 192,1.0 214,1.0 240,1.0 241,1.0 242,1.0 259,7.0 260,3.0 269,1.0 293,4.0 
13,1.0 102,1.0 104,1.0 141,1.0 162,1.0 164,1.0 172,1.0 176,1.0 178,1.0 201,1.0 235,1.0 245,1.0 
13,1.0 145,1.0 164,1.0 178,1.0 201,2.0 214,1.0 217,1.0 235,1.0 246,1.0 247,1.0 248,1.0 249,1.0 
43,1.0 71,1.0 102,1.0 142,1.0 145,1.0 182,1.0 201,1.0 214,1.0 217,1.0 228,1.0 247,1.0 248,1.0 249,1.0 250,1.0 251,1.0 
43,1.0 71,1.0 102,1.0 142,1.0 145,1.0 182,1.0 201,1.0 214,1.0 217,1.0 228,1.0 246,1.0 248,1.0 249,1.0 250,1.0 251,1.0 
43,1.0 71,1.0 102,1.0 142,1.0 145,1.0 146,3.0 156,3.0 158,3.0 159,3.0 181,3.0 182,1.0 201,1.0 214,1.0 217,1.0 228,1.0 246,1.0 247,1.0 248,1.0 249,1.0 250,1.0 251,1.0 405,1.0 406,1.0 407,1.0 408,1.0 409,1.0 410,1.0 411,1.0 
43,1.0 71,1.0 102,1.0 142,1.0 145,1.0 182,1.0 201,1.0 214,1.0 217,1.0 228,1.0 246,1.0 247,1.0 248,1.0 250,1.0 251,1.0 
43,1.0 71,1.0 102,1.0 142,1.0 145,1.0 157,1.0 179,1.0 182,1.0 197,1.0 214,1.0 217,1.0 218,1.0 228,1.0 234,1.0 251,1.0 
43,1.0 71,1.0 102,1.0 142,1.0 145,1.0 157,1.0 179,1.0 182,1.0 197,1.0 214,1.0 217,1.0 218,1.0 228,1.0 234,1.0 250,1.0 
4,1.0 5,1.0 12,1.0 29,2.0 33,1.0 54,2.0 63,2.0 64,1.0 73,2.0 105,3.0 118,1.0 186,9.0 188,3.0 194,3.0 196,8.0 220,3.0 309,1.0 310,2.0 311,1.0 324,1.0 325,1.0 326,3.0 327,1.0 339,8.0 340,3.0 341,6.0 342,3.0 343,5.0 345,1.0 353,1.0 356,5.0 357,4.0 358,2.0 359,1.0 374,1.0 375,1.0 
96,1.0 130,1.0 141,1.0 143,1.0 169,15.0 182,1.0 183,1.0 184,1.0 189,1.0 205,12.0 208,1.0 210,1.0 254,1.0 278,1.0 291,16.0 311,4.0 312,1.0 313,1.0 315,1.0 316,1.0 
13,1.0 141,1.0 143,1.0 146,1.0 148,1.0 159,1.0 179,1.0 180,1.0 182,1.0 183,1.0 184,1.0 208,1.0 210,1.0 214,1.0 234,1.0 
21,1.0 146,2.0 148,1.0 155,2.0 156,1.0 157,1.0 158,1.0 159,1.0 179,1.0 197,1.0 234,1.0 256,1.0 
21,1.0 146,2.0 148,1.0 155,2.0 156,1.0 157,1.0 158,1.0 159,1.0 179,1.0 197,1.0 234,1.0 255,1.0 
5,2.0 8,2.0 13,1.0 16,1.0 48,2.0 58,1.0 61,1.0 91,1.0 99,2.0 105,6.0 185,11.0 186,27.0 187,4.0 188,15.0 189,6.0 190,3.0 191,3.0 194,4.0 196,15.0 220,4.0 221,5.0 234,1.0 252,2.0 257,6.0 258,3.0 259,1.0 308,36.0 326,21.0 336,34.0 337,9.0 338,18.0 339,48.0 340,22.0 343,2.0 346,3.0 347,3.0 348,2.0 353,4.0 354,3.0 355,1.0 356,7.0 357,1.0 358,1.0 360,1.0 389,1.0 392,1.0 
15,1.0 18,1.0 28,1.0 53,1.0 58,3.0 61,1.0 105,1.0 106,1.0 127,1.0 129,2.0 131,1.0 185,1.0 186,3.0 190,15.0 191,1.0 195,1.0 196,3.0 220,1.0 238,1.0 257,3.0 259,1.0 285,1.0 299,1.0 300,1.0 308,2.0 325,3.0 338,1.0 339,1.0 343,6.0 353,1.0 393,2.0 401,1.0 
61,6.0 96,2.0 97,1.0 130,2.0 150,1.0 243,9.0 260,2.0 293,4.0 
2,1.0 11,1.0 53,1.0 106,1.0 130,2.0 152,2.0 170,1.0 243,3.0 269,1.0 
63,2.0 130,3.0 131,2.0 152,3.0 154,13.0 155,1.0 179,1.0 193,2.0 197,1.0 243,1.0 260,1.0 261,1.0 262,2.0 265,2.0 279,1.0 284,1.0 321,1.0 329,1.0 330,1.0 331,1.0 
96,2.0 97,1.0 130,2.0 131,5.0 263,8.0 264,4.0 267,1.0 288,1.0 294,1.0 
96,2.0 97,1.0 130,3.0 131,3.0 152,1.0 154,1.0 261,1.0 262,6.0 264,5.0 267,2.0 268,1.0 288,1.0 294,1.0 
130,1.0 131,2.0 152,1.0 154,1.0 261,1.0 262,2.0 263,5.0 267,1.0 268,1.0 
63,1.0 152,1.0 154,2.0 155,1.0 179,1.0 189,1.0 191,1.0 197,1.0 261,1.0 330,1.0 351,1.0 352,1.0 
2,1.0 12,1.0 53,1.0 137,1.0 158,1.0 199,1.0 
23,1.0 96,2.0 130,1.0 150,1.0 151,1.0 152,1.0 153,1.0 170,3.0 268,11.0 269,7.0 272,1.0 284,1.0 285,2.0 286,1.0 288,5.0 298,1.0 317,2.0 
6,1.0 33,1.0 53,1.0 54,1.0 55,1.0 96,5.0 97,1.0 107,1.0 115,1.0 128,1.0 130,3.0 131,1.0 150,1.0 151,1.0 152,1.0 153,1.0 167,1.0 170,3.0 222,1.0 240,1.0 267,5.0 269,8.0 285,2.0 286,1.0 289,1.0 290,1.0 294,1.0 295,1.0 297,1.0 299,1.0 317,2.0 
2,1.0 11,1.0 29,1.0 53,2.0 54,1.0 73,1.0 96,3.0 97,1.0 105,1.0 106,1.0 130,3.0 131,1.0 169,1.0 170,5.0 194,1.0 240,2.0 242,1.0 252,1.0 267,1.0 268,6.0 291,1.0 294,1.0 295,1.0 307,1.0 310,1.0 324,1.0 325,1.0 326,1.0 
29,1.0 33,1.0 53,1.0 54,1.0 96,1.0 97,1.0 130,1.0 151,1.0 170,1.0 242,3.0 267,1.0 269,1.0 271,2.0 272,1.0 288,1.0 296,1.0 297,1.0 
151,1.0 170,1.0 269,1.0 270,2.0 272,1.0 
46,4.0 47,3.0 96,3.0 97,3.0 130,3.0 150,1.0 151,5.0 153,1.0 192,1.0 241,1.0 267,1.0 268,1.0 280,1.0 281,1.0 284,1.0 285,2.0 286,1.0 298,2.0 
213,1.0 274,1.0 275,1.0 276,1.0 
213,1.0 273,1.0 275,1.0 276,1.0 
213,1.0 221,1.0 273,1.0 274,1.0 276,1.0 348,1.0 
0,1.0 17,1.0 22,1.0 24,1.0 27,1.0 213,1.0 222,1.0 277,1.0 
0,1.0 11,1.0 12,1.0 17,1.0 22,1.0 24,1.0 27,2.0 33,1.0 52,1.0 53,1.0 95,1.0 151,1.0 222,2.0 241,1.0 272,1.0 297,1.0 
23,8.0 95,1.0 96,3.0 97,1.0 130,4.0 131,1.0 152,1.0 154,1.0 189,2.0 193,6.0 196,1.0 220,1.0 241,1.0 261,1.0 272,2.0 278,1.0 279,13.0 291,1.0 298,1.0 308,2.0 312,1.0 313,1.0 314,1.0 315,1.0 316,2.0 317,1.0 326,1.0 340,1.0 343,1.0 
8,1.0 23,2.0 94,2.0 95,2.0 96,2.0 97,1.0 130,2.0 152,1.0 154,1.0 189,1.0 193,10.0 207,1.0 241,1.0 267,1.0 268,1.0 272,2.0 278,9.0 279,1.0 280,2.0 298,1.0 308,1.0 316,1.0 323,1.0 332,1.0 333,1.0 334,1.0 335,1.0 
23,1.0 94,8.0 96,1.0 97,1.0 130,1.0 272,1.0 281,10.0 282,8.0 312,1.0 
23,1.0 94,4.0 95,4.0 96,1.0 97,1.0 130,1.0 193,1.0 241,4.0 272,1.0 279,1.0 280,6.0 282,9.0 312,1.0 
94,4.0 95,4.0 193,1.0 241,4.0 279,1.0 280,4.0 281,9.0 
23,1.0 95,6.0 192,13.0 241,6.0 278,1.0 281,1.0 282,1.0 284,5.0 285,5.0 
61,2.0 97,1.0 131,2.0 150,1.0 151,1.0 153,1.0 189,1.0 191,1.0 267,1.0 268,1.0 272,1.0 285,14.0 286,13.0 287,12.0 293,1.0 298,1.0 321,1.0 
0,1.0 4,1.0 6,1.0 17,1.0 21,1.0 23,2.0 33,1.0 53,2.0 54,1.0 55,1.0 95,1.0 106,1.0 107,1.0 115,2.0 128,1.0 131,4.0 150,1.0 151,1.0 152,2.0 153,1.0 167,1.0 189,2.0 222,1.0 265,1.0 268,2.0 284,12.0 285,1.0 286,16.0 287,12.0 289,1.0 290,1.0 297,1.0 299,2.0 300,1.0 316,1.0 339,1.0 340,2.0 343,1.0 346,1.0 347,1.0 351,1.0 352,1.0 
0,1.0 2,1.0 3,1.0 4,2.0 17,2.0 22,1.0 23,1.0 39,1.0 53,1.0 54,1.0 55,1.0 95,1.0 103,1.0 106,2.0 115,1.0 130,1.0 152,2.0 167,1.0 192,1.0 222,1.0 253,4.0 265,1.0 267,1.0 268,1.0 283,1.0 284,6.0 285,10.0 287,13.0 288,1.0 289,1.0 290,1.0 291,4.0 299,1.0 300,1.0 316,1.0 351,1.0 352,1.0 
2,1.0 3,1.0 4,1.0 17,1.0 22,1.0 23,1.0 39,1.0 103,1.0 106,1.0 130,1.0 192,1.0 253,4.0 267,1.0 283,1.0 284,6.0 285,6.0 286,13.0 288,1.0 291,4.0 
23,1.0 130,1.0 152,1.0 267,7.0 268,7.0 269,4.0 285,1.0 286,1.0 318,2.0 
53,1.0 54,1.0 55,1.0 94,1.0 167,1.0 222,1.0 280,1.0 290,1.0 
53,1.0 54,1.0 55,1.0 94,1.0 167,1.0 222,1.0 280,1.0 289,1.0 
23,1.0 95,1.0 97,1.0 130,1.0 152,1.0 154,1.0 169,16.0 205,13.0 253,13.0 261,1.0 278,1.0 312,1.0 315,1.0 316,2.0 319,1.0 320,1.0 
11,1.0 12,1.0 27,1.0 33,1.0 52,1.0 53,1.0 61,2.0 97,4.0 150,4.0 153,10.0 169,1.0 205,1.0 222,1.0 253,1.0 267,1.0 272,1.0 277,1.0 284,1.0 291,1.0 293,2.0 297,1.0 298,1.0 
61,9.0 97,1.0 131,2.0 189,1.0 191,1.0 243,7.0 259,7.0 284,1.0 
131,3.0 262,3.0 263,3.0 
240,2.0 242,2.0 270,2.0 
29,1.0 33,1.0 53,1.0 54,1.0 94,1.0 280,1.0 297,1.0 
6,1.0 11,1.0 12,1.0 27,1.0 29,1.0 33,3.0 52,1.0 53,2.0 54,1.0 94,1.0 95,1.0 107,1.0 115,1.0 128,1.0 222,1.0 241,1.0 277,1.0 280,1.0 284,1.0 285,1.0 296,1.0 299,1.0 
46,1.0 150,1.0 151,2.0 153,1.0 267,1.0 268,1.0 272,2.0 284,1.0 285,1.0 
0,1.0 4,3.0 6,1.0 12,2.0 17,1.0 33,1.0 106,3.0 107,1.0 115,2.0 128,1.0 186,1.0 195,1.0 196,1.0 252,1.0 284,1.0 285,1.0 297,1.0 300,3.0 301,1.0 
0,1.0 4,3.0 12,2.0 17,1.0 106,3.0 115,1.0 186,1.0 195,1.0 196,1.0 252,1.0 299,3.0 301,1.0 
302,2.0 
303,2.0 
190,1.0 258,1.0 304,11.0 
301,1.0 305,10.0 
306,10.0 
303,10.0 
4,1.0 53,2.0 73,1.0 106,1.0 187,1.0 263,1.0 264,1.0 308,1.0 
4,1.0 5,3.0 8,2.0 15,3.0 16,4.0 21,1.0 58,12.0 63,2.0 67,2.0 88,4.0 92,3.0 98,1.0 99,1.0 105,3.0 106,1.0 116,1.0 117,1.0 118,2.0 119,1.0 122,2.0 125,2.0 127,3.0 129,2.0 131,3.0 185,5.0 186,19.0 187,4.0 188,16.0 189,6.0 190,4.0 191,2.0 194,4.0 195,1.0 196,11.0 203,1.0 219,1.0 220,5.0 221,2.0 241,1.0 252,3.0 257,37.0 258,2.0 285,1.0 299,1.0 300,1.0 308,1.0 326,24.0 336,21.0 337,18.0 338,16.0 339,28.0 340,28.0 343,12.0 344,4.0 345,2.0 346,2.0 347,1.0 348,1.0 353,4.0 354,2.0 355,2.0 356,6.0 360,1.0 362,1.0 365,3.0 366,1.0 367,1.0 368,1.0 376,3.0 382,1.0 384,1.0 386,4.0 389,1.0 390,4.0 392,1.0 393,4.0 394,1.0 
96,1.0 105,1.0 194,1.0 253,1.0 310,1.0 311,1.0 312,1.0 
29,1.0 54,1.0 96,1.0 105,2.0 194,2.0 252,1.0 253,1.0 309,1.0 311,2.0 312,1.0 324,1.0 325,1.0 326,1.0 327,1.0 
96,1.0 130,1.0 169,3.0 189,1.0 253,5.0 278,1.0 291,4.0 312,1.0 313,1.0 327,1.0 
23,5.0 96,1.0 130,1.0 189,1.0 253,1.0 278,6.0 279,3.0 311,1.0 313,1.0 314,2.0 
35,1.0 37,1.0 130,1.0 152,1.0 189,1.0 190,1.0 220,1.0 278,1.0 285,1.0 286,1.0 312,1.0 314,1.0 325,1.0 326,1.0 349,1.0 350,1.0 
23,2.0 278,2.0 312,2.0 
95,2.0 241,2.0 316,2.0 
95,5.0 192,3.0 241,5.0 315,2.0 
96,3.0 130,3.0 152,3.0 
267,2.0 268,2.0 288,2.0 
97,1.0 150,1.0 153,1.0 
130,1.0 152,1.0 205,1.0 278,1.0 291,1.0 
284,1.0 285,1.0 286,1.0 
94,1.0 280,1.0 281,1.0 
8,1.0 46,1.0 47,1.0 207,1.0 
29,1.0 54,1.0 105,1.0 194,1.0 252,1.0 310,1.0 311,1.0 325,1.0 326,1.0 327,1.0 
29,1.0 36,1.0 54,1.0 105,1.0 129,1.0 160,1.0 186,1.0 188,4.0 190,5.0 194,1.0 195,1.0 196,3.0 220,6.0 221,1.0 252,1.0 258,2.0 310,1.0 311,1.0 313,1.0 324,1.0 325,1.0 326,7.0 327,1.0 339,4.0 343,13.0 364,1.0 365,1.0 366,1.0 400,1.0 
8,2.0 15,2.0 16,2.0 26,1.0 29,1.0 36,1.0 48,1.0 54,1.0 58,4.0 88,1.0 92,1.0 105,2.0 122,1.0 129,2.0 131,3.0 185,2.0 186,3.0 189,1.0 191,1.0 194,4.0 195,1.0 196,13.0 220,9.0 221,5.0 241,2.0 252,6.0 257,21.0 278,1.0 308,24.0 310,1.0 311,1.0 313,1.0 324,1.0 325,6.0 326,3.0 327,1.0 332,1.0 336,13.0 338,1.0 339,36.0 340,25.0 341,1.0 342,1.0 343,14.0 356,3.0 357,1.0 358,1.0 360,1.0 368,2.0 371,2.0 382,1.0 386,1.0 389,1.0 390,1.0 398,1.0 400,1.0 
253,1.0 291,1.0 311,1.0 
130,1.0 150,1.0 151,1.0 154,1.0 
154,1.0 193,1.0 261,1.0 
152,1.0 154,2.0 261,1.0 265,1.0 331,1.0 
154,1.0 261,1.0 330,1.0 
186,1.0 193,2.0 196,1.0 279,1.0 308,3.0 326,1.0 333,1.0 334,1.0 335,1.0 337,2.0 338,1.0 339,3.0 340,2.0 
193,2.0 279,1.0 332,1.0 334,1.0 335,1.0 
193,2.0 279,1.0 332,1.0 333,1.0 335,1.0 
193,2.0 279,1.0 332,1.0 333,1.0 334,1.0 
5,2.0 8,1.0 48,1.0 105,2.0 186,17.0 188,6.0 189,6.0 191,3.0 194,1.0 196,5.0 220,1.0 221,2.0 234,1.0 252,2.0 257,35.0 308,19.0 326,11.0 336,3.0 337,10.0 338,16.0 339,33.0 340,14.0 346,1.0 347,1.0 348,1.0 353,3.0 356,6.0 357,1.0 358,1.0 359,1.0 360,1.0 362,5.0 389,1.0 
5,2.0 21,2.0 49,3.0 61,1.0 63,11.0 64,4.0 65,2.0 67,1.0 79,1.0 98,6.0 99,1.0 105,2.0 116,2.0 117,1.0 118,4.0 131,2.0 186,19.0 188,17.0 189,13.0 190,5.0 191,2.0 257,13.0 258,2.0 275,1.0 284,1.0 285,1.0 293,1.0 308,18.0 332,1.0 336,12.0 337,6.0 338,12.0 339,10.0 340,10.0 343,1.0 344,4.0 345,9.0 346,2.0 347,1.0 353,7.0 354,7.0 355,2.0 356,4.0 362,1.0 365,7.0 366,1.0 367,1.0 376,3.0 377,1.0 381,1.0 384,1.0 387,1.0 390,1.0 
5,1.0 8,1.0 13,1.0 49,2.0 60,1.0 61,1.0 63,6.0 65,2.0 79,1.0 88,3.0 98,2.0 99,1.0 105,2.0 116,2.0 118,2.0 131,1.0 186,24.0 188,17.0 189,15.0 190,1.0 191,4.0 196,2.0 219,5.0 220,3.0 221,1.0 257,18.0 258,1.0 284,1.0 293,1.0 308,21.0 326,2.0 332,1.0 336,13.0 337,16.0 339,12.0 340,14.0 343,1.0 345,8.0 348,1.0 353,2.0 354,2.0 356,2.0 360,1.0 361,1.0 362,4.0 363,1.0 365,3.0 366,1.0 367,1.0 368,1.0 377,1.0 384,1.0 386,3.0 387,1.0 388,1.0 390,3.0 
5,1.0 8,2.0 13,1.0 21,1.0 26,1.0 48,2.0 58,1.0 63,2.0 64,1.0 73,2.0 105,1.0 118,1.0 129,1.0 185,3.0 186,10.0 187,1.0 189,8.0 190,1.0 191,2.0 194,4.0 196,36.0 220,8.0 221,9.0 234,1.0 252,11.0 257,42.0 258,1.0 308,29.0 325,4.0 326,35.0 332,3.0 336,29.0 337,8.0 338,15.0 339,5.0 340,44.0 341,1.0 342,1.0 343,17.0 345,1.0 346,5.0 347,5.0 348,3.0 353,1.0 356,10.0 357,9.0 358,5.0 359,2.0 360,2.0 362,5.0 368,3.0 370,6.0 371,9.0 373,1.0 389,1.0 
5,1.0 8,2.0 15,1.0 21,1.0 23,1.0 26,1.0 48,1.0 88,4.0 98,2.0 105,1.0 117,1.0 118,2.0 126,1.0 131,3.0 185,1.0 186,5.0 187,1.0 188,1.0 189,13.0 194,4.0 195,1.0 196,15.0 220,7.0 221,5.0 241,2.0 252,4.0 257,21.0 278,1.0 285,1.0 308,30.0 326,27.0 332,3.0 336,13.0 337,10.0 338,13.0 339,40.0 340,3.0 343,6.0 344,7.0 345,2.0 346,3.0 347,1.0 348,3.0 353,1.0 356,6.0 357,5.0 358,1.0 359,1.0 360,1.0 362,2.0 365,5.0 366,2.0 368,3.0 369,1.0 370,7.0 371,3.0 372,1.0 376,7.0 384,1.0 386,4.0 389,1.0 390,4.0 398,1.0 
53,1.0 63,2.0 67,1.0 73,1.0 105,1.0 185,1.0 186,15.0 187,1.0 188,9.0 196,16.0 252,6.0 257,1.0 338,1.0 339,2.0 342,8.0 343,2.0 344,2.0 345,1.0 356,1.0 374,1.0 376,1.0 391,1.0 
63,1.0 67,1.0 73,1.0 185,1.0 186,8.0 187,1.0 196,7.0 252,3.0 257,1.0 338,1.0 339,1.0 341,8.0 343,1.0 344,1.0 345,1.0 356,1.0 376,1.0 391,1.0 
5,1.0 13,1.0 15,1.0 16,2.0 26,1.0 49,1.0 58,5.0 63,4.0 64,3.0 67,2.0 92,1.0 116,1.0 117,1.0 118,1.0 122,1.0 129,2.0 131,1.0 160,1.0 186,9.0 188,14.0 190,12.0 196,16.0 220,25.0 221,3.0 238,1.0 252,4.0 257,1.0 258,5.0 308,13.0 325,13.0 326,14.0 338,1.0 339,17.0 340,5.0 341,5.0 342,4.0 343,2.0 344,1.0 348,1.0 353,12.0 356,3.0 357,3.0 358,2.0 360,2.0 364,1.0 365,1.0 366,1.0 376,1.0 378,1.0 380,1.0 381,1.0 382,1.0 385,1.0 391,1.0 
53,1.0 63,7.0 98,2.0 117,3.0 118,5.0 188,4.0 189,8.0 191,2.0 308,5.0 337,4.0 340,8.0 344,6.0 345,7.0 346,2.0 376,12.0 
49,8.0 63,26.0 65,4.0 73,1.0 79,2.0 98,13.0 116,4.0 118,5.0 186,2.0 188,9.0 189,15.0 191,3.0 195,1.0 196,1.0 308,5.0 337,11.0 338,8.0 339,1.0 340,3.0 343,1.0 344,7.0 345,10.0 356,1.0 376,5.0 377,2.0 
13,1.0 16,1.0 58,2.0 88,1.0 98,1.0 127,1.0 129,2.0 186,3.0 188,1.0 196,3.0 257,4.0 308,1.0 336,1.0 338,2.0 339,7.0 340,1.0 344,2.0 345,1.0 347,9.0 356,1.0 376,2.0 385,1.0 386,1.0 390,1.0 
13,1.0 16,1.0 58,2.0 88,1.0 127,1.0 129,2.0 186,3.0 196,3.0 257,4.0 336,1.0 338,2.0 339,7.0 344,1.0 345,1.0 346,9.0 356,1.0 376,1.0 385,1.0 386,1.0 390,1.0 
16,2.0 28,1.0 58,3.0 121,1.0 125,1.0 127,1.0 129,1.0 196,2.0 221,8.0 234,1.0 257,3.0 336,2.0 339,5.0 340,1.0 343,1.0 356,1.0 362,1.0 368,2.0 369,1.0 372,1.0 393,1.0 397,1.0 
28,1.0 34,1.0 35,4.0 129,2.0 152,1.0 188,1.0 190,2.0 220,3.0 285,1.0 286,1.0 313,2.0 349,1.0 350,2.0 
35,1.0 152,1.0 190,1.0 220,1.0 285,1.0 286,1.0 313,1.0 349,1.0 
189,1.0 191,1.0 265,1.0 352,1.0 
189,1.0 191,1.0 265,1.0 351,1.0 
5,2.0 34,1.0 35,2.0 49,2.0 58,1.0 63,6.0 64,6.0 98,2.0 116,1.0 118,1.0 185,4.0 186,5.0 187,2.0 188,9.0 189,1.0 190,4.0 191,1.0 220,6.0 238,1.0 252,1.0 257,5.0 258,2.0 308,4.0 336,5.0 337,6.0 339,2.0 340,1.0 343,11.0 353,1.0 354,1.0 355,1.0 356,9.0 357,1.0 358,1.0 360,1.0 
16,1.0 58,1.0 63,1.0 64,1.0 91,1.0 98,1.0 105,1.0 186,5.0 188,2.0 257,3.0 308,1.0 336,1.0 337,6.0 338,1.0 339,2.0 343,1.0 353,1.0 355,3.0 356,1.0 381,1.0 384,1.0 387,1.0 390,1.0 392,1.0 
16,1.0 58,1.0 91,1.0 105,1.0 186,1.0 188,2.0 257,1.0 308,1.0 336,1.0 337,1.0 353,1.0 354,3.0 356,1.0 392,1.0 
5,2.0 63,1.0 64,1.0 73,1.0 118,1.0 185,7.0 186,9.0 187,3.0 188,4.0 189,2.0 191,2.0 196,5.0 220,1.0 221,1.0 252,5.0 257,8.0 308,4.0 326,3.0 336,7.0 337,3.0 338,2.0 339,12.0 340,4.0 343,5.0 348,1.0 353,8.0 357,6.0 358,3.0 359,1.0 360,1.0 362,1.0 368,1.0 372,1.0 
5,1.0 34,1.0 35,1.0 63,1.0 64,1.0 73,1.0 118,1.0 186,1.0 188,2.0 196,5.0 252,4.0 257,1.0 336,1.0 339,8.0 340,4.0 343,1.0 356,6.0 358,5.0 359,1.0 
63,1.0 64,1.0 73,1.0 118,1.0 186,1.0 196,3.0 252,2.0 257,1.0 336,1.0 339,5.0 356,3.0 357,5.0 359,1.0 
252,1.0 336,1.0 337,1.0 338,1.0 339,2.0 340,1.0 356,1.0 357,1.0 362,1.0 
13,1.0 16,1.0 34,1.0 35,1.0 186,5.0 195,1.0 196,4.0 220,6.0 257,3.0 336,1.0 338,2.0 339,3.0 343,3.0 353,2.0 361,1.0 380,1.0 381,1.0 386,1.0 
186,1.0 338,1.0 360,1.0 
60,1.0 189,3.0 191,1.0 219,3.0 220,2.0 336,5.0 337,2.0 338,5.0 339,5.0 340,2.0 343,1.0 353,1.0 359,1.0 363,1.0 
219,2.0 220,1.0 338,1.0 362,1.0 
188,1.0 220,1.0 325,1.0 343,1.0 
189,2.0 275,1.0 308,4.0 337,7.0 338,4.0 340,4.0 365,1.0 366,3.0 367,1.0 368,1.0 
308,2.0 337,2.0 338,2.0 340,2.0 365,4.0 368,1.0 
189,1.0 308,1.0 338,1.0 340,1.0 
189,1.0 191,1.0 196,2.0 221,3.0 326,2.0 336,1.0 339,4.0 340,3.0 348,2.0 356,1.0 362,1.0 369,1.0 370,2.0 371,3.0 372,1.0 
221,1.0 340,1.0 368,1.0 370,1.0 
15,1.0 48,1.0 92,1.0 126,1.0 127,1.0 129,1.0 190,1.0 196,5.0 221,6.0 258,1.0 339,6.0 340,6.0 348,1.0 356,1.0 368,2.0 371,6.0 372,1.0 373,1.0 
48,1.0 186,1.0 189,1.0 191,1.0 196,9.0 221,1.0 252,1.0 326,2.0 339,9.0 340,4.0 368,3.0 370,6.0 373,1.0 
221,1.0 336,1.0 339,1.0 348,1.0 356,1.0 362,1.0 368,1.0 
196,1.0 339,1.0 370,1.0 371,1.0 
186,1.0 196,1.0 220,1.0 252,1.0 375,1.0 
196,1.0 220,1.0 
98,2.0 117,1.0 118,4.0 188,1.0 189,4.0 191,1.0 308,4.0 337,3.0 340,8.0 344,12.0 345,4.0 346,2.0 376,4.0 
79,1.0 98,2.0 189,1.0 191,1.0 337,1.0 338,1.0 345,2.0 
5,1.0 63,1.0 117,1.0 379,1.0 380,1.0 381,1.0 382,1.0 
188,1.0 220,1.0 380,1.0 381,1.0 382,1.0 
186,1.0 188,2.0 220,3.0 257,1.0 343,1.0 360,2.0 379,1.0 380,2.0 381,7.0 382,5.0 383,1.0 384,2.0 385,1.0 386,2.0 
186,2.0 188,2.0 220,3.0 257,1.0 337,1.0 339,1.0 343,1.0 354,1.0 360,2.0 379,1.0 380,7.0 381,2.0 382,5.0 383,1.0 384,3.0 385,1.0 386,2.0 390,1.0 
15,2.0 18,1.0 58,1.0 188,2.0 220,2.0 343,1.0 360,1.0 379,1.0 380,6.0 381,6.0 382,1.0 383,1.0 384,2.0 385,1.0 386,1.0 
88,2.0 308,1.0 338,1.0 340,1.0 380,2.0 381,2.0 382,2.0 384,1.0 386,1.0 390,2.0 
88,2.0 186,1.0 188,1.0 337,1.0 339,1.0 343,1.0 346,1.0 347,1.0 354,1.0 380,1.0 381,2.0 382,1.0 385,1.0 386,2.0 390,3.0 
88,2.0 196,1.0 220,1.0 308,1.0 326,1.0 339,1.0 340,1.0 346,1.0 347,1.0 356,1.0 360,1.0 380,2.0 381,2.0 382,1.0 386,2.0 390,2.0 
88,9.0 186,1.0 196,1.0 220,1.0 257,1.0 308,1.0 338,1.0 339,1.0 340,1.0 346,2.0 347,2.0 356,1.0 360,1.0 380,1.0 381,1.0 383,1.0 384,2.0 385,3.0 386,2.0 390,9.0 
186,1.0 188,1.0 189,1.0 338,1.0 
186,1.0 188,1.0 189,1.0 338,1.0 
257,1.0 308,1.0 336,1.0 338,1.0 339,1.0 340,1.0 
88,12.0 186,1.0 196,1.0 308,3.0 326,1.0 337,1.0 338,2.0 339,2.0 340,3.0 346,2.0 347,2.0 354,1.0 356,1.0 381,1.0 383,2.0 384,3.0 385,4.0 386,8.0 390,5.0 
185,1.0 186,2.0 187,1.0 196,1.0 257,1.0 341,1.0 342,1.0 356,1.0 
16,1.0 58,1.0 91,1.0 105,1.0 146,1.0 156,1.0 158,1.0 159,1.0 181,1.0 248,1.0 257,1.0 354,1.0 355,1.0 
15,2.0 16,2.0 18,2.0 35,2.0 58,11.0 92,1.0 125,3.0 127,6.0 129,2.0 186,2.0 188,2.0 190,3.0 258,3.0 308,4.0 393,2.0 
108,2.0 119,3.0 188,2.0 189,2.0 203,5.0 308,1.0 343,1.0 394,2.0 
78,2.0 190,2.0 203,3.0 220,2.0 337,1.0 340,1.0 365,1.0 366,1.0 395,2.0 396,5.0 
78,2.0 190,2.0 203,3.0 220,2.0 337,1.0 340,1.0 365,1.0 366,1.0 395,5.0 396,2.0 
221,1.0 370,1.0 
190,1.0 258,1.0 
28,1.0 220,1.0 326,1.0 
190,1.0 
313,1.0 
35,1.0 36,1.0 
18,1.0 404,1.0 
18,1.0 92,1.0 
406,1.0 407,1.0 408,1.0 409,1.0 410,1.0 411,1.0 
405,1.0 407,1.0 408,1.0 409,1.0 410,1.0 411,1.0 
405,1.0 406,1.0 408,1.0 409,1.0 410,1.0 411,1.0 
405,1.0 406,1.0 407,1.0 409,1.0 410,1.0 411,1.0 
405,1.0 406,1.0 407,1.0 408,1.0 410,1.0 411,1.0 
405,1.0 406,1.0 407,1.0 408,1.0 409,1.0 411,1.0 
405,1.0 406,1.0 407,1.0 408,1.0 409,1.0 410,1.0 
