0,2.0 1,17.0 2,15.0 3,8.0 4,2.0 5,4.0 7,2.0 11,4.0 16,2.0 24,2.0 34,4.0 37,2.0 40,1.0 41,4.0 42,2.0 45,4.0 46,2.0 51,1.0 57,1.0 64,1.0 65,1.0 66,4.0 73,1.0 75,1.0 77,2.0 79,1.0 80,1.0 86,1.0 88,1.0 122,1.0 123,1.0 130,1.0 146,14.0 147,2.0 150,2.0 151,2.0 152,2.0 153,11.0 154,2.0 160,2.0 162,10.0 164,2.0 166,2.0 172,13.0 182,4.0 183,4.0 184,2.0 185,2.0 186,2.0 200,2.0 201,6.0 202,4.0 210,2.0 253,1.0 
0,14.0 1,7.0 2,12.0 3,2.0 4,5.0 5,2.0 7,2.0 15,9.0 16,1.0 18,1.0 19,3.0 22,1.0 23,7.0 24,8.0 28,1.0 32,2.0 35,3.0 36,4.0 37,1.0 41,3.0 59,1.0 69,1.0 77,7.0 93,1.0 96,1.0 98,3.0 108,1.0 113,1.0 146,18.0 151,3.0 153,19.0 154,7.0 155,8.0 158,1.0 160,3.0 162,6.0 164,5.0 166,2.0 167,3.0 172,16.0 186,4.0 193,3.0 201,2.0 207,3.0 210,5.0 253,1.0 269,1.0 282,1.0 286,1.0 287,1.0 288,1.0 307,1.0 314,1.0 
0,2.0 1,10.0 2,4.0 3,5.0 4,7.0 5,4.0 6,1.0 11,2.0 41,13.0 45,2.0 77,6.0 98,3.0 109,1.0 146,11.0 147,4.0 150,3.0 151,13.0 152,11.0 153,8.0 154,3.0 155,5.0 160,8.0 162,4.0 164,2.0 172,5.0 182,2.0 183,2.0 184,4.0 185,4.0 186,2.0 187,2.0 203,2.0 
0,7.0 1,7.0 2,10.0 3,1.0 4,7.0 5,4.0 6,1.0 7,2.0 11,2.0 15,1.0 16,14.0 23,1.0 24,1.0 28,6.0 38,2.0 41,10.0 49,2.0 51,2.0 54,1.0 59,19.0 61,1.0 65,2.0 67,2.0 72,2.0 77,3.0 82,1.0 93,1.0 95,2.0 96,3.0 97,1.0 98,1.0 101,2.0 102,2.0 106,1.0 107,2.0 108,1.0 109,1.0 135,1.0 142,2.0 145,1.0 146,5.0 149,1.0 150,5.0 151,10.0 152,6.0 153,1.0 154,1.0 160,5.0 162,9.0 163,1.0 164,5.0 176,1.0 182,2.0 183,2.0 201,6.0 202,2.0 203,3.0 226,2.0 267,1.0 269,1.0 270,1.0 272,1.0 276,1.0 279,3.0 281,1.0 289,1.0 290,1.0 291,1.0 292,1.0 
0,4.0 1,8.0 2,4.0 3,4.0 4,1.0 5,2.0 6,1.0 7,2.0 16,3.0 17,1.0 19,1.0 41,8.0 65,2.0 75,2.0 77,6.0 98,3.0 109,1.0 114,1.0 126,3.0 146,8.0 150,2.0 151,8.0 152,4.0 153,3.0 154,5.0 155,3.0 160,2.0 162,4.0 164,4.0 167,1.0 168,1.0 171,1.0 172,3.0 182,2.0 183,2.0 186,5.0 222,1.0 237,1.0 244,2.0 261,1.0 
0,4.0 1,2.0 2,4.0 4,2.0 6,1.0 7,4.0 16,3.0 23,2.0 24,1.0 32,3.0 33,3.0 37,2.0 41,2.0 45,2.0 54,2.0 62,1.0 72,2.0 109,1.0 117,2.0 124,1.0 125,1.0 147,2.0 163,2.0 164,2.0 166,2.0 178,2.0 182,2.0 183,2.0 184,2.0 185,2.0 201,2.0 265,1.0 276,1.0 
4,1.0 5,1.0 7,1.0 
0,2.0 1,2.0 5,2.0 8,2.0 164,2.0 166,2.0 201,2.0 
1,2.0 5,1.0 9,2.0 10,2.0 11,2.0 12,1.0 13,1.0 15,1.0 26,1.0 30,4.0 32,5.0 35,4.0 41,3.0 42,2.0 43,2.0 51,1.0 69,1.0 95,2.0 110,1.0 121,1.0 150,1.0 167,1.0 169,1.0 173,4.0 176,1.0 182,2.0 189,2.0 190,2.0 191,2.0 192,4.0 193,2.0 194,2.0 195,2.0 196,2.0 215,4.0 216,4.0 217,2.0 218,4.0 307,1.0 
0,2.0 1,2.0 10,2.0 11,2.0 12,1.0 13,1.0 14,1.0 49,1.0 77,1.0 110,1.0 111,1.0 141,3.0 146,2.0 153,2.0 172,2.0 177,3.0 182,1.0 183,1.0 186,1.0 187,1.0 
9,2.0 11,2.0 12,1.0 13,1.0 14,1.0 16,1.0 21,1.0 110,1.0 111,1.0 315,1.0 
0,4.0 2,2.0 3,2.0 9,2.0 10,2.0 12,1.0 13,1.0 14,1.0 15,3.0 18,2.0 24,2.0 26,1.0 28,4.0 37,1.0 38,1.0 40,2.0 59,1.0 61,1.0 72,1.0 88,1.0 91,1.0 92,1.0 110,1.0 111,1.0 120,1.0 121,1.0 144,1.0 146,2.0 151,2.0 152,2.0 160,2.0 162,2.0 172,2.0 200,2.0 201,2.0 202,2.0 203,2.0 205,1.0 283,1.0 302,1.0 303,1.0 304,1.0 
9,1.0 10,1.0 11,1.0 13,1.0 14,1.0 
9,1.0 10,1.0 11,1.0 12,1.0 14,1.0 117,1.0 168,1.0 211,2.0 
15,1.0 
10,1.0 16,13.0 22,1.0 23,2.0 25,1.0 32,3.0 33,2.0 76,1.0 167,2.0 193,1.0 207,2.0 210,2.0 231,3.0 315,1.0 
3,1.0 4,1.0 8,2.0 10,1.0 17,2.0 20,3.0 21,6.0 22,1.0 23,8.0 25,1.0 26,1.0 30,2.0 32,1.0 33,5.0 34,2.0 37,2.0 65,2.0 66,5.0 69,1.0 85,1.0 90,1.0 94,1.0 97,1.0 102,2.0 104,1.0 106,1.0 120,1.0 126,1.0 127,1.0 129,1.0 130,1.0 135,1.0 147,1.0 159,4.0 162,1.0 167,3.0 173,3.0 184,1.0 193,3.0 203,1.0 207,3.0 210,1.0 231,2.0 232,1.0 267,1.0 271,1.0 279,3.0 310,1.0 311,1.0 315,1.0 316,2.0 
1,4.0 8,2.0 18,1.0 19,2.0 23,1.0 34,2.0 98,2.0 283,1.0 284,1.0 307,1.0 
1,1.0 15,1.0 19,1.0 27,2.0 63,2.0 
1,3.0 15,2.0 18,1.0 36,1.0 63,2.0 
21,3.0 30,4.0 
1,1.0 22,3.0 38,1.0 40,2.0 61,1.0 66,1.0 73,1.0 82,1.0 86,2.0 87,1.0 95,2.0 96,2.0 150,1.0 159,5.0 167,5.0 193,1.0 207,1.0 210,1.0 312,1.0 320,1.0 
1,8.0 3,1.0 15,1.0 23,9.0 24,1.0 25,2.0 26,1.0 27,5.0 36,1.0 42,1.0 48,1.0 49,2.0 50,3.0 52,1.0 53,1.0 54,1.0 69,1.0 77,1.0 274,1.0 
1,8.0 3,6.0 5,2.0 15,1.0 16,2.0 21,2.0 22,1.0 24,6.0 28,6.0 29,6.0 30,1.0 33,1.0 41,2.0 44,1.0 47,1.0 54,2.0 57,3.0 58,1.0 66,1.0 68,2.0 77,4.0 102,1.0 112,2.0 159,2.0 231,3.0 269,1.0 
23,1.0 25,6.0 26,2.0 57,2.0 69,2.0 72,1.0 73,1.0 78,2.0 79,1.0 86,1.0 88,1.0 89,1.0 102,1.0 119,1.0 215,1.0 232,1.0 265,2.0 
3,2.0 22,1.0 23,1.0 26,6.0 30,2.0 31,1.0 37,1.0 41,2.0 42,1.0 44,2.0 48,1.0 49,2.0 50,3.0 51,2.0 52,1.0 53,1.0 66,1.0 72,2.0 76,2.0 77,1.0 265,1.0 
22,5.0 23,1.0 33,2.0 40,1.0 44,2.0 51,2.0 61,4.0 63,2.0 64,1.0 80,2.0 104,1.0 112,7.0 113,1.0 203,1.0 263,1.0 275,1.0 279,1.0 
8,2.0 23,5.0 30,1.0 66,1.0 113,1.0 267,1.0 313,1.0 
1,2.0 3,6.0 5,2.0 11,4.0 15,5.0 16,5.0 22,1.0 26,1.0 32,1.0 44,1.0 104,1.0 150,1.0 205,1.0 270,1.0 
8,4.0 38,2.0 69,4.0 203,2.0 279,1.0 293,1.0 
1,2.0 8,1.0 16,1.0 22,4.0 28,2.0 31,2.0 32,2.0 34,2.0 38,2.0 39,2.0 56,2.0 58,2.0 65,1.0 69,1.0 71,4.0 77,1.0 83,1.0 97,2.0 104,1.0 147,1.0 203,3.0 279,2.0 282,1.0 314,1.0 
11,3.0 28,3.0 31,1.0 32,2.0 41,2.0 102,1.0 115,1.0 117,1.0 160,2.0 194,2.0 213,2.0 214,2.0 
1,2.0 3,1.0 5,2.0 11,2.0 16,4.0 24,1.0 26,1.0 28,3.0 31,2.0 37,1.0 40,1.0 41,2.0 42,2.0 43,2.0 44,2.0 47,1.0 64,1.0 71,1.0 110,1.0 150,1.0 265,1.0 270,1.0 271,1.0 288,1.0 
5,1.0 16,4.0 17,3.0 21,2.0 23,1.0 24,1.0 30,2.0 31,2.0 72,2.0 96,2.0 159,2.0 171,4.0 178,4.0 179,4.0 194,2.0 204,2.0 205,2.0 206,2.0 207,2.0 208,2.0 209,2.0 231,1.0 
0,4.0 1,3.0 3,2.0 22,1.0 26,1.0 30,1.0 35,3.0 44,1.0 51,2.0 66,6.0 
1,3.0 8,4.0 36,3.0 76,1.0 153,1.0 173,4.0 182,2.0 192,2.0 215,4.0 216,4.0 217,2.0 218,4.0 
25,1.0 37,4.0 66,2.0 99,2.0 148,1.0 
4,1.0 20,4.0 21,3.0 34,1.0 44,1.0 55,2.0 66,1.0 69,2.0 94,1.0 95,2.0 167,1.0 261,1.0 
3,2.0 11,1.0 15,1.0 16,2.0 30,2.0 39,2.0 40,1.0 82,2.0 106,1.0 135,1.0 
0,1.0 11,3.0 31,1.0 40,2.0 51,4.0 62,1.0 104,1.0 120,1.0 121,1.0 
0,1.0 4,1.0 11,2.0 18,2.0 37,1.0 44,1.0 52,2.0 64,4.0 65,2.0 68,1.0 71,4.0 73,2.0 80,1.0 83,1.0 104,1.0 126,1.0 136,1.0 146,1.0 150,1.0 168,1.0 172,1.0 186,1.0 189,1.0 215,1.0 288,1.0 296,1.0 309,1.0 
0,4.0 1,11.0 2,13.0 3,6.0 4,9.0 5,2.0 8,3.0 16,1.0 25,2.0 26,4.0 29,4.0 32,2.0 35,2.0 41,5.0 42,2.0 43,2.0 44,2.0 45,2.0 51,5.0 59,2.0 68,2.0 74,2.0 76,2.0 77,12.0 98,5.0 106,2.0 121,1.0 144,1.0 146,6.0 147,2.0 150,4.0 151,20.0 152,9.0 153,3.0 154,7.0 158,1.0 160,10.0 162,5.0 163,1.0 164,8.0 181,2.0 182,2.0 183,2.0 184,2.0 185,2.0 186,4.0 187,2.0 188,2.0 213,2.0 214,2.0 215,2.0 216,2.0 217,2.0 294,1.0 295,1.0 296,1.0 297,1.0 298,1.0 299,1.0 300,1.0 301,1.0 307,1.0 
0,2.0 25,1.0 32,2.0 41,2.0 43,2.0 44,2.0 45,2.0 46,2.0 49,1.0 50,1.0 51,1.0 
4,1.0 32,2.0 41,2.0 42,2.0 44,2.0 110,1.0 197,1.0 199,1.0 254,1.0 
0,2.0 3,1.0 11,1.0 23,3.0 25,2.0 39,1.0 42,2.0 45,2.0 62,1.0 65,1.0 68,1.0 71,1.0 72,4.0 77,2.0 92,1.0 276,1.0 
0,4.0 2,4.0 5,2.0 41,2.0 42,2.0 46,2.0 147,2.0 182,2.0 183,2.0 184,2.0 185,2.0 
23,2.0 
16,1.0 22,1.0 
25,1.0 49,1.0 50,1.0 51,1.0 
0,2.0 1,2.0 3,2.0 5,2.0 7,2.0 8,2.0 25,2.0 35,2.0 42,1.0 48,1.0 49,1.0 50,2.0 51,2.0 66,1.0 77,3.0 142,3.0 162,4.0 164,2.0 182,3.0 183,3.0 184,1.0 186,7.0 187,1.0 201,4.0 215,2.0 216,2.0 219,2.0 220,2.0 221,2.0 222,2.0 223,2.0 226,2.0 227,1.0 247,1.0 
22,1.0 25,2.0 42,1.0 48,1.0 49,2.0 51,2.0 52,2.0 53,2.0 54,2.0 113,1.0 
0,5.0 3,2.0 8,1.0 16,1.0 26,4.0 34,6.0 37,1.0 41,5.0 44,2.0 59,2.0 63,4.0 65,1.0 81,1.0 121,1.0 307,1.0 
22,1.0 50,2.0 53,2.0 54,2.0 57,2.0 84,1.0 113,1.0 129,1.0 
22,1.0 50,2.0 52,2.0 54,2.0 113,1.0 
37,2.0 51,1.0 57,2.0 118,2.0 167,1.0 245,1.0 262,1.0 
30,2.0 44,2.0 
5,2.0 16,1.0 23,2.0 
16,1.0 18,2.0 19,2.0 21,1.0 25,2.0 26,1.0 30,3.0 62,2.0 63,7.0 66,1.0 69,1.0 72,2.0 75,1.0 79,1.0 81,4.0 84,2.0 88,1.0 100,2.0 103,2.0 129,1.0 144,1.0 145,1.0 146,1.0 147,1.0 264,1.0 
57,1.0 59,2.0 117,1.0 231,1.0 
16,1.0 26,1.0 33,2.0 49,1.0 57,18.0 60,2.0 61,2.0 102,2.0 142,1.0 
57,2.0 
3,1.0 11,1.0 16,1.0 24,1.0 30,4.0 40,1.0 51,1.0 57,2.0 
5,2.0 11,1.0 33,1.0 37,1.0 39,1.0 63,2.0 64,2.0 120,1.0 121,1.0 
3,12.0 25,2.0 39,1.0 62,2.0 65,2.0 67,2.0 72,2.0 101,2.0 102,2.0 107,2.0 149,1.0 
0,1.0 3,2.0 4,2.0 37,1.0 40,4.0 44,1.0 65,4.0 136,1.0 150,1.0 288,1.0 296,1.0 309,1.0 
3,2.0 4,2.0 16,4.0 21,1.0 30,1.0 40,2.0 44,1.0 73,4.0 114,1.0 130,1.0 
15,1.0 23,1.0 25,2.0 27,1.0 28,1.0 40,1.0 44,1.0 51,5.0 55,2.0 57,1.0 64,1.0 67,2.0 81,2.0 98,2.0 101,1.0 150,1.0 151,1.0 313,1.0 
3,2.0 40,1.0 44,2.0 59,2.0 
0,1.0 3,1.0 29,2.0 41,4.0 61,2.0 74,2.0 79,1.0 
1,1.0 3,1.0 8,1.0 21,1.0 22,1.0 23,1.0 28,1.0 32,2.0 67,1.0 70,4.0 71,1.0 93,1.0 95,1.0 98,1.0 108,1.0 126,1.0 127,1.0 137,1.0 138,1.0 140,1.0 141,1.0 142,1.0 150,4.0 167,1.0 169,1.0 176,1.0 230,2.0 314,1.0 317,1.0 
40,4.0 
11,1.0 32,1.0 39,4.0 40,1.0 41,4.0 51,4.0 61,1.0 64,1.0 150,1.0 288,1.0 
3,2.0 16,2.0 23,2.0 24,1.0 25,2.0 26,1.0 31,2.0 33,2.0 35,1.0 40,2.0 41,2.0 77,2.0 88,1.0 99,2.0 153,1.0 178,2.0 194,2.0 
1,1.0 4,2.0 24,1.0 30,1.0 50,1.0 52,1.0 53,1.0 57,1.0 64,2.0 75,2.0 77,1.0 86,2.0 87,1.0 104,1.0 113,2.0 
29,2.0 41,2.0 
0,1.0 4,2.0 16,3.0 65,1.0 81,1.0 88,2.0 130,1.0 
17,2.0 26,2.0 34,1.0 
0,4.0 1,7.0 2,4.0 3,2.0 4,4.0 22,1.0 23,3.0 24,2.0 30,1.0 36,1.0 41,9.0 49,3.0 57,3.0 77,3.0 78,1.0 97,1.0 104,1.0 119,1.0 151,9.0 152,4.0 154,4.0 158,1.0 160,5.0 162,4.0 164,5.0 182,3.0 183,3.0 186,9.0 187,3.0 210,2.0 227,1.0 
24,1.0 26,2.0 119,1.0 
0,1.0 16,1.0 26,1.0 81,1.0 
0,2.0 3,1.0 24,1.0 38,1.0 75,1.0 81,2.0 82,2.0 88,1.0 104,3.0 
1,1.0 3,2.0 11,1.0 16,1.0 30,1.0 57,1.0 62,1.0 68,1.0 80,2.0 91,1.0 93,1.0 104,3.0 122,1.0 123,1.0 147,1.0 184,1.0 281,1.0 289,1.0 290,1.0 291,1.0 
3,1.0 5,1.0 16,1.0 38,2.0 40,1.0 62,1.0 106,1.0 135,1.0 
0,1.0 51,1.0 58,1.0 231,1.0 
21,2.0 57,1.0 129,1.0 
21,1.0 
24,1.0 57,1.0 73,2.0 87,2.0 88,1.0 
0,1.0 40,1.0 41,1.0 64,1.0 86,1.0 128,1.0 131,1.0 132,1.0 
0,2.0 16,1.0 24,1.0 26,1.0 65,1.0 72,1.0 75,2.0 80,1.0 81,1.0 130,1.0 
57,1.0 273,1.0 
66,1.0 
11,1.0 37,1.0 
11,1.0 59,1.0 
1,1.0 3,1.0 15,1.0 16,1.0 
21,1.0 69,1.0 
3,5.0 8,2.0 21,2.0 59,2.0 96,3.0 189,2.0 190,2.0 191,2.0 192,2.0 193,2.0 194,2.0 195,2.0 196,2.0 
1,2.0 3,5.0 24,1.0 33,2.0 59,2.0 97,1.0 102,2.0 171,2.0 179,2.0 204,2.0 205,2.0 206,2.0 207,2.0 208,2.0 209,2.0 227,1.0 286,1.0 287,1.0 288,1.0 
24,1.0 36,4.0 57,1.0 148,1.0 193,1.0 
1,3.0 4,3.0 8,2.0 59,2.0 95,2.0 97,2.0 137,1.0 138,1.0 139,2.0 146,4.0 153,3.0 154,5.0 155,3.0 188,2.0 189,2.0 190,2.0 191,2.0 233,1.0 269,1.0 283,1.0 
28,1.0 98,2.0 104,2.0 243,1.0 
63,2.0 
3,2.0 54,1.0 59,2.0 118,1.0 151,1.0 167,1.0 262,1.0 
3,4.0 21,2.0 23,1.0 27,1.0 37,2.0 58,1.0 59,2.0 68,1.0 95,2.0 
63,2.0 
0,1.0 3,2.0 11,1.0 30,1.0 38,3.0 75,1.0 77,1.0 80,3.0 81,3.0 82,1.0 88,1.0 97,1.0 105,2.0 218,2.0 
41,2.0 106,2.0 
16,1.0 41,2.0 59,2.0 66,1.0 135,1.0 
3,2.0 59,2.0 
59,2.0 96,1.0 121,1.0 123,1.0 308,1.0 
4,1.0 5,1.0 7,1.0 
4,1.0 9,1.0 10,1.0 11,1.0 43,1.0 110,1.0 111,1.0 114,1.0 171,1.0 177,1.0 178,1.0 197,1.0 199,1.0 203,1.0 254,1.0 255,1.0 256,1.0 257,1.0 258,1.0 318,1.0 
15,1.0 
0,2.0 1,2.0 3,1.0 5,2.0 11,1.0 22,1.0 41,1.0 72,1.0 144,1.0 145,1.0 146,2.0 153,3.0 162,2.0 172,2.0 231,1.0 275,1.0 276,1.0 283,1.0 284,1.0 291,1.0 297,1.0 298,1.0 299,1.0 302,1.0 306,1.0 
1,1.0 27,1.0 50,1.0 52,1.0 53,1.0 54,1.0 104,1.0 269,1.0 
25,1.0 203,1.0 
116,1.0 
31,1.0 
5,2.0 33,2.0 72,2.0 118,1.0 163,2.0 178,2.0 189,1.0 240,1.0 
31,1.0 54,1.0 96,1.0 118,1.0 167,1.0 245,2.0 262,1.0 
24,1.0 26,1.0 78,1.0 
5,1.0 11,1.0 24,1.0 69,1.0 72,1.0 88,1.0 121,2.0 122,1.0 124,1.0 125,1.0 
5,1.0 11,1.0 16,1.0 24,1.0 72,1.0 88,1.0 108,1.0 120,2.0 124,1.0 125,1.0 308,1.0 
0,1.0 24,1.0 73,1.0 86,1.0 120,1.0 121,1.0 123,2.0 133,1.0 
0,1.0 24,1.0 73,1.0 86,1.0 120,1.0 121,1.0 122,2.0 134,1.0 
5,1.0 37,1.0 125,1.0 
5,1.0 37,1.0 124,1.0 127,1.0 
4,3.0 17,1.0 87,1.0 126,1.0 127,1.0 128,1.0 146,3.0 162,1.0 168,1.0 172,3.0 186,3.0 237,1.0 244,2.0 
13,1.0 87,1.0 126,1.0 128,1.0 277,1.0 278,1.0 
0,1.0 40,1.0 64,1.0 87,1.0 
21,1.0 57,1.0 84,1.0 99,1.0 
16,1.0 21,1.0 65,1.0 
132,1.0 133,1.0 134,1.0 
131,1.0 133,1.0 134,1.0 
0,1.0 122,1.0 123,1.0 134,1.0 322,1.0 
0,1.0 3,1.0 16,1.0 122,1.0 123,1.0 133,1.0 266,1.0 267,1.0 
16,1.0 66,1.0 106,1.0 
73,1.0 
98,1.0 138,1.0 139,1.0 
0,2.0 11,2.0 98,1.0 137,1.0 139,1.0 140,2.0 146,2.0 172,2.0 197,2.0 198,1.0 199,1.0 200,2.0 236,1.0 
16,1.0 24,1.0 
0,2.0 3,3.0 11,2.0 41,1.0 49,2.0 138,2.0 141,1.0 142,3.0 143,1.0 146,2.0 150,1.0 151,1.0 162,3.0 163,1.0 172,2.0 197,2.0 198,1.0 199,1.0 200,2.0 201,2.0 226,2.0 236,1.0 
0,2.0 1,2.0 9,3.0 49,1.0 77,1.0 140,1.0 142,1.0 143,1.0 146,2.0 153,2.0 172,2.0 177,3.0 182,1.0 183,1.0 186,1.0 187,1.0 
0,2.0 1,2.0 3,2.0 5,2.0 7,2.0 49,3.0 66,1.0 140,1.0 141,1.0 143,1.0 162,2.0 164,2.0 201,4.0 203,1.0 226,2.0 285,1.0 
97,1.0 
11,1.0 41,1.0 108,1.0 145,1.0 146,1.0 283,1.0 294,1.0 295,1.0 296,1.0 302,1.0 303,1.0 304,1.0 
3,1.0 108,1.0 144,1.0 146,1.0 272,1.0 
0,9.0 1,21.0 2,13.0 3,3.0 4,9.0 11,2.0 41,3.0 98,7.0 108,1.0 126,3.0 144,1.0 145,1.0 146,9.0 150,3.0 151,3.0 152,3.0 153,21.0 154,6.0 155,8.0 162,8.0 168,1.0 172,20.0 186,3.0 200,2.0 201,2.0 202,2.0 233,1.0 237,1.0 244,2.0 
2,4.0 16,1.0 30,1.0 41,2.0 77,2.0 97,1.0 151,2.0 152,2.0 160,2.0 184,2.0 185,2.0 
36,1.0 66,1.0 
2,1.0 3,2.0 41,1.0 146,1.0 150,1.0 151,1.0 152,1.0 
1,4.0 2,3.0 3,2.0 4,3.0 8,1.0 15,5.0 28,1.0 40,1.0 41,5.0 64,1.0 66,1.0 77,1.0 98,3.0 146,6.0 151,5.0 152,3.0 153,3.0 154,3.0 160,1.0 162,1.0 163,1.0 164,1.0 167,1.0 169,1.0 176,1.0 230,2.0 288,1.0 296,1.0 309,1.0 317,1.0 
0,4.0 1,11.0 2,11.0 3,6.0 4,9.0 5,2.0 33,2.0 41,20.0 45,2.0 54,1.0 77,12.0 96,2.0 98,3.0 101,1.0 118,1.0 146,6.0 150,4.0 151,5.0 152,11.0 153,3.0 154,5.0 158,1.0 160,8.0 162,5.0 163,1.0 164,8.0 167,1.0 181,2.0 182,2.0 183,2.0 186,4.0 187,2.0 203,2.0 204,2.0 205,2.0 206,2.0 262,1.0 
1,5.0 2,7.0 3,3.0 4,5.0 33,2.0 41,9.0 77,4.0 96,2.0 98,3.0 146,6.0 150,3.0 151,11.0 153,3.0 154,3.0 160,7.0 162,2.0 164,2.0 174,3.0 175,3.0 176,3.0 186,2.0 187,2.0 203,2.0 204,2.0 205,2.0 206,2.0 
0,6.0 1,19.0 2,10.0 4,3.0 35,1.0 76,1.0 98,3.0 146,18.0 153,5.0 154,3.0 155,8.0 162,6.0 172,16.0 253,1.0 274,1.0 291,1.0 305,1.0 
0,2.0 1,5.0 4,3.0 8,2.0 77,2.0 95,2.0 98,5.0 146,3.0 153,3.0 155,3.0 186,2.0 188,2.0 189,2.0 190,2.0 191,2.0 210,2.0 
156,8.0 
157,8.0 
158,8.0 
159,3.0 165,1.0 173,5.0 
21,4.0 160,3.0 167,5.0 210,1.0 
0,2.0 1,5.0 2,4.0 4,2.0 8,2.0 11,2.0 35,2.0 41,7.0 77,7.0 151,7.0 152,7.0 154,2.0 158,1.0 161,3.0 164,3.0 174,3.0 175,3.0 176,3.0 186,4.0 187,2.0 203,2.0 213,2.0 214,2.0 215,2.0 216,2.0 217,2.0 
140,3.0 
0,8.0 1,11.0 2,10.0 3,9.0 4,4.0 5,2.0 7,2.0 11,2.0 17,1.0 41,8.0 49,3.0 77,4.0 126,1.0 142,2.0 146,8.0 150,3.0 151,8.0 152,4.0 153,6.0 155,2.0 160,5.0 162,2.0 163,1.0 164,5.0 169,1.0 172,6.0 182,3.0 183,3.0 186,1.0 201,6.0 202,2.0 213,1.0 226,2.0 227,1.0 241,1.0 242,1.0 
1,1.0 3,1.0 5,2.0 33,2.0 41,2.0 72,2.0 77,1.0 117,2.0 150,1.0 151,2.0 160,1.0 162,1.0 164,1.0 178,2.0 
0,4.0 1,7.0 2,2.0 3,2.0 4,4.0 5,2.0 7,2.0 41,7.0 77,7.0 151,7.0 152,2.0 154,2.0 158,1.0 160,3.0 162,2.0 166,2.0 186,2.0 201,2.0 
166,1.0 193,1.0 229,1.0 
167,1.0 227,2.0 
1,5.0 4,1.0 8,1.0 13,1.0 15,3.0 16,3.0 19,1.0 21,1.0 54,1.0 69,2.0 118,2.0 150,1.0 173,2.0 193,4.0 210,18.0 245,1.0 261,1.0 262,1.0 269,1.0 316,2.0 
4,2.0 126,2.0 146,2.0 169,1.0 172,2.0 186,2.0 244,1.0 
8,1.0 15,1.0 99,1.0 150,1.0 170,1.0 176,2.0 230,1.0 242,1.0 
4,1.0 
0,1.0 1,1.0 4,2.0 41,2.0 77,2.0 110,1.0 146,1.0 151,2.0 153,1.0 164,2.0 172,1.0 179,4.0 180,2.0 207,2.0 208,2.0 209,2.0 262,1.0 318,1.0 
0,10.0 1,16.0 2,10.0 3,2.0 4,3.0 11,2.0 126,3.0 146,20.0 153,16.0 155,5.0 162,8.0 168,1.0 172,6.0 186,3.0 200,2.0 201,2.0 202,2.0 237,1.0 244,2.0 253,1.0 
33,2.0 49,4.0 69,1.0 152,3.0 160,3.0 167,2.0 174,3.0 178,2.0 182,2.0 186,4.0 192,2.0 207,3.0 218,4.0 219,2.0 220,2.0 316,2.0 
152,3.0 160,3.0 175,3.0 176,3.0 
9,3.0 141,3.0 176,3.0 177,3.0 208,1.0 
3,1.0 9,3.0 15,1.0 16,1.0 141,3.0 150,1.0 169,1.0 175,3.0 177,3.0 230,1.0 248,1.0 
0,2.0 1,2.0 9,3.0 49,1.0 77,1.0 110,1.0 141,3.0 146,2.0 153,2.0 172,2.0 182,1.0 183,1.0 186,1.0 187,1.0 255,1.0 256,1.0 257,1.0 258,1.0 326,1.0 327,1.0 328,1.0 329,1.0 330,1.0 331,1.0 
31,2.0 33,4.0 34,1.0 72,2.0 171,2.0 179,2.0 194,2.0 
4,2.0 40,1.0 41,2.0 77,2.0 151,2.0 164,2.0 171,4.0 175,1.0 180,2.0 189,1.0 207,2.0 208,2.0 209,2.0 215,1.0 
41,2.0 151,2.0 181,2.0 
0,2.0 2,2.0 5,2.0 41,2.0 45,2.0 151,2.0 182,2.0 183,2.0 
0,4.0 2,6.0 3,2.0 4,2.0 5,2.0 41,4.0 45,2.0 49,5.0 77,3.0 146,2.0 147,2.0 150,2.0 151,2.0 152,2.0 162,4.0 173,2.0 182,1.0 183,7.0 184,2.0 185,2.0 186,5.0 187,1.0 218,2.0 220,2.0 227,1.0 
0,4.0 2,6.0 3,2.0 4,2.0 5,2.0 41,4.0 45,2.0 49,3.0 77,3.0 146,2.0 147,2.0 150,2.0 151,2.0 152,2.0 162,4.0 182,7.0 183,1.0 184,2.0 185,2.0 186,3.0 187,1.0 227,1.0 
2,4.0 21,1.0 41,2.0 77,2.0 147,2.0 151,2.0 152,2.0 160,2.0 185,2.0 230,2.0 247,1.0 248,1.0 310,1.0 311,1.0 
2,4.0 41,2.0 77,2.0 147,2.0 151,2.0 152,2.0 160,2.0 184,2.0 
0,2.0 1,2.0 4,3.0 8,2.0 35,2.0 41,2.0 49,7.0 77,5.0 98,2.0 126,3.0 146,3.0 154,4.0 162,2.0 168,1.0 172,3.0 182,3.0 183,3.0 186,2.0 187,3.0 188,2.0 210,2.0 215,2.0 216,2.0 219,2.0 220,2.0 221,2.0 222,2.0 223,2.0 227,1.0 237,1.0 244,2.0 
41,2.0 49,2.0 77,2.0 98,2.0 154,2.0 162,1.0 182,2.0 183,2.0 186,4.0 188,2.0 
8,2.0 95,2.0 98,2.0 154,2.0 189,2.0 190,2.0 191,2.0 285,1.0 
4,1.0 8,2.0 40,1.0 95,2.0 126,1.0 146,1.0 168,1.0 172,1.0 186,1.0 190,2.0 191,2.0 192,2.0 193,2.0 194,2.0 195,2.0 196,2.0 215,1.0 245,1.0 246,1.0 
8,2.0 95,2.0 189,2.0 191,2.0 192,2.0 193,2.0 194,2.0 195,2.0 196,2.0 
8,2.0 95,2.0 189,2.0 190,2.0 192,2.0 193,2.0 194,2.0 195,2.0 196,2.0 
49,2.0 98,1.0 138,1.0 140,1.0 146,1.0 173,2.0 186,2.0 193,2.0 194,2.0 195,2.0 196,2.0 197,1.0 198,1.0 199,1.0 218,2.0 219,2.0 
1,3.0 15,2.0 16,3.0 21,1.0 98,1.0 138,1.0 140,1.0 146,1.0 171,1.0 173,1.0 184,1.0 192,2.0 194,2.0 195,2.0 196,2.0 197,1.0 198,1.0 199,1.0 207,19.0 
31,2.0 41,2.0 98,1.0 138,1.0 140,1.0 146,1.0 160,2.0 192,2.0 193,2.0 195,2.0 196,2.0 197,1.0 198,1.0 199,1.0 213,2.0 214,2.0 
98,1.0 138,1.0 140,1.0 146,1.0 192,2.0 193,2.0 194,2.0 196,2.0 197,1.0 198,1.0 199,1.0 
98,1.0 138,1.0 140,1.0 146,1.0 192,2.0 193,2.0 194,2.0 195,2.0 197,1.0 198,1.0 199,1.0 
0,2.0 4,1.0 11,2.0 43,1.0 110,1.0 138,2.0 140,2.0 146,2.0 172,2.0 198,1.0 199,2.0 200,2.0 236,1.0 254,1.0 
0,1.0 11,1.0 138,1.0 140,1.0 146,1.0 172,1.0 197,1.0 199,1.0 200,1.0 
0,1.0 4,1.0 11,1.0 43,1.0 110,1.0 138,1.0 140,1.0 146,1.0 172,1.0 197,2.0 198,1.0 200,1.0 254,1.0 
0,4.0 3,2.0 11,2.0 146,2.0 162,2.0 172,2.0 201,2.0 202,2.0 
0,6.0 1,4.0 2,2.0 3,4.0 5,4.0 7,4.0 11,2.0 49,2.0 142,2.0 160,2.0 162,4.0 164,4.0 166,2.0 201,2.0 202,2.0 226,2.0 
0,2.0 2,2.0 3,2.0 11,2.0 160,2.0 162,2.0 201,2.0 
0,2.0 3,6.0 4,2.0 16,3.0 26,1.0 29,1.0 30,2.0 33,2.0 96,2.0 110,1.0 142,2.0 151,2.0 152,2.0 162,2.0 176,1.0 182,2.0 183,2.0 188,1.0 203,1.0 204,2.0 205,2.0 206,2.0 224,2.0 225,2.0 279,24.0 280,1.0 285,1.0 
33,2.0 96,2.0 171,2.0 179,2.0 205,2.0 206,2.0 207,2.0 208,2.0 209,2.0 
32,1.0 33,2.0 96,2.0 171,2.0 177,1.0 179,2.0 204,2.0 206,3.0 207,2.0 208,2.0 209,2.0 325,1.0 326,1.0 327,1.0 328,1.0 329,1.0 330,1.0 331,1.0 
33,2.0 96,2.0 171,2.0 177,1.0 179,2.0 204,2.0 205,3.0 207,2.0 208,2.0 209,2.0 325,1.0 326,1.0 327,1.0 328,1.0 329,1.0 330,1.0 331,1.0 
1,2.0 4,2.0 15,1.0 16,3.0 41,2.0 69,1.0 77,2.0 97,1.0 151,2.0 164,2.0 171,2.0 173,3.0 179,3.0 193,16.0 207,2.0 208,2.0 209,2.0 210,1.0 
4,2.0 41,2.0 77,2.0 151,2.0 164,2.0 171,2.0 179,2.0 207,2.0 209,2.0 250,1.0 
4,2.0 41,2.0 77,2.0 151,2.0 164,2.0 171,2.0 179,2.0 207,2.0 208,2.0 252,1.0 
1,3.0 13,2.0 15,2.0 16,3.0 21,1.0 167,19.0 211,1.0 269,1.0 
212,2.0 237,1.0 
5,2.0 117,2.0 163,2.0 
8,2.0 35,2.0 41,2.0 160,2.0 162,1.0 169,1.0 214,2.0 215,2.0 216,2.0 217,2.0 241,1.0 242,1.0 
8,2.0 35,2.0 41,2.0 160,2.0 213,2.0 215,2.0 216,2.0 217,2.0 
4,1.0 8,4.0 35,4.0 40,1.0 126,1.0 146,1.0 168,1.0 172,1.0 173,4.0 182,2.0 186,1.0 189,1.0 192,2.0 216,4.0 217,2.0 218,4.0 265,1.0 266,1.0 
8,4.0 35,4.0 173,4.0 182,2.0 192,2.0 215,4.0 217,2.0 218,4.0 
8,2.0 35,2.0 173,2.0 192,2.0 215,2.0 216,2.0 218,2.0 
22,1.0 49,4.0 69,1.0 173,4.0 182,2.0 186,4.0 192,2.0 219,2.0 220,2.0 
8,2.0 35,2.0 49,2.0 186,2.0 215,2.0 216,2.0 
49,2.0 186,2.0 221,2.0 222,2.0 223,2.0 
203,2.0 222,2.0 223,2.0 224,2.0 225,2.0 
110,1.0 177,1.0 203,2.0 221,2.0 223,2.0 224,2.0 225,2.0 255,1.0 256,1.0 257,1.0 
203,2.0 221,2.0 222,2.0 224,2.0 225,2.0 
0,2.0 3,2.0 4,2.0 162,2.0 182,2.0 183,2.0 203,2.0 225,2.0 
0,2.0 3,2.0 4,2.0 162,2.0 182,2.0 183,2.0 203,2.0 224,2.0 
0,2.0 1,2.0 3,2.0 5,2.0 7,2.0 49,2.0 142,2.0 162,2.0 164,2.0 201,4.0 
16,1.0 159,1.0 228,2.0 
165,2.0 
81,1.0 
15,2.0 150,2.0 169,1.0 176,1.0 231,2.0 317,1.0 
11,1.0 16,3.0 21,2.0 23,2.0 28,2.0 33,1.0 57,1.0 58,1.0 159,2.0 232,2.0 
17,1.0 66,1.0 112,2.0 
234,1.0 235,1.0 
233,1.0 
138,1.0 140,1.0 197,1.0 236,1.0 
0,1.0 11,1.0 138,1.0 140,1.0 146,1.0 172,1.0 197,1.0 200,1.0 
127,1.0 238,1.0 
239,1.0 
23,1.0 102,1.0 209,1.0 
162,1.0 213,1.0 241,1.0 
162,1.0 169,1.0 213,1.0 242,1.0 
99,1.0 169,1.0 
179,1.0 
4,1.0 126,1.0 146,1.0 172,1.0 186,1.0 237,1.0 
49,1.0 96,1.0 118,1.0 246,1.0 
49,1.0 245,1.0 
184,1.0 248,1.0 
207,1.0 249,1.0 
8,1.0 169,1.0 
251,1.0 
239,1.0 
0,1.0 1,1.0 153,1.0 172,1.0 
43,1.0 110,1.0 197,1.0 199,1.0 254,1.0 
4,1.0 43,1.0 110,1.0 197,1.0 199,1.0 
110,1.0 177,1.0 256,1.0 257,1.0 258,1.0 
110,1.0 177,1.0 255,1.0 257,1.0 258,1.0 
110,1.0 177,1.0 255,1.0 256,1.0 258,1.0 
259,1.0 
260,1.0 
37,1.0 
1,1.0 4,1.0 19,1.0 167,1.0 205,1.0 206,1.0 324,1.0 325,1.0 
54,1.0 110,1.0 118,2.0 167,1.0 245,1.0 
112,1.0 
17,1.0 
17,1.0 22,1.0 26,1.0 215,1.0 266,1.0 
3,1.0 27,1.0 134,1.0 267,1.0 268,2.0 
3,1.0 54,1.0 268,1.0 319,1.0 
134,1.0 266,3.0 
16,1.0 24,1.0 56,1.0 76,1.0 167,1.0 210,1.0 
3,1.0 15,1.0 28,1.0 
26,1.0 32,1.0 
89,1.0 
68,1.0 
26,2.0 305,1.0 
5,1.0 112,1.0 
3,1.0 5,1.0 16,1.0 59,1.0 
125,1.0 
279,1.0 
3,3.0 16,1.0 26,1.0 29,2.0 30,3.0 203,25.0 280,1.0 
3,1.0 176,1.0 203,1.0 
3,1.0 24,1.0 
1,1.0 15,1.0 
11,1.0 98,1.0 144,1.0 269,1.0 302,1.0 303,1.0 304,1.0 
8,1.0 41,1.0 51,1.0 203,1.0 306,1.0 307,1.0 
108,1.0 269,1.0 
1,1.0 59,1.0 287,1.0 288,1.0 
1,1.0 59,1.0 286,1.0 288,1.0 
1,1.0 40,1.0 59,1.0 64,1.0 150,1.0 286,1.0 287,1.0 296,1.0 309,1.0 
3,1.0 290,1.0 291,1.0 292,1.0 
3,1.0 289,1.0 291,1.0 292,1.0 
3,1.0 153,1.0 274,1.0 289,1.0 290,1.0 292,1.0 305,1.0 
29,1.0 
41,1.0 144,1.0 294,1.0 295,1.0 
41,1.0 144,1.0 295,1.0 296,1.0 
41,1.0 144,1.0 294,1.0 296,1.0 
16,1.0 26,1.0 309,1.0 
41,1.0 298,1.0 299,1.0 300,1.0 301,1.0 
41,1.0 297,1.0 299,1.0 300,1.0 301,1.0 
41,1.0 297,1.0 298,1.0 300,1.0 301,1.0 
26,1.0 301,1.0 
26,1.0 300,1.0 
11,1.0 144,1.0 283,1.0 303,1.0 304,1.0 
26,1.0 304,1.0 
26,1.0 303,1.0 
26,1.0 274,1.0 
8,1.0 41,1.0 51,1.0 284,1.0 307,1.0 
1,1.0 8,1.0 15,1.0 41,1.0 51,1.0 121,1.0 
108,1.0 121,1.0 
16,1.0 296,1.0 
21,1.0 184,1.0 311,1.0 
21,1.0 184,1.0 310,1.0 
1,1.0 96,1.0 
27,1.0 30,1.0 
1,1.0 69,1.0 108,1.0 
10,1.0 16,1.0 21,1.0 
167,2.0 173,2.0 
15,1.0 150,1.0 230,1.0 
110,1.0 203,1.0 
21,1.0 
321,1.0 
120,1.0 
323,1.0 
261,1.0 324,1.0 
205,1.0 206,1.0 261,1.0 325,1.0 
177,1.0 205,1.0 206,1.0 326,1.0 327,1.0 328,1.0 329,1.0 330,1.0 331,1.0 
177,1.0 327,1.0 328,1.0 329,1.0 330,1.0 331,1.0 
177,1.0 326,1.0 328,1.0 329,1.0 330,1.0 331,1.0 
177,1.0 326,1.0 327,1.0 329,1.0 330,1.0 331,1.0 
177,1.0 326,1.0 327,1.0 328,1.0 330,1.0 331,1.0 
177,1.0 326,1.0 327,1.0 328,1.0 329,1.0 331,1.0 
177,1.0 326,1.0 327,1.0 328,1.0 329,1.0 330,1.0 
