1,5.0 2,11.0 3,12.0 4,12.0 5,11.0 19,10.0 37,3.0 38,1.0 39,1.0 40,1.0 41,1.0 52,2.0 85,4.0 87,1.0 94,2.0 229,1.0 
0,5.0 2,5.0 3,6.0 4,5.0 5,5.0 15,1.0 21,1.0 54,1.0 103,1.0 108,1.0 129,1.0 130,1.0 150,1.0 177,1.0 
3,20.0 4,21.0 5,12.0 6,11.0 7,11.0 8,2.0 9,1.0 13,2.0 27,2.0 30,4.0 31,1.0 32,2.0 42,1.0 48,3.0 53,4.0 57,1.0 62,2.0 63,1.0 73,2.0 77,1.0 79,1.0 86,3.0 87,3.0 88,1.0 92,2.0 94,1.0 103,1.0 107,1.0 122,1.0 155,1.0 175,1.0 192,1.0 220,1.0 221,1.0 224,1.0 232,1.0 
0,11.0 1,1.0 2,20.0 4,27.0 5,13.0 6,15.0 7,11.0 8,2.0 9,12.0 10,4.0 12,2.0 13,5.0 15,12.0 16,6.0 18,15.0 19,10.0 20,1.0 21,4.0 29,7.0 30,4.0 31,1.0 32,1.0 33,1.0 34,1.0 35,4.0 36,2.0 38,1.0 39,5.0 41,2.0 42,3.0 43,2.0 45,3.0 48,3.0 49,3.0 50,3.0 51,2.0 53,5.0 63,1.0 64,2.0 65,4.0 66,2.0 67,2.0 71,2.0 72,2.0 85,1.0 86,3.0 87,5.0 88,2.0 90,2.0 91,1.0 92,1.0 218,1.0 220,1.0 221,1.0 223,1.0 229,1.0 230,1.0 232,1.0 
0,1.0 2,23.0 3,27.0 5,11.0 6,11.0 7,11.0 8,7.0 10,7.0 12,2.0 13,2.0 15,2.0 16,2.0 20,1.0 21,2.0 27,3.0 29,1.0 30,4.0 31,1.0 32,1.0 38,1.0 39,3.0 45,2.0 48,3.0 53,2.0 61,2.0 64,2.0 72,2.0 73,2.0 86,3.0 87,4.0 88,1.0 92,3.0 94,1.0 95,2.0 98,1.0 175,1.0 229,1.0 
2,11.0 3,13.0 4,13.0 6,11.0 7,11.0 15,2.0 29,2.0 32,3.0 39,1.0 57,2.0 59,1.0 72,2.0 75,2.0 77,1.0 78,2.0 79,1.0 80,1.0 103,3.0 104,1.0 108,1.0 114,2.0 122,1.0 123,1.0 128,1.0 176,1.0 193,1.0 
7,11.0 8,11.0 9,11.0 10,11.0 11,11.0 26,2.0 66,2.0 67,2.0 68,2.0 89,3.0 90,3.0 
6,11.0 8,11.0 9,11.0 10,11.0 11,11.0 
2,2.0 3,2.0 4,7.0 9,14.0 10,19.0 11,13.0 12,11.0 13,7.0 15,2.0 20,1.0 21,2.0 27,2.0 29,2.0 39,2.0 41,2.0 45,2.0 61,2.0 62,2.0 88,3.0 92,5.0 95,2.0 98,1.0 
0,10.0 2,1.0 3,12.0 5,2.0 8,14.0 10,14.0 11,11.0 12,11.0 13,7.0 18,12.0 19,10.0 27,1.0 29,2.0 53,1.0 71,2.0 88,3.0 92,4.0 107,1.0 174,1.0 228,1.0 
3,4.0 4,7.0 8,19.0 9,14.0 11,11.0 12,13.0 13,7.0 20,1.0 21,2.0 39,2.0 45,2.0 64,2.0 88,3.0 92,5.0 95,2.0 98,1.0 
2,2.0 4,2.0 8,13.0 9,11.0 10,11.0 12,11.0 13,9.0 29,4.0 39,2.0 41,2.0 53,2.0 108,1.0 122,1.0 177,1.0 
1,1.0 3,5.0 4,2.0 10,2.0 13,7.0 14,7.0 15,1.0 39,4.0 44,3.0 53,2.0 64,2.0 65,2.0 89,3.0 93,3.0 
0,1.0 1,1.0 2,2.0 3,5.0 4,2.0 12,7.0 13,1.0 14,7.0 15,5.0 16,5.0 20,1.0 26,1.0 27,1.0 28,1.0 34,2.0 35,1.0 53,2.0 73,2.0 83,2.0 84,2.0 135,1.0 136,1.0 137,1.0 138,1.0 
3,7.0 4,1.0 8,1.0 10,1.0 13,5.0 15,7.0 36,1.0 42,2.0 68,1.0 98,1.0 99,1.0 125,1.0 139,1.0 140,1.0 
1,1.0 3,12.0 4,2.0 13,5.0 16,6.0 20,1.0 21,2.0 27,2.0 41,2.0 42,2.0 43,2.0 45,1.0 63,2.0 72,2.0 87,1.0 218,1.0 
11,2.0 17,8.0 29,3.0 203,1.0 
3,10.0 9,10.0 18,10.0 
0,10.0 3,15.0 5,2.0 6,2.0 9,12.0 19,10.0 29,2.0 53,2.0 63,1.0 65,2.0 67,2.0 71,2.0 85,1.0 223,1.0 
0,10.0 2,6.0 3,6.0 4,6.0 5,6.0 85,3.0 87,1.0 
16,2.0 102,1.0 
22,1.0 26,1.0 27,1.0 28,1.0 46,4.0 
23,15.0 24,4.0 25,1.0 43,1.0 
13,1.0 22,16.0 23,2.0 24,4.0 25,3.0 26,2.0 27,2.0 28,2.0 45,1.0 67,4.0 96,2.0 
22,4.0 23,4.0 86,1.0 90,1.0 92,1.0 222,1.0 223,2.0 224,1.0 226,1.0 
13,1.0 23,2.0 26,2.0 27,2.0 28,2.0 161,1.0 162,1.0 
3,2.0 13,1.0 16,1.0 18,2.0 21,1.0 22,1.0 23,1.0 27,4.0 28,4.0 46,1.0 53,2.0 65,2.0 96,1.0 101,1.0 
2,4.0 4,3.0 8,2.0 9,1.0 12,2.0 13,1.0 16,1.0 21,1.0 22,1.0 23,1.0 26,4.0 28,4.0 41,2.0 46,1.0 61,2.0 63,3.0 92,1.0 94,1.0 96,1.0 101,1.0 174,1.0 175,1.0 224,1.0 228,1.0 
13,1.0 16,1.0 21,1.0 22,1.0 23,1.0 26,4.0 27,4.0 46,1.0 96,1.0 101,1.0 
2,6.0 3,11.0 4,9.0 5,2.0 8,2.0 11,4.0 13,2.0 15,2.0 30,4.0 33,1.0 34,1.0 35,4.0 36,2.0 39,2.0 41,2.0 49,3.0 50,3.0 51,2.0 53,2.0 72,2.0 87,1.0 89,1.0 91,1.0 94,1.0 225,1.0 226,1.0 229,2.0 
2,4.0 3,4.0 4,4.0 31,1.0 32,1.0 48,3.0 
3,6.0 9,2.0 18,2.0 29,4.0 32,4.0 33,1.0 34,1.0 35,4.0 49,3.0 50,3.0 71,2.0 230,1.0 231,1.0 
3,4.0 5,3.0 29,4.0 31,4.0 33,1.0 34,1.0 35,4.0 39,1.0 49,3.0 50,3.0 53,2.0 54,2.0 55,2.0 56,2.0 57,4.0 58,2.0 59,2.0 74,2.0 75,3.0 76,2.0 77,2.0 78,1.0 79,1.0 103,3.0 104,1.0 114,1.0 193,1.0 
3,1.0 29,1.0 34,1.0 35,1.0 36,1.0 
0,2.0 1,2.0 3,1.0 13,1.0 29,1.0 33,1.0 35,1.0 36,1.0 39,1.0 83,2.0 84,2.0 
3,4.0 13,1.0 23,4.0 29,4.0 33,1.0 34,1.0 36,2.0 49,3.0 50,3.0 51,2.0 80,1.0 131,1.0 132,1.0 133,1.0 135,1.0 136,1.0 137,2.0 138,1.0 160,2.0 163,1.0 164,2.0 165,2.0 169,1.0 
0,1.0 14,1.0 37,1.0 57,1.0 68,1.0 75,1.0 78,1.0 103,1.0 125,1.0 139,1.0 140,1.0 204,1.0 205,1.0 
0,3.0 3,1.0 4,1.0 38,1.0 52,2.0 
0,1.0 3,1.0 4,1.0 5,1.0 39,1.0 54,1.0 59,1.0 75,1.0 80,1.0 91,1.0 108,2.0 119,3.0 121,1.0 122,2.0 128,1.0 163,1.0 170,2.0 172,1.0 185,1.0 239,1.0 249,1.0 250,1.0 
0,2.0 1,1.0 3,4.0 5,1.0 6,2.0 8,2.0 11,2.0 12,2.0 29,2.0 32,1.0 34,2.0 39,3.0 40,1.0 41,3.0 53,4.0 56,1.0 57,2.0 59,1.0 65,4.0 66,2.0 75,4.0 78,1.0 80,2.0 83,2.0 84,2.0 103,2.0 104,1.0 106,1.0 114,1.0 123,1.0 134,2.0 141,2.0 142,4.0 143,2.0 229,1.0 
0,1.0 1,1.0 41,1.0 
0,1.0 1,1.0 3,2.0 8,2.0 11,2.0 12,2.0 27,2.0 29,2.0 39,2.0 40,1.0 63,2.0 90,2.0 91,1.0 230,1.0 
2,1.0 3,3.0 15,2.0 43,2.0 53,2.0 65,2.0 69,2.0 70,2.0 220,1.0 221,1.0 
16,2.0 47,1.0 
3,3.0 4,2.0 8,2.0 10,2.0 15,1.0 45,3.0 
3,3.0 4,2.0 8,2.0 10,2.0 15,1.0 21,4.0 26,1.0 27,1.0 28,1.0 
23,3.0 98,1.0 
29,1.0 
31,3.0 32,3.0 
2,1.0 3,3.0 29,3.0 35,3.0 36,1.0 50,3.0 51,2.0 122,1.0 155,1.0 191,1.0 192,1.0 
3,3.0 29,3.0 35,3.0 36,1.0 49,3.0 51,2.0 
0,2.0 37,2.0 
32,2.0 53,2.0 
2,4.0 3,5.0 4,2.0 6,4.0 9,1.0 13,2.0 18,2.0 31,2.0 32,2.0 39,2.0 54,2.0 55,2.0 65,6.0 66,2.0 67,2.0 69,2.0 70,2.0 73,2.0 86,1.0 88,1.0 92,1.0 107,1.0 219,1.0 232,1.0 
5,1.0 32,2.0 35,1.0 38,1.0 39,1.0 55,2.0 56,3.0 57,2.0 58,2.0 59,1.0 80,1.0 103,1.0 121,1.0 130,2.0 131,1.0 132,1.0 150,1.0 
32,2.0 54,2.0 56,2.0 57,2.0 58,2.0 
32,2.0 39,1.0 57,5.0 58,2.0 59,2.0 75,1.0 103,1.0 142,1.0 210,1.0 212,1.0 
5,2.0 32,4.0 39,2.0 56,4.0 58,2.0 59,2.0 75,4.0 77,1.0 78,2.0 79,2.0 80,1.0 103,2.0 104,1.0 114,1.0 134,1.0 141,1.0 142,3.0 193,1.0 209,3.0 210,1.0 212,1.0 228,2.0 229,1.0 
32,2.0 35,2.0 56,2.0 57,2.0 59,2.0 75,2.0 134,1.0 142,1.0 
5,1.0 32,2.0 39,1.0 60,2.0 74,2.0 78,1.0 80,1.0 103,2.0 106,1.0 114,1.0 122,1.0 178,1.0 
4,2.0 8,2.0 27,2.0 61,2.0 
2,2.0 4,2.0 8,2.0 27,2.0 
8,2.0 15,2.0 
2,1.0 3,1.0 12,2.0 18,1.0 27,3.0 41,2.0 85,1.0 92,1.0 223,1.0 224,1.0 
3,2.0 4,2.0 10,2.0 12,2.0 39,2.0 
3,4.0 6,4.0 18,2.0 31,2.0 39,2.0 53,6.0 66,2.0 67,2.0 69,2.0 70,2.0 
6,2.0 26,2.0 
6,2.0 68,6.0 74,4.0 
14,1.0 36,2.0 42,2.0 73,1.0 74,4.0 77,2.0 78,2.0 79,4.0 125,1.0 139,1.0 140,1.0 
31,2.0 53,2.0 65,2.0 70,2.0 
31,2.0 53,2.0 65,2.0 69,2.0 
3,2.0 5,2.0 9,2.0 18,2.0 29,2.0 
3,2.0 4,2.0 15,2.0 16,2.0 
59,2.0 99,1.0 
32,2.0 58,2.0 68,4.0 74,1.0 75,4.0 76,2.0 77,2.0 78,2.0 79,4.0 80,2.0 82,1.0 257,1.0 258,1.0 261,1.0 262,1.0 263,1.0 264,3.0 265,1.0 266,3.0 267,1.0 268,2.0 269,2.0 270,2.0 271,2.0 272,1.0 273,1.0 274,1.0 
5,2.0 32,1.0 35,4.0 38,1.0 39,4.0 57,2.0 58,3.0 75,1.0 76,2.0 78,3.0 80,3.0 87,1.0 103,3.0 104,2.0 110,1.0 111,1.0 112,1.0 114,1.0 119,2.0 128,1.0 134,4.0 141,3.0 142,4.0 143,2.0 172,1.0 173,1.0 174,1.0 214,1.0 
35,2.0 75,2.0 111,1.0 235,1.0 
5,1.0 13,1.0 32,1.0 35,1.0 57,1.0 78,2.0 79,3.0 80,2.0 103,2.0 134,1.0 135,1.0 193,1.0 215,1.0 
5,2.0 32,2.0 39,2.0 57,2.0 75,4.0 77,2.0 78,1.0 79,2.0 80,2.0 88,1.0 93,1.0 103,4.0 104,2.0 122,1.0 209,1.0 214,1.0 
5,1.0 32,1.0 57,2.0 77,3.0 78,2.0 80,4.0 81,2.0 82,2.0 103,1.0 193,1.0 228,1.0 
5,1.0 13,1.0 39,3.0 58,2.0 59,1.0 74,4.0 75,4.0 78,1.0 80,3.0 81,2.0 82,2.0 103,1.0 106,1.0 116,1.0 122,1.0 134,2.0 141,2.0 142,2.0 143,2.0 
13,1.0 39,1.0 80,2.0 82,2.0 
13,1.0 39,1.0 74,2.0 80,2.0 81,2.0 263,1.0 264,2.0 265,1.0 266,2.0 267,1.0 268,1.0 269,1.0 270,1.0 271,1.0 
0,2.0 1,2.0 13,1.0 34,2.0 39,1.0 84,2.0 
0,2.0 1,2.0 13,1.0 34,2.0 39,1.0 83,2.0 
0,1.0 2,3.0 3,3.0 4,3.0 86,3.0 92,1.0 94,1.0 221,1.0 
2,3.0 3,3.0 4,3.0 24,2.0 53,1.0 87,3.0 92,1.0 174,1.0 219,1.0 221,1.0 223,2.0 
3,2.0 4,1.0 15,1.0 29,2.0 88,3.0 90,1.0 91,1.0 106,1.0 123,1.0 147,1.0 172,1.0 218,1.0 219,1.0 221,4.0 227,1.0 229,2.0 231,1.0 238,1.0 
2,1.0 3,3.0 4,1.0 6,3.0 8,3.0 9,3.0 10,3.0 18,1.0 53,1.0 63,1.0 89,3.0 92,6.0 134,1.0 163,1.0 171,1.0 174,1.0 223,1.0 226,1.0 232,2.0 
6,3.0 90,4.0 94,2.0 99,1.0 161,1.0 179,1.0 
3,1.0 24,1.0 41,1.0 91,4.0 92,1.0 226,1.0 230,2.0 232,2.0 
3,2.0 4,1.0 8,3.0 9,3.0 10,3.0 12,3.0 29,1.0 31,1.0 41,1.0 78,1.0 87,3.0 88,4.0 89,1.0 90,1.0 93,3.0 106,1.0 110,1.0 112,1.0 116,1.0 230,1.0 231,1.0 232,1.0 236,1.0 
2,2.0 9,1.0 17,2.0 24,1.0 27,1.0 53,1.0 63,1.0 86,1.0 87,1.0 88,2.0 91,4.0 107,1.0 108,1.0 114,1.0 115,1.0 124,1.0 134,1.0 163,1.0 171,1.0 224,1.0 231,1.0 233,1.0 
5,1.0 12,3.0 89,5.0 93,1.0 106,4.0 134,1.0 150,1.0 179,1.0 211,1.0 229,4.0 
0,1.0 2,1.0 4,3.0 8,2.0 10,2.0 27,1.0 57,1.0 79,1.0 88,1.0 91,1.0 95,2.0 107,1.0 175,1.0 229,1.0 
3,1.0 4,2.0 8,2.0 10,2.0 41,1.0 91,1.0 92,2.0 
20,1.0 23,1.0 97,5.0 
26,1.0 27,1.0 28,1.0 96,4.0 100,1.0 101,1.0 
4,1.0 8,1.0 10,1.0 20,1.0 29,1.0 
14,1.0 68,2.0 
97,1.0 
26,1.0 27,1.0 28,1.0 96,1.0 
29,1.0 
1,1.0 5,3.0 32,3.0 39,3.0 56,2.0 57,4.0 59,1.0 75,6.0 77,2.0 78,5.0 79,1.0 103,1.0 104,2.0 106,1.0 108,1.0 110,1.0 119,1.0 122,1.0 142,1.0 155,1.0 177,1.0 178,2.0 181,1.0 193,1.0 215,1.0 
105,2.0 
93,2.0 151,1.0 
5,1.0 38,1.0 39,1.0 59,1.0 75,3.0 92,1.0 103,1.0 107,2.0 109,2.0 111,1.0 119,2.0 128,1.0 152,1.0 174,1.0 
2,1.0 9,1.0 53,1.0 92,1.0 94,1.0 108,2.0 109,1.0 228,2.0 229,3.0 
11,1.0 38,1.0 91,1.0 93,3.0 111,9.0 112,1.0 122,1.0 163,1.0 170,1.0 177,1.0 
38,1.0 39,1.0 49,1.0 110,7.0 111,2.0 119,1.0 122,3.0 188,1.0 189,1.0 190,1.0 191,1.0 
92,1.0 111,2.0 113,2.0 117,1.0 118,1.0 123,1.0 145,2.0 
39,1.0 93,2.0 107,1.0 109,4.0 112,2.0 115,1.0 123,2.0 134,1.0 143,5.0 211,1.0 237,1.0 240,1.0 
92,1.0 113,2.0 123,1.0 134,1.0 170,1.0 
93,1.0 114,4.0 150,1.0 
5,1.0 32,1.0 57,1.0 109,3.0 115,2.0 123,2.0 
91,1.0 116,2.0 123,1.0 237,1.0 240,1.0 
92,1.0 108,1.0 109,1.0 123,1.0 
118,1.0 119,1.0 120,1.0 
117,1.0 119,1.0 120,1.0 
38,4.0 54,1.0 75,2.0 103,1.0 108,2.0 110,1.0 120,1.0 121,1.0 122,2.0 172,1.0 185,1.0 
38,1.0 54,1.0 119,1.0 121,1.0 
5,1.0 38,1.0 54,1.0 59,1.0 80,1.0 
2,1.0 5,2.0 11,1.0 32,2.0 38,2.0 39,1.0 57,2.0 75,1.0 77,1.0 78,3.0 79,1.0 103,3.0 108,6.0 119,2.0 134,1.0 155,1.0 173,1.0 177,1.0 185,1.0 187,1.0 188,1.0 189,1.0 190,1.0 192,1.0 213,1.0 
1,1.0 5,1.0 59,1.0 80,1.0 103,3.0 106,1.0 108,1.0 109,1.0 124,2.0 155,1.0 174,1.0 176,1.0 177,1.0 178,2.0 179,1.0 
106,1.0 125,1.0 126,1.0 147,1.0 
39,1.0 75,1.0 80,1.0 126,1.0 127,1.0 128,1.0 129,1.0 134,1.0 139,1.0 140,1.0 141,1.0 142,1.0 
35,1.0 125,1.0 127,1.0 128,1.0 129,1.0 153,1.0 160,1.0 164,1.0 165,1.0 168,1.0 169,1.0 
54,1.0 128,1.0 129,1.0 130,1.0 
5,1.0 38,1.0 54,1.0 75,1.0 114,1.0 127,1.0 129,1.0 130,1.0 170,1.0 239,1.0 249,1.0 250,1.0 
1,1.0 54,2.0 127,1.0 128,1.0 130,2.0 150,1.0 
35,1.0 39,1.0 54,2.0 56,1.0 103,1.0 131,1.0 132,1.0 136,1.0 150,1.0 158,1.0 159,1.0 160,1.0 
35,1.0 132,1.0 133,1.0 
35,1.0 131,1.0 133,1.0 
77,1.0 134,1.0 
13,1.0 35,1.0 39,2.0 58,1.0 75,2.0 77,1.0 80,2.0 91,1.0 92,1.0 93,1.0 122,1.0 124,1.0 135,1.0 141,2.0 142,3.0 143,2.0 170,1.0 211,1.0 213,1.0 229,1.0 
13,1.0 35,1.0 136,1.0 137,1.0 138,1.0 
14,1.0 25,1.0 36,1.0 68,1.0 137,1.0 138,1.0 159,1.0 160,1.0 
14,1.0 36,1.0 68,1.0 136,1.0 138,1.0 139,1.0 164,1.0 165,1.0 166,1.0 167,1.0 
14,1.0 36,1.0 68,1.0 136,1.0 137,1.0 
39,1.0 75,1.0 80,1.0 125,1.0 126,1.0 134,1.0 140,1.0 141,1.0 142,1.0 153,1.0 166,1.0 167,1.0 168,1.0 
1,1.0 39,1.0 75,1.0 80,1.0 125,1.0 129,1.0 134,1.0 139,1.0 141,1.0 142,1.0 149,1.0 
39,2.0 75,2.0 80,2.0 87,1.0 108,1.0 134,2.0 142,2.0 143,2.0 155,1.0 173,1.0 174,1.0 180,1.0 
39,3.0 57,2.0 75,5.0 80,3.0 122,1.0 134,3.0 141,3.0 142,1.0 143,2.0 
38,1.0 87,1.0 119,1.0 122,2.0 141,1.0 144,2.0 147,1.0 155,1.0 173,2.0 178,1.0 182,1.0 183,1.0 185,1.0 187,1.0 
109,2.0 
146,2.0 
123,1.0 147,1.0 
75,1.0 148,2.0 173,1.0 174,1.0 
105,1.0 140,1.0 149,1.0 
1,1.0 129,1.0 140,1.0 
39,1.0 54,1.0 56,1.0 93,1.0 103,1.0 130,1.0 179,1.0 
106,1.0 
153,1.0 154,1.0 
35,1.0 126,1.0 154,1.0 155,1.0 156,1.0 157,1.0 160,1.0 164,1.0 165,1.0 168,1.0 169,1.0 
153,1.0 155,1.0 156,1.0 157,1.0 
2,1.0 5,1.0 32,1.0 57,1.0 77,1.0 79,1.0 87,1.0 103,2.0 122,1.0 130,1.0 141,1.0 156,1.0 157,1.0 158,1.0 173,1.0 178,1.0 181,1.0 192,1.0 
130,1.0 155,1.0 157,1.0 158,1.0 
130,1.0 155,1.0 156,1.0 158,1.0 
130,1.0 136,1.0 159,1.0 160,1.0 
25,1.0 136,1.0 160,1.0 
25,1.0 35,2.0 80,1.0 136,1.0 137,1.0 159,1.0 163,1.0 164,2.0 165,2.0 169,1.0 
35,1.0 160,1.0 162,1.0 163,1.0 228,1.0 
35,1.0 160,1.0 161,1.0 163,1.0 
0,1.0 1,1.0 35,1.0 38,1.0 91,1.0 92,1.0 114,1.0 137,1.0 160,1.0 164,1.0 165,1.0 170,1.0 171,1.0 210,2.0 211,1.0 216,1.0 217,1.0 229,2.0 
35,1.0 80,1.0 137,1.0 139,1.0 160,1.0 165,2.0 166,1.0 167,1.0 169,1.0 
35,1.0 80,1.0 137,1.0 139,1.0 160,1.0 164,2.0 166,1.0 167,1.0 169,1.0 
126,1.0 139,1.0 153,1.0 167,1.0 168,1.0 
126,1.0 139,1.0 153,1.0 166,1.0 168,1.0 206,1.0 
35,1.0 126,1.0 153,1.0 160,1.0 164,1.0 165,1.0 169,1.0 
35,1.0 80,1.0 160,1.0 164,1.0 165,1.0 
38,2.0 91,2.0 128,1.0 134,1.0 163,1.0 239,1.0 249,1.0 250,1.0 
92,1.0 114,1.0 163,1.0 
143,1.0 174,1.0 
75,1.0 87,2.0 108,1.0 122,1.0 141,1.0 155,1.0 187,1.0 
9,1.0 27,1.0 75,1.0 87,1.0 91,1.0 108,1.0 112,1.0 141,1.0 143,1.0 175,2.0 179,1.0 180,1.0 221,1.0 228,1.0 
2,2.0 3,1.0 4,1.0 27,1.0 42,1.0 75,1.0 86,1.0 94,1.0 141,1.0 174,2.0 180,1.0 220,1.0 
5,1.0 108,1.0 
1,1.0 11,1.0 103,1.0 108,2.0 122,1.0 
59,1.0 103,2.0 106,1.0 108,1.0 155,1.0 181,1.0 182,1.0 
76,1.0 87,1.0 93,2.0 
108,1.0 141,1.0 174,1.0 
111,1.0 
108,2.0 178,1.0 184,1.0 185,1.0 186,1.0 
182,1.0 184,1.0 185,1.0 186,1.0 
108,1.0 182,1.0 185,1.0 186,1.0 
38,1.0 108,2.0 119,1.0 122,1.0 182,1.0 184,1.0 186,1.0 
108,1.0 182,1.0 184,1.0 185,1.0 
108,1.0 122,1.0 173,1.0 
108,1.0 122,1.0 189,1.0 190,1.0 
108,1.0 122,1.0 188,1.0 190,1.0 
108,1.0 122,1.0 188,1.0 189,1.0 
2,1.0 49,1.0 122,1.0 155,1.0 192,1.0 
2,1.0 5,1.0 32,1.0 57,1.0 77,1.0 79,1.0 103,1.0 122,1.0 155,1.0 
194,1.0 
195,1.0 
196,1.0 
197,1.0 
198,1.0 
199,1.0 
200,1.0 
201,1.0 202,1.0 
200,1.0 
16,1.0 
14,1.0 
36,1.0 
206,1.0 
167,1.0 207,1.0 
208,1.0 
75,1.0 
39,1.0 57,2.0 103,1.0 228,1.0 229,1.0 
163,2.0 211,1.0 229,2.0 
0,1.0 1,1.0 56,1.0 57,1.0 93,1.0 122,1.0 134,2.0 163,1.0 216,1.0 217,1.0 229,1.0 
211,1.0 
103,1.0 
32,1.0 
163,1.0 211,1.0 216,1.0 217,1.0 
0,1.0 1,1.0 163,1.0 211,1.0 217,1.0 
0,1.0 1,1.0 163,1.0 211,1.0 216,1.0 
3,1.0 15,1.0 87,1.0 223,1.0 225,1.0 241,9.0 
53,1.0 86,1.0 175,1.0 
2,1.0 3,1.0 42,1.0 221,2.0 
76,1.0 87,2.0 174,1.0 175,1.0 222,1.0 225,3.0 226,1.0 227,1.0 
24,1.0 218,1.0 223,1.0 224,1.0 
3,1.0 18,1.0 24,2.0 63,1.0 85,2.0 222,1.0 224,1.0 225,1.0 
2,1.0 27,1.0 63,1.0 86,1.0 92,1.0 225,1.0 
29,1.0 86,1.0 88,1.0 218,3.0 220,1.0 221,1.0 226,1.0 
24,1.0 29,1.0 87,1.0 90,1.0 92,1.0 225,1.0 
87,1.0 221,1.0 
9,1.0 27,1.0 78,1.0 107,2.0 163,2.0 174,1.0 210,2.0 232,1.0 
3,1.0 4,1.0 29,2.0 39,1.0 57,3.0 87,2.0 93,1.0 94,1.0 107,2.0 111,1.0 113,1.0 142,1.0 209,2.0 232,4.0 234,1.0 237,1.0 
3,1.0 31,1.0 41,1.0 90,1.0 107,1.0 231,1.0 
0,1.0 85,1.0 90,1.0 95,1.0 232,1.0 239,1.0 
0,1.0 2,1.0 3,1.0 53,1.0 88,1.0 91,4.0 94,2.0 228,1.0 229,2.0 233,1.0 234,1.0 
29,1.0 91,1.0 229,1.0 
229,1.0 232,1.0 
225,1.0 
88,1.0 
115,1.0 123,1.0 231,1.0 240,1.0 
86,1.0 
90,1.0 250,1.0 251,1.0 252,1.0 253,1.0 254,1.0 255,1.0 
115,1.0 123,1.0 237,1.0 
218,7.0 222,1.0 242,8.0 245,1.0 246,1.0 247,1.0 248,1.0 
243,1.0 244,7.0 
241,8.0 
243,7.0 
38,1.0 128,1.0 170,1.0 246,1.0 247,1.0 248,1.0 249,1.0 
38,1.0 128,1.0 170,1.0 245,1.0 247,1.0 248,1.0 249,1.0 
38,1.0 128,1.0 170,1.0 245,1.0 246,1.0 248,1.0 249,1.0 
38,1.0 128,1.0 170,1.0 245,1.0 246,1.0 247,1.0 249,1.0 
38,1.0 128,1.0 170,1.0 239,1.0 250,1.0 
239,1.0 251,1.0 252,1.0 253,1.0 254,1.0 255,1.0 
252,1.0 253,1.0 254,1.0 255,1.0 256,1.0 257,1.0 258,1.0 259,1.0 260,1.0 261,1.0 262,1.0 
251,1.0 253,1.0 254,1.0 255,1.0 256,1.0 257,1.0 258,1.0 259,1.0 260,1.0 261,1.0 262,1.0 
251,1.0 252,1.0 254,1.0 255,1.0 256,1.0 257,1.0 258,1.0 259,1.0 260,1.0 261,1.0 262,1.0 
251,1.0 252,1.0 253,1.0 255,1.0 256,1.0 257,1.0 258,1.0 259,1.0 260,1.0 261,1.0 262,1.0 
251,1.0 252,1.0 253,1.0 254,1.0 256,1.0 257,1.0 258,1.0 259,1.0 260,1.0 261,1.0 262,1.0 
74,1.0 82,1.0 257,1.0 258,1.0 259,1.0 260,1.0 261,1.0 262,1.0 263,1.0 264,1.0 265,1.0 266,1.0 267,1.0 
74,1.0 82,1.0 256,1.0 258,2.0 259,1.0 260,1.0 261,2.0 262,2.0 263,1.0 264,1.0 265,1.0 266,1.0 267,1.0 272,1.0 273,1.0 274,1.0 
74,1.0 82,1.0 256,1.0 257,2.0 259,1.0 260,1.0 261,2.0 262,2.0 263,1.0 264,1.0 265,1.0 266,1.0 267,1.0 272,1.0 273,1.0 274,1.0 
74,1.0 82,1.0 256,1.0 257,1.0 258,1.0 260,1.0 261,1.0 262,1.0 263,1.0 264,1.0 265,1.0 266,1.0 267,1.0 
74,1.0 82,1.0 256,1.0 257,1.0 258,1.0 259,1.0 261,1.0 262,1.0 263,1.0 264,1.0 265,1.0 266,1.0 267,1.0 
74,1.0 82,1.0 256,1.0 257,2.0 258,2.0 259,1.0 260,1.0 262,2.0 263,1.0 264,1.0 265,1.0 266,1.0 267,1.0 272,1.0 273,1.0 274,1.0 
74,1.0 82,1.0 256,1.0 257,2.0 258,2.0 259,1.0 260,1.0 261,2.0 263,1.0 264,1.0 265,1.0 266,1.0 267,1.0 272,1.0 273,1.0 274,1.0 
74,2.0 82,1.0 264,2.0 265,1.0 266,2.0 267,1.0 268,1.0 269,1.0 270,1.0 271,1.0 
74,3.0 82,1.0 257,1.0 258,1.0 261,1.0 262,1.0 263,1.0 264,1.0 265,1.0 266,3.0 267,1.0 268,2.0 269,2.0 270,2.0 271,2.0 272,1.0 273,1.0 274,1.0 
74,2.0 82,1.0 263,1.0 264,2.0 266,2.0 267,1.0 268,1.0 269,1.0 270,1.0 271,1.0 
74,3.0 82,1.0 257,1.0 258,1.0 261,1.0 262,1.0 263,1.0 264,3.0 265,1.0 266,1.0 267,1.0 268,2.0 269,2.0 270,2.0 271,2.0 272,1.0 273,1.0 274,1.0 
74,2.0 82,1.0 263,1.0 264,2.0 265,1.0 266,2.0 268,1.0 269,1.0 270,1.0 271,1.0 
74,1.0 257,1.0 258,1.0 261,1.0 262,1.0 264,1.0 266,1.0 269,1.0 270,1.0 271,1.0 272,1.0 273,1.0 274,1.0 
74,1.0 257,1.0 258,1.0 261,1.0 262,1.0 264,1.0 266,1.0 268,1.0 270,1.0 271,1.0 272,1.0 273,1.0 274,1.0 
74,1.0 257,1.0 258,1.0 261,1.0 262,1.0 264,1.0 266,1.0 268,1.0 269,1.0 271,1.0 272,1.0 273,1.0 274,1.0 
74,1.0 257,1.0 258,1.0 261,1.0 262,1.0 264,1.0 266,1.0 268,1.0 269,1.0 270,1.0 272,1.0 273,1.0 274,1.0 
257,1.0 258,1.0 261,1.0 262,1.0 273,1.0 274,1.0 
257,1.0 258,1.0 261,1.0 262,1.0 272,1.0 274,1.0 
257,1.0 258,1.0 261,1.0 262,1.0 272,1.0 273,1.0 
