1,1.0 4,6.0 5,5.0 7,4.0 9,3.0 10,3.0 11,4.0 12,2.0 16,1.0 42,6.0 43,2.0 46,3.0 48,5.0 57,2.0 79,1.0 119,5.0 190,1.0 
2,1.0 5,1.0 7,2.0 191,1.0 
3,2.0 9,2.0 19,2.0 192,1.0 
0,1.0 10,2.0 13,1.0 59,1.0 
0,5.0 5,5.0 7,1.0 8,1.0 12,1.0 13,3.0 15,2.0 41,1.0 42,3.0 43,2.0 45,2.0 50,1.0 82,2.0 119,4.0 167,1.0 
0,5.0 1,2.0 6,5.0 7,20.0 8,1.0 20,2.0 26,2.0 27,2.0 30,2.0 35,1.0 41,2.0 43,2.0 46,2.0 47,2.0 56,1.0 61,1.0 70,1.0 71,1.0 79,2.0 119,2.0 125,2.0 157,2.0 
7,5.0 
0,4.0 2,1.0 4,4.0 5,7.0 7,1.0 8,4.0 9,22.0 10,6.0 13,1.0 16,1.0 18,1.0 20,1.0 22,2.0 28,1.0 30,2.0 35,1.0 45,1.0 47,1.0 63,1.0 72,6.0 91,1.0 104,2.0 109,1.0 117,1.0 120,2.0 121,2.0 141,2.0 190,4.0 207,1.0 222,4.0 223,1.0 224,1.0 225,1.0 226,1.0 227,1.0 
5,1.0 7,2.0 9,4.0 10,3.0 11,5.0 12,2.0 14,5.0 41,2.0 45,3.0 48,2.0 53,1.0 119,6.0 151,4.0 162,1.0 163,1.0 
0,5.0 2,1.0 3,1.0 4,3.0 8,3.0 10,15.0 14,3.0 17,8.0 23,2.0 24,1.0 41,2.0 42,13.0 47,1.0 48,2.0 50,4.0 51,1.0 53,1.0 54,2.0 61,1.0 64,1.0 87,3.0 98,2.0 117,1.0 119,2.0 158,1.0 164,2.0 175,1.0 177,1.0 192,1.0 211,1.0 
0,4.0 2,2.0 3,1.0 7,7.0 8,3.0 10,2.0 11,17.0 15,2.0 16,1.0 17,3.0 19,2.0 20,1.0 23,2.0 24,3.0 41,4.0 46,4.0 47,2.0 63,1.0 66,1.0 72,5.0 74,2.0 76,1.0 82,1.0 111,2.0 119,4.0 120,2.0 121,2.0 145,4.0 146,4.0 156,2.0 190,4.0 211,1.0 222,4.0 
0,3.0 4,2.0 5,1.0 7,7.0 8,5.0 9,1.0 12,14.0 13,2.0 16,1.0 17,2.0 18,3.0 19,1.0 26,2.0 27,1.0 28,1.0 39,1.0 41,2.0 45,2.0 48,2.0 64,1.0 67,1.0 97,1.0 101,2.0 117,2.0 119,4.0 
0,2.0 4,1.0 5,8.0 16,2.0 18,5.0 27,2.0 28,1.0 29,1.0 38,1.0 40,1.0 41,1.0 43,1.0 68,1.0 69,1.0 71,1.0 117,1.0 198,1.0 
0,1.0 8,3.0 10,1.0 14,1.0 15,5.0 16,1.0 19,1.0 37,1.0 42,2.0 45,1.0 47,2.0 48,1.0 55,1.0 57,3.0 58,1.0 59,1.0 60,1.0 79,2.0 82,2.0 84,1.0 95,1.0 96,1.0 101,4.0 102,2.0 103,1.0 105,2.0 114,2.0 115,1.0 116,1.0 119,1.0 208,1.0 210,1.0 
0,1.0 7,1.0 9,3.0 15,5.0 28,1.0 42,4.0 45,3.0 53,8.0 71,1.0 82,2.0 91,1.0 113,1.0 137,8.0 141,8.0 147,4.0 148,4.0 188,1.0 189,1.0 
4,2.0 11,3.0 13,4.0 42,2.0 45,6.0 47,4.0 55,1.0 56,1.0 57,2.0 74,2.0 79,3.0 82,1.0 119,2.0 167,1.0 
5,3.0 7,1.0 11,1.0 47,1.0 57,2.0 88,2.0 96,1.0 97,1.0 119,2.0 209,1.0 
10,5.0 11,3.0 13,2.0 42,3.0 87,3.0 101,2.0 
0,4.0 5,3.0 7,1.0 12,2.0 19,2.0 
5,2.0 9,2.0 11,1.0 12,1.0 22,1.0 71,1.0 79,4.0 
11,1.0 13,1.0 21,2.0 
7,3.0 
14,1.0 19,2.0 
10,1.0 23,1.0 24,2.0 25,2.0 27,3.0 33,1.0 176,1.0 
10,2.0 30,2.0 32,1.0 42,3.0 45,1.0 79,2.0 119,2.0 156,4.0 175,1.0 176,1.0 
11,2.0 
0,2.0 5,2.0 12,2.0 23,1.0 43,2.0 45,2.0 46,2.0 157,4.0 
0,1.0 10,2.0 23,1.0 27,1.0 28,1.0 29,1.0 30,1.0 33,3.0 37,1.0 45,4.0 46,1.0 60,1.0 79,1.0 99,8.0 119,2.0 176,1.0 
5,2.0 9,1.0 11,1.0 12,1.0 38,1.0 47,1.0 
7,1.0 33,1.0 137,8.0 140,8.0 
8,2.0 11,2.0 12,1.0 24,2.0 31,1.0 41,4.0 42,2.0 45,1.0 79,2.0 93,1.0 119,6.0 125,10.0 187,1.0 
26,1.0 
11,1.0 
5,1.0 27,1.0 33,1.0 34,1.0 37,4.0 41,2.0 42,1.0 45,2.0 124,4.0 214,1.0 
5,1.0 138,8.0 139,8.0 
36,2.0 41,2.0 119,2.0 159,2.0 
7,1.0 13,1.0 
33,3.0 37,1.0 38,1.0 42,1.0 45,1.0 99,1.0 156,1.0 214,3.0 
5,1.0 12,1.0 14,1.0 
7,1.0 12,1.0 40,1.0 
5,1.0 10,1.0 12,1.0 13,1.0 
0,1.0 5,2.0 7,1.0 8,2.0 9,2.0 10,4.0 11,2.0 27,2.0 30,2.0 45,2.0 46,4.0 48,3.0 99,2.0 119,37.0 125,2.0 137,6.0 168,1.0 169,1.0 
4,2.0 7,1.0 8,3.0 9,17.0 11,3.0 13,1.0 15,6.0 24,1.0 27,2.0 30,1.0 33,2.0 37,1.0 45,36.0 48,2.0 54,1.0 57,2.0 74,2.0 79,4.0 82,1.0 88,2.0 99,2.0 119,4.0 120,10.0 121,9.0 124,2.0 133,1.0 134,1.0 143,2.0 147,4.0 148,4.0 149,4.0 150,4.0 151,5.0 154,2.0 155,2.0 156,1.0 158,2.0 167,3.0 172,4.0 173,1.0 174,1.0 176,1.0 177,2.0 180,1.0 185,1.0 186,1.0 187,1.0 
0,2.0 4,2.0 5,2.0 44,1.0 45,3.0 46,2.0 52,2.0 57,2.0 82,2.0 
43,1.0 45,1.0 
0,8.0 4,5.0 5,3.0 8,6.0 11,2.0 13,1.0 14,3.0 15,2.0 24,4.0 30,6.0 33,1.0 35,2.0 37,1.0 42,40.0 43,1.0 46,1.0 47,1.0 48,8.0 82,1.0 85,6.0 87,2.0 108,2.0 117,1.0 119,38.0 120,11.0 121,10.0 122,6.0 123,6.0 125,5.0 137,7.0 143,2.0 145,4.0 149,4.0 150,4.0 156,3.0 158,1.0 159,2.0 162,1.0 163,1.0 164,2.0 165,2.0 166,2.0 167,1.0 170,1.0 171,1.0 172,4.0 175,1.0 176,1.0 177,1.0 178,2.0 179,2.0 180,1.0 182,1.0 183,1.0 184,1.0 185,1.0 186,1.0 188,1.0 189,1.0 
0,3.0 5,1.0 10,5.0 41,4.0 42,1.0 43,2.0 57,2.0 79,1.0 88,1.0 89,1.0 90,1.0 119,4.0 
5,2.0 7,1.0 9,1.0 10,1.0 13,3.0 14,13.0 16,2.0 40,1.0 45,1.0 48,3.0 49,1.0 53,9.0 57,10.0 72,1.0 79,2.0 86,2.0 88,2.0 93,2.0 109,2.0 110,2.0 112,2.0 113,2.0 116,1.0 126,2.0 127,2.0 128,2.0 129,2.0 130,2.0 131,2.0 141,8.0 190,1.0 210,1.0 222,1.0 
0,5.0 8,2.0 9,4.0 11,2.0 13,1.0 15,1.0 41,2.0 42,2.0 45,2.0 49,1.0 55,1.0 119,9.0 
9,1.0 48,1.0 
4,1.0 41,2.0 43,1.0 44,1.0 51,1.0 53,1.0 
43,1.0 50,1.0 
45,2.0 
3,1.0 5,1.0 14,8.0 41,1.0 47,1.0 50,1.0 94,1.0 137,8.0 141,8.0 
7,1.0 42,2.0 164,2.0 
15,1.0 56,1.0 
10,4.0 57,1.0 118,1.0 119,2.0 126,2.0 158,2.0 
13,4.0 14,1.0 15,4.0 16,2.0 47,10.0 56,2.0 74,1.0 79,2.0 85,2.0 86,2.0 88,2.0 93,2.0 119,10.0 126,4.0 127,2.0 128,2.0 129,2.0 130,2.0 131,2.0 132,2.0 135,1.0 136,1.0 151,1.0 158,2.0 160,2.0 161,2.0 
14,1.0 
19,1.0 200,1.0 
5,1.0 13,1.0 57,2.0 84,1.0 
62,2.0 
7,1.0 10,1.0 
9,1.0 11,1.0 
65,2.0 
7,1.0 10,1.0 
11,1.0 
12,1.0 68,1.0 
12,1.0 69,1.0 
5,1.0 
21,1.0 
11,1.0 12,1.0 28,1.0 39,1.0 99,4.0 100,4.0 
7,4.0 10,5.0 47,10.0 72,2.0 73,2.0 81,8.0 141,8.0 190,4.0 222,4.0 
10,2.0 
10,1.0 15,2.0 45,2.0 75,1.0 76,2.0 132,1.0 151,1.0 152,1.0 153,1.0 
76,1.0 77,1.0 
10,1.0 15,1.0 75,1.0 77,1.0 
78,5.0 79,1.0 
77,5.0 80,1.0 
0,1.0 5,4.0 13,2.0 15,2.0 26,2.0 27,2.0 28,1.0 42,6.0 46,1.0 47,6.0 57,2.0 71,4.0 78,1.0 85,2.0 99,2.0 119,2.0 133,1.0 134,1.0 157,2.0 
81,1.0 
13,1.0 47,8.0 72,8.0 141,8.0 
4,2.0 5,2.0 13,1.0 43,2.0 45,1.0 47,2.0 53,1.0 83,2.0 116,1.0 119,1.0 212,1.0 213,1.0 
13,1.0 60,2.0 84,1.0 
5,2.0 57,1.0 60,1.0 115,2.0 116,2.0 
45,6.0 79,2.0 86,2.0 122,6.0 123,6.0 141,4.0 143,4.0 144,4.0 
47,2.0 57,2.0 87,2.0 93,2.0 96,2.0 112,2.0 119,2.0 
17,3.0 42,5.0 88,2.0 
8,1.0 16,2.0 42,2.0 46,2.0 57,2.0 90,1.0 91,1.0 94,1.0 119,2.0 154,2.0 155,2.0 
90,1.0 
88,1.0 91,2.0 
88,1.0 92,5.0 202,1.0 203,1.0 206,1.0 
7,2.0 14,1.0 91,2.0 202,1.0 
57,2.0 86,2.0 88,1.0 119,2.0 
13,1.0 53,1.0 95,1.0 
13,1.0 16,1.0 96,1.0 
11,1.0 16,1.0 47,2.0 86,2.0 97,1.0 112,2.0 
5,1.0 11,1.0 
10,2.0 
0,1.0 10,2.0 27,8.0 45,4.0 46,1.0 56,4.0 79,1.0 99,1.0 100,4.0 119,2.0 124,3.0 214,1.0 215,1.0 
56,4.0 99,4.0 
13,4.0 102,2.0 103,1.0 105,2.0 
103,2.0 157,1.0 
46,1.0 102,1.0 157,1.0 
9,2.0 
105,1.0 106,2.0 124,2.0 215,1.0 216,2.0 217,1.0 218,1.0 219,1.0 220,1.0 221,1.0 
107,2.0 
43,2.0 
47,2.0 109,2.0 
47,2.0 110,2.0 193,1.0 
10,2.0 
86,2.0 96,2.0 
47,2.0 79,2.0 
13,2.0 114,1.0 
13,1.0 14,1.0 84,1.0 115,1.0 116,1.0 
5,2.0 84,2.0 116,2.0 
5,3.0 23,1.0 47,1.0 84,2.0 115,2.0 175,1.0 176,2.0 
5,1.0 7,1.0 9,1.0 10,1.0 37,1.0 119,1.0 184,1.0 
41,1.0 
0,1.0 8,3.0 9,2.0 10,4.0 11,2.0 13,2.0 15,2.0 26,2.0 27,3.0 30,3.0 33,2.0 35,2.0 41,40.0 45,44.0 46,5.0 48,2.0 57,8.0 79,8.0 99,3.0 120,1.0 121,1.0 124,2.0 125,3.0 135,1.0 136,1.0 141,2.0 151,3.0 157,2.0 158,2.0 159,2.0 166,3.0 167,2.0 168,1.0 169,1.0 173,1.0 174,1.0 177,2.0 181,1.0 182,1.0 183,1.0 
7,2.0 41,1.0 45,10.0 119,11.0 121,10.0 141,2.0 172,3.0 180,1.0 
7,2.0 41,1.0 45,9.0 119,9.0 120,10.0 141,2.0 143,1.0 165,1.0 185,1.0 186,1.0 
45,6.0 119,2.0 123,6.0 137,4.0 
45,6.0 119,2.0 122,6.0 137,4.0 
33,4.0 41,2.0 45,2.0 99,1.0 105,2.0 124,1.0 215,3.0 216,1.0 217,1.0 218,1.0 219,1.0 220,1.0 221,1.0 
8,2.0 11,2.0 30,10.0 41,4.0 42,2.0 79,2.0 119,5.0 156,1.0 
56,2.0 57,2.0 119,4.0 127,2.0 158,2.0 
57,2.0 119,2.0 126,2.0 
57,2.0 119,2.0 129,2.0 
57,2.0 119,2.0 128,2.0 
57,2.0 119,1.0 131,2.0 132,1.0 
57,2.0 119,1.0 130,2.0 132,1.0 
30,1.0 74,1.0 125,1.0 151,1.0 152,1.0 153,1.0 
42,1.0 57,1.0 134,1.0 
42,1.0 57,1.0 133,1.0 
41,1.0 119,1.0 136,1.0 
41,1.0 119,1.0 135,1.0 
34,4.0 45,7.0 57,2.0 72,8.0 81,8.0 138,4.0 139,4.0 141,8.0 142,4.0 160,2.0 161,2.0 
34,8.0 139,8.0 
29,8.0 140,8.0 142,4.0 
29,8.0 137,8.0 
4,2.0 7,2.0 14,8.0 43,2.0 47,8.0 53,8.0 72,8.0 81,8.0 82,2.0 85,4.0 137,8.0 142,4.0 143,4.0 144,4.0 
34,4.0 45,4.0 138,4.0 141,4.0 
45,2.0 119,1.0 121,1.0 141,4.0 142,4.0 144,4.0 165,1.0 172,1.0 
141,4.0 142,4.0 143,4.0 
10,4.0 45,4.0 146,4.0 
45,4.0 145,4.0 
42,4.0 119,4.0 148,4.0 
42,4.0 119,4.0 147,4.0 
5,2.0 45,4.0 119,2.0 150,4.0 
5,2.0 45,4.0 119,2.0 149,4.0 
8,4.0 9,1.0 41,1.0 45,6.0 74,1.0 132,1.0 152,1.0 153,1.0 167,4.0 
41,1.0 153,1.0 
41,1.0 152,1.0 
42,2.0 79,2.0 155,2.0 
42,2.0 79,2.0 154,2.0 
24,4.0 37,1.0 42,2.0 45,1.0 79,2.0 119,1.0 125,1.0 
0,2.0 5,3.0 26,4.0 43,2.0 45,2.0 46,2.0 
9,2.0 42,2.0 45,2.0 56,2.0 119,2.0 126,2.0 166,2.0 177,2.0 
35,2.0 41,2.0 119,2.0 
47,2.0 57,2.0 161,2.0 
47,2.0 57,2.0 160,2.0 
8,1.0 119,1.0 163,1.0 
8,1.0 119,1.0 162,1.0 
42,4.0 54,2.0 
119,2.0 170,1.0 171,1.0 
42,2.0 45,3.0 158,2.0 177,1.0 
4,1.0 15,1.0 41,1.0 45,4.0 119,1.0 151,4.0 
41,1.0 119,1.0 169,1.0 
41,1.0 119,1.0 168,1.0 
119,1.0 165,1.0 171,1.0 
119,1.0 165,1.0 170,1.0 
45,4.0 119,4.0 120,3.0 143,1.0 180,1.0 
9,1.0 45,1.0 174,2.0 
9,1.0 45,1.0 173,2.0 
23,1.0 24,1.0 42,2.0 116,1.0 176,3.0 
23,3.0 24,1.0 27,1.0 42,1.0 45,1.0 47,1.0 116,1.0 175,2.0 176,1.0 
9,2.0 42,2.0 45,2.0 158,2.0 166,1.0 181,1.0 
119,2.0 179,2.0 
119,2.0 178,2.0 
45,1.0 119,1.0 120,1.0 172,1.0 
45,1.0 177,1.0 
42,1.0 45,1.0 183,1.0 
42,1.0 45,1.0 182,1.0 
117,1.0 119,1.0 
45,1.0 119,1.0 121,1.0 186,1.0 
45,1.0 119,1.0 121,1.0 185,1.0 
30,1.0 45,1.0 
45,1.0 137,1.0 189,1.0 
45,1.0 137,1.0 188,1.0 
1,1.0 7,4.0 10,4.0 47,1.0 72,4.0 190,1.0 222,4.0 223,1.0 224,1.0 225,1.0 226,1.0 227,1.0 
2,1.0 
3,1.0 9,1.0 
194,1.0 
195,1.0 
196,1.0 
197,1.0 
12,1.0 
199,1.0 
13,1.0 
201,1.0 
92,1.0 
91,2.0 
204,1.0 
205,1.0 
91,1.0 
7,1.0 207,1.0 
5,1.0 7,1.0 
40,1.0 
1,1.0 
13,1.0 14,1.0 
10,1.0 11,1.0 
116,1.0 175,1.0 176,1.0 213,1.0 
116,1.0 175,1.0 176,1.0 212,1.0 
37,1.0 99,3.0 124,1.0 214,1.0 
105,3.0 124,2.0 215,1.0 216,1.0 
105,1.0 124,1.0 217,1.0 218,1.0 219,1.0 220,1.0 221,1.0 
7,1.0 10,1.0 72,1.0 190,1.0 218,1.0 219,1.0 220,1.0 221,1.0 222,1.0 
7,1.0 10,1.0 72,1.0 190,1.0 217,1.0 219,1.0 220,1.0 221,1.0 222,1.0 
7,1.0 10,1.0 72,1.0 190,1.0 217,1.0 218,1.0 220,1.0 221,1.0 222,1.0 
7,1.0 10,1.0 72,1.0 190,1.0 217,1.0 218,1.0 219,1.0 221,1.0 222,1.0 
7,1.0 10,1.0 72,1.0 190,1.0 217,1.0 218,1.0 219,1.0 220,1.0 222,1.0 
7,4.0 10,4.0 47,1.0 72,4.0 190,4.0 222,1.0 223,1.0 224,1.0 225,1.0 226,1.0 227,1.0 
224,1.0 225,1.0 226,1.0 227,1.0 
223,1.0 225,1.0 226,1.0 227,1.0 
223,1.0 224,1.0 226,1.0 227,1.0 
223,1.0 224,1.0 225,1.0 227,1.0 
223,1.0 224,1.0 225,1.0 226,1.0 
