1,1.0 2,1.0 51,1.0 135,1.0 214,1.0 220,1.0 252,1.0 
2,3.0 3,4.0 4,1.0 5,1.0 7,2.0 14,1.0 15,1.0 22,1.0 28,4.0 59,5.0 78,1.0 109,1.0 114,1.0 116,1.0 128,1.0 129,3.0 158,1.0 175,1.0 179,1.0 182,1.0 190,3.0 228,1.0 231,1.0 244,1.0 
1,3.0 3,6.0 6,6.0 7,6.0 11,3.0 12,3.0 14,3.0 15,3.0 18,2.0 21,1.0 23,2.0 26,3.0 27,3.0 33,2.0 37,2.0 52,3.0 82,1.0 86,2.0 94,1.0 124,1.0 125,1.0 130,1.0 308,1.0 
1,2.0 2,3.0 4,4.0 5,4.0 6,3.0 7,3.0 8,1.0 9,1.0 33,2.0 59,2.0 109,1.0 210,2.0 
1,1.0 2,4.0 3,4.0 5,15.0 6,10.0 29,3.0 30,3.0 31,3.0 47,2.0 58,2.0 59,1.0 62,2.0 86,2.0 
1,1.0 2,4.0 3,4.0 4,15.0 6,10.0 29,3.0 30,3.0 31,3.0 47,2.0 58,2.0 59,1.0 62,2.0 86,2.0 
2,7.0 3,3.0 4,10.0 5,10.0 7,3.0 14,3.0 15,3.0 16,3.0 29,3.0 30,3.0 31,3.0 32,5.0 51,4.0 52,2.0 91,3.0 264,1.0 
1,1.0 3,1.0 4,3.0 5,3.0 6,3.0 8,4.0 9,4.0 10,3.0 28,1.0 33,2.0 40,5.0 46,1.0 58,1.0 59,1.0 116,2.0 123,2.0 129,1.0 158,1.0 178,1.0 180,1.0 182,1.0 187,2.0 189,1.0 203,1.0 204,1.0 219,1.0 229,1.0 240,1.0 304,1.0 
2,3.0 3,1.0 9,6.0 10,3.0 59,3.0 62,2.0 
2,3.0 3,1.0 8,6.0 10,3.0 59,3.0 62,2.0 
2,3.0 8,3.0 9,3.0 48,3.0 51,2.0 
2,3.0 6,3.0 12,9.0 13,4.0 29,3.0 36,3.0 59,1.0 64,2.0 
2,3.0 6,3.0 11,9.0 13,4.0 29,3.0 59,1.0 64,2.0 
2,3.0 59,1.0 110,1.0 
2,3.0 15,12.0 16,3.0 17,2.0 21,1.0 22,2.0 59,3.0 69,2.0 76,1.0 109,1.0 
2,3.0 14,12.0 16,3.0 17,2.0 21,1.0 22,2.0 59,3.0 69,2.0 76,1.0 109,1.0 
14,3.0 15,3.0 17,2.0 21,1.0 
2,2.0 
19,2.0 20,2.0 21,2.0 
20,6.0 21,2.0 22,2.0 68,1.0 69,3.0 76,2.0 95,1.0 96,1.0 
19,6.0 21,2.0 22,2.0 68,1.0 69,3.0 76,2.0 95,1.0 96,1.0 
2,1.0 19,2.0 20,2.0 22,3.0 32,2.0 59,2.0 77,1.0 78,1.0 302,1.0 303,1.0 
1,2.0 2,5.0 14,2.0 15,2.0 21,2.0 24,3.0 25,3.0 69,2.0 98,1.0 109,1.0 116,1.0 235,1.0 
22,2.0 24,2.0 25,2.0 191,1.0 250,1.0 
2,3.0 22,3.0 25,6.0 59,3.0 76,3.0 
2,3.0 22,3.0 24,6.0 59,3.0 76,3.0 
4,4.0 5,4.0 6,4.0 67,2.0 
28,3.0 44,1.0 48,1.0 68,1.0 203,1.0 207,1.0 
1,4.0 2,1.0 7,1.0 11,3.0 12,3.0 29,3.0 31,2.0 40,2.0 41,1.0 59,9.0 64,3.0 129,6.0 158,5.0 175,7.0 178,1.0 179,1.0 180,3.0 186,9.0 187,10.0 188,3.0 189,3.0 190,7.0 303,1.0 
2,3.0 6,3.0 11,3.0 12,3.0 32,10.0 40,3.0 46,6.0 48,1.0 52,5.0 77,10.0 114,1.0 202,1.0 
31,3.0 32,3.0 34,10.0 
30,3.0 32,3.0 180,4.0 227,2.0 
6,1.0 22,1.0 29,8.0 33,3.0 40,6.0 42,2.0 45,1.0 47,1.0 50,10.0 51,5.0 52,1.0 57,5.0 63,5.0 78,2.0 80,5.0 82,10.0 83,5.0 84,5.0 117,2.0 118,2.0 122,3.0 307,1.0 
7,2.0 11,3.0 34,3.0 41,1.0 45,1.0 54,2.0 86,1.0 115,1.0 116,2.0 120,2.0 131,2.0 139,4.0 
6,2.0 7,1.0 29,9.0 35,3.0 36,1.0 39,1.0 60,10.0 63,5.0 264,1.0 
33,3.0 
1,1.0 37,1.0 56,1.0 255,1.0 265,1.0 
3,2.0 7,2.0 38,1.0 120,2.0 
39,1.0 56,1.0 98,1.0 266,1.0 
40,1.0 93,2.0 116,2.0 144,1.0 
7,2.0 37,2.0 39,2.0 41,1.0 50,6.0 68,1.0 78,15.0 84,1.0 88,6.0 89,6.0 92,1.0 93,1.0 104,1.0 117,2.0 119,1.0 121,1.0 259,1.0 261,1.0 262,1.0 266,1.0 267,1.0 
42,2.0 46,1.0 67,1.0 120,1.0 257,1.0 
33,1.0 43,2.0 44,1.0 48,1.0 50,1.0 51,1.0 58,2.0 66,2.0 68,1.0 128,1.0 142,2.0 
33,2.0 42,1.0 44,1.0 103,1.0 104,1.0 
33,1.0 43,1.0 50,1.0 51,8.0 58,3.0 59,1.0 86,1.0 93,1.0 160,2.0 180,1.0 
33,1.0 41,2.0 46,1.0 128,2.0 
6,3.0 10,2.0 40,6.0 41,1.0 42,1.0 47,1.0 48,1.0 51,2.0 56,3.0 78,1.0 89,6.0 108,1.0 115,1.0 120,1.0 121,1.0 143,2.0 150,1.0 294,1.0 295,1.0 296,1.0 
4,2.0 5,2.0 29,1.0 32,10.0 48,1.0 49,1.0 59,2.0 62,2.0 63,2.0 
1,3.0 23,1.0 28,3.0 29,1.0 42,1.0 47,1.0 49,2.0 50,3.0 59,5.0 64,2.0 84,1.0 86,1.0 114,3.0 129,3.0 141,11.0 146,1.0 176,2.0 183,3.0 190,3.0 191,7.0 192,6.0 193,11.0 195,1.0 196,2.0 198,8.0 199,2.0 200,2.0 201,2.0 202,1.0 203,1.0 204,1.0 205,1.0 206,1.0 228,1.0 
32,6.0 50,2.0 55,5.0 58,5.0 102,1.0 289,1.0 290,1.0 
2,1.0 32,22.0 49,1.0 90,5.0 164,1.0 179,1.0 309,1.0 310,1.0 
0,1.0 1,2.0 2,4.0 29,6.0 37,2.0 47,2.0 52,8.0 58,3.0 59,2.0 67,1.0 78,2.0 81,10.0 93,3.0 115,1.0 119,1.0 134,1.0 135,1.0 138,1.0 139,1.0 143,2.0 144,2.0 145,2.0 160,1.0 168,1.0 208,1.0 220,1.0 
1,1.0 2,1.0 6,2.0 28,1.0 29,5.0 30,10.0 32,2.0 40,1.0 46,5.0 53,3.0 71,1.0 74,1.0 91,5.0 98,1.0 115,2.0 116,5.0 119,3.0 120,3.0 141,1.0 147,1.0 151,1.0 155,2.0 156,2.0 167,1.0 169,1.0 
44,2.0 54,3.0 139,2.0 156,1.0 247,1.0 248,1.0 
45,2.0 55,3.0 131,2.0 
32,5.0 46,3.0 49,5.0 
32,5.0 46,1.0 48,1.0 57,4.0 86,1.0 99,1.0 100,1.0 
44,8.0 56,1.0 93,1.0 153,1.0 
1,1.0 2,2.0 4,2.0 5,2.0 32,1.0 40,7.0 44,2.0 47,2.0 51,4.0 59,2.0 86,5.0 180,1.0 
1,2.0 3,1.0 7,1.0 11,3.0 12,3.0 13,1.0 14,3.0 15,3.0 22,1.0 26,3.0 28,8.0 42,2.0 59,1.0 60,2.0 61,2.0 65,2.0 69,2.0 70,2.0 71,5.0 72,2.0 76,1.0 109,1.0 110,1.0 129,3.0 141,3.0 155,3.0 157,10.0 158,1.0 175,13.0 178,2.0 179,4.0 186,5.0 187,6.0 189,8.0 190,3.0 191,3.0 192,3.0 200,2.0 201,2.0 204,1.0 207,2.0 208,2.0 227,1.0 
32,1.0 47,10.0 61,2.0 
47,2.0 62,2.0 
4,2.0 5,2.0 8,2.0 9,2.0 47,2.0 59,4.0 
8,2.0 9,2.0 49,5.0 55,5.0 62,2.0 86,5.0 131,1.0 
28,3.0 44,1.0 59,6.0 65,2.0 114,2.0 186,3.0 187,3.0 205,1.0 206,2.0 210,1.0 219,1.0 227,1.0 228,1.0 243,1.0 244,1.0 
42,2.0 59,2.0 
42,1.0 67,3.0 116,1.0 
4,2.0 5,2.0 42,3.0 48,1.0 58,2.0 66,2.0 68,4.0 
14,2.0 15,2.0 22,2.0 42,1.0 43,1.0 48,1.0 59,1.0 69,2.0 76,1.0 116,1.0 
19,3.0 20,3.0 52,1.0 59,3.0 68,1.0 70,4.0 71,1.0 74,1.0 76,3.0 77,1.0 111,1.0 
59,4.0 71,4.0 
24,2.0 25,2.0 59,2.0 69,1.0 72,4.0 73,1.0 76,2.0 
19,2.0 20,2.0 69,2.0 73,4.0 
74,6.0 91,1.0 
46,1.0 71,2.0 75,2.0 113,1.0 149,1.0 150,1.0 
72,2.0 112,1.0 
24,3.0 25,3.0 59,5.0 67,1.0 69,4.0 73,1.0 165,1.0 
6,5.0 22,1.0 32,10.0 76,1.0 126,2.0 
22,2.0 32,2.0 39,2.0 50,4.0 79,15.0 126,1.0 137,2.0 
34,15.0 231,1.0 240,1.0 242,1.0 
51,5.0 
52,10.0 
7,5.0 49,5.0 152,1.0 
50,5.0 
52,1.0 59,1.0 85,6.0 
32,1.0 51,5.0 119,1.0 
2,2.0 27,2.0 46,1.0 48,1.0 49,1.0 50,1.0 57,1.0 58,3.0 87,5.0 95,1.0 108,1.0 140,1.0 
77,5.0 86,3.0 
46,6.0 67,2.0 110,2.0 
40,6.0 50,6.0 
56,5.0 135,2.0 
29,1.0 40,1.0 51,2.0 92,1.0 114,2.0 140,2.0 151,2.0 264,1.0 
40,1.0 59,1.0 93,1.0 180,1.0 225,1.0 226,1.0 
51,1.0 52,5.0 57,1.0 115,2.0 153,1.0 208,1.0 220,1.0 
40,1.0 95,1.0 261,1.0 
19,1.0 20,1.0 87,1.0 91,1.0 96,1.0 97,1.0 140,1.0 162,1.0 
19,1.0 20,1.0 95,2.0 
2,1.0 
22,1.0 24,1.0 25,1.0 85,1.0 122,1.0 302,1.0 305,1.0 
38,1.0 56,1.0 
38,1.0 40,1.0 101,1.0 266,5.0 
49,1.0 
49,1.0 58,1.0 103,2.0 104,1.0 105,1.0 
33,1.0 40,1.0 105,1.0 107,1.0 289,1.0 290,1.0 
43,1.0 49,1.0 102,1.0 103,2.0 105,2.0 106,1.0 288,1.0 
103,1.0 106,2.0 107,1.0 287,1.0 289,1.0 290,1.0 
105,1.0 107,2.0 269,1.0 285,1.0 287,1.0 289,1.0 
43,1.0 102,1.0 104,2.0 286,1.0 287,1.0 288,1.0 289,1.0 
56,1.0 102,1.0 
1,1.0 3,1.0 14,1.0 15,1.0 22,1.0 59,1.0 76,1.0 235,1.0 
7,1.0 88,4.0 116,2.0 210,4.0 240,1.0 
75,1.0 171,1.0 
19,1.0 20,1.0 69,1.0 
24,1.0 25,1.0 76,1.0 
1,1.0 7,1.0 40,2.0 48,1.0 58,1.0 59,1.0 64,2.0 183,1.0 196,1.0 199,1.0 202,1.0 203,1.0 205,1.0 219,1.0 227,1.0 228,2.0 231,1.0 244,1.0 
42,1.0 46,1.0 52,4.0 91,2.0 120,1.0 137,1.0 
3,1.0 32,2.0 33,4.0 52,2.0 67,1.0 76,1.0 78,1.0 110,1.0 115,2.0 129,1.0 133,1.0 136,1.0 141,2.0 146,2.0 149,1.0 166,1.0 173,1.0 
37,2.0 40,2.0 48,1.0 52,3.0 166,1.0 198,1.0 228,1.0 253,1.0 254,1.0 
34,2.0 
84,1.0 120,2.0 122,1.0 258,1.0 260,1.0 
0,1.0 2,4.0 40,2.0 51,2.0 77,2.0 117,1.0 127,2.0 161,1.0 201,1.0 218,1.0 
48,1.0 52,1.0 196,1.0 197,1.0 294,1.0 295,1.0 296,1.0 297,1.0 
21,1.0 28,2.0 40,1.0 95,1.0 
32,1.0 78,2.0 214,1.0 215,1.0 231,1.0 
120,1.0 
51,1.0 
2,2.0 33,1.0 
21,1.0 69,1.0 
66,1.0 109,1.0 132,2.0 
1,3.0 7,1.0 28,6.0 59,3.0 130,2.0 158,3.0 175,5.0 186,2.0 187,1.0 189,3.0 190,6.0 204,1.0 215,2.0 
31,2.0 33,1.0 78,2.0 120,1.0 129,1.0 
36,1.0 45,2.0 54,2.0 120,1.0 
116,2.0 
52,1.0 
135,1.0 
52,2.0 154,2.0 
78,1.0 109,1.0 185,1.0 191,2.0 199,2.0 
44,1.0 51,2.0 168,1.0 
139,1.0 
40,2.0 44,2.0 51,2.0 53,2.0 117,2.0 130,2.0 145,2.0 
58,1.0 93,2.0 152,1.0 
10,3.0 21,2.0 48,5.0 59,1.0 109,1.0 110,6.0 116,1.0 146,1.0 158,3.0 175,3.0 176,3.0 177,8.0 178,10.0 183,17.0 184,6.0 185,6.0 191,9.0 192,9.0 193,7.0 196,2.0 199,2.0 
46,2.0 
51,2.0 144,2.0 178,2.0 183,2.0 184,2.0 
110,2.0 266,1.0 
37,2.0 51,2.0 
52,2.0 59,1.0 141,1.0 175,2.0 176,1.0 
148,1.0 
116,1.0 
51,1.0 73,1.0 150,1.0 268,1.0 
52,1.0 149,2.0 273,1.0 
87,1.0 95,1.0 171,1.0 
58,1.0 87,1.0 210,2.0 
90,2.0 
52,2.0 
28,3.0 59,3.0 156,2.0 157,5.0 179,9.0 180,3.0 182,3.0 
59,1.0 155,2.0 157,5.0 
146,2.0 158,2.0 175,9.0 181,3.0 230,1.0 
27,2.0 48,9.0 53,2.0 114,1.0 121,1.0 139,2.0 141,1.0 159,2.0 176,1.0 183,2.0 185,3.0 191,1.0 194,3.0 196,3.0 197,1.0 199,1.0 249,1.0 
158,2.0 
29,2.0 131,1.0 
52,1.0 214,1.0 220,1.0 
163,1.0 
32,1.0 
28,1.0 
45,1.0 
48,1.0 52,1.0 117,1.0 198,1.0 228,1.0 253,1.0 254,1.0 
116,1.0 
51,1.0 139,1.0 
170,1.0 
171,1.0 
96,1.0 172,1.0 174,1.0 
116,1.0 
111,1.0 
52,1.0 
1,1.0 27,1.0 28,4.0 53,1.0 92,1.0 129,3.0 141,7.0 155,6.0 158,10.0 176,6.0 177,10.0 178,24.0 179,7.0 180,2.0 182,3.0 183,6.0 184,2.0 188,2.0 189,8.0 190,3.0 191,3.0 192,3.0 197,2.0 199,1.0 202,2.0 203,4.0 204,2.0 207,2.0 211,2.0 212,4.0 213,2.0 224,2.0 225,1.0 226,1.0 246,1.0 247,1.0 248,1.0 
48,1.0 59,1.0 109,1.0 141,3.0 146,1.0 175,6.0 177,6.0 178,6.0 199,2.0 
110,4.0 141,8.0 175,6.0 176,6.0 178,10.0 183,10.0 201,3.0 210,2.0 227,1.0 239,1.0 
7,1.0 28,7.0 64,3.0 141,10.0 143,2.0 158,2.0 175,12.0 176,6.0 177,12.0 183,18.0 184,12.0 185,22.0 186,6.0 187,7.0 188,3.0 201,2.0 209,2.0 210,6.0 212,2.0 216,2.0 217,2.0 218,2.0 
1,1.0 28,4.0 59,3.0 123,1.0 155,9.0 157,3.0 158,1.0 175,1.0 180,3.0 182,3.0 304,1.0 
51,1.0 59,11.0 92,1.0 93,1.0 155,3.0 156,2.0 175,1.0 179,3.0 189,1.0 208,6.0 210,1.0 225,1.0 226,1.0 227,2.0 
175,3.0 
7,1.0 28,5.0 46,1.0 110,1.0 155,3.0 179,3.0 192,1.0 220,1.0 230,1.0 241,5.0 
3,2.0 21,2.0 22,1.0 48,3.0 110,4.0 114,1.0 141,17.0 152,2.0 177,10.0 178,14.0 184,14.0 185,9.0 191,1.0 193,1.0 196,5.0 201,2.0 210,2.0 212,4.0 235,1.0 236,1.0 238,1.0 
3,2.0 141,6.0 152,2.0 178,10.0 183,14.0 185,8.0 212,4.0 
136,1.0 141,6.0 143,2.0 158,3.0 178,22.0 183,9.0 184,8.0 189,1.0 191,2.0 196,1.0 199,1.0 217,1.0 237,1.0 
28,9.0 59,6.0 64,3.0 129,2.0 175,7.0 187,11.0 188,3.0 189,5.0 208,2.0 215,2.0 
7,2.0 28,10.0 59,6.0 64,3.0 129,1.0 158,1.0 175,5.0 178,1.0 186,11.0 188,3.0 189,4.0 204,1.0 208,2.0 
28,3.0 59,3.0 180,2.0 186,3.0 187,3.0 203,2.0 224,2.0 
7,1.0 28,3.0 129,3.0 158,5.0 175,12.0 180,1.0 183,1.0 186,5.0 187,4.0 204,1.0 206,1.0 214,1.0 215,2.0 217,1.0 219,2.0 230,6.0 232,1.0 233,1.0 234,1.0 235,1.0 237,1.0 238,1.0 245,1.0 
1,3.0 28,6.0 59,3.0 129,6.0 158,3.0 175,3.0 179,1.0 
10,3.0 22,1.0 23,1.0 48,4.0 109,1.0 136,2.0 141,9.0 158,3.0 175,3.0 183,1.0 185,1.0 192,9.0 193,6.0 196,1.0 199,2.0 249,1.0 250,1.0 
7,1.0 10,3.0 48,3.0 110,1.0 141,9.0 158,3.0 175,3.0 182,1.0 191,9.0 193,6.0 212,1.0 241,1.0 
10,3.0 48,8.0 141,7.0 183,1.0 191,6.0 192,6.0 
48,3.0 
59,1.0 
21,2.0 22,1.0 48,3.0 114,1.0 121,1.0 141,2.0 183,5.0 191,1.0 197,1.0 
48,1.0 121,1.0 178,2.0 196,1.0 211,2.0 
29,1.0 48,9.0 117,1.0 166,1.0 228,1.0 253,1.0 254,1.0 
7,1.0 48,1.0 58,1.0 109,2.0 114,1.0 136,2.0 141,2.0 176,2.0 185,1.0 191,2.0 203,2.0 207,1.0 
59,2.0 175,1.0 201,2.0 227,1.0 
34,1.0 59,2.0 175,1.0 177,3.0 183,2.0 200,2.0 210,2.0 218,1.0 227,2.0 239,1.0 
58,1.0 114,1.0 178,2.0 212,2.0 213,2.0 
7,2.0 27,1.0 44,1.0 58,1.0 114,1.0 180,3.0 188,2.0 199,2.0 207,2.0 219,1.0 224,2.0 229,1.0 
117,1.0 136,1.0 158,1.0 166,1.0 175,2.0 183,1.0 185,1.0 191,1.0 198,1.0 199,1.0 236,1.0 253,1.0 254,1.0 
59,1.0 64,1.0 114,1.0 
44,1.0 64,2.0 210,2.0 243,1.0 244,1.0 
27,1.0 44,1.0 58,1.0 59,1.0 157,1.0 199,1.0 203,2.0 
0,1.0 51,1.0 93,1.0 175,8.0 182,1.0 186,2.0 187,2.0 220,6.0 239,2.0 241,1.0 251,2.0 252,1.0 
208,2.0 210,2.0 
129,2.0 186,2.0 189,4.0 208,6.0 209,2.0 214,8.0 215,2.0 216,2.0 217,2.0 218,2.0 230,1.0 231,2.0 
178,2.0 197,2.0 
3,2.0 7,1.0 178,4.0 183,4.0 184,4.0 192,1.0 202,2.0 213,2.0 230,1.0 239,1.0 
178,2.0 202,2.0 212,2.0 
161,1.0 175,6.0 180,1.0 182,1.0 204,1.0 212,1.0 220,13.0 221,2.0 222,2.0 223,2.0 230,5.0 239,1.0 241,1.0 
123,1.0 129,2.0 175,2.0 186,2.0 189,2.0 214,1.0 231,1.0 
210,2.0 214,2.0 217,2.0 218,2.0 
189,1.0 210,2.0 214,2.0 216,2.0 218,2.0 235,1.0 237,1.0 
34,1.0 201,1.0 210,2.0 214,2.0 216,2.0 217,2.0 
7,1.0 64,1.0 114,1.0 180,1.0 203,1.0 214,2.0 227,1.0 228,1.0 229,1.0 
0,1.0 7,1.0 31,2.0 48,1.0 64,1.0 114,1.0 161,1.0 180,3.0 182,2.0 203,1.0 214,11.0 219,2.0 221,2.0 222,2.0 223,2.0 228,1.0 229,1.0 230,2.0 239,2.0 241,4.0 251,2.0 252,1.0 
214,2.0 220,2.0 222,2.0 223,2.0 
214,2.0 220,2.0 221,2.0 223,2.0 
214,2.0 220,2.0 221,2.0 222,2.0 
180,2.0 188,2.0 203,2.0 
59,1.0 92,1.0 180,1.0 226,1.0 
59,1.0 92,1.0 180,1.0 225,1.0 
180,2.0 208,3.0 214,1.0 220,1.0 
1,1.0 48,1.0 50,1.0 64,1.0 114,2.0 219,1.0 227,1.0 231,1.0 244,1.0 
7,1.0 180,1.0 203,1.0 219,1.0 
1,1.0 64,1.0 79,1.0 114,1.0 157,1.0 177,1.0 182,1.0 189,9.0 192,2.0 201,1.0 206,1.0 212,1.0 220,2.0 228,1.0 231,1.0 239,1.0 240,1.0 241,1.0 242,1.0 243,1.0 244,2.0 245,1.0 
123,1.0 210,1.0 214,4.0 215,1.0 230,1.0 235,2.0 
231,1.0 233,1.0 234,1.0 
231,1.0 232,1.0 234,1.0 
231,1.0 232,1.0 233,1.0 
7,1.0 129,1.0 156,1.0 157,1.0 187,1.0 189,1.0 204,1.0 214,1.0 230,1.0 231,1.0 
183,1.0 185,1.0 
189,1.0 217,1.0 235,1.0 
183,1.0 235,1.0 
130,2.0 177,1.0 201,1.0 212,1.0 220,2.0 227,1.0 230,1.0 241,2.0 251,4.0 
79,1.0 123,1.0 210,1.0 215,1.0 231,2.0 242,1.0 
28,2.0 110,1.0 130,2.0 182,5.0 192,1.0 220,1.0 230,1.0 239,2.0 251,2.0 
79,1.0 231,1.0 240,1.0 
64,1.0 206,1.0 210,1.0 244,1.0 
1,1.0 64,1.0 114,1.0 206,1.0 210,1.0 228,1.0 231,1.0 243,1.0 
189,1.0 230,1.0 
235,1.0 
53,1.0 156,1.0 248,1.0 
53,1.0 156,1.0 247,1.0 
48,1.0 191,1.0 
59,1.0 
130,2.0 220,2.0 239,4.0 241,2.0 
0,1.0 214,1.0 220,1.0 
48,1.0 117,1.0 166,1.0 198,1.0 228,1.0 254,1.0 
48,1.0 117,1.0 166,1.0 198,1.0 228,1.0 253,1.0 
256,1.0 
38,1.0 301,1.0 
45,1.0 
40,1.0 259,1.0 
40,1.0 119,1.0 
94,1.0 
40,1.0 262,1.0 
263,1.0 
34,1.0 264,1.0 
29,1.0 34,1.0 36,1.0 91,1.0 
6,1.0 
99,1.0 100,7.0 
46,1.0 115,1.0 
269,5.0 271,1.0 280,1.0 284,1.0 285,1.0 287,1.0 
106,1.0 107,1.0 268,1.0 270,4.0 272,3.0 284,1.0 285,1.0 287,1.0 
268,1.0 269,1.0 271,5.0 272,1.0 279,1.0 282,1.0 
150,1.0 268,1.0 269,3.0 279,1.0 280,1.0 283,1.0 284,1.0 285,1.0 
106,1.0 268,4.0 269,1.0 270,1.0 271,1.0 286,1.0 
274,1.0 
275,1.0 276,1.0 
276,1.0 277,1.0 
275,1.0 277,1.0 
278,1.0 279,1.0 
279,1.0 280,1.0 
271,1.0 278,1.0 280,1.0 284,1.0 
270,1.0 272,1.0 281,1.0 282,1.0 283,1.0 284,1.0 
271,1.0 282,1.0 
268,1.0 270,1.0 271,1.0 281,1.0 
270,1.0 280,1.0 
270,1.0 272,1.0 280,1.0 282,1.0 285,1.0 286,1.0 
270,1.0 272,1.0 284,1.0 286,1.0 287,1.0 288,1.0 
105,1.0 106,1.0 268,1.0 269,1.0 272,1.0 288,1.0 
104,1.0 107,1.0 272,1.0 285,1.0 286,1.0 288,1.0 
103,1.0 104,1.0 105,1.0 106,1.0 269,1.0 286,1.0 
102,1.0 104,1.0 107,1.0 288,1.0 290,1.0 291,1.0 292,1.0 293,1.0 
102,1.0 104,1.0 289,1.0 291,1.0 292,1.0 293,1.0 
63,1.0 292,1.0 293,1.0 
63,1.0 291,1.0 293,1.0 
63,1.0 291,1.0 292,1.0 
121,1.0 295,1.0 296,1.0 297,1.0 
121,1.0 294,1.0 296,1.0 297,1.0 
121,1.0 294,1.0 295,1.0 297,1.0 
298,1.0 
299,1.0 
300,1.0 
256,1.0 
98,1.0 
21,1.0 98,1.0 
7,1.0 21,1.0 
28,2.0 
306,1.0 
32,1.0 
2,1.0 
50,1.0 
310,1.0 
309,1.0 
