0,3.0 1,4.0 2,4.0 64,3.0 71,3.0 109,9.0 110,9.0 134,9.0 135,3.0 136,3.0 137,3.0 138,3.0 
1,4.0 2,8.0 3,4.0 4,4.0 12,4.0 28,4.0 30,4.0 31,4.0 46,6.0 150,3.0 156,6.0 162,12.0 
1,12.0 3,4.0 4,4.0 28,4.0 30,4.0 31,4.0 
4,20.0 5,20.0 18,4.0 19,4.0 20,4.0 21,4.0 29,1.0 
3,20.0 5,20.0 18,4.0 19,4.0 20,4.0 21,4.0 
3,4.0 4,4.0 6,4.0 9,4.0 12,4.0 15,4.0 18,4.0 19,4.0 20,4.0 21,4.0 
7,4.0 8,4.0 
3,4.0 4,4.0 8,4.0 
3,4.0 4,4.0 7,4.0 
10,4.0 11,4.0 
3,4.0 4,4.0 11,4.0 
3,4.0 4,4.0 10,4.0 
13,12.0 14,8.0 27,8.0 28,8.0 30,8.0 31,8.0 32,4.0 33,4.0 34,4.0 35,4.0 36,4.0 
1,4.0 2,4.0 3,4.0 4,4.0 12,4.0 13,4.0 14,12.0 27,4.0 28,8.0 30,8.0 31,16.0 32,8.0 33,8.0 34,8.0 
1,4.0 2,4.0 3,4.0 4,4.0 13,8.0 28,4.0 30,4.0 31,8.0 32,4.0 33,4.0 34,4.0 
12,4.0 13,4.0 16,8.0 17,4.0 27,8.0 28,8.0 29,4.0 30,4.0 31,4.0 
3,4.0 4,4.0 5,4.0 12,4.0 13,4.0 15,4.0 17,4.0 27,8.0 28,8.0 29,4.0 30,4.0 31,4.0 
3,4.0 4,4.0 5,4.0 16,4.0 
19,4.0 20,4.0 21,4.0 22,4.0 23,4.0 24,4.0 25,4.0 26,4.0 
18,4.0 20,4.0 21,4.0 22,4.0 23,4.0 24,4.0 25,4.0 26,4.0 
18,4.0 19,4.0 21,4.0 22,4.0 23,4.0 24,4.0 25,4.0 26,4.0 
18,4.0 19,4.0 20,4.0 22,4.0 23,4.0 24,4.0 25,4.0 26,4.0 
15,4.0 16,4.0 23,4.0 24,4.0 25,4.0 26,4.0 27,4.0 28,4.0 29,4.0 
15,4.0 16,4.0 22,4.0 24,4.0 25,4.0 26,4.0 27,4.0 28,4.0 29,4.0 46,2.0 63,2.0 186,2.0 
15,4.0 16,4.0 22,4.0 23,4.0 25,4.0 26,4.0 27,4.0 28,4.0 29,4.0 
15,4.0 16,4.0 22,4.0 23,4.0 24,4.0 26,4.0 27,4.0 28,4.0 29,4.0 
15,4.0 16,4.0 22,4.0 23,4.0 24,4.0 25,4.0 27,4.0 28,4.0 29,4.0 
12,8.0 13,12.0 14,4.0 15,4.0 16,4.0 27,4.0 28,16.0 29,4.0 30,12.0 31,12.0 32,4.0 33,4.0 34,4.0 35,4.0 36,4.0 37,4.0 
1,8.0 2,4.0 12,8.0 13,12.0 14,4.0 15,4.0 16,4.0 27,16.0 28,4.0 29,4.0 30,16.0 31,16.0 32,4.0 33,4.0 34,4.0 35,4.0 36,4.0 37,4.0 111,3.0 112,3.0 
12,4.0 13,4.0 15,4.0 16,4.0 27,8.0 28,11.0 30,4.0 31,4.0 44,6.0 46,6.0 53,7.0 78,3.0 111,3.0 139,1.0 156,6.0 237,1.0 
1,8.0 2,4.0 12,4.0 13,8.0 14,4.0 27,8.0 28,12.0 31,12.0 32,4.0 33,4.0 34,4.0 35,4.0 36,4.0 37,4.0 110,3.0 
1,12.0 2,8.0 12,4.0 13,12.0 14,8.0 27,4.0 28,12.0 30,12.0 31,8.0 32,8.0 33,11.0 34,8.0 45,3.0 147,3.0 
1,4.0 2,4.0 13,4.0 14,4.0 28,4.0 30,4.0 31,8.0 33,4.0 34,4.0 46,3.0 50,3.0 77,3.0 78,3.0 82,3.0 93,3.0 140,3.0 208,3.0 
1,4.0 2,4.0 13,4.0 14,4.0 28,4.0 30,4.0 31,8.0 32,4.0 34,4.0 44,3.0 45,3.0 64,3.0 108,3.0 118,3.0 147,3.0 
1,4.0 2,4.0 13,4.0 14,4.0 28,4.0 30,4.0 31,8.0 32,7.0 33,4.0 78,3.0 
27,4.0 28,4.0 30,4.0 36,4.0 37,4.0 
27,4.0 28,4.0 30,4.0 35,4.0 37,4.0 
37,9.0 38,4.0 39,4.0 40,2.0 41,2.0 44,18.0 45,9.0 46,6.0 49,3.0 52,36.0 53,13.0 54,4.0 55,3.0 56,7.0 61,4.0 62,4.0 64,12.0 71,3.0 75,9.0 76,7.0 77,7.0 78,13.0 79,7.0 80,3.0 91,16.0 94,3.0 95,2.0 104,4.0 105,9.0 106,3.0 112,3.0 113,3.0 130,2.0 137,2.0 140,6.0 141,5.0 142,2.0 151,3.0 152,2.0 155,1.0 156,2.0 180,2.0 185,3.0 186,6.0 206,3.0 211,2.0 213,3.0 214,1.0 215,3.0 218,7.0 220,1.0 222,2.0 223,2.0 224,2.0 225,2.0 226,1.0 227,1.0 229,1.0 230,1.0 231,2.0 232,3.0 233,1.0 234,3.0 235,1.0 
39,4.0 40,4.0 41,4.0 42,4.0 
38,4.0 40,4.0 41,4.0 42,4.0 
37,1.0 40,4.0 41,12.0 42,12.0 43,4.0 91,1.0 120,3.0 151,3.0 154,2.0 228,1.0 
37,3.0 40,12.0 41,4.0 42,12.0 43,4.0 46,2.0 52,2.0 63,2.0 77,3.0 104,3.0 137,1.0 138,3.0 139,1.0 143,3.0 144,3.0 156,1.0 
40,12.0 41,12.0 42,4.0 43,4.0 
44,4.0 45,4.0 46,6.0 95,1.0 156,2.0 238,1.0 244,1.0 
31,3.0 37,19.0 45,44.0 46,17.0 47,4.0 49,4.0 50,15.0 52,19.0 53,65.0 54,4.0 55,4.0 59,3.0 64,33.0 65,3.0 71,12.0 75,24.0 76,7.0 78,3.0 83,3.0 94,10.0 96,7.0 102,9.0 104,3.0 105,22.0 108,6.0 118,3.0 142,3.0 143,3.0 156,12.0 164,3.0 167,6.0 174,3.0 175,3.0 178,3.0 179,3.0 181,3.0 182,3.0 185,3.0 186,3.0 187,3.0 188,3.0 189,3.0 190,3.0 191,3.0 192,3.0 201,3.0 206,3.0 212,3.0 
33,3.0 37,9.0 44,57.0 46,21.0 47,11.0 49,4.0 50,6.0 52,9.0 53,3.0 64,27.0 66,7.0 67,7.0 72,7.0 75,27.0 78,3.0 91,6.0 105,3.0 108,6.0 119,3.0 120,3.0 139,3.0 143,3.0 147,3.0 164,3.0 172,3.0 180,3.0 212,3.0 
23,2.0 29,6.0 32,3.0 37,10.0 40,1.0 41,2.0 43,1.0 44,35.0 45,36.0 46,10.0 47,17.0 49,7.0 50,12.0 51,7.0 52,1.0 53,38.0 57,14.0 58,8.0 59,7.0 63,27.0 64,6.0 72,7.0 77,1.0 78,1.0 80,5.0 82,4.0 91,6.0 94,1.0 95,2.0 104,10.0 105,3.0 106,3.0 112,4.0 119,9.0 120,3.0 124,3.0 125,3.0 138,1.0 140,12.0 141,6.0 147,2.0 148,3.0 150,3.0 152,1.0 156,53.0 158,3.0 159,3.0 162,6.0 164,3.0 169,3.0 172,3.0 175,2.0 185,6.0 186,2.0 188,3.0 201,3.0 211,1.0 212,1.0 214,1.0 216,1.0 218,4.0 219,1.0 220,1.0 221,1.0 238,2.0 240,2.0 241,2.0 242,1.0 243,1.0 244,1.0 245,1.0 
46,3.0 48,17.0 63,3.0 118,3.0 120,3.0 142,3.0 151,3.0 156,6.0 
37,3.0 44,4.0 45,4.0 46,10.0 47,3.0 49,7.0 51,11.0 106,3.0 142,3.0 156,3.0 165,3.0 
37,3.0 50,11.0 52,3.0 54,7.0 63,3.0 72,7.0 81,7.0 91,3.0 140,3.0 190,3.0 
0,1.0 37,3.0 44,12.0 45,3.0 46,1.0 48,11.0 51,3.0 52,21.0 53,18.0 54,7.0 57,6.0 63,1.0 65,3.0 72,10.0 81,7.0 83,3.0 94,3.0 98,3.0 105,3.0 136,3.0 140,6.0 151,3.0 164,3.0 166,1.0 167,6.0 168,3.0 170,3.0 172,3.0 185,1.0 207,3.0 209,3.0 214,3.0 215,3.0 
32,3.0 44,4.0 52,4.0 53,11.0 54,4.0 56,11.0 136,3.0 172,3.0 214,3.0 215,3.0 
0,1.0 37,31.0 40,1.0 44,19.0 46,1.0 50,36.0 52,7.0 53,28.0 54,4.0 55,7.0 57,6.0 63,4.0 66,3.0 72,3.0 80,3.0 95,2.0 104,1.0 105,7.0 125,3.0 130,1.0 139,3.0 140,3.0 141,4.0 142,3.0 152,2.0 155,1.0 156,1.0 164,6.0 166,2.0 167,6.0 170,3.0 182,3.0 185,1.0 186,3.0 190,3.0 206,1.0 211,2.0 214,1.0 215,1.0 218,5.0 222,1.0 223,2.0 224,2.0 225,2.0 226,1.0 227,1.0 230,1.0 
0,3.0 3,1.0 37,13.0 44,55.0 46,24.0 50,18.0 51,3.0 52,13.0 53,5.0 54,14.0 55,11.0 57,14.0 58,25.0 59,17.0 61,11.0 62,14.0 63,3.0 64,19.0 65,6.0 70,7.0 71,22.0 72,13.0 73,7.0 74,3.0 75,12.0 78,9.0 80,3.0 82,17.0 83,7.0 86,7.0 90,7.0 91,3.0 94,19.0 101,3.0 102,9.0 105,19.0 120,3.0 125,3.0 136,3.0 139,24.0 140,15.0 141,3.0 142,6.0 143,3.0 148,3.0 156,4.0 164,6.0 166,2.0 170,3.0 172,3.0 174,3.0 177,3.0 181,3.0 182,6.0 185,4.0 186,3.0 187,3.0 190,3.0 191,3.0 192,3.0 214,4.0 215,3.0 236,2.0 237,1.0 238,1.0 239,1.0 
37,4.0 44,4.0 46,3.0 48,7.0 50,7.0 52,4.0 53,11.0 54,15.0 55,4.0 61,4.0 62,4.0 72,7.0 81,7.0 82,3.0 91,3.0 94,3.0 104,6.0 107,3.0 120,3.0 139,6.0 146,3.0 151,3.0 156,3.0 211,3.0 
46,10.0 51,4.0 142,3.0 156,3.0 165,3.0 
46,7.0 53,14.0 57,4.0 58,11.0 60,14.0 82,10.0 
37,6.0 46,11.0 50,6.0 52,3.0 53,14.0 58,8.0 59,4.0 64,4.0 87,7.0 148,3.0 168,3.0 185,3.0 207,3.0 
37,3.0 46,8.0 53,28.0 54,3.0 57,8.0 59,11.0 64,10.0 71,3.0 82,14.0 86,7.0 108,3.0 156,3.0 
37,7.0 44,3.0 53,3.0 56,7.0 70,3.0 71,3.0 83,6.0 105,3.0 188,3.0 204,3.0 
37,4.0 53,14.0 54,4.0 61,11.0 72,3.0 83,7.0 85,7.0 94,3.0 120,6.0 147,3.0 151,3.0 
37,4.0 53,11.0 54,4.0 62,11.0 83,7.0 
63,7.0 84,7.0 
23,2.0 37,1.0 40,1.0 41,2.0 46,31.0 47,3.0 49,3.0 52,4.0 53,9.0 57,4.0 58,7.0 63,5.0 95,7.0 104,4.0 105,3.0 118,6.0 136,2.0 138,1.0 139,2.0 141,6.0 142,1.0 147,2.0 156,14.0 175,2.0 178,2.0 185,6.0 186,2.0 190,6.0 212,1.0 214,1.0 216,1.0 218,2.0 219,1.0 220,1.0 221,1.0 
30,3.0 37,6.0 44,18.0 45,15.0 46,1.0 52,1.0 53,9.0 65,7.0 71,21.0 75,34.0 78,6.0 105,1.0 109,3.0 116,3.0 118,3.0 119,3.0 121,6.0 124,6.0 132,3.0 133,3.0 156,1.0 166,1.0 206,1.0 241,2.0 
29,3.0 45,7.0 46,3.0 66,7.0 156,3.0 170,3.0 
45,7.0 50,3.0 52,3.0 53,3.0 67,7.0 
59,3.0 68,7.0 69,3.0 70,3.0 73,3.0 77,3.0 78,6.0 188,3.0 198,3.0 202,3.0 
69,7.0 
53,7.0 67,6.0 69,6.0 70,13.0 71,7.0 72,7.0 73,3.0 83,6.0 
37,3.0 44,3.0 53,7.0 69,6.0 71,7.0 72,7.0 73,10.0 74,3.0 83,3.0 120,3.0 142,6.0 151,3.0 156,3.0 187,3.0 188,6.0 204,6.0 205,3.0 
30,3.0 37,3.0 44,9.0 53,19.0 64,21.0 70,7.0 72,7.0 73,7.0 78,3.0 105,3.0 121,3.0 124,6.0 191,3.0 192,3.0 
45,7.0 46,7.0 47,7.0 48,7.0 50,10.0 51,3.0 53,13.0 54,7.0 62,3.0 70,7.0 71,7.0 73,7.0 81,7.0 94,3.0 106,6.0 107,6.0 108,9.0 113,3.0 115,3.0 136,3.0 172,3.0 214,3.0 215,3.0 
70,3.0 74,7.0 120,3.0 151,3.0 
44,3.0 53,3.0 63,3.0 64,7.0 70,3.0 101,3.0 105,3.0 141,3.0 156,9.0 173,3.0 
37,3.0 41,3.0 44,12.0 45,22.0 46,3.0 53,9.0 64,27.0 77,3.0 78,3.0 80,3.0 105,3.0 109,3.0 116,3.0 121,3.0 132,6.0 133,3.0 138,3.0 139,9.0 140,9.0 141,3.0 142,9.0 143,3.0 144,3.0 156,6.0 192,3.0 
37,7.0 77,7.0 78,7.0 79,7.0 
41,3.0 43,1.0 46,4.0 67,3.0 78,8.0 79,14.0 104,3.0 138,3.0 143,3.0 144,3.0 156,4.0 202,3.0 244,1.0 
28,3.0 29,3.0 32,3.0 43,1.0 45,3.0 46,4.0 59,3.0 67,6.0 72,9.0 77,8.0 79,14.0 82,3.0 93,3.0 106,6.0 111,3.0 113,3.0 119,3.0 127,6.0 128,6.0 143,3.0 156,1.0 188,3.0 198,3.0 244,1.0 
77,7.0 78,7.0 79,14.0 80,7.0 
44,3.0 45,10.0 46,11.0 47,3.0 72,7.0 75,3.0 104,3.0 139,3.0 141,1.0 145,3.0 156,4.0 240,1.0 245,1.0 
48,7.0 50,7.0 54,7.0 72,7.0 
46,4.0 53,17.0 58,14.0 59,10.0 85,3.0 86,7.0 93,3.0 150,3.0 153,3.0 156,1.0 
48,3.0 53,7.0 58,3.0 61,7.0 62,7.0 67,3.0 69,6.0 85,6.0 138,3.0 146,3.0 148,6.0 152,6.0 154,3.0 
60,7.0 
53,7.0 58,7.0 60,6.0 82,7.0 106,3.0 120,3.0 
57,7.0 
88,7.0 89,7.0 
53,7.0 89,7.0 
53,7.0 88,7.0 
91,7.0 
37,12.0 40,1.0 45,6.0 46,6.0 54,6.0 91,1.0 92,7.0 120,3.0 137,2.0 139,6.0 140,3.0 142,1.0 211,3.0 212,3.0 215,2.0 220,1.0 231,2.0 232,3.0 233,1.0 234,2.0 235,1.0 
93,7.0 101,7.0 102,7.0 
82,3.0 85,3.0 94,7.0 
0,2.0 37,3.0 46,1.0 53,19.0 55,3.0 57,3.0 62,3.0 63,7.0 64,1.0 72,3.0 74,9.0 78,3.0 105,7.0 112,1.0 113,3.0 120,3.0 139,6.0 140,3.0 141,1.0 142,3.0 166,1.0 172,3.0 173,3.0 185,6.0 241,1.0 
37,2.0 46,2.0 52,1.0 80,1.0 96,7.0 97,7.0 130,1.0 141,2.0 156,3.0 238,1.0 
44,7.0 53,7.0 94,7.0 97,7.0 98,7.0 105,7.0 
96,7.0 98,7.0 
46,3.0 99,7.0 169,3.0 
100,7.0 
92,7.0 101,7.0 
92,7.0 94,3.0 102,7.0 172,3.0 
29,3.0 46,9.0 103,7.0 119,6.0 156,9.0 
104,7.0 
37,4.0 44,10.0 45,3.0 46,10.0 52,1.0 63,4.0 80,3.0 83,3.0 96,7.0 104,3.0 139,2.0 141,3.0 145,3.0 147,1.0 149,6.0 150,6.0 156,3.0 224,1.0 228,2.0 
0,3.0 37,9.0 44,9.0 46,1.0 50,3.0 52,11.0 53,19.0 59,3.0 63,4.0 67,3.0 71,3.0 75,3.0 78,6.0 83,3.0 94,7.0 118,3.0 132,3.0 142,15.0 156,18.0 164,3.0 166,3.0 185,1.0 186,6.0 189,3.0 190,3.0 191,3.0 192,6.0 193,3.0 194,3.0 195,3.0 196,3.0 206,1.0 
37,3.0 46,3.0 58,3.0 72,6.0 107,6.0 108,9.0 112,3.0 120,3.0 
44,6.0 45,6.0 108,6.0 149,3.0 150,3.0 
37,12.0 44,21.0 45,18.0 53,9.0 58,3.0 64,6.0 71,3.0 75,3.0 107,6.0 115,12.0 
0,12.0 109,3.0 110,9.0 134,9.0 135,3.0 136,3.0 137,3.0 138,3.0 
0,9.0 29,3.0 78,3.0 109,9.0 110,3.0 134,9.0 135,3.0 136,3.0 137,3.0 138,3.0 
28,3.0 112,3.0 
46,1.0 48,3.0 64,1.0 94,1.0 113,3.0 114,3.0 141,1.0 241,1.0 
37,3.0 55,3.0 72,3.0 94,3.0 108,12.0 114,9.0 115,12.0 130,6.0 
108,9.0 113,9.0 115,9.0 130,6.0 
37,9.0 44,9.0 45,9.0 53,3.0 64,3.0 75,3.0 108,12.0 
117,3.0 
33,3.0 
44,3.0 63,3.0 64,3.0 105,3.0 119,3.0 141,6.0 156,6.0 189,3.0 212,3.0 
34,3.0 44,6.0 45,3.0 46,9.0 53,6.0 156,6.0 172,3.0 
41,1.0 45,3.0 46,3.0 53,3.0 54,3.0 58,3.0 59,3.0 83,15.0 91,3.0 94,3.0 106,3.0 108,3.0 139,1.0 147,6.0 151,15.0 156,4.0 
122,6.0 
123,6.0 
64,6.0 71,6.0 
45,3.0 46,3.0 125,6.0 
46,3.0 50,3.0 52,3.0 53,6.0 72,3.0 126,6.0 140,3.0 183,6.0 184,9.0 
78,6.0 127,6.0 
78,6.0 128,6.0 
129,6.0 130,6.0 
130,6.0 131,6.0 
37,2.0 91,1.0 108,6.0 113,6.0 114,6.0 115,6.0 129,6.0 131,6.0 141,1.0 142,1.0 156,1.0 
105,3.0 113,6.0 114,6.0 130,6.0 142,3.0 156,3.0 192,3.0 
0,3.0 75,3.0 105,3.0 109,3.0 110,3.0 133,3.0 134,3.0 142,3.0 156,3.0 192,3.0 
0,3.0 109,3.0 110,3.0 132,3.0 134,3.0 
0,9.0 109,9.0 110,9.0 134,3.0 135,3.0 136,3.0 137,3.0 138,3.0 
37,1.0 53,4.0 136,3.0 137,3.0 138,3.0 139,3.0 
32,3.0 46,2.0 51,3.0 53,3.0 63,2.0 135,3.0 137,3.0 138,3.0 139,3.0 172,3.0 214,3.0 215,3.0 
37,3.0 41,1.0 52,1.0 53,3.0 91,2.0 135,3.0 136,3.0 138,3.0 139,7.0 156,4.0 218,1.0 234,2.0 
41,3.0 46,1.0 53,3.0 63,1.0 77,3.0 104,5.0 120,1.0 135,3.0 136,3.0 137,3.0 139,7.0 143,3.0 144,3.0 155,3.0 156,4.0 211,1.0 218,1.0 220,1.0 
3,1.0 41,1.0 53,26.0 54,6.0 57,3.0 63,2.0 75,15.0 80,3.0 91,6.0 94,6.0 104,2.0 120,1.0 137,2.0 139,6.0 140,12.0 141,3.0 142,9.0 156,18.0 185,3.0 211,4.0 214,1.0 218,2.0 228,4.0 231,2.0 232,3.0 234,2.0 236,2.0 237,1.0 238,1.0 239,1.0 
41,3.0 46,3.0 50,6.0 52,3.0 53,12.0 75,9.0 77,3.0 80,3.0 91,3.0 94,3.0 98,3.0 125,3.0 138,3.0 139,12.0 141,3.0 142,3.0 143,3.0 144,3.0 185,3.0 209,3.0 212,3.0 
37,5.0 44,3.0 46,8.0 53,3.0 63,6.0 64,1.0 75,3.0 80,1.0 91,1.0 94,1.0 104,3.0 112,1.0 118,6.0 130,1.0 139,3.0 140,3.0 142,1.0 156,11.0 190,3.0 240,1.0 241,1.0 245,1.0 
37,1.0 46,6.0 48,3.0 53,9.0 55,3.0 63,1.0 67,3.0 70,3.0 74,9.0 75,6.0 78,3.0 91,1.0 94,3.0 105,15.0 139,9.0 140,3.0 156,27.0 185,3.0 188,3.0 193,3.0 194,3.0 195,3.0 196,3.0 231,1.0 236,1.0 
41,3.0 44,3.0 45,6.0 46,3.0 77,3.0 78,3.0 104,3.0 108,3.0 119,3.0 138,3.0 144,3.0 180,3.0 
41,3.0 77,3.0 104,3.0 138,3.0 143,3.0 
83,3.0 104,3.0 
120,3.0 147,3.0 150,3.0 153,3.0 
33,3.0 44,3.0 45,3.0 46,2.0 59,3.0 63,2.0 83,3.0 108,3.0 120,6.0 185,1.0 
46,3.0 53,3.0 54,6.0 57,3.0 
50,3.0 69,3.0 70,3.0 105,3.0 150,9.0 
44,3.0 46,3.0 50,3.0 59,3.0 69,3.0 70,3.0 105,3.0 149,9.0 153,6.0 162,3.0 
37,3.0 54,3.0 80,3.0 83,12.0 120,15.0 156,3.0 
37,2.0 46,1.0 52,2.0 54,6.0 64,1.0 155,1.0 156,1.0 211,1.0 214,1.0 241,1.0 
44,3.0 59,3.0 150,6.0 
37,1.0 40,3.0 46,1.0 63,1.0 91,1.0 235,1.0 
37,1.0 54,3.0 120,3.0 151,3.0 
29,6.0 37,5.0 41,1.0 43,1.0 44,27.0 46,52.0 47,6.0 49,6.0 53,19.0 58,3.0 63,11.0 64,4.0 67,3.0 70,3.0 74,6.0 75,3.0 77,1.0 78,4.0 80,2.0 82,1.0 91,1.0 95,2.0 104,6.0 105,21.0 118,12.0 119,6.0 120,1.0 125,3.0 130,1.0 137,2.0 139,18.0 141,9.0 142,19.0 152,1.0 156,6.0 157,3.0 160,3.0 162,6.0 185,2.0 188,3.0 189,3.0 190,3.0 193,3.0 194,3.0 195,3.0 196,3.0 201,3.0 211,2.0 218,3.0 228,4.0 231,2.0 232,3.0 234,2.0 238,2.0 240,2.0 241,1.0 242,1.0 243,1.0 244,1.0 245,1.0 
46,3.0 158,3.0 
46,3.0 159,3.0 
160,3.0 
46,3.0 161,3.0 163,3.0 164,3.0 
156,3.0 
1,24.0 
160,3.0 
0,1.0 46,4.0 50,6.0 52,6.0 53,6.0 63,1.0 105,3.0 166,1.0 185,1.0 
37,3.0 56,3.0 94,3.0 113,3.0 
52,4.0 105,1.0 206,1.0 
50,6.0 52,6.0 57,6.0 
46,3.0 
45,3.0 46,3.0 50,3.0 
50,3.0 52,6.0 53,3.0 66,3.0 171,3.0 
52,3.0 170,3.0 
32,3.0 51,3.0 74,3.0 94,3.0 136,3.0 173,3.0 212,3.0 214,3.0 215,3.0 
44,3.0 74,3.0 
44,3.0 53,3.0 
63,1.0 176,3.0 217,1.0 
46,1.0 53,3.0 63,1.0 177,3.0 
44,3.0 53,3.0 
45,3.0 63,2.0 143,3.0 179,3.0 180,3.0 185,2.0 
45,3.0 143,3.0 178,3.0 180,3.0 
44,3.0 45,3.0 108,3.0 135,1.0 143,3.0 222,1.0 
44,3.0 53,3.0 182,3.0 
44,3.0 52,3.0 53,6.0 164,3.0 
125,9.0 
46,6.0 52,3.0 124,3.0 125,6.0 
37,3.0 40,1.0 44,3.0 46,5.0 53,3.0 57,3.0 63,5.0 74,3.0 94,6.0 136,2.0 139,3.0 142,3.0 156,2.0 216,1.0 219,1.0 
37,6.0 41,2.0 44,3.0 46,2.0 52,3.0 53,3.0 63,2.0 105,6.0 
70,6.0 142,3.0 
59,3.0 67,3.0 70,6.0 74,3.0 78,3.0 142,3.0 156,3.0 204,6.0 205,3.0 
44,3.0 53,3.0 105,3.0 190,3.0 
37,3.0 44,3.0 49,3.0 52,3.0 53,3.0 59,3.0 63,3.0 105,3.0 141,3.0 156,3.0 
75,3.0 105,3.0 132,3.0 192,6.0 
75,6.0 105,18.0 131,3.0 132,6.0 142,15.0 156,15.0 191,3.0 192,3.0 194,3.0 195,3.0 197,3.0 
131,3.0 192,3.0 
105,3.0 142,3.0 156,3.0 192,6.0 195,3.0 
105,3.0 142,3.0 156,3.0 192,6.0 197,3.0 
192,3.0 194,3.0 
105,3.0 142,3.0 156,3.0 192,3.0 
199,3.0 
44,3.0 46,3.0 156,3.0 200,3.0 201,3.0 203,3.0 
199,3.0 
44,3.0 46,3.0 67,3.0 77,3.0 156,3.0 203,3.0 
203,3.0 
44,3.0 46,3.0 156,3.0 199,3.0 201,3.0 
37,3.0 44,3.0 70,6.0 188,3.0 205,3.0 
70,3.0 188,3.0 204,3.0 
52,5.0 105,1.0 166,1.0 
32,3.0 
32,3.0 46,3.0 
210,3.0 
183,3.0 
37,2.0 46,1.0 52,2.0 54,3.0 64,1.0 91,3.0 139,4.0 152,1.0 156,2.0 225,1.0 232,1.0 241,1.0 
37,4.0 44,3.0 46,4.0 47,6.0 52,1.0 63,4.0 156,6.0 213,3.0 
37,3.0 52,3.0 140,3.0 
32,3.0 37,1.0 51,3.0 53,1.0 63,1.0 135,1.0 136,3.0 139,1.0 142,1.0 172,3.0 215,3.0 234,1.0 
32,3.0 37,1.0 40,1.0 51,3.0 91,1.0 136,3.0 137,1.0 139,2.0 156,2.0 172,3.0 214,3.0 228,1.0 
176,1.0 
46,1.0 63,1.0 218,1.0 
37,6.0 41,2.0 46,3.0 52,4.0 63,2.0 82,1.0 139,1.0 156,2.0 175,1.0 214,1.0 215,1.0 226,1.0 231,1.0 
46,1.0 63,1.0 
46,1.0 63,1.0 138,1.0 185,1.0 215,1.0 
46,1.0 63,1.0 212,1.0 
37,2.0 52,1.0 152,1.0 214,1.0 218,1.0 
37,2.0 52,2.0 104,1.0 
37,2.0 52,2.0 230,1.0 
37,2.0 52,2.0 218,1.0 
37,1.0 52,1.0 
228,1.0 
37,5.0 52,2.0 91,3.0 138,2.0 152,1.0 215,2.0 218,1.0 233,1.0 
37,1.0 218,1.0 
37,2.0 52,2.0 95,1.0 
37,2.0 91,2.0 139,2.0 156,2.0 
37,1.0 91,1.0 137,2.0 138,2.0 139,1.0 156,1.0 228,2.0 
37,1.0 91,1.0 232,1.0 
37,2.0 91,1.0 139,1.0 156,1.0 180,1.0 231,2.0 
37,1.0 91,1.0 137,1.0 
53,2.0 139,2.0 238,1.0 
53,1.0 139,1.0 214,1.0 
46,2.0 53,1.0 80,1.0 95,1.0 139,1.0 141,1.0 156,2.0 239,1.0 
46,1.0 
46,2.0 94,1.0 112,1.0 141,1.0 152,1.0 156,1.0 211,1.0 245,1.0 
46,1.0 52,1.0 64,2.0 105,1.0 156,1.0 166,1.0 206,1.0 
46,1.0 156,1.0 243,1.0 
46,1.0 156,1.0 242,1.0 
43,1.0 46,2.0 95,1.0 156,2.0 238,1.0 
46,1.0 94,1.0 112,1.0 141,1.0 240,1.0 
