0,25.0 1,78.0 2,4.0 3,10.0 8,90.0 9,48.0 10,41.0 14,5.0 15,2.0 16,2.0 21,18.0 22,27.0 23,5.0 24,4.0 27,7.0 30,9.0 31,7.0 32,8.0 33,56.0 34,2.0 35,2.0 37,2.0 40,5.0 42,5.0 43,14.0 47,9.0 48,5.0 49,9.0 51,5.0 52,5.0 72,48.0 73,60.0 74,5.0 80,2.0 89,2.0 90,2.0 116,2.0 117,8.0 118,8.0 120,4.0 122,2.0 124,4.0 125,4.0 126,4.0 132,4.0 138,2.0 144,4.0 149,2.0 159,2.0 160,4.0 162,4.0 163,4.0 164,4.0 166,2.0 170,12.0 179,2.0 180,2.0 241,2.0 242,1.0 
0,46.0 1,7.0 2,20.0 4,1.0 6,20.0 7,10.0 8,30.0 9,33.0 10,40.0 11,10.0 12,10.0 14,1.0 15,3.0 21,6.0 22,4.0 27,2.0 31,2.0 32,4.0 33,6.0 35,2.0 37,2.0 72,10.0 73,7.0 76,1.0 82,1.0 89,3.0 90,1.0 118,2.0 122,2.0 126,4.0 170,2.0 262,4.0 263,2.0 264,2.0 
2,38.0 3,90.0 4,25.0 8,104.0 9,21.0 10,80.0 14,80.0 15,105.0 16,89.0 19,2.0 21,3.0 22,5.0 23,5.0 24,19.0 25,28.0 26,5.0 27,20.0 28,5.0 29,5.0 30,24.0 31,20.0 32,18.0 33,81.0 34,15.0 35,15.0 36,15.0 37,10.0 38,16.0 39,20.0 48,4.0 51,8.0 53,1.0 71,2.0 73,26.0 78,3.0 80,4.0 105,1.0 115,6.0 116,2.0 118,18.0 119,4.0 120,8.0 137,17.0 138,12.0 140,2.0 142,6.0 143,6.0 144,6.0 145,4.0 146,4.0 147,4.0 149,2.0 179,7.0 205,7.0 206,8.0 211,2.0 223,9.0 224,2.0 227,2.0 243,1.0 245,2.0 246,1.0 248,1.0 249,2.0 
0,10.0 2,64.0 3,18.0 4,26.0 6,10.0 7,5.0 8,24.0 9,23.0 10,10.0 14,10.0 15,10.0 16,11.0 19,3.0 21,10.0 23,5.0 24,5.0 25,10.0 26,5.0 27,10.0 28,5.0 29,5.0 30,15.0 31,15.0 32,5.0 33,50.0 34,5.0 35,5.0 36,5.0 51,9.0 52,5.0 71,2.0 73,24.0 77,2.0 78,4.0 118,7.0 137,7.0 138,3.0 179,2.0 205,4.0 206,4.0 211,2.0 223,9.0 224,1.0 227,2.0 
1,2.0 2,27.0 3,16.0 4,10.0 5,14.0 8,6.0 9,3.0 12,2.0 14,4.0 19,2.0 21,2.0 32,1.0 33,25.0 34,2.0 37,4.0 38,6.0 39,2.0 51,2.0 71,2.0 73,10.0 78,2.0 80,4.0 90,2.0 98,2.0 102,8.0 104,2.0 115,2.0 118,6.0 124,4.0 125,2.0 126,2.0 137,4.0 138,2.0 141,2.0 142,10.0 151,2.0 152,2.0 153,2.0 159,4.0 160,2.0 162,2.0 163,2.0 164,2.0 169,2.0 170,8.0 175,2.0 176,2.0 179,2.0 205,2.0 206,3.0 223,2.0 224,1.0 227,2.0 249,2.0 262,1.0 264,1.0 
0,10.0 4,2.0 102,2.0 142,2.0 152,2.0 153,2.0 
0,15.0 1,5.0 2,33.0 7,53.0 8,10.0 9,10.0 11,12.0 12,19.0 13,10.0 14,30.0 15,30.0 18,6.0 19,3.0 20,21.0 33,10.0 39,3.0 50,5.0 54,17.0 55,5.0 56,5.0 63,5.0 64,5.0 71,5.0 72,5.0 73,5.0 76,4.0 77,4.0 78,8.0 80,2.0 84,7.0 88,2.0 137,2.0 138,2.0 139,2.0 190,2.0 195,2.0 196,2.0 197,2.0 198,2.0 235,2.0 
0,17.0 2,31.0 3,1.0 6,39.0 8,15.0 9,15.0 11,5.0 13,11.0 14,32.0 15,32.0 18,1.0 19,1.0 20,21.0 22,2.0 23,5.0 24,5.0 25,5.0 26,5.0 27,5.0 28,5.0 29,5.0 32,2.0 33,2.0 72,1.0 73,2.0 78,5.0 80,2.0 116,2.0 137,2.0 138,2.0 139,2.0 266,1.0 
0,92.0 1,40.0 2,97.0 3,22.0 4,6.0 8,23.0 9,48.0 10,132.0 12,7.0 14,60.0 15,71.0 16,98.0 17,20.0 18,20.0 19,20.0 22,5.0 23,5.0 24,17.0 25,20.0 26,5.0 27,27.0 28,5.0 29,5.0 30,25.0 31,25.0 32,15.0 33,73.0 34,15.0 35,17.0 36,15.0 37,10.0 38,22.0 39,14.0 42,4.0 43,5.0 47,5.0 48,5.0 49,5.0 51,7.0 52,5.0 72,22.0 73,34.0 76,7.0 77,7.0 78,9.0 80,2.0 115,2.0 118,8.0 120,4.0 122,6.0 124,2.0 125,2.0 127,2.0 132,4.0 137,2.0 138,2.0 142,6.0 143,4.0 144,2.0 145,2.0 146,2.0 147,4.0 157,1.0 170,6.0 179,2.0 193,2.0 194,2.0 223,1.0 241,2.0 242,1.0 243,2.0 245,1.0 248,2.0 
0,64.0 1,48.0 2,27.0 3,27.0 4,3.0 8,50.0 9,9.0 10,35.0 12,2.0 15,3.0 16,1.0 21,10.0 31,2.0 32,4.0 33,37.0 34,4.0 35,2.0 39,2.0 72,20.0 73,27.0 76,1.0 77,1.0 78,1.0 79,2.0 82,1.0 89,2.0 96,2.0 98,2.0 117,4.0 118,4.0 125,2.0 126,12.0 137,2.0 162,2.0 170,8.0 223,6.0 262,1.0 264,1.0 
0,33.0 1,40.0 2,71.0 3,10.0 6,10.0 8,123.0 9,25.0 10,16.0 11,10.0 12,11.0 14,60.0 15,55.0 16,92.0 17,20.0 18,20.0 19,20.0 23,5.0 24,5.0 25,10.0 26,5.0 27,10.0 28,5.0 29,5.0 30,10.0 31,10.0 32,5.0 33,11.0 34,5.0 35,5.0 36,5.0 39,1.0 72,4.0 73,5.0 76,1.0 77,1.0 78,1.0 118,2.0 241,1.0 
0,1.0 2,3.0 3,1.0 6,12.0 7,15.0 12,11.0 13,11.0 14,2.0 15,2.0 19,4.0 22,2.0 32,2.0 33,4.0 39,2.0 54,5.0 72,1.0 73,1.0 78,8.0 81,1.0 88,3.0 116,2.0 197,3.0 214,7.0 215,7.0 235,4.0 239,3.0 266,1.0 
6,29.0 7,11.0 11,14.0 13,11.0 17,1.0 37,15.0 54,5.0 55,5.0 56,5.0 76,32.0 77,27.0 78,27.0 79,5.0 81,10.0 82,11.0 86,5.0 89,5.0 98,4.0 170,4.0 177,4.0 214,1.0 215,1.0 
0,10.0 6,1.0 7,16.0 8,10.0 9,10.0 11,6.0 12,1.0 17,2.0 18,5.0 19,1.0 20,1.0 33,1.0 39,4.0 72,1.0 76,1.0 78,5.0 82,1.0 84,1.0 88,1.0 90,2.0 113,1.0 115,4.0 158,3.0 159,2.0 160,2.0 161,2.0 214,1.0 215,1.0 252,2.0 266,1.0 
0,7.0 1,2.0 2,90.0 3,10.0 4,2.0 8,80.0 10,80.0 14,2.0 15,84.0 16,80.0 21,8.0 22,8.0 23,12.0 24,7.0 25,10.0 26,5.0 27,10.0 28,5.0 29,5.0 30,12.0 31,10.0 32,11.0 33,5.0 34,7.0 35,5.0 36,7.0 37,4.0 40,5.0 42,5.0 43,5.0 102,6.0 104,4.0 116,2.0 117,2.0 119,2.0 124,2.0 127,2.0 128,2.0 159,2.0 169,2.0 170,6.0 262,1.0 263,1.0 
0,4.0 1,2.0 2,108.0 3,7.0 8,90.0 9,2.0 10,75.0 14,84.0 15,6.0 16,87.0 19,3.0 21,28.0 22,26.0 23,7.0 24,22.0 25,17.0 26,5.0 27,19.0 28,5.0 29,9.0 30,19.0 31,19.0 32,24.0 33,20.0 34,12.0 35,14.0 36,12.0 37,12.0 38,12.0 39,16.0 43,2.0 48,4.0 51,4.0 72,2.0 73,4.0 78,4.0 105,4.0 116,4.0 117,4.0 118,5.0 119,6.0 120,8.0 122,2.0 123,2.0 124,4.0 125,8.0 126,4.0 127,4.0 128,2.0 132,6.0 137,4.0 157,1.0 179,1.0 205,3.0 206,2.0 211,2.0 217,1.0 218,1.0 223,1.0 224,1.0 243,1.0 262,1.0 263,1.0 
2,77.0 3,10.0 8,95.0 10,90.0 14,60.0 15,68.0 16,11.0 17,20.0 18,20.0 19,21.0 21,1.0 22,1.0 23,5.0 24,11.0 25,10.0 26,5.0 27,12.0 28,5.0 29,9.0 30,10.0 31,14.0 32,5.0 33,14.0 34,5.0 35,7.0 36,5.0 38,2.0 39,3.0 43,2.0 51,2.0 53,1.0 73,2.0 78,1.0 105,1.0 118,5.0 119,2.0 120,2.0 124,2.0 125,6.0 132,2.0 137,1.0 157,1.0 179,3.0 243,2.0 245,2.0 246,1.0 248,2.0 
6,20.0 7,20.0 12,1.0 13,2.0 17,6.0 18,22.0 19,20.0 20,20.0 23,2.0 50,2.0 54,1.0 76,2.0 78,1.0 82,1.0 88,1.0 91,14.0 110,2.0 122,4.0 131,2.0 132,4.0 148,4.0 184,2.0 214,1.0 215,1.0 240,2.0 
2,1.0 6,26.0 7,20.0 13,9.0 17,22.0 19,25.0 20,22.0 33,1.0 39,5.0 50,2.0 54,5.0 63,5.0 64,5.0 101,5.0 105,4.0 109,4.0 115,4.0 158,1.0 240,2.0 
2,4.0 3,1.0 6,23.0 7,20.0 9,1.0 11,4.0 17,20.0 18,25.0 19,1.0 20,22.0 33,4.0 39,3.0 54,15.0 71,8.0 73,1.0 77,3.0 78,21.0 81,1.0 88,5.0 89,5.0 105,17.0 109,11.0 113,1.0 221,11.0 222,1.0 229,3.0 235,7.0 236,6.0 249,2.0 
2,21.0 6,21.0 7,20.0 14,20.0 15,20.0 18,2.0 19,2.0 33,1.0 39,1.0 105,1.0 109,1.0 
0,14.0 1,4.0 2,6.0 4,4.0 5,2.0 9,14.0 14,6.0 15,23.0 21,20.0 22,51.0 23,2.0 24,8.0 25,2.0 27,2.0 30,8.0 31,2.0 32,26.0 34,6.0 35,4.0 36,2.0 37,4.0 39,2.0 48,4.0 51,1.0 72,14.0 73,16.0 80,2.0 96,2.0 98,2.0 102,2.0 116,8.0 117,10.0 118,12.0 119,4.0 120,4.0 121,2.0 122,4.0 123,2.0 126,24.0 127,2.0 128,2.0 133,2.0 137,3.0 142,2.0 151,2.0 170,2.0 205,1.0 217,1.0 218,1.0 
0,31.0 2,6.0 8,5.0 9,6.0 14,6.0 15,21.0 21,49.0 22,14.0 23,2.0 24,8.0 25,4.0 27,7.0 30,8.0 31,6.0 32,20.0 35,6.0 37,4.0 43,5.0 47,5.0 48,11.0 49,5.0 51,1.0 71,2.0 72,6.0 73,10.0 91,2.0 98,2.0 116,16.0 117,12.0 118,12.0 119,4.0 120,8.0 122,6.0 126,16.0 132,4.0 133,2.0 137,1.0 138,2.0 170,12.0 179,2.0 180,2.0 205,1.0 217,1.0 218,1.0 
0,10.0 2,10.0 3,10.0 8,15.0 10,10.0 14,15.0 15,5.0 16,10.0 17,2.0 22,5.0 23,24.0 24,27.0 25,30.0 26,30.0 27,32.0 28,30.0 29,30.0 30,39.0 31,15.0 32,7.0 33,5.0 34,12.0 36,12.0 39,2.0 40,5.0 42,30.0 43,30.0 44,10.0 45,10.0 46,10.0 47,5.0 80,2.0 83,2.0 91,2.0 118,2.0 119,12.0 122,20.0 123,2.0 126,4.0 127,12.0 128,6.0 129,2.0 130,2.0 131,2.0 132,2.0 137,2.0 138,2.0 144,6.0 145,6.0 146,6.0 148,2.0 170,2.0 
0,2.0 2,15.0 3,5.0 8,15.0 9,2.0 10,5.0 14,5.0 15,19.0 16,5.0 21,8.0 22,8.0 23,27.0 24,36.0 25,74.0 26,15.0 27,72.0 28,17.0 29,27.0 30,71.0 31,59.0 32,16.0 33,10.0 34,49.0 35,55.0 36,57.0 37,12.0 38,10.0 39,12.0 40,5.0 41,5.0 43,2.0 48,12.0 72,2.0 83,2.0 116,4.0 117,2.0 118,2.0 119,30.0 120,20.0 121,2.0 125,22.0 126,2.0 127,14.0 128,6.0 129,2.0 130,2.0 132,14.0 234,2.0 
0,2.0 2,22.0 3,10.0 4,4.0 8,22.0 9,2.0 10,10.0 14,10.0 15,15.0 16,10.0 21,6.0 23,30.0 24,74.0 25,35.0 26,30.0 27,81.0 28,32.0 29,30.0 30,68.0 31,66.0 32,17.0 33,17.0 34,45.0 35,51.0 36,49.0 37,10.0 38,12.0 39,10.0 40,5.0 41,5.0 48,12.0 72,2.0 80,2.0 117,2.0 119,14.0 120,14.0 121,2.0 126,2.0 137,2.0 140,8.0 141,6.0 142,2.0 143,14.0 144,12.0 145,12.0 146,12.0 147,12.0 148,2.0 149,2.0 150,4.0 151,2.0 234,2.0 
2,10.0 3,10.0 8,10.0 10,10.0 14,10.0 15,5.0 16,10.0 23,30.0 24,15.0 25,30.0 26,10.0 27,30.0 28,30.0 29,30.0 30,15.0 31,15.0 32,5.0 33,5.0 
2,22.0 3,10.0 4,2.0 8,22.0 10,10.0 14,10.0 15,17.0 16,10.0 21,2.0 22,2.0 23,30.0 24,72.0 25,81.0 26,30.0 27,36.0 28,40.0 29,30.0 30,72.0 31,82.0 32,17.0 33,17.0 34,49.0 35,67.0 36,45.0 37,12.0 38,12.0 39,10.0 40,7.0 41,5.0 42,2.0 43,25.0 48,17.0 49,15.0 50,10.0 51,5.0 80,2.0 87,2.0 115,2.0 118,2.0 119,2.0 120,14.0 122,12.0 125,12.0 127,4.0 132,14.0 137,2.0 138,2.0 140,6.0 141,6.0 142,2.0 143,2.0 147,2.0 170,4.0 
2,12.0 3,10.0 4,2.0 8,10.0 10,10.0 11,2.0 14,10.0 15,5.0 16,10.0 19,4.0 23,30.0 24,15.0 25,30.0 26,30.0 27,40.0 28,10.0 29,30.0 30,25.0 31,25.0 32,6.0 33,7.0 39,2.0 43,10.0 71,2.0 73,1.0 77,1.0 78,4.0 81,1.0 105,2.0 234,2.0 249,6.0 
2,10.0 3,10.0 8,10.0 10,10.0 14,10.0 15,7.0 16,10.0 21,2.0 22,2.0 23,30.0 24,27.0 25,30.0 26,30.0 27,30.0 28,30.0 29,14.0 30,17.0 31,25.0 32,7.0 33,5.0 43,2.0 119,4.0 125,10.0 
0,5.0 2,15.0 3,10.0 8,20.0 10,5.0 14,5.0 15,12.0 16,7.0 17,2.0 21,2.0 22,4.0 23,39.0 24,71.0 25,70.0 26,15.0 27,72.0 28,25.0 29,15.0 30,28.0 31,86.0 32,17.0 33,15.0 34,57.0 35,45.0 36,57.0 37,10.0 38,10.0 39,12.0 40,5.0 41,5.0 43,10.0 48,10.0 80,4.0 83,2.0 91,2.0 116,4.0 119,24.0 120,6.0 121,2.0 122,16.0 125,2.0 126,2.0 127,12.0 128,6.0 129,2.0 130,2.0 137,4.0 138,4.0 144,6.0 145,6.0 146,6.0 170,4.0 181,2.0 182,2.0 183,2.0 
0,7.0 2,17.0 3,10.0 4,2.0 8,22.0 9,2.0 10,5.0 14,5.0 15,16.0 16,7.0 21,6.0 22,8.0 23,15.0 24,55.0 25,66.0 26,15.0 27,82.0 28,25.0 29,25.0 30,77.0 31,24.0 32,17.0 33,17.0 34,45.0 35,57.0 36,45.0 37,10.0 38,12.0 39,10.0 40,7.0 41,5.0 42,2.0 43,12.0 48,4.0 52,5.0 87,2.0 115,2.0 116,4.0 117,2.0 119,6.0 122,12.0 125,14.0 127,2.0 140,6.0 141,6.0 142,2.0 143,2.0 147,2.0 170,6.0 
0,6.0 2,20.0 3,5.0 4,1.0 8,15.0 9,4.0 10,5.0 14,11.0 15,26.0 16,5.0 21,30.0 22,30.0 23,4.0 24,19.0 25,17.0 27,15.0 30,19.0 31,15.0 33,17.0 34,21.0 35,19.0 36,17.0 37,14.0 38,10.0 39,11.0 48,2.0 72,4.0 73,6.0 116,8.0 117,4.0 118,12.0 119,4.0 120,4.0 121,2.0 122,2.0 123,2.0 126,10.0 127,2.0 128,2.0 131,2.0 170,2.0 249,1.0 
0,47.0 1,2.0 2,91.0 3,53.0 4,25.0 8,71.0 9,29.0 10,10.0 14,5.0 15,29.0 16,19.0 19,2.0 21,1.0 22,1.0 24,17.0 25,15.0 27,15.0 29,2.0 30,15.0 31,17.0 32,16.0 33,35.0 34,15.0 35,15.0 36,15.0 37,10.0 38,22.0 39,25.0 42,4.0 51,5.0 53,1.0 71,2.0 72,37.0 73,71.0 74,5.0 78,2.0 80,2.0 86,1.0 92,1.0 115,2.0 118,17.0 122,6.0 124,2.0 125,2.0 137,8.0 138,5.0 142,6.0 143,4.0 144,2.0 145,2.0 146,2.0 147,4.0 157,2.0 170,6.0 179,6.0 193,2.0 194,2.0 201,1.0 205,2.0 206,3.0 223,7.0 224,1.0 227,2.0 243,3.0 245,2.0 246,1.0 248,2.0 249,2.0 
0,4.0 2,10.0 4,2.0 8,12.0 15,12.0 21,2.0 22,4.0 23,12.0 24,49.0 25,45.0 27,47.0 30,59.0 31,45.0 32,14.0 33,10.0 34,19.0 35,51.0 36,49.0 37,12.0 38,10.0 39,15.0 40,5.0 41,5.0 43,4.0 47,4.0 49,4.0 80,6.0 83,2.0 90,4.0 111,5.0 112,5.0 113,5.0 114,5.0 116,2.0 118,4.0 119,4.0 120,4.0 122,16.0 124,8.0 125,16.0 127,4.0 132,4.0 137,4.0 138,4.0 141,12.0 143,2.0 144,8.0 145,6.0 146,6.0 149,2.0 159,4.0 160,6.0 162,14.0 163,14.0 164,16.0 165,2.0 166,2.0 167,2.0 168,2.0 170,4.0 
2,12.0 4,2.0 8,14.0 9,4.0 11,4.0 12,1.0 15,14.0 21,6.0 22,6.0 23,2.0 24,55.0 25,51.0 27,67.0 30,45.0 31,57.0 32,14.0 33,12.0 34,47.0 35,19.0 36,45.0 37,12.0 38,12.0 39,10.0 40,7.0 41,5.0 42,2.0 48,2.0 72,2.0 73,2.0 87,2.0 109,1.0 115,2.0 116,2.0 118,4.0 119,2.0 120,14.0 122,12.0 124,2.0 125,10.0 126,4.0 127,4.0 132,17.0 140,6.0 141,6.0 142,2.0 143,2.0 147,2.0 162,4.0 170,6.0 239,3.0 
2,10.0 4,2.0 8,10.0 15,10.0 21,2.0 23,12.0 24,57.0 25,47.0 27,45.0 30,57.0 31,45.0 32,10.0 33,10.0 34,47.0 35,45.0 36,19.0 37,10.0 38,10.0 39,12.0 40,5.0 41,5.0 80,2.0 83,2.0 119,12.0 126,4.0 127,12.0 128,6.0 129,2.0 130,2.0 137,2.0 143,2.0 144,2.0 145,2.0 146,2.0 147,2.0 150,2.0 151,2.0 
2,10.0 4,2.0 8,10.0 9,2.0 14,2.0 15,12.0 21,8.0 22,6.0 24,10.0 25,10.0 27,10.0 30,10.0 31,10.0 32,14.0 33,10.0 34,12.0 35,10.0 36,10.0 37,10.0 38,15.0 39,10.0 72,2.0 73,2.0 76,5.0 80,5.0 83,5.0 90,12.0 91,5.0 101,5.0 102,2.0 104,2.0 116,2.0 118,4.0 124,2.0 125,2.0 126,6.0 141,2.0 159,2.0 160,2.0 162,2.0 163,2.0 164,2.0 170,4.0 
2,18.0 4,6.0 8,22.0 12,5.0 15,12.0 16,2.0 19,5.0 24,12.0 25,10.0 27,12.0 30,10.0 31,10.0 32,10.0 33,22.0 34,10.0 35,12.0 36,10.0 37,10.0 38,7.0 39,10.0 42,4.0 73,2.0 77,10.0 78,25.0 80,2.0 81,5.0 84,5.0 86,10.0 88,10.0 89,5.0 90,5.0 98,5.0 99,5.0 115,2.0 118,4.0 120,2.0 122,6.0 125,2.0 132,2.0 137,2.0 138,2.0 142,6.0 143,4.0 144,2.0 145,2.0 146,2.0 147,4.0 170,6.0 
2,20.0 4,2.0 8,11.0 13,8.0 14,2.0 15,21.0 16,3.0 18,8.0 21,2.0 23,2.0 24,12.0 25,10.0 27,10.0 30,12.0 31,10.0 32,13.0 33,22.0 34,10.0 35,10.0 36,12.0 37,10.0 38,10.0 39,6.0 51,2.0 73,1.0 83,2.0 96,2.0 115,6.0 118,2.0 119,2.0 126,4.0 127,2.0 128,4.0 157,2.0 179,2.0 243,2.0 248,1.0 249,2.0 
0,5.0 14,5.0 23,10.0 41,5.0 42,10.0 43,10.0 48,2.0 87,2.0 115,2.0 119,2.0 122,2.0 127,2.0 170,2.0 
23,5.0 40,5.0 42,5.0 43,5.0 
0,10.0 8,5.0 14,5.0 21,2.0 22,7.0 23,30.0 40,5.0 42,10.0 43,30.0 44,10.0 45,10.0 46,10.0 47,5.0 48,4.0 119,4.0 122,10.0 126,2.0 127,4.0 143,6.0 147,6.0 170,2.0 
0,10.0 4,2.0 8,5.0 14,7.0 22,5.0 23,30.0 24,4.0 27,25.0 28,10.0 29,4.0 30,10.0 31,12.0 34,4.0 40,5.0 42,30.0 43,21.0 44,10.0 45,10.0 46,10.0 47,5.0 48,19.0 49,27.0 50,10.0 51,5.0 83,4.0 102,2.0 119,2.0 120,8.0 121,2.0 122,10.0 124,2.0 125,14.0 132,4.0 143,2.0 144,6.0 149,2.0 159,2.0 162,6.0 163,6.0 164,16.0 165,2.0 166,2.0 167,4.0 168,4.0 169,2.0 178,2.0 179,2.0 
0,5.0 8,5.0 22,5.0 23,5.0 42,5.0 43,5.0 45,5.0 46,5.0 47,5.0 
0,5.0 8,5.0 22,5.0 23,5.0 42,5.0 43,5.0 44,5.0 46,5.0 47,5.0 
0,5.0 8,5.0 22,5.0 23,5.0 42,5.0 43,5.0 44,5.0 45,5.0 47,5.0 
0,9.0 8,5.0 22,5.0 27,5.0 34,2.0 43,9.0 48,5.0 49,9.0 80,2.0 90,2.0 124,4.0 125,4.0 144,4.0 149,2.0 159,2.0 160,4.0 162,4.0 163,4.0 164,4.0 166,2.0 
0,2.0 9,2.0 15,2.0 21,6.0 24,12.0 25,12.0 27,15.0 30,8.0 32,2.0 43,17.0 48,9.0 49,15.0 50,10.0 51,5.0 72,2.0 90,6.0 117,2.0 119,20.0 120,10.0 121,2.0 122,16.0 123,2.0 124,6.0 125,2.0 127,8.0 132,4.0 160,6.0 162,2.0 164,2.0 170,6.0 
4,2.0 14,2.0 27,15.0 34,4.0 43,27.0 48,15.0 49,9.0 50,10.0 51,5.0 83,4.0 102,2.0 119,1.0 124,2.0 125,12.0 143,2.0 144,6.0 149,2.0 159,2.0 162,6.0 163,6.0 164,12.0 165,2.0 166,2.0 167,4.0 168,4.0 169,2.0 178,1.0 234,1.0 
27,5.0 43,5.0 48,5.0 49,5.0 51,5.0 76,7.0 77,15.0 79,5.0 82,2.0 84,10.0 85,5.0 86,5.0 87,5.0 105,10.0 106,10.0 240,2.0 251,2.0 
0,5.0 3,5.0 8,5.0 30,5.0 52,5.0 53,5.0 55,4.0 56,8.0 58,2.0 136,2.0 157,2.0 179,8.0 205,8.0 206,7.0 207,4.0 208,9.0 209,5.0 210,7.0 211,2.0 212,3.0 213,3.0 217,1.0 218,1.0 219,2.0 220,1.0 224,1.0 225,1.0 227,2.0 228,2.0 243,3.0 244,2.0 245,1.0 247,1.0 248,2.0 
0,5.0 3,5.0 8,5.0 51,10.0 
6,5.0 12,5.0 54,5.0 56,1.0 179,1.0 207,1.0 209,1.0 219,1.0 245,1.0 246,1.0 247,1.0 
0,5.0 1,5.0 2,3.0 3,1.0 6,19.0 8,5.0 9,6.0 11,5.0 12,6.0 17,1.0 18,5.0 19,12.0 33,3.0 39,2.0 54,3.0 55,5.0 56,5.0 63,5.0 64,5.0 71,8.0 73,1.0 76,1.0 77,1.0 78,8.0 81,1.0 105,4.0 109,3.0 111,3.0 113,1.0 221,3.0 229,3.0 230,2.0 231,3.0 235,10.0 250,1.0 
0,2.0 2,2.0 3,2.0 4,2.0 8,2.0 33,4.0 56,9.0 57,5.0 58,7.0 72,2.0 73,4.0 208,4.0 210,2.0 228,2.0 244,2.0 
0,4.0 2,5.0 3,5.0 4,2.0 8,4.0 9,5.0 33,9.0 55,9.0 57,5.0 58,7.0 72,2.0 73,9.0 207,5.0 208,7.0 209,5.0 210,5.0 219,2.0 228,2.0 244,2.0 247,2.0 
58,5.0 59,5.0 60,5.0 
0,2.0 8,2.0 33,2.0 55,2.0 56,2.0 57,5.0 59,5.0 60,5.0 72,2.0 73,2.0 208,2.0 244,2.0 
60,5.0 61,5.0 62,5.0 
59,5.0 61,5.0 62,5.0 
6,5.0 18,5.0 54,5.0 62,5.0 
6,5.0 18,5.0 54,5.0 61,5.0 
12,5.0 64,10.0 65,5.0 66,5.0 76,5.0 77,5.0 78,5.0 
12,5.0 63,10.0 65,5.0 66,5.0 76,5.0 77,5.0 78,5.0 
66,5.0 67,5.0 68,5.0 
65,5.0 67,5.0 68,5.0 
68,5.0 69,5.0 70,5.0 
67,5.0 69,5.0 70,5.0 
6,5.0 54,5.0 70,5.0 71,5.0 
6,5.0 54,5.0 69,5.0 71,5.0 
0,5.0 1,5.0 6,5.0 8,5.0 9,5.0 17,4.0 19,8.0 30,2.0 54,10.0 71,1.0 77,2.0 78,8.0 81,1.0 91,2.0 95,4.0 105,4.0 170,4.0 181,2.0 182,2.0 183,2.0 235,3.0 249,2.0 
0,45.0 1,10.0 8,25.0 9,12.0 10,5.0 15,1.0 16,1.0 21,12.0 22,2.0 27,2.0 31,2.0 32,6.0 33,41.0 34,4.0 35,2.0 37,2.0 39,4.0 72,9.0 73,47.0 74,5.0 79,2.0 87,10.0 89,4.0 96,2.0 117,4.0 118,8.0 122,2.0 126,16.0 170,2.0 241,2.0 242,1.0 
0,49.0 1,2.0 2,36.0 3,31.0 4,14.0 8,36.0 9,20.0 10,7.0 15,5.0 16,5.0 21,10.0 22,6.0 24,2.0 27,2.0 32,7.0 33,84.0 34,4.0 35,2.0 38,2.0 39,5.0 71,2.0 72,43.0 73,16.0 74,5.0 91,2.0 96,2.0 118,17.0 120,2.0 125,2.0 126,8.0 132,2.0 137,3.0 138,5.0 170,4.0 206,1.0 223,2.0 224,1.0 241,2.0 242,1.0 249,1.0 265,1.0 
75,5.0 
12,5.0 34,5.0 75,15.0 76,10.0 77,10.0 78,5.0 88,5.0 89,5.0 96,5.0 111,5.0 112,5.0 113,5.0 114,5.0 
6,13.0 7,1.0 11,4.0 12,32.0 13,5.0 17,2.0 37,10.0 50,5.0 77,36.0 78,27.0 79,10.0 81,10.0 82,14.0 88,15.0 91,5.0 99,5.0 100,5.0 101,5.0 103,10.0 104,5.0 108,5.0 109,5.0 110,5.0 251,2.0 252,2.0 
6,9.0 7,1.0 11,4.0 12,27.0 19,3.0 37,15.0 50,15.0 54,3.0 71,2.0 76,36.0 78,36.0 79,10.0 86,10.0 88,10.0 89,5.0 103,10.0 105,12.0 106,10.0 235,1.0 249,1.0 
0,1.0 2,2.0 3,2.0 6,17.0 7,7.0 9,1.0 11,12.0 12,27.0 13,2.0 14,2.0 15,2.0 17,3.0 18,6.0 19,22.0 20,1.0 22,2.0 32,2.0 33,2.0 37,15.0 54,12.0 71,8.0 73,2.0 76,27.0 77,36.0 78,1.0 79,10.0 81,12.0 82,10.0 84,12.0 86,10.0 88,15.0 89,10.0 91,25.0 92,15.0 93,10.0 95,5.0 96,5.0 98,6.0 99,5.0 100,5.0 104,10.0 105,10.0 113,1.0 116,2.0 127,2.0 195,2.0 221,1.0 235,5.0 249,2.0 266,1.0 
0,2.0 1,2.0 9,2.0 37,5.0 63,5.0 64,5.0 72,4.0 79,15.0 89,2.0 96,5.0 100,5.0 102,5.0 103,5.0 107,5.0 108,5.0 117,2.0 126,4.0 
0,2.0 2,2.0 4,4.0 5,2.0 12,5.0 21,2.0 23,4.0 25,4.0 27,2.0 30,4.0 31,2.0 34,4.0 35,2.0 43,2.0 47,2.0 49,2.0 76,5.0 81,5.0 82,5.0 90,2.0 102,2.0 115,2.0 118,2.0 120,2.0 122,4.0 124,2.0 125,2.0 126,2.0 137,10.0 138,8.0 139,2.0 140,2.0 141,2.0 142,2.0 143,2.0 144,4.0 145,2.0 146,2.0 147,2.0 151,2.0 159,2.0 160,2.0 162,2.0 163,2.0 164,2.0 170,4.0 
6,5.0 12,10.0 17,1.0 19,1.0 37,5.0 50,10.0 54,1.0 71,1.0 76,10.0 77,10.0 78,12.0 82,10.0 84,10.0 100,5.0 101,10.0 104,5.0 105,21.0 249,1.0 
6,5.0 12,11.0 13,4.0 17,2.0 37,5.0 76,14.0 81,10.0 91,10.0 93,10.0 94,10.0 251,2.0 252,2.0 
4,2.0 12,5.0 14,4.0 15,2.0 21,2.0 32,2.0 39,2.0 43,2.0 49,2.0 76,5.0 81,5.0 82,5.0 102,2.0 124,2.0 125,2.0 126,2.0 128,2.0 159,2.0 164,2.0 167,2.0 168,2.0 169,2.0 
0,2.0 6,2.0 8,2.0 10,1.0 50,10.0 72,2.0 73,2.0 78,12.0 81,10.0 85,5.0 86,5.0 87,5.0 100,5.0 104,5.0 195,2.0 202,10.0 241,2.0 242,2.0 253,1.0 254,1.0 
50,5.0 84,5.0 86,5.0 
1,1.0 2,1.0 3,1.0 4,1.0 9,2.0 12,5.0 19,2.0 33,1.0 37,10.0 50,5.0 54,2.0 73,1.0 77,10.0 78,12.0 84,5.0 85,5.0 88,2.0 89,5.0 92,1.0 105,2.0 201,1.0 216,1.0 
38,15.0 40,2.0 48,2.0 115,2.0 119,2.0 122,2.0 127,2.0 170,2.0 
6,2.0 19,7.0 54,2.0 76,15.0 77,10.0 78,17.0 79,5.0 86,3.0 89,5.0 98,5.0 99,5.0 103,10.0 104,5.0 105,2.0 196,2.0 197,3.0 214,4.0 215,4.0 216,4.0 226,3.0 240,2.0 
0,2.0 1,2.0 12,5.0 21,2.0 22,2.0 32,2.0 37,12.0 72,2.0 73,1.0 76,5.0 77,5.0 78,10.0 86,5.0 88,5.0 89,1.0 118,2.0 126,4.0 
0,2.0 4,2.0 23,2.0 30,2.0 33,1.0 34,6.0 37,2.0 43,4.0 47,2.0 49,2.0 78,15.0 80,2.0 90,1.0 91,15.0 92,15.0 95,5.0 102,2.0 103,2.0 121,2.0 122,6.0 124,10.0 125,6.0 131,2.0 141,4.0 144,2.0 159,8.0 160,12.0 161,2.0 162,6.0 163,6.0 164,6.0 170,6.0 178,2.0 
17,14.0 30,2.0 71,2.0 76,5.0 78,15.0 82,20.0 91,16.0 92,15.0 93,20.0 94,10.0 95,5.0 96,5.0 100,5.0 101,5.0 110,2.0 181,2.0 182,2.0 183,2.0 184,2.0 
1,1.0 4,1.0 9,1.0 78,15.0 82,10.0 86,1.0 91,25.0 93,10.0 95,5.0 96,5.0 201,1.0 
1,1.0 14,1.0 15,1.0 82,10.0 91,10.0 94,10.0 201,1.0 202,1.0 255,1.0 256,1.0 261,1.0 
72,10.0 
17,4.0 71,4.0 78,5.0 91,5.0 92,5.0 96,5.0 170,4.0 
23,2.0 24,2.0 30,2.0 36,2.0 38,5.0 39,2.0 78,5.0 81,5.0 84,5.0 96,5.0 97,5.0 119,2.0 126,2.0 127,2.0 128,2.0 
38,5.0 97,5.0 
7,1.0 12,4.0 13,1.0 78,6.0 79,5.0 88,5.0 99,5.0 133,2.0 134,2.0 135,2.0 170,4.0 177,4.0 221,1.0 
76,5.0 78,5.0 79,5.0 88,5.0 98,5.0 108,5.0 109,5.0 110,5.0 
79,15.0 81,10.0 101,10.0 105,10.0 
13,5.0 18,5.0 50,10.0 76,5.0 77,10.0 81,10.0 84,2.0 91,5.0 100,5.0 105,20.0 158,1.0 200,2.0 201,2.0 
4,4.0 5,2.0 14,6.0 37,4.0 50,5.0 76,5.0 77,5.0 102,2.0 103,2.0 104,4.0 122,2.0 124,2.0 131,2.0 142,2.0 152,2.0 153,2.0 159,4.0 169,2.0 170,6.0 174,2.0 
76,5.0 77,5.0 88,5.0 102,2.0 104,10.0 122,2.0 131,2.0 159,2.0 174,2.0 
14,2.0 37,2.0 75,10.0 100,10.0 102,2.0 104,10.0 170,4.0 
2,1.0 3,1.0 9,1.0 18,4.0 19,19.0 20,1.0 33,1.0 50,20.0 54,4.0 71,5.0 73,1.0 77,22.0 78,11.0 81,11.0 101,10.0 105,10.0 106,10.0 109,8.0 113,1.0 221,8.0 235,2.0 236,6.0 249,2.0 
79,10.0 
75,5.0 
75,5.0 76,5.0 99,5.0 109,5.0 110,5.0 
11,1.0 12,1.0 19,11.0 35,1.0 54,3.0 76,5.0 99,5.0 105,8.0 108,5.0 110,5.0 221,11.0 229,3.0 236,6.0 
76,5.0 99,5.0 108,5.0 109,5.0 184,2.0 185,2.0 
34,5.0 39,5.0 112,5.0 113,5.0 114,5.0 230,2.0 231,3.0 232,3.0 233,3.0 250,1.0 
34,5.0 39,5.0 111,5.0 113,5.0 114,5.0 
34,5.0 39,5.0 78,2.0 111,5.0 112,5.0 114,5.0 127,2.0 
34,5.0 39,5.0 111,5.0 112,5.0 113,5.0 
2,4.0 18,5.0 25,4.0 40,2.0 48,2.0 80,2.0 87,2.0 93,1.0 101,5.0 118,2.0 119,2.0 120,4.0 122,2.0 127,2.0 137,4.0 138,4.0 140,2.0 143,6.0 144,6.0 145,4.0 146,4.0 147,4.0 149,2.0 170,2.0 201,1.0 261,1.0 
0,4.0 2,2.0 14,2.0 15,4.0 21,10.0 22,16.0 23,2.0 24,2.0 25,2.0 30,2.0 31,4.0 32,6.0 35,2.0 48,4.0 98,2.0 117,4.0 118,4.0 119,2.0 120,2.0 122,4.0 126,4.0 133,2.0 
0,12.0 1,4.0 2,2.0 9,4.0 21,12.0 22,8.0 24,4.0 30,4.0 32,2.0 72,6.0 73,2.0 79,2.0 89,2.0 116,2.0 118,2.0 126,4.0 
0,2.0 2,11.0 3,2.0 4,2.0 8,2.0 9,2.0 15,5.0 16,5.0 21,12.0 22,14.0 23,2.0 24,4.0 25,4.0 27,2.0 30,2.0 32,12.0 33,6.0 34,4.0 35,6.0 37,4.0 38,2.0 39,2.0 48,2.0 51,8.0 53,1.0 72,2.0 73,6.0 80,2.0 115,2.0 116,6.0 119,2.0 120,6.0 122,2.0 123,2.0 125,2.0 126,8.0 131,2.0 132,2.0 137,5.0 138,7.0 143,2.0 144,2.0 145,2.0 146,2.0 147,2.0 157,2.0 170,2.0 179,9.0 205,5.0 206,5.0 227,2.0 243,3.0 245,2.0 246,1.0 248,2.0 
0,2.0 9,2.0 15,2.0 16,2.0 21,4.0 23,12.0 24,30.0 25,14.0 28,2.0 29,4.0 30,22.0 31,4.0 32,2.0 34,2.0 36,12.0 39,2.0 43,2.0 48,20.0 49,1.0 72,2.0 83,2.0 90,6.0 117,2.0 119,8.0 120,6.0 121,2.0 122,10.0 124,6.0 125,6.0 126,2.0 127,20.0 128,6.0 129,2.0 130,2.0 160,6.0 162,2.0 164,2.0 170,6.0 178,1.0 234,3.0 
0,4.0 2,6.0 8,4.0 15,8.0 21,4.0 22,8.0 24,22.0 25,16.0 27,14.0 30,8.0 32,4.0 34,4.0 35,14.0 37,2.0 43,6.0 48,12.0 115,4.0 118,2.0 119,8.0 120,18.0 121,2.0 122,6.0 124,4.0 125,14.0 127,4.0 132,34.0 137,4.0 138,4.0 140,2.0 143,16.0 144,12.0 145,8.0 146,8.0 147,8.0 148,4.0 149,2.0 164,2.0 170,4.0 179,2.0 
2,2.0 15,2.0 21,2.0 22,2.0 32,2.0 43,4.0 120,4.0 122,4.0 164,2.0 178,2.0 
0,2.0 1,2.0 8,6.0 15,2.0 21,4.0 22,2.0 23,14.0 27,12.0 30,14.0 31,8.0 32,2.0 33,6.0 34,14.0 35,8.0 38,6.0 40,2.0 42,8.0 43,8.0 48,20.0 72,2.0 80,4.0 87,2.0 90,6.0 102,2.0 103,2.0 115,2.0 118,2.0 119,14.0 120,8.0 121,2.0 122,24.0 123,4.0 124,6.0 125,4.0 126,4.0 127,14.0 131,8.0 132,8.0 137,4.0 138,4.0 143,8.0 144,14.0 145,14.0 146,14.0 147,8.0 148,4.0 149,4.0 159,2.0 160,6.0 162,4.0 163,4.0 164,8.0 170,22.0 171,2.0 172,2.0 173,2.0 174,4.0 178,2.0 179,2.0 
15,4.0 16,4.0 33,2.0 38,2.0 73,2.0 118,2.0 124,2.0 131,2.0 
0,4.0 4,4.0 8,2.0 14,4.0 15,4.0 16,2.0 23,2.0 24,4.0 27,2.0 29,2.0 30,2.0 31,2.0 33,2.0 34,6.0 35,2.0 37,4.0 43,6.0 47,4.0 49,4.0 80,2.0 90,10.0 102,6.0 103,2.0 104,2.0 120,4.0 121,2.0 122,6.0 125,10.0 127,2.0 131,2.0 132,4.0 141,2.0 144,4.0 149,2.0 159,8.0 160,12.0 162,6.0 163,6.0 164,6.0 166,2.0 169,2.0 170,8.0 178,2.0 
0,4.0 1,2.0 4,8.0 9,2.0 14,2.0 15,6.0 16,2.0 21,4.0 22,4.0 24,22.0 27,12.0 29,10.0 30,2.0 31,10.0 32,4.0 34,18.0 35,10.0 37,4.0 43,14.0 47,2.0 49,12.0 72,2.0 80,2.0 83,4.0 90,4.0 102,2.0 118,2.0 119,4.0 120,14.0 122,2.0 124,6.0 125,14.0 127,2.0 132,14.0 141,12.0 143,2.0 144,6.0 149,2.0 159,6.0 160,4.0 162,20.0 163,18.0 164,26.0 165,2.0 166,2.0 167,4.0 168,4.0 169,2.0 170,6.0 
0,4.0 1,4.0 4,4.0 5,2.0 9,10.0 14,2.0 15,2.0 21,20.0 22,8.0 23,4.0 24,2.0 27,2.0 30,2.0 31,2.0 32,12.0 34,4.0 35,2.0 36,2.0 37,4.0 39,6.0 72,14.0 73,8.0 79,2.0 80,2.0 83,2.0 89,4.0 96,4.0 98,2.0 102,2.0 116,2.0 117,2.0 118,10.0 119,2.0 122,4.0 123,2.0 126,8.0 127,2.0 128,4.0 131,2.0 133,2.0 137,2.0 142,2.0 151,2.0 170,2.0 
17,2.0 18,2.0 23,12.0 24,16.0 27,4.0 30,12.0 34,2.0 35,2.0 36,12.0 39,2.0 48,8.0 78,2.0 83,2.0 90,6.0 119,20.0 120,4.0 122,10.0 124,6.0 125,6.0 126,2.0 127,4.0 128,6.0 129,2.0 130,2.0 132,4.0 160,6.0 162,2.0 164,2.0 170,6.0 
14,2.0 15,2.0 21,2.0 23,8.0 24,8.0 30,8.0 32,2.0 34,2.0 36,8.0 39,2.0 83,2.0 119,8.0 126,2.0 127,8.0 128,2.0 
9,2.0 72,2.0 79,2.0 117,2.0 126,2.0 130,2.0 
9,2.0 72,2.0 79,2.0 117,2.0 126,2.0 129,2.0 
15,2.0 16,2.0 23,2.0 30,2.0 34,2.0 38,2.0 73,2.0 102,2.0 103,2.0 118,2.0 122,8.0 123,2.0 132,2.0 148,2.0 149,2.0 159,2.0 163,2.0 174,2.0 
0,6.0 8,4.0 9,2.0 11,3.0 15,6.0 21,2.0 22,6.0 23,4.0 24,14.0 27,16.0 30,4.0 31,4.0 32,4.0 34,8.0 35,17.0 37,2.0 43,2.0 48,4.0 118,2.0 120,32.0 122,12.0 124,4.0 125,14.0 127,4.0 131,2.0 132,10.0 148,4.0 170,8.0 239,3.0 
98,2.0 134,2.0 135,2.0 
135,2.0 136,2.0 
134,2.0 136,2.0 
6,2.0 7,2.0 51,2.0 
2,9.0 3,2.0 4,4.0 5,2.0 15,3.0 21,3.0 22,1.0 23,4.0 25,6.0 27,2.0 30,4.0 31,2.0 34,4.0 35,2.0 51,6.0 80,10.0 102,2.0 115,4.0 118,5.0 120,4.0 122,4.0 126,2.0 138,13.0 139,2.0 140,4.0 141,2.0 142,2.0 143,6.0 144,6.0 145,4.0 146,4.0 147,4.0 149,2.0 151,2.0 170,4.0 179,3.0 205,6.0 206,5.0 211,2.0 217,1.0 218,1.0 223,1.0 224,1.0 
2,7.0 22,2.0 23,4.0 25,6.0 27,2.0 30,4.0 31,2.0 34,4.0 35,2.0 51,3.0 71,2.0 73,2.0 80,8.0 91,2.0 115,4.0 118,5.0 120,4.0 122,4.0 137,13.0 139,2.0 140,4.0 141,2.0 143,6.0 144,6.0 145,4.0 146,4.0 147,4.0 149,2.0 170,6.0 179,3.0 205,3.0 206,3.0 
25,2.0 27,2.0 31,2.0 35,2.0 80,2.0 137,2.0 138,2.0 140,2.0 141,2.0 
2,2.0 4,2.0 8,2.0 25,10.0 27,6.0 31,6.0 33,2.0 35,6.0 36,2.0 38,2.0 132,4.0 140,2.0 141,6.0 142,2.0 143,4.0 144,4.0 145,4.0 146,4.0 147,4.0 149,2.0 150,2.0 
0,2.0 2,2.0 4,4.0 8,2.0 25,6.0 27,6.0 31,6.0 33,2.0 34,12.0 35,6.0 37,2.0 38,2.0 47,2.0 80,2.0 90,4.0 124,4.0 125,12.0 140,6.0 141,6.0 142,2.0 159,4.0 160,4.0 162,12.0 163,12.0 164,12.0 
2,8.0 4,8.0 5,2.0 8,6.0 33,6.0 38,6.0 80,2.0 102,2.0 115,2.0 118,2.0 137,2.0 138,2.0 142,2.0 152,2.0 153,2.0 
0,2.0 2,4.0 4,2.0 21,4.0 22,2.0 25,14.0 34,2.0 36,4.0 42,6.0 47,2.0 48,4.0 80,2.0 115,4.0 119,4.0 120,14.0 122,10.0 124,2.0 126,4.0 127,4.0 137,6.0 138,4.0 140,4.0 143,10.0 144,20.0 145,14.0 146,14.0 147,20.0 148,4.0 149,4.0 150,4.0 151,2.0 160,2.0 162,2.0 163,2.0 165,2.0 170,2.0 
0,2.0 2,2.0 4,2.0 8,6.0 21,2.0 25,14.0 27,2.0 31,2.0 33,6.0 34,4.0 35,2.0 36,4.0 38,6.0 43,8.0 47,2.0 49,8.0 80,2.0 115,2.0 120,10.0 122,10.0 124,2.0 125,8.0 126,2.0 137,4.0 138,2.0 140,4.0 143,20.0 144,8.0 145,22.0 146,22.0 147,14.0 148,2.0 149,6.0 150,4.0 151,2.0 160,2.0 162,8.0 163,8.0 164,8.0 165,2.0 166,2.0 170,6.0 
4,2.0 8,6.0 21,2.0 25,12.0 27,2.0 31,2.0 33,6.0 35,2.0 36,4.0 38,6.0 80,2.0 120,8.0 122,10.0 126,2.0 137,2.0 140,2.0 143,14.0 144,20.0 145,4.0 146,20.0 147,12.0 148,2.0 149,2.0 150,4.0 151,2.0 170,6.0 
4,2.0 8,6.0 21,2.0 25,12.0 27,2.0 31,2.0 33,6.0 35,2.0 36,4.0 38,6.0 80,2.0 120,8.0 122,10.0 126,2.0 137,2.0 140,2.0 143,14.0 144,20.0 145,20.0 146,4.0 147,12.0 148,2.0 149,2.0 150,4.0 151,2.0 170,6.0 
4,2.0 21,4.0 22,2.0 25,12.0 36,4.0 42,6.0 48,4.0 80,2.0 119,4.0 120,8.0 122,10.0 126,4.0 127,4.0 137,2.0 140,2.0 143,20.0 144,12.0 145,12.0 146,12.0 147,4.0 148,2.0 149,2.0 150,4.0 151,2.0 170,2.0 
2,2.0 9,2.0 23,4.0 27,2.0 30,4.0 34,4.0 35,4.0 115,2.0 120,4.0 122,8.0 131,2.0 132,4.0 137,2.0 138,2.0 143,4.0 144,2.0 170,4.0 
25,4.0 34,2.0 36,2.0 43,4.0 49,4.0 83,2.0 125,4.0 140,2.0 143,4.0 144,4.0 145,4.0 146,4.0 147,4.0 148,4.0 150,2.0 164,4.0 166,2.0 167,2.0 168,2.0 
4,2.0 21,2.0 25,2.0 36,2.0 80,2.0 126,2.0 137,2.0 143,2.0 144,2.0 145,2.0 146,2.0 147,2.0 151,2.0 
4,4.0 5,2.0 21,2.0 80,2.0 102,2.0 126,2.0 137,2.0 142,2.0 
153,2.0 154,2.0 155,2.0 
152,2.0 154,2.0 155,2.0 
155,2.0 156,2.0 
154,2.0 156,2.0 
13,2.0 157,2.0 158,2.0 
51,2.0 55,2.0 56,2.0 58,2.0 156,2.0 179,2.0 208,2.0 243,2.0 244,2.0 248,1.0 
7,1.0 11,1.0 13,3.0 78,1.0 90,2.0 159,2.0 160,2.0 161,2.0 266,1.0 
0,2.0 4,4.0 14,4.0 34,4.0 37,4.0 43,2.0 47,2.0 49,2.0 80,2.0 90,6.0 102,6.0 103,2.0 104,2.0 122,2.0 124,6.0 125,6.0 131,2.0 141,4.0 144,2.0 160,6.0 161,2.0 162,6.0 163,6.0 164,6.0 169,2.0 170,2.0 174,2.0 
0,4.0 4,2.0 23,2.0 30,2.0 34,8.0 37,2.0 43,6.0 47,4.0 49,4.0 80,2.0 90,12.0 102,2.0 103,2.0 121,2.0 122,6.0 124,12.0 125,8.0 131,2.0 141,4.0 144,4.0 149,2.0 159,8.0 161,2.0 162,8.0 163,8.0 164,8.0 166,2.0 170,6.0 178,2.0 
34,2.0 90,2.0 125,2.0 141,2.0 159,2.0 160,2.0 162,2.0 163,2.0 164,2.0 
0,6.0 1,2.0 4,2.0 34,16.0 37,2.0 43,8.0 47,4.0 49,8.0 72,2.0 80,2.0 90,4.0 122,2.0 124,6.0 125,22.0 140,4.0 141,12.0 143,2.0 144,8.0 149,2.0 159,4.0 160,6.0 162,6.0 163,20.0 164,22.0 165,2.0 166,2.0 170,2.0 
0,4.0 4,2.0 34,16.0 37,2.0 43,8.0 47,4.0 49,8.0 80,2.0 90,4.0 122,4.0 124,6.0 125,20.0 131,2.0 141,12.0 143,2.0 144,8.0 149,6.0 159,4.0 160,6.0 162,20.0 163,6.0 164,20.0 165,2.0 166,2.0 
0,4.0 1,2.0 4,4.0 14,2.0 34,16.0 37,2.0 43,14.0 47,2.0 49,12.0 72,2.0 80,2.0 83,4.0 90,4.0 102,2.0 120,2.0 122,4.0 124,6.0 125,26.0 141,12.0 143,2.0 144,6.0 149,2.0 159,6.0 160,4.0 162,20.0 163,18.0 164,8.0 165,2.0 166,2.0 167,4.0 168,4.0 169,2.0 170,2.0 179,2.0 
0,2.0 34,2.0 47,2.0 124,2.0 143,2.0 144,2.0 160,2.0 162,2.0 163,2.0 
34,2.0 43,4.0 49,4.0 83,2.0 125,4.0 149,2.0 164,4.0 167,2.0 168,2.0 
4,2.0 14,2.0 43,2.0 49,2.0 83,2.0 102,2.0 124,2.0 125,2.0 159,2.0 164,2.0 168,2.0 169,2.0 
4,2.0 14,2.0 43,2.0 49,2.0 83,2.0 102,2.0 124,2.0 125,2.0 159,2.0 164,2.0 167,2.0 169,2.0 
4,2.0 14,4.0 37,2.0 102,4.0 104,2.0 124,2.0 159,2.0 170,2.0 
0,6.0 1,2.0 4,4.0 8,6.0 9,6.0 12,6.0 14,2.0 17,4.0 21,2.0 22,12.0 23,6.0 27,4.0 30,6.0 31,8.0 33,6.0 34,6.0 35,8.0 37,2.0 38,6.0 40,2.0 42,4.0 43,2.0 48,2.0 71,6.0 72,2.0 73,4.0 80,4.0 87,2.0 90,6.0 91,2.0 95,4.0 98,6.0 102,4.0 103,2.0 104,2.0 115,2.0 118,2.0 119,2.0 120,4.0 121,2.0 122,24.0 124,6.0 125,4.0 126,2.0 127,2.0 131,2.0 132,4.0 137,4.0 138,6.0 143,4.0 144,2.0 145,2.0 146,2.0 147,4.0 159,2.0 160,6.0 162,4.0 170,4.0 171,2.0 172,2.0 173,2.0 175,2.0 176,2.0 177,4.0 178,2.0 179,2.0 180,2.0 
122,2.0 172,2.0 173,2.0 174,2.0 
122,2.0 171,2.0 173,2.0 174,2.0 
122,2.0 171,2.0 172,2.0 174,2.0 
122,4.0 131,2.0 163,4.0 
12,2.0 98,2.0 170,2.0 176,2.0 
12,2.0 98,2.0 170,2.0 175,2.0 
71,4.0 95,4.0 170,4.0 
43,4.0 78,1.0 98,1.0 120,2.0 121,2.0 122,4.0 164,2.0 221,1.0 234,1.0 
0,2.0 22,2.0 43,2.0 51,8.0 53,1.0 55,4.0 56,9.0 58,2.0 120,2.0 157,2.0 170,2.0 180,2.0 205,5.0 206,5.0 207,5.0 208,7.0 209,5.0 210,5.0 219,2.0 227,2.0 228,2.0 243,3.0 244,2.0 245,2.0 246,1.0 247,2.0 248,2.0 
0,2.0 22,2.0 170,2.0 179,2.0 
23,2.0 30,4.0 182,2.0 183,2.0 
23,2.0 30,4.0 181,2.0 183,2.0 
23,2.0 30,4.0 181,2.0 182,2.0 
110,2.0 185,2.0 
186,2.0 
187,2.0 188,2.0 257,1.0 258,1.0 259,1.0 260,1.0 
188,2.0 189,2.0 190,2.0 
187,2.0 189,2.0 190,2.0 
190,2.0 191,2.0 
189,2.0 191,2.0 197,2.0 198,2.0 199,2.0 
192,2.0 
78,2.0 
8,2.0 33,2.0 194,2.0 
8,2.0 33,2.0 193,2.0 
6,2.0 78,2.0 84,2.0 
6,2.0 88,2.0 
88,3.0 190,2.0 198,2.0 199,2.0 214,3.0 215,3.0 216,3.0 226,3.0 
190,2.0 197,2.0 199,2.0 
101,2.0 200,2.0 201,2.0 
84,2.0 101,2.0 201,2.0 
1,2.0 4,1.0 9,1.0 14,1.0 15,1.0 84,2.0 86,1.0 92,1.0 93,1.0 101,2.0 200,2.0 261,1.0 
0,2.0 8,2.0 10,1.0 72,2.0 73,2.0 84,2.0 93,1.0 203,8.0 204,6.0 241,2.0 242,2.0 255,1.0 256,1.0 
0,2.0 84,4.0 204,8.0 
0,2.0 84,6.0 203,6.0 
51,8.0 55,2.0 56,5.0 179,5.0 206,7.0 207,3.0 208,7.0 209,4.0 210,7.0 211,2.0 212,3.0 213,3.0 217,1.0 218,1.0 219,1.0 220,1.0 224,1.0 225,1.0 227,2.0 228,2.0 
2,1.0 4,1.0 33,1.0 51,7.0 55,2.0 56,5.0 73,1.0 179,5.0 205,7.0 207,3.0 208,7.0 209,3.0 210,7.0 211,2.0 212,2.0 213,2.0 224,2.0 225,1.0 227,2.0 228,2.0 
0,2.0 2,3.0 3,3.0 8,2.0 9,5.0 33,5.0 56,5.0 73,5.0 208,3.0 209,5.0 210,3.0 219,2.0 247,2.0 
0,2.0 2,7.0 3,7.0 4,2.0 8,2.0 9,5.0 33,9.0 55,4.0 56,7.0 58,2.0 72,2.0 73,7.0 207,3.0 209,3.0 210,7.0 212,2.0 213,2.0 223,1.0 225,1.0 228,2.0 244,2.0 
0,2.0 2,4.0 3,3.0 8,3.0 9,5.0 15,1.0 16,1.0 33,6.0 56,5.0 73,5.0 207,5.0 208,3.0 210,3.0 212,1.0 213,1.0 219,3.0 220,1.0 247,2.0 
2,7.0 3,7.0 4,2.0 9,5.0 33,7.0 55,2.0 56,5.0 73,5.0 207,3.0 208,7.0 209,3.0 212,2.0 213,2.0 223,1.0 225,1.0 228,2.0 
51,2.0 205,2.0 206,2.0 208,2.0 210,2.0 212,2.0 213,2.0 224,1.0 225,1.0 
2,3.0 3,2.0 8,1.0 9,2.0 15,1.0 16,1.0 33,3.0 208,2.0 209,1.0 210,2.0 213,3.0 219,1.0 220,1.0 223,1.0 225,1.0 
2,3.0 3,2.0 8,1.0 9,2.0 15,1.0 16,1.0 33,3.0 208,2.0 209,1.0 210,2.0 212,3.0 219,1.0 220,1.0 223,1.0 225,1.0 
86,3.0 88,8.0 197,3.0 215,8.0 216,4.0 226,3.0 
86,3.0 88,8.0 197,3.0 214,8.0 216,4.0 226,3.0 
2,3.0 3,3.0 4,2.0 9,1.0 33,3.0 73,3.0 86,1.0 223,2.0 224,1.0 226,3.0 
51,1.0 205,1.0 209,1.0 212,1.0 213,1.0 218,1.0 219,1.0 220,1.0 
51,1.0 205,1.0 209,1.0 212,1.0 213,1.0 217,1.0 219,1.0 220,1.0 
0,2.0 2,1.0 8,3.0 9,2.0 15,1.0 16,1.0 33,3.0 56,2.0 73,2.0 207,2.0 209,3.0 212,1.0 213,1.0 220,1.0 247,2.0 
2,1.0 8,1.0 15,1.0 16,1.0 33,1.0 209,1.0 212,1.0 213,1.0 219,1.0 
7,1.0 13,1.0 19,8.0 54,3.0 78,1.0 98,1.0 105,4.0 109,7.0 222,4.0 229,3.0 236,6.0 237,3.0 238,3.0 
35,4.0 109,1.0 132,3.0 237,3.0 238,3.0 
2,11.0 3,10.0 4,4.0 8,2.0 9,4.0 15,2.0 33,7.0 51,1.0 73,5.0 137,2.0 205,1.0 206,1.0 211,1.0 223,2.0 224,1.0 
2,1.0 4,1.0 28,1.0 33,1.0 51,1.0 73,1.0 205,1.0 206,2.0 208,1.0 210,1.0 211,1.0 212,1.0 213,1.0 225,1.0 
2,1.0 3,1.0 9,1.0 33,1.0 208,1.0 210,1.0 212,1.0 213,1.0 223,1.0 
2,2.0 3,2.0 4,2.0 33,2.0 73,2.0 216,3.0 223,2.0 224,1.0 
51,2.0 55,2.0 56,2.0 179,2.0 205,2.0 206,2.0 208,2.0 210,2.0 228,2.0 
2,2.0 3,2.0 4,2.0 33,2.0 55,2.0 56,2.0 73,2.0 208,2.0 210,2.0 
54,3.0 111,3.0 230,2.0 231,3.0 250,1.0 
111,2.0 231,2.0 232,2.0 233,2.0 
111,3.0 230,2.0 232,3.0 233,3.0 250,1.0 
24,2.0 25,2.0 49,1.0 119,3.0 233,3.0 
24,2.0 25,2.0 49,1.0 119,3.0 232,3.0 
11,2.0 19,2.0 28,2.0 78,3.0 98,1.0 178,1.0 221,1.0 
2,2.0 6,4.0 11,4.0 19,8.0 33,2.0 39,2.0 54,10.0 71,3.0 78,3.0 105,2.0 109,1.0 221,1.0 235,3.0 
19,3.0 105,3.0 109,3.0 221,6.0 222,3.0 237,3.0 238,3.0 
35,3.0 132,3.0 222,3.0 238,3.0 
35,3.0 132,3.0 222,3.0 237,3.0 
11,3.0 214,3.0 215,3.0 
50,2.0 76,2.0 82,2.0 84,2.0 202,2.0 242,1.0 251,2.0 
0,2.0 8,4.0 10,2.0 33,2.0 72,4.0 73,4.0 242,1.0 
0,2.0 8,3.0 10,1.0 33,1.0 72,3.0 73,3.0 84,1.0 202,1.0 241,2.0 
51,3.0 55,2.0 56,3.0 58,2.0 157,2.0 179,3.0 207,1.0 208,2.0 209,1.0 219,1.0 244,2.0 245,1.0 247,1.0 248,2.0 
0,2.0 8,2.0 33,2.0 55,2.0 56,2.0 58,2.0 72,2.0 73,2.0 208,2.0 
51,1.0 53,1.0 56,2.0 179,2.0 207,2.0 209,2.0 219,2.0 243,1.0 246,1.0 247,2.0 248,1.0 
53,1.0 56,1.0 179,1.0 207,1.0 209,1.0 219,1.0 245,1.0 247,1.0 
0,2.0 8,2.0 9,2.0 33,2.0 56,2.0 73,2.0 207,2.0 209,2.0 219,2.0 
51,2.0 55,1.0 56,2.0 58,1.0 157,1.0 179,2.0 207,1.0 208,1.0 209,1.0 219,1.0 243,2.0 244,1.0 245,1.0 247,1.0 
19,1.0 28,9.0 71,1.0 77,1.0 78,1.0 105,1.0 
111,1.0 231,1.0 232,1.0 233,1.0 
13,2.0 76,2.0 82,2.0 252,2.0 
13,2.0 84,1.0 113,1.0 
93,1.0 202,1.0 254,1.0 255,1.0 
93,1.0 202,1.0 253,1.0 255,1.0 
93,1.0 202,1.0 256,1.0 
186,1.0 257,1.0 258,1.0 
186,1.0 258,1.0 259,1.0 260,1.0 
186,1.0 257,1.0 259,1.0 260,1.0 
0,1.0 260,1.0 
0,1.0 259,1.0 
1,1.0 14,1.0 15,1.0 93,1.0 201,1.0 
1,2.0 89,1.0 90,1.0 263,1.0 264,1.0 
1,1.0 90,1.0 262,1.0 
1,1.0 89,1.0 262,1.0 
73,1.0 
7,1.0 11,1.0 78,1.0 
