0,5.0 1,24.0 2,20.0 3,18.0 4,12.0 5,9.0 6,6.0 7,4.0 10,13.0 11,6.0 12,6.0 14,6.0 15,10.0 16,10.0 17,1.0 20,6.0 28,3.0 36,18.0 44,14.0 46,3.0 79,4.0 92,9.0 93,10.0 94,9.0 97,7.0 98,20.0 102,4.0 105,3.0 117,9.0 118,12.0 119,12.0 120,3.0 121,3.0 126,2.0 135,3.0 137,17.0 138,3.0 139,8.0 174,4.0 180,1.0 181,1.0 227,4.0 256,4.0 258,2.0 
0,30.0 1,1.0 2,25.0 3,25.0 4,13.0 5,12.0 6,6.0 10,12.0 11,18.0 12,12.0 13,6.0 14,12.0 15,12.0 16,12.0 20,6.0 28,6.0 36,20.0 44,4.0 57,6.0 58,6.0 59,12.0 60,12.0 61,18.0 62,6.0 63,6.0 64,6.0 67,3.0 81,10.0 82,6.0 83,6.0 84,6.0 92,3.0 93,7.0 94,3.0 97,6.0 98,16.0 99,6.0 117,6.0 118,3.0 119,3.0 137,4.0 139,4.0 142,3.0 143,3.0 144,3.0 145,3.0 180,1.0 181,1.0 
0,22.0 1,25.0 2,1.0 3,22.0 4,7.0 5,6.0 6,6.0 7,4.0 10,12.0 11,12.0 12,12.0 13,6.0 14,16.0 15,12.0 16,12.0 20,6.0 36,3.0 57,3.0 58,3.0 79,4.0 92,3.0 93,3.0 94,3.0 97,3.0 98,6.0 117,3.0 118,3.0 119,3.0 174,4.0 180,1.0 181,1.0 
0,12.0 1,24.0 2,21.0 4,21.0 5,12.0 6,6.0 10,6.0 11,12.0 12,12.0 13,6.0 14,12.0 15,12.0 16,12.0 20,6.0 28,10.0 36,9.0 57,6.0 58,6.0 97,3.0 100,4.0 117,3.0 120,4.0 139,3.0 140,3.0 180,4.0 181,4.0 195,4.0 274,2.0 
0,6.0 1,12.0 2,6.0 3,21.0 5,12.0 6,6.0 28,10.0 36,6.0 57,3.0 58,3.0 100,4.0 117,3.0 120,4.0 139,3.0 140,3.0 180,4.0 181,4.0 195,4.0 274,2.0 
0,3.0 5,27.0 6,58.0 7,24.0 8,42.0 9,106.0 12,6.0 14,4.0 27,4.0 28,70.0 29,12.0 30,12.0 37,6.0 40,4.0 45,28.0 46,28.0 48,16.0 68,6.0 78,18.0 79,6.0 100,8.0 101,8.0 102,4.0 106,4.0 118,3.0 119,3.0 120,4.0 121,9.0 128,4.0 153,9.0 154,13.0 155,36.0 156,56.0 157,12.0 158,12.0 159,6.0 166,20.0 180,8.0 181,4.0 184,8.0 185,4.0 194,4.0 199,4.0 202,4.0 203,16.0 204,4.0 205,4.0 206,4.0 207,4.0 225,8.0 226,8.0 227,4.0 247,4.0 248,4.0 249,4.0 250,4.0 251,4.0 
5,58.0 6,4.0 7,6.0 8,31.0 9,70.0 13,7.0 15,4.0 16,8.0 20,3.0 21,4.0 28,60.0 29,6.0 30,6.0 35,3.0 37,13.0 45,34.0 46,11.0 48,12.0 68,6.0 78,7.0 79,7.0 82,6.0 84,6.0 89,4.0 100,8.0 101,8.0 106,4.0 107,6.0 108,6.0 109,9.0 120,4.0 127,6.0 128,4.0 134,3.0 135,3.0 136,3.0 154,4.0 156,48.0 166,24.0 176,3.0 177,3.0 199,4.0 200,4.0 201,4.0 203,12.0 207,4.0 226,4.0 230,4.0 247,4.0 248,4.0 249,4.0 250,4.0 251,4.0 252,4.0 253,4.0 
0,10.0 1,12.0 2,16.0 3,12.0 5,12.0 7,6.0 8,50.0 9,46.0 10,6.0 11,12.0 13,4.0 14,4.0 15,12.0 16,16.0 21,4.0 28,16.0 29,6.0 30,6.0 35,12.0 37,4.0 46,15.0 48,17.0 52,3.0 68,4.0 69,4.0 78,16.0 79,16.0 98,4.0 120,3.0 121,4.0 131,3.0 166,12.0 174,33.0 175,3.0 187,4.0 188,4.0 199,14.0 200,4.0 201,4.0 207,6.0 208,4.0 209,4.0 210,4.0 228,4.0 231,4.0 232,4.0 271,2.0 
0,10.0 1,18.0 2,12.0 3,18.0 4,6.0 5,30.0 6,27.0 7,46.0 8,46.0 9,100.0 10,6.0 11,12.0 14,4.0 28,27.0 29,12.0 30,12.0 35,18.0 36,6.0 37,6.0 45,18.0 46,6.0 47,6.0 48,6.0 49,6.0 50,6.0 68,6.0 78,52.0 79,4.0 82,12.0 84,12.0 98,4.0 105,9.0 106,9.0 107,34.0 108,26.0 109,15.0 111,8.0 120,3.0 121,3.0 123,19.0 127,6.0 128,3.0 129,3.0 155,8.0 174,4.0 176,3.0 177,3.0 182,8.0 183,4.0 185,40.0 186,4.0 187,8.0 188,4.0 223,4.0 228,8.0 229,8.0 230,8.0 
0,6.0 1,12.0 2,16.0 3,12.0 5,102.0 6,60.0 7,58.0 8,112.0 9,76.0 10,6.0 11,12.0 13,4.0 16,4.0 21,4.0 28,80.0 29,12.0 30,12.0 35,12.0 37,4.0 45,24.0 46,8.0 48,12.0 78,44.0 89,4.0 90,4.0 91,4.0 100,12.0 101,12.0 102,4.0 106,4.0 107,4.0 108,32.0 114,8.0 117,4.0 120,8.0 121,4.0 123,24.0 128,4.0 150,4.0 154,4.0 155,44.0 156,48.0 166,24.0 174,8.0 180,8.0 181,4.0 182,44.0 183,2.0 184,8.0 185,44.0 186,8.0 187,16.0 194,4.0 195,4.0 199,8.0 200,4.0 201,4.0 203,12.0 207,4.0 223,8.0 224,8.0 225,8.0 226,12.0 227,4.0 228,16.0 229,8.0 230,4.0 231,4.0 232,4.0 247,4.0 248,4.0 249,4.0 250,4.0 251,4.0 252,4.0 253,4.0 257,6.0 
0,17.0 1,13.0 2,13.0 3,11.0 4,5.0 11,9.0 12,6.0 13,6.0 14,6.0 15,6.0 16,6.0 36,7.0 38,3.0 44,3.0 57,9.0 81,3.0 92,3.0 93,3.0 94,3.0 97,7.0 98,6.0 100,6.0 101,6.0 102,6.0 105,3.0 117,3.0 118,3.0 119,3.0 135,3.0 137,3.0 141,3.0 178,6.0 179,3.0 180,1.0 181,1.0 
0,6.0 1,18.0 2,12.0 3,12.0 7,4.0 10,6.0 12,12.0 13,6.0 14,12.0 15,12.0 16,12.0 20,6.0 46,7.0 48,4.0 61,6.0 97,6.0 98,6.0 99,6.0 166,4.0 174,4.0 178,7.0 199,4.0 
12,48.0 13,6.0 14,60.0 15,60.0 16,48.0 17,12.0 18,6.0 19,12.0 20,6.0 21,42.0 22,12.0 36,6.0 37,78.0 38,6.0 68,66.0 79,66.0 80,6.0 
0,3.0 6,4.0 9,8.0 12,6.0 13,11.0 14,12.0 15,12.0 16,30.0 17,6.0 18,6.0 19,6.0 20,9.0 21,24.0 28,8.0 36,3.0 37,33.0 46,4.0 48,4.0 68,12.0 79,9.0 81,3.0 89,4.0 98,3.0 100,4.0 101,4.0 120,4.0 135,12.0 136,9.0 141,3.0 156,4.0 166,4.0 195,4.0 200,24.0 201,24.0 202,8.0 
7,8.0 8,8.0 12,48.0 13,6.0 14,56.0 15,108.0 16,48.0 17,60.0 18,12.0 19,60.0 20,18.0 21,60.0 22,24.0 23,6.0 24,6.0 37,12.0 38,12.0 39,6.0 40,6.0 41,6.0 63,4.0 78,4.0 79,12.0 174,4.0 199,4.0 202,16.0 205,16.0 206,16.0 207,4.0 211,4.0 212,4.0 213,4.0 
6,8.0 8,12.0 9,12.0 12,48.0 13,6.0 14,108.0 15,60.0 16,84.0 17,60.0 18,12.0 19,60.0 20,18.0 21,60.0 22,24.0 23,6.0 24,6.0 37,12.0 38,12.0 39,6.0 40,6.0 41,6.0 45,8.0 78,12.0 79,36.0 90,28.0 221,32.0 233,2.0 240,2.0 241,2.0 260,28.0 266,2.0 
6,12.0 8,12.0 9,28.0 12,48.0 13,30.0 14,60.0 15,96.0 16,46.0 17,36.0 18,6.0 19,12.0 20,6.0 21,66.0 22,12.0 28,8.0 37,36.0 38,6.0 45,8.0 46,4.0 48,4.0 68,12.0 78,12.0 79,36.0 89,4.0 91,24.0 100,4.0 101,4.0 108,8.0 120,4.0 156,4.0 166,4.0 182,8.0 195,4.0 200,24.0 201,24.0 202,8.0 
9,8.0 14,48.0 15,48.0 16,24.0 17,42.0 18,6.0 19,48.0 20,12.0 21,18.0 22,24.0 23,6.0 24,6.0 28,8.0 38,30.0 39,6.0 40,6.0 41,6.0 47,4.0 69,6.0 88,6.0 89,12.0 90,36.0 91,42.0 100,8.0 101,8.0 105,4.0 106,4.0 107,2.0 108,24.0 120,2.0 128,2.0 155,8.0 156,4.0 166,4.0 180,3.0 181,3.0 182,14.0 185,12.0 199,8.0 200,12.0 201,12.0 242,12.0 243,24.0 263,24.0 267,6.0 
14,12.0 15,12.0 17,12.0 19,12.0 20,6.0 
14,48.0 15,48.0 17,48.0 18,6.0 19,18.0 20,12.0 21,18.0 22,12.0 23,6.0 24,6.0 38,6.0 39,6.0 40,6.0 41,6.0 90,6.0 91,6.0 92,6.0 93,6.0 94,6.0 
0,3.0 12,12.0 13,9.0 14,24.0 15,24.0 16,12.0 17,12.0 19,12.0 20,3.0 21,12.0 36,3.0 37,9.0 79,9.0 98,3.0 135,9.0 136,9.0 
6,4.0 9,8.0 12,30.0 13,24.0 14,54.0 15,54.0 16,54.0 17,24.0 19,24.0 21,30.0 22,18.0 28,12.0 37,36.0 38,12.0 39,6.0 40,6.0 41,6.0 46,4.0 48,4.0 64,12.0 68,12.0 89,4.0 100,4.0 101,4.0 120,4.0 121,4.0 156,4.0 166,4.0 195,4.0 199,4.0 200,24.0 201,24.0 202,20.0 233,12.0 234,12.0 235,12.0 236,4.0 237,4.0 238,4.0 
12,12.0 14,18.0 15,18.0 16,12.0 17,18.0 19,12.0 21,12.0 22,4.0 23,6.0 24,6.0 37,6.0 47,4.0 88,6.0 89,18.0 90,6.0 91,6.0 105,4.0 106,4.0 108,4.0 155,4.0 156,4.0 201,12.0 242,12.0 243,12.0 
24,6.0 25,6.0 26,6.0 27,6.0 
23,6.0 25,6.0 26,6.0 27,6.0 
5,6.0 6,6.0 26,6.0 27,6.0 28,12.0 42,6.0 43,6.0 44,6.0 45,6.0 
5,6.0 25,6.0 27,6.0 28,6.0 
5,10.0 14,4.0 25,6.0 26,6.0 28,6.0 40,4.0 45,4.0 156,4.0 202,4.0 203,4.0 204,4.0 205,4.0 206,4.0 
5,70.0 6,60.0 7,18.0 8,30.0 9,82.0 13,4.0 16,4.0 17,4.0 21,8.0 28,8.0 29,12.0 30,12.0 37,4.0 45,24.0 46,8.0 48,12.0 64,4.0 89,4.0 90,4.0 91,4.0 100,16.0 101,12.0 105,12.0 106,7.0 108,4.0 117,4.0 120,24.0 121,32.0 122,9.0 123,12.0 124,6.0 125,6.0 128,4.0 129,3.0 130,7.0 131,7.0 132,3.0 133,3.0 150,4.0 154,4.0 156,48.0 166,32.0 180,4.0 181,4.0 182,4.0 185,4.0 195,8.0 196,4.0 199,20.0 200,4.0 201,4.0 202,4.0 203,12.0 207,4.0 226,4.0 230,4.0 231,4.0 232,4.0 233,4.0 234,4.0 235,4.0 236,12.0 237,12.0 238,12.0 247,4.0 248,4.0 249,4.0 250,4.0 251,4.0 252,4.0 253,4.0 
30,12.0 31,12.0 32,12.0 36,6.0 51,12.0 52,12.0 53,12.0 54,18.0 55,18.0 56,18.0 57,6.0 58,6.0 
29,12.0 31,12.0 32,12.0 
32,21.0 33,12.0 34,12.0 36,3.0 52,6.0 93,3.0 131,6.0 139,3.0 175,6.0 
31,21.0 33,12.0 34,12.0 36,3.0 52,6.0 93,3.0 131,6.0 139,3.0 175,6.0 
7,12.0 9,12.0 28,3.0 34,27.0 56,6.0 105,3.0 120,3.0 121,3.0 122,3.0 123,3.0 126,6.0 130,6.0 131,6.0 132,6.0 133,6.0 155,4.0 189,4.0 
7,12.0 9,12.0 28,3.0 33,27.0 56,6.0 105,3.0 120,3.0 121,3.0 122,3.0 123,3.0 126,6.0 130,6.0 131,6.0 132,6.0 133,6.0 
1,6.0 3,6.0 4,6.0 6,3.0 8,18.0 28,3.0 36,6.0 45,6.0 46,6.0 47,6.0 48,6.0 49,6.0 50,6.0 105,3.0 106,3.0 109,3.0 120,3.0 121,3.0 123,3.0 127,6.0 128,3.0 129,3.0 176,3.0 177,3.0 
0,18.0 1,38.0 2,3.0 3,16.0 4,13.0 5,6.0 10,7.0 11,6.0 28,6.0 44,11.0 46,3.0 57,25.0 58,22.0 59,12.0 60,12.0 61,21.0 71,6.0 72,3.0 80,12.0 81,13.0 93,10.0 97,13.0 98,10.0 117,3.0 121,3.0 137,14.0 138,3.0 139,10.0 141,3.0 144,3.0 149,3.0 150,3.0 151,3.0 152,3.0 153,3.0 154,3.0 198,4.0 
0,3.0 6,4.0 9,8.0 12,72.0 13,33.0 14,12.0 15,12.0 16,30.0 17,6.0 19,6.0 20,9.0 21,36.0 28,8.0 36,9.0 37,41.0 38,6.0 46,4.0 48,4.0 64,6.0 68,90.0 69,6.0 70,6.0 79,75.0 80,6.0 89,4.0 98,3.0 100,4.0 101,4.0 110,6.0 111,6.0 112,6.0 120,4.0 135,9.0 136,9.0 156,4.0 166,4.0 195,4.0 200,24.0 201,24.0 202,8.0 
10,3.0 11,3.0 14,6.0 15,6.0 17,30.0 19,6.0 21,6.0 38,8.0 39,6.0 40,6.0 41,6.0 57,3.0 69,6.0 88,6.0 90,24.0 91,6.0 100,8.0 101,8.0 102,3.0 107,2.0 108,8.0 120,2.0 128,2.0 155,4.0 166,4.0 178,3.0 182,2.0 185,8.0 200,12.0 243,12.0 263,24.0 267,6.0 
25,6.0 40,6.0 41,6.0 42,6.0 43,6.0 44,6.0 
5,4.0 14,4.0 25,6.0 27,4.0 36,4.0 39,6.0 41,10.0 42,6.0 43,6.0 44,6.0 45,4.0 57,4.0 58,4.0 108,4.0 156,4.0 185,4.0 195,4.0 197,4.0 198,4.0 202,4.0 203,4.0 204,4.0 205,4.0 206,4.0 
25,6.0 36,4.0 39,6.0 40,10.0 42,6.0 43,6.0 44,6.0 57,4.0 58,4.0 108,4.0 185,4.0 195,4.0 197,4.0 198,4.0 
5,4.0 6,6.0 25,6.0 27,4.0 28,6.0 37,6.0 40,4.0 43,6.0 44,12.0 45,10.0 57,3.0 61,9.0 67,9.0 68,6.0 69,6.0 71,3.0 139,4.0 140,3.0 145,3.0 156,4.0 203,4.0 204,4.0 
6,6.0 25,6.0 28,6.0 42,6.0 44,6.0 45,6.0 
0,3.0 6,6.0 25,6.0 28,6.0 36,6.0 37,6.0 42,12.0 43,6.0 45,6.0 58,4.0 61,6.0 67,6.0 68,6.0 69,6.0 80,6.0 92,11.0 94,7.0 95,6.0 96,6.0 97,4.0 100,3.0 102,4.0 108,3.0 117,3.0 137,14.0 139,4.0 194,4.0 
5,24.0 6,30.0 8,22.0 9,24.0 13,3.0 14,4.0 15,4.0 16,4.0 20,3.0 27,4.0 28,23.0 29,6.0 30,6.0 35,6.0 37,3.0 40,4.0 46,7.0 48,4.0 78,7.0 79,7.0 97,4.0 100,4.0 101,4.0 105,3.0 106,3.0 109,3.0 120,7.0 121,3.0 123,3.0 127,9.0 128,7.0 129,3.0 134,3.0 135,3.0 136,3.0 140,4.0 156,16.0 164,4.0 166,8.0 176,3.0 177,3.0 202,4.0 203,16.0 204,4.0 205,4.0 206,4.0 237,4.0 244,4.0 247,4.0 269,4.0 270,4.0 
0,3.0 5,32.0 6,15.0 7,11.0 9,12.0 10,3.0 12,6.0 13,11.0 16,8.0 20,3.0 21,8.0 28,12.0 37,17.0 45,3.0 46,4.0 47,6.0 48,51.0 49,6.0 50,6.0 51,6.0 52,12.0 53,6.0 57,3.0 68,10.0 78,15.0 79,9.0 89,4.0 102,9.0 103,6.0 104,6.0 105,3.0 118,3.0 119,3.0 120,3.0 121,12.0 127,3.0 131,3.0 132,3.0 134,3.0 135,3.0 136,3.0 153,9.0 154,12.0 155,9.0 156,21.0 157,9.0 158,9.0 159,6.0 166,27.0 167,3.0 168,3.0 169,3.0 170,3.0 171,3.0 174,11.0 175,3.0 199,4.0 200,8.0 201,8.0 
17,4.0 22,4.0 46,6.0 47,4.0 48,6.0 49,6.0 50,6.0 51,6.0 52,6.0 53,6.0 89,4.0 105,20.0 106,12.0 108,12.0 155,12.0 156,12.0 189,4.0 190,4.0 199,8.0 201,4.0 242,4.0 243,4.0 
5,20.0 6,16.0 7,13.0 9,16.0 12,6.0 13,8.0 16,8.0 21,8.0 28,16.0 37,14.0 46,51.0 47,6.0 48,4.0 49,6.0 50,6.0 51,6.0 52,9.0 53,6.0 68,10.0 78,12.0 79,6.0 89,4.0 102,6.0 103,6.0 104,6.0 120,3.0 131,3.0 156,16.0 166,24.0 174,13.0 175,3.0 199,6.0 200,8.0 201,8.0 207,2.0 226,4.0 230,4.0 252,4.0 253,4.0 271,2.0 
7,3.0 46,12.0 47,6.0 48,9.0 50,12.0 51,6.0 52,6.0 53,6.0 120,3.0 121,9.0 128,6.0 154,3.0 164,6.0 165,6.0 166,3.0 167,3.0 168,3.0 169,3.0 174,3.0 
7,3.0 46,12.0 47,6.0 48,9.0 49,12.0 51,6.0 52,6.0 53,6.0 120,3.0 121,9.0 128,6.0 154,3.0 164,6.0 165,6.0 166,3.0 167,3.0 168,3.0 169,3.0 174,3.0 
29,18.0 52,18.0 53,18.0 54,18.0 55,18.0 56,18.0 
29,18.0 31,9.0 32,9.0 51,18.0 53,18.0 54,18.0 55,18.0 56,27.0 124,9.0 131,9.0 132,9.0 161,9.0 170,9.0 171,9.0 172,9.0 173,9.0 175,9.0 
29,18.0 51,18.0 52,18.0 54,18.0 55,18.0 56,18.0 
29,18.0 36,6.0 51,12.0 52,12.0 53,12.0 55,18.0 56,18.0 57,6.0 58,6.0 157,6.0 163,6.0 
29,18.0 36,6.0 51,12.0 52,12.0 53,12.0 54,24.0 56,18.0 57,6.0 58,6.0 
5,3.0 29,18.0 36,6.0 46,3.0 51,12.0 52,18.0 53,12.0 54,18.0 55,18.0 57,6.0 58,6.0 121,3.0 122,6.0 123,6.0 124,9.0 126,6.0 132,6.0 153,3.0 154,3.0 155,3.0 156,3.0 157,3.0 158,3.0 161,9.0 170,6.0 171,6.0 172,9.0 173,9.0 
1,16.0 10,9.0 11,3.0 36,25.0 38,3.0 42,3.0 58,28.0 59,12.0 60,12.0 61,18.0 67,3.0 71,12.0 72,6.0 81,7.0 97,6.0 102,6.0 105,3.0 117,6.0 118,3.0 119,3.0 139,3.0 140,6.0 141,3.0 145,3.0 178,6.0 179,3.0 198,4.0 
1,16.0 11,4.0 36,22.0 57,28.0 59,12.0 60,12.0 61,15.0 71,9.0 72,6.0 81,4.0 92,4.0 94,4.0 97,11.0 99,4.0 117,6.0 118,3.0 119,3.0 139,3.0 140,3.0 178,4.0 194,4.0 198,4.0 227,4.0 240,4.0 241,4.0 
1,12.0 36,6.0 57,6.0 58,6.0 60,12.0 61,12.0 62,6.0 63,6.0 64,6.0 
1,12.0 36,6.0 57,6.0 58,6.0 59,12.0 61,12.0 62,6.0 63,6.0 64,6.0 
0,3.0 1,18.0 11,6.0 36,9.0 37,6.0 42,6.0 44,6.0 57,6.0 58,6.0 59,12.0 60,12.0 62,6.0 63,6.0 64,9.0 67,6.0 68,6.0 69,6.0 71,6.0 97,9.0 98,9.0 99,6.0 145,3.0 146,3.0 147,3.0 148,3.0 
63,6.0 64,6.0 65,6.0 66,6.0 
62,6.0 64,6.0 65,6.0 66,6.0 89,4.0 211,4.0 212,4.0 213,4.0 214,4.0 215,4.0 216,4.0 
21,12.0 28,4.0 36,3.0 62,6.0 63,6.0 64,19.0 65,6.0 66,6.0 70,6.0 71,6.0 72,6.0 117,3.0 121,4.0 144,3.0 146,33.0 147,33.0 148,33.0 149,3.0 150,3.0 151,3.0 152,3.0 199,4.0 202,12.0 233,12.0 234,12.0 235,12.0 236,4.0 237,4.0 238,4.0 
42,6.0 44,6.0 61,6.0 66,6.0 67,6.0 
42,6.0 44,6.0 61,6.0 65,6.0 67,6.0 68,4.0 217,4.0 218,4.0 219,4.0 220,4.0 221,4.0 222,4.0 
1,3.0 37,6.0 42,9.0 44,6.0 57,3.0 61,9.0 68,6.0 69,6.0 71,3.0 117,3.0 140,3.0 142,3.0 143,3.0 144,3.0 145,6.0 
6,4.0 9,4.0 12,66.0 13,12.0 16,12.0 21,12.0 28,4.0 36,6.0 37,90.0 46,4.0 48,4.0 64,6.0 68,34.0 69,6.0 70,6.0 79,66.0 80,6.0 110,6.0 111,6.0 112,6.0 156,4.0 166,4.0 180,4.0 181,4.0 200,12.0 201,12.0 220,4.0 221,4.0 222,4.0 
14,4.0 17,6.0 37,6.0 38,6.0 64,6.0 68,6.0 69,2.0 70,6.0 90,6.0 100,2.0 101,2.0 107,2.0 108,2.0 128,2.0 185,2.0 202,4.0 205,4.0 206,4.0 208,4.0 209,4.0 210,4.0 263,6.0 267,6.0 
64,6.0 71,6.0 72,6.0 
0,3.0 10,3.0 36,9.0 57,3.0 61,6.0 64,3.0 72,12.0 73,6.0 74,6.0 75,6.0 93,3.0 97,6.0 98,3.0 139,3.0 145,3.0 146,3.0 147,3.0 148,3.0 
10,3.0 36,6.0 57,3.0 71,12.0 73,6.0 74,6.0 75,6.0 93,3.0 97,3.0 139,3.0 
74,6.0 75,6.0 76,6.0 77,6.0 
73,6.0 75,6.0 76,6.0 77,6.0 
73,6.0 74,6.0 76,6.0 77,6.0 
46,6.0 48,6.0 77,6.0 
46,6.0 48,6.0 76,6.0 
5,18.0 6,3.0 7,12.0 8,56.0 9,48.0 12,6.0 13,3.0 20,3.0 28,4.0 37,9.0 45,3.0 46,15.0 48,12.0 68,6.0 78,22.0 79,9.0 107,4.0 121,4.0 123,12.0 127,3.0 134,7.0 135,3.0 136,3.0 180,4.0 185,20.0 187,12.0 188,4.0 199,4.0 228,12.0 229,8.0 231,4.0 232,4.0 
0,3.0 6,8.0 7,4.0 8,20.0 9,12.0 12,66.0 13,9.0 14,12.0 15,36.0 16,36.0 20,9.0 36,9.0 37,75.0 45,8.0 68,66.0 78,16.0 79,49.0 80,6.0 90,18.0 98,3.0 135,9.0 136,29.0 260,18.0 261,2.0 262,2.0 
1,12.0 11,6.0 36,12.0 61,6.0 81,6.0 
0,7.0 1,13.0 10,3.0 36,4.0 67,3.0 82,6.0 83,6.0 84,6.0 93,4.0 98,4.0 117,3.0 135,3.0 141,6.0 142,3.0 143,3.0 
6,6.0 8,6.0 37,6.0 68,6.0 83,6.0 84,12.0 85,6.0 86,6.0 87,6.0 107,6.0 108,6.0 109,6.0 
82,6.0 84,6.0 85,6.0 86,6.0 87,6.0 
6,6.0 8,6.0 37,6.0 68,6.0 82,12.0 83,6.0 85,6.0 86,6.0 87,6.0 107,6.0 108,6.0 109,6.0 
22,6.0 86,6.0 87,6.0 88,6.0 89,6.0 
22,6.0 85,6.0 87,6.0 88,6.0 89,6.0 
22,6.0 85,6.0 86,6.0 88,6.0 89,6.0 
17,6.0 19,6.0 22,6.0 38,6.0 88,2.0 89,6.0 90,12.0 91,12.0 100,2.0 101,2.0 108,2.0 120,2.0 182,2.0 185,2.0 263,6.0 
13,8.0 16,8.0 17,12.0 19,6.0 21,8.0 22,18.0 37,8.0 47,4.0 66,4.0 88,6.0 89,4.0 90,6.0 91,6.0 105,4.0 106,4.0 108,4.0 155,4.0 156,4.0 200,8.0 201,20.0 202,4.0 214,4.0 215,4.0 216,4.0 217,4.0 218,4.0 219,4.0 242,12.0 243,12.0 
9,8.0 15,28.0 17,36.0 19,6.0 28,8.0 38,24.0 69,6.0 78,2.0 79,18.0 88,6.0 90,16.0 91,36.0 92,6.0 93,6.0 94,6.0 100,8.0 101,8.0 107,2.0 108,12.0 120,2.0 128,2.0 134,2.0 136,18.0 155,4.0 166,4.0 182,10.0 185,16.0 199,8.0 200,12.0 221,28.0 243,12.0 260,48.0 263,24.0 267,6.0 
9,16.0 16,24.0 17,42.0 19,6.0 28,8.0 38,6.0 88,6.0 90,36.0 91,18.0 92,6.0 93,6.0 94,6.0 100,2.0 101,2.0 108,14.0 120,2.0 182,18.0 185,10.0 199,8.0 263,6.0 
0,6.0 11,4.0 28,3.0 44,6.0 58,4.0 93,9.0 94,16.0 95,6.0 96,6.0 97,4.0 102,4.0 105,3.0 117,6.0 118,10.0 119,10.0 120,3.0 121,3.0 139,4.0 178,4.0 194,4.0 
0,7.0 2,3.0 3,6.0 4,3.0 28,3.0 36,10.0 44,10.0 92,9.0 94,9.0 95,6.0 96,6.0 98,4.0 105,3.0 117,3.0 118,3.0 119,3.0 120,3.0 121,3.0 137,4.0 139,6.0 
0,6.0 11,4.0 28,3.0 44,6.0 58,4.0 92,16.0 93,9.0 95,6.0 96,6.0 97,4.0 105,3.0 117,6.0 118,6.0 119,6.0 120,3.0 121,3.0 178,4.0 
36,6.0 44,6.0 80,6.0 96,6.0 
36,6.0 44,6.0 80,6.0 95,6.0 
0,7.0 3,4.0 4,4.0 10,13.0 11,4.0 36,13.0 44,3.0 57,6.0 58,11.0 61,3.0 71,3.0 81,3.0 92,4.0 94,4.0 98,9.0 99,10.0 137,3.0 140,4.0 141,3.0 178,4.0 194,4.0 227,4.0 240,4.0 241,4.0 244,4.0 245,4.0 246,4.0 
0,24.0 1,7.0 2,7.0 3,1.0 4,1.0 7,4.0 10,12.0 15,4.0 16,4.0 36,10.0 44,7.0 79,4.0 92,3.0 93,7.0 94,3.0 97,9.0 99,6.0 117,3.0 118,3.0 119,3.0 137,10.0 138,3.0 174,4.0 180,1.0 181,1.0 
10,6.0 58,4.0 97,10.0 98,6.0 194,4.0 227,4.0 240,4.0 241,4.0 
0,3.0 5,11.0 6,8.0 9,12.0 28,16.0 45,6.0 46,9.0 48,6.0 78,2.0 100,16.0 101,60.0 107,14.0 108,39.0 117,4.0 120,14.0 128,20.0 130,4.0 131,4.0 134,2.0 143,4.0 150,4.0 153,4.0 155,16.0 156,8.0 158,4.0 160,4.0 166,20.0 180,4.0 181,4.0 182,6.0 185,36.0 194,4.0 195,8.0 196,4.0 203,6.0 238,4.0 239,4.0 259,4.0 269,4.0 270,4.0 
5,8.0 6,8.0 9,12.0 28,12.0 45,6.0 46,6.0 48,6.0 78,2.0 100,60.0 101,16.0 107,14.0 108,36.0 117,4.0 120,10.0 128,20.0 134,2.0 150,4.0 155,16.0 156,8.0 160,4.0 166,20.0 182,6.0 185,36.0 195,4.0 203,6.0 259,4.0 269,4.0 270,4.0 
0,5.0 1,1.0 2,1.0 3,1.0 4,1.0 8,6.0 10,6.0 11,3.0 17,1.0 38,3.0 57,6.0 90,4.0 91,4.0 92,4.0 103,6.0 104,6.0 105,9.0 106,6.0 107,6.0 108,6.0 118,4.0 119,4.0 126,2.0 139,8.0 178,6.0 179,3.0 180,4.0 181,4.0 194,4.0 227,4.0 256,4.0 258,2.0 
8,6.0 102,6.0 104,6.0 105,6.0 106,6.0 107,6.0 108,6.0 
0,4.0 8,6.0 102,10.0 103,6.0 105,6.0 106,6.0 107,6.0 108,6.0 139,4.0 184,4.0 227,4.0 254,4.0 255,4.0 256,4.0 
6,6.0 8,12.0 10,3.0 17,4.0 22,4.0 28,12.0 47,20.0 57,3.0 82,6.0 84,6.0 89,4.0 102,3.0 105,4.0 106,21.0 107,12.0 108,24.0 109,6.0 120,12.0 121,12.0 122,9.0 123,12.0 124,6.0 125,6.0 129,3.0 130,3.0 131,3.0 132,3.0 133,3.0 155,12.0 156,12.0 178,3.0 179,3.0 189,4.0 190,4.0 199,8.0 201,4.0 242,4.0 243,4.0 
6,10.0 8,12.0 9,4.0 17,4.0 22,4.0 28,7.0 47,16.0 48,4.0 82,6.0 84,6.0 89,4.0 105,25.0 107,12.0 108,20.0 109,6.0 120,3.0 121,3.0 123,3.0 129,3.0 130,3.0 131,3.0 132,3.0 133,3.0 155,8.0 156,12.0 189,4.0 190,4.0 199,4.0 201,4.0 242,4.0 243,4.0 251,4.0 252,4.0 
0,4.0 6,12.0 7,4.0 8,30.0 37,6.0 68,6.0 82,12.0 84,12.0 98,4.0 100,14.0 101,14.0 105,6.0 106,6.0 107,16.0 108,32.0 109,12.0 111,8.0 128,14.0 160,2.0 174,4.0 185,26.0 230,8.0 259,2.0 
0,3.0 5,11.0 6,12.0 7,4.0 8,26.0 9,40.0 36,4.0 37,6.0 40,8.0 41,8.0 45,6.0 46,3.0 47,12.0 57,4.0 58,4.0 68,6.0 78,2.0 82,12.0 84,12.0 100,41.0 101,38.0 105,18.0 106,14.0 107,32.0 108,44.0 109,12.0 120,6.0 128,16.0 134,2.0 155,44.0 156,16.0 160,4.0 164,4.0 166,16.0 174,4.0 175,4.0 182,50.0 183,10.0 185,64.0 195,8.0 197,8.0 198,4.0 199,4.0 203,2.0 223,16.0 224,8.0 237,4.0 257,6.0 259,4.0 
6,6.0 8,6.0 13,3.0 37,6.0 68,6.0 82,6.0 84,6.0 107,6.0 108,6.0 135,3.0 176,3.0 177,3.0 
111,6.0 112,6.0 113,6.0 114,6.0 115,6.0 116,6.0 
0,4.0 7,4.0 8,4.0 98,4.0 107,4.0 110,6.0 112,6.0 113,6.0 114,6.0 115,6.0 116,6.0 174,4.0 185,4.0 230,4.0 
110,6.0 111,6.0 113,6.0 114,6.0 115,6.0 116,6.0 
0,6.0 1,6.0 2,6.0 10,6.0 98,6.0 114,6.0 115,6.0 116,6.0 
0,6.0 1,6.0 2,10.0 7,4.0 9,4.0 10,6.0 98,6.0 113,6.0 115,6.0 116,6.0 123,4.0 174,4.0 185,4.0 
0,6.0 1,6.0 2,6.0 10,6.0 98,6.0 113,6.0 114,6.0 116,6.0 
0,6.0 1,6.0 2,6.0 10,6.0 98,6.0 113,6.0 114,6.0 115,6.0 
0,6.0 1,3.0 28,3.0 36,3.0 42,4.0 46,3.0 57,6.0 58,6.0 67,3.0 71,3.0 72,3.0 92,6.0 93,3.0 94,6.0 105,3.0 118,9.0 119,9.0 120,3.0 121,6.0 139,7.0 140,3.0 142,3.0 143,3.0 144,6.0 145,3.0 149,3.0 150,7.0 151,3.0 152,3.0 153,3.0 154,3.0 
0,7.0 6,6.0 8,3.0 10,7.0 17,4.0 28,3.0 35,3.0 36,4.0 38,7.0 45,6.0 46,3.0 57,3.0 69,2.0 78,3.0 90,4.0 92,3.0 93,3.0 94,3.0 97,4.0 102,3.0 105,3.0 117,3.0 119,22.0 120,3.0 121,3.0 127,6.0 134,3.0 200,2.0 243,2.0 263,4.0 267,2.0 273,2.0 
0,7.0 6,6.0 8,3.0 10,7.0 17,4.0 28,3.0 35,3.0 36,4.0 38,7.0 45,6.0 46,3.0 57,3.0 69,2.0 78,3.0 90,4.0 92,3.0 93,3.0 94,3.0 97,4.0 102,3.0 105,3.0 117,3.0 118,22.0 120,3.0 121,3.0 127,6.0 134,3.0 200,2.0 243,2.0 263,4.0 267,2.0 273,2.0 
5,4.0 6,4.0 7,3.0 9,8.0 28,24.0 46,3.0 48,3.0 52,3.0 78,2.0 100,14.0 101,10.0 105,12.0 106,3.0 108,6.0 117,4.0 120,2.0 121,12.0 122,9.0 123,12.0 124,6.0 125,6.0 129,3.0 130,7.0 131,10.0 132,3.0 133,3.0 134,2.0 150,4.0 156,4.0 166,4.0 174,3.0 175,3.0 180,4.0 181,4.0 182,6.0 185,6.0 195,8.0 196,4.0 247,4.0 248,4.0 
5,9.0 7,3.0 21,4.0 28,32.0 46,18.0 48,3.0 49,6.0 50,6.0 52,3.0 64,4.0 105,12.0 106,3.0 120,15.0 121,7.0 122,9.0 123,12.0 124,6.0 125,6.0 128,6.0 129,3.0 130,3.0 131,3.0 132,6.0 133,3.0 153,9.0 154,15.0 155,9.0 156,9.0 157,9.0 158,9.0 159,6.0 164,6.0 165,6.0 166,14.0 167,6.0 168,6.0 169,6.0 170,3.0 171,3.0 174,3.0 199,12.0 202,4.0 231,4.0 232,4.0 233,4.0 234,4.0 235,4.0 236,12.0 237,12.0 238,12.0 
0,4.0 1,4.0 8,3.0 28,9.0 35,3.0 36,4.0 45,3.0 57,3.0 58,3.0 105,9.0 117,3.0 120,9.0 121,9.0 122,3.0 123,18.0 124,6.0 125,6.0 127,3.0 128,3.0 133,4.0 139,4.0 155,4.0 159,4.0 173,4.0 189,8.0 190,4.0 191,4.0 192,4.0 193,4.0 
2,4.0 7,12.0 8,11.0 9,20.0 28,12.0 35,3.0 45,3.0 57,3.0 58,3.0 78,8.0 105,12.0 106,3.0 114,8.0 117,3.0 120,12.0 121,12.0 122,18.0 123,7.0 124,6.0 125,6.0 127,3.0 128,3.0 129,3.0 130,3.0 131,3.0 132,3.0 133,3.0 174,4.0 185,20.0 187,4.0 228,4.0 
5,3.0 33,6.0 34,6.0 46,3.0 52,6.0 56,9.0 121,3.0 125,6.0 132,6.0 153,3.0 154,3.0 155,3.0 156,3.0 157,3.0 158,3.0 161,9.0 170,6.0 171,6.0 172,9.0 173,9.0 
33,6.0 34,6.0 124,6.0 
56,6.0 90,2.0 122,6.0 123,6.0 160,2.0 258,4.0 259,2.0 260,2.0 
6,6.0 8,6.0 13,3.0 20,3.0 28,3.0 35,6.0 37,3.0 45,9.0 46,3.0 78,3.0 79,3.0 105,3.0 106,3.0 109,3.0 120,3.0 121,3.0 123,3.0 128,3.0 129,3.0 134,3.0 135,3.0 136,3.0 176,3.0 177,3.0 
5,4.0 6,4.0 7,3.0 8,3.0 9,4.0 28,7.0 35,3.0 45,7.0 46,6.0 48,3.0 49,6.0 50,6.0 100,18.0 101,18.0 105,3.0 106,3.0 107,14.0 108,14.0 120,6.0 121,12.0 123,3.0 127,3.0 128,6.0 129,3.0 154,3.0 156,4.0 160,2.0 164,6.0 165,6.0 166,3.0 167,3.0 168,3.0 169,3.0 174,3.0 185,14.0 203,4.0 249,4.0 259,2.0 269,4.0 270,4.0 
28,3.0 105,3.0 106,3.0 120,3.0 121,3.0 123,3.0 130,3.0 131,3.0 132,3.0 133,3.0 
33,9.0 34,9.0 108,4.0 131,13.0 132,9.0 133,9.0 185,4.0 196,4.0 
31,9.0 32,9.0 33,9.0 34,9.0 52,9.0 108,4.0 130,13.0 132,9.0 133,9.0 175,9.0 185,4.0 196,4.0 
33,9.0 34,9.0 52,9.0 56,9.0 124,9.0 130,9.0 131,9.0 133,9.0 161,9.0 170,9.0 171,9.0 172,9.0 173,9.0 
33,9.0 34,9.0 130,9.0 131,9.0 132,9.0 155,4.0 159,4.0 173,4.0 189,4.0 
6,3.0 13,3.0 20,3.0 37,3.0 45,3.0 46,3.0 78,7.0 79,3.0 127,3.0 135,3.0 136,3.0 180,4.0 185,4.0 
0,6.0 10,3.0 13,12.0 20,9.0 36,3.0 37,9.0 44,3.0 79,9.0 81,3.0 98,3.0 135,3.0 136,9.0 137,3.0 141,3.0 
0,3.0 13,9.0 20,9.0 36,3.0 37,9.0 79,29.0 90,18.0 98,3.0 135,9.0 136,3.0 260,18.0 261,2.0 262,2.0 
0,3.0 36,3.0 44,14.0 57,3.0 58,7.0 92,11.0 94,7.0 97,4.0 100,3.0 102,4.0 108,3.0 117,3.0 138,5.0 139,4.0 194,4.0 278,2.0 
36,3.0 57,3.0 58,3.0 137,5.0 278,2.0 
0,9.0 1,5.0 2,4.0 3,7.0 4,4.0 5,4.0 17,1.0 27,4.0 36,10.0 40,4.0 42,4.0 44,4.0 45,4.0 57,3.0 58,3.0 71,3.0 72,3.0 92,4.0 93,6.0 102,8.0 117,3.0 118,4.0 119,4.0 126,2.0 137,4.0 140,3.0 156,4.0 194,4.0 203,4.0 204,4.0 227,4.0 256,4.0 258,2.0 
42,3.0 57,6.0 58,3.0 61,3.0 67,3.0 71,6.0 72,3.0 97,4.0 117,3.0 139,3.0 145,3.0 244,4.0 245,4.0 246,4.0 
0,3.0 1,3.0 10,3.0 67,3.0 81,6.0 117,3.0 135,3.0 142,3.0 143,3.0 
1,3.0 67,3.0 117,3.0 143,3.0 144,3.0 145,3.0 
1,3.0 67,3.0 117,3.0 142,3.0 144,3.0 145,3.0 194,4.0 239,4.0 240,4.0 241,4.0 
36,3.0 42,3.0 46,3.0 57,3.0 67,3.0 117,3.0 121,3.0 140,3.0 145,3.0 149,3.0 150,3.0 151,3.0 152,3.0 153,3.0 154,3.0 
42,3.0 57,3.0 61,3.0 64,3.0 67,3.0 71,3.0 140,3.0 144,3.0 146,3.0 147,3.0 148,3.0 
36,3.0 64,33.0 117,3.0 144,3.0 146,15.0 147,33.0 148,33.0 149,3.0 150,3.0 151,3.0 152,3.0 
36,3.0 64,33.0 117,3.0 144,3.0 146,33.0 147,15.0 148,33.0 149,3.0 150,3.0 151,3.0 152,3.0 
36,3.0 64,33.0 117,3.0 144,3.0 146,33.0 147,33.0 148,15.0 149,3.0 150,3.0 151,3.0 152,3.0 
36,3.0 46,3.0 117,3.0 121,3.0 144,3.0 150,3.0 151,3.0 152,3.0 153,3.0 154,3.0 
36,3.0 42,4.0 46,3.0 117,7.0 121,3.0 139,4.0 144,3.0 149,3.0 151,3.0 152,3.0 153,3.0 154,3.0 
36,3.0 46,3.0 117,3.0 121,3.0 144,3.0 149,3.0 150,3.0 152,3.0 153,3.0 154,3.0 
36,3.0 46,3.0 117,3.0 121,3.0 144,3.0 149,3.0 150,3.0 151,3.0 153,3.0 154,3.0 
5,9.0 46,9.0 100,4.0 121,9.0 143,4.0 154,9.0 155,9.0 156,9.0 157,9.0 158,13.0 159,6.0 194,4.0 238,4.0 239,4.0 
5,13.0 6,4.0 9,4.0 28,4.0 46,12.0 52,3.0 106,4.0 121,12.0 132,3.0 153,9.0 155,9.0 156,13.0 157,9.0 158,9.0 159,6.0 166,3.0 167,3.0 168,3.0 169,3.0 170,3.0 171,3.0 250,4.0 251,4.0 
0,4.0 1,4.0 5,36.0 8,8.0 9,32.0 33,4.0 36,4.0 45,6.0 46,9.0 47,12.0 100,18.0 101,18.0 102,4.0 105,12.0 106,8.0 108,36.0 118,2.0 119,2.0 121,9.0 122,8.0 128,2.0 139,4.0 153,9.0 154,9.0 155,21.0 156,28.0 157,12.0 158,12.0 159,6.0 160,2.0 164,4.0 166,16.0 180,8.0 181,4.0 182,8.0 183,4.0 184,8.0 185,28.0 186,4.0 189,18.0 191,8.0 192,8.0 193,8.0 194,4.0 199,4.0 203,2.0 223,4.0 225,8.0 226,8.0 227,4.0 237,4.0 259,2.0 
5,56.0 6,48.0 9,48.0 13,4.0 14,4.0 16,4.0 21,4.0 27,4.0 28,48.0 37,4.0 40,4.0 45,24.0 46,17.0 47,12.0 48,12.0 89,4.0 97,4.0 100,8.0 101,8.0 105,12.0 106,12.0 108,12.0 120,4.0 121,9.0 128,4.0 140,4.0 153,9.0 154,13.0 155,24.0 156,11.0 157,12.0 158,12.0 159,6.0 164,8.0 166,24.0 199,8.0 200,4.0 201,4.0 202,4.0 203,16.0 204,4.0 205,4.0 206,4.0 207,4.0 226,4.0 230,4.0 237,8.0 244,4.0 247,4.0 248,4.0 249,4.0 250,4.0 251,4.0 252,4.0 253,4.0 
5,12.0 46,9.0 49,6.0 50,6.0 121,15.0 128,6.0 153,9.0 154,9.0 155,12.0 156,12.0 157,3.0 158,12.0 159,6.0 163,6.0 164,6.0 165,6.0 
5,12.0 46,9.0 100,4.0 121,9.0 143,4.0 153,13.0 154,9.0 155,12.0 156,12.0 157,12.0 158,3.0 159,6.0 194,4.0 238,4.0 239,4.0 
133,4.0 155,4.0 160,6.0 173,4.0 189,4.0 
15,4.0 126,2.0 161,6.0 221,4.0 258,2.0 259,10.0 264,4.0 265,4.0 
5,3.0 46,3.0 52,6.0 56,9.0 121,3.0 124,9.0 132,6.0 153,3.0 154,3.0 155,3.0 156,3.0 157,3.0 158,3.0 162,6.0 170,6.0 171,6.0 172,9.0 173,9.0 
55,6.0 
49,6.0 50,6.0 121,6.0 128,6.0 157,6.0 164,6.0 165,6.0 
7,3.0 45,4.0 46,6.0 48,3.0 49,6.0 50,6.0 97,4.0 120,3.0 121,9.0 128,6.0 140,4.0 154,3.0 156,4.0 165,6.0 166,3.0 167,3.0 168,3.0 169,3.0 174,3.0 237,4.0 244,4.0 
7,3.0 46,6.0 48,3.0 49,6.0 50,6.0 120,3.0 121,9.0 128,6.0 154,3.0 164,6.0 166,3.0 167,3.0 168,3.0 169,3.0 174,3.0 
5,20.0 6,24.0 7,8.0 9,24.0 13,8.0 16,8.0 21,8.0 28,28.0 37,8.0 45,6.0 46,31.0 48,28.0 52,3.0 68,4.0 89,4.0 100,22.0 101,22.0 108,16.0 121,7.0 128,2.0 132,3.0 154,3.0 155,16.0 156,24.0 160,2.0 166,14.0 167,3.0 168,3.0 169,3.0 170,3.0 171,3.0 174,8.0 185,16.0 199,4.0 200,8.0 201,8.0 203,6.0 236,4.0 237,4.0 238,4.0 248,4.0 259,2.0 
46,3.0 52,3.0 121,3.0 132,3.0 154,3.0 166,3.0 168,3.0 169,3.0 170,3.0 171,3.0 
46,3.0 52,3.0 121,3.0 132,3.0 154,3.0 166,3.0 167,3.0 169,3.0 170,3.0 171,3.0 
46,3.0 52,3.0 121,3.0 132,3.0 154,3.0 166,3.0 167,3.0 168,3.0 170,3.0 171,3.0 
52,9.0 56,9.0 124,9.0 132,9.0 161,9.0 171,9.0 172,9.0 173,9.0 
52,9.0 56,9.0 124,9.0 132,9.0 161,9.0 170,9.0 172,9.0 173,9.0 
5,3.0 46,3.0 52,6.0 56,9.0 121,3.0 124,9.0 132,6.0 153,3.0 154,3.0 155,3.0 156,3.0 157,3.0 158,3.0 161,9.0 170,6.0 171,6.0 173,9.0 
5,3.0 46,3.0 52,6.0 56,9.0 121,3.0 124,9.0 132,6.0 133,4.0 153,3.0 154,3.0 155,7.0 156,3.0 157,3.0 158,3.0 159,4.0 161,9.0 170,6.0 171,6.0 172,9.0 189,4.0 
0,4.0 2,4.0 7,33.0 13,4.0 14,4.0 15,12.0 16,16.0 21,4.0 37,4.0 46,15.0 48,17.0 52,3.0 68,4.0 69,4.0 79,16.0 98,4.0 120,3.0 131,3.0 166,12.0 175,3.0 199,10.0 200,4.0 201,4.0 207,6.0 208,4.0 209,4.0 210,4.0 271,2.0 
31,9.0 32,9.0 52,9.0 108,4.0 131,9.0 185,4.0 
13,3.0 109,3.0 135,3.0 177,3.0 
13,3.0 109,3.0 135,3.0 176,3.0 
0,3.0 1,3.0 2,3.0 3,3.0 4,3.0 7,4.0 11,7.0 17,2.0 46,7.0 48,4.0 166,4.0 174,4.0 179,5.0 199,4.0 278,2.0 
0,3.0 1,3.0 2,3.0 3,3.0 4,3.0 17,2.0 178,5.0 278,2.0 
16,8.0 17,12.0 28,4.0 90,8.0 91,16.0 100,4.0 102,4.0 120,4.0 130,4.0 131,4.0 181,16.0 182,2.0 185,8.0 194,4.0 195,4.0 196,4.0 227,4.0 231,2.0 236,2.0 268,2.0 
16,8.0 17,8.0 28,4.0 90,4.0 91,12.0 100,4.0 102,4.0 120,4.0 130,4.0 131,4.0 180,16.0 195,4.0 196,4.0 
5,8.0 7,8.0 8,8.0 9,56.0 78,2.0 100,6.0 101,6.0 108,50.0 120,6.0 134,2.0 155,18.0 174,8.0 182,18.0 183,6.0 185,22.0 186,4.0 189,2.0 223,12.0 224,8.0 245,2.0 246,2.0 257,6.0 268,4.0 
5,1.0 7,4.0 9,2.0 108,5.0 155,1.0 174,4.0 182,5.0 185,4.0 223,4.0 
0,4.0 5,4.0 9,4.0 102,8.0 104,4.0 139,4.0 155,4.0 180,4.0 181,4.0 227,4.0 254,4.0 255,4.0 256,4.0 
0,4.0 2,4.0 7,24.0 8,20.0 9,32.0 17,4.0 36,4.0 40,8.0 41,8.0 45,2.0 57,4.0 58,4.0 78,10.0 90,4.0 91,4.0 98,4.0 100,38.0 101,38.0 107,26.0 108,64.0 111,8.0 114,8.0 120,6.0 123,20.0 128,16.0 134,2.0 155,16.0 160,4.0 166,16.0 174,16.0 175,4.0 180,8.0 182,32.0 183,4.0 185,26.0 186,4.0 187,4.0 194,4.0 195,8.0 197,8.0 198,4.0 203,2.0 223,4.0 227,4.0 228,4.0 230,8.0 231,2.0 236,2.0 259,4.0 268,2.0 
7,4.0 9,4.0 174,4.0 182,4.0 185,4.0 
7,4.0 8,4.0 9,12.0 28,4.0 78,8.0 121,4.0 123,4.0 185,4.0 199,4.0 228,4.0 231,4.0 232,4.0 
122,4.0 189,4.0 190,4.0 
0,4.0 1,4.0 17,4.0 22,4.0 33,4.0 36,4.0 47,4.0 89,4.0 105,4.0 106,4.0 118,2.0 119,2.0 122,12.0 133,4.0 139,4.0 155,18.0 159,4.0 173,4.0 189,4.0 190,8.0 191,8.0 192,8.0 193,8.0 201,4.0 242,4.0 243,4.0 
17,4.0 22,4.0 47,4.0 89,4.0 105,4.0 106,4.0 122,4.0 133,4.0 159,4.0 173,4.0 189,8.0 201,4.0 242,4.0 243,4.0 
0,4.0 1,4.0 36,4.0 122,4.0 139,4.0 155,4.0 189,4.0 192,4.0 193,4.0 
0,4.0 1,4.0 36,4.0 122,4.0 139,4.0 155,4.0 189,4.0 191,4.0 193,4.0 
0,4.0 1,4.0 36,4.0 122,4.0 139,4.0 155,4.0 189,4.0 191,4.0 192,4.0 
17,4.0 58,4.0 90,4.0 91,4.0 92,4.0 97,4.0 99,4.0 102,4.0 118,4.0 119,4.0 139,4.0 143,4.0 180,4.0 185,4.0 227,8.0 239,4.0 240,8.0 241,8.0 
9,4.0 28,8.0 36,4.0 40,4.0 41,4.0 57,4.0 58,4.0 100,8.0 101,4.0 108,4.0 117,4.0 120,8.0 130,4.0 131,4.0 150,4.0 180,4.0 181,4.0 185,4.0 196,4.0 197,4.0 198,4.0 
108,4.0 130,4.0 131,4.0 185,4.0 
36,4.0 40,4.0 41,4.0 57,4.0 58,4.0 108,4.0 185,4.0 195,4.0 198,4.0 
1,4.0 36,4.0 57,4.0 58,4.0 81,4.0 
5,4.0 6,4.0 7,10.0 9,4.0 13,4.0 16,4.0 17,4.0 21,8.0 28,24.0 37,4.0 46,4.0 47,4.0 48,6.0 64,4.0 68,4.0 69,4.0 90,4.0 91,4.0 105,4.0 108,8.0 121,16.0 154,4.0 155,4.0 156,8.0 166,8.0 174,10.0 182,4.0 185,4.0 200,4.0 201,4.0 202,4.0 207,10.0 208,4.0 209,4.0 210,4.0 231,4.0 232,4.0 233,4.0 234,4.0 235,4.0 236,8.0 237,8.0 238,8.0 250,4.0 271,2.0 
6,4.0 9,8.0 13,24.0 16,24.0 17,12.0 21,24.0 28,8.0 37,24.0 38,12.0 46,4.0 48,4.0 68,12.0 89,4.0 90,12.0 100,8.0 101,8.0 108,4.0 120,4.0 155,4.0 156,4.0 166,8.0 185,4.0 195,4.0 200,12.0 201,24.0 202,8.0 243,12.0 263,12.0 
6,4.0 9,8.0 13,24.0 16,24.0 17,12.0 21,24.0 22,12.0 28,8.0 37,24.0 46,4.0 47,4.0 48,4.0 68,12.0 89,16.0 100,4.0 101,4.0 105,4.0 106,4.0 108,4.0 120,4.0 155,4.0 156,8.0 166,4.0 195,4.0 200,24.0 201,12.0 202,8.0 242,12.0 243,12.0 
7,4.0 9,4.0 13,4.0 14,16.0 16,4.0 21,16.0 28,8.0 37,4.0 63,4.0 64,12.0 100,4.0 101,4.0 120,4.0 121,4.0 174,4.0 195,4.0 199,8.0 200,4.0 201,4.0 202,8.0 205,16.0 206,16.0 207,4.0 211,4.0 212,4.0 213,4.0 233,12.0 234,12.0 235,12.0 236,4.0 237,4.0 238,4.0 
5,12.0 6,8.0 9,8.0 14,4.0 27,4.0 28,8.0 40,4.0 45,16.0 46,4.0 48,4.0 100,4.0 101,4.0 120,4.0 128,4.0 156,12.0 166,8.0 202,4.0 204,4.0 205,4.0 206,4.0 247,4.0 269,4.0 270,4.0 
5,4.0 14,4.0 27,4.0 40,4.0 45,4.0 156,4.0 202,4.0 203,4.0 205,4.0 206,4.0 
7,4.0 14,16.0 63,4.0 174,4.0 199,4.0 202,16.0 205,4.0 206,16.0 207,4.0 211,4.0 212,4.0 213,4.0 
7,4.0 14,16.0 63,4.0 174,4.0 199,4.0 202,16.0 205,16.0 206,4.0 207,4.0 211,4.0 212,4.0 213,4.0 
5,4.0 6,4.0 7,6.0 9,4.0 28,4.0 48,2.0 69,4.0 154,4.0 156,4.0 174,6.0 199,10.0 208,4.0 209,4.0 210,4.0 250,4.0 271,2.0 
14,4.0 69,4.0 202,4.0 205,4.0 206,4.0 209,4.0 210,4.0 
14,4.0 69,4.0 202,4.0 205,4.0 206,4.0 208,4.0 210,4.0 
14,4.0 69,4.0 202,4.0 205,4.0 206,4.0 208,4.0 209,4.0 
63,4.0 89,4.0 212,4.0 213,4.0 214,4.0 215,4.0 216,4.0 
63,4.0 89,4.0 211,4.0 213,4.0 214,4.0 215,4.0 216,4.0 
63,4.0 89,4.0 211,4.0 212,4.0 214,4.0 215,4.0 216,4.0 
66,4.0 89,4.0 215,4.0 216,4.0 217,4.0 218,4.0 219,4.0 
66,4.0 89,4.0 214,4.0 216,4.0 217,4.0 218,4.0 219,4.0 
66,4.0 89,4.0 214,4.0 215,4.0 217,4.0 218,4.0 219,4.0 
66,4.0 68,4.0 218,4.0 219,4.0 220,4.0 221,4.0 222,4.0 
66,4.0 68,4.0 217,4.0 219,4.0 220,4.0 221,4.0 222,4.0 
66,4.0 68,4.0 217,4.0 218,4.0 220,4.0 221,4.0 222,4.0 
68,4.0 180,4.0 181,4.0 221,4.0 222,4.0 
15,32.0 68,4.0 90,28.0 180,4.0 181,4.0 220,4.0 222,4.0 233,2.0 240,2.0 241,2.0 260,28.0 266,2.0 
68,4.0 180,4.0 181,4.0 220,4.0 221,4.0 
5,4.0 7,4.0 9,8.0 108,8.0 155,4.0 174,4.0 182,8.0 183,4.0 185,4.0 224,4.0 
5,4.0 9,8.0 108,4.0 155,4.0 182,4.0 223,4.0 
5,4.0 9,4.0 155,4.0 180,4.0 185,4.0 194,4.0 226,4.0 227,4.0 
5,4.0 9,4.0 104,4.0 155,4.0 180,4.0 184,4.0 185,4.0 194,4.0 225,4.0 227,4.0 230,4.0 253,4.0 254,4.0 255,4.0 
0,5.0 1,1.0 2,1.0 3,1.0 4,1.0 17,5.0 58,4.0 90,4.0 91,4.0 97,4.0 99,4.0 102,4.0 126,2.0 139,4.0 180,4.0 185,4.0 194,8.0 240,4.0 241,4.0 256,4.0 258,2.0 
7,4.0 8,8.0 9,8.0 28,4.0 78,8.0 107,4.0 121,4.0 185,4.0 187,4.0 199,4.0 229,4.0 231,4.0 232,4.0 
8,8.0 9,4.0 78,4.0 107,4.0 185,4.0 228,4.0 
0,4.0 7,4.0 8,4.0 98,4.0 104,4.0 107,4.0 111,4.0 174,4.0 184,4.0 185,4.0 226,4.0 253,4.0 254,4.0 255,4.0 
21,4.0 28,4.0 64,4.0 121,4.0 182,2.0 199,4.0 202,4.0 232,4.0 233,4.0 234,4.0 235,4.0 236,2.0 268,2.0 
21,4.0 28,4.0 64,4.0 121,4.0 199,4.0 202,4.0 231,4.0 233,4.0 234,4.0 235,4.0 
21,12.0 28,4.0 64,12.0 118,2.0 119,2.0 121,4.0 199,4.0 202,12.0 233,4.0 234,12.0 235,12.0 236,4.0 237,4.0 238,4.0 266,2.0 
21,12.0 28,4.0 64,12.0 121,4.0 199,4.0 202,12.0 233,12.0 234,4.0 235,12.0 236,4.0 237,4.0 238,4.0 
21,12.0 28,4.0 64,12.0 121,4.0 199,4.0 202,12.0 233,12.0 234,12.0 235,4.0 236,4.0 237,4.0 238,4.0 
28,12.0 100,4.0 121,12.0 153,4.0 158,4.0 166,4.0 182,2.0 199,8.0 231,2.0 237,12.0 238,16.0 268,2.0 
28,12.0 45,4.0 97,4.0 100,4.0 121,12.0 140,4.0 153,4.0 156,4.0 158,4.0 164,4.0 166,4.0 199,8.0 236,12.0 238,16.0 244,4.0 
28,12.0 100,8.0 121,12.0 143,4.0 153,8.0 158,8.0 166,4.0 194,4.0 199,8.0 236,12.0 237,12.0 238,4.0 239,4.0 
143,4.0 194,4.0 240,4.0 241,4.0 
7,2.0 17,2.0 38,2.0 47,4.0 48,2.0 58,2.0 90,2.0 97,2.0 99,2.0 105,4.0 106,4.0 174,2.0 189,4.0 190,4.0 194,2.0 199,2.0 200,2.0 207,2.0 227,2.0 241,10.0 243,2.0 263,2.0 
7,2.0 17,2.0 38,2.0 47,4.0 48,2.0 58,2.0 90,2.0 97,2.0 99,2.0 105,4.0 106,4.0 174,2.0 189,4.0 190,4.0 194,2.0 199,2.0 200,2.0 207,2.0 227,2.0 240,10.0 243,2.0 263,2.0 
17,12.0 22,12.0 47,4.0 89,12.0 105,4.0 106,4.0 108,4.0 155,4.0 156,4.0 201,12.0 242,4.0 243,12.0 
17,24.0 22,12.0 38,12.0 47,4.0 89,12.0 90,12.0 100,4.0 101,4.0 105,4.0 106,4.0 108,8.0 155,8.0 156,4.0 166,4.0 185,4.0 200,12.0 201,12.0 242,12.0 243,8.0 263,12.0 
97,4.0 140,4.0 245,4.0 246,4.0 
7,4.0 17,2.0 38,2.0 46,4.0 48,4.0 88,2.0 90,2.0 91,2.0 166,4.0 174,4.0 246,6.0 263,2.0 
7,4.0 17,2.0 38,2.0 46,4.0 48,4.0 88,2.0 90,2.0 91,2.0 166,4.0 174,4.0 245,6.0 263,2.0 
5,4.0 6,4.0 9,4.0 28,4.0 120,4.0 156,4.0 166,4.0 248,4.0 
5,4.0 6,4.0 9,4.0 28,4.0 156,4.0 166,4.0 
5,4.0 6,4.0 9,4.0 28,4.0 128,4.0 156,4.0 
5,4.0 6,4.0 9,4.0 28,4.0 106,4.0 154,4.0 156,4.0 251,4.0 
6,4.0 9,4.0 28,4.0 48,4.0 106,4.0 156,4.0 252,4.0 
6,4.0 9,4.0 28,4.0 48,4.0 156,4.0 226,4.0 230,4.0 253,4.0 
104,4.0 184,4.0 226,4.0 230,4.0 254,4.0 255,4.0 
0,4.0 102,4.0 104,4.0 139,4.0 184,4.0 227,4.0 255,4.0 256,4.0 
0,4.0 102,4.0 104,4.0 139,4.0 184,4.0 227,4.0 254,4.0 256,4.0 
0,5.0 1,1.0 2,1.0 3,1.0 4,1.0 17,1.0 102,4.0 126,2.0 139,4.0 227,4.0 258,2.0 
5,3.0 9,6.0 108,3.0 155,3.0 182,3.0 
90,2.0 126,4.0 160,2.0 259,2.0 260,2.0 
15,4.0 126,2.0 160,10.0 221,4.0 258,2.0 264,4.0 265,4.0 
15,28.0 78,2.0 79,18.0 90,48.0 134,2.0 136,18.0 221,28.0 
79,2.0 136,2.0 262,2.0 
79,2.0 136,2.0 261,2.0 
17,24.0 38,24.0 69,6.0 88,6.0 90,24.0 91,6.0 100,8.0 101,8.0 107,2.0 108,8.0 120,2.0 128,2.0 155,4.0 166,4.0 182,2.0 185,8.0 200,12.0 243,12.0 263,8.0 267,6.0 
160,4.0 259,4.0 265,4.0 
160,4.0 259,4.0 264,4.0 
118,2.0 119,2.0 233,2.0 
17,6.0 38,6.0 69,6.0 90,6.0 100,2.0 101,2.0 107,2.0 108,2.0 128,2.0 185,2.0 263,6.0 267,2.0 
155,2.0 182,4.0 189,2.0 245,2.0 246,2.0 
45,2.0 58,2.0 97,2.0 99,2.0 100,2.0 101,2.0 128,2.0 194,2.0 203,2.0 227,2.0 270,4.0 
45,2.0 58,2.0 97,2.0 99,2.0 100,2.0 101,2.0 128,2.0 194,2.0 203,2.0 227,2.0 269,4.0 
118,2.0 119,2.0 272,4.0 273,4.0 
271,4.0 
3,2.0 4,2.0 271,4.0 274,4.0 
273,4.0 275,2.0 276,2.0 277,4.0 
276,2.0 277,2.0 
275,2.0 277,2.0 
137,2.0 138,2.0 274,4.0 278,2.0 
17,2.0 178,2.0 179,2.0 277,2.0 279,2.0 
178,2.0 179,2.0 278,2.0 
