0,64.0 1,219.0 2,164.0 3,139.0 4,6.0 5,2.0 6,9.0 7,9.0 8,38.0 9,48.0 10,10.0 11,10.0 12,10.0 13,10.0 16,23.0 17,23.0 18,5.0 19,5.0 20,5.0 21,5.0 22,5.0 23,5.0 24,4.0 25,20.0 26,1.0 28,2.0 31,1.0 32,1.0 33,1.0 34,2.0 35,2.0 39,15.0 41,5.0 43,4.0 44,2.0 48,2.0 52,5.0 53,5.0 54,5.0 55,5.0 62,4.0 64,5.0 65,5.0 66,5.0 67,5.0 72,2.0 81,1.0 82,1.0 87,4.0 88,4.0 89,2.0 98,2.0 101,4.0 106,12.0 107,4.0 110,6.0 113,6.0 114,2.0 116,2.0 127,2.0 129,4.0 133,2.0 137,2.0 157,2.0 160,2.0 186,4.0 187,1.0 188,1.0 
0,218.0 1,103.0 2,210.0 3,216.0 4,13.0 5,9.0 6,9.0 7,9.0 8,53.0 9,65.0 10,9.0 11,9.0 12,9.0 13,9.0 16,22.0 17,22.0 18,5.0 19,5.0 20,4.0 21,4.0 22,4.0 23,4.0 24,37.0 25,27.0 26,4.0 27,4.0 28,6.0 30,3.0 31,60.0 32,18.0 33,19.0 34,8.0 35,8.0 36,5.0 37,5.0 39,69.0 40,54.0 41,5.0 42,5.0 43,9.0 44,2.0 47,6.0 48,2.0 50,2.0 52,5.0 53,5.0 54,5.0 55,5.0 57,14.0 58,5.0 61,5.0 62,9.0 63,9.0 64,5.0 65,5.0 66,5.0 67,5.0 68,5.0 69,5.0 70,5.0 72,53.0 73,5.0 74,5.0 78,2.0 81,1.0 82,1.0 87,4.0 88,4.0 89,2.0 90,2.0 119,2.0 127,4.0 129,4.0 146,2.0 156,2.0 170,2.0 185,1.0 
0,171.0 1,215.0 2,104.0 3,190.0 4,10.0 5,2.0 6,6.0 7,5.0 8,59.0 9,19.0 12,10.0 13,10.0 16,25.0 17,25.0 20,5.0 21,5.0 22,5.0 23,5.0 24,19.0 25,7.0 26,4.0 27,14.0 28,2.0 30,4.0 31,77.0 32,10.0 33,10.0 34,10.0 35,10.0 36,6.0 37,10.0 38,33.0 39,10.0 40,20.0 41,76.0 44,15.0 47,1.0 48,2.0 54,20.0 55,14.0 56,5.0 57,12.0 58,9.0 59,5.0 61,4.0 62,8.0 63,8.0 64,9.0 65,5.0 72,7.0 75,18.0 76,7.0 77,7.0 78,5.0 81,2.0 82,1.0 84,4.0 85,21.0 86,4.0 87,8.0 89,2.0 107,2.0 108,2.0 113,2.0 119,4.0 128,2.0 146,2.0 148,4.0 151,4.0 156,2.0 160,2.0 172,1.0 173,1.0 174,1.0 185,2.0 186,4.0 187,1.0 
0,143.0 1,209.0 2,199.0 3,83.0 4,15.0 5,7.0 6,10.0 7,10.0 8,5.0 9,6.0 16,21.0 17,23.0 20,5.0 21,5.0 22,1.0 23,1.0 24,24.0 25,10.0 26,4.0 28,2.0 31,48.0 34,10.0 35,10.0 38,29.0 39,59.0 40,49.0 41,12.0 44,29.0 45,5.0 46,5.0 48,2.0 57,10.0 58,9.0 62,4.0 63,4.0 64,9.0 65,5.0 66,5.0 67,5.0 68,5.0 69,5.0 70,5.0 72,27.0 73,5.0 74,5.0 75,6.0 81,1.0 82,1.0 84,4.0 85,16.0 86,4.0 87,8.0 89,2.0 90,2.0 98,2.0 106,2.0 110,2.0 112,2.0 114,6.0 116,8.0 117,2.0 118,4.0 119,8.0 120,2.0 151,6.0 157,2.0 160,2.0 171,2.0 172,2.0 186,3.0 187,1.0 
0,14.0 1,24.0 2,13.0 3,14.0 4,2.0 5,15.0 8,8.0 9,4.0 28,2.0 38,4.0 39,6.0 44,2.0 47,6.0 48,2.0 62,4.0 63,4.0 72,2.0 81,1.0 82,1.0 87,10.0 89,2.0 
0,9.0 1,15.0 2,4.0 3,9.0 4,15.0 5,2.0 39,6.0 47,6.0 87,2.0 
0,10.0 1,9.0 2,12.0 3,2.0 7,10.0 8,3.0 9,3.0 15,1.0 16,2.0 25,4.0 30,1.0 36,2.0 37,1.0 44,1.0 108,12.0 128,10.0 135,2.0 146,1.0 186,2.0 
0,9.0 1,9.0 2,10.0 3,1.0 6,10.0 44,1.0 
0,38.0 1,57.0 2,29.0 3,4.0 4,4.0 6,4.0 8,23.0 9,62.0 10,15.0 11,15.0 12,10.0 13,10.0 18,5.0 19,5.0 24,10.0 25,38.0 27,14.0 30,1.0 31,14.0 38,17.0 39,10.0 40,12.0 43,4.0 44,5.0 50,5.0 51,5.0 55,4.0 60,5.0 61,9.0 62,13.0 63,13.0 65,1.0 72,13.0 76,4.0 77,5.0 78,6.0 79,5.0 80,5.0 81,5.0 82,5.0 83,8.0 85,1.0 87,4.0 88,4.0 103,4.0 107,2.0 108,2.0 109,2.0 113,2.0 119,4.0 148,4.0 168,2.0 172,3.0 185,1.0 186,1.0 189,2.0 190,1.0 
0,34.0 1,51.0 2,4.0 3,4.0 6,3.0 8,53.0 9,9.0 10,10.0 11,10.0 12,10.0 13,10.0 24,8.0 25,36.0 26,5.0 27,13.0 28,13.0 31,4.0 38,16.0 40,2.0 43,4.0 44,8.0 47,22.0 52,5.0 53,5.0 61,6.0 62,4.0 63,4.0 65,1.0 83,6.0 85,1.0 88,4.0 98,6.0 99,2.0 110,4.0 111,2.0 113,4.0 115,2.0 117,2.0 128,2.0 129,2.0 150,2.0 152,4.0 153,4.0 154,2.0 155,4.0 156,16.0 157,8.0 172,3.0 186,1.0 188,1.0 
0,10.0 1,9.0 8,10.0 9,10.0 11,15.0 12,5.0 13,5.0 39,5.0 40,5.0 41,5.0 
0,10.0 1,9.0 8,10.0 9,10.0 10,15.0 12,5.0 13,5.0 39,5.0 40,5.0 41,5.0 
1,5.0 2,10.0 3,2.0 9,4.0 13,20.0 14,10.0 15,10.0 24,5.0 31,5.0 39,10.0 40,10.0 41,15.0 44,6.0 47,4.0 54,2.0 105,2.0 127,2.0 
1,5.0 2,10.0 12,20.0 14,10.0 15,10.0 24,5.0 31,5.0 39,10.0 40,10.0 41,15.0 
0,10.0 1,18.0 2,15.0 3,10.0 4,2.0 5,2.0 6,12.0 15,36.0 29,1.0 31,4.0 32,2.0 33,2.0 39,6.0 40,6.0 72,5.0 87,2.0 108,14.0 177,1.0 186,1.0 
0,10.0 1,19.0 2,15.0 3,12.0 4,2.0 5,2.0 6,12.0 8,1.0 9,1.0 14,36.0 17,1.0 25,1.0 31,4.0 32,2.0 33,2.0 39,6.0 40,6.0 71,1.0 72,6.0 87,2.0 108,12.0 128,1.0 147,1.0 160,1.0 162,1.0 168,1.0 169,1.0 171,2.0 186,1.0 
0,13.0 1,13.0 2,15.0 3,15.0 6,3.0 17,25.0 18,10.0 19,10.0 37,1.0 44,1.0 110,5.0 121,1.0 129,1.0 145,2.0 170,1.0 176,1.0 
0,13.0 1,13.0 2,15.0 3,15.0 16,25.0 18,10.0 19,10.0 30,2.0 38,1.0 39,1.0 44,1.0 47,1.0 71,1.0 128,1.0 147,1.0 
0,19.0 1,19.0 2,10.0 3,10.0 8,5.0 9,5.0 16,1.0 19,15.0 25,10.0 39,1.0 40,1.0 
0,19.0 1,19.0 2,10.0 3,10.0 8,5.0 9,5.0 18,15.0 25,10.0 39,1.0 40,1.0 
0,5.0 1,4.0 2,5.0 3,1.0 21,5.0 186,1.0 
0,5.0 1,4.0 2,5.0 3,1.0 20,5.0 186,1.0 
0,4.0 1,4.0 2,5.0 3,1.0 23,5.0 39,1.0 40,1.0 
0,4.0 1,5.0 2,5.0 3,1.0 22,5.0 30,1.0 39,1.0 40,1.0 72,1.0 
1,28.0 2,10.0 3,15.0 8,10.0 9,8.0 12,5.0 13,5.0 24,5.0 25,8.0 26,4.0 27,4.0 28,4.0 31,5.0 41,10.0 44,2.0 47,2.0 60,5.0 61,5.0 62,5.0 63,5.0 72,15.0 73,5.0 74,5.0 127,2.0 129,2.0 155,2.0 
0,16.0 1,23.0 2,2.0 6,3.0 8,31.0 9,41.0 18,5.0 19,5.0 24,8.0 25,10.0 26,10.0 27,18.0 28,18.0 30,1.0 38,33.0 39,10.0 40,12.0 44,5.0 50,5.0 51,5.0 52,5.0 53,5.0 61,2.0 65,1.0 71,5.0 72,2.0 76,4.0 77,4.0 78,2.0 83,10.0 85,2.0 99,2.0 106,8.0 107,4.0 109,2.0 111,2.0 150,2.0 172,4.0 186,1.0 188,1.0 
1,4.0 2,4.0 3,4.0 9,5.0 24,4.0 25,10.0 38,5.0 39,5.0 40,9.0 71,5.0 84,4.0 188,1.0 
2,18.0 3,8.0 8,10.0 28,20.0 29,10.0 30,10.0 31,2.0 36,1.0 38,8.0 44,4.0 55,4.0 61,4.0 90,2.0 91,2.0 92,2.0 93,2.0 94,2.0 95,2.0 96,2.0 107,2.0 108,4.0 113,2.0 119,4.0 128,2.0 148,4.0 
2,4.0 3,8.0 27,20.0 29,10.0 30,10.0 38,8.0 44,6.0 48,2.0 72,2.0 89,2.0 90,4.0 91,4.0 92,4.0 93,4.0 94,4.0 95,4.0 96,4.0 
0,1.0 1,9.0 2,5.0 8,2.0 30,14.0 31,4.0 32,3.0 39,5.0 40,5.0 55,4.0 66,2.0 72,7.0 76,6.0 85,4.0 98,4.0 99,4.0 100,4.0 101,10.0 102,7.0 103,6.0 107,2.0 113,2.0 119,4.0 128,6.0 131,1.0 145,4.0 146,4.0 147,1.0 160,2.0 162,2.0 168,2.0 186,1.0 
0,1.0 1,9.0 2,6.0 3,2.0 6,1.0 8,1.0 15,2.0 29,14.0 31,4.0 33,2.0 39,5.0 40,6.0 72,5.0 107,2.0 113,2.0 121,1.0 128,1.0 145,4.0 146,4.0 186,1.0 
1,56.0 2,73.0 3,43.0 4,5.0 5,5.0 8,25.0 23,2.0 24,5.0 26,4.0 31,21.0 32,8.0 33,8.0 34,8.0 35,8.0 36,6.0 37,5.0 38,7.0 39,7.0 40,5.0 41,9.0 44,2.0 57,4.0 72,5.0 81,5.0 82,5.0 84,4.0 112,2.0 114,4.0 116,2.0 121,1.0 146,1.0 156,2.0 
1,13.0 2,5.0 3,5.0 14,15.0 15,14.0 16,3.0 31,6.0 33,24.0 39,5.0 40,5.0 44,1.0 72,6.0 76,1.0 78,2.0 90,2.0 98,2.0 110,2.0 128,1.0 145,1.0 147,4.0 157,2.0 159,8.0 
1,11.0 2,9.0 3,5.0 14,14.0 15,16.0 31,4.0 32,24.0 38,1.0 39,5.0 40,5.0 44,1.0 48,1.0 57,1.0 72,5.0 81,1.0 127,1.0 134,1.0 146,1.0 173,1.0 175,1.0 185,1.0 
0,1.0 1,9.0 2,10.0 3,5.0 31,9.0 35,5.0 160,1.0 
0,1.0 1,9.0 2,10.0 3,5.0 31,9.0 34,5.0 160,1.0 
2,5.0 23,1.0 31,6.0 33,2.0 37,5.0 38,5.0 57,4.0 121,2.0 
2,10.0 6,1.0 30,1.0 31,5.0 36,5.0 38,5.0 41,5.0 54,5.0 56,5.0 81,2.0 108,2.0 
1,8.0 2,34.0 3,15.0 4,10.0 5,2.0 8,39.0 9,36.0 25,33.0 26,5.0 27,17.0 28,13.0 31,12.0 38,5.0 39,13.0 40,10.0 41,7.0 44,21.0 45,5.0 46,5.0 47,22.0 48,5.0 49,5.0 50,5.0 51,5.0 57,4.0 58,4.0 61,2.0 62,4.0 63,4.0 71,5.0 72,5.0 76,2.0 77,2.0 78,5.0 81,1.0 87,8.0 106,8.0 107,4.0 155,12.0 156,16.0 158,4.0 
0,15.0 1,70.0 2,4.0 3,69.0 4,4.0 5,4.0 6,1.0 7,1.0 8,5.0 10,5.0 11,5.0 12,5.0 13,5.0 16,2.0 17,2.0 25,15.0 26,5.0 27,5.0 28,5.0 31,2.0 32,11.0 33,11.0 38,24.0 39,27.0 40,101.0 41,5.0 42,5.0 43,5.0 44,5.0 47,8.0 50,2.0 57,8.0 58,5.0 66,5.0 67,5.0 68,5.0 69,5.0 70,5.0 71,5.0 72,24.0 86,1.0 90,2.0 98,2.0 110,2.0 147,4.0 170,1.0 
0,2.0 1,59.0 2,22.0 3,64.0 6,2.0 7,1.0 8,6.0 9,1.0 10,5.0 11,5.0 12,5.0 13,5.0 16,2.0 17,2.0 24,5.0 25,16.0 26,5.0 27,5.0 28,5.0 32,11.0 33,11.0 38,27.0 39,94.0 40,25.0 41,19.0 42,5.0 43,5.0 44,5.0 47,6.0 57,4.0 58,5.0 61,4.0 62,4.0 63,4.0 65,1.0 68,5.0 69,5.0 70,5.0 71,5.0 72,40.0 78,2.0 111,2.0 112,2.0 121,1.0 
1,5.0 2,71.0 3,12.0 8,10.0 12,15.0 13,15.0 24,15.0 31,14.0 37,5.0 38,14.0 39,10.0 40,17.0 41,22.0 54,15.0 55,5.0 56,5.0 57,5.0 58,5.0 59,5.0 72,5.0 75,10.0 76,7.0 77,7.0 78,5.0 112,2.0 114,6.0 116,8.0 117,2.0 118,4.0 119,8.0 120,2.0 
1,5.0 39,5.0 40,5.0 43,5.0 105,2.0 106,2.0 112,4.0 
0,4.0 1,9.0 2,4.0 3,4.0 4,4.0 39,5.0 40,5.0 42,5.0 87,4.0 88,4.0 128,2.0 129,4.0 134,2.0 
0,3.0 1,2.0 2,19.0 3,24.0 4,4.0 8,10.0 9,9.0 25,5.0 28,2.0 38,23.0 40,2.0 44,3.0 45,5.0 46,5.0 47,15.0 48,7.0 49,5.0 50,5.0 51,5.0 72,2.0 75,6.0 83,4.0 85,10.0 87,6.0 89,2.0 90,2.0 91,2.0 92,2.0 93,2.0 94,2.0 95,2.0 96,2.0 98,2.0 107,2.0 113,4.0 151,2.0 152,4.0 153,4.0 154,2.0 167,2.0 
38,5.0 44,5.0 46,5.0 47,5.0 
38,5.0 44,5.0 45,5.0 47,5.0 
1,6.0 4,4.0 5,4.0 9,22.0 38,11.0 39,8.0 40,6.0 44,15.0 47,2.0 48,5.0 49,5.0 50,2.0 61,8.0 72,6.0 83,4.0 98,8.0 111,2.0 112,2.0 113,6.0 152,4.0 153,4.0 154,2.0 155,4.0 156,14.0 157,6.0 
8,5.0 25,5.0 28,2.0 32,1.0 38,5.0 44,7.0 49,5.0 72,2.0 89,2.0 90,2.0 91,2.0 92,2.0 93,2.0 94,2.0 95,2.0 96,2.0 122,2.0 165,2.0 166,2.0 175,1.0 
8,5.0 25,5.0 38,5.0 44,5.0 48,5.0 
0,5.0 1,7.0 8,5.0 18,5.0 19,5.0 25,5.0 51,5.0 
0,5.0 1,5.0 8,5.0 18,5.0 19,5.0 25,5.0 50,5.0 
0,5.0 1,5.0 2,5.0 53,5.0 
0,5.0 1,5.0 2,5.0 52,5.0 
2,20.0 9,2.0 12,5.0 13,5.0 24,5.0 37,5.0 41,20.0 55,5.0 56,5.0 57,5.0 58,5.0 59,5.0 110,2.0 113,2.0 164,2.0 
2,15.0 8,10.0 27,10.0 37,5.0 41,5.0 54,5.0 56,5.0 119,8.0 165,2.0 
2,5.0 37,5.0 41,5.0 54,5.0 
1,8.0 2,16.0 3,10.0 8,2.0 9,10.0 25,6.0 31,6.0 38,10.0 39,8.0 40,2.0 41,5.0 44,8.0 47,4.0 54,5.0 58,9.0 59,5.0 61,2.0 72,4.0 90,2.0 98,2.0 105,2.0 110,6.0 155,2.0 173,1.0 174,1.0 
1,5.0 2,5.0 3,5.0 9,4.0 25,4.0 38,4.0 39,5.0 40,5.0 41,5.0 54,5.0 57,9.0 59,5.0 68,5.0 
2,10.0 12,5.0 13,5.0 24,5.0 41,10.0 54,5.0 61,2.0 105,2.0 112,2.0 
1,5.0 8,5.0 24,5.0 61,5.0 
1,5.0 8,5.0 24,5.0 25,2.0 38,2.0 40,4.0 47,4.0 62,5.0 63,7.0 72,4.0 98,6.0 101,12.0 105,6.0 108,4.0 110,8.0 111,4.0 112,2.0 114,2.0 115,4.0 122,2.0 124,6.0 129,8.0 131,2.0 134,12.0 145,12.0 148,8.0 157,12.0 159,6.0 163,2.0 
0,8.0 1,13.0 2,4.0 3,9.0 8,8.0 9,8.0 31,5.0 63,14.0 101,4.0 106,6.0 107,4.0 110,2.0 117,2.0 120,2.0 194,1.0 195,1.0 196,1.0 
0,4.0 1,13.0 2,4.0 3,9.0 8,8.0 9,8.0 31,5.0 62,14.0 105,2.0 110,2.0 194,1.0 195,1.0 196,1.0 
0,5.0 1,5.0 3,5.0 9,4.0 25,4.0 38,4.0 39,5.0 65,5.0 86,4.0 
0,5.0 1,5.0 3,5.0 6,1.0 39,5.0 64,5.0 
1,5.0 3,5.0 29,2.0 39,5.0 40,5.0 67,5.0 102,2.0 
1,5.0 3,5.0 39,5.0 40,5.0 66,5.0 
1,5.0 3,5.0 39,5.0 40,5.0 58,5.0 
3,5.0 39,5.0 40,5.0 70,5.0 
3,5.0 39,5.0 40,5.0 69,5.0 
17,1.0 25,5.0 26,5.0 38,6.0 39,6.0 40,5.0 47,1.0 128,1.0 147,1.0 
1,51.0 3,30.0 8,13.0 14,1.0 24,20.0 27,2.0 28,4.0 29,2.0 30,1.0 31,9.0 32,12.0 33,11.0 39,19.0 40,31.0 44,2.0 47,6.0 48,2.0 57,4.0 61,4.0 72,16.0 73,5.0 74,5.0 76,2.0 77,1.0 78,8.0 79,5.0 80,5.0 81,5.0 82,5.0 89,2.0 90,2.0 91,2.0 92,2.0 93,2.0 94,2.0 95,2.0 96,2.0 111,2.0 112,2.0 147,4.0 189,2.0 190,1.0 
2,5.0 41,5.0 74,5.0 
2,5.0 41,5.0 73,5.0 
2,5.0 41,5.0 57,10.0 75,2.0 76,5.0 77,5.0 85,4.0 86,2.0 121,2.0 122,5.0 135,2.0 151,6.0 154,2.0 160,2.0 161,2.0 183,2.0 184,1.0 
2,5.0 8,5.0 9,4.0 29,2.0 32,2.0 38,4.0 40,5.0 41,5.0 62,1.0 63,1.0 72,3.0 76,1.0 77,11.0 78,1.0 85,6.0 104,4.0 128,1.0 145,1.0 168,2.0 191,2.0 192,2.0 193,2.0 
2,6.0 8,5.0 9,4.0 38,4.0 40,6.0 41,6.0 72,1.0 76,12.0 78,1.0 85,1.0 168,1.0 190,1.0 191,1.0 192,1.0 193,1.0 
0,2.0 1,2.0 3,4.0 8,7.0 27,2.0 28,2.0 39,2.0 40,2.0 57,2.0 72,9.0 79,5.0 80,5.0 189,1.0 
8,5.0 31,5.0 72,5.0 80,5.0 
8,5.0 31,5.0 72,5.0 79,5.0 
2,2.0 8,4.0 25,4.0 36,4.0 38,2.0 39,1.0 40,1.0 41,1.0 47,1.0 82,7.0 121,2.0 
2,1.0 8,4.0 25,4.0 36,2.0 40,1.0 41,1.0 81,7.0 
8,4.0 12,4.0 25,4.0 57,2.0 76,4.0 77,4.0 134,2.0 150,4.0 154,2.0 
2,4.0 3,4.0 26,4.0 40,4.0 
0,4.0 2,11.0 3,10.0 6,1.0 8,2.0 9,3.0 25,3.0 29,2.0 30,1.0 44,3.0 57,4.0 62,1.0 63,1.0 64,4.0 66,2.0 75,4.0 76,5.0 86,4.0 104,4.0 149,2.0 168,1.0 191,1.0 192,1.0 193,1.0 
9,4.0 25,4.0 38,4.0 39,1.0 64,4.0 75,2.0 170,1.0 183,1.0 
0,7.0 1,11.0 2,11.0 3,7.0 4,10.0 5,2.0 8,8.0 9,4.0 28,2.0 38,4.0 44,4.0 48,2.0 62,4.0 63,4.0 72,2.0 81,1.0 82,1.0 89,2.0 107,2.0 113,2.0 167,2.0 
0,4.0 1,4.0 2,4.0 3,4.0 4,4.0 43,4.0 87,4.0 
28,2.0 44,2.0 48,2.0 72,2.0 90,2.0 91,2.0 92,2.0 93,2.0 94,2.0 95,2.0 96,2.0 
1,2.0 3,2.0 29,4.0 32,2.0 39,2.0 57,2.0 90,4.0 91,4.0 92,12.0 93,12.0 94,12.0 95,12.0 96,12.0 97,8.0 98,4.0 99,4.0 100,4.0 101,4.0 102,4.0 103,4.0 157,2.0 159,2.0 
90,8.0 92,8.0 93,8.0 94,8.0 95,8.0 96,8.0 97,4.0 
29,4.0 90,12.0 91,4.0 92,4.0 93,12.0 94,12.0 95,12.0 96,12.0 97,8.0 98,4.0 99,4.0 100,4.0 101,4.0 102,4.0 103,4.0 
29,4.0 90,12.0 91,4.0 92,12.0 93,4.0 94,12.0 95,12.0 96,12.0 97,8.0 98,4.0 99,4.0 100,4.0 101,4.0 102,4.0 103,4.0 
29,4.0 90,12.0 91,4.0 92,12.0 93,12.0 94,4.0 95,12.0 96,12.0 97,8.0 98,4.0 99,4.0 100,4.0 101,4.0 102,4.0 103,4.0 
29,4.0 90,12.0 91,4.0 92,12.0 93,12.0 94,12.0 95,4.0 96,12.0 97,8.0 98,4.0 99,4.0 100,4.0 101,4.0 102,4.0 103,4.0 
29,4.0 90,12.0 91,4.0 92,12.0 93,12.0 94,12.0 95,12.0 96,4.0 97,8.0 98,4.0 99,4.0 100,4.0 101,4.0 102,4.0 103,4.0 
29,4.0 90,4.0 92,4.0 93,4.0 94,4.0 95,4.0 96,4.0 98,4.0 99,4.0 100,4.0 101,4.0 102,4.0 103,4.0 
0,6.0 29,4.0 32,6.0 76,4.0 85,4.0 99,4.0 100,4.0 101,7.0 102,4.0 103,6.0 110,4.0 112,2.0 113,12.0 116,2.0 118,2.0 129,12.0 131,10.0 147,4.0 148,1.0 157,2.0 159,9.0 
29,4.0 76,4.0 85,4.0 98,4.0 100,4.0 101,4.0 102,4.0 103,4.0 105,2.0 111,4.0 
29,4.0 76,4.0 85,4.0 98,4.0 99,4.0 101,4.0 102,4.0 103,4.0 
0,4.0 24,2.0 29,10.0 39,4.0 55,6.0 61,6.0 62,4.0 72,4.0 76,4.0 85,4.0 98,7.0 99,4.0 100,4.0 102,7.0 103,6.0 105,1.0 106,8.0 107,6.0 108,1.0 110,1.0 113,2.0 119,4.0 128,6.0 131,4.0 134,1.0 148,7.0 155,2.0 159,9.0 165,2.0 
29,6.0 76,4.0 85,4.0 98,4.0 99,4.0 100,4.0 101,5.0 103,4.0 105,1.0 106,3.0 110,1.0 113,1.0 145,1.0 159,1.0 
1,2.0 8,4.0 29,4.0 40,2.0 76,4.0 78,2.0 85,4.0 98,4.0 99,4.0 100,4.0 101,4.0 102,4.0 103,2.0 106,2.0 119,2.0 124,2.0 129,2.0 147,4.0 157,2.0 168,2.0 180,1.0 
105,4.0 
0,4.0 8,2.0 12,6.0 57,2.0 59,2.0 61,16.0 62,4.0 101,11.0 108,9.0 111,2.0 112,14.0 114,4.0 116,2.0 117,2.0 120,2.0 123,2.0 163,2.0 
16,1.0 25,8.0 38,8.0 61,8.0 62,2.0 103,4.0 105,10.0 107,8.0 108,8.0 110,2.0 112,6.0 114,2.0 115,2.0 116,4.0 117,2.0 118,2.0 120,2.0 128,5.0 147,4.0 157,4.0 
0,4.0 25,4.0 29,6.0 30,2.0 38,4.0 61,4.0 98,1.0 101,6.0 105,4.0 106,8.0 108,4.0 113,8.0 115,2.0 128,6.0 
6,12.0 8,2.0 32,2.0 37,2.0 61,4.0 81,2.0 85,2.0 98,3.0 101,14.0 105,8.0 106,1.0 110,1.0 124,2.0 128,14.0 129,8.0 134,1.0 135,4.0 144,4.0 147,1.0 148,2.0 149,2.0 
25,2.0 72,2.0 78,2.0 
9,2.0 32,4.0 54,2.0 61,6.0 81,1.0 82,1.0 98,4.0 101,4.0 102,1.0 105,2.0 106,4.0 108,5.0 110,2.0 111,2.0 112,10.0 114,2.0 115,2.0 124,2.0 128,5.0 147,4.0 159,6.0 
40,2.0 47,2.0 57,2.0 61,4.0 72,2.0 98,2.0 99,2.0 105,4.0 107,1.0 111,2.0 112,2.0 
0,2.0 3,2.0 12,4.0 31,2.0 40,2.0 41,2.0 42,4.0 47,2.0 59,4.0 61,16.0 72,2.0 98,2.0 105,20.0 106,6.0 107,4.0 110,2.0 112,8.0 113,2.0 114,10.0 115,4.0 121,2.0 123,4.0 125,2.0 126,2.0 
0,2.0 29,6.0 30,2.0 98,12.0 101,6.0 103,2.0 107,8.0 110,2.0 112,4.0 114,4.0 115,2.0 116,2.0 117,2.0 127,2.0 128,8.0 129,12.0 131,10.0 147,1.0 
0,2.0 3,6.0 9,2.0 12,2.0 25,2.0 31,4.0 41,6.0 61,2.0 63,2.0 107,2.0 110,2.0 112,10.0 115,10.0 116,16.0 117,6.0 119,2.0 121,2.0 163,2.0 
0,6.0 9,2.0 54,2.0 61,4.0 106,2.0 107,2.0 110,2.0 112,4.0 114,2.0 117,10.0 122,2.0 
0,2.0 3,8.0 12,2.0 31,2.0 41,8.0 63,2.0 114,16.0 115,6.0 117,10.0 118,8.0 119,6.0 120,4.0 
0,8.0 3,2.0 9,2.0 41,2.0 54,2.0 62,2.0 112,2.0 114,6.0 115,10.0 116,4.0 119,2.0 120,12.0 
3,4.0 41,4.0 116,8.0 117,4.0 119,4.0 120,4.0 
1,2.0 2,8.0 3,10.0 8,8.0 27,8.0 39,2.0 41,8.0 55,8.0 57,2.0 114,2.0 116,6.0 117,2.0 118,4.0 120,2.0 
0,4.0 3,2.0 41,2.0 62,2.0 114,4.0 116,4.0 117,12.0 119,2.0 
6,1.0 27,2.0 31,1.0 36,2.0 40,1.0 57,2.0 112,2.0 114,2.0 146,1.0 172,1.0 
6,2.0 48,2.0 75,6.0 86,1.0 106,2.0 115,2.0 121,2.0 135,2.0 154,2.0 160,4.0 161,2.0 165,2.0 166,2.0 183,1.0 
61,2.0 105,2.0 112,2.0 
108,2.0 112,6.0 124,2.0 128,4.0 129,2.0 131,2.0 180,1.0 
105,2.0 112,2.0 126,2.0 
105,2.0 112,2.0 125,2.0 
0,4.0 1,4.0 9,2.0 15,1.0 24,2.0 29,2.0 108,6.0 110,2.0 113,4.0 129,26.0 131,2.0 133,2.0 134,3.0 135,6.0 137,2.0 139,2.0 140,2.0 141,2.0 142,2.0 143,2.0 178,1.0 
17,1.0 29,6.0 33,1.0 38,1.0 39,1.0 47,1.0 55,4.0 71,1.0 76,1.0 101,7.0 107,2.0 108,2.0 110,2.0 113,2.0 119,4.0 124,4.0 127,6.0 129,13.0 134,12.0 144,2.0 145,1.0 147,1.0 148,3.0 182,1.0 
1,4.0 16,5.0 24,2.0 38,8.0 40,2.0 43,4.0 61,4.0 78,2.0 98,6.0 103,2.0 108,5.0 113,6.0 127,48.0 128,8.0 129,6.0 130,2.0 131,10.0 132,2.0 133,2.0 134,20.0 136,4.0 137,2.0 138,2.0 139,2.0 140,2.0 141,2.0 142,2.0 143,2.0 145,8.0 155,4.0 157,4.0 158,4.0 179,1.0 
128,2.0 129,2.0 172,1.0 
24,2.0 38,4.0 75,2.0 83,2.0 98,6.0 101,3.0 102,1.0 110,1.0 113,6.0 122,2.0 129,12.0 135,1.0 147,1.0 150,2.0 154,2.0 155,2.0 158,4.0 160,2.0 
129,2.0 133,2.0 134,2.0 
0,2.0 129,4.0 132,2.0 134,2.0 137,2.0 
14,14.0 15,13.0 38,6.0 61,6.0 75,2.0 101,1.0 103,1.0 110,1.0 113,1.0 122,2.0 127,9.0 129,16.0 136,2.0 145,12.0 147,1.0 155,6.0 157,6.0 161,2.0 
29,2.0 30,2.0 108,4.0 129,8.0 144,2.0 179,1.0 
127,2.0 129,2.0 134,2.0 
0,2.0 129,4.0 133,2.0 138,2.0 
129,2.0 137,2.0 
127,2.0 129,2.0 
127,2.0 129,2.0 141,2.0 142,2.0 143,2.0 
127,2.0 129,2.0 142,2.0 143,2.0 
127,2.0 129,2.0 141,2.0 143,2.0 
127,2.0 129,2.0 141,2.0 142,2.0 
8,3.0 9,3.0 25,3.0 29,2.0 30,2.0 85,1.0 122,2.0 135,2.0 160,2.0 
29,2.0 30,2.0 32,2.0 33,2.0 38,6.0 39,1.0 61,6.0 86,1.0 127,2.0 129,8.0 131,2.0 134,12.0 146,4.0 155,6.0 157,6.0 178,1.0 
1,2.0 2,4.0 8,1.0 25,1.0 29,2.0 30,3.0 31,1.0 32,2.0 33,2.0 85,1.0 121,1.0 145,4.0 185,1.0 
1,4.0 17,1.0 32,4.0 38,1.0 39,1.0 47,1.0 71,1.0 78,2.0 98,2.0 103,4.0 106,2.0 110,2.0 113,1.0 119,2.0 128,2.0 131,1.0 135,2.0 148,4.0 149,4.0 157,2.0 159,4.0 
57,4.0 61,8.0 101,12.0 102,5.0 131,2.0 149,4.0 159,6.0 182,1.0 
29,2.0 57,4.0 66,2.0 85,2.0 148,4.0 
57,2.0 83,4.0 134,2.0 
57,6.0 75,6.0 
105,4.0 112,4.0 153,4.0 
105,4.0 112,4.0 152,4.0 
12,2.0 75,2.0 83,2.0 122,2.0 135,2.0 160,2.0 
9,12.0 24,2.0 38,12.0 44,2.0 47,12.0 156,12.0 
2,2.0 8,2.0 9,16.0 38,6.0 47,14.0 61,6.0 98,6.0 113,4.0 155,4.0 157,8.0 
32,4.0 61,12.0 90,2.0 98,2.0 103,4.0 106,4.0 129,8.0 134,14.0 145,12.0 147,4.0 159,4.0 181,1.0 
9,4.0 38,4.0 47,4.0 156,4.0 
1,4.0 31,2.0 32,8.0 55,2.0 61,4.0 75,1.0 78,2.0 90,2.0 98,2.0 101,6.0 106,2.0 110,2.0 122,1.0 147,4.0 148,4.0 157,4.0 165,2.0 181,1.0 
0,1.0 1,1.0 2,2.0 3,1.0 6,2.0 31,1.0 33,1.0 34,1.0 35,1.0 37,2.0 75,2.0 108,2.0 122,4.0 135,2.0 154,2.0 162,3.0 168,1.0 169,1.0 
75,2.0 121,2.0 122,2.0 
33,1.0 37,2.0 108,2.0 160,3.0 168,1.0 169,1.0 
9,2.0 25,2.0 114,2.0 
48,2.0 122,2.0 
2,2.0 8,2.0 27,2.0 44,2.0 55,2.0 87,2.0 166,2.0 167,2.0 
44,2.0 87,2.0 165,2.0 167,2.0 
44,2.0 87,2.0 107,2.0 113,2.0 
8,2.0 33,1.0 62,1.0 63,1.0 76,1.0 85,1.0 103,4.0 160,1.0 162,1.0 169,1.0 191,1.0 192,1.0 193,1.0 
33,1.0 160,1.0 162,1.0 168,1.0 
16,1.0 29,4.0 72,2.0 76,2.0 130,1.0 170,1.0 
3,2.0 17,2.0 
16,1.0 33,1.0 144,3.0 146,1.0 170,2.0 
2,1.0 57,1.0 174,1.0 
33,1.0 
32,1.0 48,1.0 
18,1.0 
32,1.0 
29,1.0 127,1.0 
108,1.0 129,1.0 
124,1.0 131,1.0 
134,1.0 157,1.0 
102,1.0 148,1.0 
75,2.0 86,1.0 
111,1.0 
1,1.0 2,2.0 8,1.0 30,1.0 146,1.0 
0,4.0 2,4.0 3,3.0 8,2.0 9,2.0 16,1.0 17,1.0 22,1.0 23,1.0 25,2.0 32,1.0 33,1.0 40,1.0 187,1.0 
2,1.0 3,1.0 39,1.0 40,1.0 
9,1.0 25,1.0 26,1.0 
8,1.0 72,1.0 77,1.0 190,1.0 
2,1.0 40,1.0 41,1.0 77,1.0 
62,1.0 63,1.0 76,1.0 85,1.0 168,1.0 192,1.0 193,1.0 
62,1.0 63,1.0 76,1.0 85,1.0 168,1.0 191,1.0 193,1.0 
62,1.0 63,1.0 76,1.0 85,1.0 168,1.0 191,1.0 192,1.0 
195,1.0 196,1.0 197,1.0 198,1.0 
194,1.0 196,1.0 197,1.0 198,1.0 
194,1.0 195,1.0 197,1.0 198,1.0 
198,1.0 199,1.0 200,1.0 201,1.0 202,1.0 203,1.0 204,1.0 
197,1.0 199,1.0 200,1.0 201,1.0 202,1.0 203,1.0 204,1.0 
200,1.0 201,1.0 202,1.0 203,1.0 204,1.0 
199,1.0 201,1.0 202,1.0 203,1.0 204,1.0 
199,1.0 200,1.0 202,1.0 203,1.0 204,1.0 
199,1.0 200,1.0 201,1.0 203,1.0 204,1.0 
199,1.0 200,1.0 201,1.0 202,1.0 204,1.0 
199,1.0 200,1.0 201,1.0 202,1.0 203,1.0 
