1,4.0 2,4.0 3,2.0 8,2.0 30,2.0 41,2.0 42,2.0 77,2.0 
0,6.0 1,18.0 2,44.0 3,6.0 4,2.0 5,12.0 6,4.0 7,6.0 8,8.0 9,6.0 10,6.0 11,6.0 12,6.0 13,4.0 14,6.0 15,8.0 17,4.0 18,4.0 19,2.0 20,2.0 26,2.0 32,6.0 47,4.0 90,36.0 
1,66.0 3,4.0 4,2.0 6,2.0 7,2.0 9,2.0 10,4.0 14,4.0 19,2.0 21,2.0 
1,6.0 2,2.0 5,2.0 11,2.0 15,2.0 20,2.0 30,2.0 46,2.0 78,2.0 
1,4.0 5,2.0 20,2.0 23,2.0 45,2.0 76,2.0 
0,2.0 1,6.0 2,6.0 
1,4.0 2,2.0 5,2.0 
1,4.0 2,4.0 8,2.0 16,2.0 20,2.0 21,2.0 22,2.0 44,2.0 
0,4.0 1,4.0 2,4.0 21,4.0 41,2.0 42,2.0 43,2.0 50,2.0 54,2.0 64,4.0 
1,4.0 2,4.0 12,2.0 20,2.0 43,2.0 
0,2.0 1,8.0 2,2.0 11,2.0 76,2.0 
0,2.0 1,4.0 2,2.0 12,2.0 15,2.0 51,4.0 64,2.0 
1,4.0 2,4.0 7,2.0 13,2.0 19,2.0 21,2.0 37,8.0 65,2.0 82,6.0 
1,2.0 2,4.0 7,2.0 20,2.0 76,2.0 
1,8.0 2,2.0 8,2.0 18,2.0 41,2.0 
1,6.0 11,2.0 12,2.0 16,2.0 17,2.0 
1,4.0 8,2.0 20,6.0 90,2.0 
1,2.0 2,2.0 12,2.0 15,2.0 20,2.0 24,2.0 97,2.0 
1,2.0 2,2.0 
1,2.0 11,2.0 20,4.0 
0,2.0 7,2.0 8,2.0 20,32.0 21,8.0 22,112.0 24,8.0 26,8.0 28,2.0 29,2.0 30,2.0 32,4.0 37,6.0 39,2.0 41,4.0 42,2.0 76,2.0 85,8.0 90,2.0 93,2.0 94,6.0 96,2.0 
8,2.0 12,2.0 22,8.0 23,2.0 28,2.0 39,2.0 41,4.0 43,4.0 44,4.0 45,4.0 55,2.0 62,2.0 80,4.0 81,2.0 83,2.0 84,6.0 85,6.0 
3,4.0 4,2.0 7,2.0 13,2.0 16,4.0 17,2.0 19,2.0 20,44.0 21,8.0 23,4.0 24,8.0 25,10.0 26,8.0 27,2.0 28,10.0 29,4.0 30,4.0 31,2.0 32,4.0 33,2.0 36,2.0 37,6.0 38,2.0 39,4.0 42,2.0 75,4.0 80,2.0 89,4.0 
1,4.0 20,6.0 100,2.0 
16,2.0 21,2.0 22,8.0 25,4.0 28,2.0 32,2.0 37,2.0 45,2.0 47,2.0 84,4.0 85,4.0 
20,8.0 21,2.0 29,2.0 40,2.0 45,2.0 90,2.0 97,2.0 
1,2.0 4,2.0 12,2.0 20,2.0 22,8.0 24,2.0 27,2.0 28,2.0 30,2.0 32,2.0 45,4.0 46,2.0 70,4.0 90,2.0 
1,2.0 20,2.0 99,2.0 
4,2.0 20,4.0 35,4.0 90,2.0 
20,2.0 22,2.0 24,2.0 31,2.0 34,2.0 
11,2.0 20,6.0 22,2.0 
20,4.0 90,4.0 99,2.0 
1,6.0 3,4.0 8,2.0 22,4.0 23,2.0 24,2.0 29,2.0 41,6.0 46,2.0 47,6.0 90,6.0 
34,2.0 
1,2.0 20,4.0 
20,4.0 
9,2.0 
8,2.0 13,2.0 17,2.0 22,6.0 26,2.0 43,2.0 44,2.0 45,6.0 47,2.0 59,2.0 65,2.0 83,2.0 84,2.0 85,2.0 89,4.0 
20,2.0 
20,4.0 76,2.0 85,2.0 
20,2.0 
0,2.0 8,2.0 20,2.0 21,8.0 22,2.0 42,12.0 43,2.0 45,2.0 48,2.0 59,4.0 60,4.0 62,4.0 84,4.0 
8,2.0 12,2.0 22,2.0 30,2.0 41,2.0 43,4.0 46,4.0 55,4.0 58,2.0 76,2.0 83,2.0 84,2.0 85,2.0 88,2.0 
4,2.0 8,2.0 10,2.0 12,2.0 16,2.0 20,2.0 21,2.0 26,6.0 42,2.0 61,2.0 94,2.0 
12,2.0 24,4.0 32,4.0 42,12.0 54,2.0 62,4.0 72,2.0 84,4.0 
21,4.0 32,12.0 37,2.0 44,2.0 46,4.0 47,2.0 50,6.0 57,4.0 59,6.0 60,4.0 79,2.0 
9,2.0 14,2.0 21,4.0 37,2.0 47,4.0 51,6.0 52,2.0 56,2.0 59,6.0 60,6.0 67,2.0 68,2.0 75,2.0 83,2.0 87,2.0 
1,4.0 26,6.0 37,2.0 41,2.0 43,2.0 45,2.0 46,2.0 56,4.0 59,2.0 60,2.0 69,2.0 90,4.0 102,1.0 
32,2.0 49,2.0 
45,2.0 
11,2.0 37,2.0 45,2.0 46,4.0 57,2.0 71,2.0 
12,6.0 41,4.0 44,4.0 47,4.0 61,2.0 73,2.0 
53,2.0 
47,2.0 
23,2.0 44,4.0 45,2.0 72,2.0 97,2.0 
21,4.0 51,8.0 62,4.0 84,4.0 
7,2.0 45,4.0 
45,2.0 48,2.0 50,2.0 
37,4.0 62,4.0 81,2.0 84,4.0 
17,2.0 25,2.0 41,8.0 45,8.0 46,14.0 47,2.0 59,14.0 60,70.0 65,2.0 67,2.0 97,2.0 98,2.0 
41,4.0 45,4.0 46,8.0 59,30.0 61,2.0 62,48.0 64,4.0 65,6.0 66,4.0 67,8.0 
8,2.0 27,2.0 46,2.0 54,2.0 62,2.0 63,2.0 97,2.0 
21,6.0 24,4.0 37,2.0 41,4.0 42,2.0 44,4.0 55,4.0 58,4.0 61,2.0 63,48.0 64,4.0 65,6.0 66,4.0 81,2.0 83,14.0 84,48.0 86,8.0 
59,48.0 60,16.0 
12,4.0 62,4.0 63,4.0 101,2.0 102,1.0 
8,2.0 51,2.0 59,2.0 60,2.0 62,6.0 63,6.0 
62,4.0 63,4.0 
46,2.0 68,8.0 
47,2.0 59,6.0 65,2.0 
26,2.0 
37,2.0 50,2.0 
26,2.0 
12,2.0 51,2.0 
74,2.0 
0,1.0 1,1.0 47,1.0 
20,6.0 41,2.0 45,2.0 
20,2.0 25,2.0 43,2.0 46,2.0 61,2.0 85,2.0 
5,2.0 
43,2.0 
4,2.0 
20,2.0 24,2.0 
25,2.0 84,2.0 85,2.0 
11,2.0 44,2.0 55,2.0 
21,2.0 41,4.0 44,4.0 55,4.0 58,4.0 62,70.0 88,2.0 
21,6.0 24,4.0 37,2.0 42,2.0 81,2.0 85,48.0 
20,4.0 43,2.0 76,2.0 83,48.0 92,2.0 93,2.0 94,2.0 
46,2.0 87,8.0 
21,2.0 44,2.0 46,2.0 83,6.0 
2,2.0 54,2.0 
20,4.0 
1,24.0 13,2.0 16,4.0 23,4.0 25,2.0 26,2.0 27,2.0 31,4.0 32,6.0 34,2.0 47,4.0 75,2.0 91,2.0 
90,2.0 100,2.0 
20,2.0 
43,2.0 85,2.0 94,2.0 
20,4.0 43,2.0 95,2.0 96,2.0 97,2.0 
20,2.0 
94,2.0 97,2.0 
23,2.0 27,2.0 31,2.0 54,2.0 59,6.0 61,2.0 91,2.0 98,2.0 99,4.0 100,2.0 
17,2.0 59,2.0 
61,2.0 97,6.0 100,2.0 
11,2.0 54,2.0 97,6.0 
47,1.0 102,2.0 
46,1.0 47,1.0 101,1.0 
