1,10.0 2,6.0 3,2.0 4,5.0 12,1.0 13,4.0 14,3.0 17,2.0 18,1.0 19,2.0 20,4.0 21,1.0 24,2.0 26,1.0 27,1.0 58,1.0 
0,18.0 1,4.0 2,2.0 3,3.0 4,3.0 11,2.0 12,7.0 16,1.0 19,3.0 20,3.0 21,2.0 24,4.0 25,4.0 26,2.0 37,3.0 38,4.0 39,3.0 40,1.0 41,2.0 46,1.0 47,1.0 56,1.0 66,1.0 67,1.0 68,1.0 69,1.0 76,1.0 91,1.0 95,1.0 
1,2.0 3,7.0 4,4.0 5,2.0 6,1.0 24,2.0 25,1.0 32,1.0 36,2.0 102,1.0 
1,6.0 2,2.0 4,3.0 5,2.0 6,2.0 16,1.0 19,2.0 21,1.0 22,2.0 24,1.0 25,3.0 26,1.0 28,1.0 29,2.0 30,3.0 31,2.0 33,2.0 34,1.0 35,2.0 36,2.0 37,3.0 38,1.0 40,2.0 47,1.0 66,1.0 80,1.0 86,1.0 91,1.0 95,1.0 99,1.0 102,1.0 
0,1.0 1,1.0 2,2.0 3,4.0 5,2.0 6,3.0 12,2.0 17,5.0 18,3.0 19,3.0 27,2.0 28,1.0 32,1.0 33,2.0 34,2.0 35,2.0 
6,2.0 7,2.0 8,2.0 9,2.0 
5,1.0 7,2.0 8,2.0 9,4.0 10,1.0 11,2.0 12,1.0 27,1.0 33,3.0 34,2.0 35,2.0 53,1.0 54,1.0 
6,1.0 8,2.0 9,2.0 10,1.0 11,1.0 12,1.0 19,1.0 
6,1.0 7,2.0 9,2.0 10,1.0 11,1.0 12,1.0 19,1.0 
1,1.0 6,1.0 7,2.0 8,2.0 10,1.0 11,4.0 12,4.0 15,2.0 16,2.0 17,4.0 18,4.0 19,3.0 
1,1.0 11,2.0 12,1.0 
0,2.0 1,7.0 9,1.0 10,1.0 11,1.0 12,8.0 17,2.0 18,2.0 19,1.0 
0,9.0 1,13.0 4,2.0 9,1.0 11,5.0 12,2.0 17,1.0 18,2.0 19,7.0 20,2.0 47,1.0 48,1.0 51,1.0 52,1.0 
9,2.0 14,4.0 15,4.0 16,4.0 
9,3.0 13,3.0 15,4.0 16,4.0 
9,4.0 11,1.0 14,1.0 16,4.0 17,2.0 18,2.0 
3,1.0 9,4.0 11,1.0 14,1.0 15,4.0 17,2.0 18,2.0 21,1.0 80,1.0 92,1.0 97,1.0 98,1.0 
0,1.0 1,3.0 3,3.0 4,1.0 11,2.0 12,6.0 18,9.0 19,10.0 27,2.0 28,2.0 49,1.0 53,1.0 62,1.0 63,1.0 64,1.0 65,1.0 89,1.0 90,1.0 91,1.0 
0,2.0 1,4.0 11,2.0 12,6.0 17,8.0 19,6.0 20,1.0 62,1.0 63,1.0 64,1.0 65,1.0 
0,4.0 1,5.0 3,2.0 4,3.0 11,2.0 12,10.0 17,3.0 18,2.0 20,2.0 22,2.0 27,5.0 28,2.0 29,2.0 30,2.0 31,2.0 37,1.0 40,1.0 49,1.0 50,1.0 51,1.0 52,1.0 88,1.0 89,1.0 91,1.0 
0,1.0 1,1.0 21,4.0 22,1.0 23,1.0 
0,1.0 3,1.0 16,1.0 22,4.0 23,3.0 56,1.0 62,1.0 80,1.0 
0,2.0 1,3.0 21,1.0 23,4.0 29,3.0 30,2.0 31,2.0 76,2.0 103,1.0 
0,2.0 1,3.0 21,1.0 22,3.0 76,1.0 
0,1.0 1,3.0 2,3.0 3,2.0 21,1.0 25,1.0 37,1.0 40,1.0 62,1.0 
1,3.0 3,1.0 4,1.0 19,1.0 26,1.0 28,1.0 36,1.0 37,2.0 38,2.0 95,1.0 
0,1.0 1,2.0 4,1.0 17,1.0 18,1.0 19,1.0 25,1.0 27,1.0 58,1.0 61,1.0 62,1.0 
3,2.0 4,1.0 17,5.0 19,2.0 28,2.0 37,1.0 40,2.0 47,2.0 53,2.0 54,1.0 55,1.0 59,1.0 60,1.0 66,1.0 76,1.0 81,1.0 92,1.0 
3,2.0 4,1.0 17,1.0 19,2.0 22,1.0 24,1.0 27,1.0 29,1.0 30,1.0 31,1.0 95,1.0 
0,1.0 1,1.0 22,2.0 25,1.0 30,2.0 31,2.0 76,1.0 103,1.0 
0,3.0 1,1.0 19,1.0 22,2.0 26,1.0 29,2.0 30,1.0 31,2.0 40,2.0 53,1.0 76,2.0 103,1.0 
0,1.0 1,1.0 22,2.0 29,2.0 30,2.0 76,1.0 103,1.0 
4,1.0 6,1.0 33,1.0 34,1.0 35,1.0 
6,3.0 9,2.0 11,1.0 12,1.0 34,2.0 35,2.0 45,1.0 46,1.0 47,2.0 48,4.0 80,1.0 85,1.0 86,1.0 
6,2.0 9,2.0 11,1.0 12,1.0 33,2.0 35,2.0 
1,1.0 3,1.0 6,2.0 9,2.0 11,1.0 12,1.0 33,2.0 34,2.0 37,1.0 40,1.0 95,1.0 
1,1.0 3,2.0 25,1.0 30,1.0 37,1.0 38,1.0 40,1.0 102,1.0 
1,5.0 3,1.0 17,1.0 25,1.0 27,1.0 35,1.0 38,4.0 39,1.0 40,1.0 41,2.0 95,1.0 
1,3.0 37,1.0 39,4.0 40,1.0 41,2.0 
1,1.0 37,1.0 40,3.0 42,1.0 43,1.0 44,1.0 49,1.0 104,1.0 105,1.0 
1,2.0 3,1.0 19,3.0 26,1.0 27,1.0 30,2.0 35,1.0 37,3.0 39,1.0 49,1.0 50,2.0 55,1.0 56,1.0 58,1.0 66,1.0 67,1.0 87,1.0 92,1.0 95,1.0 104,1.0 105,1.0 
1,2.0 38,2.0 39,2.0 
33,1.0 43,1.0 44,1.0 45,1.0 
33,1.0 42,1.0 44,1.0 45,1.0 
33,1.0 42,1.0 43,1.0 45,1.0 
33,1.0 46,1.0 
33,1.0 47,2.0 58,1.0 74,1.0 75,1.0 78,1.0 79,1.0 81,1.0 82,1.0 84,1.0 
3,1.0 6,1.0 27,1.0 33,4.0 46,1.0 47,1.0 48,4.0 49,1.0 71,1.0 76,1.0 77,1.0 80,1.0 81,3.0 82,1.0 85,1.0 
3,1.0 6,2.0 33,2.0 40,1.0 47,6.0 48,1.0 49,1.0 80,1.0 87,1.0 
1,1.0 3,1.0 17,1.0 19,1.0 24,1.0 39,1.0 88,1.0 91,1.0 100,1.0 101,1.0 
12,1.0 19,1.0 51,1.0 52,1.0 56,1.0 57,1.0 
12,1.0 47,1.0 48,1.0 52,1.0 
12,1.0 47,1.0 48,1.0 51,1.0 
17,1.0 27,1.0 30,2.0 40,1.0 54,1.0 55,1.0 76,1.0 90,1.0 
27,1.0 40,1.0 53,1.0 55,1.0 
40,1.0 50,1.0 
0,1.0 1,1.0 26,1.0 40,1.0 57,1.0 58,1.0 66,1.0 67,1.0 96,1.0 
0,1.0 26,1.0 56,1.0 58,1.0 
0,1.0 26,1.0 27,2.0 46,1.0 84,1.0 
26,1.0 60,1.0 61,1.0 
26,1.0 59,1.0 61,1.0 
17,1.0 18,1.0 26,1.0 62,1.0 
17,1.0 18,1.0 21,1.0 56,1.0 63,1.0 64,1.0 65,1.0 
1,1.0 40,1.0 56,1.0 64,1.0 65,1.0 66,1.0 
1,1.0 40,1.0 56,1.0 63,1.0 65,1.0 66,1.0 
1,1.0 40,1.0 56,1.0 63,1.0 64,1.0 66,1.0 
1,1.0 17,1.0 27,1.0 40,1.0 49,1.0 56,1.0 67,1.0 91,1.0 
30,1.0 40,1.0 
69,1.0 70,1.0 71,1.0 
68,1.0 70,1.0 71,1.0 
71,1.0 72,1.0 
46,3.0 70,1.0 72,1.0 73,1.0 77,1.0 78,1.0 
71,1.0 73,1.0 
46,1.0 71,2.0 
73,1.0 75,1.0 
73,1.0 74,1.0 
1,1.0 24,1.0 30,3.0 47,1.0 53,1.0 71,1.0 77,1.0 103,1.0 
46,1.0 71,1.0 78,1.0 
46,1.0 79,1.0 
47,1.0 
3,1.0 6,1.0 48,1.0 81,1.0 86,1.0 91,1.0 
1,1.0 40,1.0 48,1.0 82,1.0 83,1.0 
48,1.0 81,1.0 
27,1.0 47,1.0 
46,1.0 47,1.0 
33,1.0 86,1.0 
16,1.0 39,1.0 48,1.0 49,1.0 91,1.0 92,1.0 97,1.0 
19,1.0 40,1.0 49,1.0 
27,1.0 66,1.0 
19,1.0 27,1.0 
19,1.0 
3,1.0 16,1.0 19,1.0 27,1.0 40,1.0 49,1.0 86,1.0 92,1.0 97,1.0 99,1.0 100,1.0 101,1.0 
16,1.0 93,1.0 94,1.0 97,1.0 98,1.0 
22,1.0 94,1.0 
22,1.0 93,1.0 
1,1.0 3,1.0 16,1.0 21,1.0 24,1.0 28,1.0 
17,1.0 49,1.0 
16,1.0 92,1.0 98,1.0 
86,1.0 
3,1.0 66,1.0 
30,1.0 53,1.0 76,1.0 101,1.0 
30,1.0 53,1.0 76,1.0 100,1.0 
3,1.0 30,1.0 36,1.0 40,1.0 
30,1.0 76,1.0 
40,1.0 105,1.0 
40,1.0 104,1.0 
