1,12.0 2,16.0 3,12.0 6,4.0 13,2.0 16,6.0 17,6.0 18,6.0 19,6.0 23,2.0 24,2.0 31,4.0 38,2.0 76,2.0 93,2.0 
0,12.0 2,12.0 3,14.0 51,4.0 52,2.0 59,2.0 60,2.0 
0,4.0 3,28.0 4,16.0 5,16.0 6,16.0 7,12.0 15,2.0 18,2.0 23,4.0 30,2.0 38,2.0 84,4.0 88,2.0 89,2.0 94,2.0 
0,2.0 1,2.0 2,28.0 4,16.0 5,16.0 6,12.0 7,12.0 12,2.0 36,2.0 54,2.0 74,2.0 75,2.0 
2,12.0 3,12.0 5,16.0 8,6.0 11,4.0 13,2.0 14,8.0 18,8.0 20,12.0 21,14.0 22,6.0 30,4.0 41,4.0 42,2.0 43,2.0 
2,12.0 3,12.0 4,16.0 11,2.0 13,2.0 41,4.0 42,2.0 43,2.0 
0,4.0 2,2.0 7,12.0 8,12.0 9,12.0 23,2.0 32,4.0 
6,12.0 8,12.0 9,12.0 12,2.0 26,2.0 28,2.0 29,2.0 
4,6.0 9,12.0 10,6.0 11,6.0 12,6.0 13,6.0 20,6.0 21,6.0 22,6.0 30,4.0 
8,12.0 10,6.0 11,6.0 12,6.0 13,6.0 
0,6.0 1,6.0 11,6.0 56,2.0 72,2.0 73,2.0 
0,6.0 1,6.0 4,2.0 10,6.0 14,2.0 18,2.0 21,2.0 23,2.0 37,2.0 41,2.0 42,4.0 46,2.0 
0,4.0 1,4.0 3,2.0 13,6.0 14,6.0 26,2.0 29,2.0 
0,2.0 2,2.0 12,6.0 14,6.0 41,2.0 43,2.0 44,2.0 45,2.0 
4,8.0 11,2.0 15,8.0 18,10.0 19,2.0 20,6.0 21,8.0 38,4.0 39,4.0 40,4.0 47,2.0 48,2.0 
0,6.0 16,6.0 17,6.0 18,8.0 19,8.0 20,2.0 23,6.0 49,2.0 55,2.0 56,6.0 61,2.0 65,2.0 66,2.0 67,2.0 70,2.0 71,2.0 
0,6.0 17,6.0 18,6.0 19,6.0 
0,7.0 1,1.0 14,2.0 16,6.0 18,6.0 19,6.0 23,2.0 34,4.0 35,4.0 36,4.0 37,2.0 68,2.0 69,2.0 
2,2.0 4,14.0 8,6.0 11,2.0 14,8.0 19,16.0 20,14.0 21,8.0 30,2.0 38,8.0 55,4.0 57,2.0 61,2.0 62,2.0 92,2.0 
4,8.0 11,2.0 14,8.0 18,16.0 20,8.0 38,4.0 55,6.0 57,2.0 61,2.0 62,2.0 
4,12.0 8,6.0 14,6.0 18,8.0 19,2.0 21,12.0 22,6.0 30,4.0 38,2.0 55,2.0 
0,4.0 2,4.0 4,6.0 6,2.0 8,6.0 18,8.0 20,6.0 22,6.0 30,4.0 31,4.0 38,2.0 
0,4.0 2,2.0 6,2.0 21,6.0 30,4.0 31,4.0 
0,4.0 2,2.0 13,2.0 15,4.0 18,2.0 19,2.0 24,2.0 37,4.0 38,4.0 39,4.0 49,2.0 78,2.0 82,2.0 83,4.0 84,2.0 86,2.0 
25,2.0 
26,4.0 
0,2.0 1,2.0 12,2.0 17,4.0 27,2.0 28,2.0 29,2.0 34,4.0 35,4.0 36,4.0 38,2.0 50,2.0 53,2.0 54,2.0 55,2.0 
7,2.0 28,2.0 
7,4.0 27,2.0 
0,2.0 1,2.0 12,2.0 26,2.0 
0,4.0 18,2.0 21,4.0 22,4.0 31,4.0 92,2.0 
0,4.0 6,4.0 
33,4.0 
26,4.0 51,2.0 
0,1.0 1,1.0 17,4.0 23,2.0 35,4.0 36,4.0 37,2.0 
0,1.0 1,1.0 17,4.0 23,2.0 34,4.0 36,4.0 37,2.0 
0,3.0 1,1.0 17,4.0 23,2.0 34,4.0 35,4.0 37,2.0 54,2.0 74,2.0 75,2.0 76,2.0 
3,2.0 12,2.0 23,4.0 38,4.0 39,4.0 58,2.0 
2,6.0 3,4.0 10,2.0 14,4.0 15,8.0 23,4.0 39,8.0 40,4.0 44,4.0 55,6.0 56,6.0 72,2.0 77,2.0 80,2.0 
2,4.0 3,4.0 14,4.0 37,2.0 38,8.0 40,4.0 
14,4.0 38,4.0 39,4.0 
11,2.0 13,2.0 23,2.0 37,2.0 42,2.0 43,2.0 44,2.0 45,2.0 
11,2.0 14,2.0 23,2.0 37,2.0 41,2.0 46,2.0 47,2.0 48,2.0 
13,2.0 41,2.0 44,2.0 45,2.0 
11,2.0 33,2.0 45,2.0 77,2.0 78,2.0 79,2.0 80,2.0 
11,2.0 44,2.0 
14,2.0 42,2.0 47,2.0 48,2.0 
14,2.0 18,2.0 19,2.0 48,2.0 
14,2.0 18,2.0 19,2.0 47,2.0 
50,2.0 
51,6.0 63,2.0 64,2.0 69,2.0 
1,4.0 26,2.0 50,4.0 52,2.0 53,2.0 54,2.0 81,2.0 
1,2.0 51,2.0 
26,2.0 38,2.0 54,2.0 55,2.0 
0,2.0 26,2.0 36,2.0 38,2.0 53,2.0 55,2.0 74,2.0 75,2.0 76,2.0 
15,6.0 17,2.0 18,2.0 23,2.0 38,6.0 56,4.0 68,2.0 69,2.0 70,2.0 71,2.0 
10,2.0 15,6.0 18,6.0 19,6.0 20,2.0 61,2.0 72,2.0 73,2.0 
37,2.0 
1,2.0 
15,2.0 56,2.0 60,2.0 
15,2.0 56,2.0 59,2.0 
18,2.0 19,2.0 38,2.0 55,2.0 
1,2.0 
15,2.0 64,2.0 
15,2.0 63,2.0 
19,2.0 66,2.0 67,2.0 
19,2.0 65,2.0 67,2.0 
19,2.0 65,2.0 66,2.0 
14,2.0 17,2.0 69,2.0 
14,2.0 17,2.0 68,2.0 85,2.0 
18,2.0 55,2.0 71,2.0 
18,2.0 55,2.0 70,2.0 
10,2.0 56,2.0 73,2.0 
25,2.0 
0,2.0 36,2.0 54,2.0 75,2.0 76,2.0 
0,2.0 36,2.0 54,2.0 74,2.0 76,2.0 
0,2.0 38,2.0 
44,2.0 78,2.0 79,2.0 
38,2.0 79,2.0 83,2.0 84,2.0 85,2.0 
23,2.0 38,2.0 78,2.0 82,2.0 
33,2.0 44,2.0 
79,2.0 
23,2.0 78,2.0 83,2.0 
78,2.0 84,2.0 85,2.0 86,2.0 87,2.0 
0,2.0 2,2.0 23,2.0 85,2.0 89,2.0 90,2.0 91,2.0 
2,2.0 23,2.0 84,2.0 88,2.0 
83,2.0 87,2.0 
50,2.0 
2,2.0 84,2.0 89,2.0 
84,2.0 90,2.0 91,2.0 
2,2.0 91,2.0 
2,2.0 90,2.0 
23,2.0 
15,2.0 
39,2.0 
