1,16.0 2,16.0 3,16.0 4,16.0 
0,20.0 2,16.0 3,16.0 5,16.0 6,18.0 19,6.0 23,2.0 40,2.0 
0,16.0 1,16.0 3,16.0 
0,16.0 4,16.0 
1,16.0 5,16.0 
1,16.0 6,16.0 31,4.0 36,4.0 
0,8.0 1,2.0 7,8.0 23,2.0 
8,8.0 
9,8.0 
10,8.0 
11,8.0 12,8.0 
1,4.0 6,2.0 12,16.0 13,8.0 14,8.0 15,4.0 16,4.0 19,2.0 20,4.0 21,4.0 22,2.0 38,2.0 
11,16.0 13,8.0 14,8.0 15,4.0 16,4.0 20,4.0 21,4.0 22,12.0 23,2.0 24,2.0 25,10.0 26,6.0 27,2.0 28,2.0 29,2.0 
14,8.0 15,8.0 16,8.0 
13,8.0 15,8.0 16,8.0 
1,4.0 16,12.0 17,8.0 18,8.0 19,4.0 
1,4.0 15,12.0 17,8.0 18,8.0 19,4.0 
11,8.0 12,8.0 18,16.0 25,2.0 31,6.0 44,2.0 45,2.0 
5,2.0 11,10.0 12,8.0 17,16.0 23,4.0 25,4.0 26,4.0 31,18.0 32,4.0 33,4.0 34,4.0 35,4.0 36,4.0 37,2.0 38,2.0 44,2.0 45,2.0 
0,4.0 1,6.0 40,2.0 
0,1.0 21,4.0 22,2.0 23,2.0 
0,1.0 20,4.0 22,2.0 23,2.0 
1,2.0 11,2.0 12,8.0 19,2.0 23,6.0 24,6.0 25,6.0 26,6.0 27,2.0 
12,2.0 18,4.0 22,4.0 24,6.0 28,2.0 36,4.0 
12,4.0 22,2.0 23,2.0 25,6.0 39,2.0 
11,2.0 12,10.0 18,6.0 22,12.0 23,2.0 24,2.0 26,4.0 31,6.0 32,4.0 37,2.0 39,2.0 
12,6.0 18,4.0 22,6.0 25,6.0 31,4.0 35,4.0 
12,2.0 22,2.0 26,2.0 
12,2.0 29,2.0 
30,2.0 31,2.0 
17,2.0 18,2.0 31,2.0 
5,4.0 17,6.0 18,20.0 25,6.0 26,4.0 30,2.0 32,4.0 33,4.0 34,4.0 35,4.0 36,4.0 37,2.0 
17,4.0 18,4.0 31,4.0 
18,4.0 31,4.0 34,4.0 
18,4.0 26,4.0 31,4.0 
5,2.0 18,4.0 25,2.0 31,4.0 
5,2.0 18,4.0 23,4.0 25,2.0 31,4.0 
11,2.0 18,2.0 38,2.0 
1,2.0 6,2.0 11,2.0 
11,2.0 22,2.0 25,2.0 
41,2.0 
42,2.0 
43,2.0 
17,2.0 18,2.0 
0,2.0 45,2.0 
0,2.0 44,2.0 
