1,2.0 
2,8.0 5,2.0 9,6.0 13,6.0 18,2.0 19,2.0 22,8.0 25,2.0 35,2.0 36,6.0 52,2.0 53,4.0 55,2.0 66,2.0 76,2.0 79,2.0 97,2.0 98,2.0 101,2.0 123,2.0 124,2.0 
1,4.0 3,10.0 7,2.0 9,4.0 10,4.0 11,2.0 13,2.0 16,4.0 22,2.0 25,8.0 31,2.0 35,2.0 36,8.0 50,4.0 51,2.0 53,4.0 56,2.0 61,2.0 62,4.0 66,2.0 76,2.0 79,2.0 101,2.0 105,2.0 
1,2.0 2,8.0 4,2.0 5,2.0 7,2.0 10,2.0 13,2.0 14,2.0 16,2.0 22,4.0 23,2.0 25,4.0 35,4.0 36,6.0 55,2.0 61,2.0 75,4.0 77,2.0 78,2.0 97,2.0 132,2.0 
5,2.0 6,2.0 
4,2.0 6,2.0 7,6.0 9,2.0 13,8.0 14,2.0 22,4.0 82,2.0 
7,2.0 
3,8.0 5,2.0 8,2.0 9,2.0 11,2.0 13,10.0 14,6.0 16,8.0 17,2.0 22,8.0 31,2.0 32,2.0 35,2.0 36,8.0 48,2.0 49,2.0 52,2.0 53,4.0 55,2.0 59,2.0 61,4.0 62,2.0 63,2.0 67,2.0 82,2.0 96,2.0 101,2.0 102,2.0 108,2.0 110,2.0 111,2.0 117,2.0 134,2.0 135,2.0 137,2.0 
9,2.0 10,2.0 61,1.0 82,2.0 145,2.0 146,2.0 147,2.0 
1,10.0 5,2.0 7,2.0 8,2.0 10,2.0 13,8.0 15,2.0 16,4.0 17,6.0 18,2.0 22,2.0 29,8.0 31,2.0 32,2.0 34,2.0 35,2.0 36,2.0 50,2.0 52,2.0 55,2.0 71,2.0 116,2.0 
3,2.0 9,2.0 11,14.0 13,6.0 15,4.0 16,8.0 17,2.0 22,4.0 25,4.0 34,2.0 35,4.0 36,4.0 55,2.0 67,2.0 103,2.0 118,4.0 127,2.0 132,2.0 136,6.0 140,2.0 
9,2.0 10,4.0 12,2.0 13,2.0 14,2.0 15,6.0 16,12.0 22,2.0 25,6.0 35,2.0 36,2.0 48,4.0 50,2.0 53,2.0 55,4.0 63,2.0 101,2.0 103,2.0 107,2.0 110,2.0 117,2.0 118,2.0 
13,2.0 14,2.0 
1,4.0 5,8.0 7,16.0 9,6.0 10,6.0 11,6.0 13,6.0 14,10.0 15,6.0 16,18.0 17,2.0 22,30.0 23,2.0 25,8.0 35,2.0 38,2.0 48,2.0 50,4.0 52,2.0 55,2.0 65,2.0 82,2.0 96,2.0 103,2.0 118,4.0 123,2.0 124,2.0 125,2.0 136,2.0 138,2.0 139,2.0 
2,2.0 5,2.0 7,2.0 9,4.0 10,4.0 11,2.0 13,12.0 14,4.0 15,2.0 16,2.0 22,4.0 25,2.0 30,2.0 31,4.0 35,6.0 36,4.0 50,2.0 53,6.0 55,2.0 63,4.0 64,4.0 67,2.0 79,2.0 98,2.0 99,2.0 100,2.0 133,2.0 134,2.0 138,2.0 
1,2.0 7,2.0 10,4.0 11,6.0 13,6.0 16,20.0 17,2.0 23,2.0 24,2.0 25,2.0 34,2.0 36,2.0 59,2.0 61,2.0 96,2.0 118,2.0 
1,2.0 2,2.0 3,4.0 7,2.0 9,2.0 10,8.0 11,6.0 13,20.0 14,2.0 15,12.0 16,8.0 17,8.0 22,6.0 23,2.0 24,2.0 25,2.0 26,2.0 34,4.0 36,2.0 38,2.0 48,2.0 50,4.0 51,2.0 52,2.0 59,2.0 61,4.0 63,2.0 70,2.0 74,2.0 96,4.0 128,2.0 129,2.0 131,2.0 
1,2.0 7,2.0 9,8.0 13,2.0 14,2.0 16,2.0 22,4.0 25,2.0 31,2.0 34,2.0 35,2.0 36,4.0 50,4.0 53,2.0 65,2.0 116,2.0 128,2.0 
0,1.0 1,2.0 19,2.0 61,1.0 65,2.0 90,2.0 91,2.0 92,2.0 93,2.0 
20,2.0 21,2.0 
2,2.0 21,2.0 
2,2.0 20,2.0 
1,2.0 2,2.0 3,6.0 5,2.0 7,10.0 9,6.0 13,34.0 14,6.0 16,10.0 22,2.0 25,16.0 32,4.0 35,2.0 38,2.0 48,4.0 50,4.0 55,2.0 68,2.0 69,2.0 77,2.0 82,2.0 122,2.0 123,2.0 124,2.0 127,2.0 130,2.0 
7,4.0 13,4.0 15,2.0 16,2.0 24,2.0 48,2.0 49,2.0 
15,2.0 16,2.0 23,2.0 
1,2.0 2,8.0 3,4.0 7,2.0 11,8.0 13,10.0 15,4.0 16,4.0 17,4.0 22,12.0 32,2.0 34,2.0 35,4.0 36,14.0 37,2.0 39,2.0 40,2.0 48,2.0 50,2.0 68,2.0 69,2.0 97,2.0 101,4.0 103,4.0 114,2.0 115,2.0 
27,2.0 
28,2.0 29,2.0 141,2.0 142,2.0 143,2.0 
14,2.0 29,2.0 30,2.0 
9,2.0 14,2.0 15,2.0 16,2.0 28,2.0 30,2.0 50,2.0 55,4.0 61,2.0 71,2.0 72,2.0 74,2.0 
9,2.0 14,2.0 31,2.0 
7,2.0 9,2.0 10,2.0 16,2.0 17,2.0 22,4.0 25,2.0 32,4.0 33,2.0 34,4.0 35,2.0 36,2.0 48,2.0 55,2.0 61,2.0 62,2.0 134,2.0 135,2.0 
16,2.0 17,2.0 25,2.0 31,6.0 33,2.0 34,4.0 55,2.0 135,2.0 
10,2.0 31,2.0 34,2.0 35,2.0 36,2.0 
10,2.0 13,2.0 14,2.0 16,2.0 17,2.0 25,4.0 31,2.0 33,2.0 35,2.0 36,8.0 53,2.0 56,2.0 58,2.0 59,2.0 60,2.0 61,4.0 62,2.0 103,2.0 114,2.0 128,2.0 
1,6.0 2,4.0 3,4.0 7,2.0 9,2.0 10,6.0 14,2.0 22,4.0 25,6.0 34,4.0 35,2.0 36,24.0 41,2.0 48,4.0 53,6.0 54,4.0 55,2.0 94,2.0 
1,4.0 2,12.0 3,8.0 7,2.0 10,6.0 11,2.0 13,2.0 14,4.0 15,2.0 16,2.0 17,4.0 25,16.0 31,2.0 34,4.0 35,20.0 36,2.0 41,2.0 48,6.0 53,4.0 75,2.0 76,4.0 86,2.0 87,2.0 88,2.0 89,2.0 94,2.0 101,2.0 114,2.0 117,2.0 
22,2.0 27,2.0 136,2.0 141,2.0 142,2.0 
13,2.0 22,2.0 25,2.0 
35,2.0 36,2.0 40,2.0 
35,2.0 36,2.0 39,2.0 
42,2.0 43,2.0 82,2.0 83,2.0 84,2.0 
14,2.0 42,4.0 43,10.0 44,2.0 63,2.0 72,2.0 79,2.0 84,2.0 
42,10.0 43,2.0 44,2.0 45,2.0 
42,2.0 43,2.0 
46,2.0 
47,2.0 
23,2.0 48,2.0 
7,6.0 10,2.0 11,8.0 13,4.0 16,2.0 22,2.0 23,2.0 25,6.0 35,2.0 36,4.0 49,2.0 50,2.0 52,2.0 55,2.0 102,2.0 103,2.0 107,2.0 109,2.0 121,2.0 
3,2.0 7,2.0 35,2.0 36,2.0 
2,2.0 10,4.0 11,2.0 13,2.0 16,8.0 17,2.0 22,2.0 25,2.0 29,4.0 35,2.0 51,2.0 53,2.0 55,4.0 61,2.0 70,2.0 133,2.0 
16,2.0 17,2.0 
7,2.0 14,2.0 15,2.0 16,4.0 53,2.0 55,2.0 61,2.0 63,2.0 67,2.0 
1,6.0 2,4.0 7,2.0 9,2.0 10,2.0 14,4.0 35,14.0 36,4.0 43,2.0 50,2.0 53,2.0 54,2.0 55,2.0 56,2.0 62,2.0 63,2.0 76,2.0 79,2.0 104,2.0 
1,2.0 35,2.0 53,2.0 
2,4.0 7,2.0 9,2.0 10,2.0 11,2.0 14,4.0 22,2.0 25,2.0 29,4.0 31,2.0 34,2.0 35,2.0 48,2.0 50,2.0 53,4.0 61,4.0 62,2.0 63,4.0 67,4.0 71,2.0 94,2.0 
14,2.0 57,2.0 62,2.0 79,6.0 
34,2.0 
32,2.0 59,2.0 60,2.0 61,2.0 
3,2.0 7,2.0 32,2.0 58,2.0 60,2.0 61,4.0 96,2.0 
32,2.0 58,2.0 59,2.0 61,2.0 
3,2.0 7,4.0 15,2.0 16,2.0 32,2.0 34,2.0 42,2.0 53,4.0 55,4.0 58,2.0 59,4.0 60,2.0 62,4.0 72,2.0 76,2.0 96,2.0 
7,2.0 34,2.0 53,4.0 56,2.0 61,4.0 79,2.0 
14,10.0 35,2.0 53,4.0 55,2.0 64,2.0 67,2.0 
14,2.0 36,2.0 
0,1.0 9,2.0 18,2.0 61,1.0 90,2.0 91,2.0 92,2.0 93,2.0 94,2.0 95,2.0 
1,2.0 2,2.0 
10,2.0 11,2.0 14,4.0 53,2.0 55,4.0 63,2.0 
22,2.0 25,2.0 69,2.0 
22,2.0 25,2.0 68,2.0 
29,2.0 50,2.0 55,2.0 
9,2.0 29,2.0 
22,2.0 42,2.0 53,2.0 73,2.0 79,4.0 
13,2.0 
3,2.0 16,2.0 36,2.0 
61,2.0 76,2.0 78,2.0 
2,4.0 3,2.0 25,2.0 36,2.0 41,2.0 53,2.0 65,2.0 72,4.0 81,2.0 82,2.0 95,2.0 
3,2.0 75,2.0 78,2.0 
61,2.0 75,2.0 
1,2.0 2,2.0 14,2.0 53,2.0 56,4.0 80,2.0 98,4.0 99,2.0 100,2.0 104,2.0 105,4.0 
76,2.0 81,2.0 
41,2.0 76,2.0 82,2.0 
5,2.0 7,2.0 8,2.0 13,4.0 41,2.0 61,1.0 83,2.0 84,2.0 145,2.0 146,2.0 147,2.0 
42,2.0 84,2.0 
36,2.0 42,2.0 83,2.0 85,2.0 86,2.0 87,2.0 88,2.0 
84,2.0 
36,2.0 87,2.0 88,2.0 89,2.0 
36,2.0 86,2.0 88,2.0 89,2.0 
36,2.0 86,2.0 87,2.0 89,2.0 
18,2.0 65,2.0 90,2.0 91,2.0 92,2.0 93,2.0 
0,1.0 18,2.0 61,1.0 65,2.0 91,2.0 92,2.0 93,2.0 
0,1.0 18,2.0 61,1.0 65,2.0 90,2.0 92,2.0 93,2.0 
0,1.0 18,2.0 61,1.0 65,2.0 90,2.0 91,2.0 93,2.0 
0,1.0 18,2.0 61,1.0 65,2.0 90,2.0 91,2.0 92,2.0 
25,2.0 35,2.0 36,2.0 76,2.0 
65,2.0 94,2.0 
3,2.0 7,2.0 13,2.0 22,2.0 59,2.0 61,2.0 
1,2.0 9,2.0 
48,2.0 55,2.0 99,2.0 100,2.0 106,2.0 
48,2.0 55,2.0 98,2.0 100,2.0 
48,2.0 55,2.0 98,2.0 99,2.0 
2,2.0 7,4.0 25,4.0 35,2.0 36,2.0 108,2.0 
11,2.0 48,2.0 
7,2.0 10,2.0 11,2.0 13,2.0 25,2.0 101,2.0 
2,2.0 79,2.0 
1,2.0 79,4.0 
48,2.0 
10,2.0 48,2.0 103,2.0 
7,2.0 36,2.0 
7,2.0 110,2.0 
7,2.0 111,2.0 118,2.0 119,2.0 
112,2.0 
113,2.0 
34,2.0 36,2.0 
25,2.0 115,2.0 
9,2.0 17,2.0 
1,2.0 
11,2.0 110,2.0 118,2.0 
7,2.0 10,2.0 13,2.0 31,2.0 48,2.0 110,2.0 118,2.0 119,2.0 136,4.0 137,2.0 
120,2.0 
118,2.0 
118,2.0 
9,2.0 16,2.0 
3,2.0 22,2.0 124,2.0 
3,2.0 22,2.0 123,2.0 
126,2.0 
10,2.0 
5,2.0 7,2.0 13,2.0 22,2.0 82,2.0 
17,2.0 22,2.0 50,2.0 
22,2.0 130,2.0 
13,2.0 22,4.0 
2,2.0 
10,2.0 11,2.0 16,2.0 
10,2.0 50,2.0 
7,2.0 31,2.0 32,2.0 135,2.0 
17,2.0 31,2.0 32,2.0 
7,2.0 10,2.0 27,2.0 37,2.0 118,2.0 136,2.0 137,2.0 140,4.0 141,2.0 142,2.0 
7,2.0 14,2.0 
13,2.0 139,2.0 
10,2.0 136,2.0 140,2.0 
10,2.0 37,2.0 136,6.0 
27,2.0 142,2.0 143,2.0 
27,2.0 141,2.0 143,2.0 
144,2.0 
8,2.0 82,2.0 145,2.0 146,2.0 147,2.0 
8,2.0 61,1.0 82,2.0 146,2.0 147,2.0 
8,2.0 61,1.0 82,2.0 145,2.0 147,2.0 
8,2.0 61,1.0 82,2.0 145,2.0 146,2.0 
