1,2.0 2,1.0 3,1.0 
0,1.0 2,4.0 3,3.0 8,2.0 25,2.0 26,2.0 30,2.0 33,2.0 76,4.0 
3,4.0 4,9.0 5,2.0 7,2.0 12,2.0 25,1.0 35,2.0 41,2.0 55,2.0 57,2.0 97,2.0 
2,3.0 4,8.0 8,2.0 32,2.0 56,2.0 64,2.0 102,2.0 103,2.0 104,2.0 
2,3.0 4,2.0 5,5.0 6,2.0 7,12.0 8,5.0 12,2.0 13,2.0 15,2.0 21,2.0 25,3.0 32,2.0 35,3.0 36,1.0 47,1.0 56,2.0 57,2.0 58,4.0 65,2.0 73,2.0 96,2.0 
4,2.0 6,3.0 7,4.0 23,2.0 26,1.0 27,2.0 29,1.0 
5,1.0 7,4.0 9,1.0 47,1.0 
2,2.0 3,2.0 4,8.0 6,1.0 8,5.0 9,6.0 10,3.0 12,2.0 21,2.0 22,4.0 25,8.0 32,10.0 33,4.0 41,2.0 44,2.0 46,2.0 53,2.0 55,2.0 56,6.0 60,2.0 63,2.0 64,2.0 73,2.0 74,2.0 99,2.0 
2,2.0 4,2.0 5,1.0 7,2.0 9,7.0 10,7.0 11,3.0 13,6.0 14,5.0 15,1.0 17,1.0 19,2.0 20,2.0 21,4.0 22,5.0 25,5.0 26,4.0 27,1.0 28,1.0 29,3.0 32,1.0 33,6.0 37,1.0 46,2.0 61,2.0 79,2.0 81,4.0 96,2.0 97,2.0 98,4.0 105,4.0 110,1.0 118,1.0 125,1.0 
7,2.0 8,8.0 10,3.0 11,1.0 25,2.0 33,2.0 46,2.0 53,2.0 61,2.0 
8,5.0 9,1.0 10,1.0 11,4.0 12,2.0 13,6.0 17,4.0 22,7.0 23,6.0 26,3.0 32,2.0 33,4.0 46,2.0 56,1.0 65,3.0 70,1.0 81,4.0 86,6.0 88,1.0 91,2.0 102,1.0 105,5.0 106,3.0 110,1.0 112,1.0 122,2.0 124,2.0 134,1.0 
10,2.0 12,4.0 32,2.0 
7,6.0 8,6.0 13,4.0 14,1.0 21,2.0 22,4.0 25,2.0 56,2.0 99,2.0 
4,2.0 8,6.0 10,5.0 14,5.0 15,3.0 18,3.0 21,1.0 22,1.0 23,10.0 26,12.0 41,2.0 42,2.0 44,2.0 56,1.0 65,4.0 70,2.0 81,6.0 85,2.0 86,4.0 91,2.0 99,2.0 101,2.0 105,7.0 106,3.0 111,1.0 118,2.0 
8,1.0 13,1.0 14,4.0 15,8.0 16,2.0 17,2.0 26,2.0 31,1.0 35,2.0 
4,2.0 14,4.0 16,2.0 17,2.0 26,2.0 31,1.0 65,2.0 
17,2.0 32,1.0 
8,1.0 17,4.0 18,7.0 19,2.0 22,2.0 23,2.0 25,2.0 26,6.0 31,1.0 32,2.0 41,2.0 45,1.0 65,6.0 68,2.0 81,6.0 86,2.0 91,2.0 93,2.0 94,2.0 105,4.0 118,1.0 
8,2.0 13,4.0 17,3.0 18,2.0 19,9.0 20,2.0 21,5.0 22,1.0 23,5.0 26,2.0 33,2.0 38,1.0 65,2.0 99,3.0 105,4.0 124,1.0 130,1.0 131,1.0 132,1.0 136,1.0 
7,2.0 8,2.0 12,2.0 18,3.0 20,2.0 21,13.0 22,5.0 23,1.0 24,1.0 25,1.0 26,2.0 27,1.0 33,2.0 38,3.0 46,1.0 
19,2.0 21,2.0 22,6.0 76,2.0 83,2.0 
4,2.0 7,8.0 8,2.0 10,1.0 11,2.0 12,2.0 13,2.0 18,1.0 19,7.0 20,1.0 22,9.0 23,2.0 24,1.0 25,7.0 32,2.0 34,1.0 38,2.0 46,1.0 48,1.0 54,2.0 66,2.0 68,2.0 118,2.0 119,1.0 120,1.0 121,1.0 130,1.0 131,1.0 132,1.0 133,1.0 
2,2.0 4,2.0 7,4.0 8,5.0 10,3.0 12,2.0 13,2.0 17,2.0 18,1.0 19,1.0 20,3.0 21,5.0 22,4.0 23,8.0 25,9.0 26,6.0 28,2.0 29,8.0 34,1.0 35,2.0 38,6.0 39,1.0 44,2.0 46,6.0 48,3.0 70,2.0 76,2.0 81,5.0 83,2.0 84,2.0 88,2.0 90,2.0 96,2.0 99,2.0 105,4.0 106,1.0 107,2.0 116,1.0 117,1.0 
3,2.0 5,1.0 8,1.0 10,10.0 13,4.0 18,4.0 19,2.0 21,4.0 22,2.0 23,3.0 25,2.0 26,14.0 27,1.0 28,4.0 29,9.0 38,1.0 46,8.0 61,2.0 62,2.0 64,4.0 70,3.0 76,6.0 81,6.0 86,8.0 89,2.0 91,1.0 92,2.0 99,2.0 102,2.0 105,5.0 106,3.0 111,2.0 119,1.0 120,1.0 121,1.0 129,1.0 130,1.0 131,1.0 132,1.0 
25,1.0 
2,2.0 4,3.0 7,2.0 8,6.0 9,2.0 14,2.0 19,3.0 21,2.0 22,8.0 23,4.0 25,2.0 26,3.0 28,2.0 29,2.0 32,6.0 33,1.0 35,2.0 38,4.0 46,5.0 51,1.0 54,2.0 56,2.0 58,2.0 61,2.0 73,2.0 
1,6.0 8,7.0 10,8.0 13,9.0 17,8.0 21,2.0 22,4.0 23,17.0 25,5.0 26,6.0 27,1.0 29,9.0 30,2.0 33,4.0 35,2.0 37,2.0 44,2.0 46,2.0 50,2.0 52,4.0 56,4.0 64,2.0 65,2.0 70,4.0 76,6.0 81,4.0 85,2.0 86,9.0 88,3.0 89,2.0 91,1.0 94,2.0 95,2.0 105,6.0 106,1.0 110,1.0 126,1.0 127,1.0 128,1.0 137,1.0 
5,2.0 21,1.0 23,2.0 26,2.0 29,1.0 
5,1.0 8,1.0 23,2.0 25,2.0 27,1.0 29,2.0 38,1.0 46,2.0 
1,1.0 2,2.0 5,2.0 8,3.0 13,2.0 22,4.0 23,7.0 26,12.0 27,2.0 28,1.0 30,1.0 37,2.0 38,3.0 41,2.0 42,2.0 46,4.0 64,2.0 75,2.0 88,2.0 89,2.0 91,2.0 
1,2.0 2,2.0 3,1.0 
17,1.0 32,1.0 
3,2.0 4,2.0 7,8.0 8,2.0 10,2.0 17,1.0 18,2.0 19,2.0 21,2.0 22,2.0 25,2.0 33,5.0 35,1.0 37,2.0 38,1.0 56,8.0 63,2.0 64,2.0 74,2.0 77,2.0 78,2.0 
8,4.0 9,2.0 10,4.0 19,2.0 21,2.0 22,6.0 29,2.0 32,2.0 37,2.0 46,2.0 52,2.0 76,2.0 77,2.0 81,2.0 95,2.0 
22,1.0 25,1.0 
2,1.0 4,6.0 7,2.0 22,1.0 25,3.0 26,2.0 36,1.0 37,2.0 38,2.0 39,1.0 50,1.0 51,1.0 
4,1.0 8,1.0 25,1.0 67,2.0 
22,4.0 32,2.0 33,1.0 35,3.0 38,1.0 75,2.0 
5,1.0 10,2.0 19,1.0 21,1.0 22,5.0 23,2.0 25,3.0 27,1.0 29,1.0 32,4.0 35,1.0 39,1.0 46,7.0 49,1.0 56,2.0 76,2.0 84,2.0 87,2.0 90,2.0 99,2.0 105,3.0 
40,1.0 
41,1.0 
7,2.0 13,2.0 17,2.0 42,3.0 43,1.0 44,2.0 55,2.0 56,2.0 65,2.0 91,2.0 
13,2.0 26,2.0 41,2.0 43,1.0 44,3.0 86,2.0 91,2.0 
42,1.0 44,1.0 
0,1.0 23,2.0 26,4.0 46,2.0 52,2.0 56,2.0 60,2.0 61,2.0 
18,1.0 
7,2.0 10,2.0 17,2.0 19,1.0 22,4.0 23,10.0 25,3.0 26,9.0 29,8.0 33,2.0 38,2.0 46,2.0 47,2.0 53,2.0 64,2.0 84,2.0 85,2.0 86,2.0 87,2.0 89,2.0 90,2.0 92,2.0 
6,1.0 7,1.0 23,2.0 85,2.0 
25,1.0 100,2.0 
35,1.0 50,1.0 
25,1.0 35,1.0 46,2.0 51,1.0 56,2.0 
19,1.0 21,1.0 25,1.0 
13,2.0 23,2.0 26,2.0 64,2.0 
7,2.0 10,2.0 33,2.0 46,2.0 
2,2.0 25,2.0 
7,2.0 41,2.0 56,2.0 
3,2.0 4,2.0 8,8.0 9,2.0 10,2.0 12,2.0 22,6.0 23,2.0 25,2.0 26,1.0 29,2.0 32,6.0 44,2.0 46,2.0 50,2.0 52,2.0 60,2.0 61,2.0 64,2.0 99,2.0 
4,2.0 7,2.0 
4,2.0 7,2.0 21,2.0 59,2.0 
4,2.0 
23,2.0 44,2.0 56,2.0 61,2.0 
8,2.0 21,2.0 23,2.0 62,2.0 
7,2.0 32,2.0 
56,2.0 
3,2.0 4,2.0 8,2.0 23,2.0 26,2.0 29,4.0 32,2.0 56,2.0 
10,7.0 13,3.0 17,3.0 18,5.0 42,2.0 66,2.0 86,3.0 91,1.0 99,4.0 105,7.0 110,1.0 124,1.0 
36,2.0 66,4.0 68,8.0 70,2.0 
17,2.0 68,8.0 71,2.0 72,2.0 
21,2.0 66,8.0 67,8.0 68,2.0 69,2.0 70,2.0 71,2.0 
67,2.0 
13,4.0 23,3.0 26,5.0 67,2.0 68,2.0 81,4.0 85,2.0 86,1.0 
67,2.0 72,2.0 
21,2.0 
4,2.0 25,2.0 58,2.0 
32,2.0 56,2.0 
35,2.0 37,2.0 
1,6.0 8,4.0 20,4.0 22,2.0 23,4.0 25,2.0 26,4.0 33,2.0 38,4.0 46,2.0 76,12.0 77,2.0 78,4.0 79,2.0 86,2.0 87,2.0 
8,2.0 32,2.0 76,2.0 78,4.0 
32,2.0 77,4.0 79,10.0 82,2.0 
76,2.0 78,8.0 79,2.0 80,2.0 81,2.0 
78,2.0 
10,5.0 13,8.0 15,2.0 17,2.0 22,9.0 23,5.0 26,9.0 70,2.0 76,2.0 85,2.0 86,4.0 93,2.0 99,2.0 105,4.0 107,2.0 122,1.0 123,1.0 
79,2.0 
26,2.0 76,2.0 
1,2.0 26,2.0 38,1.0 76,2.0 88,2.0 99,1.0 105,1.0 106,1.0 108,1.0 116,1.0 117,1.0 
13,2.0 23,2.0 47,2.0 70,2.0 81,2.0 
8,2.0 10,4.0 13,1.0 17,2.0 23,4.0 26,14.0 42,2.0 65,2.0 70,2.0 76,4.0 81,1.0 91,4.0 99,2.0 105,5.0 110,1.0 126,1.0 127,1.0 128,1.0 137,1.0 
26,2.0 46,2.0 
10,1.0 13,1.0 17,2.0 38,1.0 41,2.0 84,2.0 99,1.0 105,1.0 106,2.0 108,1.0 116,1.0 117,1.0 
26,2.0 33,2.0 
22,2.0 23,2.0 29,2.0 46,4.0 
10,2.0 13,4.0 17,3.0 18,1.0 21,2.0 23,1.0 38,1.0 41,2.0 42,2.0 44,2.0 65,1.0 81,1.0 105,4.0 110,1.0 126,1.0 127,1.0 128,1.0 
46,2.0 86,2.0 
15,2.0 81,2.0 
17,2.0 22,2.0 
33,2.0 81,2.0 
2,2.0 4,2.0 12,2.0 56,2.0 98,2.0 
2,2.0 12,2.0 
2,2.0 3,2.0 96,2.0 
7,2.0 12,2.0 13,4.0 18,4.0 22,2.0 23,2.0 26,3.0 56,2.0 65,2.0 81,2.0 84,1.0 86,1.0 88,1.0 105,4.0 106,1.0 108,1.0 
13,2.0 101,2.0 
13,2.0 23,2.0 
3,2.0 103,2.0 104,2.0 115,1.0 
13,1.0 19,1.0 104,2.0 105,1.0 
13,1.0 19,1.0 103,2.0 105,1.0 
10,5.0 13,6.0 17,4.0 18,7.0 21,1.0 22,4.0 23,5.0 26,7.0 38,4.0 56,2.0 65,8.0 81,5.0 86,2.0 91,7.0 99,6.0 107,2.0 110,3.0 113,2.0 114,2.0 123,1.0 124,2.0 135,1.0 
10,3.0 13,4.0 23,4.0 84,1.0 86,1.0 88,1.0 99,1.0 108,1.0 
22,2.0 84,2.0 88,2.0 99,1.0 106,1.0 116,1.0 117,1.0 
109,1.0 
65,1.0 105,2.0 110,2.0 
8,1.0 10,1.0 17,1.0 18,1.0 65,2.0 81,1.0 99,2.0 105,2.0 125,1.0 
10,1.0 23,1.0 112,1.0 129,1.0 
10,1.0 105,2.0 113,2.0 
91,1.0 105,2.0 114,1.0 128,1.0 138,1.0 139,1.0 140,1.0 
23,1.0 86,1.0 105,1.0 110,1.0 
105,1.0 114,1.0 
38,1.0 84,1.0 88,1.0 105,1.0 117,1.0 
38,1.0 84,1.0 88,1.0 105,1.0 116,1.0 
10,2.0 13,1.0 26,1.0 65,2.0 86,1.0 
10,1.0 21,1.0 120,1.0 121,1.0 
10,1.0 21,1.0 119,1.0 121,1.0 
10,1.0 21,1.0 119,1.0 120,1.0 
13,1.0 26,1.0 81,2.0 
81,1.0 99,1.0 
10,1.0 13,1.0 18,1.0 105,1.0 136,1.0 
26,1.0 86,1.0 
38,1.0 91,1.0 105,1.0 127,1.0 128,1.0 
38,1.0 91,1.0 105,1.0 126,1.0 128,1.0 
38,1.0 91,1.0 105,1.0 113,1.0 126,1.0 127,1.0 138,1.0 139,1.0 140,1.0 
111,1.0 112,1.0 
21,1.0 131,1.0 132,1.0 133,1.0 
21,1.0 130,1.0 132,1.0 133,1.0 
21,1.0 130,1.0 131,1.0 133,1.0 
112,1.0 
105,1.0 135,1.0 
18,1.0 105,1.0 124,1.0 
109,1.0 
113,1.0 128,1.0 138,1.0 139,1.0 140,1.0 
113,1.0 128,1.0 139,1.0 140,1.0 
113,1.0 128,1.0 138,1.0 140,1.0 
113,1.0 128,1.0 138,1.0 139,1.0 
