0,1.0 1,20.0 2,2.0 4,3.0 5,9.0 10,2.0 14,5.0 15,1.0 16,2.0 17,4.0 18,4.0 20,1.0 21,1.0 22,3.0 27,1.0 31,3.0 33,1.0 35,3.0 40,1.0 43,2.0 44,4.0 45,1.0 51,2.0 56,1.0 57,1.0 61,13.0 62,1.0 64,2.0 65,3.0 68,1.0 71,1.0 73,1.0 75,2.0 96,1.0 98,1.0 102,1.0 106,1.0 108,1.0 113,1.0 115,1.0 119,1.0 120,1.0 121,1.0 128,3.0 129,4.0 132,1.0 133,1.0 134,1.0 138,1.0 173,1.0 178,1.0 184,1.0 198,1.0 215,1.0 218,1.0 229,2.0 230,3.0 
0,4.0 2,6.0 4,2.0 5,1.0 14,10.0 15,1.0 16,2.0 17,2.0 18,5.0 19,1.0 34,1.0 35,1.0 44,2.0 56,1.0 57,1.0 58,1.0 60,1.0 61,3.0 62,2.0 67,1.0 71,1.0 73,3.0 93,1.0 94,1.0 101,1.0 106,1.0 107,1.0 114,2.0 115,1.0 116,1.0 119,1.0 120,2.0 121,1.0 194,1.0 217,1.0 218,1.0 
0,5.0 1,1.0 3,29.0 5,3.0 8,2.0 10,1.0 13,1.0 14,4.0 15,2.0 16,3.0 17,4.0 18,1.0 19,4.0 20,3.0 21,4.0 22,2.0 27,1.0 31,3.0 40,1.0 43,10.0 44,1.0 47,1.0 48,1.0 51,1.0 56,1.0 59,1.0 61,8.0 63,1.0 64,3.0 67,12.0 69,1.0 73,1.0 74,1.0 77,2.0 82,1.0 93,2.0 95,1.0 96,1.0 106,1.0 113,1.0 121,3.0 123,1.0 124,1.0 131,1.0 132,3.0 133,2.0 134,1.0 136,1.0 137,3.0 138,1.0 139,1.0 142,2.0 143,1.0 144,1.0 146,1.0 156,1.0 157,1.0 162,1.0 170,1.0 183,1.0 198,1.0 213,1.0 214,1.0 220,1.0 232,1.0 233,1.0 
0,14.0 1,4.0 4,1.0 5,1.0 10,1.0 14,13.0 16,12.0 17,3.0 18,3.0 20,1.0 22,2.0 27,2.0 40,1.0 44,1.0 45,2.0 51,1.0 56,1.0 62,1.0 68,1.0 82,1.0 90,1.0 95,1.0 106,1.0 113,1.0 142,1.0 144,1.0 154,1.0 166,1.0 183,1.0 226,1.0 
1,1.0 2,3.0 3,1.0 5,15.0 6,1.0 7,1.0 8,1.0 9,1.0 13,2.0 14,2.0 15,3.0 16,3.0 17,1.0 18,3.0 19,1.0 20,3.0 27,1.0 31,1.0 33,1.0 40,1.0 43,2.0 44,2.0 45,1.0 48,1.0 58,3.0 61,1.0 67,6.0 83,2.0 91,1.0 93,1.0 94,2.0 106,1.0 112,1.0 128,2.0 131,2.0 132,1.0 133,2.0 134,2.0 136,2.0 137,1.0 139,1.0 140,2.0 142,5.0 152,1.0 159,1.0 164,4.0 165,2.0 169,1.0 171,1.0 185,1.0 191,1.0 193,2.0 198,1.0 210,1.0 226,3.0 
0,1.0 2,2.0 4,6.0 6,1.0 7,1.0 8,1.0 9,1.0 12,2.0 13,2.0 14,12.0 15,1.0 16,4.0 17,1.0 18,3.0 20,10.0 27,2.0 28,2.0 31,4.0 44,3.0 61,1.0 67,1.0 78,1.0 83,1.0 92,1.0 103,1.0 105,1.0 131,1.0 150,1.0 153,1.0 154,1.0 164,1.0 165,1.0 169,1.0 179,1.0 185,1.0 187,1.0 
2,1.0 7,2.0 8,5.0 9,2.0 10,1.0 46,3.0 47,3.0 48,1.0 180,1.0 
6,2.0 8,2.0 9,2.0 10,1.0 180,1.0 
2,1.0 3,1.0 6,3.0 7,2.0 9,2.0 10,1.0 14,1.0 16,1.0 43,1.0 44,1.0 46,1.0 47,4.0 48,1.0 134,1.0 180,1.0 222,1.0 223,1.0 
1,1.0 6,2.0 7,2.0 8,2.0 10,1.0 34,1.0 37,1.0 60,1.0 62,1.0 73,1.0 105,1.0 107,1.0 110,1.0 111,2.0 180,1.0 
0,2.0 1,1.0 11,1.0 43,1.0 44,1.0 51,2.0 179,1.0 
12,1.0 13,1.0 43,1.0 180,1.0 
2,1.0 4,2.0 13,7.0 20,3.0 31,1.0 40,1.0 44,1.0 45,2.0 57,1.0 58,1.0 64,1.0 164,1.0 179,1.0 180,1.0 225,1.0 
2,2.0 4,2.0 5,2.0 12,1.0 20,3.0 21,2.0 31,2.0 40,1.0 44,1.0 58,1.0 61,1.0 64,1.0 66,1.0 67,2.0 77,1.0 106,1.0 142,1.0 179,1.0 182,1.0 226,1.0 
0,1.0 1,4.0 2,4.0 3,1.0 4,2.0 5,2.0 6,1.0 15,25.0 16,2.0 17,5.0 18,6.0 19,2.0 20,6.0 21,1.0 22,1.0 23,2.0 33,1.0 43,1.0 44,14.0 45,6.0 46,1.0 60,1.0 61,2.0 62,1.0 63,1.0 67,6.0 68,1.0 72,1.0 73,2.0 82,1.0 83,1.0 84,1.0 87,1.0 89,1.0 93,1.0 105,1.0 121,1.0 122,1.0 128,1.0 129,2.0 132,2.0 133,1.0 134,2.0 135,1.0 136,3.0 137,1.0 138,2.0 140,2.0 141,1.0 143,1.0 144,1.0 145,1.0 146,2.0 147,2.0 151,1.0 158,1.0 172,1.0 175,1.0 194,2.0 195,1.0 198,1.0 202,1.0 203,1.0 212,1.0 221,1.0 222,1.0 223,1.0 229,1.0 
0,3.0 2,15.0 4,4.0 6,1.0 12,1.0 16,6.0 17,3.0 18,1.0 20,5.0 21,2.0 31,1.0 33,1.0 36,1.0 37,1.0 38,2.0 39,1.0 40,2.0 46,1.0 49,1.0 61,1.0 64,2.0 66,1.0 67,1.0 84,1.0 92,1.0 113,2.0 114,1.0 125,1.0 127,1.0 129,1.0 136,1.0 137,1.0 138,1.0 143,1.0 146,1.0 147,1.0 148,1.0 149,1.0 150,1.0 156,1.0 157,1.0 164,1.0 184,1.0 226,1.0 
0,4.0 1,3.0 2,3.0 3,6.0 4,1.0 5,3.0 14,4.0 17,20.0 19,1.0 21,1.0 22,4.0 27,2.0 29,2.0 30,2.0 43,3.0 44,2.0 45,5.0 53,1.0 58,1.0 61,7.0 62,1.0 63,1.0 64,1.0 68,1.0 69,1.0 72,2.0 78,1.0 81,1.0 82,1.0 88,1.0 90,3.0 94,1.0 96,1.0 101,1.0 129,2.0 130,1.0 131,1.0 133,2.0 134,1.0 136,1.0 138,2.0 139,3.0 141,2.0 142,5.0 143,1.0 159,1.0 161,1.0 162,1.0 168,1.0 169,2.0 176,1.0 192,1.0 196,2.0 197,1.0 199,1.0 200,1.0 201,1.0 221,1.0 232,1.0 233,1.0 
0,4.0 1,1.0 2,11.0 3,1.0 4,2.0 5,4.0 8,1.0 12,1.0 14,10.0 15,1.0 16,2.0 21,2.0 22,3.0 27,6.0 33,4.0 35,4.0 36,1.0 37,1.0 38,1.0 39,1.0 41,1.0 43,2.0 47,1.0 54,1.0 59,2.0 60,1.0 61,1.0 76,1.0 81,1.0 90,1.0 96,1.0 106,1.0 122,1.0 134,1.0 136,1.0 137,1.0 138,1.0 141,1.0 143,1.0 145,1.0 146,1.0 161,1.0 179,1.0 187,1.0 221,1.0 
0,3.0 1,1.0 2,7.0 3,2.0 4,2.0 5,1.0 14,2.0 15,1.0 17,3.0 18,1.0 19,11.0 20,1.0 21,1.0 27,4.0 31,1.0 33,1.0 35,1.0 40,2.0 43,1.0 44,8.0 45,1.0 51,1.0 58,1.0 64,1.0 67,1.0 69,1.0 74,1.0 84,2.0 85,1.0 93,2.0 94,1.0 97,1.0 100,1.0 107,1.0 114,1.0 115,2.0 128,1.0 137,1.0 138,1.0 147,1.0 174,1.0 216,1.0 226,1.0 
0,2.0 2,10.0 5,1.0 15,2.0 16,1.0 21,2.0 33,1.0 43,1.0 44,1.0 52,1.0 58,1.0 61,1.0 67,1.0 69,1.0 72,1.0 74,1.0 77,1.0 82,1.0 84,1.0 107,1.0 115,2.0 121,1.0 138,1.0 186,1.0 217,1.0 
0,1.0 2,4.0 4,1.0 5,3.0 13,3.0 14,1.0 15,6.0 16,1.0 17,7.0 18,4.0 21,7.0 31,1.0 35,1.0 36,1.0 37,1.0 38,1.0 39,1.0 43,2.0 44,1.0 45,1.0 58,1.0 63,1.0 67,1.0 85,1.0 137,1.0 142,1.0 187,1.0 
0,4.0 2,3.0 4,5.0 5,3.0 16,3.0 17,1.0 18,2.0 22,6.0 31,1.0 32,1.0 33,1.0 35,1.0 43,5.0 60,1.0 61,1.0 70,1.0 76,1.0 93,1.0 95,1.0 101,1.0 104,1.0 137,1.0 151,1.0 155,1.0 156,1.0 157,1.0 
0,2.0 3,2.0 4,1.0 5,11.0 6,1.0 8,1.0 14,3.0 17,3.0 18,2.0 20,2.0 34,1.0 44,1.0 46,1.0 47,1.0 61,1.0 62,1.0 75,1.0 89,1.0 90,1.0 91,1.0 92,1.0 127,1.0 131,1.0 165,1.0 169,1.0 
24,2.0 25,2.0 26,2.0 
4,2.0 25,2.0 26,2.0 
4,2.0 24,2.0 26,2.0 
4,2.0 24,2.0 25,2.0 
0,2.0 2,1.0 3,2.0 4,1.0 5,1.0 12,2.0 14,3.0 15,1.0 17,1.0 21,14.0 31,1.0 32,1.0 35,2.0 45,8.0 57,1.0 61,1.0 62,1.0 63,1.0 70,1.0 74,1.0 95,2.0 104,1.0 128,1.0 129,1.0 130,1.0 131,1.0 132,3.0 137,1.0 155,1.0 158,1.0 167,1.0 179,1.0 184,1.0 187,1.0 189,1.0 204,1.0 207,1.0 208,1.0 209,1.0 230,1.0 
16,2.0 
4,2.0 30,2.0 
4,2.0 29,2.0 
0,1.0 1,1.0 2,1.0 3,2.0 5,1.0 13,2.0 17,2.0 18,17.0 20,2.0 40,2.0 45,2.0 58,1.0 69,1.0 84,1.0 85,1.0 86,1.0 93,1.0 97,1.0 100,1.0 129,1.0 134,1.0 136,1.0 138,1.0 141,1.0 142,3.0 157,1.0 174,1.0 179,2.0 195,1.0 205,1.0 206,1.0 
5,1.0 21,1.0 
0,1.0 4,1.0 15,1.0 17,2.0 22,2.0 34,3.0 35,2.0 43,5.0 65,1.0 69,1.0 71,1.0 82,1.0 89,1.0 90,1.0 91,1.0 99,1.0 125,1.0 129,1.0 130,1.0 131,1.0 
1,1.0 5,1.0 18,1.0 21,2.0 22,1.0 35,2.0 60,1.0 62,1.0 73,1.0 101,1.0 107,1.0 
0,2.0 1,1.0 5,2.0 14,1.0 15,3.0 17,2.0 21,4.0 27,1.0 31,1.0 34,2.0 42,1.0 43,2.0 45,1.0 61,1.0 63,1.0 78,1.0 120,1.0 137,1.0 179,1.0 
17,1.0 35,1.0 37,1.0 38,1.0 39,1.0 
9,1.0 17,1.0 35,1.0 36,1.0 38,1.0 39,1.0 96,1.0 105,1.0 110,2.0 111,1.0 
17,1.0 27,1.0 35,1.0 36,1.0 37,1.0 39,1.0 64,1.0 147,1.0 148,1.0 149,1.0 150,1.0 
16,1.0 17,1.0 35,1.0 36,1.0 37,1.0 38,1.0 
3,1.0 4,1.0 5,2.0 13,1.0 15,1.0 17,3.0 18,1.0 31,1.0 33,1.0 67,1.0 84,1.0 106,1.0 108,1.0 109,1.0 
35,1.0 42,1.0 
21,1.0 35,1.0 
0,28.0 5,1.0 6,1.0 7,1.0 8,1.0 9,1.0 10,1.0 11,1.0 15,1.0 17,2.0 21,1.0 22,3.0 35,3.0 44,1.0 51,1.0 61,1.0 64,1.0 65,2.0 71,1.0 75,2.0 76,3.0 98,1.0 102,1.0 106,1.0 132,1.0 137,1.0 142,1.0 147,1.0 151,1.0 164,2.0 173,1.0 180,2.0 181,1.0 211,1.0 215,1.0 
2,41.0 5,1.0 10,1.0 13,3.0 15,2.0 17,2.0 18,1.0 19,5.0 20,3.0 63,1.0 64,1.0 66,3.0 67,1.0 69,1.0 74,1.0 77,2.0 93,2.0 96,1.0 105,1.0 162,1.0 170,1.0 179,3.0 181,3.0 182,1.0 199,1.0 213,1.0 
1,1.0 3,1.0 4,40.0 12,1.0 13,2.0 14,1.0 15,3.0 18,2.0 19,1.0 33,1.0 40,1.0 44,1.0 48,1.0 57,1.0 58,1.0 64,1.0 83,1.0 106,1.0 142,1.0 163,3.0 182,1.0 193,1.0 210,1.0 226,1.0 
2,1.0 6,3.0 8,3.0 47,3.0 48,1.0 
2,1.0 3,1.0 6,1.0 8,4.0 14,1.0 44,1.0 46,1.0 48,1.0 222,1.0 223,1.0 
4,1.0 14,1.0 61,1.0 164,1.0 208,1.0 209,1.0 212,1.0 213,1.0 236,1.0 237,1.0 238,1.0 239,1.0 
50,1.0 
18,1.0 
0,2.0 1,1.0 10,2.0 19,1.0 43,1.0 44,1.0 
53,1.0 
14,1.0 16,1.0 
55,1.0 
0,1.0 
1,1.0 3,1.0 16,1.0 57,1.0 
4,1.0 12,1.0 13,1.0 31,1.0 45,1.0 58,2.0 
2,1.0 4,1.0 13,1.0 16,1.0 18,1.0 21,1.0 27,1.0 44,2.0 84,1.0 226,1.0 
5,1.0 60,1.0 67,1.0 142,1.0 231,1.0 
1,1.0 2,1.0 17,1.0 34,1.0 61,1.0 62,1.0 73,1.0 101,1.0 107,1.0 122,1.0 147,1.0 219,1.0 
0,1.0 1,7.0 4,1.0 5,1.0 12,1.0 14,44.0 15,1.0 17,1.0 22,1.0 35,1.0 45,1.0 59,1.0 60,1.0 62,2.0 63,1.0 65,1.0 67,1.0 73,3.0 83,1.0 89,1.0 120,4.0 121,1.0 136,1.0 144,1.0 146,1.0 172,1.0 180,2.0 194,2.0 195,1.0 202,1.0 203,1.0 231,1.0 
0,1.0 1,2.0 5,1.0 14,1.0 22,1.0 34,1.0 44,1.0 45,1.0 60,1.0 61,1.0 63,1.0 64,1.0 65,1.0 67,1.0 73,1.0 101,1.0 107,1.0 120,1.0 127,1.0 164,1.0 218,1.0 226,1.0 
14,1.0 16,1.0 21,1.0 27,1.0 35,1.0 44,2.0 45,1.0 61,1.0 62,1.0 179,1.0 199,1.0 
2,1.0 12,1.0 13,1.0 15,1.0 27,2.0 33,1.0 38,1.0 43,1.0 61,3.0 62,1.0 67,1.0 70,1.0 84,1.0 147,2.0 148,1.0 149,1.0 150,1.0 156,1.0 163,1.0 179,1.0 188,1.0 225,1.0 226,1.0 
0,2.0 4,1.0 5,1.0 17,2.0 31,1.0 33,1.0 45,1.0 61,2.0 62,1.0 71,1.0 84,1.0 120,1.0 
13,1.0 15,1.0 67,3.0 
2,1.0 3,6.0 5,1.0 16,41.0 19,1.0 20,1.0 62,1.0 63,1.0 64,1.0 69,1.0 72,2.0 82,1.0 88,1.0 90,2.0 94,1.0 101,1.0 161,1.0 162,1.0 164,1.0 166,3.0 168,1.0 176,1.0 181,1.0 199,1.0 200,1.0 226,2.0 
18,1.0 31,1.0 67,1.0 84,1.0 
0,1.0 2,1.0 16,1.0 18,1.0 19,1.0 33,1.0 43,1.0 44,1.0 61,1.0 200,1.0 
21,1.0 43,1.0 155,1.0 156,1.0 157,1.0 
0,1.0 4,1.0 5,1.0 61,2.0 65,1.0 91,1.0 
1,1.0 2,1.0 15,2.0 16,2.0 19,1.0 21,1.0 43,1.0 84,1.0 91,1.0 92,1.0 217,1.0 
1,2.0 3,2.0 14,3.0 19,1.0 34,1.0 60,1.0 61,1.0 62,1.0 82,1.0 83,1.0 84,1.0 101,1.0 107,1.0 118,1.0 
1,1.0 2,1.0 15,2.0 19,1.0 27,1.0 61,1.0 73,1.0 
0,2.0 5,1.0 20,1.0 22,1.0 44,1.0 61,1.0 
1,3.0 14,1.0 17,1.0 61,2.0 102,1.0 106,1.0 
2,2.0 19,1.0 34,1.0 61,1.0 67,1.0 106,1.0 
35,1.0 79,1.0 105,1.0 179,1.0 
80,1.0 81,1.0 
19,1.0 81,1.0 
17,1.0 19,1.0 27,1.0 80,1.0 96,1.0 
1,2.0 3,1.0 16,1.0 19,1.0 22,1.0 33,2.0 84,1.0 89,1.0 90,1.0 91,1.0 
0,1.0 4,1.0 5,1.0 14,1.0 18,1.0 19,1.0 31,3.0 73,1.0 82,1.0 84,1.0 92,1.0 118,1.0 164,1.0 185,1.0 
15,1.0 17,1.0 19,1.0 33,7.0 40,1.0 45,1.0 65,2.0 69,1.0 82,2.0 90,1.0 99,1.0 
17,1.0 18,1.0 20,1.0 35,1.0 43,1.0 
19,1.0 44,1.0 
67,1.0 
16,1.0 22,1.0 
14,1.0 19,1.0 22,1.0 91,1.0 92,1.0 
3,1.0 4,1.0 16,2.0 17,1.0 22,2.0 33,1.0 45,1.0 82,1.0 89,1.0 91,1.0 142,1.0 
15,1.0 22,1.0 72,2.0 83,1.0 89,1.0 92,4.0 
5,1.0 15,2.0 17,1.0 31,2.0 72,1.0 83,1.0 132,1.0 133,1.0 137,1.0 141,1.0 169,1.0 196,1.0 
0,1.0 2,1.0 4,1.0 18,1.0 44,1.0 67,3.0 72,1.0 91,1.0 92,1.0 94,1.0 96,1.0 105,1.0 151,2.0 181,1.0 190,1.0 
0,2.0 16,1.0 27,1.0 93,2.0 113,1.0 142,1.0 
0,1.0 3,1.0 21,1.0 27,1.0 43,1.0 45,1.0 106,1.0 
2,1.0 9,1.0 17,1.0 27,1.0 31,1.0 67,1.0 81,1.0 93,1.0 111,1.0 
18,1.0 84,1.0 
0,1.0 61,1.0 
33,1.0 43,1.0 
18,1.0 27,1.0 
16,1.0 21,1.0 43,1.0 112,1.0 
0,1.0 1,1.0 4,1.0 76,1.0 
27,1.0 
5,1.0 21,1.0 
16,1.0 31,1.0 37,1.0 44,1.0 93,1.0 96,1.0 110,1.0 151,1.0 154,1.0 181,1.0 
0,1.0 1,2.0 3,1.0 4,1.0 14,1.0 17,1.0 34,1.0 40,1.0 67,1.0 76,1.0 77,1.0 95,1.0 
1,1.0 15,1.0 19,1.0 34,1.0 60,1.0 62,1.0 73,1.0 101,1.0 
40,1.0 109,1.0 
37,1.0 110,1.0 
9,1.0 37,2.0 96,1.0 105,1.0 111,1.0 
1,1.0 9,2.0 34,1.0 37,1.0 60,1.0 62,1.0 73,1.0 105,1.0 107,1.0 110,1.0 
76,1.0 94,1.0 102,1.0 142,1.0 
0,1.0 1,1.0 2,1.0 16,1.0 45,1.0 106,1.0 
0,1.0 18,2.0 19,1.0 115,1.0 
1,1.0 2,3.0 16,1.0 17,1.0 19,2.0 
117,1.0 
1,1.0 
0,2.0 18,1.0 31,1.0 83,1.0 
1,1.0 19,1.0 
1,2.0 15,1.0 35,1.0 44,1.0 45,3.0 62,1.0 65,1.0 
0,2.0 1,1.0 2,1.0 14,2.0 16,1.0 83,1.0 118,1.0 
2,1.0 17,1.0 60,1.0 
0,1.0 
39,1.0 
3,1.0 126,2.0 
15,1.0 125,1.0 
5,1.0 18,1.0 22,1.0 62,1.0 
21,1.0 45,5.0 67,3.0 129,6.0 134,2.0 136,1.0 184,2.0 191,1.0 229,4.0 230,5.0 
0,1.0 2,1.0 14,1.0 18,1.0 44,1.0 45,5.0 61,1.0 67,1.0 128,6.0 132,1.0 134,2.0 136,2.0 137,1.0 138,3.0 141,1.0 146,1.0 179,1.0 184,4.0 196,1.0 229,4.0 230,5.0 
12,1.0 14,1.0 61,1.0 131,2.0 
0,1.0 5,1.0 12,1.0 14,1.0 20,1.0 61,1.0 67,1.0 130,2.0 132,1.0 137,1.0 165,3.0 218,1.0 234,1.0 
4,1.0 18,1.0 33,1.0 43,1.0 44,1.0 45,5.0 131,1.0 133,2.0 136,1.0 137,8.0 141,2.0 146,1.0 165,1.0 169,1.0 180,1.0 189,1.0 196,2.0 198,1.0 218,1.0 232,1.0 233,1.0 234,1.0 235,1.0 
0,1.0 31,1.0 44,1.0 45,3.0 48,1.0 59,1.0 61,1.0 67,1.0 132,2.0 137,2.0 141,2.0 169,4.0 196,2.0 198,5.0 208,1.0 209,1.0 212,1.0 213,1.0 232,2.0 233,2.0 236,1.0 237,1.0 238,1.0 239,1.0 
8,1.0 14,1.0 16,1.0 43,1.0 45,2.0 61,1.0 67,1.0 128,2.0 129,2.0 135,1.0 136,7.0 142,1.0 163,1.0 177,1.0 184,1.0 199,1.0 228,1.0 229,1.0 230,1.0 
2,1.0 134,1.0 136,1.0 163,1.0 228,1.0 
2,2.0 3,1.0 14,1.0 44,1.0 45,1.0 61,1.0 67,1.0 128,1.0 129,1.0 132,1.0 134,7.0 135,1.0 137,1.0 141,1.0 142,1.0 146,4.0 163,1.0 177,1.0 182,1.0 196,1.0 199,1.0 228,1.0 229,1.0 231,1.0 235,1.0 
12,1.0 15,1.0 17,1.0 18,1.0 21,1.0 43,1.0 44,1.0 45,3.0 131,1.0 132,8.0 133,2.0 136,1.0 141,2.0 146,1.0 161,1.0 164,1.0 165,1.0 169,1.0 180,1.0 187,2.0 196,2.0 198,1.0 218,1.0 232,1.0 233,1.0 234,1.0 235,1.0 
0,1.0 2,1.0 3,1.0 12,1.0 14,1.0 15,1.0 18,1.0 44,1.0 61,2.0 129,3.0 143,3.0 144,1.0 179,1.0 186,1.0 
4,1.0 8,1.0 14,2.0 140,8.0 
4,1.0 8,1.0 16,3.0 139,7.0 
4,1.0 14,1.0 15,1.0 27,1.0 45,3.0 132,2.0 133,2.0 136,1.0 137,2.0 146,1.0 169,2.0 196,4.0 221,2.0 232,1.0 233,1.0 235,1.0 
0,1.0 3,2.0 17,1.0 27,25.0 35,1.0 63,1.0 74,1.0 95,1.0 158,1.0 207,1.0 
2,1.0 3,1.0 14,1.0 15,1.0 61,1.0 138,3.0 144,1.0 
3,1.0 14,1.0 16,1.0 45,1.0 
14,1.0 15,1.0 146,1.0 
2,1.0 3,1.0 14,1.0 15,1.0 44,1.0 132,1.0 136,4.0 137,1.0 141,1.0 145,1.0 182,1.0 196,1.0 231,1.0 235,1.0 
27,2.0 38,1.0 44,1.0 64,2.0 148,1.0 149,1.0 150,1.0 164,1.0 182,1.0 224,1.0 
27,1.0 38,1.0 64,1.0 147,1.0 149,1.0 150,1.0 
27,1.0 38,1.0 64,1.0 147,1.0 148,1.0 150,1.0 
17,1.0 27,1.0 38,1.0 64,1.0 147,1.0 148,1.0 149,1.0 187,1.0 
4,1.0 44,1.0 67,1.0 93,2.0 180,1.0 
5,1.0 153,1.0 
5,1.0 105,1.0 154,1.0 
3,1.0 14,1.0 31,1.0 105,1.0 
21,1.0 70,1.0 156,1.0 157,1.0 
2,1.0 3,1.0 45,1.0 157,2.0 164,1.0 
2,1.0 3,1.0 31,1.0 45,1.0 84,1.0 156,2.0 
27,1.0 45,1.0 67,1.0 
44,1.0 160,1.0 
67,1.0 
16,1.0 35,1.0 78,1.0 142,1.0 162,1.0 
2,1.0 16,1.0 61,1.0 142,1.0 161,1.0 
43,2.0 61,1.0 64,1.0 156,1.0 
5,1.0 12,2.0 13,2.0 20,1.0 31,14.0 40,1.0 64,1.0 157,1.0 195,1.0 205,1.0 225,1.0 
5,1.0 20,1.0 67,1.0 131,3.0 132,1.0 137,1.0 218,1.0 234,1.0 
3,1.0 17,1.0 142,2.0 
67,1.0 
16,1.0 45,1.0 
5,1.0 20,1.0 45,2.0 61,1.0 67,1.0 132,1.0 133,4.0 137,1.0 141,2.0 196,2.0 232,1.0 233,1.0 
2,1.0 67,1.0 
61,1.0 
14,1.0 67,1.0 
0,1.0 61,1.0 
18,1.0 44,1.0 
67,1.0 
16,1.0 61,1.0 
178,1.0 
61,1.0 164,1.0 
11,1.0 35,1.0 43,11.0 
12,1.0 13,1.0 44,8.0 63,1.0 93,1.0 105,1.0 199,1.0 
61,5.0 
62,1.0 64,1.0 67,4.0 199,1.0 
0,1.0 3,1.0 
2,1.0 45,2.0 128,2.0 129,4.0 132,1.0 134,1.0 136,1.0 137,1.0 141,1.0 146,1.0 196,1.0 230,2.0 
5,1.0 31,1.0 83,1.0 
12,1.0 138,1.0 
17,2.0 137,2.0 150,1.0 161,1.0 164,1.0 
65,1.0 84,1.0 
45,1.0 132,1.0 
72,1.0 91,1.0 
67,1.0 128,1.0 
45,1.0 
4,1.0 18,1.0 68,1.0 
1,1.0 14,2.0 45,1.0 67,1.0 
0,1.0 3,1.0 14,1.0 31,1.0 44,1.0 
4,1.0 45,2.0 61,1.0 132,2.0 133,2.0 136,1.0 137,2.0 141,4.0 146,1.0 169,2.0 197,1.0 232,1.0 233,1.0 235,1.0 
61,1.0 196,1.0 
31,1.0 44,1.0 45,1.0 48,1.0 59,1.0 132,1.0 133,5.0 137,1.0 208,1.0 209,1.0 212,1.0 213,1.0 232,1.0 233,1.0 236,1.0 237,1.0 238,1.0 239,1.0 
44,1.0 61,1.0 63,1.0 67,1.0 134,1.0 136,1.0 179,1.0 226,1.0 
16,1.0 61,1.0 69,1.0 
61,1.0 
14,1.0 44,1.0 
14,1.0 67,1.0 
164,1.0 
31,1.0 142,1.0 
142,1.0 
27,1.0 45,1.0 
45,1.0 48,1.0 209,1.0 212,1.0 213,1.0 236,1.0 237,1.0 238,1.0 239,1.0 
45,1.0 48,1.0 208,1.0 212,1.0 213,1.0 236,1.0 237,1.0 238,1.0 239,1.0 
4,1.0 67,1.0 
31,1.0 
44,1.0 48,1.0 208,1.0 209,1.0 213,1.0 236,1.0 237,1.0 238,1.0 239,1.0 
2,1.0 48,1.0 208,1.0 209,1.0 212,1.0 214,1.0 236,1.0 237,1.0 238,1.0 239,1.0 
43,1.0 
0,1.0 2,1.0 
19,1.0 72,1.0 217,1.0 
2,1.0 4,1.0 19,1.0 72,1.0 112,1.0 
129,1.0 184,1.0 195,1.0 234,1.0 
22,1.0 62,1.0 127,1.0 
3,1.0 154,1.0 
14,1.0 15,1.0 45,1.0 141,2.0 
14,1.0 15,1.0 223,1.0 
14,1.0 15,1.0 222,1.0 
15,1.0 64,1.0 
12,1.0 64,1.0 179,1.0 
45,1.0 227,5.0 
4,1.0 128,1.0 129,1.0 134,1.0 135,1.0 136,1.0 141,1.0 196,1.0 217,1.0 228,1.0 229,1.0 230,1.0 
134,1.0 135,1.0 136,1.0 163,1.0 
45,3.0 67,1.0 128,4.0 129,4.0 134,1.0 136,1.0 230,3.0 
45,4.0 67,1.0 128,5.0 129,5.0 134,1.0 184,2.0 229,3.0 
136,1.0 146,1.0 180,1.0 182,1.0 
45,2.0 132,1.0 133,2.0 137,1.0 141,1.0 169,1.0 196,1.0 198,1.0 233,2.0 
45,2.0 132,1.0 133,2.0 137,1.0 141,1.0 169,1.0 196,1.0 198,1.0 232,2.0 
129,1.0 184,1.0 218,1.0 
133,1.0 198,1.0 
48,1.0 208,1.0 209,1.0 212,1.0 213,1.0 237,1.0 238,1.0 239,1.0 
48,1.0 208,1.0 209,1.0 212,1.0 213,1.0 236,1.0 238,1.0 239,1.0 
48,1.0 208,1.0 209,1.0 212,1.0 213,1.0 236,1.0 237,1.0 239,1.0 
48,1.0 208,1.0 209,1.0 212,1.0 213,1.0 236,1.0 237,1.0 238,1.0 
