1,7.0 2,6.0 3,5.0 4,2.0 7,1.0 15,1.0 20,3.0 27,1.0 39,1.0 55,1.0 57,1.0 67,2.0 112,1.0 117,1.0 122,2.0 142,1.0 147,1.0 157,1.0 159,1.0 170,1.0 199,1.0 
0,7.0 2,9.0 3,6.0 4,6.0 5,1.0 6,7.0 7,1.0 11,4.0 12,2.0 20,2.0 27,2.0 39,2.0 55,1.0 57,1.0 67,1.0 69,1.0 83,1.0 93,1.0 142,1.0 143,1.0 145,1.0 146,2.0 147,1.0 159,1.0 
0,7.0 1,7.0 3,42.0 4,17.0 6,2.0 7,16.0 10,1.0 11,14.0 12,7.0 13,6.0 15,3.0 19,2.0 20,5.0 21,1.0 23,1.0 24,2.0 25,1.0 26,2.0 27,15.0 29,10.0 32,11.0 33,1.0 34,2.0 36,1.0 44,2.0 45,1.0 48,2.0 55,16.0 56,1.0 57,7.0 62,14.0 67,1.0 68,1.0 69,1.0 78,1.0 79,1.0 80,2.0 81,1.0 83,5.0 85,2.0 87,2.0 88,1.0 93,1.0 100,1.0 108,1.0 110,1.0 117,1.0 118,1.0 119,1.0 140,1.0 145,1.0 147,1.0 148,1.0 149,1.0 154,1.0 156,1.0 165,1.0 172,1.0 173,1.0 174,2.0 188,1.0 189,1.0 
0,3.0 1,2.0 2,1.0 4,18.0 5,3.0 7,13.0 11,4.0 12,5.0 13,3.0 14,1.0 15,1.0 19,2.0 20,6.0 21,1.0 22,1.0 24,2.0 26,2.0 27,3.0 29,3.0 32,1.0 34,1.0 36,1.0 55,7.0 56,1.0 57,5.0 62,1.0 67,1.0 68,1.0 69,1.0 70,1.0 81,1.0 82,1.0 83,1.0 87,2.0 88,1.0 93,1.0 127,1.0 130,1.0 147,1.0 152,1.0 154,1.0 155,1.0 156,1.0 159,2.0 172,1.0 173,2.0 174,1.0 199,1.0 
1,4.0 2,16.0 3,1.0 5,35.0 6,2.0 7,14.0 8,8.0 9,2.0 11,12.0 12,3.0 13,1.0 15,9.0 16,7.0 17,3.0 19,2.0 20,3.0 26,10.0 28,1.0 29,7.0 32,10.0 34,5.0 35,1.0 36,1.0 41,1.0 42,1.0 43,1.0 44,1.0 46,2.0 48,4.0 49,1.0 53,1.0 55,4.0 56,1.0 62,2.0 69,1.0 77,2.0 80,2.0 82,1.0 83,5.0 85,2.0 86,2.0 87,1.0 88,3.0 93,3.0 94,3.0 95,1.0 97,1.0 99,1.0 101,2.0 112,1.0 114,1.0 122,1.0 140,2.0 141,2.0 146,3.0 154,2.0 155,1.0 160,1.0 161,1.0 164,1.0 167,1.0 168,1.0 169,1.0 173,2.0 175,1.0 177,1.0 182,1.0 184,2.0 185,1.0 
1,2.0 2,15.0 4,1.0 6,2.0 7,5.0 8,6.0 11,10.0 12,4.0 13,1.0 15,3.0 16,5.0 17,1.0 18,1.0 19,1.0 20,2.0 21,1.0 22,1.0 24,1.0 26,3.0 27,2.0 32,4.0 35,1.0 44,1.0 50,1.0 53,1.0 54,1.0 55,6.0 56,1.0 58,2.0 59,11.0 60,1.0 62,2.0 69,2.0 70,1.0 77,2.0 78,3.0 80,3.0 82,1.0 83,2.0 87,1.0 94,1.0 95,1.0 101,1.0 130,2.0 131,1.0 141,1.0 146,3.0 147,1.0 158,1.0 171,2.0 175,1.0 185,1.0 186,1.0 193,1.0 
1,7.0 2,3.0 3,2.0 4,3.0 5,1.0 11,3.0 12,2.0 19,1.0 26,3.0 27,4.0 28,3.0 29,1.0 32,2.0 66,1.0 146,1.0 147,1.0 
0,1.0 1,1.0 2,18.0 4,18.0 5,9.0 6,1.0 7,1.0 8,34.0 9,2.0 11,2.0 12,1.0 13,3.0 15,4.0 16,3.0 19,8.0 20,9.0 24,1.0 26,8.0 27,12.0 28,1.0 29,4.0 30,1.0 31,1.0 32,3.0 34,3.0 39,3.0 44,2.0 45,1.0 50,2.0 51,1.0 55,9.0 62,5.0 64,1.0 65,1.0 68,3.0 72,1.0 76,1.0 77,2.0 78,4.0 79,1.0 80,2.0 81,1.0 82,2.0 83,3.0 86,2.0 91,1.0 93,1.0 94,1.0 98,1.0 114,1.0 122,2.0 124,3.0 143,1.0 146,1.0 166,1.0 173,2.0 177,1.0 178,2.0 179,1.0 193,1.0 195,1.0 201,1.0 206,1.0 
0,1.0 1,1.0 2,16.0 3,1.0 4,4.0 5,7.0 7,1.0 9,5.0 10,1.0 11,2.0 13,1.0 15,3.0 16,2.0 17,2.0 19,3.0 20,6.0 24,1.0 26,1.0 29,1.0 32,1.0 34,1.0 39,2.0 40,1.0 41,1.0 45,2.0 55,11.0 62,3.0 65,1.0 68,3.0 77,1.0 78,1.0 81,1.0 83,1.0 86,4.0 98,1.0 132,2.0 177,1.0 179,1.0 198,1.0 
4,2.0 5,4.0 8,1.0 10,1.0 11,3.0 12,2.0 15,1.0 20,10.0 36,2.0 39,6.0 40,8.0 55,3.0 57,1.0 86,3.0 112,2.0 113,1.0 117,1.0 118,1.0 126,1.0 132,1.0 147,2.0 157,1.0 203,1.0 204,1.0 
5,1.0 9,1.0 10,1.0 19,2.0 23,3.0 34,1.0 71,1.0 91,3.0 120,4.0 125,1.0 144,1.0 145,2.0 150,3.0 151,1.0 
1,5.0 2,12.0 3,6.0 4,9.0 6,3.0 7,6.0 9,2.0 12,27.0 13,3.0 15,14.0 16,1.0 17,1.0 19,6.0 20,2.0 23,3.0 26,8.0 27,11.0 28,1.0 29,2.0 34,3.0 35,1.0 36,1.0 39,1.0 40,1.0 44,2.0 45,3.0 47,1.0 48,4.0 49,1.0 50,3.0 52,2.0 55,2.0 56,2.0 60,1.0 66,1.0 67,1.0 73,1.0 74,1.0 75,1.0 78,1.0 80,2.0 82,1.0 88,1.0 89,1.0 90,1.0 93,2.0 101,1.0 115,1.0 126,1.0 127,1.0 133,1.0 145,1.0 
0,1.0 1,1.0 2,8.0 3,4.0 4,9.0 6,1.0 7,5.0 11,1.0 15,13.0 16,4.0 17,1.0 19,3.0 20,2.0 23,1.0 26,2.0 27,3.0 29,2.0 35,1.0 41,1.0 44,2.0 45,3.0 47,2.0 48,4.0 49,1.0 50,1.0 51,14.0 52,2.0 53,2.0 54,1.0 55,4.0 61,1.0 66,1.0 67,2.0 72,1.0 78,3.0 79,2.0 82,3.0 83,2.0 84,1.0 91,2.0 116,1.0 117,1.0 118,1.0 119,1.0 145,1.0 154,1.0 158,2.0 
2,3.0 3,1.0 5,1.0 7,4.0 8,1.0 11,5.0 12,4.0 14,1.0 15,3.0 16,1.0 19,1.0 20,3.0 24,11.0 29,1.0 33,1.0 36,2.0 37,1.0 38,1.0 39,1.0 42,1.0 55,13.0 57,6.0 61,1.0 62,2.0 84,1.0 192,1.0 
11,1.0 12,1.0 13,2.0 15,1.0 126,1.0 
1,3.0 2,5.0 4,7.0 5,5.0 6,1.0 7,2.0 8,1.0 9,1.0 11,10.0 12,1.0 13,3.0 14,1.0 16,25.0 17,1.0 19,8.0 20,2.0 21,1.0 22,1.0 23,3.0 24,1.0 26,3.0 27,5.0 28,1.0 32,5.0 34,3.0 44,1.0 45,4.0 47,2.0 49,1.0 50,1.0 59,1.0 62,3.0 69,1.0 75,1.0 76,1.0 77,3.0 78,5.0 79,1.0 85,1.0 90,1.0 100,1.0 109,1.0 110,1.0 111,1.0 152,1.0 173,1.0 174,1.0 
1,3.0 2,6.0 4,3.0 5,5.0 6,3.0 7,3.0 9,3.0 11,10.0 12,3.0 13,1.0 15,1.0 19,7.0 20,5.0 23,3.0 26,4.0 27,3.0 32,1.0 33,1.0 34,1.0 35,1.0 40,1.0 44,1.0 45,4.0 46,15.0 47,2.0 48,4.0 49,2.0 50,1.0 55,2.0 58,1.0 62,5.0 63,2.0 69,1.0 70,1.0 75,1.0 76,1.0 77,4.0 78,3.0 79,1.0 80,2.0 81,1.0 85,1.0 93,2.0 94,1.0 99,1.0 100,1.0 126,1.0 147,1.0 173,1.0 174,1.0 
2,1.0 4,2.0 5,1.0 15,2.0 16,1.0 18,1.0 19,3.0 20,1.0 32,1.0 41,4.0 42,3.0 43,1.0 55,2.0 57,1.0 73,1.0 101,1.0 109,1.0 113,1.0 174,1.0 
16,1.0 17,1.0 
2,3.0 4,1.0 6,1.0 7,8.0 8,3.0 9,1.0 11,6.0 12,4.0 13,1.0 15,5.0 16,3.0 17,2.0 20,22.0 23,1.0 24,1.0 25,1.0 26,2.0 28,1.0 29,2.0 31,2.0 32,3.0 34,5.0 36,1.0 37,1.0 40,3.0 41,1.0 51,1.0 61,1.0 62,7.0 66,3.0 67,1.0 72,1.0 73,4.0 74,2.0 75,2.0 76,1.0 82,2.0 83,2.0 91,1.0 92,1.0 98,1.0 109,1.0 136,1.0 143,1.0 146,1.0 150,1.0 151,1.0 152,1.0 173,3.0 174,1.0 195,1.0 202,1.0 
0,2.0 1,2.0 2,5.0 3,2.0 4,3.0 5,1.0 7,9.0 8,3.0 9,11.0 11,4.0 12,2.0 13,4.0 15,5.0 16,3.0 19,1.0 21,1.0 22,1.0 24,1.0 26,2.0 29,6.0 32,2.0 34,2.0 36,5.0 38,1.0 39,30.0 40,6.0 44,1.0 48,2.0 49,1.0 50,1.0 55,6.0 62,7.0 64,2.0 66,1.0 67,2.0 76,1.0 80,2.0 81,1.0 82,2.0 83,3.0 86,1.0 88,2.0 91,1.0 98,1.0 112,1.0 113,1.0 117,3.0 146,1.0 147,2.0 152,2.0 153,1.0 154,2.0 155,1.0 156,3.0 173,1.0 174,1.0 178,1.0 180,2.0 181,1.0 
5,1.0 15,1.0 16,1.0 22,2.0 59,1.0 119,1.0 120,1.0 
5,1.0 15,1.0 16,1.0 21,2.0 59,1.0 
2,1.0 7,1.0 11,2.0 12,1.0 15,1.0 19,8.0 24,1.0 26,1.0 29,1.0 32,1.0 34,3.0 36,1.0 52,1.0 62,1.0 71,2.0 72,1.0 92,1.0 110,1.0 112,1.0 126,1.0 150,1.0 
2,2.0 3,1.0 7,1.0 8,1.0 13,11.0 15,1.0 16,1.0 20,1.0 25,1.0 26,2.0 27,1.0 32,1.0 34,1.0 36,1.0 37,1.0 39,1.0 55,6.0 57,5.0 62,1.0 
2,1.0 24,1.0 26,1.0 32,1.0 33,1.0 34,1.0 
2,28.0 4,1.0 6,2.0 7,3.0 11,7.0 12,6.0 13,1.0 15,2.0 16,2.0 24,3.0 25,1.0 27,13.0 28,1.0 29,7.0 32,2.0 34,1.0 36,2.0 37,1.0 42,2.0 43,1.0 46,1.0 51,1.0 55,6.0 57,3.0 62,2.0 65,2.0 78,1.0 79,1.0 90,2.0 93,2.0 94,1.0 100,1.0 103,1.0 104,1.0 107,1.0 111,1.0 112,3.0 118,1.0 122,1.0 124,1.0 128,1.0 133,1.0 135,1.0 137,3.0 138,1.0 139,1.0 140,1.0 145,1.0 146,2.0 147,1.0 165,1.0 174,1.0 175,1.0 189,1.0 206,1.0 
1,2.0 2,3.0 3,2.0 4,28.0 5,2.0 6,4.0 7,10.0 8,5.0 11,2.0 12,1.0 15,6.0 16,5.0 19,1.0 20,1.0 26,8.0 28,1.0 29,1.0 30,1.0 31,2.0 32,9.0 34,3.0 36,1.0 40,2.0 42,1.0 46,1.0 48,1.0 59,1.0 60,2.0 68,3.0 69,2.0 79,1.0 83,1.0 88,1.0 89,1.0 92,1.0 93,4.0 94,2.0 97,1.0 99,1.0 100,2.0 101,1.0 111,2.0 112,1.0 120,1.0 122,2.0 125,1.0 126,1.0 127,1.0 139,1.0 140,2.0 141,1.0 144,1.0 160,1.0 163,2.0 164,1.0 167,1.0 169,1.0 174,2.0 177,1.0 206,1.0 
2,1.0 4,1.0 6,3.0 11,1.0 19,1.0 26,1.0 27,1.0 32,1.0 66,1.0 143,1.0 
1,1.0 2,2.0 4,9.0 5,4.0 6,1.0 7,19.0 12,1.0 16,1.0 19,1.0 20,6.0 26,8.0 27,2.0 32,1.0 39,3.0 40,1.0 55,1.0 62,2.0 64,4.0 73,1.0 74,1.0 76,1.0 77,1.0 93,1.0 96,1.0 112,2.0 114,1.0 124,3.0 134,1.0 135,1.0 137,1.0 138,1.0 146,1.0 165,2.0 166,1.0 
27,1.0 31,1.0 32,1.0 
15,1.0 19,1.0 20,1.0 27,2.0 30,1.0 32,2.0 34,1.0 40,2.0 126,1.0 
2,9.0 3,4.0 4,2.0 6,3.0 7,2.0 10,1.0 11,20.0 15,1.0 16,1.0 19,4.0 20,3.0 23,1.0 24,1.0 25,1.0 26,4.0 27,8.0 28,1.0 33,1.0 34,4.0 39,1.0 49,1.0 60,1.0 69,1.0 71,4.0 72,1.0 73,1.0 78,2.0 79,2.0 87,2.0 90,2.0 93,2.0 101,1.0 
12,1.0 13,1.0 25,1.0 32,1.0 34,1.0 
2,2.0 4,3.0 5,3.0 6,1.0 7,2.0 8,1.0 15,12.0 16,2.0 19,1.0 23,2.0 26,1.0 27,1.0 31,1.0 32,4.0 35,2.0 36,2.0 37,1.0 40,1.0 62,1.0 71,1.0 83,2.0 88,1.0 91,1.0 101,1.0 110,1.0 111,1.0 112,1.0 126,1.0 175,1.0 
5,1.0 12,1.0 16,2.0 23,1.0 34,1.0 101,1.0 175,1.0 
1,1.0 2,1.0 4,2.0 7,1.0 11,1.0 13,2.0 15,2.0 16,1.0 19,2.0 20,4.0 24,2.0 26,3.0 27,1.0 32,1.0 34,2.0 37,9.0 45,1.0 48,2.0 49,1.0 50,1.0 65,1.0 83,1.0 112,1.0 154,1.0 192,1.0 
1,1.0 11,1.0 15,1.0 16,1.0 17,1.0 20,3.0 27,1.0 34,1.0 36,1.0 41,1.0 42,1.0 45,1.0 48,1.0 49,1.0 65,1.0 83,1.0 88,1.0 143,1.0 154,1.0 155,1.0 
12,1.0 13,1.0 
0,1.0 1,1.0 2,2.0 4,4.0 7,4.0 8,2.0 11,1.0 12,1.0 13,2.0 15,1.0 16,2.0 19,1.0 24,2.0 26,2.0 36,7.0 44,1.0 50,1.0 55,9.0 62,1.0 64,2.0 67,2.0 81,1.0 82,2.0 83,2.0 147,2.0 152,1.0 156,1.0 178,2.0 181,1.0 
9,8.0 11,1.0 12,1.0 15,1.0 19,2.0 20,6.0 26,1.0 27,2.0 31,2.0 32,2.0 34,1.0 39,5.0 55,1.0 57,1.0 147,1.0 157,1.0 
4,1.0 5,1.0 17,4.0 19,1.0 20,1.0 42,1.0 43,1.0 55,1.0 57,1.0 
2,1.0 9,1.0 13,1.0 15,1.0 17,2.0 26,2.0 27,1.0 41,1.0 43,7.0 55,4.0 62,1.0 101,2.0 113,1.0 130,1.0 140,1.0 
2,1.0 9,1.0 13,1.0 15,1.0 24,1.0 26,1.0 40,1.0 42,1.0 55,4.0 78,1.0 124,1.0 130,1.0 
2,3.0 3,1.0 4,2.0 7,2.0 8,1.0 11,2.0 12,3.0 15,1.0 36,1.0 51,1.0 52,3.0 65,1.0 146,2.0 147,1.0 
2,1.0 3,1.0 4,1.0 11,4.0 12,3.0 15,2.0 16,3.0 20,1.0 46,1.0 47,5.0 51,1.0 55,2.0 57,1.0 67,1.0 68,1.0 117,1.0 182,1.0 
2,3.0 4,1.0 5,2.0 9,2.0 11,1.0 12,2.0 16,1.0 19,1.0 20,5.0 26,1.0 40,2.0 47,1.0 48,1.0 58,1.0 63,2.0 81,1.0 93,1.0 94,1.0 99,1.0 147,1.0 180,1.0 182,1.0 
7,1.0 11,2.0 12,1.0 15,2.0 16,3.0 20,1.0 46,1.0 51,1.0 57,1.0 67,1.0 75,1.0 76,1.0 77,2.0 78,1.0 100,1.0 
2,2.0 3,2.0 4,3.0 5,2.0 11,1.0 12,2.0 14,1.0 15,1.0 16,3.0 19,1.0 20,2.0 36,1.0 39,1.0 42,1.0 46,2.0 49,6.0 52,1.0 55,2.0 57,1.0 67,1.0 85,3.0 91,2.0 92,1.0 93,2.0 94,1.0 99,2.0 114,1.0 115,1.0 121,1.0 140,1.0 141,1.0 174,2.0 182,1.0 183,1.0 184,1.0 185,1.0 190,1.0 
4,1.0 5,1.0 11,2.0 12,1.0 16,2.0 20,1.0 32,1.0 39,1.0 46,2.0 48,6.0 55,1.0 57,1.0 90,1.0 
2,1.0 7,3.0 8,1.0 11,2.0 12,1.0 20,1.0 55,3.0 57,1.0 59,1.0 64,1.0 75,1.0 
0,2.0 1,2.0 2,2.0 4,2.0 7,1.0 11,1.0 12,1.0 13,1.0 16,4.0 19,1.0 23,1.0 26,1.0 47,1.0 48,2.0 49,2.0 52,1.0 55,2.0 61,1.0 67,2.0 84,1.0 
4,3.0 12,1.0 15,1.0 19,1.0 23,1.0 51,1.0 78,2.0 79,1.0 83,1.0 85,1.0 92,2.0 97,1.0 124,1.0 126,1.0 127,1.0 147,1.0 184,1.0 
12,2.0 51,1.0 54,1.0 116,1.0 
12,1.0 51,1.0 53,1.0 
0,2.0 1,1.0 2,14.0 3,9.0 4,4.0 5,1.0 7,12.0 8,1.0 9,2.0 10,1.0 11,3.0 12,3.0 13,11.0 15,1.0 16,2.0 17,2.0 19,3.0 20,6.0 24,5.0 26,5.0 27,1.0 29,5.0 32,1.0 40,1.0 41,1.0 42,4.0 44,1.0 45,2.0 47,1.0 48,2.0 49,1.0 50,2.0 56,2.0 57,33.0 62,1.0 64,1.0 65,1.0 66,1.0 69,1.0 70,1.0 75,1.0 78,1.0 80,4.0 81,1.0 84,2.0 85,1.0 101,1.0 130,2.0 131,1.0 137,1.0 145,2.0 152,1.0 154,1.0 156,2.0 158,1.0 178,1.0 179,1.0 
11,2.0 12,1.0 15,1.0 16,1.0 20,1.0 55,2.0 57,1.0 127,1.0 142,1.0 
0,1.0 1,1.0 2,5.0 3,7.0 4,2.0 5,1.0 7,13.0 8,2.0 11,2.0 12,2.0 16,1.0 20,5.0 27,2.0 29,1.0 32,1.0 42,5.0 44,2.0 47,1.0 48,1.0 62,2.0 64,1.0 65,1.0 66,1.0 78,1.0 80,2.0 81,1.0 85,1.0 101,1.0 131,1.0 179,1.0 
2,1.0 5,2.0 59,1.0 60,1.0 
0,1.0 2,2.0 4,1.0 5,1.0 8,1.0 9,1.0 12,3.0 27,1.0 50,1.0 55,2.0 60,1.0 78,1.0 79,1.0 80,1.0 86,1.0 131,1.0 147,2.0 154,2.0 158,2.0 170,1.0 
2,1.0 4,1.0 27,2.0 59,1.0 122,1.0 160,1.0 
7,1.0 36,1.0 51,1.0 192,1.0 
2,14.0 3,6.0 4,2.0 7,2.0 10,1.0 11,1.0 13,2.0 15,1.0 16,4.0 19,5.0 20,1.0 24,1.0 27,1.0 29,4.0 42,1.0 43,1.0 46,2.0 55,14.0 63,2.0 69,1.0 75,1.0 79,1.0 101,1.0 102,1.0 114,1.0 117,1.0 148,1.0 149,1.0 150,2.0 151,1.0 152,2.0 153,1.0 163,1.0 176,1.0 
2,2.0 46,2.0 
4,2.0 8,2.0 26,1.0 39,2.0 57,1.0 76,1.0 
3,1.0 8,1.0 11,1.0 27,1.0 37,1.0 57,1.0 
2,1.0 7,1.0 10,1.0 19,3.0 27,1.0 31,1.0 40,1.0 57,1.0 62,1.0 67,3.0 120,1.0 126,1.0 146,2.0 147,1.0 
0,2.0 1,1.0 7,1.0 8,1.0 9,1.0 13,1.0 19,3.0 20,2.0 31,1.0 40,1.0 48,1.0 56,1.0 98,1.0 114,2.0 117,1.0 142,7.0 172,2.0 173,2.0 190,1.0 192,1.0 
3,1.0 5,1.0 8,3.0 15,1.0 29,1.0 34,1.0 
8,1.0 23,2.0 26,1.0 27,1.0 32,3.0 70,2.0 71,5.0 72,2.0 83,1.0 98,1.0 124,1.0 205,1.0 
23,1.0 32,1.0 69,2.0 71,2.0 72,2.0 
7,1.0 10,2.0 11,2.0 19,2.0 23,2.0 27,1.0 29,1.0 32,3.0 34,1.0 69,1.0 72,2.0 73,1.0 91,1.0 125,1.0 126,1.0 
11,1.0 12,2.0 19,1.0 23,1.0 32,1.0 67,1.0 71,2.0 72,1.0 119,2.0 158,2.0 195,1.0 
17,1.0 19,3.0 20,1.0 29,1.0 62,1.0 64,1.0 74,2.0 174,1.0 
19,1.0 20,1.0 29,1.0 64,1.0 73,2.0 
7,1.0 11,1.0 12,1.0 15,1.0 16,1.0 19,2.0 20,1.0 34,1.0 47,1.0 50,1.0 76,2.0 77,1.0 78,1.0 100,1.0 
7,1.0 8,1.0 16,1.0 20,1.0 32,1.0 34,1.0 64,1.0 100,1.0 
5,1.0 7,2.0 12,1.0 15,4.0 16,6.0 46,2.0 47,2.0 62,1.0 75,1.0 76,1.0 78,4.0 100,1.0 
1,1.0 2,2.0 3,1.0 4,1.0 7,4.0 8,2.0 10,1.0 11,1.0 12,2.0 15,4.0 16,6.0 32,2.0 46,2.0 47,1.0 51,1.0 52,2.0 57,1.0 71,1.0 75,1.0 76,1.0 77,4.0 79,5.0 92,1.0 97,1.0 100,1.0 124,2.0 127,1.0 193,1.0 194,1.0 
7,1.0 8,1.0 11,1.0 12,1.0 15,1.0 16,1.0 19,1.0 27,1.0 32,2.0 51,1.0 52,1.0 62,1.0 78,5.0 92,1.0 93,1.0 97,1.0 
2,3.0 3,1.0 7,2.0 8,1.0 11,2.0 12,1.0 15,1.0 16,3.0 19,1.0 20,3.0 35,1.0 39,1.0 42,1.0 46,1.0 55,2.0 57,1.0 81,5.0 
2,1.0 3,1.0 8,1.0 16,1.0 19,1.0 20,1.0 39,1.0 42,1.0 46,1.0 57,1.0 
2,1.0 4,1.0 7,2.0 8,1.0 12,2.0 19,2.0 20,1.0 29,1.0 51,1.0 83,4.0 147,2.0 157,1.0 197,1.0 
2,4.0 3,2.0 4,4.0 5,2.0 7,2.0 8,2.0 11,1.0 12,1.0 15,1.0 19,2.0 20,3.0 34,2.0 39,1.0 51,1.0 69,1.0 71,2.0 82,4.0 88,5.0 93,2.0 94,1.0 95,1.0 117,1.0 126,1.0 147,1.0 157,1.0 
7,1.0 13,1.0 55,2.0 57,1.0 
2,2.0 3,1.0 4,3.0 5,1.0 26,1.0 36,1.0 48,3.0 140,2.0 141,1.0 174,2.0 184,2.0 185,1.0 
4,2.0 5,1.0 8,2.0 9,3.0 11,1.0 20,1.0 39,1.0 55,1.0 110,1.0 132,1.0 193,1.0 198,1.0 
3,2.0 5,1.0 12,1.0 26,2.0 
2,1.0 3,1.0 4,3.0 5,2.0 15,1.0 20,1.0 27,1.0 34,1.0 39,1.0 83,5.0 89,1.0 93,1.0 94,1.0 
4,1.0 27,1.0 88,1.0 
2,1.0 11,1.0 26,2.0 29,1.0 32,1.0 49,1.0 133,1.0 
3,1.0 10,2.0 32,1.0 34,1.0 48,2.0 66,1.0 92,1.0 144,2.0 145,2.0 
4,3.0 19,1.0 27,1.0 48,1.0 83,1.0 85,1.0 88,1.0 97,1.0 98,1.0 136,1.0 140,1.0 169,1.0 184,1.0 
2,1.0 4,4.0 5,1.0 16,2.0 26,2.0 27,4.0 34,1.0 46,1.0 48,2.0 52,1.0 83,2.0 88,1.0 94,5.0 95,1.0 99,2.0 101,1.0 182,1.0 183,1.0 
2,1.0 4,2.0 5,1.0 26,1.0 46,1.0 48,1.0 92,1.0 93,2.0 95,1.0 99,1.0 101,1.0 182,1.0 183,1.0 
26,1.0 52,1.0 55,1.0 78,1.0 96,1.0 127,1.0 136,1.0 137,1.0 
26,1.0 29,1.0 52,1.0 55,1.0 78,1.0 79,1.0 
4,1.0 32,1.0 92,1.0 98,1.0 
8,1.0 15,1.0 20,2.0 55,1.0 69,1.0 99,1.0 124,1.0 142,1.0 
15,1.0 47,1.0 48,2.0 75,1.0 77,1.0 78,1.0 93,2.0 94,1.0 182,1.0 183,1.0 
4,1.0 16,1.0 27,2.0 32,1.0 76,1.0 120,1.0 144,1.0 167,1.0 
20,1.0 27,1.0 29,1.0 42,2.0 43,1.0 55,1.0 62,4.0 102,1.0 163,1.0 175,2.0 176,1.0 
26,2.0 27,1.0 104,1.0 111,1.0 128,1.0 129,1.0 
13,1.0 55,1.0 104,1.0 105,1.0 106,1.0 107,1.0 108,1.0 176,1.0 
103,1.0 105,1.0 106,1.0 107,2.0 108,1.0 128,1.0 129,1.0 
0,1.0 2,1.0 106,1.0 107,1.0 108,1.0 
0,1.0 2,1.0 105,1.0 107,1.0 108,1.0 
0,1.0 2,1.0 13,1.0 24,1.0 55,1.0 105,1.0 106,1.0 108,1.0 128,1.0 175,1.0 189,1.0 
0,1.0 2,1.0 103,1.0 105,1.0 106,1.0 107,1.0 176,1.0 188,1.0 189,1.0 
15,1.0 19,1.0 
23,1.0 95,1.0 111,1.0 124,1.0 136,1.0 147,1.0 193,1.0 200,1.0 
4,1.0 23,1.0 26,1.0 27,2.0 42,1.0 102,2.0 110,1.0 112,2.0 135,1.0 139,2.0 
2,1.0 4,1.0 7,2.0 9,1.0 19,1.0 26,3.0 27,1.0 29,1.0 34,1.0 36,1.0 102,2.0 111,3.0 112,2.0 118,3.0 122,3.0 135,4.0 136,1.0 137,2.0 138,1.0 139,1.0 206,1.0 
15,1.0 17,1.0 42,1.0 114,1.0 
0,1.0 2,1.0 4,1.0 7,2.0 11,1.0 17,1.0 29,1.0 42,1.0 113,1.0 116,1.0 122,1.0 124,3.0 178,1.0 192,2.0 
48,1.0 114,1.0 
13,1.0 20,1.0 117,1.0 118,1.0 
0,1.0 9,2.0 20,3.0 26,1.0 36,2.0 67,1.0 112,1.0 118,1.0 180,1.0 191,1.0 192,1.0 207,1.0 
4,1.0 9,1.0 26,1.0 29,1.0 112,4.0 117,1.0 134,2.0 136,2.0 137,1.0 
12,1.0 21,1.0 48,1.0 67,1.0 72,1.0 120,1.0 121,1.0 158,1.0 
10,4.0 19,1.0 23,1.0 27,1.0 91,1.0 120,1.0 121,1.0 144,3.0 145,1.0 150,2.0 151,2.0 168,1.0 
12,1.0 16,1.0 19,1.0 48,1.0 119,1.0 
0,1.0 2,1.0 7,3.0 26,1.0 27,1.0 44,1.0 112,3.0 122,2.0 123,2.0 161,1.0 196,1.0 206,1.0 
7,1.0 26,1.0 44,1.0 122,1.0 
4,1.0 7,4.0 16,1.0 29,2.0 45,1.0 47,1.0 55,1.0 57,1.0 69,1.0 77,2.0 78,2.0 98,1.0 114,2.0 123,1.0 178,1.0 193,1.0 194,1.0 
4,1.0 10,1.0 23,1.0 173,1.0 190,1.0 
5,1.0 9,1.0 11,1.0 14,1.0 15,2.0 26,1.0 27,1.0 31,1.0 32,1.0 34,1.0 71,1.0 78,1.0 83,1.0 
4,1.0 11,1.0 12,1.0 27,1.0 52,1.0 56,1.0 78,1.0 97,1.0 124,1.0 
104,1.0 107,2.0 129,1.0 175,1.0 189,1.0 
104,1.0 107,1.0 128,1.0 
5,2.0 8,1.0 55,2.0 57,1.0 59,1.0 131,2.0 147,1.0 
8,1.0 57,1.0 59,1.0 147,1.0 
17,1.0 41,1.0 55,2.0 
2,1.0 26,1.0 90,1.0 
26,1.0 29,1.0 112,2.0 135,1.0 137,1.0 138,1.0 
2,1.0 26,1.0 102,1.0 111,2.0 112,3.0 118,1.0 135,1.0 136,1.0 137,1.0 138,1.0 139,2.0 
26,2.0 29,2.0 55,1.0 95,1.0 96,1.0 112,1.0 118,2.0 134,1.0 137,2.0 
2,1.0 7,1.0 26,3.0 27,1.0 29,1.0 55,1.0 112,2.0 135,1.0 138,1.0 
2,1.0 26,1.0 112,1.0 135,1.0 137,1.0 
4,1.0 27,1.0 102,1.0 111,2.0 112,1.0 135,1.0 
4,2.0 5,1.0 12,1.0 27,2.0 48,1.0 85,1.0 141,2.0 184,1.0 185,1.0 186,1.0 
4,1.0 5,1.0 12,1.0 185,1.0 186,1.0 
9,2.0 11,1.0 13,1.0 20,6.0 24,1.0 40,2.0 48,1.0 49,1.0 56,1.0 98,1.0 
1,1.0 19,1.0 28,1.0 39,1.0 66,1.0 
10,1.0 66,1.0 91,1.0 120,3.0 144,1.0 145,1.0 168,2.0 
2,1.0 10,1.0 27,1.0 40,1.0 55,2.0 57,1.0 62,1.0 66,3.0 91,2.0 144,1.0 
1,2.0 2,1.0 4,2.0 6,1.0 19,1.0 26,2.0 27,1.0 29,1.0 40,1.0 44,2.0 52,1.0 66,2.0 67,1.0 92,1.0 145,1.0 147,4.0 
0,1.0 2,1.0 4,2.0 5,2.0 7,1.0 9,2.0 16,1.0 29,1.0 40,1.0 52,1.0 66,1.0 67,1.0 80,1.0 82,2.0 83,1.0 145,1.0 146,1.0 157,5.0 170,2.0 171,1.0 197,1.0 200,1.0 
19,1.0 62,1.0 149,1.0 
19,1.0 62,1.0 148,1.0 
10,2.0 15,1.0 19,1.0 23,2.0 55,1.0 62,2.0 120,1.0 151,2.0 
10,1.0 23,1.0 55,1.0 62,1.0 120,1.0 150,2.0 
7,1.0 20,1.0 39,1.0 55,2.0 57,1.0 62,2.0 153,1.0 156,2.0 
55,1.0 62,1.0 152,1.0 
2,2.0 4,2.0 5,1.0 12,1.0 20,2.0 32,1.0 39,1.0 51,1.0 55,1.0 57,1.0 155,2.0 158,2.0 
4,1.0 5,1.0 20,1.0 39,1.0 154,2.0 
7,1.0 20,2.0 36,1.0 39,1.0 55,2.0 57,1.0 152,2.0 
5,3.0 7,1.0 16,1.0 80,1.0 171,1.0 
12,2.0 51,1.0 55,1.0 57,1.0 67,1.0 72,1.0 110,1.0 119,1.0 154,2.0 193,1.0 
5,2.0 130,1.0 
4,1.0 161,1.0 
27,1.0 162,1.0 196,1.0 
27,1.0 127,1.0 
4,1.0 26,1.0 27,2.0 164,1.0 
4,1.0 26,1.0 
7,1.0 26,1.0 29,2.0 166,1.0 
7,1.0 26,1.0 
4,1.0 168,1.0 
120,1.0 144,1.0 146,1.0 
4,1.0 20,1.0 
0,1.0 7,1.0 147,2.0 157,1.0 
2,1.0 5,2.0 50,1.0 59,1.0 
56,1.0 67,2.0 114,1.0 142,1.0 
4,2.0 5,1.0 7,2.0 8,1.0 11,1.0 19,2.0 20,1.0 55,1.0 67,2.0 87,1.0 98,3.0 114,1.0 142,1.0 202,1.0 
4,2.0 13,1.0 15,1.0 19,1.0 26,1.0 27,2.0 32,1.0 36,4.0 48,2.0 85,2.0 
20,1.0 29,1.0 62,1.0 101,2.0 107,1.0 128,1.0 176,1.0 189,1.0 
13,1.0 20,1.0 29,1.0 55,1.0 62,1.0 103,1.0 
2,1.0 4,1.0 8,1.0 
7,3.0 8,1.0 15,1.0 55,1.0 57,1.0 114,1.0 124,1.0 179,2.0 
7,1.0 8,1.0 15,1.0 57,1.0 
20,2.0 26,1.0 36,1.0 39,1.0 117,1.0 181,1.0 
26,1.0 36,1.0 39,1.0 
4,1.0 45,1.0 48,1.0 93,1.0 94,1.0 99,1.0 183,1.0 201,1.0 
92,1.0 94,1.0 
4,2.0 5,1.0 48,1.0 85,2.0 140,2.0 141,1.0 185,1.0 
5,1.0 141,1.0 186,1.0 
23,1.0 187,1.0 
19,1.0 
103,1.0 108,1.0 176,1.0 189,1.0 
103,1.0 107,1.0 108,1.0 128,1.0 175,1.0 176,1.0 188,1.0 
14,1.0 48,1.0 125,1.0 
9,1.0 20,1.0 117,1.0 
0,1.0 1,1.0 13,1.0 20,1.0 36,1.0 61,1.0 67,1.0 114,2.0 117,1.0 
3,1.0 78,1.0 86,1.0 110,3.0 158,1.0 194,1.0 
3,1.0 78,1.0 193,1.0 
12,1.0 72,2.0 119,1.0 147,1.0 158,1.0 170,1.0 195,1.0 199,2.0 
27,1.0 161,1.0 
8,1.0 86,1.0 198,1.0 
8,1.0 55,1.0 86,1.0 
147,1.0 170,1.0 195,2.0 
5,1.0 147,1.0 171,1.0 
45,1.0 182,2.0 
9,1.0 203,1.0 
9,1.0 204,1.0 
205,1.0 
17,1.0 19,1.0 69,1.0 73,1.0 
2,1.0 7,1.0 27,1.0 122,1.0 
20,1.0 117,1.0 180,1.0 
