1,1.0 2,1.0 3,1.0 
0,1.0 2,2.0 3,1.0 27,2.0 29,2.0 41,1.0 42,1.0 
0,1.0 1,2.0 3,1.0 11,2.0 33,2.0 41,1.0 42,5.0 43,4.0 46,2.0 47,2.0 70,2.0 
4,1.0 5,1.0 
5,1.0 6,2.0 
4,1.0 6,5.0 22,2.0 27,4.0 29,4.0 35,2.0 41,28.0 46,2.0 47,4.0 53,2.0 55,2.0 57,2.0 58,2.0 60,7.0 61,2.0 62,4.0 75,2.0 76,2.0 93,6.0 161,2.0 168,2.0 218,2.0 220,2.0 
4,1.0 5,20.0 7,1.0 23,2.0 26,4.0 27,2.0 29,2.0 30,2.0 32,2.0 35,2.0 40,2.0 42,2.0 49,16.0 50,6.0 51,4.0 55,2.0 57,4.0 58,8.0 62,2.0 68,2.0 71,10.0 72,2.0 74,2.0 75,2.0 76,4.0 79,2.0 89,2.0 93,6.0 107,2.0 111,2.0 131,2.0 158,2.0 160,2.0 168,2.0 218,2.0 220,2.0 
8,1.0 
9,1.0 71,2.0 
10,1.0 
11,1.0 19,2.0 26,2.0 27,2.0 32,2.0 36,2.0 43,2.0 44,2.0 47,2.0 68,2.0 69,22.0 76,2.0 86,4.0 87,2.0 111,6.0 123,2.0 124,2.0 125,2.0 139,2.0 154,2.0 159,2.0 
5,2.0 12,1.0 19,4.0 25,2.0 31,4.0 32,2.0 44,2.0 46,2.0 55,6.0 57,6.0 58,2.0 62,6.0 65,2.0 69,8.0 70,34.0 72,4.0 73,2.0 74,4.0 75,2.0 93,2.0 105,2.0 116,2.0 140,2.0 156,2.0 161,2.0 214,2.0 
13,1.0 
13,2.0 14,4.0 15,4.0 16,2.0 17,1.0 72,2.0 74,2.0 
13,2.0 15,2.0 16,2.0 17,5.0 20,4.0 35,4.0 36,4.0 
13,2.0 14,2.0 16,2.0 17,1.0 33,2.0 51,2.0 69,1.0 72,2.0 79,2.0 180,2.0 222,2.0 223,2.0 
17,2.0 18,1.0 19,1.0 20,2.0 21,1.0 22,1.0 
16,1.0 18,1.0 19,1.0 20,2.0 21,2.0 22,6.0 23,1.0 24,1.0 25,5.0 36,4.0 37,4.0 39,1.0 
17,1.0 19,3.0 20,1.0 21,1.0 22,1.0 46,2.0 57,2.0 66,2.0 88,2.0 93,2.0 140,2.0 168,4.0 171,2.0 207,2.0 
10,2.0 11,2.0 17,1.0 18,5.0 20,3.0 21,1.0 22,1.0 25,2.0 29,4.0 30,2.0 42,2.0 44,2.0 46,2.0 50,2.0 55,4.0 60,2.0 73,12.0 74,4.0 76,2.0 85,2.0 112,2.0 116,6.0 120,2.0 139,2.0 140,6.0 153,4.0 164,2.0 207,2.0 
14,8.0 17,5.0 18,1.0 19,3.0 20,4.0 21,3.0 22,3.0 25,2.0 26,2.0 27,2.0 35,8.0 36,6.0 60,2.0 68,2.0 74,2.0 85,2.0 87,2.0 88,2.0 96,2.0 97,2.0 112,2.0 202,2.0 203,2.0 
17,1.0 20,1.0 21,1.0 22,4.0 23,1.0 24,1.0 25,2.0 39,1.0 
17,1.0 20,1.0 21,4.0 22,5.0 23,1.0 24,1.0 25,6.0 37,12.0 38,4.0 39,5.0 40,4.0 41,2.0 44,2.0 46,2.0 143,2.0 161,2.0 162,2.0 163,2.0 
19,2.0 20,2.0 23,1.0 24,8.0 25,1.0 26,2.0 30,2.0 32,4.0 34,14.0 41,2.0 43,2.0 46,2.0 47,2.0 50,6.0 52,2.0 53,2.0 60,3.0 62,4.0 64,2.0 65,2.0 71,2.0 72,2.0 73,4.0 75,4.0 76,2.0 81,2.0 82,2.0 87,2.0 96,2.0 111,2.0 116,2.0 169,2.0 172,2.0 191,2.0 214,2.0 
13,1.0 19,2.0 20,2.0 23,7.0 24,1.0 25,1.0 26,2.0 32,4.0 47,4.0 60,4.0 65,2.0 68,2.0 69,2.0 72,2.0 80,2.0 88,2.0 111,2.0 116,2.0 138,2.0 155,2.0 
11,2.0 17,1.0 19,4.0 20,2.0 22,8.0 23,3.0 24,3.0 37,8.0 39,1.0 43,1.0 44,2.0 45,2.0 69,1.0 85,2.0 112,2.0 118,2.0 121,2.0 122,2.0 
1,2.0 5,2.0 6,6.0 10,2.0 20,2.0 27,26.0 28,4.0 29,2.0 30,2.0 31,4.0 33,2.0 34,12.0 40,2.0 41,2.0 46,2.0 51,2.0 52,16.0 53,8.0 55,2.0 57,2.0 58,6.0 60,2.0 69,2.0 76,4.0 82,2.0 84,2.0 95,2.0 107,4.0 116,4.0 125,2.0 138,2.0 140,2.0 142,2.0 149,2.0 150,2.0 170,2.0 182,2.0 193,2.0 194,2.0 199,2.0 200,2.0 
1,2.0 5,4.0 10,2.0 19,4.0 23,2.0 26,26.0 28,6.0 29,28.0 30,4.0 31,2.0 32,4.0 33,4.0 34,8.0 40,2.0 41,4.0 42,2.0 46,4.0 47,2.0 51,2.0 52,4.0 57,6.0 60,8.0 63,2.0 67,2.0 69,2.0 71,2.0 73,2.0 76,4.0 95,2.0 107,4.0 110,2.0 116,10.0 138,4.0 139,2.0 141,2.0 153,2.0 167,2.0 173,2.0 180,2.0 181,2.0 192,2.0 209,2.0 
15,2.0 26,2.0 27,4.0 29,4.0 30,2.0 33,2.0 44,2.0 47,2.0 50,2.0 60,2.0 72,2.0 76,2.0 79,2.0 93,2.0 111,2.0 180,2.0 218,2.0 222,2.0 223,2.0 
5,2.0 6,2.0 19,4.0 22,2.0 26,2.0 27,26.0 28,2.0 30,28.0 33,6.0 34,2.0 41,4.0 42,2.0 43,4.0 44,2.0 46,2.0 50,6.0 51,2.0 57,4.0 60,12.0 63,4.0 71,4.0 73,4.0 85,2.0 93,4.0 106,2.0 107,2.0 116,4.0 128,2.0 138,2.0 139,2.0 140,4.0 141,2.0 149,2.0 150,2.0 162,2.0 163,2.0 178,2.0 179,2.0 209,2.0 210,2.0 
6,2.0 23,4.0 27,8.0 29,28.0 31,6.0 32,6.0 33,6.0 34,4.0 42,8.0 43,4.0 44,2.0 50,4.0 57,2.0 60,10.0 63,2.0 67,2.0 70,4.0 71,6.0 73,2.0 75,22.0 76,4.0 107,2.0 116,4.0 127,2.0 128,2.0 138,6.0 141,2.0 151,2.0 176,2.0 177,2.0 180,2.0 196,4.0 197,2.0 199,2.0 210,2.0 211,2.0 
6,2.0 10,4.0 11,2.0 19,2.0 26,2.0 27,2.0 28,2.0 29,2.0 30,2.0 32,8.0 33,8.0 34,2.0 36,2.0 41,2.0 42,2.0 46,2.0 50,2.0 54,2.0 57,2.0 58,2.0 60,4.0 69,6.0 71,2.0 76,2.0 98,4.0 107,2.0 116,2.0 123,2.0 129,2.0 130,2.0 138,2.0 140,2.0 141,2.0 190,2.0 
6,2.0 18,2.0 23,6.0 24,4.0 26,2.0 28,2.0 30,6.0 31,6.0 41,2.0 42,2.0 43,2.0 47,4.0 50,2.0 60,2.0 63,2.0 69,2.0 70,2.0 71,4.0 93,6.0 94,2.0 95,2.0 131,2.0 138,6.0 143,2.0 168,2.0 
2,2.0 27,4.0 29,4.0 31,4.0 32,2.0 34,10.0 40,2.0 41,2.0 42,2.0 46,6.0 47,4.0 50,6.0 51,2.0 55,4.0 57,2.0 68,2.0 73,2.0 74,2.0 75,2.0 76,4.0 92,2.0 93,4.0 114,2.0 164,2.0 167,2.0 168,2.0 183,2.0 187,2.0 215,2.0 216,2.0 
6,2.0 19,2.0 20,4.0 23,14.0 24,2.0 26,6.0 27,2.0 28,2.0 30,2.0 31,2.0 33,10.0 41,2.0 42,2.0 43,6.0 46,2.0 47,8.0 49,2.0 50,4.0 51,4.0 52,4.0 53,4.0 55,4.0 58,2.0 60,7.0 61,2.0 62,4.0 65,2.0 66,2.0 74,2.0 75,8.0 91,2.0 92,2.0 93,2.0 102,1.0 105,2.0 116,2.0 142,2.0 164,2.0 166,2.0 168,2.0 172,2.0 191,2.0 
5,2.0 6,2.0 14,4.0 17,4.0 20,4.0 36,6.0 38,2.0 50,4.0 60,2.0 116,2.0 
10,2.0 17,4.0 22,4.0 25,4.0 35,2.0 37,6.0 38,2.0 50,2.0 86,2.0 116,2.0 123,2.0 124,2.0 203,2.0 204,2.0 
22,12.0 25,4.0 35,2.0 36,2.0 37,6.0 38,6.0 39,4.0 40,4.0 124,6.0 204,2.0 
23,4.0 34,4.0 35,2.0 36,2.0 39,4.0 40,4.0 50,2.0 116,2.0 
17,1.0 23,5.0 24,1.0 25,1.0 34,4.0 38,4.0 40,4.0 
23,4.0 26,2.0 33,2.0 34,4.0 38,4.0 39,4.0 42,2.0 44,4.0 46,2.0 53,2.0 58,2.0 59,2.0 60,2.0 71,2.0 96,2.0 131,2.0 215,2.0 
2,4.0 5,11.0 6,4.0 26,2.0 27,2.0 29,6.0 30,6.0 31,2.0 35,2.0 42,36.0 43,2.0 46,2.0 47,6.0 49,8.0 58,2.0 59,2.0 61,2.0 71,2.0 72,4.0 74,2.0 75,2.0 76,6.0 78,2.0 93,2.0 94,2.0 100,2.0 112,2.0 140,2.0 174,2.0 183,2.0 207,2.0 219,2.0 
1,1.0 2,5.0 10,2.0 26,2.0 27,2.0 29,4.0 30,6.0 31,4.0 32,4.0 34,8.0 40,4.0 41,19.0 43,36.0 44,4.0 47,4.0 50,2.0 54,2.0 58,6.0 59,2.0 62,2.0 66,2.0 72,2.0 74,4.0 75,2.0 77,2.0 78,2.0 86,2.0 94,2.0 96,2.0 100,2.0 103,2.0 104,2.0 112,2.0 113,2.0 140,2.0 153,2.0 183,2.0 185,2.0 196,2.0 207,2.0 
1,1.0 2,1.0 5,2.0 6,4.0 10,2.0 19,2.0 25,2.0 26,2.0 27,2.0 29,6.0 30,2.0 32,2.0 41,2.0 42,15.0 44,30.0 45,4.0 50,2.0 54,2.0 57,2.0 58,4.0 59,2.0 62,4.0 66,2.0 69,2.0 72,2.0 74,2.0 76,8.0 77,2.0 93,2.0 107,2.0 116,2.0 185,2.0 186,2.0 196,2.0 208,2.0 212,2.0 221,2.0 
10,4.0 11,4.0 19,4.0 25,2.0 27,4.0 30,2.0 33,2.0 34,2.0 40,2.0 41,2.0 42,2.0 43,14.0 45,4.0 46,4.0 55,24.0 56,2.0 59,4.0 62,2.0 69,8.0 72,4.0 96,2.0 111,2.0 115,2.0 116,2.0 118,2.0 131,2.0 143,2.0 159,2.0 171,2.0 199,2.0 201,2.0 208,2.0 212,2.0 214,2.0 
25,2.0 44,4.0 46,2.0 118,2.0 
2,2.0 5,2.0 18,2.0 19,4.0 22,2.0 26,2.0 29,2.0 30,4.0 31,2.0 33,4.0 41,2.0 43,2.0 44,2.0 47,2.0 48,2.0 49,2.0 51,2.0 52,2.0 57,4.0 60,2.0 68,2.0 69,2.0 70,2.0 72,2.0 75,2.0 88,4.0 115,2.0 116,2.0 119,2.0 141,2.0 152,4.0 153,2.0 161,2.0 183,2.0 185,4.0 186,2.0 216,2.0 217,2.0 
5,2.0 10,2.0 11,6.0 13,2.0 19,2.0 20,2.0 23,4.0 24,4.0 27,2.0 32,2.0 33,2.0 34,8.0 41,2.0 42,4.0 43,4.0 46,2.0 48,2.0 50,2.0 55,2.0 60,8.0 62,8.0 63,2.0 64,2.0 70,6.0 72,4.0 76,2.0 87,2.0 93,2.0 96,2.0 138,4.0 146,2.0 147,2.0 
27,2.0 42,2.0 120,2.0 
6,6.0 32,2.0 35,2.0 41,4.0 57,2.0 59,2.0 60,6.0 68,2.0 70,2.0 71,2.0 76,4.0 79,2.0 93,2.0 101,2.0 103,2.0 111,2.0 143,4.0 157,2.0 160,2.0 
6,2.0 11,2.0 15,2.0 19,4.0 23,8.0 27,2.0 29,4.0 30,4.0 33,6.0 34,2.0 43,2.0 44,2.0 47,2.0 51,4.0 53,2.0 58,6.0 60,4.0 66,4.0 68,2.0 72,2.0 73,4.0 76,4.0 80,2.0 81,2.0 90,2.0 93,4.0 99,2.0 100,2.0 106,2.0 116,4.0 140,2.0 150,2.0 151,2.0 166,4.0 169,2.0 173,2.0 177,2.0 205,2.0 
15,2.0 24,2.0 26,2.0 33,4.0 34,4.0 40,2.0 42,4.0 46,2.0 50,4.0 52,2.0 60,2.0 66,2.0 68,4.0 72,4.0 80,2.0 100,2.0 107,2.0 108,2.0 160,2.0 215,2.0 
6,2.0 26,14.0 27,4.0 34,4.0 50,2.0 53,8.0 57,2.0 61,2.0 62,2.0 71,2.0 76,6.0 82,2.0 109,2.0 110,2.0 150,2.0 173,2.0 190,2.0 198,2.0 199,2.0 
5,2.0 19,2.0 20,2.0 23,2.0 26,4.0 34,2.0 41,2.0 50,2.0 52,6.0 57,4.0 58,2.0 60,2.0 61,12.0 64,2.0 72,2.0 76,4.0 138,2.0 182,2.0 183,2.0 
31,2.0 43,2.0 44,2.0 57,2.0 58,2.0 
5,2.0 11,8.0 19,2.0 26,2.0 30,2.0 31,2.0 34,4.0 41,2.0 42,2.0 44,20.0 51,2.0 56,2.0 57,6.0 60,4.0 69,4.0 70,4.0 71,2.0 72,4.0 73,2.0 75,22.0 111,2.0 116,6.0 125,2.0 141,2.0 152,2.0 153,2.0 161,4.0 171,2.0 176,2.0 199,2.0 200,2.0 201,2.0 214,2.0 
31,2.0 55,2.0 
5,4.0 6,2.0 11,6.0 19,2.0 26,2.0 27,2.0 30,4.0 31,4.0 34,2.0 41,4.0 43,4.0 46,4.0 47,2.0 49,2.0 52,2.0 53,4.0 54,2.0 58,2.0 60,6.0 61,4.0 70,6.0 72,6.0 73,2.0 75,8.0 76,6.0 88,2.0 100,2.0 117,2.0 183,2.0 185,4.0 198,2.0 221,2.0 
5,4.0 6,4.0 8,2.0 26,2.0 29,2.0 31,2.0 32,4.0 41,2.0 42,2.0 43,4.0 44,2.0 50,4.0 53,2.0 61,2.0 70,4.0 71,4.0 72,2.0 75,2.0 93,6.0 95,2.0 98,2.0 116,2.0 130,2.0 141,2.0 142,2.0 144,4.0 145,2.0 149,2.0 150,2.0 151,2.0 
40,2.0 43,2.0 44,2.0 49,2.0 60,2.0 76,2.0 96,2.0 131,2.0 
5,2.0 19,4.0 20,2.0 23,6.0 24,4.0 26,2.0 27,8.0 28,2.0 29,10.0 30,4.0 31,4.0 32,6.0 34,9.0 41,2.0 43,4.0 46,4.0 47,6.0 50,4.0 51,2.0 57,6.0 61,2.0 62,6.0 64,2.0 68,2.0 70,2.0 71,2.0 72,2.0 73,2.0 75,2.0 76,6.0 78,2.0 87,2.0 88,2.0 89,2.0 90,4.0 91,2.0 93,6.0 94,2.0 96,2.0 99,2.0 103,2.0 116,2.0 138,8.0 140,2.0 141,2.0 148,2.0 155,2.0 175,2.0 179,2.0 211,2.0 214,2.0 
5,2.0 41,2.0 42,2.0 52,2.0 53,6.0 57,4.0 60,2.0 62,4.0 117,2.0 138,2.0 140,2.0 183,8.0 184,2.0 198,2.0 
5,4.0 11,4.0 23,4.0 24,2.0 27,2.0 28,2.0 29,2.0 34,2.0 41,2.0 43,2.0 44,2.0 47,4.0 52,2.0 60,4.0 63,2.0 64,2.0 65,6.0 66,4.0 67,2.0 69,2.0 70,6.0 71,4.0 72,2.0 93,4.0 111,2.0 116,2.0 147,2.0 148,2.0 210,2.0 
18,2.0 23,2.0 26,2.0 27,4.0 29,2.0 32,2.0 33,2.0 34,2.0 47,2.0 50,2.0 62,2.0 64,4.0 93,2.0 168,2.0 
23,4.0 26,2.0 33,2.0 34,2.0 47,2.0 50,2.0 62,2.0 63,4.0 72,2.0 73,2.0 76,2.0 182,2.0 214,2.0 
11,2.0 24,2.0 58,2.0 62,2.0 66,2.0 67,2.0 68,2.0 69,2.0 70,2.0 71,2.0 
23,4.0 43,2.0 50,4.0 62,2.0 65,2.0 67,2.0 68,4.0 93,2.0 116,2.0 166,2.0 168,2.0 171,2.0 172,2.0 
30,2.0 65,2.0 66,2.0 68,2.0 75,2.0 76,2.0 127,2.0 150,2.0 166,2.0 196,2.0 
6,2.0 20,2.0 23,2.0 46,2.0 50,4.0 51,2.0 55,2.0 60,2.0 66,2.0 69,4.0 71,2.0 72,4.0 73,2.0 79,2.0 87,2.0 88,4.0 
10,10.0 11,26.0 23,4.0 24,2.0 27,2.0 31,4.0 32,4.0 36,2.0 44,8.0 46,4.0 55,4.0 57,6.0 62,4.0 65,4.0 68,2.0 74,2.0 87,2.0 88,2.0 116,2.0 123,2.0 124,2.0 125,2.0 140,2.0 152,6.0 154,2.0 159,2.0 
2,2.0 11,18.0 25,2.0 31,6.0 32,2.0 40,2.0 46,2.0 47,6.0 52,2.0 55,6.0 62,6.0 65,2.0 68,2.0 71,34.0 72,4.0 75,6.0 76,4.0 88,2.0 93,4.0 100,2.0 129,2.0 152,2.0 156,2.0 210,2.0 214,2.0 
2,2.0 6,34.0 26,2.0 30,6.0 31,2.0 32,2.0 40,2.0 47,6.0 52,2.0 55,2.0 57,2.0 58,6.0 60,4.0 62,2.0 65,2.0 68,2.0 69,4.0 70,18.0 72,4.0 73,2.0 74,2.0 75,6.0 76,4.0 89,2.0 93,2.0 100,2.0 116,2.0 143,2.0 144,2.0 156,2.0 157,2.0 158,2.0 160,2.0 196,2.0 210,2.0 
6,6.0 11,2.0 13,2.0 15,2.0 19,2.0 20,2.0 26,2.0 28,2.0 33,2.0 34,2.0 41,4.0 42,4.0 43,4.0 47,4.0 51,4.0 53,2.0 55,2.0 57,4.0 58,2.0 60,2.0 70,2.0 71,2.0 73,4.0 74,6.0 76,8.0 89,2.0 111,2.0 116,2.0 141,2.0 198,2.0 202,2.0 212,2.0 218,2.0 
6,2.0 19,8.0 20,2.0 23,4.0 25,2.0 26,2.0 29,2.0 30,2.0 34,4.0 42,2.0 50,2.0 60,2.0 67,2.0 72,4.0 74,2.0 75,2.0 76,12.0 86,2.0 105,2.0 112,2.0 128,2.0 139,2.0 140,2.0 141,2.0 150,4.0 151,2.0 161,2.0 164,2.0 165,2.0 166,4.0 170,2.0 173,2.0 185,2.0 186,2.0 188,2.0 213,2.0 
6,2.0 11,4.0 19,2.0 20,2.0 23,2.0 34,4.0 36,2.0 42,4.0 50,2.0 62,2.0 72,2.0 73,4.0 112,2.0 113,2.0 165,2.0 168,2.0 202,2.0 203,2.0 
5,2.0 6,2.0 11,2.0 19,2.0 23,4.0 29,2.0 30,20.0 33,2.0 34,8.0 41,2.0 42,4.0 43,2.0 46,4.0 47,2.0 48,2.0 55,20.0 57,2.0 60,4.0 70,6.0 71,2.0 76,2.0 97,2.0 105,2.0 107,2.0 116,2.0 120,2.0 127,2.0 138,4.0 141,2.0 152,2.0 172,2.0 178,2.0 196,4.0 199,2.0 211,2.0 
6,2.0 10,2.0 23,4.0 26,2.0 27,6.0 29,2.0 30,2.0 31,2.0 33,2.0 34,6.0 41,2.0 42,2.0 43,2.0 46,2.0 49,4.0 51,2.0 52,8.0 53,4.0 57,10.0 60,8.0 61,2.0 69,4.0 71,4.0 72,6.0 73,12.0 78,2.0 85,2.0 86,2.0 87,2.0 94,2.0 100,2.0 103,2.0 116,6.0 128,2.0 138,2.0 141,4.0 150,2.0 167,2.0 174,2.0 175,4.0 185,2.0 186,4.0 188,2.0 198,2.0 218,2.0 219,2.0 
34,2.0 42,2.0 
10,2.0 41,2.0 46,2.0 49,2.0 51,2.0 60,2.0 68,2.0 86,2.0 94,2.0 
6,2.0 15,2.0 50,2.0 68,2.0 69,1.0 180,2.0 222,2.0 223,2.0 
20,2.0 24,2.0 50,2.0 51,2.0 66,2.0 68,4.0 88,2.0 
23,2.0 82,2.0 
26,2.0 83,2.0 84,2.0 
23,2.0 53,2.0 
85,2.0 
27,2.0 29,2.0 31,2.0 69,4.0 78,2.0 86,6.0 95,2.0 124,2.0 125,2.0 126,2.0 127,2.0 139,6.0 164,2.0 206,2.0 
10,4.0 42,2.0 43,2.0 73,2.0 76,2.0 78,2.0 85,6.0 124,2.0 125,2.0 126,2.0 127,2.0 128,2.0 
20,2.0 68,2.0 69,2.0 73,2.0 88,2.0 96,2.0 97,2.0 116,2.0 
19,2.0 20,2.0 24,2.0 57,2.0 60,4.0 68,2.0 73,2.0 80,2.0 89,2.0 90,2.0 155,2.0 
6,2.0 34,2.0 51,2.0 60,2.0 72,2.0 90,2.0 
34,2.0 50,2.0 60,4.0 89,2.0 99,2.0 
34,2.0 51,2.0 
32,2.0 33,2.0 93,2.0 
5,2.0 6,2.0 11,2.0 18,2.0 23,2.0 25,2.0 28,2.0 29,2.0 30,2.0 32,2.0 33,4.0 41,4.0 42,4.0 47,4.0 49,2.0 50,8.0 58,10.0 60,2.0 66,2.0 69,2.0 71,2.0 75,2.0 85,2.0 92,2.0 94,2.0 95,4.0 98,6.0 101,2.0 116,4.0 121,2.0 122,2.0 130,6.0 137,2.0 138,2.0 140,2.0 141,4.0 143,2.0 148,2.0 149,2.0 168,6.0 171,2.0 209,2.0 
23,2.0 31,2.0 34,2.0 42,2.0 46,2.0 47,2.0 51,2.0 60,4.0 68,2.0 78,2.0 93,2.0 95,2.0 100,2.0 
10,2.0 23,2.0 27,2.0 29,2.0 47,2.0 58,2.0 60,2.0 93,4.0 94,2.0 139,2.0 141,2.0 164,2.0 
20,2.0 40,2.0 44,2.0 59,2.0 87,2.0 97,2.0 131,2.0 
50,2.0 75,2.0 97,2.0 98,4.0 161,2.0 172,10.0 195,2.0 
31,2.0 58,4.0 60,2.0 93,6.0 97,2.0 130,22.0 
50,2.0 60,2.0 90,2.0 
6,2.0 15,2.0 31,2.0 34,2.0 42,2.0 50,2.0 51,2.0 57,2.0 71,2.0 72,4.0 76,2.0 94,2.0 198,2.0 
34,1.0 71,2.0 102,2.0 116,2.0 131,22.0 132,2.0 133,2.0 134,2.0 135,4.0 136,4.0 
6,1.0 34,2.0 
55,2.0 60,2.0 76,2.0 104,2.0 138,2.0 
55,2.0 103,2.0 
29,6.0 50,2.0 150,2.0 
29,2.0 
6,2.0 26,4.0 27,2.0 30,4.0 31,2.0 43,2.0 51,2.0 57,2.0 108,2.0 141,2.0 190,2.0 197,2.0 
52,2.0 109,2.0 
52,2.0 110,2.0 
6,2.0 24,2.0 60,2.0 116,2.0 183,2.0 185,2.0 192,2.0 
10,6.0 23,2.0 24,2.0 28,2.0 32,2.0 41,2.0 43,2.0 44,2.0 49,2.0 69,6.0 72,2.0 76,2.0 218,2.0 
19,2.0 20,2.0 25,2.0 42,2.0 74,2.0 85,2.0 113,2.0 
33,2.0 114,2.0 
33,2.0 41,2.0 
30,2.0 46,2.0 
11,2.0 19,6.0 26,2.0 27,4.0 29,4.0 30,6.0 31,2.0 34,2.0 42,2.0 44,4.0 46,2.0 47,2.0 50,4.0 55,4.0 58,4.0 69,2.0 70,4.0 71,4.0 73,4.0 75,6.0 76,4.0 87,2.0 93,4.0 101,2.0 110,2.0 120,2.0 144,2.0 146,2.0 181,2.0 183,2.0 185,2.0 205,2.0 210,2.0 
41,2.0 73,2.0 76,2.0 151,2.0 
46,2.0 119,2.0 
43,2.0 46,2.0 
27,4.0 48,2.0 
25,2.0 43,1.0 69,1.0 122,2.0 
25,2.0 43,1.0 69,1.0 121,2.0 
10,2.0 36,2.0 86,2.0 
10,2.0 35,2.0 36,2.0 37,6.0 38,2.0 85,2.0 86,4.0 124,2.0 125,4.0 204,2.0 
10,2.0 42,2.0 55,2.0 85,2.0 86,4.0 124,4.0 200,2.0 
73,2.0 76,2.0 86,2.0 127,2.0 128,2.0 
30,2.0 42,2.0 73,2.0 75,2.0 76,2.0 86,2.0 126,2.0 128,2.0 196,2.0 
27,2.0 29,2.0 42,2.0 73,2.0 76,2.0 86,2.0 
31,2.0 98,2.0 
31,2.0 58,2.0 93,6.0 98,22.0 
101,24.0 116,2.0 132,4.0 133,4.0 134,2.0 135,4.0 136,4.0 
93,2.0 101,2.0 131,2.0 133,4.0 134,2.0 137,2.0 
93,2.0 101,2.0 131,2.0 132,4.0 134,2.0 137,2.0 
101,2.0 131,2.0 132,2.0 133,2.0 
101,4.0 131,4.0 136,4.0 
101,4.0 131,4.0 135,4.0 
75,2.0 93,2.0 
24,4.0 26,2.0 29,4.0 30,4.0 31,2.0 32,10.0 34,2.0 47,4.0 51,2.0 53,2.0 60,2.0 76,2.0 85,2.0 93,2.0 140,4.0 183,2.0 
10,14.0 26,2.0 27,2.0 47,2.0 76,2.0 95,2.0 111,6.0 164,2.0 
5,2.0 11,2.0 19,4.0 27,2.0 32,2.0 41,2.0 50,4.0 55,2.0 60,2.0 61,2.0 62,2.0 63,2.0 70,2.0 73,2.0 93,2.0 116,2.0 141,2.0 209,2.0 
19,2.0 27,4.0 28,2.0 29,2.0 30,2.0 31,2.0 41,2.0 50,4.0 58,2.0 60,2.0 75,2.0 93,4.0 95,2.0 107,2.0 116,2.0 140,4.0 209,2.0 
58,2.0 70,2.0 
32,2.0 44,2.0 55,2.0 58,2.0 71,6.0 157,2.0 
47,2.0 58,2.0 116,2.0 145,2.0 146,2.0 
58,2.0 116,2.0 144,2.0 
11,2.0 47,2.0 
47,2.0 60,2.0 62,2.0 
69,2.0 93,2.0 
26,2.0 50,2.0 52,2.0 58,2.0 93,2.0 
26,4.0 27,2.0 29,2.0 34,2.0 52,2.0 67,2.0 76,2.0 139,2.0 151,2.0 166,2.0 170,2.0 
11,2.0 73,2.0 76,2.0 117,2.0 139,2.0 150,2.0 
19,4.0 44,2.0 46,6.0 55,2.0 69,2.0 70,2.0 153,2.0 
18,2.0 19,2.0 46,2.0 55,2.0 139,2.0 
69,2.0 152,2.0 
71,4.0 156,2.0 157,2.0 
6,2.0 70,2.0 71,4.0 
6,2.0 71,4.0 143,2.0 
5,2.0 6,2.0 
10,2.0 139,2.0 
42,2.0 51,2.0 69,2.0 71,2.0 
11,2.0 22,2.0 44,2.0 73,2.0 97,2.0 105,4.0 143,2.0 172,2.0 
22,2.0 41,2.0 46,2.0 163,2.0 
22,2.0 41,2.0 46,2.0 162,2.0 
10,2.0 19,2.0 33,2.0 34,2.0 73,2.0 74,4.0 95,2.0 139,2.0 168,2.0 
73,2.0 
23,2.0 50,4.0 66,2.0 67,2.0 73,2.0 76,2.0 150,2.0 173,2.0 
33,2.0 55,2.0 
6,2.0 18,2.0 34,2.0 50,4.0 58,2.0 66,4.0 74,2.0 93,4.0 168,2.0 171,4.0 172,2.0 
23,2.0 73,2.0 
26,2.0 27,2.0 150,2.0 
33,2.0 44,2.0 66,2.0 168,2.0 172,2.0 
30,2.0 50,2.0 75,2.0 97,10.0 161,2.0 195,2.0 
27,2.0 50,2.0 73,2.0 107,2.0 166,2.0 
76,2.0 175,2.0 
34,2.0 55,6.0 116,4.0 
29,2.0 30,2.0 
6,2.0 58,2.0 
27,2.0 29,2.0 
5,2.0 62,2.0 
15,2.0 26,2.0 27,2.0 69,1.0 79,2.0 222,2.0 223,2.0 
41,2.0 72,2.0 
26,2.0 53,2.0 64,2.0 
26,2.0 42,2.0 43,2.0 46,2.0 57,2.0 61,4.0 73,2.0 76,2.0 140,2.0 184,2.0 185,10.0 193,2.0 194,2.0 217,2.0 
5,2.0 53,2.0 61,2.0 
43,2.0 46,4.0 73,2.0 76,4.0 110,2.0 116,2.0 183,4.0 186,10.0 217,2.0 
26,2.0 33,2.0 76,2.0 85,2.0 110,2.0 116,2.0 185,2.0 187,4.0 
33,2.0 63,2.0 64,2.0 68,2.0 
189,2.0 
190,2.0 
26,2.0 53,2.0 117,2.0 151,2.0 
61,2.0 
24,2.0 60,2.0 110,2.0 
26,2.0 27,2.0 194,2.0 
26,2.0 27,2.0 193,2.0 
97,2.0 172,2.0 
30,2.0 42,4.0 43,2.0 71,2.0 75,4.0 107,2.0 127,2.0 
30,2.0 107,2.0 
26,2.0 52,2.0 72,2.0 76,2.0 116,2.0 
26,2.0 29,2.0 30,2.0 52,2.0 55,2.0 57,2.0 60,2.0 72,2.0 214,2.0 
42,2.0 55,2.0 125,2.0 
55,2.0 57,2.0 75,2.0 
20,2.0 36,2.0 74,2.0 203,2.0 
36,2.0 37,2.0 124,2.0 204,2.0 
37,4.0 124,4.0 
85,2.0 206,2.0 
85,2.0 139,2.0 
5,2.0 18,2.0 19,2.0 41,2.0 140,2.0 
43,2.0 76,2.0 
29,2.0 30,2.0 50,2.0 93,2.0 116,2.0 140,2.0 141,2.0 
11,2.0 30,2.0 31,2.0 62,2.0 70,2.0 116,2.0 
46,2.0 60,2.0 75,2.0 
43,2.0 72,2.0 76,2.0 
27,2.0 116,2.0 
23,2.0 55,2.0 57,2.0 60,2.0 64,2.0 70,2.0 71,2.0 72,4.0 73,2.0 76,2.0 199,2.0 
33,2.0 40,2.0 46,2.0 
46,2.0 57,2.0 
61,2.0 140,2.0 183,2.0 
6,2.0 71,2.0 76,2.0 141,2.0 220,2.0 
76,2.0 175,2.0 
6,2.0 71,2.0 218,2.0 
57,2.0 75,2.0 
15,2.0 69,1.0 79,2.0 180,2.0 223,2.0 
15,2.0 69,1.0 79,2.0 180,2.0 222,2.0 
