1,2.0 2,1.0 5,1.0 6,1.0 11,1.0 
2,1.0 3,1.0 5,1.0 7,1.0 8,1.0 11,1.0 
1,1.0 3,2.0 19,1.0 29,1.0 30,1.0 31,1.0 
4,1.0 5,8.0 6,2.0 7,1.0 10,1.0 11,1.0 17,1.0 19,2.0 23,1.0 24,1.0 29,1.0 30,2.0 31,2.0 45,2.0 46,4.0 47,1.0 50,1.0 51,2.0 54,1.0 58,1.0 73,2.0 78,1.0 81,1.0 85,1.0 86,2.0 109,1.0 110,1.0 112,1.0 
5,1.0 6,2.0 7,1.0 11,7.0 20,3.0 24,3.0 25,4.0 28,1.0 29,3.0 30,3.0 46,2.0 63,1.0 137,3.0 
1,1.0 3,1.0 4,1.0 6,16.0 7,10.0 8,4.0 11,3.0 13,1.0 17,1.0 18,2.0 19,4.0 21,1.0 24,1.0 28,1.0 29,2.0 30,4.0 31,2.0 38,1.0 46,1.0 49,2.0 54,1.0 66,1.0 71,2.0 72,1.0 78,2.0 81,1.0 122,1.0 128,1.0 
1,1.0 3,4.0 5,5.0 7,17.0 8,9.0 10,8.0 11,7.0 14,1.0 16,1.0 17,3.0 19,3.0 20,10.0 23,1.0 24,1.0 25,1.0 28,3.0 29,2.0 30,9.0 35,1.0 38,1.0 43,1.0 45,2.0 46,7.0 47,1.0 48,1.0 49,1.0 52,2.0 65,1.0 66,4.0 71,1.0 73,4.0 74,4.0 75,4.0 76,6.0 77,4.0 78,2.0 81,5.0 83,1.0 84,1.0 85,2.0 87,1.0 106,1.0 122,1.0 128,1.0 129,2.0 132,1.0 133,1.0 138,1.0 139,1.0 
0,1.0 3,1.0 5,6.0 6,9.0 8,14.0 10,11.0 11,7.0 12,2.0 13,1.0 14,1.0 15,1.0 17,3.0 18,2.0 19,5.0 20,3.0 22,1.0 24,1.0 25,1.0 28,2.0 29,3.0 30,1.0 31,1.0 32,2.0 41,1.0 43,2.0 45,1.0 46,1.0 47,2.0 52,1.0 71,1.0 73,1.0 76,1.0 79,1.0 87,1.0 92,1.0 93,1.0 106,1.0 115,1.0 122,1.0 125,1.0 128,1.0 132,1.0 133,1.0 136,1.0 138,1.0 139,1.0 
0,1.0 1,1.0 3,1.0 4,1.0 5,2.0 6,6.0 7,5.0 9,1.0 10,13.0 11,8.0 15,1.0 16,1.0 17,4.0 20,2.0 23,1.0 25,2.0 26,1.0 28,3.0 29,3.0 30,3.0 31,3.0 32,2.0 43,1.0 46,1.0 63,1.0 66,1.0 69,1.0 72,2.0 79,1.0 81,1.0 91,1.0 92,1.0 93,1.0 95,1.0 122,2.0 128,1.0 
10,1.0 11,1.0 
3,1.0 5,1.0 6,5.0 7,9.0 8,2.0 9,1.0 11,13.0 17,2.0 18,1.0 19,2.0 20,6.0 21,1.0 22,1.0 23,1.0 24,2.0 25,2.0 26,1.0 28,1.0 29,1.0 30,1.0 31,1.0 46,1.0 47,1.0 64,1.0 66,1.0 70,1.0 71,1.0 77,3.0 78,3.0 84,1.0 86,1.0 95,1.0 97,1.0 122,1.0 128,1.0 135,1.0 
4,10.0 5,6.0 6,8.0 7,7.0 8,6.0 10,5.0 11,1.0 12,2.0 14,3.0 15,2.0 17,2.0 18,2.0 20,3.0 24,12.0 25,10.0 28,5.0 29,3.0 30,9.0 31,1.0 38,1.0 39,2.0 43,3.0 46,3.0 55,2.0 64,1.0 66,1.0 67,1.0 69,1.0 72,2.0 73,5.0 75,4.0 76,3.0 78,1.0 94,1.0 95,1.0 96,1.0 98,2.0 106,1.0 111,1.0 129,1.0 136,1.0 
5,1.0 6,1.0 7,2.0 
7,1.0 11,1.0 
0,1.0 7,1.0 11,2.0 17,2.0 25,2.0 29,2.0 30,1.0 69,1.0 70,1.0 77,1.0 
6,1.0 7,2.0 8,1.0 
8,1.0 11,1.0 17,1.0 
3,1.0 5,2.0 6,4.0 7,4.0 8,5.0 10,2.0 11,1.0 19,5.0 24,1.0 29,4.0 30,5.0 31,3.0 35,1.0 46,1.0 53,1.0 70,1.0 74,1.0 86,1.0 93,1.0 118,1.0 122,4.0 124,1.0 125,1.0 126,1.0 127,1.0 137,1.0 
5,2.0 7,3.0 10,1.0 11,1.0 20,1.0 
3,1.0 5,4.0 6,3.0 7,6.0 10,4.0 17,4.0 20,1.0 25,1.0 28,1.0 29,9.0 30,6.0 31,8.0 33,1.0 39,1.0 40,2.0 41,3.0 42,2.0 47,2.0 48,1.0 60,1.0 61,1.0 63,1.0 66,1.0 70,1.0 93,1.0 112,3.0 113,1.0 125,1.0 137,2.0 140,1.0 141,1.0 142,1.0 143,1.0 
0,1.0 4,3.0 5,1.0 6,12.0 7,1.0 10,3.0 11,3.0 21,1.0 23,1.0 24,3.0 29,3.0 43,2.0 47,1.0 64,2.0 66,4.0 70,1.0 73,3.0 74,6.0 76,1.0 91,1.0 106,1.0 115,1.0 
5,1.0 7,1.0 10,1.0 46,1.0 47,1.0 72,1.0 
10,1.0 20,1.0 
3,1.0 8,1.0 10,1.0 11,1.0 45,1.0 63,1.0 
3,1.0 4,3.0 5,1.0 6,2.0 7,1.0 11,9.0 14,2.0 17,1.0 19,1.0 25,13.0 26,1.0 27,1.0 28,7.0 31,1.0 38,1.0 42,1.0 43,5.0 49,1.0 52,1.0 73,3.0 78,1.0 94,1.0 95,1.0 96,1.0 97,1.0 111,1.0 113,1.0 114,1.0 137,4.0 
3,1.0 4,4.0 7,4.0 8,2.0 11,7.0 17,1.0 19,2.0 20,1.0 24,10.0 26,1.0 27,1.0 28,15.0 29,9.0 31,1.0 33,1.0 36,1.0 46,2.0 47,1.0 48,1.0 49,1.0 52,2.0 55,2.0 66,3.0 70,1.0 72,2.0 78,1.0 86,1.0 113,1.0 114,1.0 116,1.0 117,1.0 122,1.0 137,2.0 
8,1.0 25,2.0 27,1.0 28,1.0 29,1.0 
25,1.0 26,1.0 28,1.0 
3,1.0 5,1.0 6,3.0 7,3.0 8,5.0 10,2.0 11,10.0 14,2.0 24,9.0 25,9.0 29,14.0 30,2.0 31,1.0 36,1.0 38,1.0 39,2.0 42,1.0 43,4.0 44,1.0 45,2.0 46,1.0 47,2.0 48,1.0 53,1.0 63,1.0 67,2.0 69,1.0 86,1.0 96,2.0 115,1.0 116,1.0 117,1.0 118,1.0 122,2.0 134,1.0 135,1.0 137,3.0 
2,1.0 3,1.0 4,3.0 5,3.0 6,3.0 7,2.0 8,1.0 10,2.0 17,4.0 19,8.0 20,3.0 24,5.0 25,10.0 28,15.0 30,8.0 31,4.0 32,2.0 33,1.0 34,1.0 35,1.0 37,1.0 40,2.0 46,3.0 47,3.0 48,1.0 52,1.0 53,1.0 60,1.0 86,2.0 91,1.0 107,1.0 112,3.0 115,1.0 118,2.0 123,1.0 124,1.0 134,1.0 137,1.0 
2,2.0 3,1.0 4,3.0 5,4.0 6,8.0 7,1.0 8,5.0 11,10.0 14,1.0 17,4.0 19,11.0 28,1.0 29,4.0 31,4.0 35,2.0 37,1.0 38,1.0 39,1.0 46,3.0 47,2.0 48,1.0 54,1.0 63,1.0 69,1.0 73,3.0 81,1.0 91,1.0 113,1.0 126,1.0 129,2.0 
2,1.0 3,1.0 5,2.0 6,1.0 8,3.0 11,2.0 17,1.0 19,5.0 25,1.0 28,1.0 29,5.0 30,5.0 32,2.0 33,1.0 34,1.0 37,2.0 39,1.0 41,1.0 46,1.0 48,1.0 49,1.0 54,1.0 55,3.0 56,1.0 61,1.0 67,1.0 68,1.0 72,1.0 76,1.0 114,1.0 119,1.0 131,1.0 137,1.0 
8,2.0 25,1.0 28,1.0 29,3.0 72,1.0 
19,1.0 29,2.0 31,1.0 
29,1.0 35,1.0 
17,2.0 25,1.0 28,1.0 29,1.0 36,2.0 125,1.0 
25,1.0 28,1.0 29,1.0 30,1.0 
28,1.0 29,2.0 30,1.0 
6,1.0 7,1.0 24,1.0 30,1.0 31,1.0 43,1.0 
8,1.0 10,1.0 11,2.0 19,1.0 30,2.0 35,1.0 
19,2.0 41,2.0 
19,3.0 39,1.0 42,2.0 60,1.0 62,2.0 73,1.0 
19,2.0 24,1.0 29,1.0 41,1.0 43,1.0 94,1.0 101,1.0 102,1.0 
6,2.0 7,1.0 8,1.0 10,1.0 11,2.0 20,3.0 24,1.0 28,6.0 42,1.0 44,1.0 45,2.0 69,1.0 74,2.0 98,2.0 99,2.0 100,1.0 101,1.0 102,1.0 
7,1.0 24,1.0 43,1.0 
3,1.0 6,5.0 7,1.0 28,2.0 29,1.0 43,1.0 46,4.0 50,1.0 64,1.0 74,1.0 78,2.0 81,1.0 85,1.0 87,4.0 89,1.0 90,3.0 105,1.0 106,1.0 
3,8.0 4,2.0 5,2.0 6,9.0 7,2.0 8,1.0 10,1.0 11,2.0 17,1.0 19,3.0 21,1.0 24,1.0 25,2.0 28,1.0 30,4.0 31,1.0 45,6.0 47,6.0 48,3.0 52,1.0 55,1.0 56,1.0 58,1.0 59,1.0 63,3.0 73,1.0 74,4.0 76,3.0 78,2.0 81,3.0 82,1.0 84,4.0 85,4.0 86,4.0 87,2.0 88,1.0 90,4.0 91,2.0 104,1.0 105,1.0 112,1.0 117,2.0 120,1.0 
3,3.0 4,1.0 5,1.0 6,1.0 7,1.0 19,2.0 20,1.0 21,1.0 25,1.0 29,3.0 30,2.0 31,2.0 46,7.0 48,2.0 51,2.0 63,1.0 65,1.0 73,1.0 85,1.0 104,1.0 
4,1.0 19,1.0 25,1.0 28,1.0 29,1.0 30,1.0 31,1.0 46,4.0 47,4.0 49,1.0 50,1.0 56,2.0 57,1.0 59,1.0 66,1.0 73,1.0 81,1.0 103,1.0 120,1.0 
5,1.0 25,1.0 28,2.0 29,1.0 46,1.0 48,5.0 50,1.0 63,1.0 64,1.0 71,1.0 78,1.0 103,1.0 120,2.0 
6,1.0 45,1.0 47,1.0 48,1.0 
3,2.0 5,1.0 6,1.0 31,1.0 
7,1.0 8,1.0 25,2.0 28,1.0 29,1.0 46,1.0 47,2.0 
4,1.0 8,1.0 25,2.0 28,1.0 
3,1.0 31,2.0 46,1.0 114,1.0 
14,1.0 28,2.0 48,1.0 49,1.0 56,1.0 68,1.0 72,2.0 119,1.0 137,2.0 
46,5.0 48,1.0 55,1.0 57,1.0 66,1.0 70,1.0 108,1.0 111,1.0 
46,1.0 56,1.0 
3,1.0 46,1.0 
25,1.0 46,1.0 48,1.0 
19,1.0 29,1.0 62,1.0 63,1.0 
31,1.0 41,1.0 
17,1.0 60,1.0 63,1.0 
5,1.0 7,1.0 8,1.0 19,1.0 23,1.0 28,1.0 43,1.0 45,2.0 46,1.0 49,1.0 64,2.0 121,1.0 
0,1.0 6,1.0 11,1.0 20,2.0 28,1.0 45,1.0 49,1.0 63,1.0 
6,1.0 47,1.0 
5,1.0 6,4.0 10,1.0 11,2.0 19,1.0 20,3.0 25,2.0 30,2.0 46,1.0 56,1.0 73,1.0 137,2.0 
11,1.0 28,1.0 31,1.0 94,1.0 
14,1.0 55,1.0 
11,2.0 14,1.0 28,1.0 30,1.0 43,1.0 
5,1.0 17,1.0 20,1.0 24,1.0 25,1.0 28,1.0 46,1.0 56,1.0 
5,1.0 6,2.0 7,1.0 14,1.0 29,1.0 49,2.0 77,1.0 110,1.0 
5,1.0 11,3.0 18,1.0 21,1.0 28,2.0 55,2.0 76,1.0 137,2.0 
3,2.0 6,5.0 10,1.0 11,6.0 20,3.0 24,3.0 25,1.0 29,1.0 30,2.0 41,1.0 46,2.0 62,1.0 
6,4.0 11,1.0 17,1.0 20,5.0 43,2.0 45,1.0 46,3.0 90,4.0 122,1.0 
5,1.0 6,3.0 11,4.0 
6,4.0 7,1.0 8,1.0 10,2.0 11,3.0 20,1.0 46,1.0 48,1.0 72,1.0 84,1.0 
6,3.0 10,3.0 14,1.0 17,1.0 
5,1.0 6,3.0 7,1.0 8,1.0 10,2.0 11,1.0 24,1.0 25,1.0 45,2.0 48,1.0 49,1.0 90,1.0 
80,2.0 81,1.0 87,1.0 
46,2.0 81,1.0 82,1.0 87,1.0 88,1.0 
3,2.0 5,1.0 6,4.0 19,1.0 30,1.0 45,1.0 46,6.0 48,1.0 80,1.0 82,1.0 
6,1.0 46,1.0 
6,1.0 81,1.0 
10,1.0 46,5.0 85,3.0 86,3.0 90,1.0 91,1.0 
3,1.0 6,2.0 46,4.0 47,1.0 48,1.0 84,3.0 
3,2.0 7,1.0 10,1.0 17,2.0 28,1.0 29,3.0 46,2.0 84,2.0 109,1.0 110,1.0 
6,1.0 45,4.0 46,5.0 47,1.0 80,1.0 88,1.0 
45,1.0 46,1.0 
45,1.0 87,1.0 
45,2.0 46,5.0 74,3.0 84,1.0 87,1.0 91,3.0 106,1.0 
6,1.0 19,1.0 20,1.0 24,1.0 30,1.0 46,2.0 84,1.0 90,2.0 
8,1.0 10,1.0 93,1.0 
8,2.0 10,1.0 17,1.0 31,1.0 92,1.0 
8,1.0 10,1.0 
11,1.0 24,1.0 28,2.0 
10,1.0 11,2.0 24,1.0 
24,1.0 28,1.0 
43,2.0 99,2.0 
42,1.0 43,2.0 100,1.0 
11,1.0 43,1.0 
49,1.0 102,1.0 
49,1.0 101,1.0 
47,1.0 48,1.0 
3,1.0 46,1.0 
45,1.0 90,1.0 
5,1.0 6,2.0 11,1.0 28,1.0 45,1.0 
56,1.0 108,1.0 
46,1.0 56,1.0 
56,1.0 70,1.0 
49,1.0 56,1.0 71,1.0 111,1.0 
24,1.0 25,1.0 46,1.0 56,1.0 
3,1.0 5,1.0 19,3.0 29,2.0 140,1.0 141,1.0 142,1.0 143,1.0 
8,1.0 19,1.0 25,1.0 31,1.0 
7,1.0 25,1.0 31,1.0 54,1.0 
20,1.0 24,1.0 28,1.0 29,1.0 
8,1.0 28,1.0 46,1.0 
28,1.0 29,1.0 47,1.0 71,1.0 110,1.0 
29,2.0 30,1.0 123,1.0 
49,1.0 55,1.0 
46,1.0 47,1.0 48,1.0 117,1.0 
29,1.0 86,1.0 
3,1.0 5,1.0 6,1.0 7,2.0 17,3.0 19,1.0 25,1.0 31,1.0 46,1.0 74,1.0 129,1.0 130,1.0 
17,1.0 35,1.0 
6,1.0 17,1.0 30,1.0 
17,2.0 30,1.0 127,1.0 
7,1.0 17,1.0 19,1.0 
17,1.0 19,1.0 
6,2.0 7,1.0 8,1.0 10,1.0 20,1.0 
6,2.0 11,1.0 30,3.0 81,1.0 130,1.0 
6,1.0 30,1.0 129,1.0 
7,1.0 128,1.0 
7,1.0 10,1.0 
7,1.0 41,1.0 73,1.0 
28,1.0 29,1.0 
10,1.0 11,1.0 
7,1.0 8,1.0 
19,1.0 24,3.0 25,5.0 28,3.0 29,4.0 31,1.0 66,2.0 73,3.0 122,1.0 
7,1.0 47,1.0 
7,1.0 8,1.0 
141,1.0 142,1.0 143,1.0 
140,1.0 142,1.0 143,1.0 
140,1.0 141,1.0 143,1.0 
140,1.0 141,1.0 142,1.0 
