1,1.0 2,2.0 
2,1.0 3,2.0 4,1.0 10,2.0 33,2.0 34,2.0 108,2.0 
1,2.0 3,10.0 4,2.0 5,2.0 7,2.0 8,4.0 10,2.0 12,2.0 13,2.0 14,4.0 16,6.0 17,2.0 19,4.0 21,4.0 25,10.0 28,2.0 37,4.0 39,8.0 44,4.0 51,2.0 57,6.0 60,2.0 61,2.0 62,2.0 63,4.0 81,2.0 83,2.0 
1,1.0 2,2.0 4,28.0 5,2.0 7,18.0 10,2.0 13,2.0 17,4.0 19,4.0 31,2.0 36,8.0 37,2.0 39,2.0 55,2.0 56,2.0 57,4.0 58,2.0 59,10.0 60,6.0 62,2.0 63,8.0 64,4.0 65,2.0 74,2.0 97,2.0 104,4.0 119,2.0 126,2.0 
2,20.0 3,6.0 5,14.0 6,2.0 8,4.0 10,4.0 13,4.0 14,4.0 16,6.0 17,4.0 19,2.0 21,2.0 35,4.0 37,4.0 39,2.0 44,2.0 46,2.0 53,6.0 59,8.0 60,6.0 61,4.0 64,4.0 65,2.0 66,4.0 80,2.0 82,2.0 83,2.0 104,2.0 
3,30.0 4,4.0 6,4.0 7,6.0 8,22.0 9,2.0 10,2.0 14,2.0 16,6.0 17,8.0 19,6.0 21,2.0 25,2.0 26,2.0 31,4.0 35,4.0 43,14.0 44,2.0 51,4.0 52,2.0 53,8.0 57,10.0 58,2.0 59,2.0 60,2.0 61,2.0 63,4.0 74,2.0 75,2.0 94,4.0 115,2.0 125,8.0 126,2.0 128,2.0 
3,2.0 5,2.0 118,2.0 125,2.0 
2,2.0 3,8.0 5,38.0 8,2.0 10,6.0 11,6.0 12,2.0 13,2.0 14,6.0 16,4.0 17,2.0 19,2.0 20,2.0 21,2.0 25,2.0 26,4.0 28,2.0 31,2.0 32,12.0 36,12.0 37,10.0 39,4.0 46,2.0 51,4.0 53,8.0 54,2.0 57,2.0 59,4.0 61,6.0 62,8.0 63,4.0 65,2.0 66,12.0 73,2.0 75,8.0 81,2.0 82,8.0 85,4.0 87,2.0 88,2.0 94,2.0 104,2.0 108,2.0 128,2.0 
2,4.0 4,4.0 5,8.0 7,28.0 9,2.0 10,12.0 14,2.0 17,6.0 34,2.0 36,4.0 37,2.0 39,4.0 43,8.0 44,10.0 47,2.0 53,8.0 54,2.0 57,6.0 58,2.0 59,6.0 61,4.0 62,2.0 69,2.0 81,2.0 87,2.0 112,2.0 118,2.0 
7,2.0 8,2.0 
3,2.0 4,2.0 5,6.0 8,4.0 11,14.0 13,6.0 14,14.0 16,12.0 17,4.0 19,4.0 21,2.0 30,2.0 31,20.0 32,10.0 36,4.0 37,32.0 43,4.0 44,8.0 45,2.0 49,2.0 51,6.0 53,4.0 57,4.0 58,4.0 59,2.0 63,4.0 65,2.0 70,2.0 75,2.0 80,2.0 87,2.0 93,2.0 104,2.0 107,4.0 112,2.0 114,2.0 118,2.0 
10,4.0 12,4.0 16,2.0 17,4.0 32,4.0 33,4.0 43,2.0 46,2.0 49,2.0 63,2.0 64,4.0 85,2.0 108,2.0 132,2.0 
2,2.0 4,2.0 7,12.0 10,6.0 13,10.0 14,2.0 16,2.0 25,2.0 31,2.0 36,2.0 37,2.0 43,4.0 44,2.0 51,2.0 55,2.0 62,2.0 63,2.0 64,2.0 66,6.0 72,2.0 74,2.0 75,4.0 84,2.0 87,2.0 94,2.0 96,2.0 97,2.0 
2,2.0 7,8.0 10,10.0 11,2.0 12,10.0 14,10.0 15,2.0 16,4.0 19,2.0 27,2.0 31,2.0 37,2.0 39,2.0 48,2.0 49,4.0 55,2.0 66,16.0 67,2.0 71,2.0 72,2.0 73,2.0 76,2.0 77,2.0 82,2.0 92,2.0 93,2.0 104,4.0 105,2.0 106,2.0 110,2.0 111,2.0 121,2.0 
2,4.0 3,2.0 5,6.0 7,6.0 10,12.0 11,2.0 12,2.0 13,2.0 15,2.0 16,18.0 17,2.0 19,10.0 20,2.0 25,2.0 27,2.0 29,2.0 31,4.0 34,2.0 37,6.0 42,2.0 60,2.0 71,4.0 77,2.0 78,2.0 80,2.0 88,2.0 89,2.0 104,2.0 114,4.0 120,2.0 
14,2.0 16,2.0 
2,2.0 3,2.0 4,4.0 5,6.0 7,2.0 8,2.0 10,6.0 11,4.0 12,4.0 13,12.0 14,6.0 17,8.0 18,2.0 19,2.0 25,4.0 26,2.0 27,4.0 28,2.0 29,2.0 30,4.0 34,2.0 37,6.0 41,2.0 48,2.0 49,4.0 50,2.0 54,2.0 63,2.0 71,4.0 72,2.0 79,2.0 81,2.0 82,2.0 88,2.0 90,2.0 91,2.0 106,2.0 
2,6.0 3,2.0 4,4.0 5,4.0 7,4.0 8,6.0 10,6.0 11,4.0 14,16.0 16,2.0 18,2.0 19,2.0 21,6.0 22,2.0 26,2.0 27,2.0 28,2.0 38,2.0 40,2.0 41,2.0 48,2.0 55,4.0 66,2.0 81,4.0 108,2.0 112,2.0 122,2.0 124,2.0 125,2.0 
14,2.0 17,2.0 
2,2.0 3,4.0 4,8.0 5,2.0 7,4.0 8,2.0 10,4.0 12,2.0 13,6.0 14,4.0 16,2.0 17,12.0 20,2.0 21,2.0 22,2.0 23,2.0 24,2.0 25,2.0 27,2.0 30,4.0 31,6.0 34,2.0 37,2.0 39,10.0 41,1.0 49,2.0 54,2.0 55,2.0 65,2.0 66,2.0 73,2.0 77,2.0 80,4.0 93,2.0 94,2.0 110,2.0 111,2.0 113,2.0 114,2.0 125,2.0 129,2.0 130,2.0 
10,2.0 17,2.0 19,2.0 31,2.0 
2,4.0 3,2.0 5,4.0 17,4.0 19,12.0 22,2.0 23,2.0 25,2.0 31,4.0 34,2.0 37,4.0 38,2.0 41,1.0 48,2.0 54,2.0 91,1.0 
16,2.0 21,2.0 23,2.0 34,1.0 39,2.0 40,2.0 63,1.0 81,2.0 133,2.0 
2,2.0 12,2.0 19,4.0 23,2.0 24,4.0 
2,2.0 12,2.0 19,2.0 23,2.0 
2,2.0 4,2.0 5,2.0 7,2.0 16,6.0 17,2.0 19,2.0 21,2.0 26,4.0 27,2.0 32,2.0 59,2.0 60,2.0 81,2.0 
5,2.0 7,2.0 14,2.0 17,2.0 19,6.0 27,2.0 30,4.0 43,2.0 61,2.0 74,2.0 82,2.0 93,2.0 130,2.0 
0,1.0 5,2.0 13,2.0 14,2.0 16,4.0 19,4.0 21,2.0 26,2.0 28,2.0 34,1.0 63,1.0 103,2.0 
2,2.0 14,2.0 29,2.0 33,2.0 39,2.0 49,2.0 59,2.0 61,2.0 81,2.0 93,4.0 104,2.0 
10,4.0 16,8.0 28,2.0 29,2.0 30,4.0 49,2.0 75,2.0 81,2.0 104,2.0 
2,2.0 7,2.0 10,2.0 16,2.0 19,2.0 26,2.0 28,2.0 29,4.0 39,2.0 74,2.0 78,2.0 80,4.0 81,2.0 93,2.0 95,4.0 
5,4.0 7,2.0 8,2.0 10,6.0 12,2.0 13,4.0 14,2.0 17,4.0 19,6.0 20,2.0 21,2.0 32,4.0 33,16.0 36,4.0 37,2.0 43,2.0 44,4.0 49,2.0 51,2.0 52,2.0 54,6.0 55,2.0 60,2.0 67,2.0 70,2.0 71,4.0 80,2.0 107,4.0 109,2.0 110,2.0 111,2.0 131,2.0 
2,2.0 3,4.0 7,6.0 8,2.0 10,2.0 11,4.0 12,2.0 17,2.0 28,2.0 31,4.0 33,2.0 37,10.0 40,2.0 41,2.0 46,2.0 
1,4.0 3,2.0 7,2.0 10,20.0 13,2.0 31,4.0 34,6.0 35,2.0 36,6.0 43,6.0 46,2.0 53,4.0 54,4.0 57,2.0 58,2.0 61,2.0 62,2.0 64,4.0 65,2.0 66,2.0 71,2.0 95,2.0 108,6.0 109,2.0 112,4.0 131,2.0 
7,2.0 16,2.0 17,2.0 19,2.0 21,2.0 31,10.0 35,2.0 37,2.0 41,2.0 46,2.0 49,2.0 51,2.0 53,2.0 54,6.0 55,4.0 56,2.0 61,2.0 63,4.0 65,2.0 108,2.0 111,2.0 114,2.0 
5,4.0 19,2.0 25,2.0 31,2.0 34,2.0 
2,2.0 3,2.0 5,2.0 7,10.0 8,4.0 10,10.0 26,2.0 33,8.0 34,2.0 37,4.0 54,2.0 73,4.0 
2,2.0 3,2.0 4,2.0 7,10.0 8,22.0 10,2.0 12,18.0 13,6.0 14,4.0 16,6.0 17,2.0 19,4.0 21,4.0 30,2.0 31,4.0 32,10.0 33,4.0 36,4.0 43,4.0 45,2.0 53,4.0 54,6.0 57,4.0 59,6.0 60,4.0 63,8.0 64,2.0 66,4.0 69,2.0 71,2.0 74,2.0 84,2.0 86,2.0 87,2.0 114,2.0 
19,2.0 21,2.0 
2,4.0 4,2.0 5,2.0 7,4.0 8,4.0 10,2.0 14,2.0 16,2.0 21,2.0 22,2.0 26,4.0 40,2.0 49,1.0 51,2.0 59,4.0 82,2.0 101,2.0 
14,2.0 17,2.0 21,2.0 41,4.0 75,2.0 91,1.0 
13,2.0 17,1.0 19,3.0 32,2.0 33,4.0 34,2.0 40,2.0 49,5.0 57,2.0 63,4.0 66,2.0 75,4.0 
33,2.0 43,2.0 
4,6.0 5,2.0 7,2.0 8,8.0 10,8.0 12,4.0 31,4.0 33,4.0 37,4.0 39,4.0 45,2.0 51,2.0 102,2.0 
3,2.0 4,2.0 5,8.0 8,4.0 10,8.0 21,2.0 31,2.0 37,4.0 45,2.0 
8,2.0 26,2.0 33,2.0 37,2.0 43,2.0 74,2.0 102,2.0 
2,2.0 4,2.0 5,2.0 10,2.0 34,2.0 37,2.0 39,2.0 51,2.0 71,2.0 110,2.0 
19,2.0 27,2.0 
13,2.0 17,2.0 41,2.0 66,4.0 75,2.0 
10,4.0 13,4.0 14,3.0 16,2.0 17,2.0 19,1.0 28,4.0 29,2.0 32,2.0 39,2.0 40,2.0 41,6.0 59,2.0 63,2.0 75,2.0 104,4.0 
33,2.0 36,2.0 
4,2.0 5,4.0 7,2.0 8,2.0 10,2.0 17,2.0 21,2.0 31,4.0 37,8.0 45,2.0 46,4.0 54,4.0 118,2.0 125,4.0 
31,2.0 33,2.0 
3,2.0 4,2.0 5,6.0 7,12.0 8,10.0 10,4.0 34,2.0 37,6.0 62,2.0 71,2.0 72,2.0 
3,2.0 7,2.0 8,4.0 10,2.0 14,2.0 31,2.0 33,8.0 34,2.0 46,2.0 51,6.0 71,2.0 108,4.0 110,4.0 112,4.0 125,2.0 
10,10.0 14,6.0 17,4.0 19,2.0 37,2.0 53,2.0 56,2.0 61,2.0 
10,2.0 34,2.0 54,2.0 55,2.0 
2,4.0 3,4.0 4,2.0 5,8.0 7,4.0 8,8.0 31,2.0 33,2.0 37,6.0 95,2.0 122,2.0 125,4.0 
7,2.0 8,4.0 10,4.0 37,2.0 
2,6.0 3,6.0 4,6.0 5,8.0 7,6.0 8,8.0 10,2.0 25,2.0 28,2.0 29,2.0 37,4.0 39,2.0 126,2.0 
2,4.0 3,4.0 4,6.0 7,2.0 13,2.0 21,2.0 25,2.0 31,2.0 33,2.0 37,2.0 98,2.0 99,2.0 104,2.0 
2,2.0 3,2.0 4,2.0 5,6.0 7,6.0 10,2.0 26,2.0 33,2.0 55,2.0 95,2.0 
2,2.0 3,4.0 7,8.0 11,4.0 63,6.0 82,2.0 85,6.0 
3,8.0 4,6.0 7,6.0 10,2.0 11,2.0 12,4.0 13,2.0 17,2.0 31,2.0 33,2.0 34,4.0 37,8.0 48,2.0 49,4.0 64,12.0 66,6.0 84,2.0 104,4.0 123,2.0 124,2.0 
2,2.0 3,2.0 4,4.0 7,4.0 10,2.0 12,2.0 33,4.0 34,2.0 62,6.0 65,4.0 83,2.0 
3,2.0 10,4.0 13,2.0 19,2.0 31,2.0 34,2.0 37,2.0 41,2.0 63,6.0 113,2.0 123,2.0 
2,2.0 3,2.0 4,4.0 5,2.0 7,12.0 10,6.0 12,2.0 13,4.0 14,2.0 16,4.0 19,2.0 27,2.0 33,2.0 37,2.0 40,2.0 48,2.0 55,2.0 65,6.0 67,2.0 68,2.0 71,2.0 75,10.0 77,2.0 82,4.0 117,2.0 
10,2.0 14,2.0 66,4.0 67,2.0 68,4.0 
10,2.0 14,2.0 66,2.0 67,2.0 
7,2.0 8,2.0 
31,2.0 33,2.0 
7,2.0 12,2.0 13,2.0 14,4.0 16,2.0 21,2.0 32,2.0 34,8.0 40,2.0 53,2.0 56,2.0 66,2.0 72,2.0 104,2.0 
16,2.0 36,2.0 71,2.0 73,2.0 
19,2.0 33,2.0 34,4.0 36,4.0 37,2.0 86,2.0 114,2.0 
3,2.0 4,2.0 12,2.0 19,2.0 26,2.0 63,2.0 78,2.0 95,2.0 
3,2.0 4,2.0 5,2.0 10,2.0 12,4.0 13,6.0 33,2.0 34,2.0 37,4.0 41,4.0 63,10.0 66,4.0 76,2.0 82,4.0 127,2.0 
13,2.0 27,2.0 66,2.0 103,2.0 
14,2.0 19,2.0 55,2.0 66,2.0 78,2.0 
16,2.0 26,2.0 30,2.0 79,2.0 80,2.0 81,2.0 95,2.0 
4,2.0 16,2.0 19,2.0 
17,2.0 22,2.0 30,2.0 31,2.0 55,2.0 78,4.0 81,4.0 95,2.0 129,2.0 
2,2.0 7,2.0 10,2.0 16,6.0 17,2.0 19,6.0 22,2.0 25,2.0 29,2.0 51,2.0 93,2.0 116,2.0 
7,2.0 12,2.0 13,4.0 26,2.0 30,2.0 37,2.0 63,2.0 66,2.0 73,2.0 75,4.0 76,2.0 85,2.0 
2,2.0 37,2.0 63,2.0 
10,2.0 12,2.0 75,2.0 
2,2.0 11,2.0 33,2.0 62,2.0 64,2.0 73,2.0 82,2.0 
12,2.0 37,2.0 
7,2.0 8,2.0 10,2.0 37,2.0 51,2.0 88,2.0 
14,2.0 16,2.0 89,6.0 90,2.0 91,2.0 
14,2.0 16,2.0 88,6.0 
13,2.0 91,2.0 92,2.0 
13,2.0 19,1.0 21,1.0 90,2.0 92,2.0 
13,2.0 66,2.0 71,2.0 
12,2.0 13,2.0 19,4.0 30,2.0 57,2.0 94,4.0 114,2.0 122,4.0 
3,2.0 4,2.0 5,4.0 7,2.0 12,2.0 14,2.0 37,2.0 122,2.0 
12,2.0 28,2.0 30,2.0 74,2.0 78,2.0 80,2.0 96,2.0 98,2.0 122,2.0 
12,2.0 97,2.0 
60,2.0 95,2.0 99,2.0 
99,4.0 100,2.0 
4,4.0 59,2.0 60,2.0 66,2.0 98,2.0 100,2.0 
4,2.0 66,2.0 99,2.0 
43,2.0 45,2.0 
45,2.0 
0,1.0 27,2.0 34,1.0 63,1.0 
4,2.0 5,4.0 7,2.0 13,2.0 16,4.0 21,2.0 28,2.0 29,4.0 34,2.0 49,2.0 60,2.0 71,2.0 75,4.0 105,2.0 127,2.0 
29,2.0 104,2.0 
13,2.0 49,2.0 
5,2.0 12,2.0 31,4.0 
1,2.0 7,2.0 10,6.0 13,2.0 31,2.0 33,4.0 34,4.0 54,2.0 71,2.0 104,2.0 110,2.0 112,2.0 
33,2.0 108,2.0 
13,2.0 19,2.0 46,2.0 71,4.0 73,2.0 104,2.0 108,2.0 
7,2.0 13,2.0 31,2.0 54,2.0 66,2.0 
7,2.0 10,2.0 11,2.0 17,2.0 33,4.0 54,2.0 108,4.0 
10,2.0 19,2.0 65,2.0 
12,2.0 13,4.0 17,4.0 34,2.0 37,2.0 55,2.0 121,2.0 122,2.0 
81,2.0 116,2.0 
17,2.0 81,2.0 
8,2.0 57,2.0 
4,2.0 5,2.0 7,2.0 10,2.0 51,2.0 125,2.0 
14,2.0 120,2.0 
14,2.0 114,2.0 
13,2.0 93,2.0 
7,2.0 14,2.0 17,2.0 37,2.0 57,2.0 66,2.0 87,2.0 94,2.0 95,2.0 
17,2.0 63,2.0 124,2.0 
2,2.0 17,2.0 81,2.0 
4,2.0 5,2.0 6,2.0 7,2.0 19,2.0 37,2.0 39,2.0 51,2.0 54,2.0 57,2.0 59,2.0 118,4.0 
3,2.0 7,2.0 62,2.0 
63,2.0 75,2.0 
5,2.0 51,2.0 
78,2.0 80,2.0 
19,2.0 30,2.0 
1,2.0 33,2.0 
22,2.0 133,2.0 
22,2.0 34,1.0 63,1.0 
