1,6.0 5,2.0 9,4.0 10,4.0 13,4.0 16,4.0 20,2.0 24,2.0 27,4.0 28,2.0 33,2.0 34,2.0 36,2.0 39,2.0 45,2.0 46,2.0 49,2.0 55,2.0 74,2.0 96,2.0 121,2.0 
0,4.0 2,2.0 3,2.0 4,2.0 9,6.0 10,4.0 13,2.0 16,2.0 25,4.0 33,4.0 36,6.0 41,2.0 45,4.0 51,2.0 62,2.0 63,2.0 
3,2.0 
1,2.0 4,16.0 5,2.0 6,4.0 10,12.0 11,2.0 19,8.0 20,2.0 22,4.0 24,6.0 25,2.0 27,2.0 28,4.0 31,2.0 34,2.0 39,2.0 44,8.0 47,2.0 48,2.0 51,2.0 55,2.0 60,2.0 66,2.0 74,2.0 102,2.0 103,2.0 110,2.0 113,4.0 114,2.0 121,2.0 136,2.0 149,2.0 150,2.0 152,2.0 158,2.0 159,2.0 
1,4.0 3,8.0 5,16.0 6,2.0 9,6.0 10,2.0 11,2.0 19,16.0 20,6.0 21,2.0 23,2.0 25,4.0 27,2.0 28,2.0 32,2.0 39,10.0 43,2.0 44,2.0 45,2.0 50,2.0 54,2.0 55,2.0 60,2.0 65,2.0 69,2.0 75,2.0 76,2.0 151,2.0 
3,4.0 4,6.0 5,2.0 6,30.0 7,2.0 10,2.0 11,2.0 16,2.0 19,8.0 20,2.0 22,2.0 25,2.0 28,4.0 44,6.0 49,2.0 51,2.0 55,2.0 60,2.0 75,2.0 79,2.0 95,2.0 113,4.0 115,2.0 151,2.0 
4,6.0 5,12.0 6,2.0 7,32.0 11,4.0 13,2.0 14,2.0 16,2.0 19,14.0 20,6.0 24,4.0 25,2.0 26,6.0 27,4.0 30,2.0 39,6.0 44,12.0 45,2.0 47,2.0 50,2.0 55,6.0 60,4.0 62,4.0 67,2.0 75,4.0 76,2.0 79,2.0 82,4.0 94,2.0 95,4.0 116,2.0 153,2.0 154,2.0 
3,2.0 4,4.0 6,18.0 7,2.0 8,2.0 11,26.0 13,2.0 14,2.0 19,12.0 20,4.0 21,2.0 24,4.0 26,8.0 29,2.0 43,2.0 44,4.0 55,4.0 62,2.0 73,2.0 75,6.0 76,2.0 77,2.0 82,2.0 83,2.0 89,2.0 126,2.0 138,2.0 154,2.0 
1,2.0 4,2.0 5,2.0 11,2.0 26,2.0 55,2.0 
0,4.0 1,4.0 3,4.0 5,2.0 9,2.0 10,26.0 20,2.0 22,2.0 24,14.0 25,2.0 26,2.0 27,2.0 28,2.0 44,2.0 51,6.0 53,2.0 66,2.0 78,2.0 96,2.0 103,2.0 105,2.0 110,2.0 113,2.0 118,2.0 127,2.0 160,2.0 
1,2.0 3,20.0 4,4.0 5,2.0 7,2.0 9,14.0 19,2.0 20,4.0 22,2.0 24,12.0 25,2.0 26,4.0 28,4.0 35,2.0 44,2.0 48,2.0 54,4.0 55,2.0 60,2.0 66,2.0 73,2.0 75,2.0 78,2.0 102,2.0 103,2.0 105,2.0 111,2.0 112,2.0 121,4.0 132,2.0 133,2.0 158,2.0 159,2.0 160,4.0 161,2.0 162,2.0 163,2.0 164,2.0 
3,2.0 5,4.0 7,10.0 12,2.0 20,2.0 21,26.0 22,8.0 24,8.0 26,8.0 27,2.0 28,2.0 30,2.0 33,2.0 36,2.0 44,10.0 45,2.0 47,2.0 55,6.0 58,2.0 65,2.0 66,2.0 74,2.0 75,2.0 76,2.0 77,2.0 89,2.0 108,2.0 113,2.0 126,2.0 141,2.0 
13,2.0 
0,4.0 6,2.0 14,16.0 16,10.0 27,4.0 28,2.0 29,2.0 35,4.0 39,2.0 52,2.0 57,2.0 58,2.0 67,2.0 70,2.0 81,2.0 88,2.0 121,2.0 128,2.0 133,2.0 139,2.0 
0,4.0 1,2.0 5,2.0 6,2.0 7,2.0 13,10.0 15,18.0 16,6.0 18,2.0 25,2.0 27,2.0 28,4.0 52,2.0 58,2.0 62,2.0 64,2.0 88,4.0 121,2.0 129,2.0 133,2.0 
14,8.0 17,10.0 25,2.0 31,2.0 52,2.0 58,2.0 59,2.0 63,2.0 76,2.0 88,4.0 89,2.0 90,2.0 99,2.0 129,2.0 134,2.0 156,2.0 
1,2.0 5,2.0 13,10.0 14,4.0 17,2.0 34,2.0 35,10.0 39,2.0 41,2.0 52,2.0 58,4.0 60,2.0 62,2.0 63,2.0 64,2.0 66,2.0 67,2.0 81,2.0 88,2.0 128,2.0 139,2.0 146,2.0 
14,2.0 15,4.0 25,2.0 28,2.0 31,2.0 55,2.0 63,2.0 76,2.0 88,2.0 89,2.0 90,2.0 99,2.0 130,6.0 134,2.0 137,2.0 147,2.0 156,2.0 
5,2.0 19,2.0 
3,6.0 4,12.0 5,8.0 6,10.0 7,12.0 9,4.0 10,2.0 11,8.0 19,4.0 24,2.0 34,2.0 47,4.0 53,2.0 55,2.0 60,2.0 62,2.0 74,2.0 76,2.0 99,2.0 100,2.0 121,2.0 126,2.0 142,2.0 144,2.0 148,2.0 151,2.0 153,2.0 154,2.0 
0,2.0 3,2.0 4,8.0 5,6.0 6,8.0 7,6.0 10,2.0 19,2.0 20,4.0 23,2.0 55,2.0 62,2.0 77,2.0 78,2.0 80,2.0 152,2.0 155,2.0 
1,2.0 3,2.0 4,2.0 7,2.0 10,2.0 11,14.0 19,2.0 22,10.0 23,2.0 24,4.0 25,2.0 26,4.0 28,2.0 36,18.0 44,6.0 65,2.0 71,2.0 74,2.0 75,4.0 78,2.0 80,2.0 108,2.0 121,2.0 
3,6.0 9,2.0 11,6.0 13,2.0 19,2.0 21,8.0 23,2.0 24,2.0 27,2.0 34,2.0 44,4.0 51,2.0 53,2.0 54,2.0 66,2.0 114,2.0 125,2.0 141,2.0 
4,2.0 6,6.0 20,4.0 24,2.0 25,2.0 
0,2.0 3,8.0 6,10.0 7,6.0 8,2.0 9,12.0 10,14.0 11,10.0 19,2.0 21,4.0 25,2.0 27,2.0 33,4.0 35,2.0 36,4.0 45,2.0 47,2.0 51,4.0 60,4.0 109,2.0 110,2.0 111,2.0 112,2.0 117,2.0 
1,4.0 4,6.0 5,2.0 6,2.0 7,2.0 9,2.0 15,4.0 17,2.0 21,2.0 24,2.0 28,2.0 33,4.0 34,2.0 36,4.0 39,4.0 44,2.0 51,4.0 52,2.0 54,2.0 55,10.0 58,4.0 59,2.0 64,2.0 98,4.0 119,2.0 123,2.0 
0,2.0 5,2.0 6,4.0 7,6.0 9,4.0 10,4.0 11,6.0 21,4.0 24,2.0 27,2.0 28,2.0 29,2.0 36,4.0 41,2.0 43,2.0 48,2.0 51,4.0 54,2.0 55,4.0 58,2.0 108,2.0 116,4.0 124,2.0 133,2.0 160,6.0 161,2.0 162,2.0 163,2.0 164,2.0 
0,2.0 3,2.0 4,2.0 6,2.0 9,2.0 10,2.0 11,2.0 13,4.0 14,2.0 16,4.0 22,2.0 24,4.0 25,2.0 28,4.0 33,2.0 35,2.0 36,2.0 41,2.0 44,10.0 51,4.0 53,10.0 54,2.0 57,2.0 60,4.0 81,2.0 82,2.0 98,2.0 122,2.0 157,2.0 
0,2.0 1,2.0 3,8.0 4,2.0 5,4.0 7,2.0 9,2.0 10,4.0 11,4.0 13,2.0 14,2.0 15,2.0 16,4.0 17,2.0 21,4.0 25,4.0 26,2.0 27,2.0 29,4.0 36,2.0 43,2.0 44,2.0 47,2.0 51,2.0 53,2.0 55,2.0 63,2.0 66,2.0 118,2.0 121,6.0 122,2.0 126,2.0 
4,2.0 7,2.0 13,2.0 14,2.0 16,4.0 23,2.0 25,2.0 35,2.0 36,2.0 98,2.0 101,2.0 
5,2.0 9,2.0 28,2.0 
7,4.0 14,2.0 15,2.0 24,2.0 29,2.0 76,2.0 156,2.0 
33,2.0 
0,2.0 1,2.0 6,2.0 11,2.0 13,2.0 24,6.0 27,2.0 29,2.0 34,4.0 35,4.0 36,10.0 41,8.0 42,2.0 49,2.0 68,2.0 75,2.0 78,2.0 88,2.0 107,2.0 146,2.0 150,2.0 
0,2.0 19,2.0 25,2.0 33,8.0 35,2.0 36,2.0 37,2.0 44,2.0 46,2.0 55,4.0 74,2.0 76,2.0 99,2.0 100,2.0 
0,2.0 1,2.0 3,2.0 16,8.0 25,2.0 27,2.0 29,2.0 33,2.0 34,6.0 36,2.0 41,6.0 46,2.0 55,2.0 57,2.0 58,2.0 61,2.0 62,2.0 63,4.0 70,2.0 88,2.0 113,2.0 140,2.0 146,2.0 
0,2.0 1,6.0 4,2.0 16,4.0 21,14.0 22,2.0 24,4.0 25,2.0 26,2.0 27,2.0 28,2.0 29,2.0 33,10.0 38,2.0 41,2.0 44,4.0 45,4.0 63,2.0 64,2.0 65,2.0 71,2.0 72,2.0 74,2.0 75,2.0 81,4.0 109,2.0 121,2.0 157,2.0 
11,2.0 
3,2.0 
4,8.0 6,2.0 7,2.0 16,2.0 25,4.0 28,2.0 35,2.0 40,2.0 44,2.0 55,2.0 67,2.0 69,2.0 70,2.0 75,4.0 76,2.0 96,2.0 97,2.0 
36,2.0 
1,2.0 6,2.0 8,2.0 24,2.0 27,2.0 29,2.0 31,2.0 33,6.0 35,6.0 36,2.0 42,2.0 58,4.0 62,2.0 63,4.0 78,2.0 81,2.0 146,2.0 150,2.0 157,2.0 
8,2.0 41,2.0 
6,2.0 7,2.0 28,2.0 44,2.0 46,2.0 66,2.0 
3,4.0 4,6.0 5,6.0 6,8.0 7,6.0 9,2.0 11,6.0 19,2.0 21,4.0 25,2.0 26,2.0 27,8.0 28,2.0 30,2.0 33,4.0 34,4.0 36,4.0 39,2.0 45,2.0 53,4.0 54,2.0 55,2.0 65,2.0 70,2.0 77,2.0 80,2.0 82,2.0 84,2.0 85,2.0 115,2.0 
1,2.0 4,2.0 8,2.0 24,2.0 33,2.0 36,2.0 43,2.0 49,2.0 
0,2.0 28,2.0 33,2.0 34,2.0 47,2.0 
3,6.0 19,2.0 20,2.0 24,2.0 28,2.0 53,2.0 126,2.0 
0,2.0 88,1.0 133,2.0 161,2.0 162,2.0 163,2.0 164,2.0 
5,2.0 6,2.0 33,2.0 68,2.0 
4,2.0 5,2.0 
0,2.0 1,2.0 9,14.0 10,4.0 22,2.0 24,4.0 25,2.0 26,6.0 27,6.0 28,2.0 53,6.0 55,2.0 66,2.0 95,2.0 103,4.0 105,4.0 112,2.0 124,2.0 160,4.0 
13,2.0 14,4.0 15,2.0 27,2.0 51,2.0 81,2.0 
7,2.0 19,2.0 22,2.0 26,2.0 27,4.0 28,2.0 51,10.0 54,2.0 55,4.0 66,2.0 103,4.0 105,4.0 122,2.0 125,2.0 126,2.0 
3,2.0 22,2.0 26,2.0 27,4.0 44,4.0 51,2.0 53,4.0 55,2.0 56,2.0 103,2.0 105,2.0 106,2.0 125,2.0 160,2.0 
0,2.0 3,4.0 4,2.0 5,2.0 6,6.0 7,2.0 9,2.0 10,2.0 11,4.0 15,2.0 17,2.0 19,2.0 20,2.0 22,2.0 25,8.0 26,4.0 27,2.0 28,2.0 33,2.0 34,4.0 39,4.0 51,2.0 54,4.0 56,2.0 60,2.0 74,2.0 76,2.0 82,2.0 99,2.0 100,2.0 123,2.0 124,2.0 
13,2.0 27,2.0 57,2.0 
13,2.0 14,2.0 22,2.0 27,2.0 61,2.0 
15,2.0 16,4.0 24,2.0 25,2.0 27,2.0 28,2.0 31,2.0 35,6.0 36,2.0 41,4.0 43,2.0 58,2.0 59,2.0 60,2.0 66,6.0 85,2.0 87,2.0 
14,2.0 28,2.0 
3,2.0 4,2.0 6,2.0 10,2.0 11,2.0 20,2.0 23,2.0 24,4.0 26,2.0 27,4.0 55,2.0 87,2.0 111,2.0 
22,2.0 57,2.0 
1,2.0 4,2.0 7,2.0 11,2.0 13,2.0 16,2.0 19,2.0 20,2.0 35,2.0 41,2.0 63,2.0 
1,2.0 10,2.0 13,2.0 16,2.0 17,2.0 25,2.0 28,2.0 33,2.0 35,2.0 41,4.0 62,2.0 75,2.0 89,2.0 90,4.0 91,2.0 121,2.0 126,2.0 
4,2.0 14,2.0 15,2.0 21,2.0 36,2.0 
11,2.0 27,2.0 44,2.0 58,2.0 
7,2.0 9,4.0 10,2.0 11,2.0 16,2.0 21,2.0 22,2.0 28,2.0 35,2.0 43,2.0 51,2.0 58,2.0 74,2.0 
16,2.0 35,2.0 39,2.0 
4,2.0 
3,2.0 4,2.0 
11,2.0 28,2.0 35,2.0 140,2.0 
36,2.0 72,2.0 79,2.0 92,2.0 
9,2.0 27,2.0 44,2.0 
3,2.0 7,2.0 
0,3.0 11,2.0 21,2.0 27,2.0 33,2.0 36,2.0 66,2.0 76,2.0 88,1.0 99,2.0 100,2.0 
4,2.0 6,4.0 7,8.0 10,2.0 11,8.0 19,2.0 21,6.0 36,2.0 39,2.0 44,2.0 75,6.0 76,2.0 78,2.0 79,2.0 81,2.0 83,2.0 84,2.0 93,2.0 121,2.0 
0,3.0 7,2.0 11,2.0 14,2.0 15,2.0 31,2.0 36,2.0 39,2.0 74,2.0 75,4.0 88,1.0 94,2.0 95,2.0 99,2.0 100,2.0 156,2.0 
5,2.0 20,2.0 28,2.0 44,2.0 
4,2.0 6,2.0 7,2.0 10,2.0 20,4.0 41,2.0 75,2.0 150,2.0 
6,2.0 11,2.0 75,6.0 93,2.0 
6,2.0 20,2.0 25,2.0 44,2.0 
11,2.0 13,2.0 14,2.0 24,2.0 27,2.0 33,2.0 41,2.0 52,2.0 75,2.0 88,2.0 145,2.0 157,2.0 
6,4.0 7,2.0 27,2.0 55,2.0 75,2.0 83,2.0 
7,2.0 21,2.0 75,4.0 
44,2.0 85,2.0 
16,2.0 58,4.0 66,2.0 86,2.0 87,2.0 
58,2.0 85,2.0 87,2.0 
16,2.0 33,2.0 58,4.0 66,2.0 85,2.0 107,2.0 
13,2.0 14,4.0 15,4.0 16,2.0 17,2.0 29,2.0 33,2.0 35,2.0 36,2.0 81,2.0 91,2.0 130,2.0 137,2.0 145,2.0 
11,2.0 17,2.0 21,2.0 63,2.0 90,2.0 126,2.0 
17,2.0 25,2.0 28,2.0 55,2.0 63,2.0 91,4.0 
63,2.0 71,2.0 90,2.0 92,4.0 135,2.0 
17,2.0 71,2.0 79,2.0 94,2.0 
6,2.0 75,2.0 
0,2.0 20,2.0 76,2.0 80,2.0 95,2.0 
0,2.0 5,2.0 6,2.0 9,2.0 51,2.0 76,2.0 94,2.0 
9,2.0 10,2.0 39,2.0 97,2.0 
0,2.0 74,2.0 
25,4.0 55,2.0 58,2.0 
0,1.0 17,2.0 74,2.0 76,2.0 88,1.0 100,2.0 147,2.0 
0,1.0 74,2.0 76,2.0 88,1.0 99,2.0 
53,2.0 
3,2.0 103,2.0 
9,2.0 10,2.0 51,4.0 53,4.0 54,2.0 104,2.0 105,14.0 106,2.0 
105,2.0 
9,2.0 10,4.0 51,4.0 53,4.0 54,2.0 103,14.0 106,2.0 
54,2.0 103,2.0 105,2.0 
33,2.0 41,2.0 
21,2.0 26,2.0 36,2.0 
24,2.0 36,2.0 
3,2.0 10,2.0 24,2.0 
6,2.0 24,2.0 60,2.0 
10,2.0 24,2.0 35,2.0 
3,2.0 5,4.0 6,6.0 63,2.0 149,2.0 150,2.0 
26,2.0 28,2.0 
116,2.0 
0,2.0 9,2.0 24,2.0 26,2.0 117,4.0 
11,2.0 24,2.0 26,2.0 116,2.0 141,2.0 
25,2.0 55,2.0 119,2.0 123,2.0 
25,2.0 51,2.0 120,2.0 
25,2.0 119,2.0 
0,2.0 1,2.0 3,2.0 4,2.0 6,2.0 10,4.0 13,2.0 16,2.0 19,4.0 21,2.0 25,2.0 28,6.0 36,2.0 75,2.0 
123,2.0 
25,2.0 54,2.0 55,2.0 118,2.0 
9,2.0 24,2.0 
7,2.0 19,2.0 53,2.0 
11,2.0 21,2.0 28,2.0 51,2.0 53,2.0 63,2.0 89,2.0 
35,2.0 88,2.0 
13,2.0 14,2.0 
15,2.0 17,2.0 
88,2.0 91,4.0 131,2.0 137,2.0 
51,2.0 95,2.0 
16,2.0 63,2.0 
14,2.0 15,2.0 48,2.0 88,1.0 161,2.0 162,2.0 163,2.0 164,2.0 
17,2.0 130,2.0 
9,2.0 96,2.0 
13,2.0 29,2.0 
81,2.0 88,4.0 91,2.0 130,2.0 
14,2.0 
16,2.0 35,2.0 
6,2.0 26,2.0 
24,2.0 117,2.0 142,2.0 
19,2.0 143,2.0 144,2.0 
19,2.0 142,2.0 
137,2.0 
33,2.0 88,2.0 
16,2.0 35,4.0 41,2.0 
19,2.0 148,2.0 
3,2.0 19,2.0 
63,2.0 113,2.0 150,2.0 
6,2.0 41,2.0 63,2.0 78,2.0 113,2.0 149,2.0 
4,2.0 5,2.0 19,4.0 
5,2.0 20,2.0 
19,2.0 121,2.0 
6,2.0 7,2.0 19,4.0 
92,2.0 
14,2.0 15,2.0 31,2.0 76,2.0 
24,2.0 27,2.0 33,2.0 41,2.0 81,2.0 
3,2.0 10,2.0 159,2.0 
3,2.0 10,2.0 158,2.0 
9,2.0 10,4.0 26,6.0 48,2.0 51,2.0 54,2.0 133,2.0 161,2.0 162,2.0 163,2.0 164,2.0 
48,2.0 88,1.0 133,2.0 162,2.0 163,2.0 164,2.0 
48,2.0 88,1.0 133,2.0 161,2.0 163,2.0 164,2.0 
48,2.0 88,1.0 133,2.0 161,2.0 162,2.0 164,2.0 
48,2.0 88,1.0 133,2.0 161,2.0 162,2.0 163,2.0 
