1,7.0 2,9.0 3,7.0 5,2.0 6,12.0 7,5.0 11,2.0 12,2.0 14,10.0 15,2.0 18,5.0 20,12.0 22,1.0 25,1.0 28,1.0 29,1.0 39,3.0 40,1.0 45,1.0 47,1.0 56,2.0 61,2.0 64,2.0 74,4.0 75,4.0 94,1.0 104,1.0 112,2.0 115,1.0 
0,1.0 2,2.0 3,8.0 5,5.0 27,2.0 28,4.0 33,4.0 37,2.0 38,1.0 40,2.0 63,2.0 66,2.0 72,2.0 74,2.0 103,2.0 115,2.0 130,2.0 156,2.0 172,2.0 
0,12.0 1,4.0 3,26.0 4,5.0 5,8.0 6,4.0 7,3.0 8,2.0 9,2.0 11,6.0 12,13.0 14,2.0 15,6.0 18,12.0 24,1.0 27,4.0 29,1.0 33,1.0 39,4.0 43,1.0 45,1.0 48,2.0 57,1.0 60,6.0 66,6.0 67,2.0 74,4.0 75,4.0 76,4.0 82,2.0 94,3.0 100,4.0 103,2.0 112,2.0 113,3.0 115,3.0 128,2.0 138,2.0 139,2.0 143,4.0 145,2.0 147,2.0 153,2.0 171,4.0 172,2.0 
0,5.0 1,8.0 2,20.0 4,5.0 5,23.0 6,1.0 7,3.0 11,22.0 12,12.0 14,4.0 15,1.0 18,6.0 20,2.0 22,1.0 24,1.0 25,2.0 27,10.0 30,2.0 31,1.0 35,1.0 37,3.0 38,8.0 39,2.0 40,5.0 41,1.0 47,5.0 63,2.0 66,6.0 69,2.0 70,8.0 71,8.0 74,6.0 75,6.0 95,2.0 100,8.0 101,2.0 103,2.0 104,7.0 105,2.0 106,1.0 113,1.0 114,2.0 115,2.0 126,2.0 127,2.0 138,2.0 143,6.0 144,2.0 152,2.0 156,2.0 171,4.0 
2,3.0 3,4.0 5,4.0 28,1.0 33,1.0 38,1.0 50,2.0 108,2.0 145,2.0 
0,1.0 1,2.0 2,10.0 3,22.0 4,1.0 6,4.0 7,2.0 11,7.0 12,14.0 14,5.0 15,1.0 18,10.0 20,4.0 26,3.0 27,12.0 29,1.0 40,8.0 48,3.0 63,4.0 66,2.0 76,2.0 94,2.0 107,2.0 114,7.0 115,1.0 125,2.0 138,4.0 139,2.0 143,2.0 
0,8.0 2,2.0 3,2.0 5,4.0 7,8.0 8,4.0 12,4.0 14,8.0 15,6.0 20,5.0 21,2.0 23,1.0 26,2.0 27,2.0 39,4.0 40,8.0 43,1.0 63,4.0 64,1.0 66,10.0 70,7.0 71,6.0 77,2.0 81,2.0 105,2.0 112,1.0 113,2.0 114,2.0 125,2.0 126,4.0 148,2.0 175,2.0 176,2.0 
0,5.0 5,2.0 6,15.0 8,8.0 11,8.0 12,8.0 15,3.0 18,2.0 20,5.0 21,1.0 23,1.0 27,2.0 28,4.0 37,2.0 40,1.0 43,4.0 47,4.0 48,2.0 49,2.0 62,2.0 63,1.0 66,2.0 68,2.0 70,4.0 71,4.0 77,2.0 82,4.0 83,2.0 92,2.0 112,1.0 115,2.0 126,2.0 127,4.0 169,2.0 
0,2.0 2,4.0 6,2.0 7,10.0 24,1.0 33,2.0 68,2.0 77,2.0 105,2.0 113,1.0 127,2.0 128,2.0 
10,2.0 
7,2.0 11,1.0 
0,8.0 2,2.0 3,19.0 5,14.0 6,2.0 7,5.0 12,17.0 13,6.0 14,5.0 18,12.0 20,6.0 27,4.0 28,2.0 33,2.0 37,1.0 47,2.0 49,1.0 50,1.0 51,1.0 52,1.0 58,1.0 61,4.0 74,2.0 75,1.0 94,2.0 97,2.0 107,2.0 118,2.0 119,2.0 120,2.0 135,2.0 146,2.0 149,2.0 
0,4.0 2,18.0 3,6.0 5,11.0 6,6.0 7,2.0 11,16.0 13,4.0 14,16.0 15,4.0 16,4.0 18,4.0 21,4.0 27,2.0 28,2.0 33,1.0 40,2.0 47,4.0 48,2.0 49,4.0 56,1.0 66,4.0 97,4.0 100,4.0 120,2.0 121,2.0 134,4.0 137,2.0 149,2.0 151,2.0 152,2.0 154,8.0 155,8.0 161,2.0 162,2.0 
2,2.0 11,4.0 14,4.0 15,2.0 18,2.0 20,2.0 39,2.0 44,2.0 54,1.0 90,2.0 91,2.0 
0,6.0 2,12.0 3,6.0 5,2.0 7,2.0 11,3.0 12,16.0 13,4.0 15,10.0 17,1.0 20,4.0 27,5.0 28,8.0 33,2.0 49,2.0 61,2.0 63,2.0 66,12.0 82,8.0 85,4.0 90,2.0 91,2.0 92,2.0 98,2.0 99,2.0 100,2.0 107,2.0 118,2.0 121,2.0 123,2.0 134,2.0 141,2.0 152,2.0 154,6.0 155,6.0 
0,2.0 2,3.0 3,6.0 6,6.0 12,3.0 14,7.0 18,4.0 27,3.0 28,1.0 33,2.0 39,2.0 47,2.0 48,1.0 49,2.0 53,1.0 66,4.0 122,2.0 137,2.0 154,2.0 155,2.0 
11,2.0 12,2.0 14,1.0 17,2.0 
3,1.0 11,1.0 12,2.0 14,2.0 16,2.0 
2,10.0 3,16.0 5,6.0 6,2.0 7,2.0 11,13.0 12,8.0 13,2.0 14,4.0 17,2.0 19,2.0 20,5.0 21,3.0 27,3.0 37,6.0 38,1.0 40,1.0 42,1.0 47,2.0 51,1.0 52,2.0 57,2.0 74,5.0 75,5.0 84,1.0 85,2.0 98,2.0 100,2.0 111,1.0 122,2.0 141,2.0 150,2.0 154,6.0 155,6.0 156,2.0 164,2.0 
20,2.0 21,2.0 
0,6.0 2,6.0 3,3.0 5,8.0 7,4.0 11,4.0 13,3.0 18,15.0 19,2.0 21,2.0 27,10.0 28,3.0 34,1.0 38,2.0 39,1.0 40,16.0 41,2.0 43,3.0 50,2.0 54,2.0 62,3.0 66,3.0 68,3.0 70,2.0 74,6.0 75,6.0 86,2.0 123,2.0 129,2.0 134,2.0 141,2.0 146,2.0 154,4.0 155,4.0 
0,3.0 1,1.0 6,1.0 12,2.0 18,2.0 20,3.0 54,2.0 55,1.0 68,2.0 74,6.0 75,6.0 111,1.0 124,2.0 
0,1.0 6,1.0 
7,1.0 8,1.0 
0,1.0 2,2.0 3,1.0 27,1.0 28,1.0 40,2.0 78,1.0 
3,2.0 5,1.0 38,1.0 
3,2.0 5,2.0 27,2.0 28,1.0 37,1.0 
0,2.0 1,4.0 3,6.0 5,10.0 6,2.0 7,2.0 11,1.0 12,3.0 14,6.0 15,2.0 18,6.0 20,4.0 24,2.0 26,2.0 28,15.0 30,2.0 31,1.0 33,3.0 36,1.0 37,15.0 39,6.0 40,7.0 43,1.0 47,2.0 60,4.0 61,2.0 63,2.0 66,2.0 70,2.0 71,2.0 87,2.0 94,2.0 95,4.0 102,2.0 104,2.0 105,8.0 106,1.0 113,4.0 114,4.0 116,1.0 133,2.0 136,2.0 147,2.0 
1,4.0 2,4.0 3,1.0 4,1.0 5,2.0 7,2.0 12,2.0 14,2.0 15,2.0 18,1.0 20,2.0 27,15.0 29,1.0 32,2.0 33,16.0 34,4.0 35,1.0 37,2.0 38,2.0 39,3.0 40,1.0 43,4.0 45,1.0 46,1.0 47,7.0 60,4.0 74,6.0 75,4.0 81,2.0 82,6.0 84,5.0 87,2.0 94,7.0 95,2.0 96,2.0 104,2.0 112,2.0 115,5.0 125,4.0 131,2.0 143,2.0 152,6.0 
0,1.0 5,1.0 6,1.0 27,1.0 
2,1.0 3,2.0 37,1.0 
27,1.0 28,1.0 
27,1.0 28,1.0 33,1.0 34,1.0 
0,1.0 2,2.0 3,2.0 7,4.0 8,2.0 11,4.0 12,4.0 14,3.0 20,2.0 26,1.0 27,4.0 28,13.0 32,1.0 34,9.0 36,1.0 40,6.0 47,2.0 48,2.0 74,2.0 75,2.0 81,1.0 82,2.0 84,2.0 87,2.0 94,8.0 105,2.0 106,2.0 107,2.0 113,2.0 114,1.0 116,1.0 143,2.0 166,2.0 167,2.0 
1,6.0 4,1.0 20,2.0 28,7.0 33,8.0 35,1.0 37,2.0 40,2.0 43,1.0 94,2.0 104,4.0 106,2.0 112,2.0 136,4.0 166,2.0 
3,1.0 28,1.0 33,1.0 38,1.0 
27,1.0 37,1.0 
1,3.0 3,13.0 4,1.0 7,2.0 11,2.0 18,2.0 20,1.0 24,1.0 25,1.0 27,4.0 28,6.0 33,2.0 35,1.0 38,2.0 40,2.0 46,1.0 70,4.0 71,4.0 74,8.0 75,8.0 82,2.0 84,3.0 88,2.0 94,2.0 100,2.0 103,2.0 104,2.0 105,2.0 113,1.0 152,2.0 
3,3.0 11,1.0 18,2.0 28,4.0 32,1.0 34,2.0 37,4.0 39,1.0 40,1.0 43,2.0 45,1.0 69,1.0 70,8.0 71,8.0 81,3.0 94,5.0 111,1.0 117,1.0 
0,1.0 2,6.0 6,2.0 7,2.0 13,2.0 15,2.0 27,4.0 28,2.0 33,2.0 38,2.0 40,5.0 43,4.0 44,4.0 47,1.0 60,3.0 61,2.0 66,4.0 74,5.0 75,4.0 107,2.0 157,2.0 
2,2.0 3,9.0 5,2.0 6,7.0 7,4.0 11,4.0 20,7.0 24,1.0 27,6.0 28,4.0 33,4.0 34,2.0 37,2.0 39,1.0 43,4.0 47,2.0 48,2.0 59,4.0 60,10.0 61,2.0 63,1.0 65,1.0 66,2.0 78,2.0 107,2.0 110,2.0 142,2.0 144,2.0 154,2.0 155,2.0 
18,1.0 42,2.0 
6,1.0 18,2.0 40,1.0 
3,2.0 6,4.0 7,2.0 13,2.0 20,2.0 21,2.0 28,2.0 33,4.0 38,1.0 39,4.0 40,4.0 65,2.0 74,5.0 75,7.0 80,2.0 
20,2.0 43,2.0 
0,1.0 6,1.0 27,1.0 28,1.0 
27,1.0 37,1.0 
3,2.0 5,2.0 6,4.0 7,10.0 11,6.0 12,2.0 14,3.0 15,4.0 18,2.0 27,3.0 33,4.0 37,2.0 39,2.0 43,1.0 59,2.0 65,2.0 70,4.0 71,4.0 73,2.0 82,2.0 89,2.0 90,2.0 119,2.0 151,2.0 
3,4.0 7,2.0 11,2.0 15,2.0 34,4.0 40,2.0 47,1.0 103,2.0 155,2.0 160,2.0 165,2.0 168,2.0 
11,2.0 12,4.0 14,2.0 47,2.0 52,1.0 
20,2.0 51,1.0 52,1.0 109,2.0 130,2.0 
18,2.0 50,1.0 52,3.0 
15,1.0 18,1.0 51,3.0 53,2.0 
0,1.0 14,1.0 15,2.0 
12,1.0 21,1.0 55,4.0 56,2.0 
21,2.0 54,3.0 
7,1.0 11,1.0 12,2.0 14,2.0 74,2.0 154,2.0 
11,1.0 58,2.0 
0,1.0 11,2.0 20,1.0 
15,2.0 39,2.0 47,2.0 60,2.0 
2,3.0 3,2.0 6,2.0 7,2.0 20,2.0 28,4.0 39,8.0 40,2.0 47,2.0 59,2.0 66,2.0 154,2.0 155,2.0 
0,2.0 5,2.0 18,2.0 20,8.0 27,2.0 37,2.0 62,2.0 99,2.0 134,2.0 140,2.0 
0,2.0 5,2.0 6,2.0 7,1.0 20,2.0 61,2.0 63,1.0 74,4.0 75,2.0 140,2.0 141,2.0 
0,2.0 2,2.0 5,4.0 6,2.0 12,4.0 14,2.0 39,2.0 66,4.0 74,2.0 75,4.0 76,2.0 134,2.0 
0,1.0 39,1.0 47,2.0 
6,3.0 12,2.0 40,2.0 47,2.0 63,1.0 
1,2.0 2,19.0 3,2.0 5,2.0 6,2.0 12,6.0 14,12.0 15,2.0 18,1.0 20,2.0 38,2.0 39,4.0 40,2.0 43,1.0 60,3.0 63,2.0 67,1.0 70,8.0 71,8.0 76,2.0 77,4.0 100,2.0 103,2.0 105,2.0 153,2.0 
2,1.0 7,2.0 43,1.0 
0,2.0 3,2.0 7,2.0 20,6.0 39,1.0 40,2.0 66,1.0 
3,1.0 6,2.0 40,1.0 
3,8.0 6,6.0 7,4.0 18,2.0 27,2.0 37,4.0 38,8.0 47,4.0 66,8.0 71,70.0 72,2.0 73,2.0 74,2.0 
3,8.0 6,6.0 7,6.0 27,2.0 37,4.0 38,8.0 47,4.0 66,8.0 70,68.0 72,2.0 73,2.0 
2,2.0 4,2.0 70,2.0 71,2.0 
18,2.0 70,2.0 74,2.0 
0,4.0 2,4.0 3,6.0 8,2.0 11,1.0 14,2.0 18,5.0 20,6.0 21,6.0 24,2.0 28,4.0 33,2.0 37,8.0 39,4.0 40,1.0 43,7.0 56,2.0 62,2.0 63,4.0 75,110.0 76,2.0 77,2.0 105,2.0 152,6.0 154,2.0 
0,4.0 2,4.0 3,6.0 11,2.0 18,3.0 20,6.0 21,6.0 28,4.0 33,2.0 37,8.0 39,5.0 43,5.0 48,2.0 56,2.0 62,4.0 63,2.0 74,111.0 76,1.0 77,2.0 152,6.0 
2,4.0 3,4.0 74,1.0 75,2.0 171,4.0 
2,4.0 20,2.0 24,2.0 40,1.0 66,4.0 74,2.0 76,2.0 129,2.0 
79,2.0 
43,2.0 
6,2.0 81,1.0 
6,1.0 27,1.0 28,1.0 33,1.0 34,1.0 38,2.0 39,2.0 70,2.0 111,1.0 117,1.0 
6,2.0 7,4.0 8,4.0 14,2.0 27,2.0 28,6.0 33,4.0 38,2.0 47,8.0 65,2.0 93,2.0 97,2.0 
18,1.0 84,2.0 
18,2.0 27,1.0 28,4.0 37,1.0 85,1.0 96,2.0 152,2.0 
14,2.0 50,2.0 98,2.0 149,2.0 
27,2.0 87,2.0 
27,4.0 28,2.0 37,2.0 
47,2.0 89,2.0 
47,2.0 90,2.0 
82,2.0 91,4.0 97,2.0 
82,4.0 90,2.0 97,2.0 
14,2.0 33,2.0 82,2.0 97,2.0 98,2.0 169,2.0 
33,2.0 94,2.0 
0,1.0 3,2.0 5,4.0 6,1.0 27,3.0 28,5.0 33,10.0 34,8.0 37,2.0 
12,2.0 27,4.0 37,2.0 
97,2.0 
8,2.0 11,2.0 12,2.0 14,2.0 18,2.0 33,2.0 82,2.0 92,2.0 98,6.0 149,4.0 150,2.0 
11,2.0 14,2.0 85,2.0 92,2.0 97,4.0 135,4.0 156,2.0 
18,2.0 37,2.0 61,2.0 
2,2.0 3,8.0 5,2.0 12,2.0 14,2.0 18,4.0 66,2.0 101,2.0 154,8.0 155,6.0 
27,2.0 102,2.0 
27,2.0 37,2.0 
3,2.0 20,2.0 34,2.0 38,2.0 48,2.0 68,2.0 
0,1.0 2,2.0 3,2.0 6,1.0 27,2.0 28,8.0 33,2.0 34,2.0 136,2.0 152,4.0 
2,3.0 3,4.0 6,2.0 7,2.0 8,2.0 28,2.0 33,2.0 37,3.0 60,2.0 66,2.0 106,2.0 107,2.0 127,2.0 136,2.0 155,2.0 158,2.0 175,2.0 176,2.0 
4,2.0 27,1.0 28,1.0 34,2.0 107,2.0 108,2.0 136,2.0 
4,2.0 7,2.0 11,2.0 14,2.0 40,2.0 61,2.0 85,2.0 106,2.0 108,2.0 
4,2.0 50,2.0 
110,2.0 
2,2.0 38,2.0 40,2.0 60,2.0 81,2.0 
0,1.0 1,1.0 14,1.0 21,1.0 117,1.0 
0,2.0 6,2.0 7,1.0 8,1.0 34,2.0 40,2.0 
0,3.0 2,6.0 3,1.0 5,2.0 27,3.0 28,1.0 33,2.0 
2,2.0 3,4.0 5,2.0 11,1.0 27,4.0 28,3.0 37,1.0 
0,1.0 2,2.0 5,1.0 6,1.0 27,3.0 28,2.0 131,2.0 154,2.0 156,2.0 
27,1.0 37,1.0 
14,1.0 111,1.0 
14,2.0 28,2.0 82,2.0 
11,2.0 120,2.0 
12,2.0 14,2.0 121,6.0 
12,2.0 14,2.0 15,2.0 120,4.0 
14,2.0 18,2.0 
5,2.0 18,2.0 20,2.0 
3,2.0 104,2.0 
3,2.0 6,2.0 27,4.0 28,4.0 126,2.0 155,2.0 170,2.0 173,2.0 174,2.0 
3,2.0 6,2.0 7,2.0 66,2.0 77,2.0 127,2.0 
6,2.0 7,4.0 66,2.0 77,2.0 126,2.0 
8,2.0 77,2.0 
20,2.0 50,2.0 
40,2.0 110,2.0 173,2.0 
132,2.0 
27,2.0 133,2.0 
5,2.0 27,2.0 40,2.0 
12,4.0 14,2.0 20,2.0 40,2.0 97,2.0 
11,2.0 20,2.0 27,2.0 61,2.0 
28,6.0 60,2.0 104,2.0 105,2.0 125,2.0 
27,2.0 113,2.0 143,2.0 158,2.0 
2,2.0 3,4.0 5,2.0 
5,2.0 11,2.0 107,2.0 
0,2.0 61,2.0 62,2.0 
5,2.0 14,2.0 20,4.0 27,2.0 62,2.0 
34,2.0 106,2.0 
0,2.0 1,2.0 2,6.0 3,2.0 28,2.0 152,2.0 158,2.0 159,2.0 172,2.0 
1,2.0 
63,2.0 
11,2.0 27,2.0 94,2.0 
0,2.0 14,2.0 27,2.0 
14,2.0 107,2.0 
11,2.0 12,2.0 97,6.0 
17,2.0 18,2.0 
11,2.0 33,2.0 47,2.0 
14,2.0 15,2.0 28,4.0 33,2.0 37,2.0 74,6.0 75,6.0 104,4.0 105,2.0 113,2.0 
2,2.0 7,2.0 82,2.0 
12,8.0 14,6.0 15,2.0 18,8.0 20,4.0 40,2.0 60,2.0 100,8.0 155,58.0 
6,2.0 12,8.0 14,4.0 15,2.0 18,6.0 20,4.0 34,2.0 40,2.0 48,2.0 60,2.0 100,8.0 105,2.0 125,2.0 154,54.0 165,6.0 170,2.0 
98,2.0 115,2.0 135,2.0 154,2.0 
28,2.0 125,2.0 
105,2.0 143,2.0 155,2.0 159,2.0 
75,2.0 
12,2.0 161,2.0 
12,2.0 162,2.0 
163,2.0 
18,2.0 
105,2.0 158,2.0 
48,2.0 74,2.0 155,4.0 
33,2.0 167,2.0 
48,2.0 168,2.0 
7,2.0 48,2.0 
14,2.0 33,2.0 92,2.0 
125,2.0 155,2.0 
2,2.0 3,4.0 5,2.0 39,2.0 63,2.0 
1,2.0 130,2.0 
125,2.0 154,2.0 174,2.0 
125,2.0 173,2.0 
14,1.0 176,2.0 
14,1.0 175,2.0 
