0,1.0 1,5.0 2,3.0 3,2.0 4,3.0 11,4.0 17,1.0 18,6.0 38,4.0 39,2.0 41,2.0 42,1.0 50,2.0 
0,2.0 2,3.0 3,3.0 4,3.0 5,1.0 20,4.0 21,1.0 22,1.0 23,1.0 28,1.0 38,4.0 39,2.0 41,2.0 42,1.0 
1,3.0 3,3.0 4,2.0 5,1.0 
1,2.0 2,2.0 4,5.0 5,4.0 9,3.0 22,1.0 23,1.0 25,1.0 28,4.0 
0,3.0 1,2.0 4,2.0 5,9.0 6,5.0 7,4.0 8,7.0 9,3.0 10,4.0 11,4.0 12,2.0 22,1.0 27,1.0 38,2.0 40,1.0 41,1.0 50,2.0 57,1.0 
4,7.0 6,3.0 7,3.0 8,2.0 11,2.0 12,4.0 13,1.0 22,1.0 27,2.0 31,1.0 57,1.0 
4,3.0 7,3.0 8,4.0 9,2.0 10,2.0 48,2.0 49,2.0 50,2.0 
4,3.0 6,3.0 8,4.0 9,2.0 10,2.0 
4,8.0 5,4.0 6,4.0 7,2.0 8,1.0 9,2.0 10,2.0 11,4.0 12,2.0 27,1.0 30,2.0 39,1.0 47,2.0 48,2.0 49,1.0 50,1.0 63,1.0 
4,4.0 5,1.0 8,5.0 10,3.0 11,3.0 17,4.0 28,2.0 29,4.0 30,1.0 34,1.0 36,1.0 
4,3.0 5,1.0 8,4.0 9,4.0 11,2.0 
0,3.0 4,5.0 5,4.0 8,3.0 12,3.0 18,2.0 19,6.0 20,4.0 22,2.0 27,1.0 31,1.0 38,2.0 
5,1.0 13,2.0 27,1.0 31,2.0 53,2.0 70,1.0 71,1.0 72,1.0 73,1.0 74,1.0 
14,2.0 15,2.0 35,1.0 
15,2.0 16,1.0 17,1.0 34,1.0 35,1.0 43,1.0 44,1.0 61,1.0 62,1.0 
14,4.0 16,1.0 17,1.0 35,1.0 43,1.0 
0,1.0 17,1.0 
0,6.0 18,1.0 21,2.0 22,1.0 29,5.0 30,2.0 34,1.0 36,1.0 52,1.0 64,1.0 66,1.0 
11,6.0 19,8.0 25,1.0 
11,4.0 20,6.0 22,5.0 25,2.0 56,1.0 
17,1.0 21,10.0 22,11.0 23,1.0 25,1.0 
0,2.0 1,2.0 3,1.0 17,2.0 20,1.0 22,4.0 23,6.0 24,3.0 25,5.0 26,3.0 
3,1.0 4,1.0 5,1.0 17,2.0 20,6.0 21,11.0 23,3.0 24,2.0 25,6.0 26,1.0 37,1.0 56,1.0 57,1.0 
1,4.0 3,1.0 4,1.0 5,1.0 20,1.0 21,2.0 22,1.0 25,1.0 69,1.0 
25,4.0 26,4.0 27,4.0 
3,1.0 4,1.0 5,1.0 19,1.0 20,1.0 21,1.0 22,3.0 23,2.0 24,4.0 26,4.0 27,4.0 29,1.0 37,2.0 38,1.0 39,1.0 56,1.0 
3,1.0 24,3.0 25,3.0 27,4.0 
3,4.0 5,1.0 11,1.0 12,2.0 13,1.0 26,1.0 28,1.0 31,1.0 45,2.0 46,2.0 
3,1.0 9,4.0 15,2.0 17,2.0 29,3.0 34,1.0 36,1.0 42,1.0 
4,1.0 9,1.0 17,4.0 18,2.0 22,1.0 30,2.0 34,1.0 36,1.0 38,2.0 39,2.0 40,2.0 64,1.0 
17,2.0 30,2.0 31,4.0 32,4.0 33,3.0 34,2.0 51,1.0 52,1.0 63,1.0 64,1.0 65,1.0 66,1.0 
12,1.0 30,2.0 32,2.0 33,2.0 53,2.0 54,1.0 55,1.0 60,1.0 
30,4.0 33,3.0 34,1.0 65,2.0 67,1.0 
30,3.0 32,3.0 
0,3.0 17,1.0 22,1.0 27,1.0 29,1.0 36,1.0 44,1.0 67,1.0 
14,1.0 15,1.0 17,1.0 
17,1.0 22,1.0 29,1.0 34,1.0 
25,1.0 29,2.0 38,2.0 39,1.0 
0,5.0 1,4.0 4,4.0 11,2.0 28,1.0 29,2.0 39,4.0 40,2.0 41,2.0 42,1.0 
1,2.0 4,2.0 8,2.0 28,2.0 29,1.0 30,1.0 38,3.0 40,2.0 42,2.0 
1,2.0 4,2.0 38,2.0 39,1.0 
0,2.0 1,2.0 38,2.0 39,1.0 42,1.0 
1,1.0 15,1.0 28,2.0 38,1.0 39,1.0 
14,1.0 34,1.0 44,1.0 
27,2.0 34,1.0 45,1.0 
8,1.0 27,1.0 46,2.0 47,1.0 
8,2.0 45,1.0 47,2.0 
6,2.0 8,2.0 48,2.0 49,1.0 50,1.0 
6,2.0 49,2.0 50,2.0 
0,1.0 6,1.0 11,1.0 38,1.0 48,1.0 50,1.0 
0,2.0 6,1.0 8,1.0 11,1.0 38,1.0 39,2.0 48,1.0 49,1.0 
17,1.0 
30,2.0 
31,1.0 54,1.0 55,2.0 68,1.0 
17,1.0 55,1.0 
17,2.0 54,1.0 59,1.0 68,1.0 
17,1.0 21,1.0 22,1.0 
55,1.0 58,1.0 
57,1.0 
31,1.0 
22,1.0 
44,1.0 62,1.0 
44,1.0 61,1.0 
30,1.0 64,1.0 
32,1.0 52,1.0 65,1.0 
30,1.0 32,2.0 34,1.0 67,1.0 
0,1.0 17,1.0 
0,1.0 34,1.0 
17,1.0 55,1.0 
12,1.0 70,1.0 
12,1.0 71,1.0 72,1.0 
12,1.0 72,1.0 73,1.0 74,1.0 
12,1.0 71,1.0 73,1.0 74,1.0 
12,1.0 74,1.0 
12,1.0 73,1.0 
