1,24.0 2,16.0 3,16.0 4,6.0 5,10.0 7,8.0 8,2.0 10,2.0 11,2.0 12,12.0 15,2.0 16,10.0 20,2.0 21,2.0 22,4.0 27,6.0 28,4.0 29,2.0 30,2.0 33,4.0 34,10.0 35,2.0 36,18.0 37,6.0 38,6.0 40,4.0 42,8.0 44,4.0 45,6.0 46,4.0 49,2.0 50,2.0 51,4.0 60,2.0 61,10.0 62,2.0 63,2.0 72,4.0 83,2.0 88,2.0 89,2.0 
0,4.0 2,8.0 3,6.0 5,6.0 7,4.0 9,6.0 11,2.0 12,2.0 13,2.0 36,10.0 37,2.0 41,2.0 42,2.0 49,2.0 69,2.0 90,2.0 
0,16.0 1,12.0 3,2.0 4,2.0 5,10.0 6,10.0 7,14.0 8,10.0 9,10.0 10,6.0 14,2.0 20,2.0 22,2.0 37,2.0 38,6.0 39,2.0 41,2.0 44,4.0 46,2.0 47,2.0 49,2.0 51,2.0 79,2.0 
0,4.0 2,2.0 4,20.0 5,6.0 7,6.0 8,2.0 12,6.0 14,2.0 18,8.0 20,2.0 22,2.0 34,18.0 36,12.0 46,2.0 48,4.0 51,6.0 60,2.0 61,2.0 68,4.0 85,4.0 
0,14.0 2,4.0 3,2.0 7,2.0 9,10.0 10,2.0 12,2.0 34,10.0 35,6.0 36,16.0 39,2.0 41,4.0 47,2.0 48,2.0 
0,12.0 2,14.0 3,6.0 4,2.0 6,14.0 7,8.0 8,2.0 10,2.0 12,2.0 14,4.0 15,4.0 16,10.0 18,12.0 20,4.0 22,2.0 27,2.0 33,4.0 34,10.0 35,2.0 36,10.0 38,6.0 42,2.0 43,2.0 44,8.0 45,2.0 48,2.0 49,2.0 51,8.0 60,2.0 61,14.0 66,2.0 67,2.0 68,4.0 72,2.0 83,2.0 
0,8.0 2,10.0 3,2.0 7,4.0 9,2.0 33,2.0 36,4.0 
0,8.0 2,14.0 3,4.0 5,16.0 8,14.0 9,8.0 10,2.0 12,2.0 13,2.0 14,6.0 15,2.0 16,2.0 17,2.0 18,10.0 20,12.0 27,2.0 29,2.0 33,8.0 34,6.0 35,4.0 36,6.0 37,2.0 38,2.0 40,12.0 41,2.0 42,4.0 43,4.0 44,2.0 45,2.0 46,4.0 48,2.0 51,10.0 54,2.0 66,6.0 67,2.0 68,2.0 70,2.0 
0,2.0 2,10.0 5,12.0 7,4.0 9,4.0 33,2.0 42,6.0 43,4.0 51,2.0 
1,2.0 2,6.0 4,8.0 5,4.0 6,2.0 7,14.0 8,4.0 10,6.0 13,2.0 14,4.0 33,8.0 34,6.0 35,6.0 36,4.0 38,2.0 39,2.0 40,2.0 41,6.0 42,6.0 44,8.0 49,4.0 51,6.0 59,2.0 61,6.0 64,2.0 65,2.0 87,2.0 
0,2.0 2,4.0 4,2.0 5,2.0 7,6.0 9,2.0 12,2.0 14,2.0 20,2.0 22,2.0 27,4.0 35,6.0 37,2.0 47,2.0 48,2.0 
1,2.0 12,2.0 
0,12.0 3,6.0 5,4.0 7,2.0 13,12.0 14,12.0 16,2.0 18,6.0 20,4.0 21,2.0 22,6.0 26,2.0 27,6.0 28,2.0 29,4.0 31,2.0 32,4.0 34,2.0 36,4.0 38,2.0 60,6.0 61,4.0 62,2.0 
1,2.0 7,2.0 9,2.0 14,10.0 15,2.0 16,4.0 18,4.0 20,2.0 22,2.0 27,4.0 29,2.0 33,2.0 38,4.0 49,2.0 64,2.0 69,2.0 
0,2.0 1,2.0 2,2.0 3,2.0 5,6.0 7,2.0 9,4.0 10,2.0 12,10.0 13,12.0 15,2.0 16,12.0 17,12.0 18,12.0 19,12.0 20,12.0 21,6.0 22,4.0 23,2.0 24,2.0 25,2.0 26,4.0 27,2.0 28,2.0 29,2.0 30,4.0 31,2.0 32,2.0 33,2.0 34,2.0 37,8.0 38,2.0 41,2.0 51,2.0 57,2.0 61,8.0 81,2.0 
5,6.0 7,2.0 10,2.0 14,2.0 16,6.0 18,4.0 19,2.0 22,2.0 30,2.0 34,10.0 38,2.0 
0,10.0 3,2.0 5,10.0 7,2.0 12,2.0 13,2.0 14,10.0 15,4.0 17,10.0 18,2.0 20,6.0 22,6.0 27,4.0 33,4.0 34,10.0 36,4.0 38,2.0 43,2.0 47,2.0 48,2.0 58,2.0 60,2.0 61,2.0 63,6.0 
3,2.0 12,8.0 14,12.0 18,4.0 20,6.0 22,2.0 40,2.0 60,2.0 61,2.0 
0,2.0 3,4.0 5,12.0 7,10.0 12,2.0 14,14.0 15,4.0 16,4.0 19,14.0 20,6.0 22,2.0 26,2.0 27,2.0 28,2.0 33,2.0 34,6.0 38,2.0 48,2.0 61,2.0 66,4.0 68,4.0 69,2.0 73,2.0 
14,12.0 16,10.0 18,2.0 20,6.0 22,2.0 32,2.0 36,2.0 38,2.0 51,2.0 56,2.0 
0,2.0 3,2.0 4,2.0 5,4.0 7,14.0 9,2.0 10,4.0 12,2.0 14,10.0 17,4.0 18,6.0 19,4.0 21,14.0 22,4.0 26,6.0 27,2.0 28,10.0 29,2.0 30,10.0 33,4.0 34,8.0 36,6.0 37,2.0 38,12.0 42,2.0 44,2.0 50,2.0 55,2.0 57,2.0 60,2.0 61,12.0 62,2.0 63,2.0 86,2.0 
0,2.0 9,2.0 14,6.0 18,6.0 20,6.0 22,4.0 25,2.0 27,4.0 34,2.0 50,2.0 60,4.0 61,2.0 76,2.0 
0,4.0 3,2.0 5,2.0 12,8.0 14,4.0 15,4.0 16,6.0 18,2.0 19,2.0 20,2.0 21,2.0 23,2.0 26,2.0 27,2.0 28,2.0 29,2.0 30,2.0 32,2.0 34,4.0 43,4.0 47,4.0 60,4.0 61,4.0 63,2.0 73,4.0 74,2.0 75,2.0 80,2.0 
14,2.0 24,2.0 
14,2.0 21,2.0 25,2.0 
14,2.0 21,2.0 22,2.0 
12,2.0 14,2.0 20,8.0 27,2.0 36,2.0 38,4.0 
0,8.0 5,2.0 7,2.0 10,2.0 12,6.0 14,2.0 16,4.0 17,4.0 18,2.0 20,2.0 22,4.0 28,2.0 29,2.0 36,8.0 38,2.0 60,4.0 63,2.0 66,2.0 69,2.0 71,2.0 
0,4.0 4,2.0 10,2.0 12,2.0 14,4.0 16,2.0 18,2.0 20,10.0 29,2.0 34,2.0 42,2.0 50,2.0 60,2.0 61,6.0 
0,2.0 10,2.0 12,2.0 13,2.0 14,2.0 16,4.0 19,2.0 20,2.0 27,2.0 30,2.0 34,2.0 51,2.0 60,2.0 63,2.0 
0,2.0 1,2.0 12,2.0 13,2.0 14,4.0 18,2.0 20,6.0 22,2.0 34,2.0 36,2.0 38,6.0 68,2.0 
0,2.0 14,2.0 16,2.0 32,2.0 
0,4.0 14,2.0 16,4.0 22,4.0 31,2.0 38,2.0 56,2.0 74,4.0 
0,4.0 4,8.0 5,4.0 7,6.0 9,8.0 10,6.0 14,2.0 16,2.0 18,2.0 20,2.0 34,12.0 35,4.0 36,4.0 37,2.0 41,2.0 46,4.0 
0,6.0 3,6.0 4,4.0 5,12.0 7,6.0 9,6.0 12,4.0 13,2.0 14,2.0 15,10.0 16,12.0 18,6.0 20,6.0 26,2.0 29,4.0 33,12.0 35,4.0 36,20.0 37,2.0 40,4.0 42,2.0 48,4.0 49,2.0 50,2.0 51,2.0 60,2.0 61,6.0 63,2.0 74,2.0 85,4.0 87,2.0 
0,2.0 2,2.0 5,2.0 7,4.0 8,8.0 9,6.0 33,2.0 34,2.0 36,4.0 38,2.0 41,2.0 44,2.0 51,4.0 65,2.0 
0,18.0 1,10.0 2,2.0 3,12.0 4,14.0 5,10.0 6,4.0 7,6.0 9,4.0 12,6.0 16,4.0 20,6.0 21,2.0 22,2.0 27,8.0 28,2.0 33,2.0 34,12.0 35,4.0 38,2.0 40,6.0 43,2.0 44,2.0 48,2.0 49,4.0 51,2.0 52,2.0 53,2.0 54,2.0 59,2.0 60,2.0 61,4.0 62,4.0 74,2.0 81,2.0 84,2.0 
0,6.0 2,2.0 4,4.0 7,2.0 14,8.0 20,2.0 33,2.0 34,2.0 38,2.0 41,2.0 88,2.0 
0,6.0 2,6.0 5,2.0 7,6.0 9,2.0 12,2.0 13,2.0 14,10.0 15,2.0 16,2.0 17,4.0 18,2.0 20,14.0 22,2.0 27,2.0 28,8.0 30,2.0 32,2.0 37,2.0 39,2.0 42,4.0 43,2.0 46,2.0 51,2.0 56,2.0 60,2.0 61,4.0 63,4.0 64,4.0 66,2.0 68,2.0 69,4.0 
1,2.0 7,2.0 9,2.0 40,2.0 
0,4.0 2,2.0 3,6.0 5,4.0 7,6.0 9,2.0 17,2.0 36,6.0 37,2.0 41,2.0 
2,2.0 4,2.0 5,2.0 6,2.0 7,2.0 9,8.0 13,2.0 20,2.0 33,2.0 35,2.0 42,2.0 44,10.0 46,2.0 51,4.0 
0,6.0 5,2.0 7,6.0 9,6.0 13,2.0 14,2.0 20,2.0 34,2.0 37,2.0 38,4.0 40,2.0 41,4.0 43,2.0 44,2.0 45,6.0 46,2.0 61,6.0 64,2.0 89,2.0 
5,2.0 7,2.0 14,2.0 15,2.0 16,2.0 22,4.0 34,2.0 37,2.0 38,4.0 42,2.0 46,2.0 56,2.0 66,2.0 67,2.0 
0,6.0 2,4.0 3,4.0 5,2.0 7,2.0 9,10.0 33,8.0 36,2.0 41,4.0 42,2.0 55,2.0 59,2.0 60,2.0 
0,6.0 2,6.0 5,4.0 38,2.0 
0,2.0 2,2.0 3,2.0 7,4.0 9,2.0 14,2.0 22,2.0 34,2.0 35,4.0 38,2.0 41,2.0 43,2.0 
15,2.0 20,2.0 22,4.0 36,2.0 48,2.0 
3,4.0 5,2.0 7,4.0 8,2.0 12,2.0 16,2.0 34,2.0 36,4.0 47,2.0 51,2.0 58,2.0 
5,2.0 7,6.0 9,4.0 34,2.0 38,2.0 42,2.0 50,2.0 61,2.0 69,2.0 
0,2.0 20,2.0 21,2.0 28,2.0 36,2.0 51,2.0 
0,6.0 3,2.0 5,8.0 7,6.0 8,2.0 9,2.0 14,2.0 17,2.0 19,2.0 20,2.0 32,2.0 34,2.0 36,4.0 40,2.0 41,4.0 42,6.0 43,2.0 52,2.0 56,2.0 60,2.0 81,2.0 
36,2.0 53,2.0 
5,2.0 36,2.0 
36,2.0 43,2.0 
0,2.0 44,2.0 
0,2.0 14,2.0 32,2.0 38,2.0 
18,2.0 20,2.0 
0,1.0 3,1.0 
36,2.0 44,2.0 60,2.0 
0,2.0 12,6.0 16,2.0 17,2.0 20,2.0 21,8.0 22,2.0 27,4.0 28,2.0 29,2.0 34,2.0 36,2.0 38,2.0 62,2.0 63,2.0 74,2.0 76,2.0 77,2.0 78,2.0 82,2.0 
0,8.0 1,2.0 3,2.0 5,14.0 9,2.0 12,4.0 14,2.0 16,2.0 18,2.0 19,2.0 20,12.0 22,4.0 26,2.0 30,8.0 34,6.0 36,2.0 38,8.0 41,2.0 42,6.0 49,2.0 64,2.0 66,2.0 68,2.0 84,2.0 90,2.0 
0,2.0 20,2.0 29,2.0 38,2.0 60,2.0 61,2.0 
0,2.0 12,4.0 18,2.0 19,2.0 20,2.0 22,2.0 29,2.0 36,2.0 38,2.0 51,2.0 60,2.0 61,2.0 
7,2.0 38,4.0 42,2.0 61,2.0 66,2.0 
9,2.0 42,2.0 
5,2.0 7,6.0 18,4.0 27,2.0 33,2.0 43,2.0 61,2.0 67,2.0 
0,2.0 7,2.0 40,2.0 43,2.0 66,2.0 
3,4.0 7,4.0 13,2.0 18,4.0 32,2.0 38,4.0 
15,2.0 20,2.0 38,4.0 42,4.0 49,2.0 
27,2.0 
0,2.0 72,2.0 
0,2.0 5,2.0 7,2.0 67,2.0 
16,2.0 22,4.0 75,2.0 
22,4.0 32,2.0 34,2.0 36,2.0 73,2.0 
32,2.0 74,2.0 
28,2.0 60,2.0 
60,2.0 
2,2.0 79,2.0 
2,2.0 9,2.0 
9,2.0 49,2.0 
3,1.0 10,2.0 27,2.0 
7,2.0 48,2.0 
0,2.0 3,2.0 
3,2.0 22,2.0 36,2.0 
0,2.0 3,2.0 34,2.0 36,2.0 
41,2.0 44,2.0 
4,2.0 9,2.0 
0,2.0 2,2.0 
0,2.0 3,2.0 
1,2.0 9,2.0 
