1,30.0 2,10.0 8,22.0 11,4.0 12,8.0 13,6.0 14,18.0 15,8.0 16,4.0 20,2.0 24,6.0 25,4.0 28,4.0 29,6.0 30,8.0 31,2.0 32,24.0 33,6.0 34,4.0 36,2.0 37,6.0 38,4.0 39,2.0 40,4.0 42,2.0 45,6.0 46,6.0 47,6.0 48,4.0 49,2.0 50,2.0 51,4.0 52,2.0 53,8.0 54,2.0 57,2.0 58,2.0 59,2.0 60,12.0 61,2.0 65,2.0 67,4.0 68,2.0 69,4.0 70,10.0 76,2.0 79,4.0 93,2.0 111,2.0 113,2.0 114,2.0 121,4.0 127,2.0 
0,24.0 2,16.0 4,4.0 6,4.0 7,4.0 8,4.0 9,4.0 10,4.0 11,14.0 12,4.0 13,10.0 14,2.0 15,6.0 16,2.0 18,4.0 20,6.0 28,6.0 29,2.0 30,4.0 31,4.0 32,8.0 33,4.0 34,2.0 35,2.0 39,2.0 42,4.0 45,4.0 46,8.0 48,2.0 49,4.0 50,6.0 51,2.0 56,6.0 58,2.0 60,2.0 62,4.0 63,2.0 66,2.0 68,2.0 69,2.0 72,2.0 77,2.0 79,2.0 80,2.0 92,2.0 93,2.0 100,2.0 110,2.0 113,2.0 122,2.0 124,2.0 125,2.0 126,2.0 
0,8.0 1,22.0 3,4.0 4,4.0 5,4.0 6,12.0 8,4.0 12,6.0 13,4.0 14,2.0 16,2.0 20,6.0 29,2.0 30,6.0 31,2.0 32,8.0 33,2.0 35,2.0 37,2.0 38,2.0 39,2.0 42,2.0 49,2.0 51,10.0 52,2.0 53,2.0 56,6.0 58,4.0 59,2.0 60,2.0 61,2.0 65,2.0 67,4.0 69,6.0 74,2.0 79,2.0 93,2.0 108,4.0 110,4.0 
4,4.0 5,4.0 6,4.0 7,4.0 41,1.0 92,1.0 117,1.0 
3,4.0 5,4.0 6,4.0 7,5.0 9,4.0 10,4.0 11,4.0 12,4.0 
1,2.0 3,4.0 4,4.0 6,4.0 7,4.0 15,4.0 16,2.0 44,2.0 45,2.0 
1,2.0 2,10.0 3,4.0 4,4.0 5,4.0 7,14.0 8,2.0 11,8.0 12,6.0 13,2.0 15,2.0 16,2.0 20,2.0 30,4.0 33,6.0 34,2.0 37,4.0 38,4.0 42,2.0 46,2.0 48,4.0 49,4.0 51,6.0 53,2.0 55,4.0 56,4.0 63,2.0 67,2.0 69,2.0 72,4.0 75,6.0 87,2.0 110,2.0 112,2.0 
0,4.0 2,6.0 6,6.0 8,2.0 14,2.0 15,2.0 16,2.0 24,2.0 25,2.0 28,2.0 30,2.0 32,14.0 33,4.0 37,2.0 41,2.0 44,2.0 45,2.0 46,4.0 48,4.0 49,2.0 50,2.0 51,2.0 53,4.0 57,2.0 61,2.0 63,2.0 64,2.0 67,4.0 68,6.0 69,2.0 70,10.0 72,2.0 73,4.0 74,2.0 75,2.0 100,2.0 109,2.0 110,2.0 111,2.0 112,2.0 
0,16.0 1,8.0 7,2.0 12,4.0 14,2.0 15,4.0 16,2.0 20,2.0 24,2.0 25,2.0 28,2.0 31,2.0 32,4.0 33,2.0 38,2.0 46,4.0 48,2.0 49,2.0 53,2.0 56,4.0 60,2.0 92,2.0 109,4.0 110,2.0 128,2.0 
4,4.0 10,4.0 11,4.0 12,4.0 
4,4.0 9,4.0 11,4.0 12,4.0 129,2.0 130,2.0 131,2.0 
0,4.0 4,4.0 6,12.0 9,4.0 10,4.0 12,22.0 13,2.0 16,2.0 28,2.0 32,2.0 39,2.0 45,2.0 46,2.0 48,2.0 49,6.0 51,4.0 52,2.0 53,2.0 55,4.0 56,2.0 60,2.0 62,2.0 65,2.0 66,2.0 100,2.0 110,2.0 114,2.0 124,2.0 125,2.0 127,2.0 
0,8.0 1,4.0 2,12.0 6,4.0 8,4.0 11,4.0 13,22.0 14,4.0 15,4.0 16,28.0 17,12.0 18,26.0 19,12.0 20,14.0 21,2.0 22,2.0 23,20.0 24,5.0 25,3.0 26,3.0 27,9.0 28,10.0 29,6.0 30,4.0 32,8.0 33,10.0 34,2.0 36,2.0 37,4.0 39,8.0 42,4.0 45,4.0 46,2.0 47,2.0 50,2.0 51,2.0 52,4.0 56,8.0 57,2.0 60,2.0 61,2.0 62,2.0 63,2.0 64,2.0 65,2.0 74,2.0 78,4.0 92,2.0 96,4.0 97,2.0 100,1.0 109,2.0 110,2.0 123,2.0 124,1.0 128,2.0 134,1.0 135,1.0 
0,4.0 1,10.0 2,4.0 6,2.0 7,2.0 11,2.0 12,8.0 14,20.0 15,2.0 17,6.0 18,2.0 19,2.0 20,4.0 24,2.0 27,6.0 28,4.0 29,2.0 30,6.0 31,2.0 32,2.0 33,2.0 34,6.0 35,2.0 36,2.0 46,2.0 51,4.0 53,2.0 54,10.0 55,2.0 56,2.0 58,2.0 59,2.0 60,2.0 61,2.0 62,4.0 64,2.0 65,4.0 66,2.0 69,4.0 74,2.0 80,2.0 92,2.0 109,2.0 121,2.0 122,2.0 
0,22.0 1,6.0 5,2.0 6,2.0 7,2.0 12,2.0 13,2.0 15,24.0 17,4.0 20,6.0 24,2.0 25,2.0 27,2.0 29,4.0 30,2.0 31,2.0 32,4.0 35,4.0 36,2.0 37,4.0 38,2.0 39,2.0 40,4.0 41,2.0 46,8.0 47,2.0 49,2.0 51,2.0 56,4.0 58,2.0 61,4.0 69,2.0 79,6.0 98,2.0 114,2.0 
0,8.0 1,4.0 2,2.0 5,4.0 6,2.0 7,2.0 8,8.0 12,4.0 13,8.0 14,4.0 16,20.0 17,2.0 18,2.0 20,10.0 23,2.0 24,6.0 25,2.0 27,4.0 30,4.0 31,2.0 32,4.0 33,6.0 34,2.0 35,4.0 36,8.0 40,4.0 41,8.0 42,8.0 43,2.0 44,2.0 45,2.0 46,4.0 47,2.0 49,2.0 50,4.0 54,4.0 56,2.0 59,2.0 60,4.0 62,2.0 65,2.0 69,2.0 79,2.0 80,8.0 97,2.0 109,2.0 110,2.0 120,2.0 121,2.0 
0,6.0 1,2.0 2,2.0 5,2.0 8,4.0 12,30.0 13,2.0 14,4.0 15,14.0 17,10.0 18,16.0 19,8.0 20,2.0 23,10.0 24,10.0 25,4.0 28,6.0 29,2.0 31,4.0 33,2.0 35,2.0 36,2.0 37,2.0 38,2.0 39,2.0 40,6.0 41,2.0 42,6.0 44,2.0 45,2.0 47,2.0 49,2.0 50,4.0 58,6.0 62,2.0 64,2.0 79,4.0 80,4.0 94,2.0 121,8.0 
1,2.0 4,2.0 6,2.0 8,2.0 12,12.0 13,6.0 14,6.0 15,2.0 16,6.0 18,16.0 19,6.0 20,14.0 21,2.0 22,2.0 24,4.0 28,4.0 29,2.0 30,4.0 31,6.0 32,2.0 33,2.0 34,4.0 38,2.0 40,4.0 41,3.0 42,6.0 45,3.0 50,2.0 51,2.0 58,2.0 80,2.0 92,3.0 96,2.0 119,2.0 121,2.0 133,2.0 
1,2.0 6,2.0 12,26.0 13,2.0 15,2.0 16,6.0 17,16.0 19,13.0 20,17.0 21,2.0 22,2.0 23,16.0 28,4.0 29,2.0 30,2.0 34,1.0 38,2.0 43,1.0 46,2.0 58,2.0 90,2.0 92,2.0 98,1.0 
1,2.0 6,2.0 11,2.0 12,12.0 15,4.0 16,6.0 17,4.0 18,5.0 23,3.0 24,5.0 25,3.0 27,2.0 29,2.0 31,2.0 32,2.0 51,2.0 64,2.0 66,2.0 100,1.0 110,2.0 121,2.0 124,1.0 
0,8.0 1,6.0 2,2.0 6,2.0 7,2.0 8,2.0 12,14.0 13,2.0 14,8.0 15,8.0 17,10.0 18,11.0 21,2.0 22,2.0 23,3.0 24,2.0 26,3.0 27,11.0 28,12.0 29,6.0 30,6.0 31,2.0 32,6.0 33,4.0 34,4.0 35,6.0 36,8.0 38,8.0 39,4.0 40,2.0 41,8.0 42,2.0 43,2.0 50,2.0 51,2.0 54,4.0 58,6.0 59,2.0 60,2.0 67,2.0 70,2.0 77,2.0 78,2.0 80,10.0 87,2.0 90,4.0 91,2.0 92,8.0 93,4.0 95,2.0 97,8.0 100,2.0 107,2.0 108,2.0 111,2.0 112,2.0 120,2.0 134,1.0 135,1.0 
0,2.0 12,2.0 22,2.0 
0,2.0 12,2.0 21,2.0 
12,20.0 15,2.0 16,2.0 18,16.0 19,7.0 20,9.0 29,2.0 33,2.0 39,2.0 40,2.0 42,2.0 78,4.0 94,2.0 
0,6.0 7,2.0 8,4.0 12,5.0 13,2.0 15,6.0 16,13.0 17,4.0 19,2.0 20,4.0 25,9.0 27,2.0 28,4.0 30,2.0 31,2.0 39,2.0 40,2.0 58,2.0 87,4.0 91,2.0 92,2.0 97,2.0 119,2.0 121,8.0 
0,4.0 7,2.0 8,4.0 12,3.0 14,2.0 15,2.0 16,7.0 24,9.0 79,2.0 121,4.0 
12,3.0 16,3.0 27,3.0 80,2.0 105,2.0 106,2.0 
12,5.0 13,6.0 14,2.0 15,4.0 16,3.0 19,2.0 20,8.0 24,2.0 26,3.0 28,2.0 29,6.0 30,2.0 34,2.0 35,6.0 36,4.0 37,2.0 38,2.0 39,2.0 40,2.0 42,4.0 50,6.0 54,2.0 58,2.0 80,2.0 87,2.0 92,2.0 93,2.0 
0,4.0 1,4.0 7,2.0 11,2.0 12,16.0 13,4.0 16,4.0 17,4.0 18,4.0 20,2.0 23,2.0 24,4.0 27,2.0 29,4.0 30,4.0 31,2.0 32,4.0 33,4.0 34,2.0 37,6.0 38,4.0 42,6.0 48,2.0 50,2.0 75,2.0 77,2.0 80,8.0 84,2.0 85,2.0 92,4.0 95,2.0 96,6.0 97,4.0 98,2.0 100,2.0 112,2.0 
0,6.0 1,2.0 2,2.0 12,4.0 13,4.0 14,4.0 16,4.0 17,6.0 18,4.0 19,4.0 20,6.0 23,2.0 27,4.0 30,2.0 32,4.0 33,2.0 39,4.0 43,2.0 50,4.0 72,2.0 75,2.0 79,2.0 80,2.0 93,4.0 98,2.0 108,2.0 
0,8.0 1,6.0 2,6.0 6,2.0 12,2.0 13,8.0 14,4.0 15,4.0 17,4.0 18,2.0 19,2.0 20,8.0 24,2.0 27,6.0 29,4.0 31,4.0 32,4.0 33,4.0 34,2.0 35,2.0 36,2.0 37,8.0 38,2.0 40,2.0 46,2.0 50,4.0 51,4.0 55,2.0 56,2.0 59,4.0 67,2.0 92,2.0 97,2.0 110,2.0 114,4.0 118,2.0 119,2.0 120,2.0 121,4.0 
0,2.0 1,2.0 2,2.0 13,2.0 14,2.0 15,2.0 16,4.0 17,6.0 19,2.0 20,2.0 24,2.0 28,4.0 30,2.0 42,2.0 50,4.0 72,2.0 92,2.0 108,2.0 
0,14.0 1,10.0 7,16.0 11,10.0 12,6.0 13,2.0 14,6.0 15,4.0 20,6.0 27,2.0 28,8.0 29,4.0 30,2.0 33,26.0 38,2.0 40,2.0 41,2.0 42,4.0 43,2.0 45,2.0 46,8.0 48,2.0 49,2.0 50,4.0 51,8.0 52,2.0 53,2.0 57,4.0 58,2.0 60,2.0 61,2.0 63,2.0 65,2.0 68,4.0 70,2.0 92,2.0 97,2.0 111,4.0 112,2.0 118,2.0 126,2.0 
0,8.0 1,2.0 2,4.0 6,4.0 7,2.0 8,4.0 12,16.0 13,2.0 14,2.0 15,4.0 16,2.0 17,2.0 20,6.0 23,2.0 25,2.0 28,4.0 29,2.0 30,6.0 32,8.0 34,2.0 36,2.0 39,4.0 41,2.0 42,4.0 43,2.0 45,4.0 47,2.0 48,2.0 49,4.0 51,2.0 52,2.0 53,2.0 56,2.0 58,2.0 61,2.0 74,12.0 78,2.0 79,2.0 96,2.0 97,2.0 110,2.0 
0,2.0 6,2.0 8,2.0 13,8.0 16,2.0 17,4.0 18,1.0 20,4.0 24,2.0 27,4.0 35,2.0 36,2.0 42,2.0 43,1.0 45,2.0 51,2.0 58,6.0 59,2.0 75,2.0 80,2.0 87,2.0 88,2.0 89,2.0 93,2.0 97,4.0 98,6.0 110,6.0 115,1.0 116,1.0 120,2.0 
2,2.0 6,2.0 13,2.0 14,2.0 15,4.0 16,4.0 20,2.0 27,6.0 30,8.0 34,2.0 37,2.0 50,2.0 54,2.0 58,2.0 80,4.0 
0,2.0 12,4.0 13,2.0 14,2.0 15,8.0 16,2.0 20,6.0 27,4.0 30,2.0 33,2.0 39,2.0 41,4.0 42,4.0 50,2.0 54,2.0 79,2.0 80,8.0 97,4.0 
0,6.0 1,4.0 2,6.0 6,2.0 7,2.0 12,2.0 14,4.0 17,2.0 28,8.0 30,12.0 32,2.0 38,4.0 42,6.0 51,2.0 55,2.0 56,2.0 59,2.0 80,6.0 
0,2.0 1,2.0 2,2.0 4,2.0 6,2.0 7,2.0 8,2.0 13,2.0 14,2.0 17,2.0 20,8.0 27,2.0 28,4.0 29,4.0 30,2.0 32,4.0 37,2.0 45,2.0 55,2.0 58,2.0 66,2.0 74,2.0 80,2.0 90,2.0 92,2.0 95,2.0 108,2.0 133,2.0 
0,2.0 1,4.0 2,2.0 12,4.0 13,4.0 14,2.0 16,2.0 17,2.0 20,6.0 23,2.0 27,2.0 29,4.0 32,2.0 33,2.0 38,2.0 40,2.0 42,2.0 49,2.0 50,4.0 54,2.0 69,4.0 78,2.0 87,2.0 92,4.0 114,2.0 
0,2.0 14,2.0 15,6.0 16,6.0 17,4.0 20,2.0 23,2.0 24,2.0 27,2.0 29,2.0 32,2.0 33,2.0 37,2.0 39,2.0 41,4.0 42,4.0 50,2.0 54,2.0 79,2.0 
3,1.0 7,2.0 12,2.0 15,10.0 16,2.0 17,5.0 20,4.0 23,2.0 29,2.0 31,2.0 33,2.0 36,2.0 40,4.0 42,2.0 45,1.0 48,2.0 50,4.0 70,2.0 80,2.0 92,2.0 93,2.0 97,1.0 99,2.0 110,1.0 111,2.0 117,1.0 120,2.0 
1,6.0 2,2.0 6,2.0 7,2.0 12,2.0 15,6.0 16,6.0 17,2.0 24,2.0 27,2.0 28,10.0 30,2.0 31,2.0 32,4.0 33,4.0 36,2.0 37,4.0 39,4.0 40,2.0 43,2.0 50,4.0 51,4.0 58,6.0 59,2.0 69,2.0 76,2.0 79,4.0 80,10.0 81,2.0 82,2.0 83,2.0 94,2.0 96,4.0 98,2.0 99,2.0 120,2.0 121,2.0 
15,2.0 18,1.0 20,4.0 29,2.0 33,2.0 34,1.0 98,1.0 
1,2.0 5,2.0 15,2.0 33,2.0 36,2.0 45,2.0 70,2.0 
0,8.0 1,4.0 2,2.0 4,2.0 6,2.0 8,2.0 11,2.0 15,2.0 16,2.0 17,3.0 18,2.0 32,4.0 38,2.0 41,3.0 74,2.0 92,1.0 133,2.0 
0,6.0 1,6.0 6,2.0 7,8.0 11,4.0 12,2.0 14,6.0 15,4.0 18,2.0 32,4.0 33,6.0 37,2.0 38,2.0 54,2.0 56,4.0 68,2.0 72,2.0 73,2.0 109,2.0 112,2.0 128,2.0 
0,6.0 12,2.0 14,2.0 15,4.0 33,2.0 69,2.0 70,4.0 
1,2.0 2,2.0 6,4.0 7,2.0 8,2.0 11,2.0 32,2.0 33,2.0 41,2.0 50,2.0 70,2.0 72,2.0 75,2.0 
0,2.0 1,2.0 2,2.0 6,4.0 11,2.0 12,4.0 13,2.0 14,2.0 15,4.0 16,2.0 32,2.0 33,2.0 39,2.0 50,2.0 53,2.0 55,2.0 67,2.0 70,2.0 71,2.0 
0,2.0 1,2.0 7,2.0 15,4.0 16,8.0 17,4.0 20,10.0 27,4.0 30,4.0 31,4.0 32,4.0 33,2.0 35,6.0 36,2.0 40,6.0 41,4.0 42,4.0 48,2.0 51,2.0 69,2.0 80,2.0 97,4.0 
0,6.0 1,2.0 2,6.0 6,6.0 7,2.0 11,6.0 12,2.0 13,4.0 14,2.0 20,2.0 30,2.0 32,8.0 33,4.0 34,2.0 37,2.0 42,4.0 50,2.0 59,4.0 67,2.0 69,4.0 70,2.0 
0,2.0 2,2.0 12,2.0 13,2.0 33,2.0 39,2.0 56,2.0 61,2.0 67,2.0 74,2.0 
0,6.0 1,4.0 2,2.0 6,2.0 7,6.0 8,2.0 12,2.0 13,2.0 32,4.0 49,2.0 54,2.0 55,2.0 67,2.0 70,2.0 101,2.0 102,2.0 
12,4.0 13,2.0 15,4.0 20,2.0 30,2.0 35,2.0 36,4.0 39,2.0 40,2.0 46,2.0 53,2.0 56,2.0 61,2.0 63,4.0 66,2.0 67,8.0 80,2.0 97,4.0 
6,4.0 7,2.0 11,2.0 12,4.0 30,2.0 37,2.0 38,2.0 49,2.0 53,2.0 75,2.0 109,2.0 
0,2.0 1,4.0 2,6.0 6,2.0 8,4.0 11,4.0 12,6.0 13,2.0 14,4.0 30,2.0 32,4.0 39,4.0 46,4.0 52,2.0 61,2.0 67,2.0 
7,2.0 32,4.0 33,2.0 58,2.0 73,2.0 
0,2.0 1,2.0 2,4.0 6,2.0 8,2.0 12,2.0 14,2.0 16,6.0 17,2.0 18,7.0 20,12.0 24,2.0 27,2.0 28,2.0 33,2.0 34,4.0 35,2.0 38,2.0 39,2.0 42,2.0 43,1.0 50,2.0 87,2.0 91,2.0 96,2.0 97,1.0 98,2.0 110,1.0 115,1.0 116,1.0 
0,2.0 2,2.0 12,4.0 13,2.0 20,2.0 30,2.0 34,2.0 37,2.0 42,2.0 51,4.0 60,2.0 
0,6.0 1,4.0 2,4.0 8,4.0 11,2.0 12,4.0 13,4.0 32,4.0 54,2.0 67,2.0 
0,4.0 2,2.0 6,2.0 14,2.0 15,2.0 32,2.0 33,2.0 39,2.0 52,2.0 54,2.0 56,2.0 67,2.0 74,2.0 
1,2.0 11,2.0 13,6.0 14,2.0 15,2.0 16,2.0 
1,2.0 7,2.0 11,2.0 12,2.0 16,2.0 54,2.0 67,2.0 109,2.0 126,2.0 
1,2.0 7,2.0 13,2.0 16,2.0 19,2.0 74,2.0 
0,2.0 11,2.0 12,2.0 13,4.0 19,2.0 32,2.0 54,2.0 127,2.0 
0,2.0 10,2.0 11,2.0 12,2.0 13,2.0 54,2.0 67,2.0 129,2.0 130,2.0 
0,16.0 2,2.0 6,2.0 20,2.0 37,2.0 51,2.0 54,2.0 56,2.0 60,4.0 61,2.0 63,2.0 66,2.0 68,2.0 71,2.0 110,2.0 112,2.0 
0,2.0 7,6.0 32,2.0 33,2.0 46,2.0 70,4.0 71,2.0 72,2.0 112,2.0 
0,4.0 1,4.0 2,6.0 6,2.0 13,2.0 14,2.0 15,4.0 32,2.0 47,2.0 50,2.0 51,4.0 75,2.0 
0,10.0 7,4.0 20,2.0 33,2.0 36,2.0 41,2.0 44,2.0 46,2.0 47,4.0 49,2.0 50,2.0 53,6.0 71,2.0 75,2.0 76,2.0 107,2.0 
7,2.0 68,4.0 70,2.0 
1,2.0 6,2.0 7,2.0 29,2.0 38,4.0 51,2.0 53,2.0 67,2.0 74,2.0 80,2.0 98,2.0 
7,4.0 57,2.0 64,2.0 
2,2.0 6,8.0 7,4.0 12,2.0 13,4.0 32,2.0 33,6.0 38,2.0 45,2.0 52,2.0 53,4.0 61,2.0 80,2.0 110,2.0 
1,2.0 6,4.0 34,2.0 46,2.0 48,2.0 55,4.0 58,2.0 70,2.0 109,2.0 
1,2.0 20,2.0 77,4.0 
1,2.0 7,4.0 20,2.0 28,2.0 32,2.0 42,2.0 81,2.0 100,2.0 
12,4.0 20,2.0 23,4.0 33,2.0 39,2.0 41,2.0 
0,6.0 1,2.0 14,6.0 15,6.0 16,2.0 25,2.0 29,2.0 36,2.0 37,2.0 40,2.0 50,2.0 93,2.0 
1,2.0 2,2.0 13,2.0 14,2.0 15,6.0 16,4.0 17,2.0 20,6.0 26,2.0 27,2.0 28,8.0 29,2.0 30,2.0 33,2.0 34,2.0 35,4.0 36,8.0 37,2.0 41,4.0 42,6.0 54,2.0 58,4.0 74,2.0 77,2.0 85,2.0 93,6.0 96,4.0 98,4.0 105,2.0 106,2.0 120,2.0 
42,2.0 82,2.0 83,2.0 
28,2.0 83,2.0 84,2.0 
28,2.0 82,2.0 84,2.0 
28,2.0 42,2.0 
34,2.0 86,2.0 87,2.0 88,2.0 89,2.0 
85,2.0 87,2.0 
6,2.0 20,2.0 24,2.0 27,2.0 34,4.0 38,2.0 39,2.0 42,2.0 58,2.0 75,2.0 85,2.0 88,2.0 89,2.0 90,2.0 91,2.0 
6,2.0 34,2.0 87,2.0 89,2.0 
6,2.0 34,2.0 87,2.0 88,2.0 
20,2.0 24,2.0 58,2.0 87,2.0 91,6.0 
20,4.0 24,2.0 39,4.0 58,2.0 87,4.0 90,2.0 
0,2.0 12,2.0 13,2.0 14,4.0 17,2.0 18,2.0 20,8.0 27,6.0 28,2.0 29,2.0 30,4.0 32,2.0 38,2.0 39,2.0 58,2.0 80,4.0 118,2.0 
0,2.0 2,2.0 3,1.0 17,1.0 20,4.0 29,2.0 41,4.0 45,1.0 78,2.0 79,2.0 97,1.0 98,2.0 110,1.0 117,1.0 
1,2.0 15,2.0 42,2.0 79,2.0 
1,2.0 20,2.0 28,2.0 32,2.0 38,2.0 
12,4.0 17,2.0 28,4.0 30,2.0 33,2.0 34,2.0 74,2.0 80,4.0 98,4.0 
12,2.0 15,2.0 18,1.0 20,6.0 24,2.0 28,4.0 30,4.0 32,2.0 33,2.0 34,7.0 36,4.0 41,1.0 42,2.0 43,1.0 54,4.0 58,2.0 93,3.0 110,8.0 114,2.0 
1,2.0 29,4.0 33,2.0 34,7.0 50,2.0 72,2.0 74,2.0 80,4.0 96,2.0 97,4.0 110,6.0 
42,2.0 76,2.0 
7,2.0 11,2.0 12,3.0 16,1.0 28,2.0 48,2.0 75,2.0 124,3.0 125,2.0 
102,2.0 103,2.0 
101,2.0 103,2.0 
104,2.0 
26,2.0 80,2.0 105,2.0 
26,2.0 80,2.0 106,2.0 
0,1.0 7,1.0 
20,2.0 29,2.0 108,2.0 
2,4.0 29,2.0 31,2.0 75,2.0 110,2.0 
2,2.0 7,8.0 8,2.0 13,2.0 14,2.0 15,2.0 24,2.0 25,2.0 46,2.0 49,2.0 55,2.0 
0,6.0 1,4.0 2,2.0 6,4.0 8,2.0 11,2.0 15,2.0 18,1.0 20,2.0 30,2.0 34,7.0 41,1.0 43,1.0 58,2.0 67,2.0 74,2.0 93,3.0 97,8.0 98,2.0 114,2.0 
7,2.0 11,2.0 20,2.0 32,4.0 41,2.0 
0,2.0 7,2.0 28,2.0 33,2.0 46,2.0 50,2.0 67,2.0 68,2.0 
1,2.0 2,2.0 
13,2.0 17,2.0 24,2.0 30,4.0 39,2.0 92,2.0 97,2.0 110,2.0 
34,1.0 98,1.0 116,1.0 
34,1.0 98,1.0 115,1.0 
3,1.0 41,1.0 92,1.0 
0,2.0 14,2.0 30,2.0 32,2.0 92,2.0 
87,2.0 
20,4.0 30,2.0 34,2.0 37,2.0 41,2.0 80,2.0 121,2.0 
0,4.0 8,2.0 13,2.0 14,2.0 15,2.0 16,6.0 17,2.0 19,2.0 24,8.0 25,4.0 30,2.0 37,2.0 120,2.0 
12,2.0 123,2.0 
0,2.0 12,2.0 14,2.0 
11,2.0 12,3.0 16,1.0 100,3.0 125,2.0 
11,2.0 12,2.0 100,2.0 124,2.0 
1,2.0 11,2.0 63,2.0 
0,2.0 12,2.0 65,2.0 
0,2.0 12,2.0 37,2.0 46,2.0 
10,2.0 130,2.0 131,2.0 
10,2.0 129,2.0 131,2.0 
132,2.0 
17,2.0 38,2.0 45,2.0 133,2.0 
4,2.0 17,2.0 38,2.0 45,2.0 
12,1.0 16,1.0 135,1.0 
12,1.0 16,1.0 134,1.0 
