1,6.0 3,2.0 8,4.0 9,4.0 11,2.0 16,6.0 21,2.0 28,2.0 45,8.0 67,2.0 74,2.0 92,2.0 112,2.0 121,6.0 154,4.0 168,2.0 174,2.0 
0,4.0 2,4.0 11,2.0 15,2.0 16,2.0 18,2.0 21,4.0 25,2.0 36,2.0 44,2.0 45,4.0 46,2.0 74,2.0 122,2.0 168,2.0 175,2.0 
1,4.0 2,2.0 3,18.0 4,2.0 5,2.0 7,2.0 8,2.0 9,4.0 11,8.0 15,12.0 21,4.0 22,6.0 23,8.0 24,2.0 25,2.0 28,4.0 31,6.0 36,2.0 45,2.0 46,6.0 48,2.0 59,2.0 83,2.0 114,2.0 121,4.0 150,2.0 
0,2.0 2,14.0 3,2.0 4,20.0 7,2.0 8,4.0 9,2.0 11,6.0 15,12.0 16,6.0 18,4.0 21,10.0 22,4.0 23,6.0 25,4.0 28,6.0 31,10.0 34,2.0 36,14.0 45,2.0 58,2.0 59,10.0 63,2.0 65,2.0 66,2.0 68,2.0 72,2.0 83,2.0 84,4.0 100,2.0 112,2.0 114,4.0 119,6.0 123,2.0 125,2.0 148,2.0 149,2.0 167,2.0 173,2.0 
1,2.0 2,4.0 3,24.0 5,10.0 8,4.0 9,8.0 15,8.0 16,30.0 18,4.0 21,8.0 22,10.0 23,8.0 25,8.0 28,4.0 30,2.0 31,10.0 34,2.0 36,16.0 40,4.0 45,4.0 46,10.0 49,2.0 50,2.0 51,2.0 65,4.0 66,4.0 68,6.0 72,2.0 76,2.0 107,2.0 112,2.0 114,2.0 119,2.0 123,4.0 125,2.0 126,2.0 127,2.0 134,2.0 137,2.0 139,2.0 140,2.0 175,2.0 
3,2.0 4,6.0 6,8.0 7,38.0 8,8.0 9,10.0 10,2.0 11,8.0 15,8.0 16,8.0 17,2.0 18,26.0 21,24.0 22,8.0 23,20.0 25,66.0 28,12.0 31,18.0 32,4.0 33,2.0 34,2.0 36,12.0 39,4.0 40,2.0 41,2.0 43,4.0 45,6.0 46,14.0 48,8.0 49,2.0 50,2.0 51,2.0 53,2.0 60,4.0 65,12.0 66,4.0 67,2.0 68,10.0 69,2.0 72,2.0 80,2.0 87,2.0 89,2.0 91,2.0 99,2.0 100,2.0 101,2.0 104,2.0 105,2.0 110,2.0 112,10.0 117,4.0 118,4.0 125,2.0 128,2.0 129,2.0 137,2.0 143,2.0 146,2.0 151,2.0 171,2.0 172,2.0 
5,4.0 7,4.0 8,6.0 9,2.0 11,2.0 18,2.0 21,4.0 22,2.0 23,2.0 32,2.0 48,2.0 54,2.0 60,2.0 65,2.0 80,2.0 112,2.0 
2,2.0 4,2.0 5,66.0 6,6.0 7,2.0 8,44.0 9,10.0 11,8.0 15,18.0 18,14.0 21,14.0 22,6.0 23,18.0 24,2.0 25,12.0 28,10.0 30,2.0 31,16.0 33,2.0 36,20.0 39,10.0 40,2.0 45,6.0 46,14.0 48,6.0 49,2.0 50,4.0 54,2.0 60,2.0 61,2.0 62,2.0 65,10.0 66,6.0 67,4.0 68,8.0 69,2.0 71,2.0 72,2.0 74,4.0 76,2.0 80,2.0 85,2.0 86,2.0 89,2.0 100,2.0 104,2.0 108,2.0 111,6.0 125,2.0 129,4.0 131,4.0 138,2.0 145,2.0 146,2.0 
0,4.0 2,2.0 3,4.0 4,2.0 5,10.0 6,2.0 7,54.0 9,46.0 11,6.0 15,28.0 17,4.0 21,8.0 22,12.0 23,14.0 24,2.0 25,6.0 28,14.0 29,2.0 30,2.0 31,6.0 32,2.0 33,4.0 35,2.0 36,26.0 39,2.0 41,2.0 42,2.0 43,2.0 45,12.0 46,20.0 48,4.0 50,10.0 53,4.0 54,4.0 61,2.0 65,8.0 68,6.0 71,4.0 72,4.0 76,2.0 80,4.0 81,2.0 84,2.0 85,2.0 86,2.0 87,2.0 97,2.0 98,2.0 100,2.0 103,2.0 106,2.0 108,4.0 109,2.0 111,8.0 112,8.0 113,2.0 114,10.0 117,2.0 118,2.0 121,4.0 125,2.0 129,4.0 131,4.0 152,2.0 168,2.0 170,2.0 
0,2.0 2,6.0 3,2.0 4,2.0 5,12.0 7,28.0 8,44.0 9,2.0 10,6.0 11,34.0 15,10.0 16,8.0 17,8.0 18,16.0 19,2.0 21,4.0 22,10.0 23,16.0 25,10.0 28,16.0 29,4.0 31,6.0 32,2.0 35,2.0 36,16.0 41,2.0 42,2.0 45,10.0 46,14.0 48,2.0 50,2.0 54,16.0 60,2.0 65,2.0 66,2.0 68,2.0 76,2.0 78,2.0 80,4.0 81,2.0 87,2.0 90,2.0 97,2.0 98,4.0 102,2.0 103,2.0 108,2.0 111,2.0 112,2.0 113,2.0 116,2.0 121,6.0 125,2.0 129,2.0 131,2.0 142,2.0 145,2.0 170,2.0 171,2.0 172,2.0 
8,2.0 9,4.0 11,4.0 12,2.0 15,4.0 17,2.0 25,2.0 36,2.0 43,2.0 63,4.0 68,2.0 76,2.0 90,2.0 111,2.0 112,2.0 129,2.0 154,2.0 
0,2.0 2,8.0 3,6.0 4,2.0 5,6.0 6,2.0 7,10.0 8,6.0 9,20.0 10,6.0 12,2.0 13,2.0 15,6.0 16,6.0 17,4.0 18,4.0 21,8.0 22,4.0 25,8.0 28,2.0 31,42.0 32,4.0 36,4.0 37,2.0 45,2.0 46,6.0 49,2.0 50,2.0 66,2.0 68,2.0 72,2.0 74,2.0 76,2.0 78,2.0 90,2.0 112,2.0 117,2.0 119,2.0 121,2.0 125,2.0 129,2.0 130,2.0 132,2.0 163,2.0 
13,2.0 14,2.0 15,2.0 
4,2.0 9,4.0 14,4.0 15,6.0 16,6.0 17,4.0 23,2.0 30,2.0 31,2.0 36,2.0 
8,2.0 9,4.0 13,4.0 15,6.0 16,4.0 17,4.0 36,2.0 
1,2.0 2,6.0 3,12.0 4,8.0 5,12.0 7,18.0 8,24.0 9,14.0 11,6.0 13,6.0 14,4.0 16,20.0 17,6.0 18,12.0 21,8.0 22,2.0 23,54.0 24,4.0 25,12.0 28,6.0 30,2.0 31,6.0 36,32.0 39,2.0 40,2.0 42,2.0 44,4.0 45,8.0 46,4.0 48,2.0 50,2.0 54,6.0 58,2.0 63,6.0 65,2.0 71,2.0 75,2.0 76,4.0 79,2.0 80,2.0 88,2.0 90,4.0 94,2.0 97,2.0 99,2.0 100,2.0 112,2.0 118,2.0 172,2.0 
0,2.0 2,2.0 4,30.0 5,12.0 7,6.0 8,6.0 9,14.0 10,4.0 11,6.0 15,14.0 16,2.0 17,4.0 18,16.0 21,16.0 22,4.0 23,18.0 25,48.0 28,10.0 30,2.0 31,4.0 32,2.0 34,2.0 35,2.0 36,10.0 40,4.0 41,4.0 43,4.0 44,2.0 45,10.0 46,8.0 48,4.0 50,2.0 51,2.0 59,6.0 63,6.0 65,4.0 66,6.0 68,4.0 71,6.0 72,2.0 74,2.0 84,4.0 92,2.0 96,2.0 99,2.0 102,2.0 105,2.0 111,2.0 114,6.0 123,6.0 129,2.0 134,2.0 140,4.0 141,2.0 143,2.0 
8,2.0 9,10.0 13,2.0 14,2.0 15,4.0 16,4.0 18,8.0 21,4.0 22,4.0 25,4.0 36,6.0 39,2.0 43,2.0 49,2.0 54,4.0 60,2.0 68,2.0 70,2.0 77,2.0 111,2.0 113,2.0 118,2.0 
2,2.0 3,2.0 4,12.0 5,30.0 6,2.0 7,12.0 8,4.0 9,10.0 11,4.0 15,8.0 16,8.0 17,8.0 19,4.0 20,2.0 21,36.0 23,36.0 25,20.0 28,2.0 29,2.0 30,4.0 31,10.0 36,12.0 39,4.0 42,2.0 44,2.0 45,2.0 46,8.0 47,2.0 48,4.0 49,8.0 54,8.0 59,4.0 63,4.0 64,2.0 65,4.0 74,2.0 77,2.0 79,2.0 82,2.0 89,4.0 95,4.0 96,4.0 110,2.0 114,2.0 119,2.0 122,2.0 124,2.0 137,2.0 147,2.0 151,2.0 162,2.0 165,2.0 166,2.0 
2,4.0 4,2.0 7,2.0 9,2.0 11,2.0 20,2.0 21,4.0 22,4.0 25,2.0 87,2.0 
2,2.0 4,2.0 5,2.0 7,4.0 19,2.0 21,2.0 22,2.0 31,2.0 36,2.0 45,2.0 56,2.0 65,2.0 66,2.0 100,2.0 
0,2.0 1,2.0 2,6.0 3,10.0 4,18.0 5,18.0 6,2.0 7,14.0 8,10.0 9,6.0 11,4.0 15,8.0 16,20.0 17,2.0 18,36.0 19,4.0 20,2.0 22,24.0 23,4.0 25,18.0 28,8.0 29,2.0 30,2.0 31,10.0 32,2.0 36,4.0 38,2.0 39,6.0 43,2.0 45,4.0 46,2.0 48,12.0 54,2.0 55,2.0 66,2.0 68,2.0 70,2.0 71,2.0 74,2.0 82,2.0 83,2.0 84,2.0 89,2.0 95,4.0 96,6.0 98,2.0 106,2.0 111,2.0 112,2.0 118,4.0 119,2.0 122,2.0 124,2.0 140,2.0 162,2.0 168,2.0 
0,2.0 2,10.0 3,4.0 4,4.0 5,6.0 6,2.0 7,10.0 8,10.0 9,4.0 11,6.0 15,2.0 16,10.0 17,2.0 18,4.0 21,20.0 23,2.0 25,12.0 28,24.0 31,4.0 38,2.0 44,2.0 46,2.0 66,4.0 71,2.0 73,2.0 83,2.0 111,6.0 112,2.0 117,2.0 119,2.0 124,2.0 156,2.0 169,2.0 
2,8.0 3,16.0 4,4.0 5,20.0 6,2.0 7,20.0 8,12.0 9,14.0 11,4.0 13,2.0 15,44.0 16,20.0 18,44.0 21,2.0 24,2.0 25,26.0 28,4.0 30,6.0 31,2.0 36,14.0 40,2.0 45,2.0 46,6.0 47,2.0 48,2.0 49,4.0 50,2.0 51,2.0 54,8.0 59,2.0 63,4.0 65,2.0 73,4.0 75,2.0 80,2.0 89,2.0 90,4.0 94,2.0 99,2.0 100,2.0 110,2.0 114,4.0 119,2.0 123,2.0 133,2.0 165,2.0 166,2.0 
7,2.0 16,4.0 23,2.0 36,2.0 102,2.0 
0,4.0 1,2.0 3,6.0 4,10.0 5,42.0 6,2.0 7,14.0 8,10.0 9,10.0 10,4.0 11,18.0 15,18.0 16,60.0 17,4.0 18,20.0 21,24.0 22,12.0 23,28.0 25,2.0 26,2.0 28,8.0 29,2.0 31,8.0 32,4.0 33,2.0 34,2.0 36,4.0 39,2.0 41,2.0 43,6.0 45,14.0 46,20.0 48,4.0 49,8.0 51,2.0 53,2.0 58,2.0 59,2.0 60,2.0 64,2.0 65,14.0 66,8.0 67,4.0 68,10.0 70,2.0 71,4.0 74,2.0 75,2.0 80,2.0 84,2.0 87,2.0 88,2.0 90,2.0 91,2.0 92,2.0 98,2.0 99,4.0 100,4.0 101,2.0 111,6.0 112,6.0 117,2.0 118,8.0 119,2.0 123,4.0 125,2.0 126,2.0 127,4.0 129,2.0 130,2.0 135,4.0 137,2.0 140,2.0 141,2.0 148,2.0 150,2.0 153,2.0 154,2.0 157,2.0 158,2.0 
27,2.0 28,2.0 
5,2.0 6,2.0 22,2.0 28,2.0 
1,2.0 2,2.0 3,4.0 4,2.0 5,16.0 6,2.0 7,8.0 8,10.0 9,14.0 11,2.0 15,2.0 16,6.0 17,4.0 18,2.0 21,6.0 22,22.0 23,2.0 25,18.0 27,2.0 29,2.0 36,2.0 39,2.0 45,4.0 46,28.0 47,2.0 48,10.0 50,4.0 52,2.0 66,2.0 67,2.0 71,2.0 73,2.0 83,2.0 90,4.0 101,2.0 111,8.0 112,8.0 114,2.0 118,2.0 124,2.0 138,2.0 151,2.0 156,2.0 160,2.0 
4,4.0 8,2.0 9,6.0 18,2.0 22,4.0 23,2.0 28,2.0 30,2.0 31,2.0 45,2.0 54,2.0 65,2.0 103,2.0 160,2.0 
4,2.0 5,4.0 7,2.0 9,2.0 11,2.0 16,2.0 18,2.0 21,2.0 22,2.0 23,4.0 33,2.0 36,2.0 45,2.0 46,2.0 73,2.0 
0,2.0 1,2.0 2,2.0 3,10.0 4,8.0 5,16.0 6,2.0 7,10.0 8,10.0 9,8.0 10,2.0 11,26.0 13,2.0 15,10.0 16,8.0 18,6.0 21,12.0 22,4.0 23,4.0 25,14.0 28,2.0 32,6.0 36,44.0 39,2.0 45,4.0 50,4.0 54,8.0 60,2.0 63,2.0 65,4.0 66,2.0 68,2.0 71,2.0 72,4.0 74,2.0 85,2.0 93,2.0 109,2.0 111,2.0 112,4.0 115,2.0 119,2.0 130,2.0 132,2.0 136,2.0 161,2.0 163,2.0 164,2.0 
5,4.0 6,2.0 7,3.0 8,2.0 9,2.0 11,2.0 23,2.0 31,4.0 33,2.0 39,2.0 43,2.0 66,1.0 71,2.0 72,2.0 112,2.0 131,2.0 161,2.0 
5,4.0 7,4.0 21,2.0 22,2.0 30,2.0 39,2.0 43,2.0 72,2.0 
2,2.0 3,4.0 16,2.0 21,4.0 22,2.0 25,2.0 59,2.0 
7,2.0 9,2.0 21,2.0 23,4.0 46,2.0 
1,4.0 2,6.0 3,6.0 4,16.0 5,12.0 7,20.0 8,22.0 9,16.0 10,2.0 11,4.0 14,2.0 15,42.0 16,14.0 17,2.0 18,12.0 20,2.0 21,10.0 22,2.0 23,10.0 25,8.0 28,2.0 30,2.0 31,36.0 32,2.0 35,2.0 36,2.0 37,2.0 38,4.0 40,4.0 41,2.0 44,2.0 45,8.0 46,2.0 48,2.0 50,4.0 54,14.0 58,2.0 59,2.0 63,2.0 65,4.0 68,2.0 73,4.0 74,2.0 76,2.0 81,2.0 84,2.0 85,2.0 94,2.0 100,2.0 107,2.0 109,2.0 111,4.0 114,14.0 115,2.0 116,2.0 122,2.0 136,2.0 144,2.0 164,2.0 172,2.0 
5,2.0 7,2.0 38,2.0 45,4.0 68,2.0 117,2.0 118,2.0 
7,2.0 22,2.0 28,2.0 37,2.0 111,2.0 
0,1.0 5,4.0 7,1.0 15,2.0 16,2.0 17,2.0 18,6.0 20,4.0 21,4.0 22,2.0 23,2.0 25,6.0 28,2.0 33,2.0 43,2.0 46,2.0 66,1.0 72,2.0 74,4.0 80,2.0 89,2.0 131,2.0 
4,4.0 9,2.0 23,2.0 29,2.0 31,2.0 36,2.0 43,2.0 45,2.0 49,2.0 63,2.0 72,2.0 76,4.0 90,2.0 
5,2.0 7,2.0 8,4.0 16,2.0 36,2.0 42,2.0 44,2.0 114,2.0 150,2.0 
7,2.0 8,2.0 18,2.0 41,2.0 48,2.0 
5,4.0 10,2.0 15,2.0 21,4.0 22,2.0 25,6.0 28,2.0 29,2.0 33,2.0 39,2.0 40,2.0 72,2.0 
5,2.0 8,6.0 16,2.0 18,2.0 21,2.0 22,2.0 25,2.0 28,4.0 31,4.0 45,2.0 46,2.0 48,2.0 54,2.0 67,2.0 69,2.0 100,2.0 121,2.0 122,2.0 
0,8.0 2,2.0 3,2.0 4,2.0 5,12.0 7,8.0 8,16.0 9,4.0 11,6.0 14,2.0 15,6.0 16,14.0 18,2.0 21,2.0 22,2.0 23,4.0 25,8.0 28,8.0 29,2.0 30,2.0 31,4.0 36,4.0 37,2.0 44,2.0 46,24.0 50,2.0 54,2.0 57,2.0 59,2.0 65,10.0 66,2.0 68,2.0 99,4.0 112,2.0 117,2.0 118,4.0 119,2.0 121,6.0 150,2.0 154,2.0 157,2.0 
0,2.0 1,2.0 2,2.0 4,10.0 5,14.0 7,22.0 8,18.0 9,8.0 11,6.0 15,4.0 16,10.0 20,2.0 21,4.0 22,8.0 23,4.0 25,18.0 28,28.0 29,4.0 37,2.0 39,4.0 45,18.0 48,4.0 50,2.0 59,2.0 65,2.0 67,2.0 80,2.0 94,2.0 111,2.0 112,6.0 117,4.0 118,2.0 123,2.0 134,2.0 150,2.0 157,2.0 160,2.0 
18,2.0 25,6.0 48,2.0 49,4.0 68,2.0 154,2.0 
2,2.0 5,4.0 6,2.0 7,8.0 8,4.0 9,2.0 15,6.0 16,4.0 18,8.0 21,14.0 23,2.0 25,12.0 28,6.0 36,2.0 44,2.0 46,2.0 47,2.0 49,2.0 55,2.0 63,2.0 64,2.0 90,2.0 96,2.0 118,2.0 
4,4.0 5,2.0 7,2.0 15,2.0 16,2.0 18,2.0 23,2.0 25,6.0 29,2.0 36,4.0 44,2.0 45,2.0 48,2.0 118,2.0 133,2.0 137,2.0 
7,4.0 8,6.0 11,2.0 16,4.0 22,2.0 23,2.0 25,4.0 28,4.0 31,2.0 36,4.0 45,2.0 46,2.0 51,2.0 58,2.0 114,4.0 138,2.0 156,2.0 
3,2.0 4,2.0 5,2.0 7,2.0 15,2.0 21,2.0 23,4.0 122,2.0 
25,2.0 
5,2.0 8,2.0 36,2.0 112,2.0 
5,4.0 7,2.0 8,6.0 9,20.0 15,8.0 18,8.0 21,2.0 23,10.0 31,4.0 35,2.0 36,8.0 44,2.0 46,2.0 100,2.0 102,2.0 172,2.0 
28,2.0 48,2.0 
45,2.0 57,2.0 
25,2.0 45,2.0 
16,2.0 18,2.0 25,2.0 36,2.0 59,2.0 68,2.0 
2,2.0 3,6.0 15,2.0 16,6.0 18,2.0 21,2.0 23,2.0 31,2.0 34,2.0 36,2.0 46,4.0 58,2.0 66,2.0 70,2.0 92,2.0 93,2.0 100,2.0 119,2.0 123,2.0 148,2.0 149,2.0 150,2.0 
5,4.0 6,2.0 7,2.0 9,2.0 18,2.0 65,2.0 124,2.0 
7,2.0 62,2.0 
48,2.0 
10,4.0 15,6.0 16,2.0 18,4.0 23,4.0 36,4.0 40,2.0 48,2.0 51,2.0 64,2.0 72,2.0 90,4.0 
15,2.0 18,2.0 20,2.0 36,2.0 63,2.0 66,2.0 75,2.0 
4,8.0 5,2.0 7,10.0 8,8.0 9,6.0 11,4.0 15,4.0 16,4.0 23,2.0 25,16.0 30,2.0 31,2.0 36,4.0 37,2.0 45,20.0 46,6.0 47,2.0 50,2.0 66,4.0 68,6.0 90,2.0 109,2.0 123,2.0 135,2.0 151,2.0 
3,2.0 4,2.0 5,2.0 7,8.0 8,2.0 9,4.0 10,2.0 11,2.0 16,8.0 20,2.0 23,2.0 25,8.0 31,2.0 44,2.0 45,2.0 65,8.0 67,4.0 68,8.0 111,4.0 140,2.0 
0,2.0 5,4.0 7,2.0 8,2.0 25,4.0 44,2.0 68,4.0 69,4.0 121,2.0 154,2.0 174,2.0 
3,2.0 4,6.0 5,8.0 7,4.0 8,10.0 9,6.0 10,2.0 16,2.0 25,4.0 29,2.0 31,4.0 36,2.0 46,2.0 47,2.0 65,16.0 66,2.0 70,2.0 101,2.0 103,2.0 109,2.0 111,4.0 112,2.0 114,2.0 123,4.0 154,4.0 
3,2.0 5,2.0 9,2.0 66,2.0 121,2.0 155,2.0 167,2.0 
2,2.0 8,2.0 36,4.0 68,2.0 111,2.0 114,2.0 119,2.0 
5,2.0 7,1.0 8,4.0 9,4.0 15,2.0 16,2.0 18,2.0 22,2.0 25,2.0 32,2.0 35,2.0 51,2.0 66,1.0 109,2.0 129,2.0 169,2.0 
4,2.0 5,4.0 7,2.0 11,2.0 21,4.0 22,2.0 33,2.0 36,2.0 39,2.0 40,2.0 43,2.0 63,2.0 90,2.0 111,2.0 
9,2.0 11,2.0 23,2.0 28,2.0 30,2.0 36,2.0 46,2.0 49,2.0 112,2.0 
1,2.0 2,2.0 7,2.0 11,2.0 15,2.0 16,2.0 18,2.0 20,2.0 23,2.0 31,2.0 36,2.0 39,4.0 136,2.0 
15,2.0 20,2.0 21,2.0 64,2.0 66,2.0 
4,2.0 8,4.0 9,2.0 10,2.0 17,2.0 31,2.0 36,2.0 40,4.0 45,2.0 
17,2.0 22,2.0 
11,2.0 31,2.0 
4,2.0 25,2.0 
0,1.0 6,2.0 7,1.0 8,2.0 9,4.0 11,2.0 15,2.0 25,2.0 36,4.0 39,2.0 66,1.0 81,2.0 111,2.0 112,2.0 
7,2.0 8,2.0 15,2.0 31,2.0 36,2.0 72,2.0 
21,2.0 83,2.0 
1,2.0 2,2.0 16,2.0 25,2.0 28,2.0 46,2.0 84,2.0 
3,2.0 5,2.0 16,2.0 18,4.0 25,4.0 28,2.0 36,2.0 46,2.0 59,2.0 114,2.0 
8,2.0 9,2.0 15,2.0 31,2.0 54,2.0 115,2.0 
5,2.0 7,2.0 
7,2.0 8,2.0 9,4.0 11,2.0 15,2.0 17,2.0 19,2.0 25,2.0 88,2.0 113,2.0 
15,2.0 48,2.0 
4,2.0 16,2.0 18,2.0 21,4.0 48,2.0 
5,4.0 7,6.0 9,6.0 11,2.0 15,2.0 18,2.0 23,4.0 28,4.0 46,4.0 110,2.0 125,2.0 
16,2.0 25,2.0 
0,2.0 1,2.0 21,2.0 31,2.0 59,2.0 93,2.0 
18,2.0 31,2.0 
4,2.0 8,2.0 18,2.0 23,2.0 139,2.0 
2,2.0 16,2.0 21,4.0 48,4.0 96,2.0 
7,2.0 16,2.0 18,4.0 21,4.0 23,2.0 25,2.0 30,2.0 48,2.0 
8,2.0 9,2.0 21,2.0 98,2.0 
7,2.0 8,2.0 9,2.0 18,2.0 21,2.0 22,2.0 54,2.0 
8,2.0 15,2.0 16,2.0 18,2.0 23,2.0 25,2.0 44,2.0 45,2.0 54,2.0 100,2.0 
3,2.0 5,2.0 7,4.0 8,4.0 15,2.0 20,2.0 25,2.0 28,2.0 31,4.0 36,2.0 44,2.0 45,2.0 50,2.0 54,2.0 59,2.0 66,2.0 
16,2.0 20,2.0 36,2.0 100,2.0 
8,2.0 9,2.0 16,2.0 25,2.0 68,2.0 
8,2.0 9,2.0 22,2.0 29,2.0 
5,2.0 25,2.0 46,2.0 
5,2.0 23,2.0 25,2.0 
8,2.0 9,2.0 25,2.0 
25,2.0 
7,2.0 9,2.0 36,2.0 111,2.0 
4,2.0 8,4.0 9,2.0 31,2.0 36,2.0 65,2.0 68,2.0 71,2.0 
5,2.0 18,2.0 21,2.0 
6,2.0 7,2.0 8,4.0 10,2.0 16,2.0 21,2.0 22,4.0 23,2.0 25,18.0 28,6.0 31,2.0 39,2.0 46,2.0 65,2.0 66,4.0 67,2.0 68,4.0 70,2.0 111,2.0 114,4.0 127,2.0 152,2.0 153,2.0 154,2.0 
0,2.0 2,2.0 3,2.0 4,2.0 5,2.0 6,2.0 8,14.0 9,4.0 10,2.0 11,2.0 16,2.0 17,2.0 21,4.0 25,2.0 28,2.0 31,4.0 45,2.0 46,6.0 71,2.0 80,4.0 87,2.0 94,2.0 109,2.0 111,2.0 117,2.0 130,2.0 168,2.0 
9,2.0 17,2.0 54,2.0 
3,4.0 4,2.0 7,2.0 8,8.0 16,4.0 17,2.0 18,2.0 23,6.0 25,4.0 28,2.0 36,16.0 41,2.0 48,2.0 50,4.0 59,2.0 111,2.0 
15,2.0 31,2.0 54,2.0 85,2.0 
18,2.0 36,2.0 114,2.0 
5,6.0 21,4.0 22,2.0 25,4.0 37,2.0 45,2.0 112,2.0 118,2.0 
4,4.0 5,6.0 15,4.0 21,2.0 25,6.0 45,4.0 46,2.0 48,2.0 49,2.0 117,2.0 128,2.0 129,2.0 172,2.0 
1,2.0 2,2.0 3,6.0 4,2.0 15,2.0 21,2.0 22,2.0 23,2.0 31,2.0 36,4.0 45,2.0 70,2.0 114,2.0 120,2.0 121,4.0 122,2.0 173,2.0 
0,2.0 45,2.0 121,2.0 
0,6.0 2,4.0 3,2.0 8,2.0 9,6.0 11,4.0 22,2.0 45,6.0 69,2.0 119,4.0 120,2.0 122,2.0 154,2.0 167,2.0 
3,2.0 5,2.0 18,2.0 21,4.0 22,2.0 31,2.0 44,2.0 114,2.0 119,2.0 
3,2.0 4,4.0 8,2.0 9,2.0 16,6.0 28,4.0 46,4.0 68,2.0 114,2.0 
2,2.0 18,2.0 23,2.0 25,2.0 28,2.0 46,2.0 50,2.0 
7,2.0 8,2.0 11,2.0 19,2.0 25,2.0 31,2.0 36,2.0 112,2.0 148,2.0 
9,2.0 25,2.0 
4,2.0 8,2.0 16,2.0 25,2.0 
5,2.0 11,2.0 
4,2.0 8,4.0 9,4.0 10,2.0 11,2.0 16,2.0 17,2.0 25,2.0 71,2.0 118,2.0 
11,2.0 31,4.0 112,2.0 163,2.0 
8,4.0 20,2.0 32,2.0 33,2.0 39,4.0 43,2.0 50,2.0 72,2.0 
8,2.0 31,2.0 36,2.0 
7,2.0 18,2.0 23,2.0 
9,2.0 19,2.0 25,2.0 87,2.0 100,2.0 
11,2.0 25,2.0 
8,2.0 15,2.0 36,2.0 
4,2.0 5,2.0 16,2.0 18,2.0 25,2.0 45,2.0 49,2.0 
15,2.0 
4,2.0 16,2.0 
3,2.0 4,2.0 16,2.0 25,2.0 68,2.0 123,2.0 
5,2.0 25,2.0 31,2.0 
5,2.0 
4,2.0 16,2.0 51,2.0 
9,2.0 
5,2.0 7,2.0 146,2.0 
5,2.0 25,2.0 48,2.0 
25,2.0 
3,2.0 19,2.0 59,2.0 125,2.0 149,2.0 
2,2.0 3,2.0 45,2.0 
41,2.0 44,2.0 46,2.0 59,2.0 123,2.0 
7,2.0 8,2.0 65,2.0 66,2.0 
25,2.0 111,2.0 153,2.0 
16,2.0 25,2.0 66,2.0 
0,4.0 25,2.0 45,2.0 67,2.0 68,4.0 69,2.0 121,2.0 174,2.0 
154,2.0 
4,2.0 22,2.0 46,2.0 
8,2.0 45,2.0 46,2.0 158,2.0 159,2.0 
157,2.0 159,2.0 
25,2.0 
22,2.0 28,2.0 29,2.0 
8,2.0 81,2.0 
5,2.0 21,2.0 48,2.0 
11,2.0 31,2.0 130,2.0 
16,2.0 36,2.0 41,2.0 114,2.0 
18,2.0 23,2.0 166,2.0 
18,2.0 23,2.0 165,2.0 
3,2.0 125,2.0 148,2.0 
0,2.0 4,2.0 8,2.0 18,2.0 21,2.0 112,2.0 
9,2.0 29,2.0 
7,2.0 8,2.0 11,2.0 
9,2.0 36,2.0 54,2.0 
5,2.0 7,2.0 9,4.0 17,2.0 25,2.0 
45,2.0 119,2.0 121,2.0 
0,2.0 67,2.0 154,2.0 
1,2.0 21,2.0 168,2.0 
