0,1.0 1,13.0 8,13.0 10,14.0 11,5.0 12,3.0 21,2.0 22,3.0 24,2.0 27,2.0 28,1.0 32,1.0 35,1.0 36,1.0 37,5.0 38,1.0 40,2.0 41,3.0 44,2.0 45,1.0 46,1.0 53,1.0 56,2.0 58,1.0 61,1.0 64,1.0 68,2.0 69,1.0 73,3.0 74,1.0 75,1.0 76,1.0 77,3.0 79,1.0 81,1.0 82,1.0 88,1.0 89,1.0 91,2.0 
0,21.0 2,1.0 8,15.0 9,11.0 10,6.0 11,3.0 12,6.0 13,1.0 22,6.0 24,2.0 27,1.0 29,1.0 32,1.0 35,2.0 37,1.0 38,1.0 40,1.0 41,6.0 44,1.0 45,1.0 49,1.0 53,1.0 56,1.0 58,2.0 61,1.0 64,1.0 68,2.0 76,1.0 77,3.0 78,1.0 80,1.0 81,1.0 83,1.0 87,1.0 91,5.0 92,2.0 93,1.0 117,1.0 135,1.0 
3,1.0 8,1.0 14,1.0 
4,1.0 
5,1.0 22,1.0 24,1.0 
6,1.0 7,1.0 8,2.0 9,1.0 11,1.0 15,1.0 17,1.0 23,1.0 24,1.0 89,6.0 
1,1.0 7,1.0 
1,2.0 6,1.0 11,4.0 12,2.0 15,1.0 21,1.0 22,1.0 25,1.0 27,3.0 36,1.0 37,2.0 41,2.0 46,1.0 58,1.0 80,1.0 88,1.0 91,2.0 92,1.0 102,1.0 103,2.0 113,1.0 114,1.0 116,1.0 135,1.0 
0,3.0 1,28.0 2,1.0 5,2.0 9,9.0 10,3.0 11,10.0 12,3.0 13,1.0 14,1.0 15,2.0 21,5.0 22,7.0 23,1.0 26,1.0 27,2.0 28,1.0 29,2.0 31,1.0 35,2.0 37,2.0 41,2.0 44,2.0 47,1.0 49,3.0 55,1.0 56,1.0 58,2.0 73,1.0 77,1.0 80,1.0 82,1.0 87,1.0 89,2.0 91,3.0 92,1.0 93,1.0 94,1.0 95,1.0 117,1.0 133,1.0 135,1.0 
0,1.0 1,3.0 2,1.0 5,3.0 7,1.0 8,20.0 11,7.0 12,3.0 15,6.0 17,5.0 18,1.0 22,1.0 27,2.0 34,1.0 37,1.0 44,1.0 47,1.0 49,2.0 52,1.0 58,1.0 61,3.0 77,1.0 78,1.0 80,1.0 82,1.0 91,1.0 92,1.0 94,1.0 103,1.0 133,1.0 
0,7.0 1,12.0 7,2.0 8,1.0 9,1.0 10,1.0 11,4.0 12,6.0 19,1.0 21,1.0 22,1.0 24,3.0 26,2.0 27,3.0 29,1.0 32,1.0 33,1.0 37,2.0 38,1.0 41,1.0 42,1.0 44,2.0 46,1.0 50,1.0 56,1.0 64,1.0 69,1.0 73,2.0 77,3.0 78,1.0 79,1.0 82,1.0 83,1.0 84,1.0 86,1.0 88,2.0 91,1.0 135,1.0 
0,3.0 1,8.0 7,4.0 8,10.0 9,3.0 10,7.0 12,11.0 15,4.0 17,1.0 20,1.0 21,5.0 22,11.0 23,1.0 25,1.0 26,2.0 27,2.0 28,1.0 48,1.0 57,1.0 61,1.0 79,1.0 80,1.0 83,1.0 88,1.0 92,1.0 102,1.0 103,1.0 
0,4.0 1,4.0 8,7.0 9,3.0 10,5.0 11,11.0 15,1.0 21,1.0 22,2.0 25,1.0 26,2.0 27,3.0 28,1.0 29,1.0 30,1.0 37,1.0 38,1.0 39,1.0 48,1.0 50,1.0 61,1.0 64,1.0 79,1.0 102,1.0 
1,1.0 9,1.0 
15,1.0 
5,2.0 7,1.0 9,12.0 11,4.0 12,3.0 16,1.0 17,4.0 18,1.0 19,2.0 20,3.0 22,1.0 27,1.0 50,1.0 52,1.0 56,1.0 58,1.0 61,3.0 67,1.0 68,1.0 89,1.0 97,1.0 98,1.0 103,1.0 113,1.0 118,1.0 
15,1.0 17,1.0 
8,1.0 11,4.0 15,11.0 16,1.0 19,2.0 20,2.0 22,2.0 26,3.0 33,1.0 35,1.0 47,1.0 56,1.0 64,1.0 67,1.0 90,1.0 96,1.0 99,1.0 118,1.0 
9,1.0 15,1.0 
0,1.0 15,2.0 20,3.0 37,1.0 38,1.0 45,1.0 54,1.0 62,1.0 64,1.0 77,1.0 78,1.0 91,1.0 103,1.0 118,1.0 
11,1.0 17,8.0 22,2.0 24,1.0 26,1.0 27,6.0 33,1.0 36,1.0 40,1.0 42,1.0 44,1.0 54,2.0 55,1.0 56,1.0 57,1.0 62,1.0 63,2.0 64,1.0 90,1.0 95,1.0 109,1.0 
0,4.0 8,2.0 11,1.0 12,3.0 22,5.0 24,2.0 40,1.0 44,1.0 55,1.0 56,1.0 58,1.0 83,1.0 
0,5.0 1,5.0 4,1.0 5,1.0 7,1.0 8,2.0 9,2.0 10,2.0 11,7.0 12,6.0 15,1.0 17,2.0 20,2.0 21,4.0 24,5.0 25,2.0 26,1.0 33,1.0 38,1.0 39,2.0 57,1.0 76,1.0 77,1.0 80,1.0 81,1.0 83,2.0 91,1.0 92,1.0 103,1.0 113,2.0 
5,1.0 22,1.0 24,1.0 
0,3.0 1,1.0 5,1.0 7,1.0 8,1.0 10,3.0 11,4.0 12,1.0 17,1.0 20,1.0 22,4.0 38,1.0 39,1.0 41,1.0 68,1.0 69,1.0 76,1.0 83,1.0 86,1.0 91,1.0 92,1.0 103,1.0 
10,1.0 12,1.0 22,1.0 80,1.0 113,1.0 
8,1.0 9,1.0 11,2.0 12,2.0 15,1.0 20,10.0 22,1.0 27,6.0 32,1.0 36,1.0 37,12.0 38,1.0 40,4.0 43,1.0 44,3.0 47,1.0 48,2.0 49,3.0 54,1.0 55,2.0 56,1.0 57,1.0 58,1.0 63,1.0 65,1.0 68,1.0 88,2.0 91,4.0 92,1.0 108,1.0 109,1.0 111,3.0 127,1.0 129,1.0 130,1.0 
1,2.0 7,3.0 8,3.0 9,2.0 10,3.0 11,2.0 12,2.0 26,16.0 28,1.0 32,1.0 37,11.0 38,5.0 39,1.0 40,4.0 41,13.0 42,2.0 43,1.0 44,2.0 46,1.0 47,1.0 48,2.0 49,2.0 50,2.0 58,2.0 68,1.0 86,1.0 88,2.0 91,2.0 101,1.0 102,1.0 106,1.0 108,1.0 123,1.0 127,1.0 128,1.0 129,1.0 
0,2.0 10,1.0 11,1.0 27,1.0 38,2.0 40,2.0 41,1.0 47,1.0 49,1.0 77,1.0 90,1.0 91,1.0 92,1.0 94,1.0 111,1.0 116,1.0 131,1.0 135,1.0 136,1.0 
1,2.0 8,1.0 9,1.0 12,1.0 27,1.0 30,1.0 37,1.0 93,1.0 
8,1.0 76,1.0 91,1.0 103,1.0 128,1.0 138,1.0 139,1.0 
10,1.0 32,1.0 
0,1.0 1,1.0 10,1.0 26,1.0 27,1.0 33,1.0 
9,1.0 11,1.0 15,1.0 17,1.0 22,1.0 
0,1.0 35,1.0 
0,1.0 1,2.0 8,1.0 9,1.0 36,1.0 91,1.0 102,1.0 103,1.0 113,1.0 
7,1.0 20,1.0 27,2.0 91,1.0 135,1.0 
0,5.0 1,2.0 7,3.0 8,2.0 9,1.0 10,3.0 11,1.0 12,1.0 19,1.0 26,1.0 27,26.0 28,1.0 29,1.0 38,3.0 39,1.0 40,2.0 41,11.0 42,1.0 44,2.0 45,2.0 46,1.0 47,1.0 49,4.0 50,2.0 53,1.0 54,4.0 56,2.0 58,2.0 59,1.0 60,1.0 61,1.0 66,1.0 77,1.0 82,2.0 88,4.0 91,9.0 93,1.0 102,2.0 106,1.0 107,1.0 110,1.0 111,1.0 121,1.0 122,1.0 123,1.0 128,1.0 
0,2.0 7,1.0 10,2.0 11,1.0 12,1.0 19,1.0 24,1.0 26,4.0 27,2.0 28,2.0 37,3.0 39,1.0 40,4.0 44,2.0 45,1.0 47,1.0 72,1.0 79,1.0 86,1.0 90,2.0 91,5.0 92,1.0 94,1.0 102,2.0 103,1.0 114,1.0 115,1.0 116,1.0 131,1.0 132,1.0 135,1.0 137,1.0 
11,1.0 22,2.0 27,1.0 37,2.0 38,1.0 40,1.0 41,1.0 83,1.0 91,1.0 92,1.0 113,2.0 114,2.0 136,1.0 
0,2.0 8,1.0 20,1.0 21,1.0 22,3.0 26,4.0 27,2.0 30,1.0 37,4.0 38,3.0 39,1.0 41,2.0 43,1.0 44,1.0 54,1.0 76,1.0 86,1.0 91,2.0 113,1.0 119,1.0 128,1.0 131,1.0 132,1.0 138,1.0 139,1.0 
0,3.0 1,6.0 8,1.0 9,1.0 10,2.0 12,1.0 19,1.0 26,2.0 27,3.0 29,1.0 37,24.0 38,1.0 39,1.0 40,2.0 42,1.0 44,3.0 45,2.0 49,3.0 51,1.0 52,1.0 53,1.0 56,1.0 58,1.0 59,1.0 60,1.0 61,2.0 64,1.0 78,1.0 79,1.0 82,2.0 86,1.0 88,1.0 90,2.0 91,9.0 92,6.0 93,1.0 100,1.0 101,2.0 102,3.0 105,1.0 110,1.0 111,2.0 121,2.0 122,1.0 
0,1.0 26,2.0 27,1.0 37,2.0 40,1.0 41,1.0 43,1.0 54,1.0 56,1.0 121,1.0 
26,1.0 37,1.0 40,1.0 
0,1.0 1,2.0 8,2.0 9,1.0 10,2.0 20,1.0 21,2.0 24,3.0 26,3.0 27,1.0 28,1.0 37,3.0 38,2.0 41,2.0 45,1.0 49,2.0 56,1.0 62,2.0 78,1.0 79,1.0 83,1.0 90,2.0 91,2.0 94,1.0 103,1.0 111,2.0 120,1.0 130,1.0 132,1.0 137,1.0 
0,2.0 7,1.0 10,1.0 19,1.0 27,1.0 28,1.0 37,2.0 38,1.0 46,2.0 47,1.0 54,1.0 72,1.0 75,1.0 
1,1.0 7,1.0 10,1.0 24,2.0 27,1.0 37,1.0 68,1.0 84,1.0 91,1.0 92,1.0 
0,1.0 8,1.0 9,1.0 15,1.0 26,1.0 27,1.0 28,1.0 41,1.0 
12,1.0 26,2.0 27,1.0 37,1.0 58,1.0 
1,1.0 8,2.0 9,2.0 11,1.0 12,1.0 15,1.0 20,1.0 26,2.0 27,2.0 28,1.0 37,2.0 38,1.0 40,1.0 41,3.0 44,2.0 50,1.0 56,1.0 62,1.0 78,1.0 82,1.0 87,1.0 88,1.0 90,1.0 91,5.0 92,2.0 103,1.0 111,3.0 112,1.0 127,1.0 130,1.0 131,1.0 
10,2.0 27,2.0 37,1.0 41,1.0 49,1.0 68,1.0 69,1.0 
41,1.0 52,1.0 53,1.0 
9,1.0 17,1.0 41,1.0 51,1.0 53,1.0 58,1.0 
0,1.0 1,1.0 19,1.0 37,1.0 41,1.0 45,2.0 54,1.0 61,1.0 62,1.0 
19,1.0 22,1.0 26,6.0 40,1.0 42,1.0 53,1.0 55,1.0 56,1.0 61,1.0 62,2.0 64,1.0 65,1.0 66,1.0 91,1.0 92,1.0 
8,1.0 20,1.0 21,1.0 26,1.0 37,1.0 54,1.0 
0,2.0 1,1.0 8,1.0 10,1.0 15,1.0 20,2.0 21,1.0 26,1.0 27,2.0 28,1.0 37,1.0 42,1.0 46,1.0 49,1.0 54,1.0 78,1.0 90,1.0 91,1.0 92,1.0 103,2.0 111,1.0 
11,1.0 20,1.0 26,1.0 
0,1.0 1,2.0 7,1.0 8,2.0 9,2.0 17,1.0 22,1.0 26,1.0 27,1.0 37,2.0 41,2.0 48,1.0 52,1.0 70,1.0 88,1.0 91,2.0 
37,1.0 41,1.0 60,1.0 
37,1.0 53,1.0 54,1.0 61,1.0 
1,1.0 9,3.0 12,1.0 15,2.0 17,1.0 41,2.0 53,1.0 54,1.0 62,1.0 91,1.0 92,1.0 111,1.0 
19,1.0 20,3.0 24,1.0 38,1.0 44,1.0 63,1.0 64,1.0 90,1.0 91,1.0 102,1.0 
17,1.0 20,2.0 54,1.0 
0,2.0 1,1.0 12,1.0 17,1.0 19,1.0 20,1.0 26,1.0 41,1.0 62,1.0 68,1.0 91,1.0 92,2.0 
26,1.0 37,1.0 
26,1.0 54,1.0 
11,1.0 15,1.0 17,1.0 
0,2.0 1,1.0 8,1.0 10,1.0 24,1.0 26,1.0 41,1.0 44,1.0 49,1.0 50,1.0 64,1.0 69,1.0 91,1.0 129,1.0 130,1.0 
0,1.0 10,1.0 24,1.0 70,1.0 
38,1.0 45,1.0 71,1.0 72,1.0 
58,1.0 
28,1.0 38,1.0 45,1.0 47,1.0 
0,1.0 1,3.0 10,2.0 79,1.0 
45,1.0 
0,1.0 1,1.0 53,1.0 
0,1.0 8,1.0 22,1.0 30,1.0 128,1.0 138,1.0 139,1.0 
0,4.0 1,2.0 8,4.0 9,1.0 10,2.0 11,1.0 19,1.0 29,1.0 37,1.0 78,1.0 91,1.0 
0,1.0 1,1.0 19,1.0 28,1.0 49,1.0 56,1.0 77,1.0 83,1.0 90,1.0 91,1.0 92,1.0 111,1.0 
1,1.0 10,1.0 11,1.0 22,1.0 38,1.0 41,1.0 44,1.0 73,1.0 88,1.0 92,1.0 114,1.0 115,1.0 137,1.0 
1,1.0 8,2.0 9,1.0 22,2.0 25,1.0 103,1.0 113,2.0 
0,1.0 1,1.0 
0,1.0 8,1.0 9,1.0 37,2.0 41,1.0 49,1.0 91,1.0 
9,1.0 10,1.0 11,2.0 21,1.0 22,1.0 24,2.0 44,1.0 80,1.0 
4,1.0 22,1.0 85,1.0 
46,1.0 
10,1.0 26,1.0 37,1.0 38,1.0 40,1.0 44,1.0 83,1.0 90,1.0 91,2.0 102,1.0 
1,1.0 8,1.0 26,1.0 49,1.0 91,1.0 
0,2.0 1,1.0 7,1.0 10,1.0 11,1.0 12,1.0 27,4.0 37,2.0 41,3.0 49,1.0 58,1.0 77,1.0 79,1.0 91,5.0 92,1.0 111,5.0 113,1.0 114,2.0 115,1.0 135,1.0 
5,4.0 8,2.0 9,3.0 15,2.0 
8,1.0 10,1.0 17,1.0 26,1.0 27,1.0 28,2.0 37,1.0 38,2.0 40,1.0 41,1.0 49,1.0 56,1.0 78,1.0 86,1.0 91,4.0 94,1.0 102,2.0 111,1.0 
0,2.0 1,5.0 7,2.0 8,3.0 9,1.0 10,2.0 19,1.0 24,1.0 26,4.0 27,3.0 28,1.0 30,1.0 36,1.0 37,4.0 38,5.0 39,1.0 40,2.0 41,20.0 42,1.0 44,2.0 49,5.0 54,1.0 56,1.0 58,1.0 61,2.0 62,1.0 64,2.0 68,1.0 77,1.0 78,1.0 79,2.0 86,2.0 87,1.0 88,5.0 90,4.0 92,11.0 100,1.0 101,1.0 102,4.0 103,4.0 104,1.0 107,1.0 111,9.0 112,1.0 121,1.0 126,1.0 135,4.0 137,1.0 
0,1.0 1,2.0 7,3.0 8,2.0 9,1.0 15,1.0 19,1.0 22,1.0 24,1.0 26,1.0 28,1.0 30,1.0 36,1.0 37,1.0 38,1.0 39,1.0 41,1.0 44,1.0 46,1.0 49,1.0 56,2.0 58,1.0 64,1.0 68,1.0 80,1.0 91,18.0 102,1.0 103,4.0 105,1.0 111,1.0 113,1.0 124,1.0 125,1.0 126,1.0 
1,1.0 9,1.0 29,1.0 37,1.0 91,1.0 
8,1.0 28,1.0 38,1.0 40,1.0 90,1.0 95,1.0 
17,2.0 99,1.0 
15,1.0 97,1.0 
15,1.0 98,1.0 
20,1.0 
17,1.0 35,1.0 
41,1.0 92,1.0 101,1.0 
27,1.0 37,1.0 41,1.0 92,1.0 100,1.0 
7,1.0 10,1.0 11,1.0 26,1.0 27,1.0 35,1.0 37,4.0 38,2.0 41,1.0 86,1.0 90,2.0 91,4.0 103,2.0 104,1.0 113,1.0 116,1.0 135,1.0 
1,1.0 7,2.0 11,1.0 15,1.0 22,1.0 24,1.0 35,1.0 39,1.0 44,1.0 46,1.0 49,1.0 54,1.0 56,1.0 80,1.0 88,1.0 91,2.0 92,8.0 102,1.0 104,1.0 113,4.0 120,1.0 124,1.0 125,1.0 
54,1.0 91,1.0 103,1.0 
41,1.0 91,1.0 
27,1.0 41,1.0 
37,1.0 41,1.0 
26,1.0 37,1.0 
20,1.0 27,1.0 
37,1.0 41,1.0 
0,2.0 27,1.0 28,1.0 37,2.0 38,2.0 40,1.0 41,3.0 44,2.0 49,3.0 61,1.0 62,1.0 77,1.0 79,1.0 88,5.0 91,7.0 92,2.0 131,1.0 135,1.0 137,1.0 
49,1.0 103,1.0 
7,1.0 11,1.0 22,1.0 35,1.0 38,1.0 39,1.0 40,1.0 79,1.0 88,2.0 102,1.0 103,4.0 114,5.0 115,1.0 119,1.0 134,1.0 
7,1.0 38,1.0 39,2.0 79,1.0 88,1.0 113,4.0 115,3.0 116,1.0 134,1.0 136,1.0 
7,1.0 28,1.0 38,1.0 39,1.0 102,1.0 114,3.0 116,2.0 136,2.0 
28,1.0 38,1.0 102,1.0 103,1.0 115,1.0 135,2.0 136,1.0 
0,1.0 1,1.0 
15,1.0 19,1.0 20,1.0 
22,1.0 40,1.0 113,1.0 
24,1.0 44,1.0 103,1.0 
37,2.0 41,1.0 42,1.0 91,1.0 
27,1.0 37,1.0 
37,1.0 41,1.0 
92,1.0 103,1.0 
91,1.0 92,1.0 
41,1.0 91,1.0 
20,1.0 26,1.0 49,1.0 
26,1.0 27,1.0 30,1.0 76,1.0 138,1.0 139,1.0 
26,1.0 44,1.0 49,1.0 68,1.0 130,1.0 
44,1.0 49,1.0 56,1.0 78,1.0 90,1.0 
38,1.0 40,1.0 44,1.0 132,1.0 
8,1.0 26,1.0 44,1.0 
8,1.0 37,1.0 
113,1.0 114,1.0 
49,1.0 87,1.0 88,2.0 90,1.0 91,5.0 111,2.0 116,1.0 
28,1.0 39,1.0 113,1.0 114,1.0 116,1.0 135,1.0 
38,1.0 44,1.0 79,1.0 
30,1.0 76,1.0 128,1.0 139,1.0 
30,1.0 76,1.0 128,1.0 138,1.0 
