1,16.0 2,4.0 3,8.0 4,12.0 5,4.0 11,2.0 12,2.0 22,2.0 23,6.0 24,4.0 25,2.0 28,6.0 30,6.0 31,2.0 33,2.0 34,2.0 35,2.0 36,4.0 37,8.0 38,4.0 41,6.0 46,4.0 52,4.0 56,2.0 61,2.0 67,2.0 70,2.0 
0,12.0 2,2.0 3,6.0 4,6.0 7,2.0 8,2.0 9,6.0 10,2.0 11,2.0 13,2.0 18,4.0 23,4.0 24,2.0 27,4.0 28,6.0 29,2.0 30,4.0 34,2.0 37,4.0 41,6.0 45,2.0 46,2.0 52,2.0 56,2.0 57,2.0 61,2.0 62,2.0 
0,4.0 1,4.0 3,2.0 12,2.0 30,2.0 36,2.0 37,4.0 38,2.0 41,2.0 48,2.0 49,2.0 53,2.0 
0,8.0 1,8.0 2,2.0 4,4.0 22,2.0 23,6.0 24,2.0 25,2.0 28,4.0 34,2.0 46,2.0 
0,6.0 1,8.0 2,2.0 3,4.0 5,2.0 6,2.0 7,4.0 8,2.0 9,6.0 11,8.0 12,2.0 13,2.0 14,2.0 16,2.0 17,2.0 20,1.0 22,2.0 28,2.0 30,2.0 31,2.0 33,2.0 37,4.0 38,2.0 45,2.0 62,2.0 67,2.0 70,2.0 
0,2.0 4,4.0 6,2.0 
3,2.0 4,4.0 8,2.0 9,2.0 29,2.0 30,2.0 35,2.0 37,2.0 58,2.0 
0,1.0 1,2.0 4,4.0 8,2.0 9,2.0 11,2.0 20,1.0 36,2.0 53,2.0 
1,2.0 4,4.0 7,2.0 9,2.0 
1,2.0 4,8.0 6,2.0 7,2.0 8,2.0 10,2.0 11,4.0 14,2.0 15,2.0 16,2.0 17,2.0 18,2.0 19,2.0 56,2.0 
6,2.0 9,2.0 
4,8.0 7,2.0 9,6.0 13,2.0 14,2.0 
0,2.0 1,2.0 2,2.0 
4,2.0 9,2.0 11,2.0 20,2.0 25,2.0 56,2.0 
3,2.0 4,2.0 9,2.0 15,2.0 
1,2.0 9,2.0 14,2.0 19,2.0 20,4.0 23,2.0 25,2.0 68,2.0 
1,2.0 4,2.0 17,2.0 
1,2.0 4,2.0 16,2.0 
1,4.0 9,2.0 19,2.0 20,2.0 23,4.0 25,2.0 28,6.0 56,2.0 57,2.0 67,2.0 69,2.0 
3,2.0 20,8.0 21,4.0 22,2.0 23,6.0 24,8.0 59,2.0 68,2.0 
15,6.0 18,2.0 19,8.0 21,2.0 22,2.0 23,4.0 24,2.0 25,6.0 30,2.0 33,2.0 37,2.0 42,2.0 54,2.0 56,4.0 57,2.0 59,2.0 60,2.0 68,4.0 69,2.0 
19,4.0 20,4.0 22,2.0 23,2.0 24,2.0 25,2.0 29,2.0 30,4.0 31,2.0 37,2.0 38,4.0 43,2.0 
0,2.0 3,2.0 19,2.0 20,2.0 21,2.0 23,2.0 25,2.0 28,2.0 
0,10.0 1,2.0 3,6.0 5,2.0 15,4.0 18,2.0 19,2.0 20,2.0 21,2.0 22,2.0 24,6.0 25,12.0 26,4.0 27,4.0 28,8.0 29,4.0 30,4.0 31,2.0 32,2.0 33,2.0 37,2.0 41,6.0 54,2.0 57,2.0 67,2.0 
0,4.0 1,2.0 3,2.0 4,2.0 19,4.0 20,6.0 21,2.0 23,6.0 25,4.0 30,2.0 32,2.0 59,2.0 61,2.0 
13,2.0 15,2.0 18,6.0 19,2.0 20,8.0 21,4.0 23,6.0 24,4.0 26,2.0 27,4.0 28,6.0 30,4.0 31,4.0 32,2.0 33,2.0 35,2.0 42,2.0 49,2.0 56,6.0 57,2.0 60,4.0 63,2.0 67,2.0 68,2.0 
23,4.0 25,2.0 27,2.0 28,2.0 29,2.0 30,2.0 
19,2.0 23,6.0 25,4.0 26,2.0 28,2.0 29,2.0 35,2.0 60,2.0 
0,12.0 1,8.0 3,2.0 18,6.0 20,2.0 22,2.0 23,6.0 26,2.0 27,2.0 29,6.0 30,12.0 31,2.0 32,2.0 33,2.0 35,2.0 36,4.0 37,2.0 41,2.0 46,2.0 52,2.0 56,2.0 57,4.0 63,2.0 
4,2.0 6,2.0 21,6.0 23,4.0 25,4.0 26,2.0 28,2.0 30,8.0 31,4.0 33,2.0 37,6.0 43,2.0 
0,8.0 1,4.0 2,2.0 6,2.0 20,2.0 21,2.0 23,4.0 26,2.0 28,12.0 29,12.0 31,2.0 33,2.0 36,2.0 37,8.0 39,2.0 40,2.0 41,10.0 46,2.0 52,2.0 53,2.0 60,2.0 63,2.0 64,2.0 
0,2.0 21,2.0 23,2.0 25,4.0 28,2.0 29,2.0 30,2.0 38,2.0 63,2.0 
0,2.0 20,2.0 24,2.0 25,2.0 28,2.0 30,2.0 33,2.0 
0,2.0 4,2.0 20,2.0 23,2.0 25,2.0 28,2.0 29,2.0 30,2.0 31,2.0 32,2.0 38,2.0 41,2.0 66,2.0 
0,2.0 28,2.0 35,2.0 36,2.0 
0,2.0 6,2.0 25,2.0 27,2.0 28,2.0 36,2.0 37,2.0 58,2.0 60,2.0 
0,5.0 1,2.0 7,2.0 20,1.0 28,2.0 35,2.0 37,2.0 41,6.0 42,4.0 53,2.0 54,2.0 
0,10.0 1,4.0 2,2.0 4,4.0 21,2.0 23,2.0 28,4.0 30,16.0 38,10.0 39,2.0 41,8.0 43,6.0 44,2.0 45,2.0 46,4.0 49,2.0 50,2.0 52,4.0 55,2.0 60,2.0 64,2.0 65,2.0 
0,2.0 2,4.0 4,2.0 21,2.0 23,2.0 30,2.0 33,2.0 37,10.0 41,2.0 43,2.0 45,2.0 46,2.0 47,2.0 48,2.0 49,2.0 50,2.0 51,2.0 65,2.0 66,2.0 
30,2.0 37,2.0 
36,2.0 41,2.0 
0,4.0 1,6.0 2,2.0 7,2.0 23,8.0 28,4.0 29,2.0 30,4.0 33,2.0 36,6.0 37,8.0 38,2.0 40,2.0 42,4.0 43,2.0 44,2.0 52,2.0 53,4.0 54,2.0 66,2.0 
25,2.0 29,2.0 37,2.0 41,4.0 54,2.0 56,2.0 60,2.0 
21,2.0 37,6.0 38,2.0 41,2.0 44,2.0 55,2.0 
37,2.0 41,2.0 43,2.0 
0,2.0 1,2.0 38,2.0 46,2.0 47,2.0 62,2.0 
0,4.0 1,2.0 3,2.0 28,2.0 30,2.0 38,2.0 45,2.0 47,2.0 
2,2.0 38,2.0 48,2.0 
2,2.0 37,2.0 38,2.0 49,2.0 
6,2.0 23,2.0 37,2.0 41,2.0 56,2.0 
38,2.0 51,2.0 
21,2.0 38,2.0 
0,4.0 1,2.0 28,2.0 30,2.0 37,4.0 41,2.0 56,2.0 
0,1.0 2,2.0 7,2.0 20,1.0 36,4.0 41,2.0 
23,2.0 25,2.0 29,2.0 41,2.0 42,2.0 57,2.0 
13,2.0 25,2.0 56,2.0 
0,4.0 1,2.0 6,2.0 13,2.0 18,2.0 20,2.0 23,2.0 25,4.0 28,2.0 37,2.0 42,2.0 49,2.0 52,2.0 60,2.0 69,2.0 
1,4.0 9,2.0 18,2.0 23,2.0 25,2.0 28,2.0 54,2.0 
6,2.0 35,2.0 
19,2.0 20,2.0 24,2.0 
0,2.0 24,2.0 25,4.0 27,2.0 30,2.0 32,2.0 35,2.0 37,2.0 
1,2.0 4,2.0 24,2.0 
0,2.0 1,2.0 45,2.0 
1,2.0 28,2.0 30,2.0 41,2.0 
28,2.0 30,2.0 37,2.0 
37,2.0 41,2.0 
23,2.0 33,2.0 38,2.0 41,2.0 
4,2.0 18,2.0 20,1.0 23,2.0 25,2.0 70,2.0 
15,2.0 19,2.0 20,4.0 25,2.0 
18,2.0 23,2.0 56,2.0 
4,2.0 20,1.0 67,2.0 
