1,1.0 2,1.0 5,2.0 8,6.0 11,2.0 27,1.0 28,1.0 29,2.0 30,2.0 50,1.0 69,1.0 70,1.0 71,1.0 74,1.0 76,3.0 80,1.0 
2,1.0 3,1.0 9,6.0 27,6.0 28,6.0 
1,1.0 3,1.0 11,2.0 27,1.0 28,1.0 29,1.0 49,1.0 
4,1.0 5,4.0 7,1.0 18,1.0 30,1.0 34,1.0 37,1.0 38,1.0 42,3.0 43,2.0 61,1.0 62,1.0 63,1.0 64,1.0 76,1.0 
5,1.0 6,1.0 
0,1.0 4,1.0 6,9.0 7,8.0 8,4.0 11,1.0 13,1.0 17,1.0 19,1.0 21,1.0 30,1.0 37,2.0 38,1.0 58,1.0 76,1.0 80,1.0 
3,2.0 7,10.0 8,10.0 9,9.0 11,7.0 16,1.0 19,1.0 20,11.0 21,3.0 23,3.0 29,4.0 33,4.0 34,6.0 35,7.0 36,3.0 37,4.0 38,4.0 39,4.0 40,1.0 76,4.0 82,1.0 83,1.0 
3,1.0 5,6.0 6,5.0 8,8.0 9,10.0 11,8.0 12,2.0 13,1.0 14,1.0 15,1.0 19,2.0 20,2.0 22,1.0 30,6.0 33,1.0 35,1.0 39,1.0 43,3.0 44,3.0 47,1.0 48,1.0 60,2.0 65,1.0 76,4.0 80,2.0 82,1.0 83,1.0 
0,5.0 2,1.0 5,2.0 6,9.0 7,4.0 9,9.0 10,1.0 11,8.0 15,1.0 16,1.0 17,1.0 22,1.0 27,1.0 29,3.0 33,1.0 38,3.0 47,1.0 48,1.0 66,1.0 73,1.0 76,5.0 80,1.0 
1,6.0 5,1.0 6,6.0 7,10.0 8,1.0 10,1.0 11,10.0 17,1.0 18,1.0 19,1.0 20,4.0 21,2.0 22,2.0 23,1.0 24,2.0 27,6.0 28,6.0 30,3.0 32,1.0 36,3.0 37,3.0 39,1.0 52,1.0 60,1.0 65,1.0 76,2.0 80,1.0 
9,1.0 11,1.0 
0,2.0 2,1.0 5,4.0 6,7.0 7,6.0 8,7.0 9,5.0 11,1.0 12,2.0 14,1.0 15,2.0 17,1.0 18,1.0 19,1.0 20,1.0 21,2.0 23,5.0 24,8.0 25,8.0 27,10.0 28,3.0 29,11.0 31,2.0 32,1.0 33,4.0 35,4.0 39,1.0 42,2.0 49,3.0 50,1.0 51,1.0 54,2.0 62,1.0 66,2.0 70,1.0 73,10.0 76,3.0 81,6.0 
5,1.0 6,1.0 7,2.0 28,2.0 30,3.0 84,1.0 85,1.0 86,1.0 87,1.0 88,1.0 
7,1.0 11,1.0 58,1.0 64,1.0 
5,1.0 7,1.0 39,1.0 59,1.0 60,1.0 72,1.0 
6,1.0 7,2.0 8,1.0 25,1.0 26,1.0 27,1.0 
8,1.0 11,1.0 
5,1.0 6,2.0 8,1.0 11,1.0 20,1.0 
3,1.0 5,1.0 7,1.0 9,1.0 
6,2.0 7,1.0 9,1.0 11,1.0 20,4.0 28,3.0 73,3.0 
5,1.0 6,12.0 7,1.0 9,2.0 11,1.0 17,1.0 19,3.0 21,4.0 23,4.0 27,6.0 28,3.0 30,6.0 34,6.0 60,1.0 73,3.0 80,6.0 
6,3.0 7,1.0 9,1.0 11,3.0 20,4.0 23,1.0 39,1.0 61,1.0 
8,1.0 9,2.0 20,1.0 
6,3.0 9,2.0 11,7.0 20,3.0 24,3.0 25,1.0 28,1.0 29,2.0 59,1.0 60,1.0 
0,1.0 9,1.0 11,8.0 15,1.0 23,3.0 25,7.0 26,1.0 27,7.0 31,2.0 37,1.0 49,2.0 51,1.0 52,1.0 53,1.0 62,1.0 66,1.0 70,1.0 73,3.0 74,4.0 76,1.0 
0,1.0 7,1.0 11,5.0 15,1.0 24,8.0 26,1.0 27,9.0 28,8.0 30,1.0 37,1.0 42,1.0 52,1.0 66,1.0 70,1.0 73,3.0 76,1.0 80,1.0 
15,1.0 25,1.0 27,1.0 
0,1.0 1,6.0 2,1.0 8,2.0 9,6.0 11,14.0 20,5.0 24,8.0 25,7.0 28,14.0 29,7.0 30,6.0 31,2.0 42,3.0 49,1.0 50,1.0 51,2.0 53,1.0 66,1.0 67,1.0 68,1.0 70,1.0 74,3.0 80,6.0 81,6.0 
0,1.0 1,5.0 2,1.0 5,1.0 8,1.0 9,5.0 12,3.0 19,3.0 20,3.0 24,5.0 25,8.0 27,14.0 29,5.0 30,4.0 34,1.0 39,1.0 42,2.0 46,1.0 65,1.0 67,1.0 68,2.0 73,3.0 74,2.0 76,6.0 77,1.0 
1,1.0 2,1.0 6,4.0 8,2.0 9,1.0 11,11.0 23,3.0 25,1.0 27,7.0 28,2.0 30,3.0 31,1.0 39,1.0 46,1.0 53,1.0 73,3.0 76,6.0 78,1.0 81,5.0 
0,2.0 3,1.0 7,6.0 9,3.0 11,1.0 12,3.0 20,6.0 25,1.0 27,7.0 28,4.0 52,1.0 53,1.0 74,2.0 76,6.0 79,1.0 80,7.0 81,1.0 84,1.0 85,1.0 86,1.0 87,1.0 88,1.0 
0,1.0 11,2.0 25,2.0 28,2.0 
9,1.0 11,1.0 
5,1.0 6,3.0 8,1.0 9,1.0 11,4.0 
6,6.0 11,1.0 20,5.0 28,1.0 39,4.0 43,1.0 45,3.0 76,1.0 
6,6.0 7,1.0 8,2.0 9,2.0 11,3.0 40,1.0 65,1.0 66,1.0 
6,3.0 9,3.0 
3,1.0 5,1.0 6,5.0 7,2.0 8,1.0 9,2.0 24,1.0 25,1.0 43,3.0 45,1.0 58,1.0 59,1.0 
3,2.0 5,1.0 6,4.0 39,3.0 
3,6.0 5,1.0 6,5.0 7,2.0 11,1.0 14,1.0 18,1.0 28,1.0 29,1.0 34,3.0 35,3.0 37,3.0 38,1.0 40,5.0 41,4.0 42,6.0 43,3.0 45,5.0 46,3.0 60,1.0 65,2.0 72,1.0 73,1.0 74,1.0 76,1.0 
39,6.0 41,3.0 42,3.0 
3,1.0 39,4.0 40,3.0 57,1.0 58,1.0 
3,3.0 7,1.0 8,1.0 9,1.0 11,2.0 27,1.0 28,3.0 39,3.0 40,2.0 43,1.0 63,1.0 64,1.0 76,2.0 
6,1.0 7,2.0 34,1.0 37,4.0 39,4.0 44,3.0 45,1.0 
39,3.0 43,3.0 
34,3.0 39,6.0 46,3.0 
6,1.0 29,1.0 30,1.0 39,3.0 45,2.0 
8,1.0 9,1.0 48,1.0 
8,1.0 9,1.0 47,1.0 
2,1.0 11,2.0 27,3.0 41,1.0 53,1.0 54,2.0 55,2.0 56,1.0 57,1.0 
0,1.0 8,1.0 11,1.0 69,1.0 
9,1.0 11,2.0 24,1.0 
24,1.0 25,1.0 27,2.0 39,1.0 61,1.0 
0,1.0 9,1.0 24,1.0 30,1.0 41,1.0 49,1.0 57,1.0 
49,2.0 55,2.0 
49,2.0 53,1.0 56,1.0 
11,1.0 49,1.0 
41,1.0 58,1.0 
14,2.0 23,1.0 37,1.0 39,1.0 59,3.0 
14,1.0 21,1.0 23,1.0 60,2.0 61,1.0 
5,1.0 7,1.0 20,1.0 39,3.0 41,1.0 65,1.0 73,1.0 
21,1.0 39,4.0 52,1.0 62,2.0 
24,1.0 25,1.0 39,2.0 61,2.0 
52,1.0 61,1.0 
13,1.0 58,1.0 61,1.0 62,1.0 
5,2.0 7,1.0 9,1.0 17,1.0 28,1.0 39,1.0 74,1.0 75,1.0 
11,2.0 27,2.0 35,1.0 70,2.0 74,2.0 
27,1.0 28,1.0 
28,2.0 29,1.0 76,1.0 
0,1.0 50,1.0 
27,2.0 58,1.0 66,2.0 71,1.0 74,2.0 
58,1.0 70,1.0 
13,1.0 64,1.0 
7,1.0 11,7.0 19,3.0 20,3.0 24,3.0 25,3.0 28,4.0 29,3.0 39,1.0 65,1.0 74,3.0 
0,1.0 23,3.0 24,3.0 25,3.0 27,3.0 28,4.0 30,1.0 39,1.0 60,1.0 80,1.0 
28,1.0 42,1.0 
0,5.0 3,1.0 5,1.0 6,4.0 7,4.0 8,6.0 9,2.0 11,2.0 24,1.0 28,5.0 29,6.0 30,6.0 34,1.0 39,1.0 42,1.0 68,1.0 74,1.0 77,1.0 78,1.0 79,1.0 
6,1.0 29,1.0 76,1.0 
7,1.0 30,1.0 76,1.0 
0,1.0 8,1.0 76,1.0 
0,1.0 5,1.0 7,2.0 9,1.0 20,6.0 25,1.0 27,6.0 30,8.0 
11,6.0 27,6.0 29,6.0 
7,1.0 60,1.0 
7,1.0 8,1.0 
85,1.0 86,1.0 87,1.0 88,1.0 
84,1.0 86,1.0 87,1.0 88,1.0 
84,1.0 85,1.0 87,1.0 88,1.0 
84,1.0 85,1.0 86,1.0 88,1.0 
84,1.0 85,1.0 86,1.0 87,1.0 
