1,1.0 2,1.0 
2,1.0 3,1.0 78,1.0 80,1.0 81,1.0 
1,1.0 3,1.0 11,2.0 27,1.0 28,1.0 29,1.0 50,1.0 
4,1.0 5,4.0 7,1.0 18,1.0 30,1.0 35,1.0 38,1.0 39,1.0 43,3.0 44,2.0 62,1.0 63,1.0 64,1.0 65,1.0 80,1.0 
5,1.0 6,1.0 
4,1.0 6,8.0 7,8.0 8,4.0 11,1.0 13,1.0 19,1.0 21,1.0 30,1.0 31,1.0 38,2.0 39,1.0 59,1.0 80,1.0 84,1.0 
3,2.0 7,10.0 8,10.0 9,9.0 11,7.0 16,1.0 19,1.0 20,11.0 21,3.0 23,3.0 25,1.0 29,4.0 34,4.0 35,6.0 36,7.0 37,3.0 38,4.0 39,4.0 40,4.0 41,1.0 80,5.0 84,1.0 87,1.0 88,1.0 
3,1.0 5,6.0 6,6.0 8,8.0 9,10.0 11,8.0 12,2.0 13,1.0 14,1.0 15,1.0 19,2.0 20,2.0 22,1.0 30,6.0 32,1.0 34,1.0 36,1.0 40,1.0 44,3.0 45,3.0 48,1.0 49,1.0 61,2.0 66,1.0 80,5.0 84,2.0 87,1.0 88,1.0 
2,1.0 5,2.0 6,9.0 7,4.0 9,9.0 10,1.0 11,9.0 15,1.0 16,1.0 17,1.0 22,1.0 27,1.0 29,3.0 31,5.0 34,1.0 39,3.0 48,1.0 49,1.0 67,2.0 71,1.0 74,1.0 80,5.0 84,1.0 
5,1.0 6,6.0 7,10.0 8,2.0 10,1.0 11,10.0 17,1.0 18,1.0 19,1.0 20,4.0 21,2.0 22,2.0 23,1.0 24,2.0 27,7.0 28,7.0 30,3.0 33,1.0 37,3.0 38,3.0 40,1.0 53,1.0 61,1.0 66,1.0 76,6.0 80,2.0 84,1.0 
9,1.0 11,1.0 
2,1.0 5,4.0 6,7.0 7,6.0 8,7.0 9,6.0 11,1.0 12,2.0 14,1.0 15,2.0 17,1.0 18,1.0 19,1.0 20,2.0 21,3.0 23,5.0 24,8.0 25,7.0 27,11.0 28,4.0 29,13.0 31,2.0 32,2.0 33,1.0 34,4.0 36,4.0 40,1.0 43,2.0 50,3.0 51,1.0 52,1.0 55,2.0 63,1.0 67,2.0 71,1.0 74,10.0 80,2.0 85,6.0 
5,1.0 6,1.0 7,2.0 28,2.0 29,2.0 31,1.0 89,1.0 90,1.0 91,1.0 92,1.0 93,1.0 
7,1.0 11,1.0 59,1.0 65,1.0 
5,1.0 7,1.0 40,1.0 60,1.0 61,1.0 73,1.0 
6,1.0 7,2.0 8,1.0 
8,1.0 11,1.0 
6,2.0 8,1.0 11,1.0 20,1.0 44,1.0 
3,1.0 5,1.0 7,1.0 9,1.0 
6,2.0 7,1.0 9,1.0 11,1.0 20,4.0 28,3.0 74,3.0 
5,1.0 6,12.0 7,1.0 9,2.0 11,2.0 17,1.0 19,3.0 21,5.0 23,4.0 27,6.0 28,3.0 30,6.0 35,6.0 61,1.0 74,3.0 84,6.0 
6,3.0 7,1.0 9,1.0 11,4.0 20,4.0 23,1.0 25,3.0 27,3.0 29,1.0 40,1.0 62,1.0 
8,1.0 9,2.0 20,1.0 
6,3.0 9,2.0 11,7.0 20,3.0 24,3.0 25,1.0 28,1.0 29,2.0 60,1.0 61,1.0 
9,1.0 11,8.0 23,3.0 25,7.0 26,1.0 27,7.0 32,2.0 38,1.0 41,1.0 50,2.0 52,1.0 53,1.0 54,1.0 63,1.0 71,1.0 74,3.0 86,3.0 
7,1.0 11,5.0 21,2.0 24,7.0 26,1.0 27,11.0 28,4.0 30,1.0 31,1.0 38,1.0 43,1.0 53,1.0 67,1.0 71,1.0 74,3.0 84,1.0 
25,1.0 27,1.0 
2,1.0 8,3.0 9,6.0 11,14.0 20,5.0 21,3.0 24,8.0 25,7.0 28,13.0 29,6.0 30,6.0 31,1.0 32,2.0 41,1.0 43,3.0 50,2.0 51,1.0 52,2.0 54,1.0 56,1.0 67,1.0 68,1.0 69,1.0 71,2.0 76,6.0 84,5.0 85,6.0 86,2.0 
2,1.0 5,1.0 8,2.0 9,6.0 12,3.0 19,3.0 20,3.0 24,4.0 25,5.0 27,12.0 29,6.0 30,1.0 31,2.0 47,1.0 53,1.0 68,1.0 69,1.0 74,3.0 76,5.0 
2,1.0 6,4.0 8,2.0 9,2.0 11,12.0 12,2.0 23,3.0 27,6.0 28,4.0 30,3.0 32,1.0 40,1.0 47,1.0 54,1.0 74,3.0 76,1.0 80,6.0 82,1.0 85,5.0 
1,1.0 3,1.0 7,6.0 9,3.0 11,1.0 20,6.0 25,1.0 27,6.0 28,2.0 31,2.0 43,2.0 53,2.0 54,1.0 76,1.0 80,6.0 83,1.0 84,7.0 85,1.0 86,1.0 
5,2.0 8,6.0 11,3.0 12,1.0 29,2.0 30,1.0 51,1.0 70,1.0 71,1.0 72,1.0 80,3.0 84,1.0 89,1.0 90,1.0 91,1.0 92,1.0 93,1.0 
6,1.0 7,1.0 11,2.0 25,2.0 28,2.0 31,1.0 80,1.0 
9,1.0 11,1.0 
5,1.0 6,3.0 8,1.0 9,1.0 11,4.0 
6,6.0 11,1.0 20,5.0 40,4.0 44,1.0 46,3.0 76,1.0 77,1.0 
6,6.0 7,1.0 8,2.0 9,2.0 11,3.0 41,1.0 66,1.0 67,1.0 
6,3.0 9,3.0 
3,1.0 5,1.0 6,5.0 7,2.0 8,1.0 9,2.0 24,1.0 25,1.0 44,3.0 46,1.0 59,1.0 60,1.0 
3,2.0 5,1.0 6,4.0 40,3.0 
3,6.0 5,1.0 6,5.0 7,2.0 11,1.0 14,1.0 18,1.0 29,1.0 35,3.0 36,3.0 38,3.0 39,1.0 41,5.0 42,4.0 43,6.0 44,3.0 46,5.0 47,3.0 61,1.0 66,2.0 73,1.0 74,1.0 80,1.0 
7,1.0 32,1.0 40,6.0 42,3.0 43,3.0 71,1.0 
3,1.0 40,4.0 41,3.0 58,1.0 59,1.0 
3,3.0 7,1.0 8,1.0 9,1.0 11,2.0 27,1.0 28,2.0 30,2.0 40,3.0 41,2.0 44,1.0 64,1.0 65,1.0 76,1.0 
6,2.0 7,2.0 17,1.0 35,1.0 38,4.0 40,4.0 45,3.0 46,1.0 
40,3.0 44,3.0 
35,3.0 40,6.0 47,3.0 
6,1.0 29,1.0 30,1.0 40,3.0 46,2.0 
8,1.0 9,1.0 49,1.0 
8,1.0 9,1.0 48,1.0 
2,1.0 11,2.0 27,4.0 42,1.0 54,1.0 55,2.0 56,1.0 57,1.0 58,1.0 
8,1.0 11,1.0 31,1.0 70,1.0 
9,1.0 11,2.0 24,1.0 
1,1.0 24,1.0 25,1.0 27,2.0 30,1.0 40,1.0 62,1.0 
9,1.0 24,1.0 30,1.0 31,1.0 42,1.0 50,1.0 58,1.0 
27,1.0 50,2.0 57,1.0 
11,1.0 50,1.0 
50,1.0 54,1.0 
42,1.0 59,1.0 
14,2.0 23,1.0 38,1.0 40,1.0 60,3.0 
14,1.0 21,1.0 23,1.0 61,2.0 62,1.0 
5,1.0 7,1.0 20,1.0 40,3.0 42,1.0 66,1.0 74,1.0 
21,1.0 40,4.0 53,1.0 63,2.0 
24,1.0 25,1.0 40,2.0 62,2.0 
53,1.0 62,1.0 
13,1.0 59,1.0 62,1.0 63,1.0 
5,1.0 7,1.0 9,1.0 17,1.0 40,1.0 44,1.0 75,1.0 
11,2.0 27,2.0 36,1.0 71,2.0 86,2.0 
27,1.0 28,1.0 
28,1.0 29,1.0 
31,1.0 51,1.0 
7,1.0 27,2.0 32,1.0 41,1.0 59,1.0 67,2.0 72,1.0 86,2.0 
59,1.0 71,1.0 
13,1.0 65,1.0 
7,1.0 11,7.0 19,3.0 20,4.0 24,3.0 25,2.0 28,3.0 29,3.0 40,1.0 66,1.0 86,3.0 
30,1.0 43,1.0 
9,6.0 27,6.0 28,6.0 30,1.0 35,1.0 43,1.0 77,1.0 
35,1.0 76,1.0 
1,1.0 79,1.0 
78,1.0 
3,1.0 5,1.0 6,5.0 7,4.0 8,6.0 9,2.0 11,2.0 25,1.0 29,6.0 30,6.0 31,4.0 40,1.0 81,1.0 82,1.0 83,1.0 84,1.0 
6,1.0 29,1.0 80,1.0 
7,1.0 30,1.0 80,1.0 
8,1.0 31,1.0 80,1.0 
5,1.0 7,2.0 9,1.0 20,6.0 25,1.0 27,6.0 30,8.0 31,1.0 
11,6.0 27,6.0 29,6.0 
21,1.0 23,3.0 24,3.0 25,2.0 27,3.0 28,2.0 
7,1.0 61,1.0 
7,1.0 8,1.0 
90,1.0 91,1.0 92,1.0 93,1.0 
89,1.0 91,1.0 92,1.0 93,1.0 
89,1.0 90,1.0 92,1.0 93,1.0 
89,1.0 90,1.0 91,1.0 93,1.0 
89,1.0 90,1.0 91,1.0 92,1.0 
