1,9.0 4,1.0 5,1.0 9,1.0 40,1.0 42,1.0 45,3.0 46,2.0 48,1.0 49,1.0 51,2.0 54,1.0 59,1.0 98,1.0 122,1.0 123,2.0 124,1.0 127,1.0 147,1.0 148,1.0 
0,7.0 2,13.0 4,1.0 6,1.0 10,1.0 46,2.0 47,2.0 48,2.0 49,1.0 51,2.0 52,1.0 53,1.0 54,1.0 59,1.0 82,2.0 94,1.0 98,1.0 122,2.0 123,2.0 127,1.0 148,2.0 149,1.0 
1,13.0 3,12.0 4,2.0 6,1.0 10,1.0 14,1.0 15,1.0 43,1.0 44,1.0 47,3.0 48,1.0 50,3.0 52,2.0 53,1.0 81,1.0 82,2.0 94,1.0 97,1.0 99,1.0 122,1.0 148,1.0 149,2.0 150,1.0 154,1.0 
2,10.0 4,7.0 6,2.0 14,1.0 15,2.0 43,1.0 44,1.0 47,2.0 49,2.0 50,6.0 52,1.0 65,1.0 81,1.0 83,1.0 97,1.0 98,1.0 99,1.0 106,2.0 122,1.0 123,1.0 149,1.0 150,1.0 151,1.0 
2,2.0 3,10.0 5,10.0 15,3.0 17,1.0 43,2.0 44,1.0 47,1.0 48,2.0 49,5.0 50,3.0 54,1.0 98,1.0 106,2.0 122,2.0 125,1.0 128,1.0 129,1.0 130,1.0 131,1.0 132,1.0 
4,10.0 16,4.0 17,1.0 43,2.0 44,1.0 47,2.0 48,2.0 49,3.0 54,1.0 63,1.0 88,1.0 106,1.0 122,1.0 128,1.0 129,1.0 130,1.0 131,1.0 132,1.0 133,1.0 137,1.0 
0,1.0 1,1.0 4,1.0 7,1.0 12,1.0 13,1.0 19,2.0 20,2.0 23,1.0 47,1.0 52,1.0 53,2.0 65,2.0 84,1.0 85,2.0 91,1.0 92,1.0 107,1.0 108,1.0 122,1.0 134,1.0 151,1.0 152,1.0 
8,2.0 13,2.0 14,1.0 49,2.0 50,1.0 58,1.0 71,2.0 80,1.0 86,1.0 96,1.0 136,1.0 146,1.0 
9,1.0 14,1.0 22,1.0 31,1.0 71,2.0 84,2.0 87,1.0 103,1.0 107,2.0 
10,3.0 20,1.0 22,1.0 25,1.0 26,1.0 38,1.0 40,1.0 41,1.0 50,1.0 52,1.0 67,3.0 88,1.0 89,1.0 96,1.0 108,1.0 113,1.0 133,1.0 
1,1.0 2,1.0 11,1.0 20,1.0 22,1.0 28,1.0 38,1.0 40,1.0 46,2.0 67,2.0 71,2.0 89,2.0 90,1.0 108,1.0 109,1.0 114,1.0 118,1.0 153,1.0 
4,1.0 6,2.0 23,1.0 24,1.0 30,1.0 44,1.0 47,1.0 48,2.0 49,1.0 50,1.0 66,1.0 67,1.0 79,1.0 84,1.0 89,1.0 91,1.0 100,1.0 108,2.0 118,1.0 122,1.0 123,1.0 135,1.0 138,1.0 
13,1.0 24,1.0 44,1.0 54,1.0 55,1.0 67,1.0 70,1.0 96,1.0 100,1.0 102,1.0 108,1.0 119,1.0 120,1.0 
7,3.0 14,1.0 16,2.0 17,2.0 49,1.0 50,1.0 54,1.0 55,1.0 57,1.0 67,1.0 71,1.0 94,2.0 96,1.0 100,1.0 108,1.0 143,1.0 146,1.0 
1,1.0 2,1.0 6,1.0 8,1.0 29,1.0 47,1.0 55,1.0 58,1.0 62,1.0 67,1.0 72,1.0 80,1.0 84,1.0 96,1.0 99,1.0 107,1.0 
3,2.0 4,1.0 13,1.0 16,2.0 18,1.0 106,2.0 
5,3.0 13,1.0 15,1.0 17,4.0 18,1.0 47,1.0 50,1.0 63,1.0 88,1.0 94,1.0 133,1.0 
4,1.0 5,1.0 6,3.0 8,1.0 13,1.0 16,2.0 19,5.0 21,1.0 22,2.0 48,2.0 49,2.0 65,1.0 94,2.0 106,2.0 107,1.0 134,2.0 
15,1.0 16,1.0 29,1.0 31,1.0 39,1.0 49,1.0 50,2.0 52,1.0 53,1.0 125,1.0 126,1.0 
6,2.0 10,1.0 17,4.0 20,5.0 46,1.0 47,2.0 48,3.0 49,1.0 66,1.0 79,1.0 
10,1.0 19,4.0 40,1.0 46,1.0 47,3.0 48,1.0 66,1.0 79,1.0 118,1.0 122,1.0 134,1.0 136,1.0 141,1.0 
22,1.0 23,2.0 29,1.0 35,1.0 55,1.0 71,1.0 72,1.0 73,1.0 100,1.0 
8,1.0 9,1.0 13,1.0 21,2.0 23,1.0 27,1.0 34,1.0 39,1.0 50,1.0 52,1.0 54,1.0 84,1.0 107,1.0 109,1.0 111,1.0 
6,1.0 12,1.0 21,1.0 22,1.0 24,1.0 25,1.0 29,1.0 36,1.0 38,1.0 60,1.0 70,1.0 71,1.0 76,1.0 85,1.0 100,1.0 102,1.0 109,1.0 111,1.0 
11,1.0 23,2.0 25,1.0 26,2.0 38,1.0 44,1.0 55,1.0 68,1.0 69,1.0 70,1.0 80,1.0 86,1.0 89,1.0 96,1.0 108,1.0 111,1.0 145,1.0 155,1.0 156,1.0 
9,1.0 24,1.0 26,1.0 28,1.0 67,2.0 93,1.0 94,1.0 108,1.0 
2,1.0 9,2.0 24,3.0 27,1.0 28,1.0 30,1.0 31,1.0 37,1.0 44,2.0 54,1.0 55,1.0 71,1.0 80,1.0 84,1.0 86,1.0 113,1.0 155,1.0 156,1.0 
22,1.0 28,1.0 29,1.0 34,1.0 
10,1.0 27,1.0 29,1.0 67,1.0 71,1.0 95,1.0 109,1.0 
0,1.0 14,1.0 18,1.0 21,1.0 26,1.0 30,1.0 31,1.0 37,1.0 44,1.0 54,1.0 55,1.0 61,1.0 64,4.0 66,1.0 67,3.0 71,1.0 72,1.0 73,1.0 96,1.0 97,2.0 99,2.0 105,1.0 142,1.0 
5,1.0 11,1.0 26,1.0 31,2.0 53,1.0 64,1.0 67,1.0 96,2.0 97,1.0 100,1.0 108,1.0 137,1.0 
29,8.0 30,1.0 32,2.0 33,2.0 34,2.0 35,3.0 43,1.0 44,2.0 54,1.0 56,1.0 57,1.0 63,1.0 64,4.0 65,1.0 96,1.0 97,2.0 98,1.0 103,1.0 104,1.0 105,1.0 
26,1.0 31,1.0 33,1.0 37,1.0 
31,2.0 32,1.0 64,1.0 98,1.0 100,1.0 110,1.0 
31,1.0 35,1.0 36,2.0 44,1.0 54,1.0 60,1.0 
21,1.0 23,1.0 29,2.0 31,2.0 34,1.0 36,1.0 52,1.0 
10,1.0 22,1.0 27,1.0 31,1.0 43,2.0 46,1.0 54,1.0 56,1.0 57,1.0 64,2.0 76,1.0 88,1.0 89,1.0 144,1.0 
9,1.0 26,1.0 31,1.0 50,1.0 52,1.0 64,1.0 66,1.0 100,1.0 102,1.0 106,1.0 108,1.0 112,1.0 
10,1.0 21,1.0 22,1.0 23,1.0 29,1.0 
2,1.0 14,1.0 26,1.0 29,1.0 44,1.0 54,1.0 96,1.0 118,1.0 
0,1.0 9,1.0 41,1.0 42,1.0 53,1.0 
40,1.0 
0,1.0 4,1.0 107,1.0 108,1.0 117,1.0 
1,1.0 2,1.0 3,1.0 4,1.0 5,1.0 31,1.0 49,2.0 56,1.0 57,1.0 64,1.0 128,1.0 
0,1.0 2,1.0 3,1.0 4,2.0 5,1.0 11,1.0 12,1.0 24,1.0 26,2.0 29,1.0 34,1.0 36,1.0 48,2.0 49,2.0 51,1.0 54,1.0 55,1.0 56,1.0 71,1.0 80,1.0 89,1.0 100,1.0 102,1.0 105,1.0 129,1.0 155,1.0 156,1.0 
0,3.0 123,1.0 124,1.0 
0,1.0 1,2.0 10,2.0 20,1.0 36,1.0 40,1.0 47,1.0 49,1.0 51,1.0 57,1.0 77,1.0 89,1.0 108,1.0 
1,2.0 2,3.0 3,1.0 4,1.0 5,2.0 6,1.0 9,1.0 16,1.0 19,1.0 20,3.0 48,6.0 81,1.0 118,1.0 122,4.0 132,1.0 133,2.0 136,1.0 141,1.0 
1,2.0 2,2.0 4,3.0 5,2.0 7,2.0 11,2.0 13,1.0 17,1.0 18,1.0 19,3.0 20,2.0 44,2.0 47,4.0 49,10.0 51,1.0 82,1.0 86,1.0 124,1.0 130,1.0 135,1.0 
0,1.0 1,1.0 3,3.0 4,5.0 5,2.0 7,2.0 11,2.0 13,1.0 17,2.0 18,1.0 19,2.0 44,2.0 48,9.0 50,8.0 51,1.0 78,1.0 86,1.0 98,1.0 124,1.0 125,1.0 130,1.0 133,1.0 135,1.0 136,1.0 
0,1.0 2,2.0 3,6.0 4,2.0 6,2.0 11,1.0 17,1.0 18,2.0 22,1.0 37,1.0 39,1.0 49,7.0 52,6.0 65,1.0 79,1.0 83,1.0 98,1.0 106,1.0 125,2.0 138,1.0 147,2.0 151,1.0 
0,1.0 1,2.0 2,1.0 44,1.0 46,1.0 48,1.0 49,2.0 57,1.0 58,1.0 60,1.0 61,1.0 62,1.0 127,1.0 
1,1.0 2,2.0 3,1.0 6,1.0 9,1.0 11,1.0 18,2.0 22,1.0 30,1.0 37,1.0 50,7.0 53,5.0 79,1.0 106,1.0 125,1.0 147,2.0 148,1.0 
1,1.0 2,1.0 5,1.0 9,1.0 22,1.0 30,1.0 35,1.0 52,5.0 137,1.0 147,1.0 148,1.0 
0,2.0 3,1.0 4,1.0 7,1.0 12,1.0 13,1.0 26,1.0 29,1.0 34,1.0 36,1.0 44,1.0 45,1.0 55,1.0 60,1.0 61,1.0 64,1.0 67,1.0 96,1.0 119,2.0 120,1.0 124,1.0 154,1.0 
18,1.0 26,3.0 29,1.0 39,1.0 67,3.0 71,1.0 84,1.0 100,1.0 110,1.0 111,1.0 118,1.0 145,1.0 
31,1.0 43,1.0 44,1.0 57,1.0 71,1.0 89,1.0 
13,1.0 36,3.0 46,1.0 51,2.0 54,1.0 58,3.0 59,1.0 60,1.0 61,1.0 77,1.0 88,1.0 94,1.0 143,1.0 144,1.0 
14,1.0 31,1.0 47,1.0 57,1.0 59,1.0 60,1.0 63,2.0 80,1.0 
0,1.0 5,1.0 57,1.0 58,1.0 98,1.0 
23,1.0 36,1.0 51,1.0 57,2.0 61,1.0 62,1.0 63,1.0 76,1.0 
23,1.0 31,1.0 51,1.0 54,1.0 60,2.0 62,2.0 64,1.0 71,1.0 89,1.0 100,2.0 102,1.0 108,1.0 119,1.0 154,1.0 
23,1.0 34,1.0 54,1.0 60,1.0 61,1.0 74,1.0 75,1.0 
4,1.0 5,1.0 31,1.0 57,1.0 60,1.0 64,1.0 
31,8.0 35,2.0 37,1.0 43,1.0 46,1.0 49,1.0 57,1.0 61,1.0 65,1.0 66,1.0 77,1.0 99,2.0 104,1.0 
6,2.0 29,1.0 31,1.0 53,1.0 134,1.0 151,1.0 152,1.0 
6,1.0 11,1.0 17,1.0 19,1.0 31,1.0 37,1.0 64,1.0 79,1.0 84,1.0 91,1.0 
9,2.0 10,3.0 11,2.0 24,1.0 25,1.0 26,2.0 28,1.0 31,1.0 33,1.0 39,1.0 55,3.0 68,1.0 69,1.0 71,2.0 84,2.0 88,1.0 89,2.0 93,1.0 95,1.0 96,1.0 98,1.0 100,3.0 101,1.0 102,2.0 108,2.0 114,1.0 118,6.0 153,1.0 
3,1.0 24,1.0 69,1.0 70,1.0 123,1.0 124,1.0 
24,1.0 68,1.0 70,1.0 
11,1.0 12,1.0 24,2.0 
2,1.0 7,1.0 8,3.0 11,1.0 24,1.0 26,1.0 30,1.0 31,1.0 37,1.0 44,1.0 56,1.0 61,2.0 67,2.0 71,1.0 72,1.0 73,1.0 74,1.0 86,1.0 87,1.0 89,5.0 93,1.0 96,1.0 100,1.0 102,4.0 103,1.0 108,3.0 114,1.0 
14,1.0 61,1.0 62,2.0 71,1.0 73,1.0 74,1.0 
71,2.0 72,1.0 74,1.0 100,1.0 
14,1.0 72,2.0 75,1.0 
72,1.0 74,1.0 
36,1.0 57,1.0 
36,1.0 46,1.0 57,1.0 
50,1.0 
6,1.0 17,1.0 19,1.0 22,1.0 50,1.0 66,1.0 89,1.0 107,1.0 
14,1.0 24,1.0 26,1.0 44,1.0 47,1.0 58,1.0 155,1.0 156,1.0 
2,1.0 3,1.0 20,1.0 47,2.0 136,1.0 
2,2.0 3,2.0 50,2.0 
6,1.0 84,1.0 
6,2.0 9,2.0 11,1.0 24,1.0 25,1.0 26,1.0 66,1.0 67,1.0 71,1.0 85,1.0 91,1.0 93,1.0 96,1.0 100,1.0 115,1.0 116,1.0 
7,1.0 42,1.0 71,1.0 86,1.0 107,1.0 
7,1.0 8,1.0 24,1.0 48,1.0 49,1.0 71,2.0 96,1.0 124,1.0 
9,1.0 67,1.0 88,1.0 
9,1.0 10,2.0 16,1.0 36,1.0 46,1.0 50,1.0 67,1.0 89,2.0 144,1.0 
6,1.0 10,2.0 23,1.0 24,1.0 46,1.0 61,1.0 67,1.0 71,1.0 79,1.0 84,1.0 90,1.0 96,1.0 100,3.0 107,1.0 108,4.0 146,1.0 
11,1.0 66,1.0 84,1.0 
6,1.0 92,1.0 
25,1.0 93,1.0 94,1.0 
25,1.0 28,1.0 67,2.0 71,1.0 89,1.0 94,1.0 96,2.0 118,1.0 
2,1.0 3,1.0 13,2.0 16,1.0 17,2.0 25,1.0 28,1.0 57,1.0 67,1.0 93,1.0 134,1.0 143,1.0 
30,1.0 96,1.0 97,1.0 
8,1.0 9,1.0 12,2.0 14,2.0 29,1.0 30,2.0 31,1.0 44,1.0 54,1.0 55,1.0 64,1.0 67,3.0 89,1.0 97,1.0 100,1.0 107,1.0 108,2.0 118,1.0 119,1.0 120,1.0 146,2.0 
2,1.0 3,1.0 29,2.0 30,1.0 47,1.0 67,2.0 96,1.0 142,1.0 
0,1.0 4,1.0 5,2.0 31,1.0 33,1.0 48,1.0 49,1.0 59,1.0 64,1.0 
1,1.0 2,1.0 14,1.0 31,2.0 64,2.0 
8,1.0 12,1.0 13,1.0 21,1.0 23,1.0 33,1.0 35,1.0 44,2.0 55,1.0 56,1.0 61,1.0 71,8.0 73,1.0 84,1.0 89,1.0 93,1.0 101,1.0 102,3.0 108,2.0 110,2.0 118,1.0 
100,1.0 102,1.0 
13,1.0 37,1.0 61,2.0 67,2.0 71,1.0 73,1.0 89,1.0 100,6.0 118,2.0 
31,1.0 64,1.0 
29,1.0 31,1.0 
0,1.0 29,1.0 44,1.0 
3,1.0 4,2.0 5,1.0 15,1.0 16,1.0 17,3.0 49,1.0 50,1.0 
6,1.0 8,2.0 13,1.0 14,1.0 22,1.0 42,1.0 84,2.0 108,2.0 117,1.0 
10,1.0 11,3.0 12,1.0 13,1.0 28,1.0 30,1.0 37,1.0 47,1.0 55,2.0 67,7.0 71,2.0 79,1.0 84,1.0 89,2.0 93,1.0 100,1.0 102,2.0 109,1.0 112,1.0 115,1.0 117,1.0 146,2.0 
10,1.0 21,1.0 22,1.0 28,1.0 71,1.0 111,1.0 
33,1.0 37,1.0 100,1.0 108,1.0 
21,1.0 22,1.0 26,1.0 55,1.0 109,1.0 145,1.0 
9,1.0 26,1.0 
10,1.0 67,1.0 
24,1.0 71,1.0 89,1.0 
84,1.0 116,1.0 
6,1.0 23,1.0 
67,1.0 102,1.0 108,1.0 
10,1.0 12,2.0 14,1.0 29,1.0 30,1.0 31,1.0 39,1.0 54,1.0 67,1.0 71,1.0 96,4.0 100,1.0 108,3.0 141,1.0 146,1.0 153,1.0 
24,1.0 26,1.0 44,1.0 54,1.0 61,1.0 80,1.0 120,2.0 121,1.0 154,1.0 
2,1.0 4,1.0 119,1.0 120,1.0 121,2.0 
2,1.0 4,1.0 120,1.0 
0,1.0 1,2.0 4,2.0 5,2.0 47,2.0 123,3.0 132,1.0 136,1.0 139,1.0 140,1.0 
0,2.0 1,1.0 3,1.0 4,1.0 11,1.0 45,1.0 68,1.0 122,3.0 124,3.0 
0,2.0 3,1.0 11,1.0 18,1.0 45,1.0 49,1.0 50,1.0 54,1.0 68,1.0 123,3.0 125,2.0 
0,1.0 18,1.0 50,2.0 52,1.0 54,1.0 124,2.0 126,1.0 147,2.0 
125,1.0 
1,1.0 2,1.0 51,1.0 
3,1.0 4,1.0 43,1.0 
4,1.0 5,1.0 44,1.0 
5,1.0 16,1.0 49,1.0 50,1.0 
4,1.0 125,1.0 
5,1.0 16,1.0 47,1.0 133,1.0 
5,1.0 6,1.0 9,1.0 16,1.0 20,1.0 47,2.0 
6,1.0 13,1.0 17,2.0 53,1.0 65,1.0 94,1.0 
11,1.0 47,1.0 48,1.0 
20,2.0 47,1.0 81,1.0 122,1.0 139,1.0 140,1.0 
4,1.0 5,1.0 54,1.0 
50,1.0 
81,1.0 136,1.0 140,1.0 
81,1.0 136,1.0 139,1.0 
30,1.0 31,1.0 96,1.0 118,1.0 
13,1.0 57,1.0 94,1.0 
51,1.0 57,1.0 
10,1.0 36,1.0 46,1.0 88,1.0 89,1.0 
26,1.0 55,1.0 111,1.0 
7,1.0 13,1.0 47,1.0 67,1.0 93,1.0 96,1.0 108,2.0 
0,1.0 1,1.0 50,1.0 52,2.0 53,1.0 125,1.0 148,2.0 
1,2.0 2,2.0 52,1.0 53,1.0 82,1.0 147,1.0 149,1.0 
1,1.0 2,2.0 3,1.0 148,1.0 150,1.0 
2,1.0 3,1.0 149,1.0 
6,1.0 65,1.0 152,1.0 
7,1.0 13,1.0 146,1.0 
11,1.0 67,1.0 108,1.0 
54,1.0 61,1.0 119,2.0 
156,1.0 
155,1.0 
