1,1.0 6,2.0 16,1.0 21,2.0 27,1.0 29,1.0 30,1.0 35,3.0 36,3.0 41,2.0 46,2.0 52,1.0 70,1.0 74,1.0 79,1.0 90,1.0 107,1.0 
2,1.0 5,1.0 6,2.0 7,3.0 8,2.0 17,1.0 21,2.0 25,1.0 29,1.0 30,3.0 35,3.0 40,1.0 41,6.0 49,1.0 51,3.0 52,3.0 54,2.0 57,2.0 59,2.0 65,1.0 70,3.0 74,1.0 76,3.0 82,2.0 92,1.0 100,1.0 105,1.0 106,1.0 107,1.0 122,2.0 132,1.0 135,1.0 138,1.0 
3,1.0 8,1.0 16,1.0 28,1.0 35,2.0 36,1.0 41,2.0 43,1.0 46,1.0 54,1.0 63,1.0 64,1.0 66,1.0 99,1.0 107,1.0 114,1.0 
0,1.0 4,3.0 6,2.0 10,1.0 13,1.0 16,1.0 17,1.0 20,1.0 21,1.0 25,2.0 27,1.0 28,1.0 35,4.0 36,1.0 41,3.0 46,4.0 48,1.0 49,1.0 51,2.0 52,3.0 54,2.0 57,4.0 62,1.0 63,1.0 64,1.0 70,1.0 74,1.0 78,1.0 82,1.0 87,1.0 94,1.0 107,1.0 119,1.0 123,1.0 
3,1.0 5,12.0 6,1.0 7,1.0 8,13.0 9,1.0 10,2.0 11,3.0 12,1.0 16,1.0 21,1.0 24,1.0 28,4.0 30,3.0 32,1.0 33,1.0 35,4.0 36,5.0 37,1.0 38,3.0 39,1.0 40,2.0 41,2.0 42,1.0 43,1.0 46,4.0 48,2.0 49,1.0 50,1.0 51,3.0 52,3.0 57,2.0 58,1.0 63,1.0 64,1.0 68,1.0 78,1.0 79,2.0 81,1.0 97,1.0 100,1.0 102,2.0 105,1.0 118,1.0 119,1.0 139,1.0 152,1.0 
0,1.0 4,13.0 6,2.0 7,1.0 8,5.0 10,11.0 13,1.0 27,2.0 28,1.0 29,1.0 33,1.0 34,2.0 35,4.0 36,5.0 37,1.0 38,2.0 40,2.0 41,3.0 46,3.0 50,1.0 51,1.0 52,1.0 54,3.0 57,3.0 59,1.0 63,1.0 78,1.0 79,2.0 81,1.0 97,1.0 100,1.0 102,1.0 126,1.0 152,1.0 
0,1.0 1,2.0 3,2.0 4,2.0 5,2.0 7,3.0 10,2.0 11,1.0 13,1.0 16,1.0 20,1.0 22,2.0 25,1.0 29,1.0 30,4.0 32,1.0 35,2.0 36,1.0 38,2.0 40,1.0 41,3.0 51,1.0 52,5.0 54,3.0 57,3.0 63,1.0 67,1.0 68,1.0 74,1.0 76,3.0 79,2.0 82,1.0 87,1.0 101,2.0 102,1.0 122,2.0 126,1.0 132,2.0 
1,2.0 5,1.0 6,2.0 8,3.0 10,3.0 11,2.0 21,2.0 26,1.0 28,1.0 34,1.0 35,2.0 36,3.0 40,2.0 41,2.0 45,1.0 46,1.0 49,3.0 50,3.0 51,3.0 52,4.0 57,2.0 63,3.0 67,1.0 74,1.0 76,2.0 80,2.0 82,1.0 88,1.0 101,1.0 104,1.0 109,1.0 111,1.0 123,4.0 128,1.0 135,2.0 
1,2.0 4,10.0 5,3.0 6,1.0 8,1.0 10,2.0 15,1.0 16,1.0 21,1.0 25,1.0 28,1.0 29,7.0 30,12.0 32,2.0 34,3.0 35,3.0 36,3.0 38,2.0 39,1.0 41,2.0 42,1.0 44,2.0 48,2.0 50,2.0 51,4.0 52,3.0 53,1.0 54,3.0 55,1.0 57,1.0 59,3.0 62,1.0 64,2.0 74,1.0 77,2.0 81,1.0 91,1.0 92,1.0 98,1.0 102,1.0 105,1.0 106,2.0 107,1.0 116,2.0 118,1.0 123,1.0 137,1.0 141,1.0 
10,2.0 38,1.0 48,1.0 97,1.0 
3,1.0 4,5.0 5,7.0 6,1.0 7,3.0 11,6.0 12,1.0 21,6.0 27,1.0 29,1.0 30,4.0 31,1.0 32,3.0 34,3.0 35,5.0 36,2.0 38,3.0 40,2.0 41,2.0 43,2.0 46,2.0 48,1.0 50,2.0 51,2.0 54,1.0 57,2.0 59,1.0 62,1.0 63,2.0 68,1.0 69,1.0 71,1.0 82,1.0 97,1.0 99,1.0 109,1.0 111,1.0 112,2.0 119,1.0 124,1.0 126,1.0 
4,5.0 7,2.0 10,3.0 12,1.0 13,1.0 21,1.0 27,1.0 28,3.0 29,1.0 32,1.0 34,2.0 40,1.0 48,1.0 49,1.0 50,2.0 51,1.0 52,1.0 57,1.0 58,1.0 63,1.0 111,1.0 112,1.0 113,1.0 
10,1.0 11,1.0 13,1.0 21,1.0 35,1.0 41,1.0 
3,1.0 4,1.0 5,1.0 6,1.0 10,1.0 14,1.0 15,1.0 35,1.0 46,1.0 
2,1.0 15,1.0 
2,1.0 5,1.0 8,1.0 14,1.0 16,1.0 17,1.0 20,1.0 29,2.0 41,1.0 50,1.0 63,1.0 97,1.0 107,1.0 116,1.0 117,1.0 143,1.0 144,1.0 
0,1.0 1,1.0 2,1.0 3,1.0 6,1.0 8,1.0 10,1.0 15,1.0 17,5.0 18,1.0 21,6.0 22,1.0 23,1.0 25,1.0 28,1.0 29,1.0 32,1.0 35,1.0 41,2.0 52,1.0 76,1.0 79,1.0 99,2.0 114,2.0 116,1.0 
3,1.0 10,1.0 16,4.0 18,1.0 19,1.0 21,1.0 25,2.0 26,2.0 27,1.0 28,1.0 34,1.0 35,1.0 41,1.0 52,1.0 68,1.0 
17,1.0 19,1.0 30,2.0 51,1.0 52,1.0 54,1.0 
3,1.0 20,1.0 
0,1.0 3,1.0 5,1.0 6,1.0 15,1.0 25,1.0 28,1.0 31,1.0 36,1.0 37,1.0 44,2.0 51,2.0 57,1.0 63,1.0 70,1.0 76,2.0 85,1.0 97,1.0 107,2.0 126,2.0 132,2.0 143,1.0 144,1.0 
0,1.0 1,1.0 4,1.0 5,2.0 6,1.0 7,1.0 10,8.0 11,1.0 12,1.0 15,1.0 16,6.0 22,1.0 27,1.0 28,1.0 29,1.0 30,1.0 35,3.0 36,1.0 38,1.0 41,3.0 46,1.0 51,1.0 52,1.0 54,1.0 62,1.0 63,2.0 64,1.0 76,1.0 77,1.0 79,1.0 81,1.0 99,2.0 107,1.0 109,1.0 112,2.0 114,1.0 116,1.0 128,1.0 136,1.0 
6,2.0 16,1.0 23,1.0 29,1.0 30,1.0 35,1.0 40,1.0 41,2.0 46,2.0 54,1.0 73,1.0 108,1.0 
24,1.0 36,1.0 46,1.0 57,1.0 
3,1.0 17,1.0 25,1.0 26,1.0 34,1.0 
1,1.0 3,1.0 4,1.0 8,1.0 16,2.0 17,3.0 26,1.0 27,1.0 51,1.0 52,1.0 118,1.0 
7,1.0 10,1.0 16,2.0 17,1.0 25,1.0 28,2.0 29,1.0 30,1.0 34,2.0 35,1.0 51,1.0 57,1.0 63,1.0 74,1.0 123,1.0 
0,1.0 3,1.0 4,1.0 5,1.0 10,1.0 16,1.0 17,1.0 21,1.0 30,2.0 32,1.0 34,3.0 35,4.0 36,1.0 38,1.0 41,1.0 43,1.0 46,4.0 51,1.0 57,2.0 63,4.0 64,1.0 65,1.0 66,1.0 70,1.0 76,1.0 82,1.0 111,1.0 112,1.0 153,1.0 154,2.0 155,1.0 156,1.0 
2,1.0 3,1.0 4,4.0 5,3.0 7,2.0 10,1.0 11,2.0 16,1.0 20,1.0 21,3.0 24,1.0 26,2.0 29,3.0 33,1.0 34,1.0 35,3.0 36,2.0 40,1.0 41,6.0 46,3.0 50,1.0 51,1.0 57,1.0 62,4.0 63,1.0 70,3.0 74,1.0 76,2.0 77,1.0 78,2.0 81,2.0 99,2.0 105,1.0 123,3.0 
0,1.0 1,1.0 4,1.0 6,3.0 8,1.0 10,2.0 15,1.0 18,2.0 21,2.0 22,1.0 30,21.0 32,3.0 34,3.0 38,3.0 40,2.0 41,2.0 42,1.0 43,1.0 46,3.0 49,3.0 50,2.0 51,2.0 52,3.0 53,1.0 54,7.0 55,2.0 57,2.0 58,1.0 62,2.0 68,1.0 70,1.0 74,1.0 77,1.0 90,2.0 93,1.0 94,1.0 102,1.0 105,1.0 108,1.0 110,1.0 112,1.0 115,1.0 116,1.0 117,1.0 
0,1.0 5,4.0 6,3.0 8,13.0 10,2.0 15,1.0 18,2.0 26,1.0 29,10.0 32,4.0 34,6.0 35,3.0 38,3.0 40,5.0 41,2.0 42,1.0 43,3.0 44,2.0 45,2.0 46,4.0 48,1.0 49,1.0 50,2.0 51,3.0 52,4.0 53,2.0 54,14.0 55,1.0 57,4.0 59,9.0 60,1.0 64,1.0 68,1.0 70,1.0 75,1.0 77,3.0 96,1.0 99,1.0 102,1.0 106,2.0 110,1.0 112,1.0 115,1.0 123,1.0 147,1.0 148,1.0 
1,1.0 4,1.0 8,1.0 40,1.0 
4,1.0 5,1.0 8,1.0 10,2.0 11,2.0 27,1.0 29,3.0 30,4.0 38,1.0 40,3.0 46,2.0 49,1.0 50,1.0 54,5.0 59,1.0 63,1.0 65,1.0 69,1.0 76,1.0 99,1.0 112,1.0 113,1.0 116,1.0 150,1.0 
4,1.0 5,1.0 28,1.0 35,1.0 36,1.0 47,1.0 
4,1.0 5,1.0 8,4.0 10,3.0 16,1.0 17,1.0 26,2.0 27,3.0 29,5.0 30,6.0 32,1.0 35,7.0 36,1.0 38,3.0 40,1.0 42,1.0 46,5.0 48,1.0 50,1.0 54,4.0 57,2.0 59,4.0 62,1.0 63,4.0 70,2.0 76,1.0 77,2.0 82,1.0 90,1.0 98,1.0 146,1.0 147,1.0 148,1.0 149,1.0 
0,4.0 1,1.0 2,2.0 3,2.0 4,3.0 5,3.0 6,2.0 7,3.0 8,4.0 10,4.0 12,1.0 15,1.0 16,2.0 21,3.0 22,1.0 27,1.0 28,5.0 29,2.0 30,4.0 33,1.0 36,20.0 37,1.0 38,1.0 40,4.0 41,13.0 42,1.0 44,1.0 46,4.0 47,3.0 48,1.0 52,2.0 54,1.0 59,1.0 61,1.0 63,1.0 66,1.0 67,2.0 68,1.0 69,1.0 70,1.0 73,4.0 74,1.0 76,1.0 78,4.0 79,3.0 80,1.0 81,1.0 90,2.0 92,1.0 97,2.0 99,4.0 100,1.0 101,1.0 102,2.0 107,3.0 112,1.0 127,1.0 152,1.0 
0,2.0 3,2.0 4,4.0 5,4.0 6,2.0 7,3.0 8,4.0 10,1.0 13,1.0 20,1.0 21,1.0 27,4.0 28,1.0 30,3.0 32,1.0 34,2.0 35,12.0 37,1.0 38,2.0 40,2.0 41,5.0 46,14.0 54,2.0 63,1.0 70,1.0 73,4.0 74,1.0 76,1.0 79,4.0 85,1.0 90,1.0 95,1.0 97,5.0 100,2.0 101,1.0 102,1.0 103,1.0 107,1.0 120,1.0 123,2.0 126,1.0 129,1.0 131,1.0 132,1.0 153,1.0 154,1.0 
4,1.0 8,1.0 20,1.0 36,1.0 44,1.0 76,1.0 132,1.0 
4,3.0 5,1.0 8,2.0 10,2.0 11,1.0 21,1.0 27,1.0 29,2.0 30,4.0 32,1.0 34,2.0 36,1.0 39,1.0 40,2.0 46,3.0 48,2.0 54,2.0 56,1.0 57,4.0 59,2.0 63,1.0 67,1.0 68,1.0 69,1.0 71,1.0 72,1.0 82,1.0 97,2.0 101,1.0 126,1.0 137,1.0 147,1.0 148,1.0 151,1.0 
4,1.0 8,1.0 38,1.0 
1,1.0 4,3.0 5,3.0 6,1.0 7,3.0 10,1.0 21,1.0 22,1.0 28,1.0 29,2.0 30,7.0 32,4.0 34,1.0 36,2.0 38,1.0 41,6.0 45,1.0 46,1.0 49,1.0 50,2.0 54,5.0 59,3.0 63,2.0 69,1.0 70,1.0 74,1.0 76,3.0 81,1.0 88,1.0 96,1.0 104,1.0 138,1.0 150,1.0 151,1.0 
0,3.0 1,3.0 2,3.0 3,2.0 4,3.0 5,2.0 6,3.0 7,1.0 8,3.0 9,1.0 10,3.0 12,1.0 16,2.0 18,1.0 20,1.0 21,3.0 22,2.0 28,5.0 29,2.0 30,3.0 33,1.0 35,22.0 36,1.0 40,1.0 42,1.0 44,1.0 47,4.0 48,1.0 51,3.0 52,9.0 54,1.0 62,5.0 63,1.0 66,1.0 67,2.0 68,1.0 70,1.0 76,1.0 78,3.0 79,1.0 80,1.0 81,2.0 90,1.0 92,2.0 102,1.0 103,1.0 104,1.0 107,1.0 114,1.0 123,3.0 152,1.0 
8,2.0 30,2.0 34,1.0 35,1.0 47,1.0 52,1.0 75,1.0 
2,1.0 4,1.0 5,2.0 8,4.0 30,2.0 68,1.0 
8,1.0 20,2.0 30,1.0 37,1.0 41,1.0 45,1.0 76,1.0 107,2.0 126,1.0 132,2.0 
0,1.0 3,1.0 27,2.0 46,4.0 94,2.0 
0,2.0 3,5.0 4,4.0 5,3.0 7,1.0 8,3.0 10,3.0 13,1.0 22,1.0 23,1.0 27,4.0 28,2.0 30,2.0 32,5.0 34,2.0 35,9.0 36,13.0 38,2.0 40,2.0 41,1.0 46,1.0 48,1.0 50,2.0 52,2.0 54,22.0 55,1.0 56,2.0 57,2.0 58,1.0 59,8.0 60,1.0 61,2.0 62,1.0 65,1.0 66,1.0 70,1.0 72,1.0 73,1.0 79,2.0 81,1.0 94,2.0 95,3.0 97,2.0 99,3.0 100,1.0 109,2.0 110,1.0 111,1.0 114,1.0 120,1.0 121,1.0 123,2.0 126,1.0 129,1.0 131,1.0 132,1.0 150,1.0 153,1.0 154,2.0 155,1.0 156,1.0 
33,1.0 35,3.0 36,2.0 41,1.0 42,1.0 52,3.0 70,1.0 75,1.0 76,1.0 
3,1.0 4,1.0 8,1.0 10,2.0 11,1.0 29,1.0 30,2.0 34,1.0 35,1.0 36,1.0 38,2.0 46,1.0 49,1.0 54,1.0 97,1.0 106,1.0 109,1.0 147,1.0 148,1.0 
1,1.0 3,1.0 7,3.0 10,1.0 11,1.0 29,2.0 30,2.0 32,1.0 40,1.0 48,1.0 50,1.0 51,2.0 52,2.0 57,1.0 63,1.0 69,1.0 70,1.0 74,2.0 93,1.0 100,1.0 109,1.0 123,1.0 135,1.0 
5,1.0 7,3.0 8,3.0 10,2.0 11,2.0 15,1.0 28,1.0 29,1.0 30,2.0 32,2.0 34,2.0 38,1.0 40,2.0 49,1.0 51,2.0 54,4.0 59,2.0 69,2.0 99,1.0 116,1.0 117,1.0 123,1.0 
1,2.0 2,1.0 3,3.0 4,2.0 5,2.0 6,1.0 7,1.0 8,3.0 10,2.0 11,1.0 17,1.0 20,2.0 21,1.0 25,1.0 26,1.0 27,1.0 28,1.0 29,2.0 30,1.0 31,1.0 41,1.0 42,1.0 46,1.0 47,1.0 49,1.0 52,11.0 53,1.0 54,1.0 57,7.0 58,2.0 65,1.0 77,1.0 92,1.0 107,3.0 125,1.0 141,1.0 
1,6.0 3,3.0 4,3.0 5,1.0 6,5.0 7,1.0 8,1.0 10,1.0 16,1.0 17,1.0 18,1.0 20,1.0 21,1.0 22,1.0 26,1.0 28,3.0 29,2.0 30,3.0 35,2.0 41,10.0 42,1.0 44,1.0 46,2.0 47,2.0 51,8.0 53,1.0 54,3.0 57,3.0 58,2.0 59,2.0 62,2.0 75,1.0 76,2.0 77,1.0 80,1.0 81,1.0 92,1.0 99,1.0 104,1.0 107,2.0 114,1.0 122,2.0 124,1.0 126,1.0 132,3.0 139,1.0 141,1.0 
8,1.0 29,2.0 52,1.0 54,1.0 64,1.0 
1,2.0 3,2.0 4,3.0 5,3.0 8,1.0 10,2.0 16,1.0 21,1.0 22,1.0 23,1.0 29,15.0 30,8.0 32,3.0 34,6.0 35,1.0 36,2.0 38,3.0 40,4.0 46,18.0 49,1.0 50,3.0 51,2.0 52,2.0 54,1.0 55,4.0 56,3.0 57,2.0 58,1.0 59,14.0 60,2.0 62,2.0 63,1.0 69,1.0 71,1.0 73,1.0 74,1.0 77,1.0 81,1.0 90,3.0 94,1.0 95,2.0 97,1.0 99,5.0 105,1.0 108,1.0 110,2.0 114,1.0 121,1.0 123,3.0 126,1.0 130,1.0 140,1.0 
8,1.0 29,3.0 30,1.0 46,1.0 54,3.0 56,1.0 59,1.0 70,1.0 99,1.0 140,1.0 
29,1.0 54,2.0 55,1.0 59,1.0 71,1.0 72,1.0 95,1.0 
1,2.0 3,3.0 4,3.0 6,1.0 7,5.0 8,2.0 10,1.0 11,1.0 20,1.0 21,1.0 23,1.0 25,1.0 26,1.0 29,1.0 30,1.0 32,1.0 34,1.0 35,1.0 36,2.0 46,2.0 49,3.0 51,10.0 52,1.0 54,3.0 58,1.0 59,3.0 63,8.0 65,1.0 123,5.0 124,1.0 125,1.0 130,1.0 133,1.0 
4,1.0 46,2.0 51,1.0 52,2.0 54,2.0 70,1.0 76,1.0 139,1.0 
1,2.0 3,1.0 5,1.0 8,2.0 10,1.0 22,1.0 28,1.0 30,8.0 34,4.0 35,1.0 36,2.0 38,2.0 40,3.0 41,1.0 46,12.0 50,2.0 52,1.0 54,12.0 57,2.0 58,1.0 62,1.0 63,1.0 70,1.0 73,1.0 74,1.0 81,1.0 90,1.0 99,1.0 109,1.0 110,1.0 112,1.0 123,3.0 130,1.0 
30,1.0 46,1.0 61,1.0 75,1.0 
28,1.0 41,2.0 62,2.0 
3,1.0 8,1.0 10,1.0 11,1.0 28,4.0 29,3.0 30,1.0 34,1.0 41,5.0 46,1.0 51,1.0 63,1.0 90,1.0 109,1.0 123,3.0 
1,1.0 2,1.0 3,1.0 4,2.0 5,1.0 6,1.0 7,1.0 8,1.0 10,1.0 11,1.0 16,1.0 20,1.0 21,1.0 23,1.0 27,5.0 32,1.0 34,4.0 35,2.0 36,1.0 37,1.0 40,1.0 41,1.0 44,1.0 46,1.0 49,2.0 51,1.0 54,1.0 57,8.0 64,4.0 70,1.0 76,7.0 79,2.0 82,1.0 93,1.0 122,2.0 124,2.0 132,2.0 133,1.0 142,1.0 
3,1.0 8,2.0 10,1.0 21,1.0 27,1.0 29,1.0 30,1.0 53,1.0 57,1.0 63,2.0 70,2.0 78,1.0 
1,1.0 7,1.0 10,1.0 50,1.0 51,1.0 52,1.0 
2,1.0 35,1.0 36,1.0 76,1.0 77,1.0 93,1.0 111,1.0 134,1.0 154,1.0 155,1.0 156,1.0 
7,1.0 10,1.0 35,2.0 38,1.0 40,1.0 41,1.0 63,1.0 127,1.0 
4,1.0 10,1.0 21,1.0 29,1.0 35,1.0 38,1.0 40,1.0 43,1.0 49,1.0 50,1.0 52,1.0 80,1.0 101,1.0 126,1.0 151,1.0 
2,1.0 8,2.0 29,1.0 34,1.0 43,1.0 51,1.0 55,1.0 62,1.0 77,1.0 88,1.0 145,1.0 
0,1.0 1,2.0 2,1.0 3,1.0 6,3.0 7,1.0 8,1.0 20,1.0 21,1.0 28,3.0 30,1.0 35,1.0 40,1.0 41,1.0 46,1.0 49,1.0 53,1.0 54,1.0 58,1.0 63,1.0 64,2.0 74,4.0 76,8.0 77,1.0 78,3.0 82,1.0 85,1.0 86,1.0 87,1.0 89,1.0 92,1.0 100,1.0 120,1.0 121,1.0 
5,1.0 56,1.0 72,1.0 112,1.0 124,1.0 
30,1.0 32,1.0 40,1.0 54,1.0 73,1.0 
22,1.0 36,4.0 41,3.0 46,1.0 54,2.0 59,1.0 74,2.0 79,1.0 
0,1.0 1,1.0 7,1.0 10,1.0 20,1.0 26,1.0 28,2.0 29,1.0 45,1.0 46,1.0 47,1.0 49,1.0 58,1.0 59,1.0 66,1.0 70,6.0 76,2.0 77,2.0 78,1.0 82,1.0 83,1.0 84,1.0 85,2.0 86,1.0 93,3.0 106,1.0 109,1.0 132,1.0 134,1.0 135,1.0 
27,2.0 34,2.0 36,1.0 63,1.0 
1,2.0 6,3.0 7,1.0 15,1.0 16,1.0 17,1.0 20,1.0 27,1.0 28,2.0 34,4.0 35,2.0 36,2.0 38,1.0 40,2.0 41,1.0 45,1.0 47,1.0 49,1.0 57,1.0 63,5.0 67,1.0 70,8.0 74,2.0 78,1.0 79,2.0 92,1.0 97,1.0 104,1.0 107,1.0 120,1.0 121,1.0 122,1.0 132,2.0 143,1.0 144,1.0 
5,1.0 8,3.0 21,1.0 28,1.0 29,1.0 30,2.0 34,2.0 35,1.0 51,1.0 59,1.0 66,1.0 70,1.0 76,2.0 78,1.0 80,1.0 92,1.0 93,1.0 107,1.0 115,1.0 123,1.0 134,1.0 146,1.0 149,1.0 
3,1.0 4,1.0 8,1.0 21,1.0 28,2.0 35,3.0 36,2.0 46,1.0 64,1.0 70,3.0 76,2.0 77,1.0 81,1.0 99,1.0 102,1.0 152,1.0 
0,1.0 5,2.0 6,2.0 10,1.0 16,1.0 32,1.0 35,2.0 36,4.0 41,2.0 52,1.0 57,1.0 63,1.0 70,1.0 73,1.0 76,1.0 90,1.0 100,1.0 
7,2.0 35,1.0 52,2.0 63,1.0 68,1.0 77,1.0 107,1.0 123,3.0 
4,2.0 5,2.0 28,2.0 35,2.0 36,2.0 40,1.0 41,1.0 46,1.0 54,1.0 59,1.0 63,1.0 78,1.0 105,1.0 
1,2.0 3,1.0 6,1.0 7,2.0 26,1.0 28,1.0 49,2.0 57,1.0 70,1.0 74,5.0 83,1.0 85,1.0 87,1.0 100,1.0 106,1.0 109,1.0 
74,1.0 84,1.0 
82,1.0 
20,1.0 36,1.0 45,1.0 70,1.0 74,1.0 86,1.0 87,1.0 107,1.0 126,1.0 
70,1.0 85,1.0 87,1.0 
1,1.0 7,1.0 28,1.0 40,1.0 70,1.0 135,1.0 
8,1.0 27,1.0 51,1.0 63,1.0 69,1.0 77,1.0 
8,1.0 55,1.0 
0,1.0 6,1.0 29,2.0 30,1.0 34,1.0 36,1.0 41,1.0 46,2.0 52,1.0 54,1.0 62,1.0 79,1.0 97,1.0 100,1.0 
70,1.0 
1,1.0 32,1.0 35,1.0 40,1.0 41,1.0 46,1.0 51,1.0 70,1.0 74,1.0 
7,1.0 40,2.0 66,1.0 76,3.0 77,1.0 82,1.0 104,1.0 134,1.0 
3,1.0 4,1.0 29,1.0 35,2.0 46,2.0 110,1.0 
35,1.0 46,1.0 54,2.0 56,1.0 59,2.0 
28,1.0 46,1.0 81,1.0 
4,1.0 5,2.0 6,1.0 10,2.0 15,1.0 20,1.0 36,4.0 38,2.0 46,4.0 48,1.0 54,1.0 63,1.0 90,1.0 100,1.0 120,1.0 131,1.0 143,1.0 144,1.0 
36,1.0 
2,2.0 21,2.0 28,2.0 34,1.0 35,1.0 41,1.0 46,6.0 48,1.0 54,3.0 55,1.0 59,3.0 78,1.0 109,1.0 112,1.0 136,1.0 
1,1.0 5,1.0 6,1.0 35,1.0 36,2.0 49,1.0 70,1.0 74,1.0 79,1.0 90,1.0 97,1.0 
6,1.0 7,1.0 35,1.0 36,1.0 38,1.0 40,1.0 68,1.0 126,1.0 151,1.0 
4,2.0 6,1.0 8,1.0 30,1.0 35,2.0 41,1.0 54,1.0 78,1.0 152,1.0 
20,1.0 36,1.0 52,1.0 85,1.0 126,1.0 
7,1.0 9,1.0 40,1.0 41,1.0 45,1.0 76,1.0 
1,1.0 4,1.0 5,1.0 28,1.0 29,1.0 30,2.0 81,1.0 108,1.0 109,1.0 146,1.0 147,1.0 
1,1.0 7,1.0 29,1.0 30,2.0 45,1.0 48,1.0 57,1.0 82,1.0 
1,3.0 2,1.0 3,1.0 15,1.0 20,1.0 21,1.0 36,1.0 41,6.0 44,1.0 52,1.0 57,1.0 76,2.0 77,1.0 80,1.0 123,1.0 126,1.0 132,1.0 
22,1.0 29,1.0 30,1.0 46,1.0 105,1.0 109,1.0 146,1.0 147,1.0 
7,1.0 10,1.0 11,1.0 30,1.0 46,2.0 48,1.0 49,1.0 54,2.0 62,1.0 74,1.0 105,1.0 108,1.0 121,1.0 135,1.0 146,1.0 147,1.0 
3,1.0 4,1.0 28,1.0 29,1.0 41,1.0 46,1.0 59,1.0 62,1.0 94,1.0 
7,1.0 10,1.0 21,1.0 66,1.0 154,1.0 155,1.0 156,1.0 
5,2.0 11,1.0 16,1.0 21,1.0 29,1.0 30,1.0 32,1.0 35,1.0 41,1.0 54,2.0 71,1.0 113,1.0 124,1.0 
11,1.0 29,1.0 32,1.0 112,1.0 
2,1.0 16,1.0 21,1.0 46,1.0 52,1.0 54,1.0 99,1.0 132,1.0 
8,1.0 30,1.0 77,1.0 
4,1.0 8,1.0 10,1.0 15,1.0 21,1.0 25,1.0 29,1.0 50,1.0 117,1.0 
8,1.0 25,1.0 116,1.0 
4,1.0 8,1.0 16,1.0 
3,1.0 74,1.0 
46,1.0 54,1.0 63,1.0 76,1.0 97,1.0 121,1.0 
8,1.0 50,1.0 54,1.0 59,1.0 63,1.0 76,1.0 120,1.0 
1,2.0 6,2.0 52,2.0 70,1.0 76,1.0 123,1.0 124,1.0 132,3.0 142,1.0 
1,2.0 3,1.0 6,4.0 7,5.0 26,1.0 30,1.0 35,1.0 36,2.0 46,3.0 49,1.0 52,9.0 54,3.0 58,1.0 59,1.0 63,3.0 80,2.0 122,2.0 124,1.0 130,1.0 
5,1.0 51,1.0 52,1.0 57,2.0 71,1.0 112,1.0 122,1.0 123,1.0 125,1.0 132,1.0 142,1.0 
1,1.0 21,1.0 51,1.0 107,1.0 
10,1.0 20,2.0 36,1.0 38,1.0 40,1.0 44,1.0 46,1.0 68,1.0 85,1.0 99,1.0 101,1.0 107,2.0 132,1.0 151,1.0 
21,1.0 28,1.0 77,1.0 
54,1.0 
35,1.0 36,1.0 
46,1.0 54,1.0 123,1.0 
46,1.0 52,1.0 114,1.0 
7,2.0 20,1.0 36,1.0 37,1.0 44,1.0 46,1.0 63,1.0 74,2.0 76,1.0 80,2.0 107,2.0 122,1.0 123,4.0 124,1.0 142,1.0 
57,1.0 123,1.0 
66,1.0 76,1.0 77,1.0 93,1.0 
1,1.0 3,1.0 6,1.0 7,1.0 82,2.0 
5,1.0 6,1.0 13,1.0 
1,1.0 40,1.0 138,1.0 
1,1.0 21,1.0 40,1.0 41,1.0 
26,1.0 30,1.0 34,1.0 
5,1.0 27,1.0 38,1.0 
1,1.0 8,1.0 52,1.0 59,1.0 
122,1.0 123,1.0 124,1.0 132,1.0 
5,1.0 15,1.0 20,1.0 63,1.0 97,1.0 144,1.0 
5,1.0 15,1.0 20,1.0 63,1.0 97,1.0 143,1.0 
34,1.0 77,1.0 105,1.0 108,1.0 109,1.0 146,2.0 149,1.0 
30,1.0 34,1.0 35,1.0 77,1.0 105,1.0 108,1.0 109,1.0 147,1.0 149,1.0 
30,1.0 34,1.0 38,1.0 48,1.0 145,1.0 148,3.0 
34,1.0 38,1.0 48,1.0 147,3.0 
34,1.0 35,1.0 77,1.0 146,1.0 
7,1.0 11,1.0 28,1.0 50,1.0 
5,1.0 40,1.0 41,1.0 
4,1.0 8,1.0 35,1.0 78,1.0 102,1.0 
27,1.0 46,1.0 66,1.0 111,1.0 154,2.0 155,1.0 156,1.0 
27,1.0 46,1.0 66,2.0 111,2.0 153,1.0 154,1.0 155,2.0 156,2.0 
66,1.0 111,1.0 154,1.0 156,1.0 
66,1.0 111,1.0 154,1.0 155,1.0 
