0,4.0 1,4.0 4,2.0 6,8.0 7,10.0 9,2.0 15,6.0 18,2.0 21,2.0 22,2.0 29,2.0 34,4.0 37,2.0 42,4.0 54,12.0 56,2.0 86,2.0 88,2.0 93,2.0 94,2.0 101,2.0 118,4.0 121,2.0 140,2.0 163,2.0 
2,4.0 7,2.0 39,2.0 49,2.0 56,2.0 
3,4.0 
4,14.0 6,2.0 9,12.0 11,4.0 15,4.0 16,2.0 18,10.0 19,2.0 21,2.0 22,2.0 26,2.0 28,6.0 29,2.0 30,8.0 31,6.0 33,12.0 35,2.0 36,2.0 39,2.0 40,2.0 42,2.0 50,4.0 54,2.0 61,2.0 64,6.0 65,12.0 76,2.0 78,2.0 79,2.0 82,14.0 83,2.0 95,4.0 103,2.0 110,2.0 111,2.0 116,2.0 117,2.0 127,2.0 139,2.0 157,2.0 173,2.0 
0,2.0 3,6.0 5,4.0 7,2.0 9,2.0 11,4.0 12,4.0 18,12.0 19,4.0 31,2.0 33,2.0 35,4.0 36,2.0 42,2.0 49,2.0 50,4.0 51,2.0 64,2.0 65,2.0 76,2.0 157,6.0 
6,4.0 118,2.0 
0,12.0 3,4.0 7,40.0 9,2.0 15,10.0 16,6.0 19,4.0 21,4.0 22,6.0 24,4.0 25,4.0 26,6.0 28,4.0 29,2.0 30,6.0 31,6.0 33,6.0 35,6.0 36,4.0 40,6.0 42,10.0 48,2.0 54,6.0 56,8.0 61,6.0 65,2.0 76,2.0 97,4.0 101,2.0 115,2.0 118,2.0 119,2.0 121,2.0 125,2.0 129,2.0 157,6.0 162,2.0 168,2.0 
0,10.0 6,22.0 8,4.0 9,4.0 15,4.0 16,4.0 19,2.0 21,2.0 22,2.0 23,2.0 26,10.0 28,2.0 30,6.0 31,12.0 33,8.0 35,4.0 36,2.0 39,6.0 41,10.0 42,28.0 45,2.0 46,2.0 48,2.0 49,4.0 54,4.0 58,2.0 61,4.0 64,2.0 65,8.0 67,4.0 74,2.0 75,2.0 76,6.0 82,2.0 86,2.0 90,4.0 97,2.0 99,2.0 110,4.0 118,2.0 120,2.0 135,2.0 146,4.0 157,4.0 164,2.0 165,2.0 
9,4.0 10,4.0 
3,22.0 4,6.0 7,4.0 10,4.0 18,4.0 23,2.0 26,6.0 29,4.0 30,4.0 31,4.0 33,2.0 35,2.0 36,8.0 39,4.0 41,24.0 42,6.0 46,2.0 48,2.0 49,2.0 54,2.0 57,6.0 64,8.0 65,2.0 67,8.0 68,2.0 71,2.0 76,4.0 78,2.0 86,4.0 95,2.0 105,2.0 113,2.0 114,2.0 133,2.0 157,6.0 
0,2.0 3,4.0 4,2.0 9,4.0 18,2.0 35,2.0 39,2.0 48,2.0 49,2.0 51,2.0 145,2.0 146,2.0 
4,4.0 12,4.0 36,2.0 48,2.0 
13,4.0 95,2.0 120,2.0 121,2.0 
14,4.0 19,2.0 
15,4.0 
0,4.0 3,4.0 6,8.0 7,2.0 10,2.0 16,14.0 18,4.0 21,14.0 22,8.0 23,6.0 24,4.0 25,4.0 26,2.0 28,2.0 29,2.0 30,6.0 31,2.0 33,4.0 36,2.0 37,2.0 40,6.0 41,2.0 45,4.0 46,4.0 51,4.0 54,6.0 56,8.0 57,2.0 58,2.0 61,2.0 64,4.0 67,2.0 76,2.0 82,4.0 86,2.0 92,2.0 93,2.0 98,2.0 122,2.0 162,2.0 168,2.0 
3,2.0 6,20.0 7,10.0 15,2.0 17,4.0 23,8.0 30,4.0 31,4.0 32,2.0 33,4.0 36,2.0 37,2.0 38,2.0 40,6.0 46,2.0 49,2.0 61,2.0 95,2.0 97,2.0 98,2.0 118,4.0 129,6.0 135,2.0 
18,4.0 
0,2.0 3,6.0 4,12.0 9,2.0 10,2.0 15,4.0 18,2.0 19,14.0 21,4.0 30,2.0 33,6.0 35,8.0 39,4.0 41,2.0 42,4.0 49,2.0 51,2.0 54,4.0 67,2.0 76,4.0 82,10.0 95,8.0 96,2.0 157,2.0 158,2.0 173,2.0 174,2.0 
5,2.0 6,2.0 7,2.0 9,2.0 10,2.0 15,2.0 18,10.0 20,4.0 33,4.0 35,20.0 39,6.0 40,2.0 41,2.0 42,2.0 51,2.0 53,2.0 54,2.0 55,2.0 56,4.0 64,8.0 65,2.0 67,4.0 95,2.0 96,4.0 99,4.0 101,6.0 157,2.0 171,2.0 
21,4.0 22,4.0 
0,4.0 3,6.0 6,4.0 7,2.0 15,20.0 16,2.0 22,6.0 23,4.0 28,12.0 29,2.0 30,2.0 40,6.0 42,2.0 44,2.0 45,6.0 46,2.0 50,2.0 51,4.0 54,6.0 56,4.0 61,2.0 76,2.0 82,8.0 86,2.0 88,2.0 89,2.0 90,2.0 91,2.0 122,2.0 172,2.0 
3,2.0 6,6.0 7,6.0 9,2.0 12,2.0 15,4.0 21,10.0 26,4.0 27,4.0 28,2.0 41,2.0 42,2.0 110,2.0 163,2.0 
6,6.0 7,4.0 16,8.0 28,2.0 86,2.0 110,2.0 
15,4.0 22,4.0 25,4.0 
15,4.0 22,4.0 24,4.0 
3,4.0 6,4.0 7,8.0 9,6.0 15,2.0 16,6.0 27,4.0 28,4.0 29,4.0 33,4.0 34,4.0 35,2.0 41,8.0 42,4.0 56,6.0 69,2.0 82,2.0 112,2.0 116,2.0 118,4.0 127,2.0 141,2.0 165,2.0 
26,4.0 28,4.0 
0,2.0 3,6.0 6,2.0 7,2.0 9,2.0 15,8.0 18,2.0 21,12.0 22,2.0 26,2.0 29,10.0 30,4.0 40,2.0 50,4.0 51,4.0 54,6.0 76,2.0 82,2.0 88,2.0 90,2.0 136,4.0 142,2.0 
0,2.0 9,4.0 21,8.0 26,2.0 28,6.0 30,4.0 31,4.0 32,4.0 35,2.0 40,2.0 41,4.0 50,4.0 51,4.0 54,2.0 56,2.0 76,2.0 86,8.0 90,2.0 
3,6.0 6,6.0 7,4.0 9,2.0 10,2.0 15,8.0 16,2.0 23,2.0 29,4.0 31,4.0 32,4.0 41,2.0 42,8.0 51,2.0 56,2.0 61,2.0 82,2.0 120,2.0 121,2.0 122,2.0 146,2.0 166,2.0 169,4.0 
3,6.0 4,2.0 6,10.0 7,8.0 9,4.0 15,2.0 16,4.0 18,2.0 26,4.0 28,2.0 32,4.0 34,2.0 35,4.0 41,4.0 76,2.0 77,2.0 78,2.0 79,2.0 118,2.0 137,2.0 
6,2.0 9,2.0 16,2.0 26,4.0 31,4.0 41,2.0 
3,12.0 4,4.0 6,10.0 7,18.0 9,4.0 15,2.0 16,4.0 18,2.0 19,2.0 26,2.0 30,2.0 34,4.0 35,4.0 41,2.0 42,8.0 49,2.0 54,2.0 58,2.0 67,2.0 76,4.0 84,2.0 104,4.0 109,2.0 110,2.0 119,4.0 120,2.0 157,2.0 
0,2.0 6,8.0 31,2.0 33,4.0 54,2.0 118,2.0 
3,4.0 6,6.0 7,4.0 9,4.0 18,6.0 19,16.0 33,2.0 36,2.0 37,2.0 39,16.0 40,4.0 41,2.0 42,2.0 49,6.0 50,2.0 51,2.0 52,2.0 53,2.0 55,2.0 56,4.0 64,2.0 65,8.0 67,2.0 70,2.0 95,6.0 96,2.0 101,2.0 127,2.0 128,2.0 153,2.0 
4,2.0 6,4.0 7,4.0 9,6.0 10,2.0 15,2.0 16,2.0 18,2.0 19,2.0 34,2.0 39,2.0 41,12.0 42,4.0 48,2.0 49,16.0 50,2.0 51,2.0 54,2.0 57,16.0 58,2.0 60,2.0 64,2.0 65,4.0 95,2.0 101,2.0 
0,2.0 7,1.0 22,2.0 38,2.0 39,2.0 163,2.0 
37,2.0 39,2.0 
1,2.0 3,2.0 4,2.0 6,2.0 7,6.0 10,2.0 18,4.0 19,10.0 33,4.0 35,16.0 36,4.0 40,2.0 42,4.0 49,16.0 52,2.0 56,2.0 59,2.0 64,8.0 65,4.0 67,2.0 95,2.0 99,4.0 
6,6.0 15,8.0 16,4.0 19,2.0 21,8.0 29,2.0 35,2.0 39,2.0 40,4.0 41,4.0 42,6.0 56,2.0 64,2.0 77,4.0 86,4.0 87,2.0 90,2.0 91,2.0 92,2.0 95,2.0 110,2.0 113,4.0 121,4.0 122,2.0 129,12.0 139,2.0 
0,4.0 3,2.0 4,2.0 7,12.0 9,36.0 15,2.0 16,2.0 19,2.0 22,2.0 26,4.0 29,2.0 31,2.0 32,2.0 33,10.0 35,2.0 36,12.0 40,2.0 42,22.0 45,4.0 48,2.0 49,6.0 57,8.0 64,6.0 67,8.0 74,2.0 75,2.0 76,4.0 79,2.0 85,2.0 86,4.0 87,2.0 95,2.0 99,2.0 113,2.0 116,2.0 167,2.0 
3,8.0 4,2.0 6,4.0 7,14.0 9,6.0 12,2.0 15,2.0 18,2.0 19,4.0 21,2.0 22,2.0 26,4.0 30,8.0 33,8.0 36,6.0 39,4.0 40,4.0 41,26.0 43,4.0 45,2.0 46,4.0 49,6.0 50,4.0 56,2.0 57,2.0 64,6.0 65,6.0 67,6.0 73,2.0 76,8.0 82,2.0 87,4.0 90,2.0 113,2.0 157,4.0 166,2.0 
16,2.0 21,2.0 44,2.0 95,2.0 
15,2.0 21,2.0 45,2.0 
9,4.0 11,2.0 15,6.0 16,2.0 21,4.0 41,4.0 46,12.0 47,2.0 48,4.0 57,4.0 59,2.0 61,2.0 96,2.0 
6,2.0 16,2.0 21,4.0 36,2.0 41,4.0 42,4.0 45,10.0 47,2.0 59,2.0 61,6.0 62,2.0 63,2.0 111,2.0 
45,2.0 46,2.0 
7,2.0 9,2.0 11,2.0 15,2.0 36,6.0 41,2.0 45,2.0 50,2.0 159,2.0 
1,2.0 3,2.0 6,2.0 7,4.0 9,2.0 10,4.0 15,2.0 16,2.0 18,2.0 19,2.0 36,16.0 39,16.0 41,2.0 42,6.0 48,4.0 51,2.0 56,2.0 57,2.0 64,4.0 65,2.0 67,2.0 68,2.0 95,4.0 
3,2.0 4,2.0 18,4.0 21,6.0 28,4.0 29,2.0 33,2.0 36,2.0 49,2.0 54,4.0 72,2.0 86,2.0 87,2.0 90,2.0 112,2.0 139,2.0 157,2.0 
0,2.0 3,2.0 4,2.0 10,2.0 15,4.0 21,2.0 28,6.0 29,4.0 35,2.0 36,2.0 49,2.0 50,2.0 
19,2.0 35,2.0 
19,2.0 35,2.0 41,4.0 64,2.0 155,2.0 
0,12.0 3,2.0 6,6.0 7,2.0 9,2.0 15,2.0 16,2.0 18,2.0 19,4.0 21,8.0 28,8.0 29,2.0 33,2.0 34,4.0 35,2.0 42,2.0 45,2.0 50,2.0 54,4.0 56,4.0 57,2.0 60,2.0 89,2.0 112,2.0 118,4.0 121,2.0 122,2.0 139,2.0 
19,2.0 35,2.0 
0,2.0 6,4.0 15,18.0 18,2.0 19,4.0 26,6.0 30,2.0 33,2.0 35,2.0 36,2.0 40,6.0 42,2.0 49,2.0 64,2.0 65,2.0 66,2.0 69,2.0 76,2.0 94,2.0 
9,6.0 36,10.0 41,6.0 42,4.0 45,8.0 46,2.0 49,2.0 54,2.0 58,2.0 60,2.0 64,4.0 96,2.0 
36,2.0 57,2.0 67,2.0 76,2.0 118,2.0 
41,4.0 45,2.0 46,2.0 67,2.0 76,2.0 
45,2.0 54,2.0 57,2.0 
6,4.0 7,4.0 15,4.0 42,2.0 46,6.0 56,2.0 62,2.0 63,2.0 97,4.0 168,2.0 
21,2.0 45,2.0 46,2.0 63,2.0 
21,2.0 45,2.0 46,2.0 62,2.0 
3,4.0 6,2.0 9,10.0 15,4.0 19,8.0 21,2.0 33,2.0 35,4.0 36,6.0 39,4.0 41,6.0 42,6.0 43,2.0 49,4.0 53,2.0 57,2.0 65,2.0 67,2.0 68,2.0 76,2.0 80,2.0 82,2.0 83,2.0 90,2.0 95,2.0 104,2.0 
3,10.0 4,2.0 7,6.0 9,6.0 12,2.0 21,2.0 33,2.0 35,4.0 39,6.0 40,2.0 41,4.0 49,4.0 56,2.0 57,2.0 59,2.0 64,2.0 66,2.0 95,2.0 100,2.0 103,2.0 123,2.0 146,2.0 160,2.0 164,2.0 
42,2.0 67,2.0 
3,2.0 7,2.0 9,6.0 18,2.0 19,2.0 35,2.0 36,4.0 39,4.0 41,10.0 42,4.0 58,2.0 64,2.0 76,4.0 81,2.0 82,4.0 85,2.0 113,2.0 170,2.0 
6,2.0 26,2.0 31,2.0 56,2.0 
13,2.0 
41,2.0 
18,2.0 54,2.0 
1,2.0 
39,2.0 
7,2.0 31,2.0 75,2.0 
7,2.0 31,2.0 74,2.0 
4,2.0 6,6.0 7,6.0 9,2.0 15,2.0 18,4.0 19,2.0 21,2.0 30,2.0 31,2.0 34,2.0 41,2.0 42,6.0 50,2.0 53,4.0 56,4.0 64,2.0 67,2.0 77,2.0 81,2.0 82,4.0 86,2.0 111,4.0 155,2.0 157,2.0 
16,2.0 40,2.0 56,2.0 76,2.0 129,2.0 
3,2.0 31,2.0 79,2.0 
80,4.0 
67,2.0 76,2.0 81,6.0 
6,2.0 33,2.0 67,2.0 76,2.0 84,2.0 170,2.0 
3,14.0 9,4.0 18,4.0 21,6.0 26,2.0 28,6.0 30,2.0 35,2.0 64,6.0 67,2.0 76,8.0 80,2.0 83,2.0 84,2.0 
64,2.0 80,2.0 82,2.0 
7,2.0 33,2.0 106,2.0 
35,2.0 65,2.0 
9,2.0 23,2.0 28,4.0 29,6.0 39,2.0 40,4.0 41,4.0 42,2.0 54,4.0 87,4.0 126,2.0 
29,2.0 42,2.0 50,4.0 51,2.0 86,2.0 87,2.0 
0,2.0 15,2.0 21,2.0 
40,2.0 86,2.0 
3,2.0 7,2.0 21,2.0 28,4.0 29,2.0 41,2.0 42,6.0 50,2.0 64,2.0 113,2.0 
28,2.0 54,2.0 
0,2.0 29,2.0 
21,2.0 40,2.0 
28,2.0 50,2.0 90,2.0 
9,2.0 15,4.0 16,2.0 18,2.0 35,6.0 36,4.0 39,6.0 40,2.0 41,2.0 49,2.0 57,2.0 64,2.0 90,2.0 102,2.0 115,2.0 121,2.0 167,2.0 
18,2.0 45,2.0 57,2.0 82,2.0 100,2.0 102,2.0 
6,4.0 7,4.0 61,4.0 98,2.0 
6,2.0 16,2.0 39,2.0 97,2.0 
18,2.0 19,2.0 39,2.0 41,2.0 42,2.0 96,2.0 
19,2.0 39,2.0 64,2.0 101,2.0 
0,2.0 6,2.0 7,2.0 18,4.0 19,8.0 35,2.0 96,2.0 
19,2.0 35,2.0 101,4.0 
33,2.0 65,2.0 
3,2.0 4,2.0 9,4.0 26,2.0 65,4.0 105,2.0 
3,2.0 9,2.0 
107,2.0 108,2.0 
108,2.0 109,2.0 
107,2.0 109,2.0 
3,2.0 33,2.0 65,2.0 
0,2.0 3,2.0 6,2.0 7,4.0 22,6.0 41,2.0 132,2.0 
3,2.0 18,2.0 33,2.0 40,2.0 41,4.0 65,2.0 112,2.0 
26,2.0 41,4.0 50,2.0 54,2.0 90,2.0 113,4.0 139,6.0 156,2.0 157,2.0 
33,2.0 40,4.0 42,4.0 90,2.0 110,2.0 112,4.0 119,4.0 143,2.0 149,2.0 
6,2.0 115,2.0 
6,2.0 7,2.0 112,2.0 
3,2.0 26,2.0 35,2.0 117,2.0 118,2.0 
0,1.0 7,1.0 
0,2.0 16,8.0 26,4.0 30,2.0 31,2.0 35,2.0 40,2.0 54,4.0 95,2.0 116,2.0 119,2.0 120,12.0 121,12.0 134,2.0 135,2.0 
7,2.0 33,6.0 40,2.0 109,2.0 113,6.0 120,6.0 
0,2.0 6,6.0 26,2.0 30,2.0 31,2.0 33,4.0 54,2.0 111,2.0 116,2.0 118,14.0 119,4.0 135,2.0 
15,2.0 26,2.0 30,2.0 40,2.0 54,2.0 95,2.0 118,8.0 120,2.0 122,10.0 129,2.0 
21,2.0 30,2.0 65,2.0 121,4.0 123,10.0 129,2.0 157,2.0 
26,2.0 65,2.0 122,2.0 124,8.0 141,2.0 157,2.0 160,2.0 
6,2.0 29,2.0 125,2.0 126,2.0 130,4.0 148,2.0 
6,2.0 7,2.0 141,2.0 
32,2.0 41,2.0 124,2.0 148,2.0 
6,2.0 26,2.0 118,2.0 120,2.0 
16,2.0 40,2.0 129,2.0 
6,2.0 16,4.0 40,12.0 77,4.0 121,2.0 122,2.0 123,2.0 129,4.0 
16,2.0 32,2.0 131,2.0 
110,2.0 132,2.0 
41,2.0 110,2.0 
121,2.0 
110,2.0 119,4.0 147,2.0 
6,2.0 7,2.0 16,2.0 118,2.0 
137,4.0 
3,2.0 31,2.0 138,4.0 
125,2.0 134,4.0 140,2.0 161,4.0 
18,2.0 26,2.0 31,2.0 50,2.0 54,2.0 112,6.0 137,2.0 140,4.0 156,2.0 157,2.0 158,2.0 
138,6.0 139,2.0 
26,2.0 29,2.0 123,2.0 
134,2.0 
144,2.0 
10,2.0 145,2.0 
10,2.0 146,2.0 
7,2.0 21,2.0 28,2.0 31,2.0 54,2.0 65,2.0 
40,2.0 113,2.0 
29,2.0 124,2.0 
150,2.0 
151,2.0 152,2.0 153,2.0 
150,2.0 
150,2.0 154,2.0 
35,2.0 37,2.0 152,2.0 
41,2.0 
41,2.0 53,2.0 
112,2.0 113,2.0 
3,2.0 4,6.0 6,4.0 18,8.0 19,2.0 21,2.0 33,2.0 35,2.0 42,6.0 50,2.0 54,2.0 104,2.0 122,2.0 139,2.0 158,2.0 
4,2.0 18,2.0 
139,2.0 
123,2.0 
0,2.0 138,2.0 
0,2.0 15,2.0 37,2.0 
21,2.0 22,2.0 
15,2.0 64,2.0 
6,2.0 22,2.0 
7,2.0 26,2.0 
0,2.0 6,2.0 101,2.0 
15,2.0 16,2.0 98,2.0 
0,2.0 7,4.0 90,2.0 
30,2.0 42,2.0 
21,2.0 172,2.0 
15,2.0 21,2.0 
18,2.0 174,2.0 
35,2.0 153,2.0 
