1,4.0 2,1.0 3,4.0 5,3.0 6,3.0 7,1.0 8,1.0 12,1.0 22,2.0 25,2.0 26,1.0 29,1.0 30,1.0 40,2.0 48,1.0 49,1.0 72,1.0 73,1.0 74,1.0 91,1.0 92,1.0 98,1.0 111,1.0 112,1.0 118,2.0 122,1.0 125,2.0 127,1.0 169,1.0 175,1.0 184,1.0 202,1.0 
1,4.0 2,3.0 3,1.0 4,1.0 7,1.0 8,1.0 11,4.0 12,3.0 16,2.0 17,1.0 20,1.0 28,5.0 29,3.0 30,3.0 32,1.0 37,1.0 38,1.0 39,1.0 40,3.0 48,1.0 49,3.0 54,1.0 58,1.0 59,1.0 61,1.0 62,3.0 64,1.0 68,1.0 72,1.0 73,1.0 87,1.0 100,1.0 107,1.0 108,1.0 118,3.0 119,2.0 123,3.0 124,1.0 137,2.0 142,1.0 169,1.0 175,1.0 179,1.0 184,3.0 186,1.0 
2,2.0 3,2.0 4,1.0 6,1.0 10,3.0 17,1.0 26,1.0 28,3.0 36,1.0 39,2.0 40,1.0 44,1.0 47,1.0 49,3.0 52,1.0 62,1.0 68,1.0 72,1.0 85,1.0 86,1.0 93,1.0 102,1.0 130,1.0 133,2.0 146,2.0 156,1.0 177,3.0 
4,10.0 5,9.0 6,2.0 10,3.0 11,5.0 13,1.0 17,3.0 18,2.0 20,3.0 22,2.0 24,4.0 26,2.0 27,2.0 28,1.0 29,3.0 30,1.0 35,2.0 36,2.0 39,2.0 40,2.0 41,2.0 42,1.0 45,4.0 47,1.0 48,1.0 49,1.0 52,1.0 55,1.0 59,4.0 62,2.0 63,2.0 72,3.0 75,1.0 81,1.0 86,1.0 91,1.0 96,1.0 97,8.0 99,3.0 110,1.0 112,2.0 114,2.0 116,2.0 117,2.0 121,1.0 123,1.0 125,1.0 133,1.0 137,1.0 145,1.0 150,1.0 154,1.0 156,2.0 164,1.0 165,2.0 169,2.0 201,1.0 202,1.0 
0,2.0 1,2.0 3,7.0 5,9.0 7,1.0 8,1.0 9,1.0 11,2.0 16,1.0 17,3.0 18,2.0 20,5.0 23,4.0 26,1.0 28,3.0 29,3.0 30,1.0 32,1.0 33,1.0 38,1.0 39,1.0 42,1.0 43,1.0 44,1.0 48,1.0 49,1.0 51,1.0 52,1.0 67,1.0 70,2.0 72,1.0 73,1.0 75,1.0 77,1.0 81,1.0 94,1.0 97,2.0 98,1.0 104,3.0 109,1.0 113,1.0 114,1.0 115,1.0 116,1.0 117,1.0 120,1.0 123,1.0 133,1.0 135,1.0 137,7.0 140,1.0 150,1.0 161,1.0 169,1.0 174,1.0 194,1.0 200,1.0 206,1.0 
0,2.0 1,1.0 2,1.0 3,8.0 4,6.0 5,2.0 6,1.0 9,1.0 11,3.0 12,1.0 16,4.0 17,9.0 18,4.0 19,1.0 20,6.0 21,1.0 23,1.0 24,7.0 26,3.0 27,1.0 29,3.0 30,1.0 33,6.0 34,1.0 36,3.0 39,2.0 43,1.0 44,1.0 47,1.0 48,1.0 49,1.0 50,1.0 51,1.0 58,1.0 59,1.0 62,2.0 63,1.0 64,2.0 65,1.0 66,1.0 67,1.0 72,1.0 73,1.0 74,1.0 86,3.0 93,1.0 96,5.0 99,2.0 102,1.0 103,1.0 104,1.0 114,1.0 115,1.0 116,1.0 124,1.0 134,1.0 135,1.0 137,2.0 145,2.0 148,1.0 150,1.0 155,1.0 158,1.0 159,1.0 160,1.0 190,1.0 199,1.0 200,1.0 201,1.0 202,1.0 
0,1.0 2,1.0 3,3.0 4,1.0 5,1.0 6,2.0 7,3.0 8,1.0 12,1.0 20,1.0 23,1.0 25,1.0 34,1.0 40,2.0 44,1.0 49,1.0 66,1.0 73,1.0 78,2.0 86,1.0 94,1.0 101,1.0 114,1.0 116,2.0 139,1.0 154,1.0 
0,2.0 3,1.0 4,1.0 6,3.0 8,2.0 9,2.0 16,1.0 20,4.0 22,3.0 25,2.0 32,2.0 39,1.0 48,1.0 58,1.0 59,1.0 62,1.0 67,1.0 68,1.0 74,1.0 83,1.0 84,1.0 99,1.0 104,1.0 109,1.0 110,1.0 112,1.0 117,1.0 125,1.0 128,1.0 129,1.0 
0,1.0 4,2.0 6,1.0 7,2.0 9,2.0 20,2.0 25,1.0 36,1.0 45,1.0 46,1.0 49,1.0 74,1.0 75,1.0 92,1.0 99,1.0 109,1.0 115,1.0 136,1.0 
3,2.0 5,4.0 8,1.0 10,1.0 20,1.0 32,1.0 36,2.0 42,2.0 48,1.0 66,1.0 68,1.0 69,1.0 70,1.0 87,1.0 88,1.0 89,1.0 94,1.0 137,1.0 146,1.0 157,1.0 165,1.0 
3,1.0 4,1.0 10,1.0 11,4.0 16,1.0 22,3.0 26,1.0 28,3.0 30,1.0 39,3.0 42,1.0 46,1.0 47,1.0 50,3.0 51,1.0 59,2.0 78,1.0 97,1.0 99,1.0 108,1.0 110,2.0 112,1.0 113,1.0 117,2.0 121,1.0 154,5.0 164,1.0 165,1.0 
1,7.0 3,1.0 4,3.0 5,3.0 11,5.0 12,2.0 13,2.0 16,1.0 18,1.0 22,2.0 26,3.0 27,1.0 28,1.0 30,5.0 32,3.0 34,2.0 36,1.0 37,1.0 42,1.0 46,2.0 47,1.0 50,1.0 74,1.0 77,1.0 81,1.0 97,1.0 99,2.0 104,2.0 108,1.0 113,3.0 118,2.0 123,4.0 124,1.0 126,1.0 142,1.0 143,1.0 144,1.0 163,2.0 164,1.0 203,1.0 
0,1.0 1,3.0 7,1.0 12,2.0 13,1.0 14,2.0 15,1.0 16,3.0 18,1.0 22,1.0 24,1.0 97,1.0 119,2.0 125,1.0 127,1.0 154,2.0 165,1.0 178,1.0 
5,1.0 11,1.0 12,1.0 14,1.0 30,2.0 50,1.0 68,1.0 
12,1.0 15,1.0 16,1.0 17,1.0 18,1.0 21,1.0 22,1.0 
12,1.0 14,1.0 16,1.0 81,1.0 94,1.0 144,1.0 164,1.0 
1,2.0 2,1.0 3,2.0 5,2.0 6,1.0 8,1.0 10,1.0 11,1.0 14,1.0 17,1.0 18,2.0 20,4.0 23,1.0 24,2.0 26,1.0 29,1.0 33,1.0 35,2.0 36,1.0 39,1.0 49,1.0 58,1.0 61,1.0 62,1.0 78,1.0 94,1.0 114,1.0 118,1.0 120,1.0 135,1.0 165,1.0 172,1.0 178,1.0 190,1.0 
4,3.0 5,5.0 6,1.0 7,1.0 8,1.0 10,1.0 15,1.0 17,2.0 18,3.0 19,1.0 20,2.0 23,1.0 27,1.0 28,2.0 29,2.0 32,2.0 34,3.0 36,1.0 38,2.0 39,5.0 42,1.0 43,2.0 44,2.0 46,2.0 47,1.0 48,2.0 49,1.0 50,1.0 59,4.0 63,2.0 66,2.0 73,2.0 74,3.0 81,1.0 86,2.0 93,3.0 94,2.0 97,2.0 98,1.0 99,1.0 100,1.0 109,1.0 114,1.0 134,6.0 139,1.0 140,1.0 146,2.0 165,1.0 179,3.0 197,1.0 207,2.0 
2,1.0 3,5.0 4,1.0 5,2.0 10,1.0 15,1.0 16,1.0 17,3.0 19,1.0 20,4.0 21,1.0 29,1.0 36,2.0 40,1.0 44,1.0 45,1.0 51,1.0 62,1.0 64,3.0 78,1.0 81,1.0 85,1.0 94,2.0 96,4.0 112,1.0 114,1.0 115,1.0 116,1.0 123,1.0 124,1.0 133,1.0 136,2.0 140,1.0 149,1.0 150,1.0 163,1.0 
3,1.0 5,1.0 14,1.0 17,1.0 19,2.0 20,3.0 21,1.0 24,1.0 48,1.0 63,2.0 71,2.0 72,2.0 73,3.0 74,2.0 76,1.0 77,1.0 78,1.0 86,1.0 
1,1.0 3,8.0 4,6.0 5,4.0 7,2.0 10,1.0 12,1.0 14,1.0 17,1.0 18,4.0 19,3.0 20,1.0 21,1.0 22,1.0 23,1.0 24,7.0 26,1.0 28,3.0 29,4.0 30,1.0 32,2.0 35,1.0 36,3.0 37,1.0 38,4.0 39,5.0 40,2.0 41,1.0 44,2.0 47,1.0 48,1.0 49,4.0 51,2.0 52,1.0 53,1.0 54,1.0 58,1.0 59,1.0 65,1.0 66,1.0 68,1.0 69,2.0 72,2.0 73,1.0 78,3.0 85,2.0 86,1.0 87,1.0 91,1.0 94,4.0 95,1.0 96,2.0 97,4.0 99,1.0 102,2.0 104,4.0 105,1.0 111,1.0 112,1.0 113,3.0 116,1.0 117,2.0 123,1.0 133,1.0 134,1.0 140,1.0 146,1.0 150,2.0 156,2.0 160,1.0 161,1.0 162,1.0 165,1.0 167,1.0 169,1.0 179,1.0 181,1.0 
3,1.0 5,1.0 14,1.0 22,1.0 29,1.0 33,1.0 35,1.0 36,1.0 49,1.0 51,1.0 52,1.0 55,1.0 99,1.0 109,1.0 110,1.0 
0,2.0 1,1.0 6,1.0 7,6.0 16,1.0 18,1.0 22,1.0 25,2.0 37,1.0 39,2.0 52,1.0 55,1.0 62,2.0 63,1.0 65,1.0 68,1.0 74,2.0 110,1.0 114,1.0 115,1.0 118,1.0 122,1.0 125,1.0 166,1.0 
3,1.0 8,1.0 11,1.0 13,1.0 20,1.0 25,1.0 30,1.0 36,1.0 38,1.0 39,5.0 42,1.0 45,1.0 59,1.0 70,2.0 95,1.0 96,1.0 132,1.0 133,2.0 137,4.0 139,1.0 
3,6.0 5,1.0 7,1.0 8,1.0 12,1.0 16,2.0 20,3.0 22,1.0 28,1.0 35,1.0 36,4.0 39,1.0 44,1.0 49,1.0 58,1.0 65,1.0 66,1.0 69,2.0 72,5.0 73,1.0 78,1.0 90,1.0 94,4.0 134,1.0 155,1.0 156,2.0 165,2.0 169,1.0 
0,4.0 3,1.0 6,1.0 7,1.0 8,1.0 11,1.0 22,1.0 26,1.0 39,1.0 65,1.0 66,1.0 75,1.0 86,1.0 111,1.0 115,1.0 125,1.0 126,1.0 136,1.0 
1,1.0 2,2.0 3,1.0 5,2.0 10,1.0 11,3.0 12,1.0 17,1.0 20,2.0 26,3.0 32,1.0 36,1.0 39,1.0 49,3.0 66,1.0 133,1.0 134,1.0 158,2.0 159,1.0 160,2.0 177,2.0 
1,1.0 4,1.0 5,1.0 11,1.0 20,1.0 33,1.0 38,1.0 39,1.0 42,1.0 52,1.0 97,1.0 137,1.0 176,1.0 
0,1.0 1,1.0 2,2.0 3,2.0 4,9.0 5,2.0 6,1.0 7,1.0 17,2.0 18,1.0 20,2.0 23,1.0 27,1.0 29,3.0 30,1.0 31,1.0 32,1.0 34,2.0 35,3.0 36,3.0 38,3.0 39,3.0 42,3.0 43,1.0 44,1.0 45,3.0 50,3.0 51,3.0 60,1.0 67,1.0 74,6.0 75,1.0 77,1.0 85,1.0 96,3.0 97,2.0 98,1.0 99,1.0 100,2.0 102,1.0 107,1.0 108,1.0 111,1.0 114,4.0 117,3.0 133,1.0 135,1.0 140,1.0 145,1.0 146,2.0 148,1.0 154,2.0 160,1.0 163,4.0 164,2.0 167,1.0 174,1.0 
0,1.0 1,2.0 2,1.0 3,3.0 4,1.0 5,3.0 13,1.0 18,4.0 20,2.0 28,4.0 30,2.0 31,1.0 32,1.0 34,1.0 35,3.0 42,1.0 46,1.0 52,1.0 62,1.0 64,1.0 65,1.0 66,1.0 68,2.0 85,1.0 87,3.0 96,1.0 108,1.0 134,1.0 137,1.0 164,2.0 181,1.0 185,2.0 186,1.0 
0,1.0 1,4.0 3,1.0 5,1.0 11,5.0 13,1.0 20,1.0 27,1.0 30,5.0 31,1.0 32,4.0 33,3.0 34,2.0 38,1.0 42,1.0 44,1.0 46,2.0 50,2.0 52,1.0 68,2.0 78,1.0 80,1.0 81,1.0 105,1.0 108,1.0 118,1.0 123,4.0 165,1.0 176,1.0 
18,1.0 30,2.0 32,1.0 
1,1.0 2,1.0 3,1.0 5,2.0 9,1.0 11,3.0 18,1.0 20,1.0 26,2.0 28,1.0 29,1.0 30,2.0 33,2.0 34,2.0 36,1.0 38,1.0 42,1.0 44,1.0 46,2.0 49,2.0 74,1.0 75,1.0 77,1.0 84,1.0 86,1.0 102,1.0 124,1.0 126,1.0 133,1.0 142,1.0 143,1.0 144,1.0 157,1.0 167,1.0 177,1.0 
5,4.0 9,1.0 16,1.0 17,2.0 21,1.0 27,1.0 33,1.0 34,2.0 35,3.0 36,2.0 38,2.0 40,1.0 42,1.0 46,2.0 47,1.0 48,1.0 52,2.0 59,2.0 65,2.0 68,1.0 86,2.0 97,1.0 104,1.0 116,2.0 133,1.0 139,1.0 173,2.0 174,1.0 176,1.0 
6,1.0 11,2.0 18,4.0 23,1.0 29,1.0 31,1.0 32,1.0 33,2.0 35,4.0 36,1.0 40,1.0 42,1.0 44,2.0 46,1.0 49,1.0 64,1.0 66,1.0 73,1.0 93,1.0 109,1.0 114,1.0 146,1.0 203,1.0 
3,1.0 9,1.0 16,1.0 20,6.0 21,3.0 28,2.0 30,1.0 33,2.0 36,4.0 37,2.0 38,5.0 39,1.0 40,1.0 42,2.0 44,1.0 49,2.0 51,2.0 52,2.0 53,1.0 64,1.0 78,2.0 94,3.0 97,1.0 102,1.0 103,4.0 104,6.0 107,2.0 109,1.0 110,1.0 111,1.0 139,2.0 149,1.0 172,1.0 178,1.0 
2,1.0 4,1.0 5,3.0 8,1.0 9,2.0 17,2.0 18,1.0 19,1.0 20,3.0 21,1.0 26,1.0 28,3.0 30,1.0 32,1.0 35,10.0 37,1.0 38,7.0 39,1.0 40,2.0 41,2.0 42,4.0 43,4.0 45,1.0 46,1.0 47,1.0 48,2.0 50,1.0 51,3.0 52,1.0 53,1.0 59,2.0 68,1.0 97,1.0 100,1.0 111,1.0 114,1.0 141,1.0 153,1.0 160,1.0 165,1.0 166,1.0 169,2.0 174,1.0 178,1.0 187,1.0 
1,1.0 3,1.0 4,3.0 11,1.0 20,2.0 28,1.0 38,2.0 39,1.0 49,1.0 53,1.0 88,1.0 129,1.0 163,1.0 193,1.0 
1,3.0 3,1.0 4,1.0 6,1.0 11,1.0 17,4.0 20,12.0 23,1.0 28,4.0 29,1.0 30,1.0 32,2.0 35,1.0 37,2.0 39,3.0 41,1.0 44,1.0 47,1.0 48,1.0 51,1.0 53,1.0 54,1.0 59,3.0 62,1.0 64,1.0 68,1.0 73,1.0 74,1.0 77,1.0 81,2.0 87,1.0 98,3.0 102,1.0 103,3.0 104,1.0 105,1.0 111,1.0 112,1.0 124,1.0 134,2.0 135,1.0 138,1.0 139,6.0 142,3.0 143,1.0 144,1.0 154,1.0 165,1.0 166,1.0 169,1.0 178,1.0 
1,1.0 3,9.0 4,1.0 5,2.0 7,1.0 9,1.0 10,3.0 16,1.0 17,5.0 18,2.0 20,2.0 22,1.0 23,1.0 24,1.0 26,2.0 27,1.0 28,7.0 32,1.0 35,3.0 36,4.0 38,3.0 39,1.0 40,1.0 42,1.0 44,1.0 48,1.0 49,1.0 51,1.0 52,1.0 54,1.0 55,1.0 58,1.0 59,4.0 67,1.0 72,2.0 94,1.0 96,1.0 104,2.0 110,1.0 111,1.0 114,2.0 117,1.0 118,1.0 121,1.0 125,2.0 133,2.0 134,4.0 135,1.0 146,1.0 150,2.0 154,3.0 156,1.0 160,1.0 163,2.0 165,1.0 166,1.0 178,3.0 179,3.0 181,1.0 190,1.0 
0,1.0 1,4.0 2,1.0 5,1.0 9,3.0 17,1.0 20,3.0 28,2.0 29,2.0 33,1.0 35,1.0 36,2.0 39,1.0 40,2.0 41,1.0 42,3.0 49,3.0 59,1.0 64,1.0 68,3.0 85,1.0 96,1.0 133,1.0 155,2.0 156,2.0 179,1.0 181,1.0 183,1.0 184,3.0 186,1.0 
9,1.0 10,1.0 20,1.0 36,2.0 38,1.0 40,1.0 42,1.0 49,1.0 98,1.0 110,1.0 113,1.0 
2,1.0 3,1.0 5,3.0 9,2.0 10,2.0 11,1.0 18,1.0 28,1.0 30,2.0 32,2.0 34,1.0 36,4.0 39,1.0 43,1.0 46,1.0 47,1.0 48,1.0 49,1.0 50,3.0 59,2.0 64,2.0 74,1.0 77,1.0 78,1.0 108,1.0 112,1.0 114,1.0 115,1.0 117,2.0 125,1.0 133,1.0 143,2.0 154,1.0 165,1.0 169,2.0 177,1.0 194,1.0 
5,1.0 6,1.0 17,2.0 30,1.0 34,1.0 39,2.0 44,1.0 49,1.0 78,1.0 134,1.0 137,1.0 165,2.0 166,1.0 169,1.0 178,1.0 
3,1.0 4,1.0 6,1.0 16,1.0 20,1.0 23,1.0 24,1.0 28,1.0 32,1.0 34,1.0 36,4.0 38,2.0 39,1.0 48,3.0 50,1.0 51,1.0 58,1.0 59,1.0 63,1.0 66,1.0 72,1.0 73,1.0 78,1.0 87,1.0 98,1.0 127,1.0 134,1.0 141,1.0 142,2.0 149,1.0 150,1.0 165,2.0 169,1.0 171,1.0 172,1.0 178,1.0 180,1.0 187,1.0 204,1.0 
8,1.0 28,5.0 36,1.0 37,1.0 38,1.0 39,2.0 46,1.0 49,1.0 59,1.0 62,1.0 72,2.0 75,1.0 88,1.0 97,4.0 133,1.0 135,1.0 146,2.0 178,2.0 
1,1.0 2,1.0 5,1.0 11,3.0 18,1.0 29,1.0 30,3.0 32,2.0 33,1.0 34,2.0 38,1.0 46,2.0 47,1.0 48,1.0 49,4.0 50,1.0 59,1.0 68,3.0 74,2.0 80,1.0 81,1.0 108,4.0 109,1.0 110,1.0 114,1.0 116,1.0 123,1.0 133,1.0 144,1.0 177,1.0 
3,1.0 4,1.0 11,2.0 17,1.0 22,1.0 33,1.0 38,1.0 42,1.0 46,1.0 48,2.0 50,2.0 54,1.0 55,1.0 59,1.0 64,1.0 66,1.0 73,1.0 74,1.0 91,1.0 103,1.0 113,1.0 117,2.0 131,1.0 142,1.0 149,5.0 166,1.0 178,2.0 188,1.0 
0,1.0 1,1.0 4,1.0 9,1.0 17,1.0 19,1.0 20,2.0 28,1.0 29,2.0 32,1.0 33,2.0 34,1.0 36,1.0 38,1.0 42,1.0 44,2.0 46,2.0 47,2.0 48,1.0 50,1.0 51,3.0 59,1.0 63,5.0 64,1.0 66,2.0 68,2.0 69,1.0 70,1.0 72,4.0 73,6.0 74,1.0 78,3.0 86,1.0 98,1.0 111,1.0 112,1.0 113,1.0 116,1.0 133,1.0 135,1.0 149,1.0 165,7.0 169,5.0 173,1.0 174,1.0 176,1.0 178,1.0 202,4.0 206,1.0 
1,3.0 2,4.0 3,2.0 4,1.0 10,4.0 11,2.0 16,1.0 17,1.0 20,2.0 21,1.0 24,1.0 26,3.0 28,1.0 32,1.0 34,2.0 35,2.0 37,3.0 39,3.0 40,3.0 41,1.0 46,1.0 49,5.0 50,1.0 59,2.0 74,1.0 88,3.0 93,1.0 109,2.0 110,2.0 111,3.0 112,1.0 113,1.0 114,1.0 116,2.0 133,3.0 134,4.0 140,1.0 162,2.0 177,4.0 179,1.0 184,3.0 
3,1.0 4,1.0 10,1.0 11,3.0 17,1.0 28,1.0 30,1.0 33,1.0 34,3.0 36,1.0 39,1.0 42,2.0 43,1.0 47,2.0 49,1.0 59,1.0 62,2.0 68,1.0 73,1.0 75,2.0 87,1.0 96,1.0 113,1.0 115,1.0 117,2.0 125,1.0 134,1.0 135,2.0 141,1.0 142,2.0 156,3.0 164,1.0 165,1.0 187,4.0 
6,1.0 7,1.0 21,1.0 28,2.0 29,1.0 33,2.0 35,2.0 36,2.0 38,1.0 39,1.0 42,1.0 48,1.0 52,2.0 59,1.0 63,1.0 67,2.0 72,1.0 99,1.0 104,2.0 112,2.0 114,1.0 116,2.0 165,1.0 169,1.0 173,2.0 174,1.0 
2,1.0 20,2.0 22,1.0 27,1.0 30,1.0 33,2.0 35,2.0 36,1.0 38,1.0 39,1.0 42,1.0 44,1.0 47,1.0 48,1.0 52,1.0 53,1.0 55,1.0 59,1.0 63,3.0 64,1.0 66,1.0 99,1.0 104,1.0 170,2.0 174,1.0 176,3.0 202,1.0 
2,1.0 3,1.0 20,1.0 37,1.0 38,1.0 39,1.0 52,1.0 
1,1.0 3,1.0 38,1.0 48,1.0 54,1.0 55,1.0 56,1.0 57,1.0 58,1.0 62,2.0 63,1.0 64,1.0 73,1.0 78,1.0 97,1.0 133,1.0 169,2.0 
1,1.0 3,1.0 17,1.0 38,1.0 39,1.0 54,2.0 56,1.0 99,1.0 
54,1.0 57,1.0 59,1.0 
54,1.0 58,1.0 
1,1.0 3,2.0 7,1.0 20,1.0 24,1.0 39,1.0 44,1.0 56,1.0 59,4.0 61,1.0 62,3.0 78,2.0 
3,2.0 10,3.0 17,5.0 19,1.0 20,1.0 22,1.0 23,1.0 28,1.0 33,1.0 36,1.0 38,5.0 39,4.0 42,2.0 44,7.0 45,1.0 46,1.0 47,1.0 48,3.0 49,1.0 51,1.0 52,1.0 59,1.0 60,1.0 63,3.0 64,2.0 66,1.0 68,2.0 78,2.0 97,1.0 102,1.0 110,2.0 111,1.0 112,2.0 125,1.0 139,4.0 142,4.0 147,1.0 148,1.0 149,2.0 150,1.0 154,1.0 178,1.0 179,3.0 198,2.0 
28,1.0 34,1.0 
1,1.0 58,1.0 62,1.0 
2,1.0 5,2.0 7,2.0 16,1.0 20,2.0 22,1.0 28,2.0 29,1.0 37,1.0 45,1.0 48,1.0 54,1.0 58,3.0 59,2.0 63,1.0 64,2.0 65,1.0 66,1.0 68,1.0 74,1.0 78,3.0 129,1.0 130,1.0 133,1.0 142,2.0 192,1.0 
5,4.0 9,1.0 17,2.0 19,1.0 22,1.0 28,1.0 33,1.0 36,1.0 39,1.0 48,7.0 51,3.0 52,2.0 54,1.0 55,1.0 66,5.0 68,1.0 72,1.0 73,1.0 74,3.0 76,2.0 77,1.0 78,2.0 97,1.0 112,1.0 116,1.0 117,1.0 133,1.0 134,1.0 165,2.0 169,1.0 171,1.0 172,1.0 173,1.0 174,1.0 176,1.0 187,2.0 202,1.0 207,2.0 
5,2.0 17,1.0 18,1.0 20,1.0 21,1.0 28,1.0 29,1.0 34,1.0 36,1.0 40,1.0 42,3.0 46,1.0 47,1.0 48,1.0 59,1.0 62,2.0 65,1.0 66,1.0 73,1.0 78,1.0 93,1.0 96,1.0 139,2.0 150,1.0 164,1.0 165,1.0 169,1.0 
0,1.0 3,1.0 24,1.0 25,1.0 29,1.0 54,1.0 58,1.0 59,1.0 62,3.0 64,1.0 66,1.0 78,1.0 97,1.0 
0,1.0 5,1.0 6,1.0 7,2.0 9,1.0 17,1.0 20,1.0 25,1.0 26,1.0 29,1.0 34,1.0 40,2.0 44,1.0 47,1.0 48,3.0 52,1.0 59,1.0 62,1.0 63,3.0 64,1.0 65,1.0 72,2.0 73,1.0 74,1.0 78,1.0 86,1.0 87,1.0 93,2.0 112,1.0 127,1.0 134,2.0 142,1.0 146,3.0 149,1.0 160,1.0 165,5.0 169,1.0 176,1.0 180,1.0 187,2.0 202,2.0 
6,1.0 7,1.0 9,1.0 39,1.0 48,1.0 51,2.0 59,1.0 104,2.0 
1,1.0 5,1.0 8,1.0 19,1.0 20,1.0 29,2.0 30,1.0 33,1.0 34,1.0 36,2.0 38,2.0 44,1.0 46,3.0 50,1.0 59,2.0 68,2.0 69,1.0 70,1.0 79,1.0 85,1.0 87,2.0 181,1.0 186,1.0 
24,2.0 36,3.0 59,1.0 68,2.0 70,1.0 94,2.0 
23,2.0 36,1.0 39,2.0 59,1.0 68,2.0 69,1.0 137,2.0 
19,2.0 58,1.0 72,1.0 73,1.0 87,1.0 137,1.0 150,1.0 155,1.0 187,1.0 
1,1.0 3,1.0 4,2.0 5,1.0 17,2.0 19,2.0 20,4.0 24,2.0 28,2.0 39,2.0 48,5.0 51,1.0 52,1.0 66,1.0 71,1.0 73,6.0 78,2.0 111,1.0 112,1.0 114,2.0 134,1.0 135,1.0 137,1.0 156,1.0 163,2.0 165,5.0 169,3.0 178,2.0 
1,1.0 4,2.0 5,1.0 6,2.0 17,3.0 18,1.0 19,2.0 20,2.0 34,1.0 44,1.0 47,1.0 48,6.0 50,1.0 59,1.0 64,1.0 71,2.0 72,6.0 78,1.0 86,1.0 111,2.0 112,1.0 117,1.0 134,1.0 135,1.0 154,1.0 165,3.0 169,2.0 
2,1.0 5,2.0 7,1.0 8,1.0 11,1.0 22,1.0 25,1.0 28,1.0 29,1.0 32,1.0 36,1.0 38,1.0 39,1.0 42,1.0 45,1.0 46,2.0 48,1.0 50,2.0 62,1.0 63,2.0 64,1.0 66,1.0 68,2.0 75,6.0 78,1.0 93,2.0 94,1.0 96,4.0 97,1.0 115,1.0 134,2.0 135,3.0 137,1.0 142,1.0 144,1.0 156,2.0 187,2.0 
4,1.0 8,1.0 18,2.0 19,1.0 20,1.0 25,1.0 37,1.0 38,1.0 45,1.0 47,1.0 49,2.0 50,1.0 63,1.0 76,1.0 85,1.0 86,1.0 87,1.0 88,1.0 93,2.0 115,1.0 117,1.0 136,1.0 156,1.0 161,1.0 178,1.0 187,1.0 188,2.0 195,1.0 
19,1.0 58,1.0 62,1.0 63,1.0 77,1.0 
4,1.0 11,1.0 19,1.0 28,1.0 32,1.0 38,1.0 42,1.0 80,1.0 134,1.0 135,1.0 143,1.0 
4,2.0 6,1.0 10,1.0 11,1.0 16,1.0 17,1.0 20,2.0 26,1.0 27,1.0 30,1.0 33,1.0 40,1.0 44,1.0 46,1.0 48,5.0 51,2.0 52,1.0 54,1.0 59,2.0 62,1.0 63,5.0 64,1.0 68,1.0 72,3.0 73,2.0 74,1.0 104,2.0 117,1.0 133,1.0 165,4.0 169,3.0 176,1.0 207,1.0 
77,1.0 
30,1.0 46,1.0 81,2.0 82,1.0 
3,1.0 5,1.0 7,1.0 11,1.0 15,1.0 26,1.0 38,2.0 82,1.0 83,1.0 94,1.0 134,1.0 142,1.0 144,1.0 164,2.0 
7,1.0 81,1.0 83,1.0 
6,1.0 7,1.0 
32,1.0 75,1.0 
5,1.0 8,1.0 18,1.0 20,1.0 29,1.0 68,1.0 86,1.0 87,1.0 96,1.0 
2,1.0 3,1.0 4,2.0 5,1.0 6,1.0 7,1.0 17,2.0 25,1.0 32,1.0 33,2.0 38,1.0 39,1.0 66,1.0 75,1.0 85,1.0 87,1.0 93,1.0 94,1.0 196,1.0 
4,1.0 9,2.0 11,1.0 17,3.0 28,1.0 32,1.0 38,2.0 42,1.0 59,1.0 66,1.0 77,2.0 146,1.0 165,1.0 185,1.0 
4,1.0 5,1.0 11,1.0 19,1.0 37,2.0 49,2.0 89,1.0 
5,1.0 19,1.0 88,1.0 
0,1.0 91,1.0 
0,1.0 3,1.0 8,1.0 22,1.0 47,1.0 92,1.0 117,1.0 
8,1.0 74,1.0 
2,1.0 5,1.0 17,2.0 28,1.0 34,1.0 38,1.0 40,2.0 49,1.0 64,1.0 66,2.0 77,1.0 103,1.0 137,1.0 146,2.0 165,1.0 195,1.0 197,1.0 
6,1.0 9,1.0 15,1.0 20,2.0 24,4.0 29,1.0 35,3.0 36,4.0 39,1.0 49,1.0 69,2.0 74,1.0 81,1.0 86,1.0 96,2.0 114,2.0 116,1.0 144,1.0 163,1.0 164,1.0 
23,1.0 96,1.0 
3,1.0 5,6.0 17,1.0 18,3.0 20,5.0 28,2.0 40,3.0 42,1.0 59,1.0 64,1.0 75,3.0 102,1.0 113,1.0 115,1.0 116,1.0 124,1.0 133,1.0 134,1.0 135,1.0 145,2.0 146,1.0 148,1.0 149,1.0 150,1.0 159,1.0 160,1.0 
3,3.0 4,4.0 5,1.0 9,2.0 10,1.0 11,1.0 12,1.0 18,1.0 20,1.0 27,1.0 28,4.0 33,1.0 36,1.0 38,1.0 45,4.0 46,1.0 54,1.0 59,2.0 63,2.0 65,1.0 66,1.0 68,1.0 74,2.0 99,1.0 100,1.0 117,2.0 133,1.0 168,1.0 198,1.0 
20,1.0 28,1.0 35,1.0 38,2.0 41,1.0 44,1.0 94,1.0 99,1.0 112,1.0 139,1.0 
3,1.0 4,3.0 5,2.0 7,1.0 9,1.0 10,1.0 11,2.0 16,1.0 17,1.0 20,1.0 28,1.0 32,1.0 38,1.0 44,1.0 52,1.0 55,1.0 97,1.0 
2,1.0 4,1.0 28,2.0 36,1.0 97,1.0 
2,1.0 28,1.0 
1,1.0 4,1.0 5,2.0 20,2.0 28,1.0 29,1.0 32,1.0 33,1.0 36,1.0 48,1.0 134,1.0 
28,1.0 38,5.0 93,1.0 96,1.0 104,5.0 105,1.0 139,2.0 142,1.0 151,1.0 
1,1.0 4,1.0 6,1.0 11,2.0 16,1.0 17,2.0 26,1.0 28,1.0 33,1.0 35,1.0 36,1.0 38,5.0 39,2.0 51,2.0 52,2.0 59,2.0 63,2.0 66,1.0 67,2.0 73,1.0 78,2.0 103,5.0 105,1.0 113,1.0 117,2.0 118,1.0 139,2.0 146,1.0 156,1.0 163,1.0 174,1.0 207,2.0 
106,4.0 
35,2.0 105,2.0 107,2.0 
20,2.0 28,1.0 35,3.0 38,1.0 44,1.0 51,1.0 78,1.0 102,1.0 
1,1.0 11,2.0 28,1.0 30,2.0 34,1.0 42,1.0 46,4.0 49,1.0 108,1.0 109,1.0 123,1.0 
4,1.0 7,1.0 8,1.0 20,1.0 21,1.0 34,1.0 35,2.0 49,2.0 110,1.0 
0,1.0 7,1.0 10,1.0 12,1.0 20,1.0 22,1.0 28,1.0 35,1.0 39,1.0 41,1.0 49,4.0 59,1.0 111,3.0 113,1.0 127,1.0 140,1.0 148,2.0 149,1.0 
0,1.0 3,2.0 5,1.0 6,2.0 7,1.0 10,2.0 20,1.0 25,1.0 28,1.0 34,1.0 38,1.0 42,1.0 48,1.0 49,1.0 59,2.0 63,1.0 66,1.0 72,2.0 73,3.0 110,1.0 112,3.0 114,1.0 124,1.0 139,2.0 148,1.0 154,1.0 165,2.0 187,1.0 
0,1.0 3,1.0 33,1.0 38,1.0 41,1.0 48,1.0 49,1.0 52,1.0 59,2.0 63,1.0 64,1.0 66,1.0 72,1.0 73,2.0 98,1.0 110,2.0 111,4.0 124,2.0 139,4.0 165,2.0 187,2.0 208,1.0 
1,1.0 10,1.0 11,2.0 16,2.0 20,1.0 22,1.0 39,1.0 51,1.0 104,1.0 110,1.0 116,1.0 118,2.0 
4,1.0 5,1.0 6,1.0 7,1.0 8,1.0 17,1.0 18,1.0 28,2.0 29,3.0 34,2.0 42,1.0 46,1.0 49,2.0 94,2.0 96,1.0 109,1.0 116,2.0 125,1.0 145,1.0 148,1.0 163,3.0 209,1.0 
0,1.0 5,1.0 8,1.0 11,1.0 25,2.0 34,2.0 50,1.0 75,1.0 96,1.0 113,1.0 116,1.0 136,1.0 148,1.0 
3,1.0 4,1.0 5,1.0 16,1.0 20,1.0 33,2.0 37,1.0 46,1.0 49,2.0 65,2.0 96,1.0 113,1.0 114,1.0 115,1.0 117,1.0 173,2.0 
3,2.0 4,1.0 5,2.0 9,1.0 22,1.0 26,1.0 28,2.0 39,1.0 42,1.0 47,2.0 48,1.0 50,3.0 59,1.0 63,2.0 66,2.0 73,1.0 74,2.0 91,1.0 96,1.0 97,2.0 104,1.0 125,1.0 154,1.0 178,1.0 188,1.0 
0,1.0 1,2.0 2,1.0 16,1.0 25,1.0 28,1.0 34,1.0 62,1.0 64,2.0 73,1.0 107,1.0 175,1.0 182,1.0 
1,1.0 12,1.0 16,1.0 
16,1.0 20,1.0 
10,1.0 18,1.0 22,1.0 39,1.0 
7,1.0 22,1.0 
1,3.0 3,1.0 11,3.0 18,1.0 30,3.0 112,1.0 118,1.0 123,1.0 
1,1.0 10,1.0 11,1.0 18,1.0 20,1.0 32,1.0 44,1.0 48,1.0 73,1.0 142,1.0 150,1.0 165,1.0 201,1.0 
3,1.0 7,2.0 10,1.0 18,1.0 22,1.0 39,2.0 42,1.0 59,1.0 114,1.0 129,1.0 154,1.0 
11,1.0 22,1.0 32,1.0 157,1.0 
0,1.0 12,1.0 39,1.0 125,1.0 180,1.0 181,1.0 
0,1.0 
16,1.0 37,1.0 193,1.0 
47,1.0 
23,1.0 132,1.0 
23,1.0 25,1.0 
2,3.0 9,1.0 10,2.0 23,2.0 26,2.0 28,3.0 30,1.0 32,1.0 33,1.0 36,1.0 39,3.0 40,1.0 42,1.0 45,1.0 48,1.0 49,4.0 51,1.0 63,1.0 96,1.0 97,1.0 149,1.0 174,1.0 177,3.0 
1,1.0 5,1.0 11,1.0 17,2.0 20,1.0 28,2.0 29,1.0 32,1.0 33,1.0 36,1.0 38,1.0 44,1.0 45,1.0 46,1.0 49,4.0 63,1.0 71,1.0 72,1.0 73,1.0 74,2.0 86,1.0 97,3.0 102,1.0 103,1.0 117,1.0 134,2.0 135,1.0 137,2.0 139,1.0 145,1.0 160,1.0 185,1.0 196,1.0 198,1.0 
5,1.0 16,1.0 28,2.0 39,1.0 45,1.0 48,1.0 50,3.0 73,1.0 75,1.0 86,1.0 96,1.0 134,2.0 135,1.0 136,1.0 156,3.0 187,3.0 190,1.0 191,1.0 
39,1.0 62,1.0 74,1.0 94,1.0 135,1.0 191,1.0 192,1.0 
1,2.0 3,1.0 4,1.0 5,1.0 7,1.0 8,1.0 20,1.0 23,4.0 27,1.0 29,1.0 32,1.0 39,4.0 43,1.0 44,1.0 48,1.0 70,2.0 71,1.0 72,1.0 73,1.0 87,2.0 126,1.0 135,1.0 185,1.0 199,1.0 
139,1.0 
4,1.0 20,3.0 23,1.0 38,8.0 39,1.0 42,1.0 46,1.0 47,2.0 59,5.0 71,1.0 74,1.0 81,2.0 98,1.0 103,3.0 104,2.0 112,3.0 140,1.0 141,1.0 142,5.0 148,1.0 150,2.0 198,1.0 201,1.0 
4,1.0 17,1.0 18,1.0 38,1.0 44,2.0 49,1.0 66,1.0 111,1.0 141,1.0 179,1.0 
36,1.0 38,1.0 43,1.0 50,1.0 140,1.0 187,1.0 
38,2.0 59,6.0 103,1.0 112,1.0 115,1.0 139,4.0 143,1.0 144,1.0 148,2.0 151,1.0 155,1.0 165,1.0 
38,1.0 74,2.0 139,1.0 
28,1.0 38,1.0 74,2.0 139,1.0 164,1.0 
5,4.0 96,1.0 114,1.0 146,1.0 159,1.0 163,1.0 205,1.0 209,1.0 
2,1.0 3,1.0 5,1.0 9,1.0 34,1.0 35,1.0 36,1.0 39,3.0 40,2.0 45,2.0 52,1.0 66,3.0 72,3.0 87,1.0 93,2.0 104,1.0 145,1.0 156,1.0 165,2.0 178,2.0 
110,1.0 
0,1.0 5,1.0 18,2.0 47,1.0 59,3.0 63,1.0 66,1.0 96,1.0 115,1.0 124,1.0 149,2.0 187,1.0 
10,1.0 28,1.0 44,1.0 47,1.0 48,1.0 59,2.0 66,1.0 96,1.0 98,1.0 133,1.0 139,2.0 142,1.0 148,1.0 178,2.0 183,2.0 
3,1.0 4,1.0 5,1.0 20,2.0 26,1.0 32,1.0 39,1.0 49,1.0 59,1.0 64,1.0 71,1.0 96,1.0 133,1.0 139,1.0 140,1.0 155,1.0 165,1.0 179,1.0 
152,2.0 
36,1.0 151,1.0 153,1.0 
36,1.0 38,1.0 111,1.0 
6,2.0 10,2.0 11,1.0 12,1.0 16,1.0 28,3.0 42,2.0 47,1.0 50,4.0 73,1.0 117,3.0 165,1.0 178,1.0 
5,1.0 8,1.0 24,1.0 40,1.0 71,1.0 156,1.0 187,1.0 
3,1.0 4,1.0 5,2.0 24,2.0 38,1.0 39,1.0 40,1.0 50,3.0 66,1.0 72,3.0 73,1.0 75,2.0 87,1.0 104,1.0 134,2.0 135,2.0 155,1.0 187,3.0 
30,1.0 33,1.0 40,1.0 46,1.0 80,1.0 133,1.0 
26,1.0 159,1.0 
5,1.0 26,1.0 36,1.0 39,1.0 96,1.0 145,1.0 
1,1.0 5,1.0 17,1.0 18,1.0 19,1.0 20,1.0 96,1.0 134,1.0 137,1.0 
20,1.0 66,1.0 
49,2.0 88,1.0 
5,3.0 11,1.0 28,3.0 29,2.0 94,1.0 96,2.0 104,1.0 114,3.0 145,1.0 148,1.0 160,1.0 
0,1.0 10,1.0 22,1.0 28,3.0 45,2.0 50,1.0 74,1.0 144,1.0 146,2.0 165,1.0 166,1.0 
9,1.0 10,1.0 16,1.0 18,1.0 20,2.0 24,2.0 27,1.0 29,1.0 30,1.0 33,1.0 38,1.0 39,1.0 40,1.0 44,1.0 46,1.0 48,4.0 50,4.0 51,3.0 52,4.0 59,1.0 63,1.0 64,1.0 66,3.0 72,5.0 73,3.0 78,3.0 87,1.0 93,1.0 94,1.0 111,1.0 112,5.0 146,2.0 164,1.0 166,1.0 169,4.0 176,1.0 178,2.0 187,1.0 
1,1.0 22,1.0 37,1.0 38,1.0 39,1.0 47,1.0 94,1.0 103,1.0 165,1.0 178,2.0 
20,1.0 28,1.0 32,1.0 
39,1.0 121,1.0 
1,1.0 4,1.0 20,2.0 24,1.0 29,1.0 30,1.0 38,1.0 43,1.0 46,1.0 48,4.0 51,1.0 52,1.0 54,1.0 64,1.0 72,4.0 73,3.0 78,4.0 165,5.0 206,1.0 
52,1.0 63,1.0 
63,1.0 76,1.0 172,1.0 
35,1.0 63,1.0 76,1.0 149,1.0 171,1.0 178,1.0 
33,2.0 65,2.0 116,2.0 
28,1.0 33,1.0 36,1.0 51,1.0 52,1.0 59,1.0 104,1.0 114,1.0 
1,1.0 28,1.0 107,1.0 118,1.0 
27,1.0 33,1.0 42,1.0 48,2.0 52,1.0 63,2.0 66,1.0 72,1.0 73,1.0 78,1.0 165,1.0 169,1.0 202,1.0 
2,3.0 10,3.0 26,1.0 39,2.0 49,3.0 133,2.0 
10,1.0 16,1.0 18,1.0 28,2.0 38,1.0 39,3.0 44,1.0 47,2.0 48,1.0 72,2.0 74,1.0 94,1.0 98,1.0 103,1.0 114,2.0 117,1.0 149,2.0 163,2.0 165,2.0 166,2.0 188,1.0 
17,4.0 39,3.0 44,1.0 59,3.0 66,1.0 140,1.0 179,1.0 
39,1.0 127,1.0 181,1.0 
20,1.0 29,1.0 39,1.0 68,1.0 87,1.0 118,1.0 
40,1.0 183,1.0 
0,1.0 40,1.0 139,2.0 
1,3.0 17,1.0 39,1.0 40,3.0 49,3.0 59,1.0 179,1.0 184,1.0 
0,1.0 17,1.0 87,1.0 
1,1.0 29,1.0 68,1.0 87,1.0 
36,1.0 43,1.0 50,4.0 52,1.0 63,1.0 66,2.0 75,2.0 87,1.0 112,1.0 134,1.0 135,2.0 141,1.0 156,3.0 165,6.0 
47,1.0 74,1.0 117,1.0 178,1.0 189,1.0 
5,1.0 16,1.0 39,1.0 135,1.0 
75,1.0 
135,1.0 136,1.0 
37,1.0 62,1.0 129,1.0 
6,1.0 25,1.0 66,1.0 86,1.0 
42,1.0 143,1.0 
47,2.0 77,1.0 93,1.0 
17,1.0 86,1.0 
5,1.0 93,1.0 
9,1.0 48,2.0 97,1.0 195,2.0 201,1.0 
4,1.0 137,1.0 
3,1.0 5,1.0 
3,1.0 4,1.0 48,1.0 198,2.0 202,1.0 
0,1.0 1,1.0 3,1.0 4,1.0 48,3.0 63,1.0 66,1.0 72,2.0 73,2.0 78,1.0 111,2.0 165,1.0 169,2.0 176,1.0 201,1.0 
20,1.0 52,1.0 99,1.0 
111,1.0 
110,1.0 
4,1.0 
5,2.0 17,2.0 63,2.0 
111,1.0 
29,1.0 
