1,4.0 8,4.0 9,4.0 10,4.0 
2,8.0 3,4.0 23,4.0 41,4.0 42,4.0 43,4.0 57,4.0 
1,4.0 3,4.0 4,12.0 5,4.0 17,4.0 25,4.0 28,4.0 37,4.0 54,4.0 57,4.0 
2,4.0 4,4.0 
2,4.0 5,4.0 6,8.0 10,4.0 21,4.0 24,8.0 25,8.0 28,4.0 51,4.0 60,4.0 
4,4.0 6,8.0 7,4.0 40,4.0 58,4.0 
2,4.0 4,4.0 5,4.0 7,4.0 14,4.0 16,4.0 
0,4.0 8,4.0 
0,4.0 9,4.0 10,4.0 
10,4.0 11,4.0 
5,4.0 9,4.0 11,4.0 40,4.0 56,4.0 60,4.0 61,4.0 
12,4.0 
13,4.0 17,4.0 20,4.0 
14,4.0 15,4.0 17,4.0 18,4.0 19,4.0 
6,4.0 15,4.0 16,12.0 23,4.0 
14,4.0 16,4.0 
4,4.0 10,4.0 13,4.0 17,4.0 23,4.0 29,4.0 56,4.0 
2,4.0 5,4.0 13,4.0 18,8.0 19,4.0 20,4.0 21,4.0 22,6.0 23,4.0 31,4.0 63,2.0 
12,4.0 14,4.0 17,4.0 19,8.0 23,4.0 31,4.0 
12,4.0 14,4.0 17,2.0 18,8.0 49,4.0 50,4.0 62,2.0 64,2.0 
17,4.0 21,4.0 22,4.0 39,4.0 40,4.0 
4,4.0 10,4.0 18,4.0 19,4.0 22,4.0 60,4.0 
0,1.0 18,4.0 19,4.0 21,4.0 63,2.0 
1,4.0 2,4.0 4,4.0 16,4.0 30,2.0 31,4.0 32,4.0 36,2.0 
6,4.0 14,4.0 25,4.0 26,4.0 
4,4.0 24,4.0 26,4.0 51,4.0 
17,4.0 18,4.0 27,4.0 30,4.0 
2,4.0 
4,4.0 24,4.0 
26,4.0 30,4.0 
17,4.0 18,4.0 20,4.0 23,2.0 26,4.0 38,4.0 
23,4.0 30,2.0 32,2.0 
30,2.0 33,2.0 36,2.0 38,2.0 
16,4.0 34,2.0 55,4.0 
30,2.0 33,4.0 35,2.0 38,2.0 47,2.0 48,4.0 55,4.0 63,2.0 
34,6.0 36,2.0 37,2.0 63,2.0 
0,2.0 30,2.0 32,2.0 37,2.0 38,2.0 
0,2.0 35,4.0 36,2.0 
20,4.0 30,4.0 
40,4.0 41,8.0 59,4.0 
19,4.0 39,8.0 41,4.0 58,4.0 61,4.0 
1,4.0 2,4.0 17,4.0 42,4.0 44,4.0 45,4.0 59,4.0 
1,4.0 43,4.0 
4,4.0 21,4.0 44,4.0 
41,4.0 43,4.0 
46,4.0 
34,4.0 
19,2.0 48,2.0 49,2.0 
19,4.0 47,2.0 49,4.0 64,2.0 
19,4.0 50,4.0 64,2.0 
1,4.0 23,4.0 
52,4.0 53,4.0 
2,4.0 53,4.0 54,4.0 
2,4.0 35,2.0 52,4.0 54,4.0 
2,4.0 37,4.0 
16,4.0 33,4.0 
5,4.0 10,4.0 
1,4.0 41,4.0 
39,4.0 40,4.0 
41,4.0 44,4.0 
10,4.0 40,4.0 61,4.0 
19,4.0 40,4.0 
53,2.0 
0,1.0 22,2.0 30,2.0 34,2.0 38,2.0 
19,2.0 49,2.0 50,2.0 
