1,8.0 5,2.0 6,2.0 7,2.0 9,2.0 15,4.0 17,10.0 18,4.0 19,2.0 21,2.0 30,2.0 37,2.0 38,2.0 42,4.0 45,2.0 75,2.0 76,2.0 100,2.0 
0,12.0 2,10.0 3,2.0 5,2.0 8,2.0 9,4.0 12,2.0 15,4.0 17,2.0 22,2.0 24,4.0 30,2.0 33,2.0 35,2.0 37,4.0 38,4.0 42,2.0 43,2.0 45,2.0 46,2.0 47,2.0 52,2.0 53,2.0 54,2.0 67,2.0 79,2.0 88,2.0 
1,12.0 3,2.0 4,8.0 15,2.0 16,2.0 18,2.0 22,2.0 24,2.0 26,4.0 27,2.0 31,2.0 33,2.0 34,2.0 37,2.0 38,2.0 39,2.0 43,2.0 44,2.0 46,6.0 47,4.0 52,4.0 54,4.0 55,4.0 62,2.0 67,2.0 74,2.0 81,2.0 83,2.0 95,2.0 
2,2.0 4,2.0 
1,2.0 2,12.0 15,2.0 24,2.0 25,6.0 26,4.0 39,2.0 47,2.0 49,2.0 55,2.0 71,2.0 79,2.0 81,2.0 82,2.0 84,2.0 94,2.0 
0,2.0 6,2.0 7,2.0 16,2.0 22,2.0 23,2.0 
7,2.0 8,6.0 9,2.0 12,2.0 13,2.0 14,2.0 23,2.0 25,14.0 26,2.0 27,4.0 28,2.0 38,2.0 42,2.0 48,2.0 49,2.0 52,2.0 54,2.0 55,2.0 56,2.0 57,2.0 
2,2.0 6,2.0 8,4.0 9,2.0 12,2.0 16,2.0 23,4.0 24,2.0 25,4.0 26,2.0 29,2.0 30,2.0 33,2.0 47,2.0 55,2.0 61,2.0 62,2.0 81,2.0 
4,4.0 6,16.0 9,10.0 10,2.0 11,2.0 13,2.0 16,2.0 22,4.0 24,2.0 25,2.0 27,4.0 28,6.0 30,2.0 34,2.0 38,2.0 42,4.0 44,2.0 48,2.0 49,2.0 52,2.0 53,2.0 54,2.0 80,2.0 91,2.0 
1,2.0 6,2.0 7,2.0 8,10.0 10,2.0 11,2.0 12,12.0 14,2.0 15,2.0 16,4.0 17,4.0 22,2.0 24,2.0 26,2.0 27,2.0 28,2.0 30,2.0 35,2.0 42,2.0 43,2.0 49,2.0 63,2.0 69,2.0 80,2.0 82,2.0 85,2.0 89,2.0 90,2.0 98,2.0 
9,2.0 11,2.0 12,2.0 15,2.0 16,2.0 24,2.0 27,2.0 30,2.0 34,2.0 77,2.0 96,2.0 104,2.0 
9,2.0 10,2.0 12,2.0 
1,2.0 4,2.0 7,2.0 8,2.0 9,12.0 15,4.0 16,6.0 17,4.0 22,2.0 33,2.0 34,2.0 35,2.0 43,4.0 47,2.0 49,2.0 50,2.0 54,4.0 63,4.0 64,2.0 69,2.0 78,2.0 82,2.0 84,2.0 89,2.0 90,2.0 98,2.0 
6,2.0 14,2.0 
2,2.0 15,2.0 16,2.0 26,2.0 44,2.0 105,2.0 
0,2.0 1,6.0 2,2.0 8,2.0 9,4.0 10,2.0 12,2.0 16,2.0 17,6.0 22,4.0 24,2.0 30,2.0 31,2.0 32,2.0 36,2.0 39,2.0 50,2.0 51,2.0 54,2.0 55,2.0 80,2.0 84,2.0 
7,2.0 8,4.0 9,4.0 12,6.0 15,2.0 17,10.0 18,2.0 20,2.0 21,2.0 22,4.0 25,2.0 26,2.0 31,2.0 33,4.0 34,8.0 36,2.0 40,2.0 41,2.0 44,4.0 46,2.0 47,2.0 50,4.0 54,2.0 57,4.0 63,2.0 67,2.0 68,2.0 70,2.0 77,2.0 81,2.0 90,4.0 91,2.0 96,2.0 98,2.0 101,2.0 102,2.0 
0,4.0 2,2.0 9,4.0 12,2.0 16,14.0 18,4.0 19,2.0 20,2.0 21,2.0 22,2.0 25,2.0 33,2.0 40,2.0 41,2.0 42,2.0 47,2.0 50,4.0 52,2.0 53,2.0 55,2.0 57,2.0 64,2.0 65,2.0 67,4.0 69,2.0 73,2.0 76,2.0 77,2.0 78,2.0 98,2.0 100,2.0 101,2.0 
0,3.0 1,2.0 8,1.0 16,4.0 17,2.0 19,2.0 22,4.0 24,2.0 28,1.0 30,2.0 32,2.0 33,2.0 34,2.0 40,2.0 42,2.0 52,2.0 106,2.0 107,2.0 
0,2.0 1,2.0 18,2.0 
16,2.0 21,2.0 22,2.0 
0,2.0 1,2.0 7,2.0 9,2.0 15,2.0 22,2.0 23,2.0 24,2.0 30,2.0 108,2.0 
0,1.0 1,4.0 2,4.0 5,2.0 6,2.0 7,2.0 8,5.0 9,4.0 12,2.0 15,4.0 16,2.0 17,2.0 18,4.0 21,2.0 23,4.0 24,2.0 26,2.0 27,6.0 28,1.0 30,2.0 31,2.0 32,2.0 35,6.0 36,2.0 38,2.0 40,4.0 52,4.0 73,2.0 103,2.0 109,2.0 110,2.0 
5,2.0 7,4.0 14,2.0 16,2.0 22,2.0 24,2.0 25,4.0 26,2.0 28,2.0 29,2.0 30,2.0 36,2.0 48,2.0 57,2.0 77,2.0 79,2.0 
0,2.0 1,2.0 2,2.0 4,2.0 7,2.0 8,2.0 9,2.0 18,2.0 23,2.0 25,2.0 26,4.0 30,6.0 42,2.0 47,2.0 81,2.0 96,2.0 106,2.0 107,2.0 
1,2.0 2,2.0 4,2.0 6,6.0 7,4.0 8,4.0 9,2.0 12,2.0 23,6.0 24,2.0 26,6.0 27,2.0 28,4.0 29,2.0 44,2.0 47,12.0 48,2.0 49,4.0 53,2.0 54,2.0 55,2.0 56,2.0 63,2.0 70,2.0 71,2.0 77,2.0 81,2.0 84,4.0 87,2.0 88,2.0 94,2.0 99,2.0 
1,2.0 2,4.0 5,2.0 6,2.0 14,2.0 16,2.0 22,2.0 23,2.0 24,4.0 25,4.0 27,4.0 30,1.0 44,2.0 47,4.0 63,2.0 70,2.0 81,2.0 95,2.0 96,2.0 105,2.0 106,2.0 109,2.0 111,2.0 112,1.0 
6,4.0 8,2.0 9,2.0 10,2.0 12,2.0 14,2.0 18,2.0 22,4.0 25,2.0 26,4.0 40,2.0 49,2.0 71,2.0 72,2.0 96,2.0 103,2.0 104,2.0 
6,4.0 8,2.0 9,2.0 12,2.0 14,2.0 21,2.0 23,2.0 25,2.0 30,2.0 33,2.0 42,2.0 54,2.0 63,2.0 82,2.0 
7,2.0 23,2.0 30,2.0 
0,2.0 4,4.0 8,3.0 10,4.0 15,4.0 17,2.0 21,2.0 22,2.0 24,4.0 25,2.0 28,1.0 31,2.0 34,2.0 42,2.0 44,2.0 71,2.0 77,2.0 92,2.0 93,2.0 94,2.0 100,2.0 108,2.0 111,1.0 
15,2.0 22,2.0 32,2.0 34,2.0 35,2.0 46,2.0 50,2.0 54,2.0 55,2.0 59,2.0 
7,2.0 22,2.0 33,2.0 38,2.0 64,2.0 65,2.0 67,2.0 
2,2.0 7,2.0 12,4.0 16,6.0 17,2.0 18,4.0 21,2.0 22,2.0 28,2.0 30,2.0 32,2.0 46,2.0 78,2.0 97,2.0 
1,2.0 8,2.0 10,2.0 16,6.0 18,2.0 31,2.0 35,6.0 36,2.0 44,2.0 52,2.0 54,2.0 65,2.0 68,2.0 77,2.0 91,2.0 
1,2.0 2,2.0 8,4.0 9,2.0 15,2.0 22,10.0 30,2.0 36,2.0 40,2.0 92,2.0 93,2.0 103,2.0 
1,4.0 15,2.0 22,2.0 34,2.0 35,2.0 46,2.0 48,2.0 55,2.0 79,2.0 
0,2.0 2,2.0 4,2.0 17,2.0 38,4.0 
0,2.0 2,4.0 4,2.0 6,2.0 17,2.0 22,2.0 25,2.0 37,4.0 49,2.0 67,2.0 
1,2.0 2,2.0 15,2.0 
8,4.0 16,2.0 18,2.0 22,4.0 30,2.0 35,2.0 41,2.0 103,2.0 
8,2.0 16,2.0 40,2.0 
0,2.0 6,2.0 8,2.0 9,2.0 12,2.0 16,2.0 17,4.0 18,2.0 25,2.0 28,2.0 30,2.0 48,2.0 100,2.0 
1,2.0 8,2.0 9,4.0 24,2.0 54,2.0 86,2.0 
1,2.0 2,2.0 25,2.0 26,2.0 27,2.0 34,2.0 35,2.0 49,2.0 70,2.0 71,2.0 84,2.0 87,2.0 91,2.0 
1,2.0 2,2.0 33,2.0 
1,2.0 2,4.0 16,2.0 17,2.0 31,2.0 47,6.0 49,2.0 50,2.0 54,4.0 55,2.0 57,2.0 58,2.0 74,2.0 
0,2.0 2,2.0 4,4.0 12,2.0 17,2.0 21,2.0 24,2.0 25,2.0 26,2.0 30,2.0 46,6.0 48,2.0 49,2.0 50,2.0 52,2.0 54,2.0 57,2.0 70,2.0 82,2.0 83,2.0 95,2.0 99,2.0 
6,2.0 8,2.0 25,4.0 36,2.0 42,2.0 46,2.0 47,2.0 55,2.0 79,2.0 99,2.0 
2,2.0 6,2.0 9,2.0 12,4.0 22,2.0 25,2.0 28,4.0 33,2.0 46,2.0 53,2.0 54,2.0 63,4.0 64,2.0 71,4.0 72,4.0 
7,2.0 12,4.0 15,4.0 16,4.0 25,2.0 33,2.0 49,2.0 51,2.0 54,2.0 57,2.0 63,2.0 77,2.0 80,2.0 81,2.0 
6,2.0 52,2.0 
0,2.0 1,2.0 4,4.0 6,2.0 8,2.0 16,2.0 17,2.0 18,2.0 25,4.0 34,2.0 47,2.0 73,2.0 83,2.0 
2,2.0 6,2.0 8,2.0 17,2.0 22,2.0 54,2.0 67,2.0 72,2.0 
2,2.0 4,2.0 6,2.0 8,2.0 15,2.0 17,2.0 25,2.0 28,2.0 31,2.0 34,2.0 43,2.0 46,2.0 47,2.0 50,4.0 55,6.0 56,2.0 59,2.0 63,2.0 80,2.0 82,2.0 86,2.0 
1,2.0 2,2.0 4,2.0 16,2.0 17,2.0 25,2.0 31,4.0 46,4.0 47,4.0 50,2.0 54,4.0 56,2.0 57,2.0 59,2.0 79,2.0 
25,2.0 47,2.0 55,2.0 
7,2.0 16,4.0 23,2.0 25,2.0 36,2.0 46,2.0 48,2.0 50,2.0 58,2.0 79,2.0 81,2.0 90,2.0 
31,2.0 54,2.0 55,2.0 59,6.0 60,2.0 
7,2.0 58,10.0 61,2.0 62,2.0 
59,2.0 
2,2.0 7,2.0 55,2.0 62,2.0 
0,2.0 2,2.0 7,2.0 55,2.0 61,2.0 67,2.0 75,2.0 
9,2.0 12,4.0 16,4.0 28,2.0 49,2.0 54,2.0 64,2.0 82,2.0 89,2.0 90,2.0 96,2.0 
32,2.0 34,2.0 65,10.0 67,2.0 
16,2.0 17,2.0 32,2.0 34,2.0 64,8.0 66,2.0 67,2.0 68,2.0 
17,2.0 65,2.0 
0,2.0 2,2.0 17,4.0 22,2.0 32,2.0 38,2.0 49,2.0 53,2.0 62,2.0 64,2.0 65,2.0 75,2.0 
9,2.0 16,2.0 17,2.0 
1,2.0 12,2.0 
26,2.0 27,2.0 44,2.0 46,2.0 47,2.0 
22,2.0 25,2.0 28,2.0 44,2.0 49,6.0 54,2.0 63,2.0 72,2.0 
22,4.0 49,2.0 53,2.0 71,2.0 
17,2.0 25,2.0 52,2.0 
2,2.0 62,2.0 67,2.0 
0,2.0 17,2.0 76,2.0 
16,2.0 17,2.0 50,2.0 77,2.0 
6,2.0 10,2.0 12,2.0 16,4.0 25,2.0 33,2.0 34,2.0 50,2.0 
17,2.0 33,2.0 
1,2.0 12,2.0 36,2.0 46,2.0 48,2.0 55,2.0 
9,2.0 12,2.0 15,2.0 17,2.0 54,2.0 55,2.0 90,2.0 
1,2.0 2,2.0 7,2.0 12,2.0 24,2.0 25,2.0 26,2.0 47,2.0 
2,2.0 4,2.0 12,4.0 15,2.0 84,2.0 85,2.0 
4,2.0 47,2.0 52,2.0 
1,2.0 9,2.0 12,2.0 15,2.0 25,4.0 44,2.0 87,2.0 88,2.0 
12,2.0 82,2.0 
25,2.0 44,2.0 84,2.0 
8,2.0 52,2.0 
1,2.0 2,2.0 54,2.0 
9,2.0 12,2.0 16,2.0 63,2.0 
8,2.0 12,2.0 16,4.0 38,2.0 57,2.0 67,2.0 
34,2.0 35,2.0 44,2.0 
4,2.0 25,2.0 30,2.0 93,2.0 94,2.0 
4,2.0 25,2.0 30,2.0 92,2.0 94,2.0 
2,2.0 4,2.0 25,2.0 26,2.0 47,2.0 
10,2.0 15,2.0 30,2.0 
10,2.0 16,2.0 27,2.0 33,2.0 63,2.0 90,2.0 97,2.0 104,2.0 
12,2.0 16,2.0 33,2.0 
9,2.0 16,2.0 17,2.0 
25,2.0 47,2.0 48,2.0 
16,2.0 17,2.0 101,2.0 
16,2.0 102,2.0 
27,2.0 103,2.0 
8,2.0 12,2.0 22,4.0 27,2.0 35,2.0 40,2.0 
10,2.0 27,2.0 96,2.0 
18,2.0 24,2.0 106,2.0 
16,2.0 18,2.0 24,2.0 26,2.0 63,2.0 96,2.0 107,2.0 
26,2.0 106,2.0 
22,2.0 109,2.0 
5,2.0 22,4.0 23,2.0 26,2.0 110,2.0 
26,2.0 109,2.0 
8,1.0 28,1.0 30,1.0 112,1.0 
111,1.0 
