1,1.0 2,1.0 5,1.0 8,1.0 20,1.0 23,2.0 46,1.0 48,1.0 50,1.0 77,1.0 78,1.0 95,1.0 
2,1.0 12,1.0 20,1.0 21,1.0 26,1.0 41,1.0 94,1.0 
0,1.0 3,1.0 11,1.0 12,2.0 13,1.0 14,2.0 16,1.0 19,1.0 20,2.0 22,1.0 23,3.0 24,1.0 26,3.0 27,1.0 28,1.0 29,1.0 37,2.0 43,1.0 54,1.0 71,3.0 77,2.0 78,1.0 85,1.0 92,1.0 93,1.0 95,1.0 140,1.0 
4,1.0 5,1.0 6,3.0 7,1.0 8,2.0 10,1.0 16,1.0 19,1.0 20,2.0 23,3.0 24,1.0 25,1.0 26,1.0 27,2.0 28,2.0 30,4.0 32,1.0 34,1.0 47,1.0 49,1.0 50,2.0 51,2.0 52,2.0 55,1.0 56,1.0 60,2.0 61,3.0 66,1.0 67,2.0 71,1.0 76,2.0 77,1.0 78,1.0 88,2.0 115,1.0 125,2.0 127,1.0 
0,1.0 3,1.0 6,1.0 8,1.0 9,2.0 12,1.0 27,1.0 28,3.0 30,2.0 48,1.0 50,1.0 54,1.0 61,2.0 114,1.0 
2,1.0 4,1.0 6,5.0 12,1.0 13,1.0 15,1.0 19,2.0 23,1.0 24,1.0 26,1.0 30,1.0 40,1.0 41,1.0 44,1.0 48,1.0 49,1.0 50,2.0 53,1.0 54,1.0 60,1.0 61,1.0 62,1.0 66,1.0 67,1.0 71,1.0 75,1.0 82,1.0 85,1.0 104,1.0 109,1.0 129,1.0 145,1.0 
4,2.0 5,1.0 7,3.0 8,6.0 9,7.0 10,2.0 12,1.0 15,1.0 19,1.0 20,1.0 24,1.0 25,1.0 26,3.0 32,1.0 35,1.0 37,2.0 41,1.0 43,1.0 45,1.0 46,1.0 50,1.0 51,1.0 55,2.0 60,1.0 70,1.0 85,2.0 95,1.0 141,1.0 
2,1.0 3,1.0 6,2.0 8,4.0 13,2.0 14,1.0 19,1.0 20,1.0 21,1.0 26,4.0 27,1.0 28,2.0 31,1.0 36,1.0 37,4.0 40,3.0 46,1.0 51,1.0 56,1.0 58,2.0 77,1.0 78,3.0 80,1.0 83,1.0 93,1.0 108,2.0 111,1.0 115,1.0 127,1.0 
0,1.0 3,2.0 6,7.0 7,9.0 9,4.0 20,3.0 24,2.0 26,1.0 32,1.0 34,2.0 36,1.0 37,1.0 41,1.0 45,1.0 48,4.0 49,1.0 54,1.0 56,1.0 58,1.0 61,1.0 77,1.0 78,2.0 114,1.0 
2,1.0 6,4.0 7,2.0 8,1.0 10,4.0 11,1.0 12,1.0 13,1.0 18,1.0 26,1.0 27,5.0 31,1.0 32,1.0 35,1.0 40,1.0 44,1.0 47,1.0 50,1.0 54,4.0 56,1.0 58,1.0 61,1.0 67,2.0 71,1.0 75,1.0 80,1.0 88,1.0 98,1.0 101,1.0 104,1.0 117,1.0 
2,1.0 3,1.0 4,1.0 6,1.0 8,2.0 9,6.0 11,3.0 13,1.0 15,2.0 16,1.0 19,1.0 22,1.0 24,2.0 25,1.0 26,1.0 28,2.0 30,1.0 32,1.0 34,1.0 37,1.0 40,1.0 45,1.0 46,1.0 50,1.0 51,2.0 53,1.0 55,1.0 60,1.0 62,1.0 64,1.0 67,1.0 71,2.0 89,2.0 136,1.0 151,1.0 
3,1.0 9,1.0 10,5.0 15,1.0 16,1.0 20,1.0 22,1.0 24,1.0 26,2.0 31,1.0 45,2.0 46,3.0 48,1.0 53,1.0 54,1.0 58,1.0 60,1.0 64,2.0 
4,1.0 5,1.0 6,1.0 7,1.0 8,1.0 9,1.0 11,1.0 13,1.0 15,1.0 16,1.0 20,1.0 21,1.0 22,2.0 25,1.0 26,1.0 28,1.0 30,1.0 35,1.0 36,1.0 37,1.0 38,1.0 42,1.0 45,2.0 47,1.0 48,1.0 51,1.0 55,2.0 56,1.0 64,2.0 78,1.0 91,1.0 97,1.0 99,1.0 133,1.0 139,1.0 140,1.0 147,1.0 
2,1.0 3,1.0 5,2.0 8,1.0 10,1.0 16,1.0 18,1.0 27,1.0 30,1.0 32,1.0 36,1.0 41,1.0 43,2.0 46,1.0 47,1.0 50,1.0 55,1.0 56,1.0 58,1.0 61,2.0 62,1.0 78,1.0 85,1.0 
3,1.0 15,1.0 19,1.0 22,1.0 27,1.0 28,1.0 39,1.0 40,1.0 41,1.0 45,2.0 48,1.0 54,1.0 55,1.0 65,2.0 80,1.0 95,1.0 104,1.0 115,1.0 139,1.0 
3,1.0 5,2.0 7,3.0 9,2.0 12,1.0 16,1.0 18,1.0 19,1.0 24,1.0 27,1.0 28,1.0 30,3.0 37,1.0 38,1.0 43,1.0 50,1.0 51,1.0 58,2.0 64,1.0 75,1.0 76,1.0 82,1.0 84,1.0 85,1.0 89,1.0 99,1.0 118,1.0 135,1.0 
3,1.0 5,1.0 8,2.0 10,2.0 11,1.0 12,2.0 13,1.0 14,1.0 17,1.0 18,1.0 20,1.0 23,1.0 24,2.0 26,1.0 27,1.0 28,2.0 32,3.0 37,1.0 42,1.0 43,1.0 44,1.0 45,1.0 48,1.0 52,1.0 54,4.0 61,1.0 64,1.0 69,1.0 70,1.0 77,1.0 87,1.0 93,2.0 110,1.0 160,1.0 
18,1.0 19,1.0 44,1.0 46,1.0 52,1.0 58,1.0 62,1.0 
3,1.0 10,1.0 13,1.0 17,1.0 19,3.0 22,1.0 65,1.0 85,1.0 102,1.0 110,1.0 
1,1.0 3,3.0 5,1.0 6,1.0 7,2.0 8,1.0 9,1.0 15,1.0 16,1.0 18,1.0 20,1.0 23,1.0 37,1.0 42,2.0 44,1.0 45,1.0 49,1.0 50,2.0 51,2.0 52,1.0 54,2.0 58,1.0 61,1.0 64,2.0 73,1.0 75,1.0 76,2.0 78,1.0 79,1.0 80,1.0 81,1.0 89,1.0 102,1.0 110,1.0 114,1.0 125,1.0 159,1.0 
1,2.0 3,1.0 7,1.0 8,2.0 9,2.0 12,3.0 14,3.0 16,3.0 17,1.0 21,1.0 23,1.0 24,1.0 25,1.0 27,1.0 28,1.0 37,1.0 38,1.0 41,1.0 44,1.0 45,6.0 46,1.0 51,1.0 52,1.0 53,1.0 60,3.0 63,1.0 67,1.0 71,1.0 74,1.0 78,2.0 82,1.0 92,1.0 95,1.0 99,1.0 104,1.0 125,1.0 
5,1.0 6,1.0 15,2.0 16,1.0 24,1.0 27,1.0 63,1.0 69,1.0 71,1.0 74,1.0 93,1.0 128,1.0 
3,1.0 10,1.0 14,1.0 15,1.0 18,1.0 20,1.0 25,1.0 26,1.0 37,1.0 42,1.0 63,1.0 71,1.0 117,1.0 
2,2.0 3,1.0 5,1.0 7,1.0 16,1.0 20,1.0 21,1.0 24,2.0 27,1.0 32,1.0 33,1.0 34,1.0 39,2.0 42,1.0 44,1.0 45,1.0 51,2.0 69,1.0 71,1.0 77,1.0 78,2.0 81,2.0 89,1.0 96,1.0 109,1.0 125,1.0 130,1.0 156,1.0 
0,1.0 2,1.0 5,1.0 7,1.0 10,1.0 11,5.0 14,1.0 15,1.0 16,1.0 21,2.0 23,1.0 25,1.0 26,5.0 30,1.0 37,1.0 45,2.0 46,3.0 50,1.0 53,2.0 54,2.0 55,1.0 58,2.0 70,1.0 77,1.0 78,1.0 121,1.0 123,1.0 125,1.0 147,1.0 
7,1.0 12,1.0 16,1.0 24,4.0 27,1.0 35,1.0 44,1.0 51,1.0 52,5.0 56,1.0 58,2.0 59,1.0 65,1.0 70,1.0 76,1.0 114,1.0 145,1.0 
2,2.0 3,3.0 5,2.0 7,1.0 8,1.0 9,2.0 13,1.0 15,2.0 16,2.0 24,8.0 25,1.0 27,6.0 28,2.0 29,1.0 32,1.0 34,2.0 35,1.0 37,1.0 45,3.0 46,3.0 51,3.0 55,3.0 58,1.0 60,1.0 69,1.0 77,1.0 80,2.0 81,1.0 114,1.0 122,1.0 133,2.0 137,1.0 177,1.0 
2,1.0 3,2.0 4,1.0 7,1.0 8,2.0 10,2.0 11,1.0 12,2.0 13,1.0 14,1.0 16,3.0 17,1.0 19,1.0 22,1.0 24,1.0 26,6.0 28,6.0 32,1.0 34,1.0 35,2.0 37,1.0 42,1.0 43,1.0 46,1.0 48,2.0 49,1.0 50,1.0 53,4.0 54,1.0 60,1.0 66,1.0 67,1.0 77,1.0 89,2.0 99,1.0 114,1.0 138,1.0 147,1.0 
3,2.0 4,4.0 6,2.0 7,1.0 11,1.0 12,1.0 13,1.0 14,1.0 15,1.0 20,1.0 23,1.0 26,4.0 27,8.0 41,1.0 43,2.0 46,2.0 47,1.0 48,1.0 50,1.0 52,3.0 55,1.0 58,1.0 60,2.0 67,2.0 69,1.0 86,1.0 91,1.0 97,1.0 115,1.0 117,1.0 121,4.0 129,1.0 169,1.0 
30,1.0 31,2.0 72,1.0 79,1.0 133,1.0 
3,1.0 4,1.0 5,1.0 6,1.0 7,1.0 9,1.0 10,1.0 11,1.0 12,2.0 13,1.0 15,2.0 16,1.0 20,1.0 31,1.0 32,2.0 35,2.0 36,1.0 44,1.0 46,1.0 49,1.0 51,1.0 52,1.0 53,2.0 54,1.0 58,1.0 61,1.0 64,1.0 68,1.0 78,1.0 104,1.0 115,2.0 117,1.0 133,1.0 157,2.0 
8,1.0 9,1.0 10,2.0 30,1.0 32,1.0 37,1.0 64,1.0 71,1.0 72,1.0 73,1.0 
0,1.0 2,1.0 3,1.0 6,1.0 9,1.0 12,1.0 14,2.0 16,4.0 20,2.0 23,3.0 27,2.0 33,1.0 35,1.0 37,1.0 45,1.0 46,1.0 51,2.0 52,3.0 53,2.0 54,3.0 55,1.0 70,1.0 71,4.0 72,1.0 74,1.0 95,1.0 99,1.0 112,1.0 119,1.0 125,1.0 
23,1.0 34,1.0 
3,1.0 5,1.0 6,2.0 8,1.0 9,1.0 25,3.0 26,1.0 46,1.0 49,1.0 50,1.0 54,1.0 58,1.0 
4,1.0 5,1.0 6,1.0 8,1.0 19,1.0 20,1.0 26,1.0 28,2.0 36,1.0 44,1.0 46,1.0 50,2.0 58,4.0 66,2.0 75,1.0 114,1.0 129,1.0 
2,1.0 13,1.0 22,1.0 23,1.0 30,1.0 31,1.0 32,1.0 44,1.0 50,1.0 55,1.0 70,1.0 73,1.0 75,1.0 76,1.0 92,1.0 104,1.0 127,1.0 129,1.0 163,1.0 
0,1.0 2,1.0 7,1.0 8,3.0 9,1.0 15,1.0 16,1.0 18,1.0 19,4.0 20,1.0 23,1.0 24,1.0 26,2.0 27,1.0 28,1.0 32,2.0 43,1.0 45,1.0 52,3.0 53,2.0 60,1.0 63,1.0 64,1.0 67,1.0 76,1.0 80,1.0 110,1.0 119,1.0 143,1.0 
12,1.0 25,1.0 30,1.0 43,1.0 58,1.0 157,1.0 
8,1.0 16,1.0 20,1.0 34,1.0 43,1.0 46,1.0 55,1.0 
4,1.0 5,1.0 8,1.0 9,1.0 13,1.0 19,1.0 28,1.0 30,1.0 44,1.0 53,1.0 125,1.0 
1,1.0 6,1.0 7,1.0 12,1.0 14,1.0 55,1.0 60,1.0 61,1.0 94,1.0 116,1.0 
12,1.0 16,1.0 21,1.0 27,1.0 43,1.0 46,1.0 48,1.0 61,1.0 70,1.0 
3,2.0 5,1.0 6,1.0 12,1.0 16,1.0 27,2.0 30,1.0 34,1.0 35,1.0 38,1.0 39,1.0 42,1.0 51,2.0 53,1.0 54,1.0 58,1.0 70,1.0 77,1.0 78,1.0 99,1.0 115,1.0 157,1.0 
2,1.0 5,1.0 16,1.0 17,1.0 20,1.0 23,1.0 32,1.0 35,1.0 36,1.0 45,1.0 58,1.0 85,1.0 109,1.0 163,1.0 
0,1.0 4,1.0 7,1.0 8,1.0 14,2.0 15,1.0 19,1.0 20,3.0 24,1.0 25,1.0 27,1.0 28,1.0 37,2.0 39,1.0 53,3.0 54,2.0 55,1.0 60,1.0 61,1.0 88,1.0 90,1.0 93,1.0 107,1.0 125,1.0 166,1.0 
3,1.0 5,1.0 10,1.0 11,1.0 12,2.0 16,1.0 17,1.0 20,1.0 24,1.0 26,2.0 27,3.0 30,2.0 32,1.0 35,1.0 39,1.0 43,1.0 52,2.0 55,2.0 58,1.0 66,1.0 72,1.0 75,1.0 77,1.0 93,1.0 102,1.0 119,1.0 122,1.0 127,1.0 158,1.0 
1,1.0 6,2.0 27,1.0 28,1.0 30,1.0 40,1.0 60,1.0 68,1.0 
2,2.0 3,1.0 5,1.0 7,1.0 9,2.0 16,2.0 19,1.0 27,3.0 28,3.0 35,1.0 53,1.0 70,1.0 85,1.0 113,1.0 123,1.0 131,1.0 142,1.0 170,1.0 
6,1.0 7,1.0 26,1.0 30,1.0 34,1.0 35,1.0 46,1.0 50,1.0 51,1.0 61,1.0 129,1.0 132,1.0 
3,2.0 5,1.0 6,2.0 8,1.0 10,2.0 11,1.0 12,1.0 19,1.0 20,1.0 25,1.0 28,1.0 35,1.0 49,1.0 51,3.0 52,1.0 61,2.0 62,3.0 64,1.0 66,1.0 67,1.0 75,1.0 115,1.0 157,1.0 167,1.0 
0,1.0 3,2.0 8,2.0 9,3.0 10,1.0 13,1.0 16,1.0 20,1.0 23,1.0 24,1.0 32,3.0 37,2.0 40,1.0 42,1.0 43,1.0 52,3.0 53,2.0 54,6.0 58,1.0 85,2.0 88,2.0 125,1.0 
3,1.0 10,2.0 15,1.0 20,2.0 21,1.0 23,1.0 26,1.0 27,2.0 28,1.0 30,2.0 32,2.0 37,1.0 49,1.0 50,1.0 51,2.0 53,4.0 55,1.0 58,2.0 72,1.0 81,1.0 89,3.0 133,1.0 134,1.0 
3,1.0 5,1.0 10,1.0 12,2.0 13,1.0 16,1.0 20,1.0 25,2.0 29,1.0 30,1.0 32,4.0 36,1.0 37,1.0 51,5.0 52,1.0 55,1.0 56,1.0 72,1.0 85,1.0 88,1.0 119,1.0 120,1.0 
5,2.0 6,4.0 7,1.0 10,2.0 11,1.0 12,1.0 13,1.0 14,2.0 16,1.0 19,2.0 25,2.0 26,1.0 27,1.0 28,1.0 30,1.0 34,1.0 37,1.0 41,1.0 48,4.0 51,4.0 53,1.0 55,3.0 60,1.0 61,1.0 76,1.0 85,1.0 87,1.0 102,2.0 106,1.0 
3,2.0 4,1.0 7,2.0 8,2.0 9,2.0 10,1.0 15,2.0 16,1.0 19,1.0 20,1.0 24,3.0 26,1.0 27,1.0 28,1.0 30,1.0 32,1.0 48,1.0 49,1.0 51,1.0 54,1.0 56,3.0 60,1.0 76,2.0 79,1.0 80,2.0 82,2.0 84,1.0 85,1.0 86,1.0 103,1.0 124,1.0 128,1.0 157,1.0 
3,1.0 7,1.0 18,1.0 34,1.0 43,1.0 45,1.0 54,1.0 55,4.0 57,1.0 78,2.0 104,2.0 107,1.0 164,1.0 
54,1.0 
2,2.0 6,1.0 7,2.0 10,2.0 11,1.0 14,1.0 19,1.0 23,1.0 26,4.0 27,1.0 28,2.0 30,1.0 32,3.0 34,1.0 35,2.0 38,1.0 40,1.0 43,1.0 45,1.0 53,1.0 59,1.0 65,1.0 78,1.0 93,1.0 95,1.0 121,1.0 144,1.0 157,1.0 161,1.0 
28,1.0 58,1.0 
3,2.0 5,1.0 8,1.0 9,1.0 10,1.0 16,1.0 20,3.0 28,2.0 34,1.0 41,1.0 50,1.0 53,1.0 61,3.0 78,2.0 85,1.0 112,1.0 121,1.0 
3,1.0 5,1.0 6,1.0 8,1.0 13,3.0 18,1.0 20,1.0 23,1.0 28,1.0 30,2.0 32,1.0 44,1.0 46,1.0 47,2.0 50,5.0 52,1.0 60,1.0 66,1.0 85,3.0 
2,1.0 10,1.0 12,1.0 23,1.0 30,1.0 54,1.0 88,1.0 165,1.0 
0,1.0 25,1.0 45,1.0 46,1.0 64,1.0 71,1.0 73,1.0 
9,1.0 10,1.0 11,4.0 20,1.0 24,1.0 25,2.0 31,1.0 71,1.0 80,1.0 
10,1.0 14,1.0 19,2.0 20,1.0 74,1.0 139,1.0 
3,1.0 10,2.0 32,1.0 36,1.0 44,1.0 50,3.0 51,1.0 
6,1.0 10,2.0 11,1.0 15,1.0 19,1.0 21,1.0 28,2.0 48,1.0 66,1.0 72,1.0 86,1.0 
2,1.0 67,1.0 71,1.0 
3,1.0 5,1.0 20,1.0 23,1.0 74,1.0 121,1.0 148,1.0 
3,1.0 8,1.0 9,1.0 10,2.0 12,1.0 32,1.0 74,1.0 76,1.0 176,1.0 
2,1.0 6,1.0 8,1.0 9,1.0 10,1.0 11,1.0 15,1.0 19,1.0 26,1.0 27,1.0 29,1.0 32,1.0 46,1.0 53,1.0 61,1.0 63,1.0 72,1.0 73,1.0 89,1.0 100,1.0 104,1.0 145,1.0 162,1.0 168,1.0 173,1.0 174,1.0 
16,1.0 20,1.0 31,1.0 32,1.0 35,1.0 52,1.0 73,2.0 93,1.0 
2,1.0 9,1.0 13,1.0 21,1.0 22,1.0 36,2.0 40,1.0 92,1.0 108,1.0 
20,2.0 23,1.0 48,1.0 50,1.0 69,1.0 78,2.0 
0,1.0 2,1.0 15,1.0 19,1.0 25,1.0 32,1.0 36,1.0 37,1.0 42,1.0 46,2.0 58,1.0 63,1.0 70,1.0 129,1.0 
3,1.0 7,1.0 10,1.0 15,1.0 19,2.0 22,2.0 51,1.0 52,1.0 54,1.0 70,1.0 78,1.0 88,1.0 125,1.0 
0,1.0 3,1.0 5,2.0 6,1.0 8,1.0 20,1.0 27,1.0 30,1.0 43,1.0 78,2.0 81,1.0 137,1.0 
2,1.0 7,7.0 12,2.0 13,1.0 19,2.0 23,2.0 24,1.0 26,1.0 27,2.0 30,1.0 37,1.0 49,1.0 55,2.0 56,3.0 80,3.0 81,1.0 97,1.0 99,1.0 
19,1.0 78,1.0 80,1.0 149,1.0 
8,1.0 12,1.0 14,1.0 15,1.0 19,1.0 21,1.0 23,1.0 24,1.0 26,2.0 28,1.0 30,1.0 40,1.0 43,1.0 45,1.0 75,1.0 78,3.0 79,1.0 81,1.0 93,1.0 99,1.0 111,1.0 
7,1.0 20,1.0 23,2.0 26,2.0 51,1.0 78,1.0 
5,2.0 71,1.0 85,1.0 146,1.0 
55,1.0 
5,1.0 15,1.0 82,1.0 
3,2.0 8,2.0 13,1.0 15,1.0 18,1.0 28,2.0 44,1.0 45,2.0 48,2.0 51,2.0 55,1.0 88,1.0 171,1.0 
48,1.0 80,1.0 
13,1.0 16,1.0 
15,1.0 22,1.0 43,1.0 48,1.0 54,4.0 75,1.0 101,1.0 172,1.0 
3,1.0 5,1.0 19,2.0 24,1.0 26,2.0 29,1.0 32,1.0 37,1.0 46,1.0 76,1.0 125,1.0 133,1.0 155,1.0 
12,1.0 
28,1.0 46,1.0 
2,1.0 11,1.0 71,1.0 
2,1.0 5,1.0 8,1.0 10,1.0 13,1.0 15,1.0 16,1.0 20,1.0 21,1.0 46,1.0 71,1.0 
85,1.0 
0,1.0 20,1.0 23,1.0 27,1.0 32,1.0 77,1.0 105,1.0 
5,1.0 
12,1.0 46,1.0 48,1.0 
37,1.0 
7,1.0 15,1.0 24,1.0 27,1.0 43,1.0 49,1.0 61,1.0 78,2.0 
56,1.0 
2,1.0 26,1.0 54,1.0 
16,1.0 39,1.0 55,2.0 
56,1.0 
14,1.0 15,1.0 36,1.0 56,1.0 58,1.0 65,2.0 76,1.0 78,1.0 107,1.0 
60,1.0 61,1.0 
32,1.0 
58,2.0 104,1.0 
9,1.0 36,1.0 73,2.0 109,1.0 
32,2.0 
18,1.0 19,1.0 74,1.0 102,1.0 
46,1.0 78,1.0 
30,1.0 46,1.0 75,1.0 
2,1.0 
4,1.0 24,1.0 58,1.0 61,2.0 71,1.0 150,1.0 
6,1.0 8,1.0 14,1.0 27,1.0 32,1.0 43,1.0 65,1.0 80,2.0 127,1.0 
2,1.0 135,1.0 136,1.0 178,1.0 179,1.0 180,1.0 181,1.0 
2,1.0 30,1.0 31,1.0 64,1.0 121,1.0 126,1.0 
3,1.0 60,1.0 
3,1.0 32,1.0 37,1.0 52,1.0 54,1.0 
58,1.0 
23,1.0 26,3.0 28,1.0 58,1.0 67,1.0 80,1.0 117,1.0 
24,1.0 
7,1.0 28,1.0 129,1.0 
20,1.0 
3,1.0 19,2.0 25,1.0 52,4.0 54,1.0 76,2.0 
32,1.0 
6,1.0 30,1.0 36,1.0 85,1.0 115,1.0 
60,1.0 123,1.0 
12,1.0 28,1.0 30,1.0 32,1.0 36,1.0 63,1.0 70,1.0 75,1.0 117,1.0 132,1.0 169,1.0 
15,1.0 99,1.0 
26,1.0 
12,1.0 129,1.0 
3,1.0 12,1.0 20,1.0 24,1.0 51,1.0 61,1.0 147,1.0 153,1.0 
73,1.0 108,1.0 
11,1.0 136,1.0 178,1.0 179,1.0 180,1.0 181,1.0 
3,1.0 27,1.0 135,1.0 178,1.0 179,1.0 180,1.0 181,1.0 
16,1.0 27,1.0 
28,1.0 
8,1.0 61,1.0 93,1.0 
12,1.0 139,1.0 
10,1.0 
28,1.0 
48,1.0 
60,1.0 
15,1.0 47,1.0 154,1.0 
55,1.0 
2,1.0 71,1.0 150,1.0 
17,1.0 
26,1.0 
2,1.0 54,1.0 
152,1.0 
27,1.0 
55,1.0 
28,1.0 
37,1.0 
5,1.0 
3,1.0 7,1.0 30,1.0 35,1.0 36,1.0 75,1.0 129,1.0 
71,1.0 
37,1.0 
71,1.0 
35,1.0 
47,1.0 
9,1.0 24,1.0 
9,1.0 
16,1.0 
50,1.0 
56,1.0 
58,1.0 
25,1.0 
53,1.0 
52,1.0 
119,1.0 
174,1.0 175,1.0 
173,1.0 175,1.0 
163,1.0 
1,1.0 
116,1.0 
135,1.0 136,1.0 179,1.0 180,1.0 181,1.0 
135,1.0 136,1.0 178,1.0 180,1.0 181,1.0 
135,1.0 136,1.0 178,1.0 179,1.0 181,1.0 
135,1.0 136,1.0 178,1.0 179,1.0 180,1.0 
