1,4.0 2,4.0 3,2.0 8,2.0 12,1.0 17,2.0 18,6.0 36,4.0 37,2.0 42,2.0 
2,4.0 3,4.0 4,4.0 20,4.0 21,2.0 22,2.0 25,2.0 37,2.0 39,2.0 
1,4.0 3,4.0 4,4.0 
4,6.0 5,6.0 8,8.0 11,2.0 12,2.0 36,2.0 38,2.0 
3,6.0 5,6.0 9,4.0 12,2.0 
0,1.0 6,4.0 7,4.0 11,4.0 12,2.0 56,1.0 
3,4.0 7,4.0 47,2.0 
3,4.0 6,4.0 
0,2.0 5,4.0 9,4.0 37,2.0 42,2.0 45,2.0 46,2.0 
10,4.0 27,4.0 
3,4.0 
12,2.0 19,2.0 20,6.0 47,2.0 52,2.0 
0,3.0 5,2.0 13,2.0 17,2.0 21,6.0 22,4.0 23,4.0 24,2.0 25,4.0 35,2.0 56,1.0 59,1.0 60,1.0 
14,2.0 
15,2.0 16,2.0 41,2.0 
16,2.0 17,4.0 28,2.0 55,2.0 
14,2.0 15,2.0 17,2.0 
0,6.0 18,4.0 28,6.0 29,1.0 33,1.0 34,1.0 50,2.0 
11,2.0 19,8.0 25,2.0 
11,6.0 20,4.0 25,2.0 
1,2.0 12,6.0 21,12.0 
0,2.0 1,2.0 12,10.0 17,2.0 22,6.0 25,2.0 
1,4.0 3,2.0 4,2.0 25,2.0 
24,4.0 25,4.0 26,2.0 
23,2.0 25,4.0 26,4.0 
3,2.0 4,2.0 19,2.0 20,2.0 22,2.0 23,2.0 24,4.0 26,4.0 28,2.0 35,2.0 36,2.0 
4,4.0 43,2.0 
16,2.0 17,4.0 28,4.0 
17,6.0 18,2.0 29,1.0 33,1.0 34,1.0 36,2.0 37,2.0 50,2.0 
0,3.0 17,2.0 30,1.0 31,5.0 33,3.0 49,2.0 
29,3.0 
32,5.0 
29,5.0 33,3.0 49,2.0 
0,3.0 12,1.0 26,2.0 29,3.0 34,1.0 42,2.0 
12,1.0 33,1.0 
25,2.0 28,2.0 36,2.0 
0,2.0 1,4.0 3,2.0 28,2.0 37,2.0 
0,2.0 3,2.0 8,2.0 38,2.0 40,2.0 42,2.0 
3,2.0 36,2.0 
0,2.0 
27,2.0 
33,2.0 42,2.0 
26,2.0 30,2.0 33,2.0 
44,2.0 
8,2.0 45,2.0 
8,2.0 46,2.0 
6,2.0 
0,2.0 8,2.0 37,2.0 48,2.0 
0,2.0 36,2.0 
17,2.0 29,2.0 
51,2.0 
29,2.0 
53,2.0 
12,1.0 54,2.0 58,1.0 
15,2.0 53,1.0 55,2.0 58,1.0 
15,2.0 17,2.0 28,2.0 54,1.0 
55,1.0 57,1.0 
56,1.0 
12,1.0 53,1.0 
60,1.0 
59,1.0 
