1,1.0 2,1.0 3,1.0 
2,1.0 3,1.0 4,1.0 5,1.0 6,1.0 
1,1.0 3,1.0 4,1.0 5,1.0 6,1.0 
1,1.0 2,1.0 4,3.0 5,3.0 6,2.0 7,3.0 8,3.0 12,1.0 13,1.0 14,1.0 16,2.0 17,2.0 19,1.0 22,2.0 23,2.0 24,1.0 28,1.0 37,1.0 39,1.0 40,1.0 
5,11.0 6,1.0 7,3.0 8,3.0 9,1.0 10,1.0 11,1.0 19,2.0 20,1.0 21,1.0 29,4.0 32,2.0 36,1.0 37,1.0 41,2.0 
4,9.0 5,2.0 6,1.0 7,3.0 8,3.0 9,1.0 10,1.0 11,1.0 19,2.0 20,1.0 21,1.0 29,6.0 32,4.0 33,2.0 34,2.0 35,2.0 36,1.0 37,1.0 41,2.0 
4,1.0 5,1.0 7,1.0 8,1.0 9,1.0 10,1.0 11,1.0 19,1.0 36,2.0 37,1.0 39,1.0 40,2.0 56,1.0 
3,4.0 4,3.0 5,3.0 7,1.0 8,20.0 9,3.0 10,1.0 11,1.0 12,1.0 13,1.0 14,1.0 15,2.0 16,1.0 17,1.0 18,1.0 22,2.0 23,2.0 24,2.0 25,2.0 26,2.0 28,3.0 29,2.0 30,4.0 31,1.0 39,1.0 40,1.0 43,2.0 45,2.0 46,2.0 52,2.0 53,2.0 
3,4.0 4,3.0 5,3.0 7,18.0 8,3.0 9,3.0 10,1.0 11,1.0 12,1.0 13,1.0 14,1.0 15,2.0 16,1.0 17,1.0 18,1.0 19,2.0 20,2.0 22,2.0 23,2.0 24,2.0 25,2.0 26,2.0 28,3.0 29,2.0 30,4.0 31,1.0 36,2.0 39,1.0 40,1.0 43,2.0 45,4.0 46,4.0 52,2.0 53,2.0 
3,1.0 7,2.0 8,2.0 10,1.0 11,1.0 16,1.0 17,1.0 22,2.0 23,2.0 28,3.0 39,1.0 40,1.0 52,2.0 53,2.0 
3,1.0 7,2.0 8,2.0 9,1.0 11,1.0 
3,1.0 7,2.0 8,2.0 9,1.0 10,1.0 
9,1.0 13,2.0 14,1.0 15,1.0 16,1.0 17,1.0 
9,1.0 12,2.0 14,1.0 15,1.0 16,1.0 17,1.0 
7,2.0 8,2.0 12,1.0 13,1.0 15,1.0 22,2.0 23,2.0 30,2.0 
16,1.0 17,1.0 18,1.0 25,2.0 26,2.0 44,2.0 
3,2.0 4,3.0 5,3.0 9,1.0 17,6.0 18,1.0 24,2.0 25,2.0 26,2.0 28,1.0 30,2.0 39,1.0 40,1.0 
3,2.0 4,3.0 5,3.0 9,1.0 16,6.0 18,1.0 24,2.0 25,2.0 26,2.0 28,1.0 30,2.0 39,1.0 40,3.0 56,2.0 58,2.0 59,2.0 
4,2.0 5,2.0 7,2.0 8,2.0 16,1.0 17,1.0 31,1.0 
3,2.0 6,1.0 7,3.0 8,3.0 19,2.0 20,10.0 21,1.0 25,2.0 26,2.0 30,6.0 36,6.0 37,6.0 38,2.0 39,3.0 40,3.0 47,1.0 54,2.0 60,1.0 61,1.0 62,1.0 
3,1.0 7,3.0 8,3.0 19,11.0 20,1.0 21,1.0 25,2.0 26,2.0 30,6.0 36,4.0 37,1.0 54,2.0 
3,1.0 7,1.0 8,1.0 19,1.0 20,1.0 
4,1.0 5,1.0 7,2.0 8,2.0 14,2.0 19,2.0 20,2.0 23,6.0 24,1.0 25,1.0 26,1.0 27,1.0 28,3.0 30,2.0 
4,1.0 5,1.0 7,2.0 8,2.0 14,2.0 19,2.0 20,2.0 22,6.0 24,1.0 25,1.0 26,1.0 27,1.0 28,3.0 30,2.0 
16,2.0 17,2.0 22,1.0 23,1.0 25,3.0 26,3.0 27,1.0 30,2.0 
3,1.0 4,1.0 5,1.0 7,4.0 8,4.0 18,1.0 19,2.0 20,2.0 26,9.0 27,1.0 28,1.0 30,8.0 36,1.0 44,2.0 51,1.0 
3,1.0 4,1.0 5,1.0 7,4.0 8,4.0 18,1.0 19,2.0 20,2.0 25,9.0 27,1.0 28,1.0 30,8.0 36,1.0 44,2.0 51,1.0 
7,1.0 8,1.0 25,1.0 26,1.0 28,1.0 
3,1.0 4,2.0 5,2.0 6,1.0 7,1.0 8,1.0 19,3.0 20,2.0 22,3.0 23,3.0 37,1.0 39,2.0 40,3.0 56,1.0 
5,2.0 7,2.0 8,2.0 25,2.0 26,2.0 30,2.0 32,2.0 33,2.0 34,2.0 35,2.0 
3,1.0 4,1.0 5,1.0 7,5.0 8,5.0 16,1.0 17,1.0 18,1.0 19,6.0 20,5.0 24,1.0 25,6.0 26,6.0 28,1.0 30,2.0 36,2.0 37,1.0 39,1.0 40,1.0 51,1.0 
4,1.0 5,1.0 7,1.0 8,1.0 
5,2.0 29,2.0 33,2.0 34,2.0 35,2.0 
16,1.0 17,1.0 19,1.0 20,1.0 24,1.0 34,2.0 35,2.0 36,1.0 
16,1.0 17,1.0 19,1.0 20,1.0 24,1.0 33,2.0 35,2.0 36,1.0 
16,1.0 17,1.0 19,1.0 20,1.0 24,1.0 33,2.0 34,2.0 36,1.0 
4,1.0 5,1.0 12,1.0 13,1.0 19,7.0 20,4.0 25,2.0 26,2.0 30,3.0 37,3.0 47,1.0 60,1.0 61,1.0 62,1.0 
3,1.0 6,1.0 19,5.0 36,2.0 38,2.0 39,3.0 40,3.0 47,1.0 60,1.0 61,1.0 62,1.0 
3,2.0 16,2.0 17,2.0 39,2.0 40,2.0 
3,3.0 6,2.0 16,2.0 17,2.0 19,2.0 28,2.0 36,1.0 37,2.0 38,2.0 40,6.0 56,1.0 
3,3.0 6,3.0 14,2.0 16,2.0 17,2.0 19,2.0 22,2.0 23,2.0 28,2.0 36,2.0 37,2.0 38,2.0 39,5.0 40,1.0 51,2.0 56,6.0 57,2.0 
42,2.0 
7,2.0 8,2.0 43,2.0 
7,2.0 8,2.0 15,2.0 
7,2.0 8,2.0 25,2.0 26,2.0 
8,2.0 19,2.0 20,2.0 36,2.0 46,2.0 
8,2.0 19,2.0 20,2.0 36,2.0 45,2.0 
48,1.0 49,1.0 50,1.0 
19,1.0 37,1.0 49,1.0 50,1.0 
19,1.0 37,1.0 48,1.0 50,1.0 
19,1.0 37,1.0 48,1.0 49,1.0 
7,1.0 8,1.0 17,2.0 18,1.0 58,2.0 59,2.0 
9,2.0 22,2.0 23,2.0 28,2.0 53,2.0 
9,2.0 22,2.0 23,2.0 28,2.0 52,2.0 
55,2.0 
40,2.0 56,2.0 57,2.0 
6,1.0 14,2.0 22,2.0 23,2.0 36,1.0 40,5.0 51,2.0 57,2.0 
40,2.0 51,2.0 56,2.0 
17,2.0 40,2.0 56,2.0 59,2.0 
17,2.0 40,2.0 56,2.0 58,2.0 
61,1.0 62,1.0 
60,1.0 62,1.0 
60,1.0 61,1.0 
