1,2.0 2,2.0 3,2.0 4,4.0 10,2.0 15,4.0 17,2.0 24,2.0 28,2.0 55,2.0 60,2.0 
2,10.0 3,16.0 4,2.0 5,10.0 6,8.0 7,10.0 8,2.0 12,4.0 15,4.0 16,2.0 64,2.0 88,2.0 
1,10.0 3,12.0 4,2.0 5,16.0 6,8.0 7,12.0 8,2.0 9,4.0 15,2.0 20,6.0 40,2.0 45,2.0 47,6.0 77,4.0 78,4.0 79,2.0 
1,16.0 2,12.0 3,4.0 4,2.0 5,12.0 6,8.0 7,44.0 8,2.0 9,30.0 10,24.0 12,26.0 13,20.0 14,4.0 15,44.0 16,42.0 17,4.0 33,2.0 40,18.0 41,2.0 42,2.0 43,4.0 44,6.0 45,2.0 47,6.0 64,2.0 83,14.0 88,8.0 
1,2.0 2,2.0 3,2.0 5,2.0 6,2.0 7,2.0 9,2.0 10,2.0 15,2.0 17,2.0 19,2.0 40,2.0 51,2.0 62,2.0 
1,12.0 2,14.0 3,12.0 6,8.0 7,12.0 12,4.0 20,8.0 45,2.0 47,4.0 77,4.0 78,4.0 79,2.0 88,4.0 
1,8.0 2,8.0 3,8.0 5,8.0 7,8.0 
1,12.0 2,14.0 3,46.0 5,12.0 6,8.0 7,4.0 9,40.0 10,18.0 11,2.0 12,24.0 13,14.0 14,2.0 15,18.0 16,12.0 40,10.0 46,2.0 83,14.0 88,8.0 
7,2.0 9,2.0 10,2.0 11,2.0 34,2.0 60,2.0 
2,8.0 3,32.0 7,40.0 9,4.0 10,34.0 11,2.0 12,18.0 13,14.0 14,2.0 15,28.0 16,18.0 17,14.0 19,16.0 40,20.0 46,2.0 83,14.0 
2,4.0 3,24.0 4,2.0 7,20.0 9,36.0 10,4.0 11,2.0 12,14.0 13,14.0 14,2.0 15,32.0 16,10.0 17,18.0 19,16.0 39,2.0 40,16.0 41,4.0 42,2.0 44,6.0 46,2.0 96,1.0 97,1.0 
3,2.0 7,2.0 9,2.0 10,2.0 12,2.0 13,2.0 63,2.0 64,2.0 
1,4.0 3,28.0 5,4.0 7,22.0 9,16.0 10,14.0 13,14.0 14,2.0 15,6.0 16,4.0 40,10.0 64,2.0 88,8.0 
3,18.0 7,14.0 9,16.0 10,16.0 12,14.0 13,2.0 15,2.0 16,10.0 17,6.0 19,2.0 
3,4.0 7,4.0 9,4.0 15,6.0 16,6.0 17,2.0 18,2.0 27,2.0 30,2.0 83,4.0 
0,2.0 1,4.0 2,2.0 3,46.0 4,4.0 7,18.0 9,28.0 10,34.0 12,4.0 13,4.0 14,4.0 15,10.0 16,42.0 17,24.0 18,2.0 19,14.0 33,2.0 39,2.0 40,20.0 41,4.0 42,4.0 43,2.0 44,6.0 47,4.0 83,14.0 88,4.0 96,1.0 97,1.0 
1,2.0 3,42.0 7,14.0 9,22.0 10,12.0 12,2.0 13,12.0 14,4.0 15,40.0 16,8.0 17,14.0 18,2.0 19,6.0 33,2.0 40,12.0 42,2.0 43,4.0 44,6.0 45,2.0 47,2.0 83,14.0 
3,6.0 4,2.0 9,16.0 10,22.0 13,6.0 15,24.0 16,14.0 18,2.0 19,16.0 39,2.0 40,10.0 96,1.0 97,1.0 
3,2.0 9,2.0 10,2.0 14,2.0 15,4.0 16,4.0 17,2.0 19,2.0 
2,2.0 9,16.0 10,16.0 15,14.0 16,4.0 17,14.0 40,10.0 
2,6.0 5,6.0 21,2.0 45,2.0 47,4.0 77,4.0 78,4.0 79,2.0 
22,2.0 
23,2.0 30,2.0 
14,2.0 24,2.0 26,2.0 27,4.0 33,2.0 85,2.0 
0,2.0 24,2.0 25,2.0 28,16.0 29,6.0 31,4.0 34,2.0 54,8.0 55,6.0 59,4.0 60,2.0 62,6.0 84,2.0 
23,2.0 25,2.0 27,2.0 29,22.0 30,2.0 31,2.0 39,4.0 40,2.0 45,2.0 56,2.0 57,4.0 59,2.0 92,2.0 
27,2.0 
14,2.0 22,2.0 23,2.0 25,2.0 28,2.0 30,4.0 33,2.0 
0,2.0 24,12.0 25,2.0 27,2.0 28,4.0 29,2.0 34,8.0 55,2.0 60,10.0 68,2.0 80,4.0 84,2.0 91,2.0 
24,2.0 25,10.0 27,2.0 29,6.0 31,20.0 39,2.0 45,2.0 51,2.0 52,2.0 54,8.0 56,4.0 57,4.0 61,2.0 93,2.0 
27,2.0 29,2.0 32,2.0 33,6.0 56,2.0 84,2.0 
24,2.0 25,2.0 29,4.0 30,2.0 33,2.0 42,2.0 43,2.0 50,2.0 53,2.0 54,24.0 55,2.0 56,2.0 57,8.0 59,4.0 61,2.0 65,2.0 93,2.0 
33,2.0 
23,2.0 27,2.0 30,4.0 33,2.0 34,2.0 56,4.0 57,6.0 84,4.0 
0,2.0 8,2.0 11,2.0 24,8.0 28,4.0 34,6.0 35,2.0 36,2.0 37,2.0 38,2.0 45,2.0 51,10.0 55,4.0 59,2.0 60,12.0 62,4.0 63,10.0 73,2.0 74,2.0 80,2.0 
10,2.0 15,2.0 17,2.0 36,2.0 37,2.0 38,2.0 39,2.0 
10,2.0 15,2.0 17,2.0 35,2.0 37,2.0 38,2.0 39,2.0 
10,2.0 15,2.0 17,2.0 35,2.0 36,2.0 38,2.0 39,2.0 
10,2.0 12,2.0 15,2.0 17,2.0 28,2.0 35,2.0 36,2.0 37,2.0 39,2.0 54,2.0 59,2.0 64,2.0 68,2.0 81,2.0 
9,2.0 10,2.0 15,2.0 17,2.0 19,2.0 25,2.0 29,4.0 31,2.0 40,2.0 60,2.0 90,2.0 
0,2.0 2,2.0 3,20.0 5,2.0 7,8.0 9,16.0 10,16.0 12,10.0 15,24.0 16,12.0 17,10.0 19,10.0 40,4.0 43,2.0 44,6.0 45,2.0 88,6.0 
10,2.0 15,2.0 42,2.0 
3,4.0 15,2.0 16,4.0 31,2.0 40,2.0 43,4.0 63,2.0 65,2.0 89,2.0 
3,4.0 7,2.0 9,2.0 10,2.0 15,4.0 16,4.0 40,2.0 44,2.0 83,2.0 95,2.0 
3,6.0 10,6.0 15,6.0 16,6.0 40,6.0 
2,2.0 5,2.0 7,2.0 9,2.0 10,2.0 20,2.0 24,2.0 25,2.0 34,2.0 40,2.0 46,2.0 47,2.0 77,2.0 78,2.0 
3,2.0 7,2.0 9,2.0 10,2.0 12,2.0 13,2.0 31,2.0 54,2.0 
2,4.0 3,4.0 5,4.0 15,2.0 16,2.0 20,4.0 48,2.0 77,4.0 78,4.0 
49,2.0 
31,2.0 
29,2.0 
4,2.0 25,2.0 34,2.0 39,2.0 54,2.0 56,2.0 62,2.0 63,16.0 64,2.0 73,2.0 74,2.0 75,2.0 90,2.0 
31,2.0 
54,2.0 
24,4.0 25,6.0 28,2.0 29,10.0 31,16.0 38,4.0 42,2.0 46,2.0 54,6.0 55,10.0 56,4.0 57,2.0 59,12.0 61,2.0 68,2.0 80,2.0 
24,12.0 28,4.0 31,6.0 34,2.0 54,6.0 55,4.0 56,2.0 59,10.0 62,4.0 80,2.0 84,2.0 
25,2.0 29,2.0 54,2.0 56,2.0 57,14.0 61,2.0 84,2.0 87,2.0 92,2.0 
23,2.0 24,2.0 25,10.0 29,8.0 30,2.0 31,4.0 33,6.0 39,2.0 54,2.0 56,4.0 57,4.0 58,2.0 60,2.0 61,2.0 84,2.0 
25,2.0 
12,2.0 24,2.0 28,4.0 31,4.0 38,4.0 46,2.0 54,8.0 55,12.0 57,6.0 59,2.0 60,2.0 62,2.0 
0,2.0 8,2.0 24,6.0 28,8.0 34,26.0 54,4.0 55,2.0 57,2.0 63,2.0 84,2.0 91,2.0 
31,2.0 54,4.0 
24,2.0 34,2.0 51,2.0 55,4.0 59,4.0 60,4.0 62,2.0 
11,2.0 34,12.0 45,2.0 51,6.0 60,8.0 63,4.0 64,10.0 65,2.0 81,2.0 84,2.0 
4,2.0 42,2.0 51,2.0 65,12.0 67,2.0 75,2.0 76,2.0 81,6.0 89,4.0 
24,2.0 29,2.0 38,2.0 51,2.0 60,2.0 63,4.0 64,2.0 65,2.0 66,2.0 67,4.0 81,2.0 
67,10.0 
64,6.0 65,4.0 66,4.0 67,4.0 68,6.0 69,4.0 81,2.0 
28,2.0 34,2.0 69,10.0 80,2.0 
64,2.0 66,4.0 67,6.0 68,2.0 69,2.0 70,4.0 71,2.0 
18,2.0 71,2.0 
68,2.0 69,2.0 72,2.0 
51,2.0 
34,2.0 55,2.0 
51,2.0 63,2.0 
64,2.0 76,2.0 
2,2.0 5,2.0 20,2.0 45,2.0 
2,4.0 5,4.0 20,4.0 47,4.0 78,4.0 
2,4.0 5,4.0 20,4.0 47,4.0 77,4.0 
0,1.0 57,1.0 
34,2.0 55,8.0 
38,2.0 51,2.0 63,2.0 64,4.0 67,2.0 81,2.0 82,2.0 
67,2.0 
3,14.0 7,14.0 9,14.0 12,2.0 15,12.0 16,12.0 40,2.0 
24,2.0 27,2.0 28,2.0 30,2.0 34,2.0 55,2.0 56,2.0 59,2.0 63,2.0 87,2.0 94,2.0 
86,2.0 
23,2.0 
25,2.0 
1,4.0 3,8.0 5,4.0 7,8.0 12,8.0 15,4.0 40,4.0 
42,2.0 63,4.0 84,2.0 
39,2.0 60,2.0 
28,2.0 60,2.0 
56,4.0 
25,2.0 29,2.0 
57,2.0 
59,2.0 
57,1.0 

