1,12.0 5,4.0 10,14.0 11,26.0 12,12.0 22,2.0 25,2.0 29,4.0 
2,12.0 5,12.0 10,2.0 12,12.0 14,2.0 15,2.0 18,6.0 19,2.0 21,2.0 23,4.0 28,2.0 32,4.0 36,4.0 38,2.0 43,2.0 49,2.0 
2,4.0 3,14.0 4,6.0 10,6.0 11,6.0 12,4.0 13,6.0 14,2.0 15,2.0 17,2.0 18,14.0 20,2.0 22,6.0 
2,2.0 3,2.0 4,6.0 5,12.0 6,10.0 10,4.0 11,4.0 13,6.0 16,2.0 17,2.0 18,2.0 19,2.0 22,4.0 36,4.0 
3,6.0 5,6.0 
0,8.0 1,4.0 2,4.0 6,12.0 7,12.0 10,6.0 12,4.0 15,2.0 32,2.0 
3,2.0 7,12.0 8,12.0 10,2.0 12,6.0 14,10.0 36,4.0 45,2.0 
6,12.0 8,12.0 30,4.0 31,4.0 
9,12.0 10,12.0 
0,12.0 10,12.0 11,12.0 
0,20.0 1,2.0 2,8.0 3,4.0 9,12.0 11,18.0 12,2.0 14,6.0 15,6.0 18,6.0 29,2.0 32,2.0 34,4.0 35,2.0 37,2.0 43,2.0 44,2.0 
0,24.0 1,4.0 2,4.0 3,2.0 6,2.0 10,12.0 12,18.0 14,2.0 18,8.0 19,2.0 21,4.0 22,8.0 23,6.0 28,8.0 29,6.0 34,2.0 47,2.0 48,2.0 
0,16.0 1,6.0 2,6.0 3,4.0 5,8.0 11,18.0 14,12.0 18,2.0 28,4.0 39,2.0 48,2.0 
3,6.0 5,6.0 
2,8.0 3,6.0 6,2.0 10,2.0 11,4.0 12,12.0 14,6.0 15,8.0 16,2.0 17,2.0 22,4.0 37,2.0 39,2.0 45,2.0 
0,2.0 2,4.0 5,2.0 11,4.0 12,2.0 14,12.0 22,4.0 26,2.0 27,2.0 28,2.0 29,2.0 
2,2.0 3,2.0 10,2.0 
1,2.0 3,2.0 18,2.0 19,2.0 37,2.0 38,2.0 
1,16.0 2,4.0 10,4.0 11,10.0 12,6.0 18,2.0 19,4.0 20,2.0 21,2.0 22,2.0 23,2.0 
2,2.0 10,2.0 18,6.0 29,2.0 34,2.0 
1,2.0 18,2.0 
7,4.0 11,2.0 18,2.0 
0,2.0 1,2.0 2,4.0 3,4.0 5,2.0 6,4.0 10,2.0 18,6.0 23,8.0 24,4.0 33,2.0 34,2.0 
0,4.0 1,4.0 2,2.0 11,12.0 18,2.0 24,4.0 28,4.0 32,2.0 36,2.0 47,2.0 
0,4.0 23,4.0 
15,2.0 26,2.0 
15,2.0 27,2.0 
15,2.0 28,2.0 
11,12.0 12,4.0 15,2.0 23,6.0 29,4.0 46,2.0 49,2.0 
11,6.0 19,2.0 21,4.0 22,2.0 28,2.0 33,2.0 34,2.0 46,2.0 
0,3.0 22,2.0 31,4.0 
0,3.0 22,2.0 30,4.0 
1,4.0 3,2.0 5,2.0 22,2.0 23,2.0 37,2.0 
10,2.0 22,2.0 34,2.0 
3,2.0 10,2.0 19,2.0 22,2.0 29,2.0 34,2.0 35,4.0 
3,2.0 22,2.0 34,2.0 
1,4.0 6,4.0 10,2.0 14,4.0 23,2.0 43,2.0 
1,4.0 17,2.0 23,2.0 32,2.0 38,2.0 
1,2.0 12,2.0 14,2.0 
40,2.0 
41,2.0 42,2.0 
1,2.0 36,2.0 42,2.0 
1,2.0 36,2.0 41,2.0 
10,2.0 14,2.0 44,2.0 
43,2.0 
3,2.0 6,2.0 10,2.0 
23,2.0 28,2.0 
11,2.0 23,2.0 28,2.0 
11,2.0 12,2.0 28,2.0 
11,2.0 28,2.0 29,2.0 
