1,4.0 12,4.0 
2,4.0 3,2.0 18,4.0 37,2.0 66,2.0 105,2.0 
3,2.0 4,4.0 66,2.0 
2,2.0 4,2.0 5,6.0 8,4.0 10,4.0 71,2.0 96,2.0 
3,2.0 4,2.0 5,10.0 6,6.0 7,2.0 9,10.0 11,4.0 13,6.0 14,16.0 21,2.0 37,6.0 56,2.0 86,2.0 93,2.0 96,6.0 97,4.0 98,6.0 99,2.0 104,4.0 
3,8.0 4,22.0 5,6.0 6,14.0 7,2.0 8,22.0 9,18.0 13,6.0 21,2.0 31,2.0 56,2.0 58,2.0 59,4.0 61,2.0 71,2.0 94,2.0 96,8.0 97,2.0 104,4.0 
0,2.0 4,4.0 5,10.0 7,2.0 8,4.0 9,14.0 10,4.0 11,4.0 14,2.0 15,2.0 16,2.0 20,2.0 27,6.0 40,6.0 52,2.0 53,4.0 54,2.0 55,2.0 59,2.0 62,2.0 66,2.0 69,1.0 71,2.0 74,2.0 75,2.0 
5,4.0 6,2.0 
3,6.0 5,30.0 6,8.0 9,10.0 10,8.0 13,2.0 47,2.0 58,2.0 66,4.0 94,2.0 96,2.0 97,2.0 
4,8.0 5,10.0 6,14.0 8,8.0 10,4.0 11,4.0 13,8.0 14,2.0 20,2.0 21,4.0 22,2.0 56,2.0 59,2.0 60,2.0 62,2.0 71,2.0 72,2.0 73,2.0 74,2.0 75,2.0 
8,8.0 66,4.0 
0,4.0 70,2.0 
5,4.0 
4,4.0 5,4.0 8,4.0 9,8.0 14,2.0 21,2.0 44,2.0 47,2.0 56,4.0 71,2.0 
6,2.0 9,2.0 13,2.0 15,4.0 16,2.0 17,2.0 28,6.0 29,2.0 31,2.0 47,2.0 53,4.0 54,2.0 60,8.0 71,2.0 86,2.0 99,2.0 
1,4.0 6,4.0 14,4.0 16,4.0 17,2.0 34,2.0 37,2.0 39,4.0 40,8.0 42,2.0 54,2.0 75,2.0 
1,2.0 6,2.0 15,4.0 17,2.0 40,2.0 
1,2.0 15,2.0 16,2.0 
1,2.0 19,2.0 31,2.0 42,2.0 85,4.0 100,2.0 
9,2.0 20,2.0 21,2.0 101,2.0 102,2.0 
6,2.0 9,2.0 21,2.0 22,2.0 28,4.0 29,2.0 32,6.0 35,4.0 37,4.0 40,4.0 47,2.0 53,4.0 55,2.0 58,4.0 59,4.0 74,2.0 92,2.0 97,2.0 
5,2.0 8,2.0 9,4.0 13,2.0 20,2.0 22,2.0 56,2.0 
23,2.0 24,2.0 25,6.0 26,4.0 27,2.0 33,2.0 50,2.0 57,4.0 
22,2.0 24,2.0 
20,4.0 22,4.0 23,2.0 24,2.0 34,4.0 35,4.0 36,2.0 43,2.0 57,2.0 88,2.0 90,2.0 91,2.0 92,2.0 97,6.0 104,2.0 
6,6.0 22,4.0 26,6.0 27,8.0 28,2.0 48,4.0 49,6.0 50,2.0 67,2.0 68,8.0 
20,2.0 25,4.0 27,2.0 28,2.0 32,2.0 36,2.0 47,4.0 49,2.0 57,2.0 58,2.0 84,2.0 93,2.0 102,2.0 
0,3.0 6,6.0 24,2.0 25,2.0 26,2.0 28,2.0 29,2.0 30,2.0 31,2.0 32,2.0 33,2.0 34,2.0 52,2.0 66,2.0 69,2.0 71,2.0 
20,2.0 27,2.0 29,2.0 30,2.0 37,2.0 42,12.0 44,6.0 53,4.0 60,6.0 62,6.0 65,6.0 86,2.0 87,2.0 
15,2.0 20,2.0 27,2.0 28,2.0 30,2.0 31,2.0 37,2.0 44,2.0 53,4.0 60,2.0 61,4.0 62,2.0 65,2.0 
27,2.0 29,2.0 31,2.0 47,2.0 67,2.0 
4,4.0 20,2.0 27,2.0 32,2.0 33,2.0 37,8.0 41,2.0 53,2.0 59,6.0 72,2.0 74,2.0 85,2.0 
4,4.0 20,2.0 24,2.0 27,2.0 33,2.0 34,2.0 35,2.0 37,2.0 59,4.0 93,2.0 
22,2.0 24,4.0 25,2.0 27,2.0 32,2.0 34,4.0 47,2.0 
15,2.0 24,4.0 35,4.0 75,4.0 76,2.0 
18,4.0 36,8.0 86,2.0 89,2.0 
35,2.0 37,6.0 38,8.0 45,2.0 
4,6.0 14,8.0 15,8.0 20,2.0 38,6.0 39,2.0 40,6.0 41,4.0 53,2.0 62,2.0 74,2.0 87,2.0 97,2.0 105,2.0 
6,2.0 15,8.0 16,2.0 37,6.0 42,2.0 77,2.0 
40,4.0 41,4.0 43,2.0 44,2.0 62,2.0 74,2.0 75,2.0 
6,2.0 15,2.0 20,4.0 28,2.0 29,4.0 34,4.0 39,4.0 41,12.0 42,2.0 52,2.0 53,4.0 74,2.0 76,2.0 102,2.0 
24,4.0 35,4.0 37,4.0 39,2.0 40,6.0 42,6.0 43,16.0 58,2.0 86,2.0 90,4.0 91,2.0 95,6.0 102,2.0 
37,2.0 40,2.0 41,10.0 43,6.0 44,12.0 62,6.0 64,6.0 77,2.0 78,2.0 79,2.0 85,2.0 94,6.0 
13,2.0 39,2.0 41,4.0 42,6.0 44,16.0 56,2.0 86,2.0 90,2.0 95,6.0 
13,2.0 41,8.0 42,6.0 45,4.0 47,4.0 56,2.0 61,2.0 66,2.0 84,6.0 
46,6.0 51,2.0 
47,2.0 48,2.0 66,2.0 103,2.0 
5,2.0 8,2.0 20,2.0 24,4.0 25,2.0 26,4.0 30,2.0 33,2.0 34,2.0 48,2.0 50,2.0 57,10.0 58,8.0 67,2.0 71,2.0 
22,2.0 25,4.0 41,2.0 49,2.0 58,2.0 66,2.0 
25,2.0 47,2.0 50,2.0 67,2.0 
25,2.0 26,2.0 31,4.0 45,2.0 57,2.0 58,2.0 59,4.0 101,2.0 
6,2.0 40,2.0 52,2.0 80,2.0 
0,1.0 6,2.0 27,2.0 40,2.0 53,2.0 69,1.0 
6,2.0 15,4.0 20,4.0 28,2.0 29,2.0 31,2.0 37,6.0 55,2.0 86,2.0 87,4.0 97,2.0 
6,2.0 14,2.0 53,2.0 
6,2.0 20,2.0 40,2.0 
5,2.0 8,2.0 9,2.0 13,4.0 21,2.0 44,2.0 47,2.0 
8,2.0 22,4.0 24,2.0 26,2.0 30,2.0 33,4.0 45,2.0 47,8.0 50,2.0 71,2.0 
5,2.0 20,4.0 26,2.0 31,4.0 35,2.0 40,2.0 41,2.0 47,2.0 50,2.0 59,4.0 102,4.0 
4,8.0 9,2.0 31,6.0 32,4.0 37,6.0 72,4.0 73,2.0 74,2.0 93,2.0 
6,2.0 9,2.0 28,6.0 29,2.0 42,6.0 61,2.0 62,10.0 
5,2.0 8,2.0 41,2.0 44,2.0 62,2.0 63,2.0 64,2.0 
6,2.0 9,2.0 39,2.0 42,6.0 61,2.0 63,2.0 64,8.0 74,4.0 75,4.0 94,6.0 
29,2.0 64,2.0 65,2.0 
28,6.0 29,2.0 63,2.0 65,8.0 94,6.0 
28,6.0 29,2.0 42,6.0 44,8.0 61,2.0 
2,2.0 4,2.0 5,4.0 8,6.0 25,2.0 41,2.0 48,2.0 58,2.0 71,2.0 
25,6.0 27,2.0 47,2.0 52,2.0 68,8.0 106,2.0 107,2.0 
6,6.0 25,6.0 27,8.0 52,2.0 67,2.0 
11,2.0 
8,2.0 
5,2.0 8,6.0 47,2.0 57,2.0 66,2.0 96,2.0 
9,2.0 18,2.0 60,2.0 73,2.0 74,2.0 
9,2.0 60,2.0 72,2.0 
18,2.0 40,6.0 41,2.0 72,2.0 75,4.0 
25,2.0 38,2.0 40,4.0 74,4.0 
34,2.0 75,2.0 
42,2.0 78,2.0 79,2.0 
51,2.0 79,2.0 
51,2.0 78,2.0 
81,2.0 
82,2.0 83,2.0 
26,2.0 83,2.0 84,2.0 
26,2.0 82,2.0 84,2.0 
26,2.0 47,2.0 67,6.0 
31,2.0 37,4.0 41,4.0 42,2.0 
14,2.0 24,4.0 41,2.0 43,2.0 47,2.0 87,2.0 88,2.0 89,2.0 90,2.0 
24,4.0 86,2.0 88,2.0 97,2.0 104,2.0 
24,2.0 36,2.0 
43,2.0 86,2.0 
20,2.0 24,4.0 41,2.0 91,2.0 97,2.0 
20,2.0 24,2.0 92,2.0 
20,2.0 32,2.0 59,2.0 
4,2.0 14,2.0 20,2.0 26,2.0 32,2.0 
4,2.0 5,2.0 28,6.0 64,6.0 65,6.0 
43,6.0 44,6.0 
4,6.0 5,4.0 8,2.0 71,2.0 97,4.0 98,6.0 
4,2.0 5,6.0 20,2.0 24,4.0 32,2.0 43,2.0 59,2.0 61,2.0 87,2.0 98,4.0 104,2.0 
4,2.0 5,4.0 61,2.0 96,2.0 97,4.0 
14,2.0 15,2.0 
19,2.0 101,2.0 
19,2.0 31,2.0 50,2.0 59,2.0 102,2.0 
20,2.0 29,2.0 40,2.0 50,2.0 53,2.0 58,2.0 101,2.0 
25,2.0 48,2.0 
4,2.0 5,2.0 8,2.0 24,4.0 96,2.0 97,2.0 98,2.0 
37,2.0 39,2.0 62,2.0 
26,2.0 93,2.0 107,2.0 
26,2.0 93,2.0 106,2.0 
