1,6.0 2,11.0 5,2.0 6,4.0 14,2.0 20,9.0 21,2.0 24,2.0 42,2.0 44,2.0 45,2.0 55,2.0 56,2.0 
0,4.0 2,12.0 3,10.0 15,2.0 18,2.0 20,2.0 27,2.0 29,4.0 40,2.0 
0,12.0 1,12.0 3,13.0 6,6.0 7,2.0 8,2.0 14,4.0 15,2.0 18,2.0 19,2.0 21,2.0 24,2.0 29,2.0 40,2.0 41,2.0 45,2.0 55,2.0 57,2.0 58,2.0 
0,2.0 1,10.0 2,8.0 4,2.0 6,2.0 14,2.0 15,7.0 16,2.0 17,2.0 19,4.0 27,2.0 39,2.0 40,2.0 41,2.0 42,2.0 66,1.0 
0,2.0 5,2.0 
0,2.0 2,2.0 
0,4.0 2,6.0 3,2.0 14,2.0 15,2.0 20,2.0 22,2.0 
8,2.0 9,2.0 10,2.0 
0,1.0 2,2.0 7,2.0 9,2.0 10,2.0 14,2.0 19,2.0 21,2.0 22,3.0 23,2.0 24,4.0 26,2.0 34,2.0 36,1.0 37,1.0 
10,2.0 11,2.0 23,2.0 53,2.0 62,2.0 
8,1.0 9,2.0 11,2.0 25,2.0 26,2.0 27,2.0 33,2.0 34,4.0 38,1.0 44,2.0 
12,2.0 13,2.0 
13,2.0 14,2.0 48,2.0 49,2.0 
12,2.0 14,2.0 45,2.0 61,2.0 62,2.0 
1,2.0 2,2.0 3,2.0 6,2.0 8,2.0 13,2.0 15,8.0 19,4.0 21,2.0 44,2.0 45,2.0 60,2.0 
1,2.0 2,4.0 3,10.0 6,2.0 14,3.0 16,2.0 19,4.0 27,2.0 44,2.0 57,2.0 60,2.0 66,1.0 
3,2.0 17,2.0 
2,2.0 8,2.0 18,2.0 22,2.0 34,2.0 
2,2.0 14,2.0 30,2.0 
2,2.0 3,6.0 14,2.0 15,6.0 44,2.0 
0,3.0 2,4.0 6,4.0 8,1.0 21,4.0 22,4.0 27,2.0 30,2.0 31,2.0 37,1.0 44,2.0 58,2.0 
0,3.0 2,2.0 8,2.0 20,2.0 22,2.0 26,4.0 35,2.0 47,2.0 58,2.0 66,1.0 67,1.0 
8,4.0 17,2.0 20,3.0 21,2.0 23,2.0 26,2.0 27,2.0 31,2.0 34,2.0 35,2.0 
8,2.0 24,2.0 53,2.0 64,2.0 65,2.0 
0,2.0 10,6.0 20,2.0 25,4.0 32,2.0 33,2.0 34,2.0 
10,2.0 26,4.0 59,2.0 
8,2.0 10,2.0 20,2.0 22,2.0 27,6.0 28,2.0 59,2.0 
0,2.0 1,2.0 3,2.0 8,2.0 10,2.0 15,2.0 20,2.0 28,4.0 29,2.0 44,6.0 45,2.0 46,2.0 47,4.0 54,2.0 
1,2.0 8,2.0 14,1.0 27,4.0 29,2.0 37,1.0 45,2.0 48,2.0 
1,4.0 18,2.0 27,2.0 
20,2.0 22,2.0 31,4.0 32,2.0 
21,2.0 22,2.0 32,2.0 33,2.0 35,2.0 
24,2.0 25,2.0 31,2.0 33,2.0 
10,2.0 34,4.0 35,2.0 
8,3.0 10,2.0 24,6.0 32,2.0 35,2.0 38,1.0 
21,2.0 24,2.0 26,2.0 28,1.0 34,2.0 37,1.0 
8,1.0 
0,1.0 8,1.0 14,1.0 28,1.0 
35,1.0 
2,2.0 40,2.0 
2,4.0 41,2.0 58,2.0 
3,2.0 42,6.0 
0,2.0 3,2.0 14,2.0 41,4.0 43,2.0 
0,2.0 42,2.0 
0,2.0 2,2.0 3,2.0 15,2.0 27,8.0 28,4.0 45,4.0 46,2.0 47,2.0 
1,2.0 2,2.0 13,2.0 28,2.0 29,2.0 44,4.0 47,2.0 48,2.0 53,2.0 61,2.0 62,2.0 
27,2.0 44,2.0 
0,1.0 21,2.0 27,2.0 44,2.0 45,2.0 54,2.0 66,1.0 67,1.0 
12,2.0 45,2.0 49,2.0 50,2.0 51,2.0 53,2.0 
12,2.0 48,4.0 52,2.0 
49,2.0 50,2.0 51,2.0 52,2.0 
50,4.0 
48,2.0 49,2.0 
23,2.0 44,2.0 45,2.0 64,2.0 65,2.0 
1,2.0 3,2.0 
0,2.0 56,2.0 
20,2.0 30,2.0 
2,2.0 3,2.0 
0,2.0 2,2.0 17,2.0 22,2.0 24,2.0 
8,2.0 26,2.0 
13,2.0 14,2.0 45,2.0 
62,2.0 63,2.0 
9,2.0 23,2.0 53,2.0 61,2.0 63,2.0 
9,2.0 62,2.0 
21,2.0 47,2.0 65,2.0 
21,2.0 47,2.0 64,2.0 
14,1.0 15,1.0 67,1.0 
66,1.0 
