1,12.0 7,6.0 8,6.0 15,6.0 17,6.0 18,6.0 19,18.0 20,6.0 21,6.0 22,6.0 23,6.0 32,3.0 33,3.0 
0,15.0 2,6.0 4,6.0 7,6.0 10,8.0 17,6.0 24,7.0 25,7.0 32,3.0 35,7.0 66,1.0 69,1.0 
3,6.0 4,12.0 15,6.0 16,6.0 18,1.0 25,1.0 32,2.0 37,2.0 47,1.0 52,4.0 53,2.0 84,1.0 
4,6.0 5,6.0 
1,12.0 3,6.0 5,6.0 7,6.0 10,6.0 16,6.0 29,2.0 53,2.0 74,2.0 
6,15.0 13,13.0 
1,2.0 7,7.0 17,7.0 19,7.0 35,7.0 42,1.0 57,3.0 65,1.0 66,1.0 101,1.0 
8,13.0 9,6.0 10,6.0 11,2.0 14,6.0 15,7.0 18,18.0 19,6.0 20,1.0 24,22.0 25,12.0 26,15.0 27,2.0 28,6.0 32,2.0 43,1.0 45,1.0 58,1.0 64,1.0 67,1.0 71,1.0 79,1.0 83,1.0 103,1.0 104,1.0 105,1.0 107,1.0 108,1.0 
0,1.0 2,6.0 6,1.0 7,1.0 9,6.0 10,6.0 13,1.0 14,8.0 15,6.0 16,9.0 17,7.0 18,6.0 19,6.0 20,1.0 24,9.0 27,1.0 32,7.0 40,1.0 42,3.0 57,9.0 58,2.0 59,6.0 60,1.0 61,5.0 62,6.0 63,1.0 64,3.0 81,1.0 99,1.0 106,1.0 
8,6.0 10,6.0 17,7.0 24,7.0 
2,4.0 5,13.0 7,6.0 8,6.0 10,3.0 11,15.0 12,7.0 14,17.0 17,7.0 20,7.0 21,2.0 24,14.0 25,2.0 32,2.0 49,7.0 50,3.0 58,3.0 65,1.0 69,1.0 81,3.0 82,2.0 91,1.0 93,2.0 109,1.0 
8,1.0 10,12.0 12,7.0 13,1.0 17,1.0 24,1.0 25,1.0 32,1.0 50,3.0 58,5.0 64,1.0 81,5.0 82,2.0 83,1.0 86,1.0 92,2.0 109,1.0 
10,6.0 11,7.0 86,1.0 
1,13.0 4,6.0 35,7.0 39,9.0 
0,6.0 2,7.0 8,6.0 10,18.0 15,6.0 16,7.0 17,19.0 18,1.0 20,8.0 21,1.0 22,7.0 24,21.0 25,19.0 29,6.0 32,14.0 49,7.0 51,3.0 65,1.0 85,1.0 97,1.0 110,1.0 
2,6.0 4,6.0 7,6.0 14,7.0 16,6.0 17,1.0 22,13.0 23,6.0 24,20.0 25,12.0 
1,9.0 4,6.0 8,9.0 13,1.0 18,7.0 20,7.0 31,6.0 32,3.0 42,3.0 57,5.0 61,4.0 63,1.0 
0,12.0 7,9.0 8,13.0 10,7.0 11,1.0 14,19.0 15,6.0 18,6.0 19,7.0 24,42.0 25,7.0 28,14.0 29,6.0 30,7.0 32,5.0 34,3.0 36,1.0 38,7.0 41,7.0 45,1.0 46,7.0 59,6.0 67,1.0 68,1.0 
2,1.0 7,18.0 8,6.0 19,6.0 21,1.0 24,27.0 25,24.0 26,12.0 28,6.0 29,7.0 37,10.0 43,7.0 47,7.0 49,1.0 65,1.0 84,1.0 109,1.0 
0,18.0 7,6.0 17,7.0 20,6.0 21,6.0 24,13.0 28,7.0 
0,6.0 10,3.0 11,3.0 14,1.0 16,7.0 18,7.0 19,6.0 22,1.0 25,2.0 28,1.0 58,1.0 
0,6.0 1,6.0 10,1.0 11,1.0 18,1.0 25,2.0 94,1.0 
14,7.0 15,6.0 16,7.0 20,7.0 23,6.0 24,6.0 25,7.0 58,1.0 88,1.0 
15,6.0 22,6.0 23,1.0 24,6.0 25,6.0 32,1.0 35,1.0 37,2.0 53,1.0 
5,14.0 7,14.0 8,12.0 9,7.0 10,14.0 13,7.0 14,40.0 15,8.0 16,15.0 17,54.0 18,33.0 22,7.0 25,60.0 26,1.0 27,6.0 28,14.0 29,14.0 30,13.0 31,6.0 32,14.0 35,14.0 37,7.0 38,7.0 40,7.0 41,7.0 42,7.0 43,7.0 45,7.0 46,7.0 60,1.0 71,1.0 81,2.0 108,1.0 
2,2.0 5,9.0 7,12.0 10,1.0 14,24.0 17,6.0 18,31.0 20,1.0 21,1.0 24,60.0 28,1.0 29,14.0 32,14.0 42,7.0 47,1.0 49,1.0 51,3.0 65,1.0 85,1.0 88,1.0 94,1.0 97,1.0 99,1.0 100,1.0 109,1.0 110,1.0 
7,11.0 18,6.0 24,6.0 27,6.0 28,6.0 29,2.0 57,1.0 58,1.0 67,1.0 79,1.0 81,1.0 91,3.0 102,1.0 103,1.0 104,1.0 105,1.0 107,1.0 
7,1.0 8,1.0 17,7.0 20,1.0 24,6.0 
7,6.0 18,14.0 21,1.0 24,14.0 25,7.0 26,6.0 29,7.0 37,7.0 98,1.0 
4,2.0 11,1.0 17,5.0 18,14.0 24,20.0 25,14.0 26,1.0 30,6.0 32,4.0 35,4.0 53,4.0 70,4.0 72,2.0 73,2.0 74,4.0 79,2.0 81,1.0 91,1.0 99,1.0 
14,6.0 17,6.0 24,13.0 32,5.0 35,11.0 37,1.0 53,5.0 70,1.0 
1,3.0 16,6.0 32,3.0 
0,8.0 2,2.0 7,1.0 8,8.0 10,7.0 14,14.0 24,15.0 25,7.0 27,1.0 29,9.0 30,5.0 33,9.0 34,3.0 35,8.0 36,5.0 37,11.0 53,8.0 54,1.0 55,1.0 56,1.0 62,6.0 67,2.0 68,2.0 70,8.0 71,6.0 99,1.0 
32,9.0 
0,3.0 32,3.0 
1,7.0 4,2.0 9,7.0 15,7.0 23,2.0 24,28.0 25,7.0 29,8.0 36,4.0 37,8.0 53,8.0 67,1.0 68,1.0 70,8.0 72,2.0 73,2.0 74,4.0 75,2.0 78,2.0 79,4.0 80,1.0 
24,1.0 32,1.0 35,4.0 37,4.0 67,2.0 68,2.0 
2,2.0 18,7.0 23,1.0 24,28.0 25,7.0 30,5.0 32,16.0 40,7.0 45,7.0 53,8.0 54,1.0 55,1.0 56,1.0 70,8.0 71,6.0 
13,7.0 24,7.0 
37,7.0 57,1.0 66,1.0 76,1.0 86,1.0 
8,1.0 24,7.0 32,1.0 35,7.0 62,1.0 
10,7.0 17,7.0 24,7.0 
6,11.0 24,1.0 
44,8.0 
17,1.0 37,7.0 
7,1.0 17,7.0 24,7.0 32,1.0 46,7.0 
17,7.0 24,7.0 28,8.0 97,1.0 
48,8.0 
14,7.0 18,1.0 25,1.0 
2,4.0 5,1.0 10,10.0 20,3.0 25,1.0 
10,3.0 14,3.0 
18,3.0 25,3.0 
53,4.0 54,3.0 55,3.0 56,3.0 111,1.0 112,1.0 113,1.0 
0,1.0 2,2.0 4,2.0 23,2.0 24,2.0 29,4.0 30,4.0 32,8.0 35,8.0 37,8.0 54,4.0 55,4.0 56,4.0 73,2.0 74,4.0 78,2.0 80,1.0 111,1.0 112,1.0 113,1.0 
0,1.0 24,2.0 32,1.0 37,1.0 53,4.0 55,4.0 56,4.0 
0,1.0 24,2.0 32,1.0 37,1.0 53,4.0 54,4.0 56,4.0 
0,1.0 24,2.0 32,1.0 37,1.0 53,4.0 54,4.0 55,4.0 
8,13.0 26,1.0 40,1.0 58,2.0 61,5.0 63,1.0 64,3.0 99,1.0 
7,1.0 8,2.0 10,3.0 11,2.0 17,2.0 22,1.0 25,1.0 26,1.0 42,1.0 59,2.0 81,5.0 82,2.0 88,1.0 105,1.0 
8,6.0 17,6.0 
8,1.0 57,1.0 61,1.0 
8,5.0 57,5.0 
8,6.0 32,6.0 
8,1.0 57,1.0 
8,3.0 11,1.0 17,3.0 25,1.0 59,3.0 
14,1.0 18,2.0 25,1.0 26,1.0 101,1.0 
1,1.0 10,1.0 25,1.0 86,1.0 87,1.0 88,1.0 89,1.0 
7,1.0 24,2.0 32,1.0 35,1.0 36,2.0 37,1.0 68,2.0 103,1.0 104,1.0 
24,1.0 32,1.0 35,1.0 36,2.0 37,1.0 67,2.0 
10,1.0 32,1.0 
2,2.0 4,2.0 23,1.0 29,4.0 30,5.0 32,8.0 35,5.0 37,8.0 39,1.0 53,13.0 54,1.0 55,1.0 56,1.0 71,6.0 72,2.0 73,2.0 74,4.0 75,2.0 76,2.0 79,4.0 
2,2.0 7,1.0 30,4.0 32,7.0 37,6.0 53,6.0 70,6.0 
29,2.0 35,2.0 53,2.0 70,2.0 73,2.0 
29,2.0 53,2.0 74,2.0 81,1.0 90,1.0 
23,1.0 35,5.0 39,1.0 53,1.0 70,4.0 75,2.0 76,2.0 79,2.0 
70,2.0 74,2.0 76,2.0 
35,1.0 53,1.0 77,2.0 80,1.0 
35,2.0 53,2.0 78,2.0 
35,2.0 37,2.0 53,2.0 
4,2.0 23,1.0 26,1.0 29,3.0 35,3.0 39,1.0 53,3.0 70,4.0 74,2.0 
35,1.0 37,1.0 53,1.0 
7,1.0 8,1.0 10,6.0 11,2.0 26,1.0 32,1.0 42,1.0 58,4.0 82,2.0 91,2.0 93,2.0 105,1.0 106,1.0 
11,4.0 58,2.0 81,2.0 92,2.0 
11,1.0 24,1.0 
48,1.0 
10,1.0 14,1.0 
25,1.0 66,2.0 87,1.0 
66,1.0 88,1.0 89,1.0 
10,1.0 25,1.0 73,1.0 89,1.0 90,1.0 
73,1.0 88,1.0 90,1.0 
73,1.0 81,1.0 
7,1.0 10,1.0 26,2.0 29,1.0 81,1.0 82,1.0 105,1.0 
11,2.0 81,2.0 
10,2.0 21,1.0 25,1.0 82,1.0 
46,1.0 95,1.0 96,1.0 97,1.0 
94,1.0 96,1.0 
94,1.0 95,1.0 
10,1.0 14,1.0 28,1.0 46,1.0 
25,1.0 99,1.0 
7,1.0 8,1.0 11,1.0 17,1.0 25,1.0 29,1.0 100,1.0 
6,1.0 
26,1.0 65,1.0 
26,1.0 
7,1.0 24,1.0 67,1.0 104,1.0 
7,1.0 24,1.0 67,1.0 103,1.0 
7,1.0 26,2.0 91,1.0 
26,1.0 81,1.0 
7,1.0 26,1.0 
7,1.0 43,1.0 
11,1.0 14,1.0 25,1.0 81,1.0 
10,1.0 14,1.0 
53,1.0 112,1.0 113,1.0 
53,1.0 111,1.0 113,1.0 
53,1.0 111,1.0 112,1.0 
