1,2.0 2,2.0 
1,4.0 2,2.0 3,4.0 4,4.0 5,2.0 6,2.0 7,2.0 12,2.0 13,4.0 16,2.0 23,1.0 24,1.0 35,2.0 36,2.0 57,2.0 
1,6.0 3,2.0 6,10.0 18,4.0 30,2.0 31,2.0 44,2.0 45,2.0 46,2.0 
1,4.0 4,2.0 45,2.0 46,2.0 
1,2.0 5,2.0 
2,2.0 13,2.0 17,4.0 18,2.0 30,2.0 42,2.0 48,2.0 49,2.0 54,4.0 55,2.0 
1,4.0 2,2.0 7,2.0 12,6.0 18,4.0 19,2.0 26,2.0 44,2.0 56,2.0 
8,2.0 9,2.0 10,2.0 
7,2.0 
0,1.0 10,2.0 11,2.0 22,2.0 23,1.0 24,1.0 
9,2.0 11,2.0 
1,2.0 2,6.0 6,2.0 35,2.0 39,2.0 
1,2.0 2,4.0 6,2.0 13,4.0 18,2.0 25,2.0 26,4.0 27,2.0 30,2.0 40,2.0 43,2.0 45,2.0 
1,2.0 11,2.0 12,4.0 14,4.0 15,2.0 16,2.0 18,2.0 40,4.0 43,2.0 
11,4.0 15,2.0 16,2.0 17,2.0 43,2.0 
13,2.0 14,2.0 16,2.0 38,2.0 
5,2.0 11,2.0 14,2.0 17,4.0 39,2.0 
5,6.0 11,2.0 13,2.0 14,2.0 16,2.0 48,2.0 49,2.0 
5,2.0 6,4.0 11,2.0 12,2.0 13,4.0 19,2.0 51,2.0 53,2.0 54,2.0 56,2.0 
20,2.0 
21,2.0 
9,2.0 22,2.0 
0,1.0 9,2.0 23,1.0 24,1.0 
12,2.0 24,2.0 25,2.0 
12,2.0 23,2.0 25,2.0 
12,2.0 26,2.0 27,2.0 
2,2.0 6,2.0 27,2.0 28,2.0 29,2.0 47,2.0 48,2.0 49,2.0 
26,2.0 28,2.0 29,2.0 
13,2.0 29,2.0 
13,2.0 28,2.0 
2,2.0 31,2.0 37,2.0 42,2.0 
32,2.0 33,2.0 
33,2.0 34,2.0 
32,2.0 34,2.0 
13,2.0 18,2.0 
1,2.0 36,2.0 
37,2.0 
38,4.0 
13,4.0 15,2.0 39,2.0 40,4.0 43,2.0 
2,2.0 11,2.0 40,2.0 41,2.0 
12,2.0 15,2.0 18,2.0 38,4.0 39,2.0 41,2.0 42,2.0 43,4.0 
16,2.0 17,2.0 45,4.0 47,4.0 50,4.0 
1,2.0 13,2.0 30,2.0 37,2.0 
11,2.0 13,2.0 14,2.0 38,2.0 40,2.0 42,2.0 
6,2.0 12,2.0 
2,2.0 3,2.0 46,4.0 50,4.0 51,4.0 
3,2.0 26,2.0 45,2.0 47,2.0 
26,2.0 41,4.0 45,4.0 48,2.0 49,2.0 50,4.0 
41,4.0 47,4.0 49,4.0 
41,4.0 47,4.0 48,4.0 
45,4.0 51,4.0 
5,4.0 17,4.0 52,4.0 
18,2.0 53,4.0 
5,4.0 18,2.0 
18,2.0 51,4.0 55,2.0 
51,2.0 54,2.0 
1,2.0 57,2.0 
1,2.0 23,1.0 24,1.0 
