1,5.0 2,1.0 3,1.0 4,1.0 5,1.0 6,1.0 7,1.0 14,1.0 15,1.0 18,1.0 20,1.0 40,1.0 42,1.0 47,2.0 48,2.0 54,4.0 55,1.0 72,1.0 75,3.0 79,1.0 80,1.0 82,2.0 87,1.0 89,2.0 93,1.0 94,1.0 95,2.0 96,1.0 97,1.0 98,1.0 100,1.0 102,1.0 106,1.0 114,1.0 120,1.0 135,3.0 136,1.0 138,2.0 141,1.0 171,1.0 172,1.0 174,1.0 187,2.0 205,1.0 226,3.0 227,1.0 255,1.0 304,1.0 311,1.0 400,1.0 
0,5.0 2,1.0 3,1.0 4,1.0 5,1.0 6,1.0 7,1.0 14,1.0 15,1.0 18,4.0 20,3.0 26,1.0 29,1.0 40,2.0 41,3.0 45,1.0 46,2.0 47,4.0 48,1.0 49,2.0 53,1.0 54,5.0 70,1.0 75,3.0 79,1.0 80,1.0 84,1.0 87,1.0 89,1.0 93,1.0 94,2.0 95,1.0 97,2.0 98,2.0 101,1.0 102,1.0 114,1.0 117,1.0 120,1.0 135,3.0 136,1.0 138,1.0 139,1.0 141,1.0 154,1.0 155,1.0 159,1.0 196,1.0 227,1.0 265,1.0 304,1.0 327,1.0 328,1.0 
3,1.0 4,1.0 5,1.0 6,1.0 7,1.0 8,1.0 9,1.0 
2,1.0 4,1.0 5,1.0 6,1.0 7,1.0 8,1.0 9,1.0 
2,1.0 3,1.0 5,1.0 6,1.0 7,1.0 8,1.0 9,1.0 
2,1.0 3,1.0 4,1.0 6,1.0 7,1.0 8,1.0 9,1.0 
2,1.0 3,1.0 4,1.0 5,1.0 7,1.0 8,1.0 9,1.0 
2,1.0 3,1.0 4,1.0 5,1.0 6,1.0 8,1.0 9,1.0 
9,1.0 10,2.0 11,1.0 13,1.0 15,1.0 17,1.0 18,1.0 19,1.0 20,1.0 21,2.0 22,1.0 23,1.0 24,1.0 25,1.0 26,1.0 27,1.0 68,1.0 138,1.0 
8,1.0 9,1.0 10,1.0 11,1.0 12,2.0 21,4.0 23,1.0 25,1.0 27,1.0 29,1.0 30,1.0 44,3.0 78,1.0 94,1.0 96,1.0 136,1.0 141,2.0 171,2.0 198,1.0 221,1.0 235,1.0 402,1.0 403,1.0 404,1.0 405,1.0 
8,1.0 10,1.0 11,2.0 12,1.0 13,2.0 14,1.0 15,2.0 16,1.0 18,2.0 19,1.0 20,1.0 21,1.0 70,1.0 227,2.0 232,1.0 265,3.0 283,2.0 341,2.0 351,2.0 352,2.0 355,1.0 
10,3.0 12,1.0 13,1.0 14,1.0 15,1.0 16,1.0 18,1.0 70,1.0 81,1.0 117,1.0 227,1.0 232,1.0 236,1.0 265,2.0 283,1.0 341,1.0 351,1.0 352,1.0 
8,1.0 9,3.0 13,1.0 14,1.0 15,1.0 16,1.0 17,1.0 21,2.0 25,2.0 26,2.0 27,1.0 30,1.0 31,1.0 44,2.0 46,1.0 49,1.0 52,1.0 78,1.0 86,1.0 91,1.0 92,2.0 94,1.0 96,1.0 116,1.0 118,1.0 141,1.0 171,1.0 220,1.0 221,1.0 234,1.0 
8,2.0 10,1.0 12,1.0 14,3.0 15,2.0 16,2.0 17,1.0 18,2.0 19,1.0 20,1.0 21,1.0 46,1.0 47,1.0 49,1.0 55,1.0 60,1.0 71,1.0 75,2.0 83,2.0 90,1.0 96,2.0 103,1.0 106,2.0 117,1.0 123,1.0 135,1.0 141,1.0 145,2.0 146,1.0 154,1.0 169,2.0 182,1.0 188,1.0 196,1.0 204,2.0 205,2.0 234,1.0 264,1.0 276,1.0 362,1.0 424,1.0 
1,1.0 8,1.0 12,1.0 13,3.0 14,3.0 15,1.0 16,8.0 17,1.0 18,2.0 19,2.0 25,1.0 26,1.0 29,1.0 30,1.0 39,2.0 40,3.0 41,3.0 42,3.0 45,1.0 46,2.0 47,1.0 48,2.0 49,1.0 51,1.0 55,3.0 62,1.0 70,1.0 71,4.0 72,2.0 74,1.0 75,6.0 76,1.0 81,1.0 83,1.0 84,1.0 90,2.0 91,2.0 92,1.0 93,2.0 94,2.0 96,3.0 97,3.0 98,1.0 103,1.0 106,1.0 114,1.0 117,1.0 119,1.0 134,1.0 138,1.0 139,1.0 141,1.0 145,1.0 146,7.0 149,1.0 161,3.0 162,1.0 164,1.0 169,2.0 173,1.0 182,2.0 195,1.0 196,2.0 219,1.0 220,1.0 221,1.0 225,1.0 226,1.0 228,1.0 237,1.0 241,1.0 253,1.0 270,1.0 275,2.0 276,1.0 296,1.0 297,2.0 298,2.0 299,2.0 325,1.0 335,1.0 362,1.0 411,1.0 420,1.0 
8,2.0 12,1.0 13,1.0 14,2.0 16,1.0 17,1.0 21,2.0 22,1.0 23,1.0 24,1.0 25,2.0 26,1.0 27,1.0 51,1.0 71,1.0 76,1.0 146,1.0 219,1.0 293,1.0 
8,1.0 12,2.0 13,2.0 14,8.0 15,1.0 16,2.0 17,1.0 19,2.0 39,1.0 41,1.0 45,1.0 47,1.0 66,1.0 70,1.0 71,2.0 72,1.0 73,1.0 75,1.0 80,1.0 91,1.0 92,1.0 96,2.0 101,1.0 103,1.0 116,1.0 117,1.0 143,1.0 146,1.0 161,1.0 164,1.0 182,1.0 195,2.0 196,4.0 197,1.0 198,1.0 199,1.0 200,1.0 237,1.0 245,1.0 260,1.0 275,2.0 276,1.0 296,1.0 297,2.0 298,2.0 299,2.0 304,1.0 309,1.0 327,1.0 347,1.0 362,1.0 420,1.0 
8,1.0 10,1.0 13,1.0 18,1.0 19,1.0 20,1.0 
0,2.0 1,3.0 8,1.0 10,3.0 11,1.0 13,2.0 14,3.0 15,1.0 18,2.0 19,1.0 20,5.0 21,1.0 26,2.0 29,1.0 39,1.0 40,1.0 41,2.0 42,3.0 45,1.0 46,4.0 47,5.0 48,1.0 49,2.0 52,1.0 53,2.0 54,3.0 56,1.0 59,1.0 63,1.0 67,1.0 70,1.0 71,1.0 75,2.0 77,1.0 78,1.0 89,1.0 91,1.0 93,1.0 94,1.0 95,1.0 96,1.0 97,2.0 98,1.0 100,1.0 102,5.0 106,1.0 108,1.0 109,1.0 110,1.0 111,1.0 112,1.0 123,1.0 128,1.0 134,1.0 135,1.0 139,3.0 145,1.0 146,1.0 161,1.0 171,1.0 174,1.0 182,1.0 187,4.0 196,2.0 198,1.0 205,1.0 214,1.0 220,1.0 227,1.0 232,2.0 233,1.0 235,2.0 236,1.0 264,1.0 265,4.0 283,1.0 311,2.0 332,1.0 341,1.0 347,1.0 351,2.0 352,2.0 353,1.0 382,1.0 383,1.0 384,1.0 
8,1.0 10,1.0 13,1.0 14,2.0 15,1.0 16,2.0 18,1.0 20,1.0 21,1.0 196,1.0 275,1.0 297,1.0 298,1.0 299,1.0 
0,1.0 1,3.0 8,1.0 10,1.0 13,1.0 14,1.0 15,1.0 16,1.0 18,5.0 19,1.0 20,1.0 21,2.0 24,1.0 26,1.0 40,1.0 41,2.0 45,1.0 46,1.0 47,3.0 51,1.0 53,5.0 54,1.0 55,1.0 70,1.0 71,2.0 77,1.0 79,1.0 82,1.0 84,2.0 87,1.0 94,1.0 95,1.0 96,1.0 97,1.0 98,1.0 100,1.0 101,1.0 102,2.0 106,2.0 117,1.0 118,1.0 120,1.0 133,1.0 136,1.0 137,1.0 138,2.0 141,1.0 145,1.0 146,4.0 154,1.0 159,3.0 161,1.0 164,2.0 174,1.0 187,1.0 196,1.0 202,1.0 205,1.0 219,1.0 226,1.0 227,2.0 228,2.0 230,1.0 232,2.0 234,1.0 263,1.0 265,1.0 279,1.0 282,1.0 304,1.0 311,1.0 331,1.0 332,1.0 339,1.0 382,1.0 383,1.0 384,1.0 
8,1.0 9,2.0 11,1.0 15,1.0 20,2.0 21,7.0 22,2.0 23,4.0 24,5.0 25,2.0 26,9.0 27,4.0 28,2.0 29,2.0 30,3.0 31,3.0 32,1.0 33,1.0 34,1.0 35,1.0 36,1.0 37,1.0 38,1.0 44,6.0 47,1.0 49,1.0 51,1.0 79,2.0 81,5.0 83,1.0 84,2.0 85,2.0 90,1.0 91,1.0 92,8.0 95,3.0 96,1.0 118,3.0 120,1.0 124,1.0 133,1.0 136,2.0 141,1.0 149,1.0 150,1.0 154,1.0 171,2.0 174,6.0 177,2.0 180,1.0 182,1.0 202,1.0 206,1.0 219,2.0 221,1.0 232,1.0 235,1.0 246,1.0 276,1.0 279,1.0 282,1.0 286,1.0 301,9.0 304,1.0 331,1.0 349,1.0 350,1.0 
21,2.0 23,1.0 24,2.0 25,2.0 26,2.0 27,3.0 28,1.0 29,1.0 30,1.0 31,2.0 67,1.0 120,1.0 134,1.0 
9,1.0 21,3.0 22,1.0 23,1.0 24,2.0 25,4.0 26,2.0 27,3.0 28,1.0 29,2.0 30,2.0 31,3.0 39,1.0 47,1.0 49,1.0 77,1.0 81,1.0 83,1.0 84,1.0 85,1.0 86,2.0 91,1.0 92,1.0 114,1.0 115,3.0 117,4.0 118,5.0 165,1.0 166,1.0 169,1.0 170,2.0 171,3.0 172,2.0 173,2.0 174,1.0 175,1.0 177,1.0 184,1.0 198,1.0 233,1.0 240,1.0 243,1.0 263,1.0 339,1.0 360,1.0 362,1.0 389,1.0 402,1.0 403,1.0 404,1.0 405,1.0 406,1.0 407,1.0 408,1.0 409,1.0 
20,1.0 21,5.0 22,1.0 23,1.0 24,1.0 25,1.0 26,4.0 27,3.0 28,2.0 29,2.0 30,2.0 31,3.0 32,1.0 33,1.0 34,1.0 35,1.0 36,1.0 37,1.0 38,1.0 51,1.0 79,2.0 84,1.0 86,1.0 118,2.0 120,1.0 133,3.0 232,1.0 234,1.0 279,1.0 282,1.0 304,1.0 331,1.0 348,1.0 
1,1.0 9,3.0 12,3.0 14,2.0 21,3.0 22,2.0 23,4.0 24,2.0 25,4.0 26,13.0 27,6.0 28,1.0 29,3.0 30,3.0 31,8.0 39,1.0 40,2.0 44,5.0 46,1.0 47,2.0 49,1.0 67,2.0 69,1.0 71,2.0 73,1.0 76,1.0 77,1.0 78,2.0 79,1.0 80,1.0 81,3.0 83,2.0 84,4.0 85,4.0 86,8.0 87,5.0 88,1.0 89,5.0 90,1.0 91,1.0 93,2.0 94,3.0 95,1.0 96,2.0 97,1.0 100,1.0 114,1.0 115,1.0 117,1.0 118,2.0 119,1.0 120,3.0 121,1.0 122,1.0 123,1.0 124,1.0 125,1.0 126,1.0 133,2.0 134,1.0 137,1.0 138,1.0 141,1.0 146,2.0 153,1.0 154,1.0 169,1.0 171,2.0 177,1.0 184,1.0 196,1.0 220,1.0 233,1.0 234,2.0 241,1.0 243,1.0 245,1.0 249,1.0 250,1.0 251,1.0 256,1.0 286,2.0 289,1.0 294,2.0 331,1.0 332,1.0 335,1.0 355,1.0 362,1.0 370,3.0 396,1.0 397,1.0 408,1.0 411,1.0 415,1.0 416,1.0 417,2.0 421,1.0 
1,2.0 12,1.0 14,2.0 18,2.0 20,1.0 21,8.0 22,2.0 23,3.0 24,4.0 25,12.0 26,10.0 27,6.0 28,1.0 29,9.0 30,3.0 31,10.0 39,3.0 40,2.0 41,3.0 42,3.0 43,1.0 44,3.0 46,3.0 47,6.0 49,2.0 51,3.0 52,1.0 56,1.0 57,1.0 60,2.0 62,1.0 67,1.0 69,1.0 71,2.0 73,2.0 77,1.0 78,1.0 79,5.0 80,1.0 81,5.0 83,7.0 84,10.0 85,7.0 86,11.0 87,12.0 88,3.0 89,10.0 90,3.0 91,10.0 92,7.0 93,6.0 94,2.0 95,1.0 96,4.0 97,5.0 98,4.0 99,1.0 101,4.0 102,1.0 106,1.0 114,1.0 115,2.0 116,1.0 118,11.0 119,1.0 120,4.0 133,4.0 134,3.0 139,2.0 141,3.0 146,1.0 149,1.0 150,1.0 153,1.0 154,2.0 159,1.0 161,2.0 168,1.0 171,2.0 174,5.0 177,1.0 179,1.0 180,1.0 182,2.0 183,1.0 184,4.0 187,1.0 189,1.0 190,1.0 191,1.0 192,1.0 193,1.0 194,1.0 202,1.0 205,1.0 206,1.0 209,1.0 212,1.0 213,1.0 214,2.0 219,1.0 224,1.0 226,1.0 232,1.0 234,2.0 236,2.0 246,1.0 248,1.0 256,3.0 264,1.0 267,1.0 270,1.0 273,1.0 279,2.0 282,1.0 286,3.0 289,1.0 295,3.0 301,2.0 304,3.0 314,1.0 316,2.0 317,1.0 323,1.0 326,1.0 329,1.0 330,1.0 331,3.0 333,1.0 337,1.0 347,1.0 349,1.0 350,1.0 351,1.0 355,1.0 357,3.0 358,1.0 370,1.0 388,2.0 389,1.0 390,1.0 391,1.0 396,1.0 397,1.0 406,1.0 407,1.0 408,2.0 416,1.0 
9,1.0 12,1.0 21,3.0 22,2.0 23,2.0 24,3.0 25,6.0 26,6.0 27,1.0 28,2.0 29,3.0 30,3.0 31,6.0 32,1.0 33,1.0 34,1.0 35,1.0 36,1.0 37,1.0 38,1.0 67,1.0 81,1.0 86,2.0 87,2.0 89,2.0 96,1.0 118,2.0 120,1.0 134,1.0 198,1.0 234,2.0 236,1.0 402,1.0 403,1.0 404,1.0 405,1.0 408,1.0 417,1.0 
21,1.0 24,1.0 27,1.0 29,1.0 30,1.0 31,1.0 32,1.0 33,1.0 34,1.0 35,1.0 36,1.0 37,1.0 38,1.0 91,1.0 96,1.0 
9,1.0 13,1.0 14,2.0 18,1.0 21,1.0 23,1.0 24,2.0 25,5.0 26,6.0 27,3.0 28,1.0 29,1.0 30,3.0 31,3.0 32,1.0 33,1.0 34,1.0 35,1.0 36,1.0 37,1.0 38,1.0 40,1.0 41,3.0 42,1.0 43,2.0 44,1.0 46,2.0 55,2.0 57,1.0 63,1.0 65,1.0 66,1.0 67,1.0 69,1.0 71,1.0 73,1.0 75,1.0 79,2.0 80,1.0 81,1.0 84,1.0 85,3.0 87,2.0 88,2.0 89,5.0 93,1.0 96,1.0 97,3.0 98,4.0 103,1.0 104,1.0 105,1.0 106,2.0 107,1.0 108,1.0 109,1.0 110,1.0 111,1.0 114,1.0 119,1.0 120,2.0 121,2.0 122,1.0 133,1.0 134,1.0 137,1.0 143,1.0 145,1.0 153,2.0 154,1.0 169,1.0 171,1.0 175,1.0 183,1.0 184,1.0 198,1.0 214,1.0 236,1.0 252,1.0 256,1.0 264,1.0 270,1.0 272,1.0 279,1.0 286,1.0 289,1.0 304,1.0 329,1.0 330,1.0 332,1.0 370,1.0 397,1.0 398,1.0 402,1.0 403,1.0 404,1.0 405,1.0 421,1.0 
0,1.0 9,1.0 14,1.0 18,2.0 21,4.0 23,1.0 24,1.0 26,6.0 27,2.0 28,1.0 29,3.0 30,2.0 31,1.0 32,1.0 33,1.0 34,1.0 35,1.0 36,1.0 37,1.0 38,1.0 39,3.0 42,4.0 44,4.0 46,5.0 47,5.0 48,1.0 49,7.0 52,2.0 54,1.0 69,1.0 71,2.0 79,2.0 81,2.0 83,3.0 84,5.0 85,1.0 87,6.0 89,4.0 91,4.0 92,4.0 93,3.0 94,2.0 95,2.0 97,4.0 98,6.0 99,1.0 100,1.0 102,1.0 119,2.0 120,1.0 127,1.0 130,1.0 134,2.0 135,1.0 137,1.0 146,2.0 169,1.0 184,2.0 187,1.0 189,1.0 198,1.0 220,1.0 223,1.0 224,1.0 225,1.0 229,1.0 230,1.0 231,1.0 233,1.0 236,1.0 242,1.0 276,2.0 286,1.0 289,1.0 295,1.0 301,1.0 304,1.0 323,1.0 332,1.0 334,1.0 356,1.0 357,1.0 370,1.0 397,1.0 398,1.0 402,1.0 403,1.0 404,1.0 405,1.0 
12,1.0 21,2.0 22,1.0 24,1.0 25,6.0 26,9.0 27,5.0 28,1.0 29,2.0 30,1.0 31,2.0 32,1.0 33,1.0 34,1.0 35,1.0 36,1.0 37,1.0 38,1.0 39,1.0 44,1.0 47,1.0 49,1.0 67,1.0 77,1.0 81,3.0 82,1.0 85,1.0 86,3.0 87,5.0 89,5.0 90,2.0 115,2.0 118,4.0 120,1.0 133,1.0 134,2.0 136,1.0 141,1.0 162,1.0 170,1.0 174,1.0 175,1.0 176,1.0 177,1.0 234,2.0 331,1.0 
33,1.0 34,1.0 35,1.0 36,1.0 37,1.0 38,1.0 39,1.0 40,1.0 41,1.0 42,1.0 
32,1.0 34,1.0 35,1.0 36,1.0 37,1.0 38,1.0 39,1.0 40,1.0 41,1.0 42,1.0 
32,1.0 33,1.0 35,1.0 36,1.0 37,1.0 38,1.0 39,1.0 40,1.0 41,1.0 42,1.0 
32,1.0 33,1.0 34,1.0 36,1.0 37,1.0 38,1.0 39,1.0 40,1.0 41,1.0 42,1.0 
32,1.0 33,1.0 34,1.0 35,1.0 37,1.0 38,1.0 39,1.0 40,1.0 41,1.0 42,1.0 
32,1.0 33,1.0 34,1.0 35,1.0 36,1.0 38,1.0 39,1.0 40,2.0 41,1.0 42,1.0 46,1.0 56,1.0 82,1.0 83,1.0 100,1.0 385,1.0 386,1.0 
32,1.0 33,1.0 34,1.0 35,1.0 36,1.0 37,1.0 39,1.0 40,1.0 41,1.0 42,1.0 
1,1.0 14,2.0 16,1.0 18,4.0 20,2.0 26,2.0 29,3.0 30,5.0 31,1.0 39,2.0 40,4.0 41,6.0 42,3.0 43,2.0 44,1.0 46,4.0 47,1.0 48,1.0 49,7.0 50,1.0 51,1.0 52,5.0 53,3.0 54,2.0 55,2.0 56,3.0 57,2.0 58,1.0 59,1.0 62,1.0 66,1.0 71,2.0 74,1.0 77,3.0 79,2.0 80,1.0 82,2.0 84,1.0 85,1.0 87,2.0 88,1.0 90,1.0 97,1.0 98,3.0 102,3.0 120,1.0 134,2.0 138,1.0 146,2.0 161,1.0 162,1.0 187,2.0 205,1.0 225,1.0 226,1.0 233,4.0 241,1.0 243,1.0 265,1.0 295,1.0 304,1.0 327,1.0 332,2.0 411,1.0 412,1.0 
1,2.0 14,3.0 18,1.0 20,1.0 25,1.0 26,1.0 29,1.0 30,1.0 39,9.0 41,9.0 42,5.0 43,2.0 44,1.0 45,1.0 46,1.0 47,2.0 48,1.0 49,2.0 50,1.0 51,1.0 52,2.0 53,2.0 54,2.0 55,1.0 56,2.0 60,1.0 61,1.0 62,1.0 63,1.0 70,1.0 71,1.0 79,1.0 80,2.0 81,2.0 82,3.0 83,2.0 84,1.0 85,1.0 90,1.0 91,1.0 94,2.0 96,1.0 100,1.0 101,1.0 106,1.0 107,1.0 108,1.0 109,1.0 110,1.0 111,1.0 114,1.0 117,1.0 123,1.0 128,1.0 138,1.0 141,1.0 146,1.0 154,1.0 155,1.0 182,1.0 198,1.0 203,1.0 220,1.0 226,1.0 227,1.0 235,1.0 236,1.0 238,1.0 241,1.0 243,1.0 253,2.0 298,1.0 300,1.0 325,1.0 353,1.0 354,1.0 411,1.0 
1,2.0 14,3.0 16,1.0 18,3.0 20,1.0 25,1.0 26,1.0 29,4.0 39,5.0 40,8.0 41,2.0 42,10.0 43,2.0 44,1.0 45,2.0 46,5.0 47,4.0 48,2.0 49,5.0 50,1.0 51,2.0 52,3.0 62,1.0 63,1.0 66,1.0 67,1.0 77,1.0 79,5.0 80,6.0 81,2.0 82,1.0 83,2.0 84,2.0 85,2.0 87,1.0 88,1.0 90,1.0 93,3.0 94,4.0 96,2.0 97,3.0 100,1.0 101,1.0 103,1.0 104,1.0 105,1.0 106,1.0 107,1.0 108,1.0 109,1.0 110,1.0 111,1.0 117,2.0 120,2.0 123,2.0 137,1.0 138,1.0 139,1.0 141,3.0 142,1.0 143,1.0 149,1.0 150,1.0 189,1.0 196,1.0 214,1.0 227,1.0 246,1.0 249,1.0 270,1.0 304,5.0 327,1.0 344,1.0 381,1.0 418,1.0 
0,1.0 14,5.0 18,3.0 26,1.0 29,2.0 30,2.0 39,4.0 40,8.0 41,12.0 42,3.0 43,3.0 44,3.0 46,4.0 47,7.0 48,2.0 49,2.0 54,2.0 62,2.0 63,1.0 70,2.0 79,5.0 80,6.0 81,2.0 82,1.0 83,2.0 89,1.0 90,1.0 91,3.0 93,4.0 94,2.0 96,2.0 97,5.0 98,3.0 99,2.0 101,1.0 106,1.0 107,1.0 108,1.0 109,1.0 110,1.0 111,1.0 116,1.0 118,1.0 120,2.0 135,1.0 137,1.0 138,1.0 139,1.0 226,1.0 227,1.0 237,1.0 274,1.0 304,3.0 323,1.0 
1,1.0 9,1.0 14,1.0 18,1.0 23,1.0 25,1.0 27,1.0 29,3.0 30,1.0 40,1.0 41,2.0 42,1.0 43,3.0 44,1.0 45,1.0 46,2.0 47,1.0 49,1.0 51,1.0 56,1.0 60,1.0 70,2.0 77,5.0 78,3.0 79,2.0 80,1.0 81,1.0 83,1.0 84,1.0 85,1.0 88,2.0 93,1.0 95,1.0 101,1.0 103,1.0 104,1.0 105,1.0 120,2.0 123,1.0 134,1.0 148,1.0 149,1.0 150,1.0 151,1.0 154,1.0 179,1.0 198,1.0 219,1.0 226,2.0 231,1.0 232,1.0 235,1.0 236,1.0 239,1.0 245,1.0 262,1.0 264,1.0 301,1.0 313,1.0 314,1.0 315,1.0 323,1.0 347,1.0 351,1.0 352,1.0 401,1.0 402,1.0 
1,1.0 9,3.0 12,1.0 14,1.0 16,1.0 18,1.0 21,6.0 25,3.0 26,5.0 29,1.0 30,2.0 39,1.0 41,1.0 43,1.0 44,5.0 45,1.0 46,1.0 47,9.0 48,2.0 52,1.0 65,1.0 66,1.0 71,1.0 77,1.0 78,1.0 81,4.0 82,1.0 86,2.0 87,5.0 88,1.0 89,1.0 91,5.0 92,5.0 93,1.0 94,5.0 95,1.0 96,2.0 97,3.0 98,2.0 99,3.0 100,1.0 101,1.0 102,1.0 113,1.0 114,1.0 118,1.0 129,1.0 136,2.0 138,1.0 140,1.0 141,2.0 146,1.0 147,1.0 154,2.0 171,2.0 174,3.0 177,1.0 205,1.0 207,1.0 208,1.0 220,1.0 233,1.0 273,1.0 301,4.0 415,1.0 
1,1.0 14,2.0 16,2.0 18,1.0 20,1.0 25,1.0 26,1.0 39,2.0 40,2.0 41,3.0 42,1.0 45,1.0 46,1.0 47,1.0 48,2.0 49,2.0 51,1.0 52,1.0 53,3.0 54,1.0 56,1.0 70,1.0 71,3.0 72,1.0 73,2.0 77,1.0 78,1.0 79,2.0 80,1.0 82,3.0 83,1.0 84,2.0 85,1.0 87,1.0 101,1.0 107,1.0 119,1.0 123,1.0 146,1.0 154,1.0 159,1.0 161,1.0 164,2.0 174,1.0 215,1.0 216,1.0 217,1.0 218,1.0 233,1.0 322,1.0 
1,1.0 13,1.0 14,2.0 18,1.0 20,1.0 21,1.0 23,1.0 25,1.0 26,5.0 29,2.0 30,5.0 37,1.0 39,4.0 40,3.0 41,5.0 42,6.0 43,1.0 44,5.0 47,14.0 48,2.0 49,8.0 50,1.0 51,1.0 52,2.0 54,1.0 56,1.0 58,1.0 60,2.0 62,1.0 65,1.0 66,1.0 67,1.0 70,2.0 75,1.0 77,1.0 79,1.0 81,2.0 82,1.0 83,3.0 85,1.0 86,1.0 87,3.0 88,1.0 89,2.0 91,7.0 92,7.0 93,4.0 95,1.0 96,2.0 97,7.0 98,6.0 99,3.0 100,1.0 101,2.0 103,1.0 104,1.0 105,1.0 114,1.0 115,1.0 118,1.0 120,2.0 122,1.0 128,1.0 129,1.0 135,2.0 143,1.0 154,1.0 165,1.0 166,1.0 167,1.0 168,1.0 174,1.0 184,1.0 188,1.0 196,1.0 198,1.0 202,1.0 203,1.0 204,1.0 205,2.0 220,1.0 236,1.0 261,1.0 264,1.0 276,1.0 302,1.0 381,1.0 385,1.0 386,1.0 418,1.0 
0,2.0 1,3.0 14,1.0 16,2.0 18,1.0 20,1.0 21,1.0 23,1.0 25,3.0 26,9.0 29,2.0 30,3.0 31,1.0 39,4.0 40,4.0 41,7.0 42,6.0 44,13.0 46,10.0 47,7.0 48,2.0 49,9.0 50,1.0 51,2.0 52,2.0 53,1.0 54,2.0 60,2.0 61,1.0 62,1.0 65,1.0 66,1.0 70,1.0 71,1.0 75,1.0 77,3.0 79,3.0 80,3.0 81,6.0 84,2.0 86,1.0 87,6.0 89,3.0 91,11.0 92,4.0 93,5.0 94,6.0 95,2.0 96,6.0 97,8.0 98,6.0 99,4.0 100,3.0 101,4.0 106,2.0 113,1.0 114,2.0 115,1.0 117,1.0 118,2.0 120,1.0 123,2.0 129,1.0 135,1.0 136,1.0 137,1.0 138,5.0 141,1.0 145,1.0 146,1.0 149,1.0 154,2.0 159,1.0 165,1.0 166,1.0 167,1.0 168,1.0 174,2.0 180,1.0 184,2.0 189,1.0 205,4.0 220,1.0 227,1.0 236,1.0 264,2.0 286,1.0 295,1.0 304,1.0 375,1.0 
14,1.0 26,1.0 30,2.0 39,3.0 40,2.0 41,2.0 42,1.0 44,3.0 46,1.0 47,1.0 49,2.0 50,1.0 51,1.0 55,1.0 70,1.0 71,1.0 82,3.0 87,6.0 91,2.0 94,1.0 97,1.0 98,1.0 100,1.0 140,1.0 146,1.0 147,1.0 154,1.0 161,1.0 162,1.0 171,1.0 207,1.0 226,2.0 233,2.0 236,1.0 237,1.0 241,1.0 411,1.0 412,1.0 413,1.0 414,1.0 
1,2.0 14,1.0 18,1.0 20,1.0 21,3.0 26,1.0 29,2.0 30,6.0 31,1.0 39,8.0 40,2.0 41,5.0 42,2.0 43,1.0 44,3.0 46,6.0 47,9.0 48,1.0 49,2.0 50,2.0 51,3.0 52,5.0 54,1.0 55,1.0 56,1.0 57,1.0 66,2.0 70,1.0 71,1.0 74,1.0 77,3.0 79,2.0 80,1.0 81,1.0 82,1.0 84,1.0 87,1.0 91,4.0 92,2.0 93,1.0 95,2.0 97,3.0 98,4.0 99,1.0 123,1.0 128,1.0 129,1.0 145,1.0 146,3.0 154,1.0 159,1.0 162,1.0 189,1.0 205,1.0 219,1.0 220,1.0 225,1.0 232,1.0 236,1.0 243,1.0 264,1.0 265,1.0 276,2.0 301,1.0 308,1.0 
39,1.0 40,1.0 41,1.0 49,1.0 51,1.0 52,1.0 87,1.0 90,1.0 98,1.0 196,1.0 
14,1.0 15,1.0 18,1.0 20,1.0 25,1.0 26,1.0 39,2.0 40,1.0 41,2.0 42,1.0 43,1.0 45,2.0 49,2.0 50,1.0 51,1.0 52,3.0 53,2.0 54,2.0 56,1.0 71,1.0 76,1.0 77,1.0 79,3.0 84,1.0 91,1.0 93,2.0 97,1.0 106,1.0 119,2.0 134,1.0 139,1.0 146,1.0 154,1.0 185,1.0 186,1.0 187,1.0 188,1.0 232,1.0 239,1.0 240,1.0 245,1.0 264,1.0 270,1.0 279,1.0 282,1.0 293,1.0 304,1.0 347,1.0 351,1.0 
1,1.0 18,1.0 20,1.0 21,1.0 26,2.0 29,1.0 30,3.0 39,3.0 40,1.0 43,1.0 45,1.0 46,1.0 48,1.0 49,3.0 51,3.0 53,3.0 54,3.0 55,1.0 56,3.0 57,1.0 58,1.0 59,1.0 65,1.0 66,2.0 67,2.0 77,1.0 78,1.0 79,2.0 89,1.0 91,2.0 92,1.0 95,1.0 119,1.0 143,2.0 184,2.0 206,1.0 220,1.0 234,1.0 236,1.0 264,1.0 265,1.0 276,1.0 295,1.0 323,1.0 347,1.0 351,1.0 356,1.0 357,1.0 423,1.0 
14,1.0 16,2.0 18,1.0 20,2.0 26,1.0 39,5.0 40,1.0 45,3.0 47,1.0 49,1.0 51,1.0 52,4.0 53,1.0 54,2.0 55,1.0 56,4.0 57,1.0 58,1.0 59,1.0 60,1.0 71,1.0 77,1.0 78,1.0 79,1.0 89,1.0 102,1.0 119,1.0 138,1.0 146,2.0 154,1.0 159,2.0 161,1.0 164,2.0 196,1.0 202,1.0 234,1.0 264,1.0 322,1.0 
0,4.0 1,6.0 14,2.0 18,4.0 20,1.0 25,1.0 39,4.0 40,4.0 42,2.0 45,1.0 47,1.0 48,1.0 49,2.0 51,1.0 52,2.0 53,4.0 55,1.0 56,2.0 63,1.0 75,3.0 79,2.0 80,1.0 82,1.0 84,1.0 89,1.0 91,1.0 93,1.0 94,1.0 95,1.0 97,2.0 98,1.0 101,1.0 102,1.0 114,1.0 118,1.0 119,1.0 120,1.0 122,1.0 135,6.0 136,1.0 138,2.0 139,1.0 156,1.0 196,3.0 226,1.0 227,3.0 243,1.0 245,1.0 265,1.0 304,1.0 325,1.0 327,1.0 
13,1.0 14,3.0 15,1.0 16,1.0 20,1.0 25,1.0 39,2.0 40,1.0 44,1.0 47,1.0 51,1.0 52,1.0 53,2.0 54,1.0 56,1.0 64,1.0 66,1.0 71,2.0 72,2.0 73,1.0 74,2.0 75,3.0 76,1.0 83,1.0 90,1.0 91,1.0 93,1.0 94,1.0 96,1.0 98,1.0 106,2.0 114,1.0 115,1.0 117,1.0 134,1.0 141,2.0 145,1.0 146,4.0 154,1.0 159,1.0 162,1.0 169,2.0 177,1.0 180,1.0 195,1.0 196,1.0 197,1.0 221,1.0 226,1.0 260,1.0 264,1.0 265,1.0 281,1.0 292,1.0 293,1.0 294,1.0 378,1.0 413,1.0 414,1.0 415,1.0 
1,1.0 18,1.0 20,1.0 26,1.0 39,2.0 40,1.0 43,2.0 46,1.0 47,1.0 49,1.0 51,1.0 52,3.0 53,1.0 54,2.0 56,1.0 57,1.0 58,1.0 59,1.0 70,1.0 72,1.0 77,2.0 78,1.0 79,7.0 82,1.0 83,1.0 89,1.0 91,2.0 94,1.0 97,1.0 100,1.0 101,1.0 102,1.0 119,1.0 123,1.0 148,1.0 149,1.0 150,1.0 151,1.0 156,1.0 157,1.0 227,1.0 245,1.0 264,1.0 265,1.0 304,1.0 321,1.0 347,1.0 351,1.0 
39,1.0 49,1.0 55,1.0 58,1.0 59,1.0 60,1.0 61,1.0 62,1.0 63,1.0 64,1.0 66,2.0 74,2.0 77,1.0 98,1.0 146,2.0 171,1.0 184,1.0 205,1.0 
13,1.0 46,1.0 47,1.0 53,1.0 57,1.0 59,1.0 60,1.0 61,1.0 62,1.0 63,1.0 64,1.0 65,1.0 66,1.0 67,1.0 68,1.0 69,1.0 75,1.0 83,1.0 124,1.0 128,1.0 134,1.0 135,1.0 137,2.0 158,1.0 162,1.0 186,1.0 196,1.0 198,1.0 202,1.0 203,1.0 204,1.0 205,1.0 264,1.0 275,1.0 303,1.0 
46,1.0 57,1.0 58,2.0 60,1.0 61,1.0 62,1.0 63,1.0 64,1.0 67,1.0 112,1.0 113,1.0 114,1.0 115,1.0 116,1.0 128,1.0 198,1.0 201,1.0 202,1.0 203,1.0 
9,1.0 21,1.0 26,1.0 29,1.0 30,1.0 42,1.0 46,2.0 47,2.0 49,1.0 52,1.0 58,1.0 61,1.0 62,1.0 63,1.0 64,1.0 65,1.0 66,1.0 67,1.0 68,1.0 81,1.0 91,1.0 92,1.0 96,1.0 98,1.0 106,1.0 128,2.0 138,1.0 154,1.0 188,1.0 189,1.0 204,1.0 205,1.0 206,1.0 245,1.0 259,1.0 272,1.0 
47,1.0 58,1.0 60,1.0 62,1.0 63,1.0 64,1.0 65,1.0 66,1.0 67,1.0 68,1.0 77,1.0 123,1.0 130,1.0 144,1.0 261,1.0 338,1.0 
14,1.0 39,1.0 40,1.0 41,1.0 42,1.0 58,1.0 60,1.0 61,1.0 63,1.0 64,1.0 65,1.0 66,1.0 67,1.0 68,1.0 90,1.0 
14,1.0 18,1.0 20,1.0 40,1.0 45,1.0 53,1.0 54,1.0 58,1.0 59,1.0 60,1.0 61,1.0 62,1.0 64,1.0 65,1.0 66,1.0 67,2.0 68,1.0 108,2.0 109,1.0 110,1.0 111,1.0 112,1.0 159,1.0 164,1.0 233,1.0 325,1.0 362,1.0 419,1.0 
55,1.0 58,1.0 60,1.0 61,1.0 62,1.0 63,1.0 65,1.0 66,1.0 67,1.0 68,1.0 98,1.0 114,1.0 115,1.0 117,1.0 135,1.0 141,1.0 146,1.0 177,1.0 266,1.0 267,1.0 281,1.0 294,1.0 378,1.0 
13,1.0 18,1.0 45,1.0 47,1.0 58,1.0 66,4.0 67,4.0 68,1.0 69,1.0 71,4.0 84,1.0 91,1.0 117,1.0 123,3.0 143,3.0 145,2.0 146,2.0 149,1.0 174,1.0 208,1.0 
13,1.0 18,1.0 30,1.0 44,1.0 47,1.0 55,1.0 58,1.0 65,4.0 67,6.0 68,1.0 69,1.0 71,2.0 74,2.0 77,1.0 81,1.0 84,1.0 91,1.0 93,1.0 98,2.0 117,1.0 123,4.0 142,1.0 143,3.0 144,1.0 145,3.0 146,5.0 147,1.0 150,1.0 208,1.0 210,1.0 222,1.0 223,1.0 245,1.0 257,1.0 305,1.0 340,1.0 
13,1.0 18,1.0 30,1.0 44,1.0 45,1.0 47,1.0 58,1.0 59,1.0 65,4.0 66,6.0 68,1.0 69,1.0 71,4.0 77,1.0 93,1.0 98,1.0 99,1.0 112,1.0 113,1.0 114,1.0 115,1.0 116,1.0 123,4.0 134,1.0 138,1.0 142,1.0 143,4.0 144,1.0 145,2.0 146,2.0 150,1.0 157,1.0 174,1.0 175,1.0 222,1.0 223,1.0 
58,1.0 65,1.0 66,1.0 67,1.0 69,1.0 103,1.0 167,1.0 360,1.0 361,1.0 362,1.0 
16,1.0 29,1.0 30,1.0 45,1.0 70,1.0 71,1.0 72,1.0 85,1.0 286,1.0 289,1.0 370,1.0 397,1.0 398,1.0 
1,1.0 10,2.0 11,1.0 14,1.0 16,1.0 18,1.0 20,1.0 40,1.0 42,1.0 43,2.0 45,1.0 46,2.0 47,1.0 48,1.0 49,1.0 56,1.0 60,1.0 66,1.0 71,1.0 72,1.0 73,1.0 77,1.0 79,1.0 81,1.0 87,2.0 101,2.0 123,2.0 145,1.0 146,1.0 148,1.0 149,1.0 150,1.0 151,1.0 227,1.0 232,1.0 237,1.0 265,2.0 283,1.0 341,1.0 351,1.0 352,1.0 
13,1.0 14,5.0 16,2.0 18,1.0 20,2.0 25,2.0 26,1.0 27,1.0 29,1.0 30,1.0 39,1.0 40,1.0 44,1.0 45,3.0 46,1.0 47,1.0 49,2.0 51,1.0 53,1.0 55,2.0 58,1.0 60,1.0 65,1.0 67,1.0 70,1.0 71,1.0 72,1.0 73,1.0 87,1.0 90,1.0 91,1.0 93,1.0 94,4.0 95,1.0 96,3.0 100,1.0 101,1.0 114,1.0 115,1.0 118,1.0 123,5.0 138,2.0 143,1.0 145,2.0 146,13.0 159,1.0 161,1.0 162,2.0 164,1.0 174,2.0 177,2.0 182,1.0 184,1.0 185,1.0 186,1.0 187,1.0 188,1.0 215,1.0 219,1.0 220,1.0 221,1.0 224,1.0 225,1.0 226,1.0 241,1.0 253,1.0 264,1.0 411,1.0 413,1.0 414,1.0 415,2.0 420,1.0 
14,2.0 16,1.0 45,1.0 55,2.0 70,1.0 71,1.0 73,1.0 74,1.0 75,2.0 76,1.0 93,1.0 134,1.0 226,1.0 245,1.0 321,1.0 
14,1.0 25,1.0 26,2.0 40,1.0 41,1.0 42,1.0 45,1.0 55,2.0 72,1.0 74,1.0 77,1.0 78,1.0 79,1.0 80,1.0 83,1.0 84,2.0 85,1.0 86,1.0 87,1.0 88,1.0 106,1.0 264,1.0 265,1.0 
14,1.0 55,2.0 66,2.0 72,1.0 75,1.0 76,1.0 91,1.0 98,1.0 146,2.0 257,1.0 
13,2.0 14,4.0 16,1.0 30,1.0 45,1.0 47,2.0 55,2.0 60,1.0 65,1.0 67,1.0 71,1.0 72,1.0 73,1.0 76,1.0 77,1.0 78,1.0 81,1.0 83,2.0 84,3.0 90,1.0 91,2.0 92,1.0 93,2.0 94,3.0 95,1.0 96,1.0 97,1.0 98,2.0 100,1.0 106,3.0 114,2.0 119,1.0 120,2.0 134,1.0 135,1.0 136,1.0 137,1.0 138,1.0 140,1.0 141,1.0 143,1.0 145,1.0 146,1.0 154,1.0 161,1.0 166,1.0 169,2.0 171,1.0 173,1.0 188,1.0 196,1.0 204,2.0 205,2.0 211,1.0 226,1.0 228,1.0 318,1.0 319,1.0 347,1.0 
25,2.0 45,1.0 73,1.0 75,1.0 77,1.0 78,1.0 294,1.0 
9,1.0 20,1.0 21,1.0 23,1.0 24,1.0 25,1.0 26,2.0 27,1.0 29,1.0 30,1.0 31,1.0 39,3.0 40,1.0 41,2.0 42,1.0 43,6.0 44,1.0 45,1.0 46,1.0 47,1.0 49,3.0 51,3.0 52,3.0 55,1.0 56,2.0 57,1.0 66,1.0 70,1.0 73,1.0 74,1.0 77,2.0 78,5.0 79,3.0 80,2.0 82,1.0 84,1.0 85,1.0 88,1.0 89,1.0 95,1.0 98,2.0 99,1.0 113,1.0 117,1.0 118,1.0 119,1.0 120,2.0 123,1.0 128,1.0 133,1.0 134,1.0 135,2.0 146,1.0 148,1.0 149,1.0 150,1.0 151,1.0 162,1.0 177,2.0 198,1.0 203,1.0 205,1.0 226,2.0 227,2.0 231,1.0 235,1.0 237,1.0 239,2.0 255,1.0 262,1.0 264,1.0 268,1.0 269,1.0 270,1.0 295,1.0 322,1.0 331,1.0 347,1.0 351,1.0 352,1.0 401,1.0 402,1.0 
9,3.0 12,1.0 21,1.0 23,1.0 25,2.0 26,1.0 27,1.0 29,1.0 30,1.0 40,1.0 41,1.0 42,1.0 43,3.0 44,2.0 45,1.0 51,1.0 52,1.0 56,1.0 73,1.0 77,4.0 79,3.0 80,1.0 88,1.0 89,1.0 94,1.0 95,1.0 120,1.0 141,1.0 156,1.0 171,1.0 198,1.0 226,1.0 229,1.0 235,1.0 264,1.0 347,1.0 351,1.0 352,1.0 401,1.0 402,1.0 
0,2.0 1,3.0 18,1.0 20,4.0 21,1.0 23,1.0 25,2.0 26,2.0 29,2.0 39,2.0 40,2.0 41,6.0 42,7.0 43,2.0 46,2.0 47,6.0 49,2.0 51,2.0 52,1.0 54,3.0 55,1.0 56,6.0 70,1.0 77,1.0 78,1.0 79,2.0 80,4.0 81,1.0 83,1.0 84,1.0 89,1.0 91,1.0 92,2.0 93,3.0 94,2.0 96,2.0 97,5.0 98,5.0 99,1.0 102,1.0 104,1.0 106,1.0 118,1.0 120,7.0 123,1.0 134,1.0 135,1.0 137,4.0 138,4.0 148,1.0 149,2.0 150,2.0 151,1.0 153,1.0 154,3.0 156,2.0 157,1.0 182,1.0 184,1.0 185,1.0 189,1.0 202,1.0 206,1.0 227,1.0 228,1.0 229,1.0 230,1.0 232,1.0 245,1.0 246,1.0 262,1.0 263,1.0 264,1.0 265,1.0 279,1.0 282,1.0 304,6.0 332,1.0 347,2.0 349,1.0 350,1.0 351,1.0 
0,1.0 25,1.0 29,1.0 39,1.0 40,3.0 41,6.0 42,6.0 43,2.0 47,1.0 48,1.0 54,1.0 77,2.0 78,1.0 79,3.0 80,1.0 81,1.0 82,2.0 84,1.0 89,1.0 92,1.0 93,1.0 94,2.0 96,2.0 97,2.0 98,1.0 100,2.0 103,1.0 110,1.0 119,1.0 120,2.0 137,2.0 138,1.0 196,1.0 226,2.0 227,1.0 233,1.0 239,1.0 256,1.0 262,1.0 304,4.0 327,1.0 332,2.0 421,1.0 
9,1.0 11,1.0 12,1.0 16,1.0 21,4.0 22,1.0 23,1.0 25,5.0 26,2.0 27,1.0 29,1.0 31,2.0 40,1.0 41,1.0 42,1.0 44,5.0 45,1.0 46,2.0 47,3.0 60,1.0 61,1.0 66,1.0 75,1.0 78,1.0 79,3.0 81,3.0 82,1.0 84,7.0 86,11.0 89,2.0 90,1.0 91,2.0 92,5.0 93,1.0 94,4.0 95,3.0 96,4.0 97,1.0 99,1.0 106,1.0 113,1.0 114,3.0 115,2.0 116,1.0 117,1.0 118,9.0 119,5.0 120,1.0 130,2.0 133,1.0 134,1.0 136,3.0 138,1.0 141,4.0 144,2.0 153,2.0 162,1.0 165,1.0 166,1.0 169,1.0 171,2.0 173,1.0 174,2.0 185,1.0 205,2.0 209,1.0 210,1.0 220,1.0 225,1.0 226,1.0 230,1.0 234,4.0 236,1.0 237,1.0 240,1.0 243,2.0 256,1.0 257,1.0 263,1.0 295,1.0 301,2.0 305,1.0 311,1.0 316,1.0 317,1.0 318,1.0 331,2.0 337,1.0 338,1.0 339,1.0 340,1.0 342,1.0 345,1.0 360,1.0 367,1.0 368,1.0 369,1.0 370,2.0 387,1.0 389,1.0 406,1.0 407,1.0 408,4.0 409,1.0 416,1.0 417,1.0 
25,1.0 26,1.0 30,1.0 39,3.0 40,3.0 41,2.0 42,1.0 45,2.0 48,4.0 56,1.0 82,1.0 83,3.0 84,1.0 85,1.0 87,3.0 91,1.0 93,1.0 96,1.0 97,2.0 98,1.0 100,1.0 101,1.0 110,1.0 115,1.0 159,1.0 161,1.0 162,3.0 226,2.0 229,1.0 233,4.0 241,2.0 394,1.0 395,1.0 411,1.0 412,1.0 
13,1.0 18,1.0 25,2.0 26,8.0 30,4.0 37,1.0 40,1.0 42,2.0 43,1.0 46,3.0 47,3.0 49,1.0 56,2.0 60,1.0 73,2.0 75,1.0 79,2.0 82,1.0 83,1.0 84,7.0 85,2.0 86,2.0 87,2.0 88,1.0 89,2.0 90,1.0 91,5.0 92,4.0 93,4.0 94,1.0 96,2.0 97,2.0 98,2.0 99,1.0 100,2.0 101,1.0 106,2.0 118,1.0 119,3.0 120,2.0 134,1.0 135,1.0 137,2.0 140,1.0 141,2.0 154,1.0 169,1.0 171,1.0 187,1.0 188,2.0 196,1.0 204,2.0 205,2.0 209,1.0 214,1.0 229,1.0 233,1.0 236,1.0 323,1.0 347,1.0 385,1.0 386,1.0 
0,1.0 1,1.0 18,2.0 20,2.0 21,1.0 24,1.0 25,5.0 26,9.0 29,2.0 30,5.0 31,1.0 42,1.0 46,3.0 47,1.0 51,1.0 54,3.0 56,2.0 63,1.0 73,2.0 79,3.0 80,1.0 81,8.0 83,5.0 84,4.0 85,4.0 86,4.0 87,6.0 88,2.0 89,2.0 91,4.0 92,2.0 93,3.0 94,5.0 96,2.0 97,4.0 98,5.0 99,1.0 100,1.0 108,1.0 114,1.0 115,1.0 116,1.0 117,1.0 118,5.0 119,6.0 120,3.0 122,1.0 127,1.0 130,2.0 133,1.0 134,2.0 135,2.0 137,2.0 139,1.0 141,2.0 144,1.0 145,1.0 154,1.0 156,1.0 169,1.0 174,3.0 175,1.0 188,1.0 189,1.0 196,1.0 206,1.0 210,1.0 225,1.0 227,2.0 229,1.0 230,2.0 231,1.0 232,1.0 233,1.0 237,3.0 242,1.0 245,2.0 256,2.0 279,1.0 282,1.0 304,1.0 305,1.0 319,1.0 320,1.0 327,1.0 331,2.0 332,1.0 345,1.0 362,1.0 369,1.0 370,1.0 371,1.0 419,1.0 421,1.0 
21,1.0 23,1.0 25,3.0 26,7.0 27,1.0 29,4.0 30,1.0 31,3.0 41,1.0 43,1.0 46,1.0 69,1.0 73,1.0 77,1.0 83,3.0 84,4.0 85,1.0 86,1.0 87,4.0 88,2.0 89,3.0 92,1.0 99,1.0 103,1.0 104,1.0 105,1.0 117,1.0 118,1.0 119,1.0 134,1.0 147,1.0 177,1.0 227,1.0 231,1.0 270,1.0 286,1.0 289,1.0 307,1.0 322,1.0 370,1.0 397,1.0 398,1.0 
9,1.0 12,1.0 22,1.0 23,3.0 25,10.0 26,10.0 27,2.0 29,1.0 30,1.0 31,2.0 42,1.0 44,2.0 60,1.0 61,1.0 69,1.0 73,1.0 78,1.0 79,1.0 81,12.0 82,1.0 83,1.0 84,4.0 85,2.0 86,5.0 87,2.0 88,1.0 89,1.0 91,2.0 92,1.0 94,2.0 96,6.0 98,1.0 99,1.0 106,2.0 114,4.0 117,2.0 118,17.0 119,2.0 120,1.0 130,1.0 133,4.0 134,2.0 136,1.0 140,1.0 141,3.0 144,1.0 165,1.0 166,1.0 174,1.0 179,1.0 206,1.0 209,1.0 233,2.0 234,5.0 237,1.0 240,1.0 243,1.0 245,1.0 263,1.0 273,1.0 286,2.0 289,1.0 331,3.0 338,1.0 339,1.0 355,1.0 360,1.0 362,1.0 370,3.0 388,1.0 389,1.0 396,1.0 397,1.0 406,2.0 407,2.0 408,7.0 409,1.0 416,3.0 417,3.0 
25,5.0 26,15.0 27,2.0 29,2.0 30,3.0 31,6.0 39,3.0 44,3.0 46,1.0 47,2.0 48,4.0 49,1.0 55,1.0 60,1.0 66,1.0 70,1.0 71,3.0 81,1.0 82,2.0 83,1.0 84,6.0 85,3.0 86,1.0 87,7.0 88,1.0 89,12.0 90,1.0 91,1.0 94,3.0 96,3.0 97,1.0 99,1.0 100,3.0 101,3.0 102,2.0 113,1.0 114,1.0 115,2.0 116,1.0 118,1.0 119,2.0 123,1.0 135,1.0 140,1.0 141,1.0 145,1.0 146,2.0 158,1.0 159,1.0 160,1.0 161,2.0 162,1.0 169,1.0 171,1.0 174,1.0 188,1.0 209,1.0 226,1.0 233,2.0 241,1.0 253,1.0 304,1.0 411,1.0 412,1.0 413,1.0 414,1.0 
9,1.0 23,1.0 25,1.0 26,3.0 27,1.0 29,4.0 30,1.0 31,1.0 41,1.0 43,2.0 46,1.0 77,1.0 78,1.0 79,1.0 84,1.0 85,3.0 87,2.0 89,2.0 97,1.0 98,1.0 103,1.0 104,1.0 105,1.0 120,1.0 198,1.0 235,1.0 304,1.0 352,1.0 401,1.0 402,1.0 
0,2.0 1,1.0 15,1.0 20,2.0 25,6.0 26,13.0 27,2.0 29,3.0 30,3.0 31,5.0 39,1.0 40,1.0 42,1.0 43,1.0 46,1.0 47,1.0 48,1.0 51,1.0 52,1.0 54,1.0 55,2.0 56,1.0 64,1.0 75,1.0 77,1.0 78,1.0 79,3.0 80,1.0 81,2.0 82,1.0 83,2.0 84,3.0 85,1.0 86,1.0 87,12.0 88,1.0 89,3.0 90,1.0 92,2.0 93,2.0 97,1.0 98,2.0 114,1.0 118,2.0 120,1.0 121,1.0 122,1.0 123,1.0 124,1.0 125,1.0 126,1.0 134,1.0 137,1.0 138,1.0 141,1.0 145,1.0 146,1.0 153,2.0 169,1.0 174,1.0 188,1.0 196,1.0 209,1.0 210,1.0 211,1.0 226,1.0 227,1.0 228,1.0 244,1.0 260,1.0 264,1.0 281,1.0 285,1.0 304,1.0 324,1.0 325,1.0 347,1.0 351,1.0 375,1.0 377,1.0 
13,1.0 14,1.0 16,1.0 21,1.0 26,3.0 31,1.0 39,1.0 41,1.0 44,2.0 46,3.0 47,3.0 49,1.0 50,1.0 77,1.0 81,2.0 83,1.0 87,1.0 89,1.0 91,1.0 92,2.0 93,1.0 94,1.0 96,3.0 97,1.0 98,1.0 103,1.0 106,1.0 117,1.0 118,1.0 128,1.0 133,1.0 136,1.0 137,1.0 141,1.0 169,1.0 184,1.0 196,1.0 236,1.0 245,1.0 256,1.0 260,1.0 295,1.0 357,1.0 358,1.0 362,1.0 376,1.0 377,1.0 
1,2.0 12,1.0 14,2.0 16,1.0 18,3.0 20,1.0 21,2.0 23,1.0 25,2.0 26,7.0 30,3.0 40,1.0 41,2.0 42,1.0 44,6.0 45,1.0 46,1.0 47,8.0 48,2.0 49,2.0 51,2.0 52,1.0 53,1.0 54,1.0 55,1.0 56,2.0 60,1.0 65,2.0 66,1.0 71,2.0 79,2.0 81,3.0 83,3.0 84,4.0 86,1.0 87,2.0 90,1.0 91,6.0 92,10.0 93,8.0 94,7.0 95,4.0 96,6.0 97,7.0 98,1.0 99,4.0 100,2.0 101,4.0 106,1.0 114,1.0 115,2.0 116,1.0 117,1.0 118,2.0 119,6.0 120,1.0 139,2.0 140,1.0 147,2.0 149,1.0 154,2.0 159,1.0 169,1.0 171,4.0 174,1.0 180,1.0 184,1.0 187,1.0 188,2.0 189,1.0 195,1.0 205,2.0 207,2.0 208,1.0 220,1.0 233,1.0 234,1.0 237,1.0 248,1.0 249,1.0 256,2.0 270,2.0 276,1.0 301,1.0 310,1.0 311,1.0 322,1.0 326,1.0 347,1.0 362,1.0 366,2.0 367,1.0 368,1.0 387,1.0 388,1.0 
0,2.0 1,2.0 12,1.0 14,2.0 21,8.0 23,1.0 25,1.0 26,7.0 30,6.0 42,3.0 44,5.0 46,6.0 47,4.0 48,1.0 49,4.0 52,2.0 54,2.0 71,1.0 75,1.0 79,3.0 81,3.0 83,4.0 84,2.0 85,1.0 86,1.0 87,1.0 89,1.0 91,12.0 92,6.0 93,10.0 94,2.0 95,3.0 96,7.0 97,1.0 98,4.0 99,6.0 100,1.0 101,3.0 106,2.0 114,1.0 115,4.0 116,2.0 117,2.0 118,3.0 120,3.0 128,1.0 133,1.0 134,4.0 135,2.0 137,5.0 138,3.0 141,1.0 146,2.0 149,1.0 161,1.0 171,1.0 174,5.0 177,1.0 205,1.0 209,1.0 220,3.0 236,1.0 256,1.0 276,1.0 301,6.0 304,1.0 326,1.0 332,1.0 366,2.0 
0,2.0 1,2.0 14,1.0 18,2.0 26,4.0 29,2.0 30,4.0 39,1.0 41,1.0 42,3.0 44,4.0 46,5.0 47,6.0 48,1.0 49,2.0 51,1.0 54,5.0 57,1.0 65,1.0 66,2.0 67,2.0 71,2.0 75,1.0 77,2.0 78,1.0 79,1.0 80,1.0 81,1.0 83,4.0 84,3.0 86,1.0 87,1.0 89,2.0 90,1.0 91,10.0 92,11.0 93,2.0 94,6.0 95,3.0 96,4.0 97,9.0 98,5.0 99,2.0 106,3.0 115,1.0 117,1.0 118,5.0 120,6.0 122,1.0 123,1.0 133,1.0 134,4.0 135,5.0 136,1.0 137,3.0 138,2.0 139,1.0 140,2.0 142,1.0 143,1.0 154,1.0 156,1.0 165,1.0 166,1.0 167,1.0 168,1.0 171,2.0 184,1.0 186,1.0 187,1.0 205,3.0 206,1.0 209,2.0 227,3.0 229,1.0 245,1.0 248,1.0 256,1.0 270,1.0 304,1.0 314,1.0 327,1.0 333,1.0 375,1.0 
1,1.0 9,2.0 12,1.0 20,1.0 21,1.0 25,2.0 26,2.0 30,2.0 40,1.0 41,3.0 42,1.0 44,6.0 45,1.0 47,3.0 48,1.0 56,2.0 60,1.0 63,1.0 66,1.0 67,1.0 71,4.0 75,1.0 78,1.0 79,3.0 80,1.0 81,2.0 82,1.0 84,5.0 86,1.0 87,3.0 90,2.0 91,7.0 92,1.0 93,5.0 94,3.0 95,4.0 96,9.0 97,1.0 98,2.0 99,1.0 100,1.0 101,1.0 108,1.0 114,3.0 117,3.0 118,1.0 120,1.0 123,1.0 127,1.0 130,1.0 133,1.0 136,1.0 138,2.0 140,4.0 141,2.0 142,1.0 146,1.0 171,1.0 174,2.0 177,1.0 182,2.0 184,3.0 189,1.0 205,1.0 230,1.0 233,2.0 242,1.0 253,3.0 256,1.0 304,1.0 331,1.0 362,1.0 369,1.0 370,1.0 371,1.0 387,1.0 410,1.0 415,1.0 419,1.0 422,1.0 
21,4.0 23,1.0 25,1.0 26,1.0 30,1.0 42,1.0 47,1.0 49,1.0 71,1.0 75,1.0 80,1.0 81,3.0 84,1.0 85,1.0 90,1.0 91,5.0 92,3.0 93,2.0 94,4.0 95,2.0 96,2.0 97,1.0 98,1.0 100,1.0 106,1.0 116,1.0 118,1.0 120,1.0 138,3.0 174,3.0 177,1.0 205,3.0 220,2.0 276,1.0 301,2.0 387,1.0 
9,1.0 12,1.0 13,1.0 14,1.0 16,1.0 21,2.0 25,4.0 26,2.0 27,2.0 28,2.0 29,2.0 30,1.0 31,1.0 41,1.0 42,1.0 44,2.0 46,4.0 47,5.0 49,1.0 52,1.0 60,1.0 71,3.0 81,7.0 82,1.0 83,2.0 84,1.0 86,7.0 87,3.0 89,1.0 90,5.0 91,8.0 92,8.0 93,4.0 94,9.0 95,3.0 96,7.0 97,3.0 98,5.0 99,1.0 100,3.0 101,3.0 103,1.0 106,3.0 110,1.0 114,5.0 115,9.0 116,2.0 117,11.0 118,5.0 119,2.0 120,2.0 133,3.0 136,1.0 137,2.0 138,1.0 140,2.0 141,4.0 169,1.0 171,1.0 174,3.0 181,2.0 182,3.0 184,9.0 205,3.0 209,1.0 214,1.0 220,1.0 225,1.0 230,1.0 234,3.0 235,1.0 236,1.0 243,1.0 253,3.0 256,9.0 270,1.0 276,1.0 331,1.0 344,1.0 346,1.0 362,1.0 364,1.0 365,3.0 366,4.0 369,1.0 370,2.0 371,1.0 408,4.0 410,1.0 416,2.0 417,3.0 422,1.0 
1,1.0 14,2.0 16,1.0 18,3.0 23,1.0 25,2.0 26,4.0 29,2.0 30,2.0 39,1.0 41,2.0 42,3.0 44,5.0 46,6.0 47,10.0 48,1.0 51,2.0 54,2.0 65,1.0 66,1.0 67,1.0 79,6.0 80,1.0 81,1.0 83,2.0 84,2.0 87,2.0 89,2.0 91,9.0 92,4.0 93,9.0 94,1.0 96,4.0 97,1.0 98,11.0 99,2.0 101,2.0 115,1.0 118,2.0 119,1.0 120,9.0 134,1.0 135,1.0 137,6.0 138,2.0 139,2.0 143,1.0 154,1.0 162,2.0 165,1.0 166,1.0 167,1.0 168,1.0 169,1.0 171,1.0 184,2.0 188,1.0 205,1.0 209,1.0 227,1.0 236,1.0 241,1.0 256,1.0 260,1.0 270,2.0 304,3.0 332,1.0 421,1.0 
1,1.0 14,1.0 18,1.0 23,1.0 25,3.0 26,3.0 29,3.0 30,4.0 39,2.0 40,1.0 41,2.0 42,6.0 44,5.0 46,6.0 47,12.0 49,2.0 50,2.0 52,1.0 54,1.0 55,1.0 57,1.0 62,1.0 64,1.0 66,1.0 71,1.0 74,1.0 77,1.0 79,7.0 80,1.0 81,1.0 82,1.0 83,2.0 84,4.0 87,1.0 89,2.0 90,1.0 91,6.0 92,6.0 93,3.0 94,1.0 96,1.0 97,11.0 99,2.0 106,1.0 114,2.0 115,1.0 119,1.0 120,8.0 121,2.0 122,1.0 123,1.0 127,1.0 130,1.0 134,2.0 135,1.0 137,6.0 138,2.0 139,1.0 146,2.0 162,1.0 171,1.0 174,2.0 177,1.0 184,2.0 189,1.0 196,1.0 209,1.0 227,1.0 242,1.0 246,2.0 247,1.0 248,1.0 256,1.0 260,1.0 266,1.0 267,1.0 304,3.0 332,2.0 421,1.0 
16,1.0 23,1.0 26,1.0 44,2.0 47,3.0 52,1.0 79,1.0 81,3.0 84,1.0 86,2.0 87,1.0 91,3.0 92,4.0 93,1.0 94,1.0 96,3.0 97,1.0 99,1.0 100,2.0 101,1.0 113,1.0 114,1.0 115,2.0 116,1.0 117,3.0 118,2.0 119,1.0 133,1.0 134,1.0 137,1.0 138,1.0 140,2.0 144,1.0 157,1.0 171,1.0 179,1.0 184,1.0 205,3.0 253,1.0 270,1.0 359,1.0 364,2.0 366,1.0 388,1.0 406,1.0 407,1.0 408,1.0 
0,1.0 9,1.0 12,1.0 14,1.0 18,1.0 20,1.0 37,1.0 40,1.0 41,1.0 46,1.0 47,1.0 48,1.0 56,1.0 60,1.0 65,1.0 67,1.0 71,3.0 75,2.0 77,1.0 80,1.0 82,2.0 83,2.0 87,4.0 91,1.0 93,1.0 94,2.0 96,4.0 100,1.0 101,3.0 110,1.0 136,1.0 143,1.0 144,1.0 171,1.0 172,1.0 177,1.0 187,1.0 228,1.0 237,1.0 255,1.0 263,1.0 295,1.0 314,1.0 332,1.0 339,1.0 347,1.0 385,1.0 386,1.0 
1,2.0 16,1.0 20,1.0 26,4.0 39,1.0 40,1.0 43,1.0 45,2.0 46,3.0 47,2.0 48,1.0 54,1.0 60,2.0 66,1.0 70,2.0 71,2.0 81,1.0 82,3.0 87,5.0 91,4.0 92,2.0 94,2.0 96,4.0 97,1.0 98,2.0 100,3.0 101,3.0 115,1.0 146,1.0 154,1.0 196,1.0 205,1.0 233,2.0 236,1.0 245,1.0 256,2.0 260,2.0 309,1.0 326,1.0 388,1.0 
0,1.0 18,3.0 20,1.0 26,2.0 29,1.0 39,2.0 41,1.0 42,1.0 43,1.0 46,2.0 47,2.0 52,1.0 53,1.0 56,2.0 77,1.0 78,1.0 79,1.0 85,1.0 88,1.0 89,1.0 95,1.0 96,1.0 98,1.0 106,1.0 134,1.0 135,1.0 139,1.0 146,1.0 156,1.0 157,1.0 158,1.0 159,1.0 160,1.0 161,2.0 162,1.0 163,1.0 164,1.0 174,1.0 187,2.0 196,1.0 205,1.0 233,1.0 311,1.0 
13,1.0 14,1.0 16,1.0 29,1.0 40,1.0 41,1.0 42,1.0 80,1.0 96,2.0 97,1.0 104,1.0 105,1.0 106,1.0 107,1.0 114,1.0 115,1.0 116,1.0 117,2.0 167,1.0 182,1.0 276,1.0 360,1.0 361,1.0 362,2.0 363,1.0 364,1.0 
29,1.0 40,1.0 41,1.0 42,1.0 79,1.0 103,1.0 105,1.0 106,1.0 107,1.0 206,1.0 262,1.0 263,1.0 
29,1.0 40,1.0 41,1.0 42,1.0 103,1.0 104,1.0 106,1.0 107,1.0 
0,2.0 1,2.0 18,1.0 26,2.0 29,2.0 40,1.0 41,1.0 42,1.0 46,1.0 47,2.0 52,1.0 54,2.0 57,1.0 60,1.0 63,1.0 64,1.0 81,3.0 83,1.0 84,1.0 86,2.0 90,1.0 91,1.0 92,2.0 93,2.0 94,2.0 95,2.0 96,3.0 98,2.0 106,1.0 107,1.0 108,1.0 109,1.0 110,1.0 111,1.0 114,4.0 117,4.0 118,2.0 119,2.0 120,1.0 133,1.0 134,1.0 135,2.0 137,1.0 141,1.0 154,1.0 169,1.0 171,2.0 174,1.0 184,1.0 188,1.0 204,1.0 205,3.0 206,1.0 209,1.0 230,1.0 234,1.0 236,1.0 265,1.0 331,1.0 367,1.0 368,1.0 369,1.0 370,1.0 
18,1.0 29,1.0 40,1.0 41,1.0 42,1.0 45,1.0 63,1.0 106,1.0 108,1.0 109,1.0 110,1.0 111,1.0 216,1.0 217,1.0 218,1.0 
18,1.0 20,1.0 45,1.0 53,1.0 59,1.0 63,2.0 67,1.0 109,1.0 110,1.0 111,1.0 112,1.0 159,1.0 164,1.0 233,1.0 362,1.0 419,1.0 
18,1.0 59,1.0 63,1.0 67,1.0 108,1.0 110,1.0 111,1.0 112,1.0 
18,1.0 42,1.0 59,1.0 63,1.0 67,1.0 82,1.0 96,1.0 108,1.0 109,1.0 111,1.0 112,1.0 
18,1.0 59,1.0 63,1.0 67,1.0 92,1.0 93,1.0 106,1.0 108,1.0 109,1.0 110,1.0 112,1.0 130,1.0 131,1.0 132,1.0 133,1.0 134,1.0 
59,1.0 67,1.0 113,1.0 114,1.0 115,1.0 116,1.0 
41,1.0 48,1.0 86,1.0 99,2.0 100,1.0 106,1.0 114,3.0 115,1.0 116,1.0 117,1.0 118,1.0 135,1.0 140,1.0 202,1.0 205,2.0 253,1.0 
1,1.0 20,1.0 23,1.0 25,1.0 29,1.0 40,1.0 41,2.0 47,2.0 48,1.0 63,1.0 75,1.0 81,1.0 84,1.0 86,3.0 87,1.0 89,1.0 91,1.0 92,1.0 93,1.0 94,3.0 96,7.0 98,1.0 100,1.0 102,1.0 106,5.0 108,1.0 113,2.0 114,6.0 115,11.0 116,2.0 117,15.0 118,3.0 119,2.0 120,2.0 121,2.0 122,1.0 123,1.0 124,1.0 125,1.0 126,1.0 135,1.0 136,1.0 137,1.0 138,1.0 140,1.0 141,1.0 158,1.0 159,1.0 160,1.0 161,1.0 165,1.0 166,1.0 174,1.0 182,1.0 184,6.0 205,1.0 233,1.0 240,1.0 253,1.0 256,7.0 263,1.0 294,1.0 339,1.0 346,1.0 360,1.0 362,1.0 363,1.0 364,3.0 365,1.0 366,2.0 373,1.0 375,1.0 378,1.0 379,1.0 380,1.0 381,1.0 389,1.0 406,1.0 407,1.0 408,1.0 409,1.0 419,1.0 422,1.0 
12,1.0 23,4.0 25,3.0 26,1.0 27,1.0 31,2.0 41,1.0 46,2.0 81,2.0 82,2.0 85,1.0 86,1.0 91,2.0 92,4.0 93,2.0 96,11.0 98,1.0 106,1.0 113,1.0 114,10.0 115,6.0 116,4.0 117,17.0 118,5.0 141,5.0 159,1.0 161,1.0 162,1.0 164,1.0 169,1.0 170,2.0 171,3.0 172,1.0 173,1.0 174,1.0 175,1.0 176,2.0 177,3.0 178,1.0 179,1.0 180,1.0 181,1.0 184,8.0 205,1.0 234,1.0 237,1.0 243,4.0 244,1.0 256,9.0 294,1.0 307,1.0 346,1.0 363,1.0 364,3.0 365,3.0 366,5.0 373,1.0 375,2.0 378,1.0 379,1.0 380,1.0 381,1.0 399,1.0 415,1.0 
12,1.0 30,1.0 40,1.0 42,1.0 43,1.0 46,2.0 49,1.0 52,1.0 70,1.0 81,2.0 86,1.0 91,1.0 92,3.0 93,1.0 96,3.0 101,1.0 106,1.0 113,1.0 114,4.0 115,5.0 117,3.0 118,1.0 184,1.0 220,1.0 256,1.0 363,1.0 364,1.0 
13,1.0 14,1.0 16,1.0 21,1.0 23,5.0 25,2.0 29,1.0 31,2.0 41,1.0 66,1.0 67,1.0 81,2.0 84,1.0 86,1.0 90,2.0 91,1.0 92,1.0 93,1.0 94,3.0 96,13.0 98,1.0 99,3.0 103,1.0 106,3.0 114,13.0 115,16.0 116,2.0 117,9.0 118,4.0 119,4.0 120,1.0 121,1.0 123,1.0 133,1.0 134,1.0 136,1.0 140,1.0 141,3.0 142,1.0 169,1.0 170,2.0 171,5.0 172,2.0 173,2.0 174,3.0 175,1.0 181,2.0 182,2.0 184,11.0 209,1.0 236,1.0 237,2.0 243,3.0 253,1.0 256,11.0 257,1.0 270,1.0 276,1.0 294,1.0 342,1.0 346,1.0 359,1.0 362,1.0 363,1.0 364,5.0 365,4.0 366,2.0 373,1.0 375,2.0 378,1.0 379,1.0 380,1.0 381,1.0 410,1.0 
12,1.0 20,1.0 21,2.0 22,1.0 23,4.0 24,1.0 25,5.0 26,11.0 27,3.0 29,2.0 31,5.0 41,1.0 42,1.0 44,2.0 47,3.0 51,1.0 55,1.0 61,1.0 64,1.0 79,3.0 80,1.0 81,11.0 82,1.0 83,1.0 84,6.0 85,1.0 86,20.0 87,1.0 89,2.0 91,1.0 92,3.0 93,3.0 94,1.0 96,8.0 97,1.0 98,2.0 99,1.0 106,3.0 114,4.0 115,4.0 117,3.0 118,6.0 119,1.0 120,1.0 122,2.0 130,1.0 133,3.0 134,3.0 136,1.0 140,1.0 141,3.0 144,1.0 146,1.0 165,1.0 166,1.0 170,2.0 171,2.0 172,1.0 173,1.0 174,3.0 175,3.0 176,1.0 177,3.0 179,1.0 184,3.0 196,1.0 206,2.0 209,1.0 214,1.0 232,1.0 233,1.0 234,6.0 240,1.0 243,2.0 244,1.0 245,1.0 256,1.0 263,1.0 279,1.0 281,1.0 282,1.0 304,1.0 331,3.0 338,1.0 339,1.0 360,1.0 377,1.0 388,1.0 389,1.0 406,2.0 407,2.0 408,7.0 409,1.0 415,1.0 416,2.0 417,2.0 
14,1.0 25,1.0 26,1.0 28,1.0 29,1.0 39,1.0 40,2.0 45,1.0 46,1.0 49,1.0 51,1.0 52,1.0 53,1.0 54,1.0 56,1.0 61,1.0 71,1.0 79,2.0 81,3.0 83,3.0 84,3.0 86,2.0 91,5.0 94,1.0 96,3.0 98,1.0 99,2.0 114,1.0 117,3.0 118,1.0 119,3.0 120,1.0 121,1.0 127,1.0 130,1.0 134,1.0 137,1.0 141,1.0 144,1.0 146,1.0 169,1.0 171,2.0 173,1.0 174,6.0 185,1.0 188,2.0 209,1.0 225,1.0 237,5.0 238,1.0 241,1.0 256,1.0 270,1.0 332,1.0 337,1.0 338,1.0 344,1.0 346,1.0 359,1.0 411,1.0 421,1.0 
0,1.0 1,2.0 18,2.0 21,1.0 22,1.0 23,1.0 25,4.0 26,3.0 27,1.0 29,1.0 30,1.0 31,1.0 41,2.0 42,3.0 43,1.0 44,1.0 46,2.0 47,3.0 54,3.0 67,1.0 77,1.0 78,1.0 79,7.0 83,3.0 84,1.0 86,2.0 89,2.0 91,2.0 92,5.0 93,7.0 94,1.0 95,1.0 96,3.0 97,9.0 98,7.0 100,1.0 106,1.0 114,1.0 118,3.0 120,2.0 121,2.0 122,1.0 134,1.0 135,2.0 136,1.0 137,6.0 139,1.0 140,1.0 141,1.0 149,1.0 150,1.0 171,1.0 182,1.0 184,1.0 202,1.0 206,1.0 209,1.0 226,1.0 233,1.0 245,1.0 246,1.0 304,2.0 349,1.0 350,1.0 
25,2.0 29,1.0 89,2.0 98,1.0 114,2.0 120,1.0 121,1.0 122,2.0 123,1.0 124,1.0 125,1.0 126,1.0 
23,1.0 25,1.0 54,1.0 84,2.0 89,1.0 93,2.0 114,1.0 115,1.0 117,1.0 118,1.0 121,1.0 122,1.0 123,1.0 124,1.0 125,1.0 126,1.0 134,2.0 135,1.0 156,1.0 169,1.0 170,1.0 196,1.0 206,2.0 227,1.0 233,1.0 245,1.0 265,1.0 
13,1.0 18,1.0 27,1.0 41,1.0 44,1.0 45,1.0 46,1.0 47,3.0 49,1.0 55,1.0 58,1.0 61,1.0 66,2.0 67,1.0 71,4.0 77,2.0 81,1.0 84,1.0 91,1.0 93,1.0 98,1.0 124,1.0 125,1.0 126,1.0 127,1.0 128,1.0 129,1.0 141,1.0 142,1.0 145,3.0 146,3.0 147,1.0 148,1.0 149,2.0 150,2.0 151,1.0 152,1.0 174,1.0 180,1.0 215,1.0 221,1.0 264,1.0 290,1.0 291,1.0 292,1.0 344,1.0 426,1.0 
21,1.0 58,1.0 123,1.0 125,1.0 126,1.0 127,1.0 128,1.0 129,1.0 137,2.0 174,1.0 186,2.0 200,1.0 287,1.0 288,1.0 289,1.0 301,1.0 302,1.0 303,1.0 
123,1.0 124,1.0 126,1.0 127,1.0 128,1.0 129,1.0 
41,1.0 49,1.0 79,1.0 123,1.0 124,1.0 125,1.0 127,1.0 128,1.0 129,1.0 
0,1.0 45,1.0 96,1.0 107,1.0 111,1.0 118,1.0 128,1.0 129,1.0 130,2.0 131,1.0 132,1.0 189,1.0 216,1.0 217,1.0 242,1.0 243,1.0 400,1.0 
13,1.0 40,1.0 46,2.0 48,1.0 58,1.0 60,1.0 75,1.0 77,1.0 83,1.0 92,1.0 97,1.0 111,1.0 127,1.0 128,1.0 129,1.0 130,1.0 131,1.0 132,1.0 135,2.0 138,1.0 177,1.0 188,1.0 196,1.0 198,2.0 202,1.0 203,2.0 204,1.0 205,1.0 220,1.0 235,1.0 236,2.0 245,2.0 259,1.0 268,1.0 353,1.0 354,1.0 
26,1.0 29,1.0 44,1.0 88,1.0 89,1.0 111,1.0 127,1.0 128,1.0 130,1.0 131,1.0 132,1.0 154,1.0 
43,1.0 61,1.0 92,1.0 93,1.0 96,2.0 106,1.0 111,1.0 118,1.0 119,1.0 127,1.0 131,1.0 132,1.0 133,1.0 134,1.0 144,2.0 179,1.0 189,1.0 225,1.0 242,1.0 243,1.0 261,1.0 313,1.0 338,1.0 344,1.0 345,1.0 346,1.0 
92,1.0 93,1.0 106,1.0 111,1.0 130,1.0 132,1.0 133,1.0 134,1.0 
92,1.0 93,1.0 106,1.0 111,1.0 130,1.0 131,1.0 133,1.0 134,1.0 
0,1.0 1,1.0 9,1.0 12,1.0 13,1.0 14,1.0 16,1.0 20,1.0 21,1.0 23,1.0 24,2.0 25,2.0 26,4.0 31,2.0 44,1.0 51,1.0 54,1.0 59,1.0 60,1.0 78,1.0 79,1.0 81,3.0 84,1.0 86,6.0 90,1.0 92,1.0 93,1.0 94,1.0 96,1.0 99,1.0 103,1.0 106,1.0 114,1.0 117,1.0 118,6.0 128,1.0 133,1.0 134,2.0 135,1.0 138,1.0 179,1.0 199,1.0 201,1.0 232,1.0 234,2.0 256,1.0 259,1.0 279,1.0 282,1.0 304,1.0 331,2.0 362,1.0 370,1.0 388,1.0 406,1.0 407,1.0 408,1.0 
0,1.0 1,1.0 18,1.0 22,1.0 24,1.0 25,1.0 26,5.0 27,1.0 29,2.0 30,2.0 31,1.0 39,1.0 42,2.0 46,2.0 47,2.0 49,1.0 54,3.0 58,1.0 67,1.0 81,2.0 83,2.0 84,3.0 86,1.0 87,1.0 92,3.0 93,5.0 97,1.0 98,3.0 99,1.0 102,1.0 106,1.0 117,1.0 118,2.0 119,1.0 120,2.0 122,1.0 133,2.0 134,1.0 135,3.0 137,2.0 138,1.0 144,1.0 154,1.0 156,1.0 158,1.0 162,1.0 183,2.0 187,1.0 206,1.0 227,3.0 233,1.0 245,1.0 256,1.0 270,1.0 275,1.0 279,3.0 304,1.0 327,1.0 329,2.0 330,2.0 331,1.0 359,1.0 
0,3.0 1,3.0 13,1.0 14,1.0 18,1.0 25,1.0 42,1.0 47,1.0 54,6.0 60,1.0 75,3.0 77,1.0 79,1.0 83,1.0 84,1.0 91,1.0 93,1.0 94,1.0 95,1.0 97,2.0 98,1.0 102,1.0 106,1.0 113,1.0 114,1.0 118,1.0 120,1.0 122,1.0 128,1.0 136,1.0 138,1.0 139,1.0 146,1.0 154,1.0 156,1.0 158,1.0 159,1.0 160,1.0 161,2.0 162,1.0 163,1.0 164,1.0 177,2.0 188,1.0 196,3.0 202,1.0 203,2.0 204,2.0 205,2.0 227,3.0 245,1.0 266,1.0 267,1.0 268,1.0 304,1.0 327,1.0 
21,1.0 31,1.0 44,2.0 47,2.0 66,1.0 75,1.0 81,4.0 82,1.0 86,1.0 90,1.0 92,1.0 93,1.0 94,1.0 106,1.0 114,1.0 118,1.0 120,1.0 136,1.0 137,1.0 140,1.0 220,2.0 233,1.0 
0,1.0 1,1.0 14,1.0 25,2.0 26,1.0 30,1.0 39,1.0 40,1.0 41,1.0 42,1.0 47,1.0 54,1.0 58,1.0 71,1.0 79,4.0 83,3.0 89,1.0 92,7.0 93,4.0 96,2.0 97,4.0 98,4.0 99,1.0 106,1.0 119,1.0 120,6.0 124,2.0 134,2.0 135,1.0 138,2.0 141,1.0 146,1.0 162,1.0 186,2.0 199,1.0 200,1.0 209,1.0 227,1.0 241,1.0 256,1.0 275,1.0 276,1.0 302,1.0 303,1.0 332,1.0 411,1.0 421,1.0 
0,1.0 8,1.0 16,1.0 20,1.0 26,2.0 39,2.0 40,1.0 41,1.0 42,1.0 46,1.0 47,2.0 48,1.0 53,1.0 54,1.0 60,1.0 68,1.0 75,1.0 80,1.0 81,1.0 82,1.0 84,1.0 89,1.0 91,1.0 92,1.0 93,2.0 94,2.0 95,4.0 96,1.0 97,2.0 98,1.0 114,1.0 120,1.0 122,1.0 128,2.0 138,1.0 143,1.0 146,1.0 159,1.0 165,1.0 166,1.0 167,1.0 168,1.0 174,2.0 182,1.0 202,1.0 220,6.0 226,1.0 233,1.0 245,1.0 253,1.0 259,1.0 332,1.0 422,1.0 
1,1.0 14,1.0 18,3.0 29,1.0 41,1.0 42,1.0 46,1.0 47,1.0 54,1.0 75,2.0 93,2.0 97,2.0 100,1.0 138,1.0 146,1.0 161,2.0 162,1.0 163,1.0 164,1.0 171,1.0 182,1.0 214,1.0 
1,1.0 20,1.0 40,1.0 41,1.0 44,1.0 47,1.0 48,1.0 55,1.0 71,1.0 79,1.0 82,2.0 83,1.0 86,1.0 87,1.0 90,1.0 91,1.0 92,1.0 93,1.0 94,3.0 96,2.0 99,2.0 114,1.0 117,1.0 118,1.0 133,1.0 136,1.0 137,1.0 146,1.0 171,1.0 174,1.0 184,1.0 205,2.0 233,1.0 253,1.0 256,1.0 413,1.0 414,1.0 
9,1.0 21,1.0 23,1.0 25,1.0 26,1.0 30,2.0 39,1.0 41,1.0 43,1.0 44,1.0 46,1.0 47,1.0 51,1.0 66,1.0 67,1.0 71,1.0 77,1.0 78,1.0 81,5.0 83,2.0 84,1.0 86,2.0 87,1.0 88,1.0 89,2.0 90,1.0 92,1.0 93,1.0 94,1.0 96,3.0 106,1.0 114,1.0 115,5.0 117,4.0 118,1.0 120,1.0 123,1.0 130,1.0 136,1.0 137,1.0 141,3.0 142,1.0 144,1.0 146,1.0 169,1.0 171,4.0 176,3.0 177,1.0 178,2.0 179,2.0 180,2.0 181,2.0 182,2.0 183,2.0 184,2.0 185,1.0 186,1.0 187,1.0 234,1.0 235,1.0 236,1.0 237,1.0 243,4.0 294,1.0 295,1.0 345,1.0 346,1.0 352,1.0 373,1.0 375,2.0 378,1.0 379,1.0 380,1.0 381,1.0 401,1.0 408,2.0 416,1.0 
44,1.0 47,1.0 66,1.0 67,1.0 77,1.0 93,1.0 98,1.0 123,1.0 
13,1.0 16,1.0 18,1.0 45,1.0 65,3.0 66,3.0 67,4.0 71,4.0 123,3.0 144,1.0 145,2.0 146,2.0 174,1.0 237,1.0 
26,1.0 29,1.0 47,1.0 49,1.0 61,1.0 70,1.0 77,1.0 87,1.0 96,1.0 100,1.0 119,1.0 130,2.0 134,2.0 183,1.0 237,1.0 255,1.0 261,1.0 279,2.0 295,1.0 329,1.0 330,1.0 338,1.0 344,1.0 345,1.0 346,1.0 
13,2.0 14,1.0 18,1.0 20,1.0 46,1.0 47,1.0 49,1.0 55,1.0 58,1.0 66,1.0 71,2.0 75,1.0 83,1.0 84,1.0 90,1.0 96,1.0 97,1.0 98,1.0 106,1.0 120,1.0 123,3.0 137,1.0 141,1.0 146,3.0 147,1.0 169,2.0 264,1.0 
13,1.0 14,7.0 16,1.0 18,1.0 20,3.0 25,1.0 26,1.0 30,2.0 39,1.0 40,1.0 44,1.0 46,1.0 47,2.0 49,2.0 51,1.0 53,2.0 55,4.0 58,1.0 64,1.0 66,3.0 71,13.0 74,2.0 75,2.0 84,1.0 91,1.0 92,1.0 93,1.0 94,3.0 96,1.0 97,1.0 98,3.0 114,2.0 115,2.0 117,1.0 118,1.0 123,4.0 138,4.0 139,1.0 141,1.0 145,3.0 146,2.0 147,1.0 149,1.0 159,2.0 161,4.0 162,3.0 163,1.0 164,2.0 177,2.0 182,1.0 184,1.0 185,1.0 186,1.0 187,1.0 188,1.0 202,1.0 219,1.0 220,1.0 221,1.0 224,1.0 225,1.0 226,1.0 241,1.0 253,1.0 257,1.0 264,1.0 281,1.0 294,1.0 378,1.0 411,1.0 413,1.0 414,1.0 415,2.0 420,1.0 
43,1.0 44,1.0 49,1.0 56,1.0 65,1.0 66,1.0 70,1.0 77,1.0 79,1.0 91,1.0 154,1.0 207,1.0 208,1.0 308,1.0 
123,1.0 126,1.0 149,1.0 150,1.0 151,1.0 152,1.0 
14,2.0 41,2.0 47,2.0 49,1.0 65,1.0 75,1.0 81,1.0 84,2.0 91,1.0 92,1.0 123,2.0 141,1.0 146,2.0 148,1.0 150,3.0 151,1.0 152,1.0 161,1.0 182,1.0 202,1.0 246,1.0 344,1.0 349,1.0 350,1.0 
30,1.0 41,2.0 47,1.0 49,1.0 66,1.0 67,1.0 81,1.0 84,1.0 123,2.0 141,1.0 148,1.0 149,3.0 151,1.0 152,1.0 182,1.0 194,1.0 202,1.0 205,1.0 214,1.0 222,1.0 223,1.0 246,1.0 321,1.0 344,1.0 347,1.0 349,1.0 350,1.0 
123,1.0 148,1.0 149,1.0 150,1.0 152,1.0 
29,1.0 81,1.0 89,1.0 124,1.0 153,1.0 287,1.0 288,1.0 296,1.0 341,1.0 
1,1.0 25,2.0 26,2.0 29,1.0 40,1.0 79,2.0 81,1.0 89,1.0 153,1.0 154,1.0 
1,1.0 20,1.0 21,1.0 26,3.0 29,1.0 40,1.0 43,1.0 44,2.0 47,1.0 52,1.0 54,1.0 55,1.0 60,1.0 65,1.0 66,1.0 84,1.0 88,1.0 89,1.0 90,1.0 91,1.0 93,1.0 98,1.0 101,1.0 106,1.0 129,1.0 134,1.0 135,1.0 147,1.0 155,1.0 174,1.0 180,1.0 188,1.0 203,1.0 204,1.0 205,1.0 206,2.0 207,1.0 208,1.0 219,1.0 227,1.0 236,1.0 245,2.0 260,2.0 278,1.0 286,1.0 306,1.0 327,1.0 
56,1.0 79,1.0 102,1.0 156,1.0 
25,1.0 54,1.0 56,1.0 79,1.0 84,1.0 93,1.0 102,1.0 135,1.0 157,1.0 196,1.0 227,1.0 245,1.0 
87,1.0 99,1.0 100,1.0 114,1.0 144,1.0 
58,1.0 102,1.0 134,1.0 135,1.0 137,1.0 139,1.0 146,1.0 159,1.0 160,1.0 161,2.0 162,2.0 163,1.0 164,1.0 275,1.0 
1,1.0 14,1.0 16,2.0 20,2.0 26,1.0 29,1.0 45,1.0 47,1.0 49,1.0 53,2.0 55,1.0 71,1.0 80,1.0 82,1.0 84,1.0 97,1.0 98,2.0 102,1.0 135,1.0 138,1.0 139,1.0 146,3.0 158,1.0 160,1.0 161,3.0 162,1.0 163,1.0 164,3.0 180,1.0 195,1.0 196,1.0 197,1.0 202,1.0 
102,1.0 135,1.0 139,1.0 146,1.0 158,1.0 159,1.0 161,2.0 162,1.0 163,1.0 164,1.0 
0,1.0 14,2.0 16,1.0 18,1.0 30,1.0 47,1.0 71,1.0 75,2.0 84,1.0 91,1.0 93,1.0 94,1.0 97,1.0 98,1.0 100,1.0 102,1.0 135,1.0 138,1.0 139,3.0 146,4.0 158,1.0 159,1.0 160,1.0 161,1.0 162,2.0 163,2.0 164,4.0 166,1.0 171,1.0 182,1.0 187,2.0 189,1.0 192,1.0 193,1.0 194,1.0 214,1.0 233,1.0 241,1.0 324,1.0 372,1.0 373,1.0 374,1.0 399,1.0 411,1.0 412,1.0 420,1.0 
20,1.0 41,1.0 47,1.0 48,1.0 71,1.0 80,1.0 81,1.0 82,2.0 87,1.0 93,2.0 97,2.0 103,1.0 115,1.0 136,1.0 137,1.0 138,1.0 139,1.0 140,1.0 146,2.0 161,1.0 162,1.0 163,1.0 164,1.0 171,1.0 182,1.0 226,1.0 233,1.0 275,1.0 276,1.0 342,1.0 343,1.0 
47,1.0 93,1.0 97,1.0 138,1.0 139,1.0 146,1.0 161,1.0 162,1.0 164,1.0 
14,2.0 16,2.0 20,1.0 45,1.0 47,1.0 53,1.0 71,2.0 93,1.0 97,1.0 138,1.0 139,1.0 146,3.0 159,1.0 161,4.0 162,1.0 163,1.0 164,1.0 189,1.0 399,1.0 420,1.0 
46,1.0 94,1.0 96,1.0 117,1.0 122,1.0 166,2.0 167,1.0 168,1.0 182,1.0 184,1.0 240,1.0 263,1.0 339,1.0 360,1.0 389,1.0 409,1.0 410,1.0 
26,1.0 46,1.0 94,1.0 96,1.0 115,1.0 117,2.0 122,1.0 141,1.0 165,2.0 167,1.0 168,1.0 182,1.0 184,1.0 212,1.0 213,1.0 240,1.0 243,1.0 263,1.0 324,1.0 339,1.0 360,1.0 372,1.0 373,1.0 374,1.0 375,1.0 389,1.0 409,1.0 410,1.0 
46,1.0 103,1.0 114,1.0 115,1.0 116,1.0 117,1.0 122,1.0 165,1.0 166,1.0 168,1.0 360,1.0 361,1.0 362,1.0 363,1.0 364,1.0 
40,1.0 41,1.0 42,1.0 46,1.0 80,1.0 122,1.0 165,1.0 166,1.0 167,1.0 227,1.0 248,1.0 314,1.0 333,1.0 337,1.0 389,1.0 390,1.0 391,1.0 
13,1.0 14,1.0 23,2.0 25,1.0 26,1.0 46,1.0 47,1.0 55,1.0 75,1.0 79,1.0 81,1.0 83,2.0 84,1.0 87,1.0 89,1.0 90,2.0 96,2.0 106,2.0 115,1.0 117,2.0 118,1.0 119,1.0 141,2.0 145,1.0 169,1.0 170,1.0 171,1.0 172,1.0 173,1.0 185,1.0 188,1.0 236,1.0 249,1.0 250,1.0 251,1.0 
23,2.0 31,1.0 98,2.0 115,3.0 117,2.0 118,2.0 141,1.0 169,1.0 171,1.0 172,1.0 173,1.0 174,1.0 175,1.0 176,1.0 177,1.0 246,2.0 247,1.0 
9,1.0 16,1.0 21,1.0 23,2.0 25,1.0 31,1.0 43,1.0 44,1.0 47,1.0 48,1.0 55,1.0 57,1.0 65,1.0 66,1.0 67,1.0 71,2.0 74,1.0 75,2.0 77,1.0 78,1.0 81,2.0 84,2.0 86,1.0 87,1.0 88,1.0 91,3.0 93,1.0 94,2.0 96,1.0 97,1.0 99,2.0 100,1.0 106,2.0 115,1.0 117,2.0 118,4.0 119,1.0 136,1.0 140,1.0 141,4.0 143,1.0 146,2.0 170,1.0 171,1.0 172,1.0 173,1.0 174,1.0 175,1.0 176,1.0 177,1.0 178,1.0 179,1.0 180,1.0 181,1.0 182,1.0 183,1.0 184,4.0 230,1.0 234,2.0 235,1.0 331,1.0 347,1.0 352,1.0 364,2.0 367,2.0 368,2.0 369,1.0 370,1.0 401,1.0 413,1.0 414,1.0 
23,1.0 30,1.0 31,1.0 84,1.0 115,1.0 117,1.0 118,2.0 170,1.0 171,1.0 173,1.0 174,1.0 175,1.0 230,1.0 231,1.0 
23,1.0 31,1.0 81,1.0 115,1.0 117,1.0 118,2.0 119,1.0 170,1.0 171,1.0 172,1.0 174,1.0 175,1.0 337,1.0 
21,5.0 26,3.0 31,1.0 44,3.0 45,1.0 46,1.0 47,1.0 71,1.0 81,4.0 84,3.0 87,1.0 89,1.0 90,1.0 91,1.0 92,4.0 94,2.0 95,5.0 96,4.0 106,1.0 114,1.0 115,3.0 117,2.0 118,1.0 119,5.0 123,1.0 127,1.0 133,1.0 138,2.0 140,1.0 141,1.0 154,1.0 168,1.0 170,2.0 174,3.0 175,1.0 176,1.0 177,1.0 180,1.0 184,1.0 205,2.0 206,1.0 215,1.0 219,1.0 220,2.0 237,5.0 248,1.0 253,1.0 256,1.0 267,1.0 286,1.0 301,5.0 314,1.0 333,1.0 337,1.0 366,1.0 389,1.0 390,1.0 391,1.0 
30,1.0 31,1.0 67,1.0 79,1.0 115,2.0 118,2.0 141,1.0 170,1.0 174,1.0 176,1.0 177,1.0 
51,1.0 71,1.0 115,1.0 141,3.0 146,1.0 171,1.0 177,1.0 178,1.0 179,1.0 180,1.0 181,1.0 182,1.0 183,1.0 184,1.0 185,1.0 186,1.0 187,1.0 
12,1.0 14,1.0 16,1.0 21,1.0 23,1.0 25,2.0 26,2.0 27,1.0 31,1.0 44,1.0 71,1.0 77,1.0 81,1.0 83,1.0 84,1.0 85,1.0 92,1.0 94,1.0 115,2.0 118,2.0 133,1.0 135,1.0 141,2.0 146,1.0 162,1.0 171,1.0 176,1.0 178,1.0 179,1.0 180,1.0 184,1.0 199,1.0 203,1.0 234,1.0 254,1.0 266,1.0 267,1.0 296,1.0 415,2.0 
141,2.0 171,1.0 176,1.0 179,1.0 180,1.0 181,1.0 182,1.0 183,1.0 184,1.0 203,1.0 312,1.0 
23,1.0 26,1.0 43,1.0 81,1.0 86,2.0 99,1.0 114,1.0 118,2.0 133,1.0 141,2.0 171,1.0 176,1.0 178,1.0 180,1.0 181,1.0 182,1.0 183,1.0 184,1.0 301,1.0 313,1.0 314,1.0 315,1.0 388,1.0 406,1.0 407,1.0 408,1.0 
16,1.0 21,1.0 26,1.0 55,1.0 123,1.0 141,2.0 154,1.0 159,1.0 171,1.0 174,1.0 176,1.0 178,1.0 179,1.0 181,1.0 182,1.0 183,1.0 184,1.0 195,1.0 196,1.0 197,1.0 206,1.0 219,1.0 286,1.0 426,1.0 
51,1.0 71,1.0 91,1.0 96,1.0 117,1.0 141,1.0 146,1.0 171,1.0 176,1.0 182,1.0 183,1.0 184,2.0 185,1.0 186,1.0 187,1.0 256,1.0 365,1.0 
0,1.0 18,1.0 21,1.0 31,1.0 41,1.0 47,1.0 49,1.0 51,1.0 71,1.0 75,1.0 81,1.0 90,1.0 94,3.0 96,4.0 100,1.0 114,1.0 117,2.0 136,1.0 138,1.0 139,1.0 140,1.0 141,1.0 146,1.0 149,1.0 150,1.0 161,1.0 171,1.0 174,1.0 176,1.0 181,1.0 183,1.0 184,3.0 185,1.0 186,1.0 187,1.0 202,1.0 214,1.0 246,1.0 253,2.0 255,1.0 276,1.0 349,1.0 350,1.0 410,1.0 422,1.0 
24,1.0 26,1.0 29,1.0 51,1.0 71,1.0 133,1.0 134,1.0 141,1.0 146,1.0 176,1.0 181,1.0 182,1.0 184,1.0 185,1.0 186,1.0 187,1.0 279,1.0 329,1.0 330,1.0 
12,1.0 23,1.0 25,3.0 26,5.0 27,1.0 30,1.0 31,2.0 39,1.0 44,1.0 47,4.0 49,1.0 51,1.0 52,1.0 57,1.0 66,1.0 71,1.0 74,1.0 77,1.0 90,3.0 91,1.0 94,3.0 96,9.0 99,1.0 114,5.0 115,7.0 117,10.0 118,2.0 133,1.0 140,2.0 141,1.0 146,2.0 171,3.0 174,2.0 176,1.0 177,1.0 181,2.0 182,2.0 183,1.0 184,5.0 185,1.0 186,1.0 187,1.0 234,1.0 236,2.0 253,2.0 256,8.0 295,4.0 323,1.0 336,1.0 356,1.0 357,4.0 358,1.0 364,4.0 365,2.0 366,1.0 410,1.0 415,1.0 
20,1.0 51,1.0 71,1.0 79,1.0 146,1.0 186,1.0 187,1.0 188,1.0 228,1.0 230,1.0 
51,1.0 58,1.0 71,1.0 93,1.0 124,1.0 134,1.0 137,1.0 144,1.0 146,1.0 185,1.0 187,2.0 188,1.0 279,1.0 301,1.0 302,1.0 303,1.0 
0,3.0 18,4.0 20,2.0 26,1.0 39,1.0 42,1.0 46,1.0 47,2.0 48,1.0 51,1.0 71,1.0 82,1.0 87,1.0 91,1.0 93,1.0 95,1.0 96,1.0 98,1.0 102,3.0 106,1.0 115,1.0 134,1.0 146,1.0 161,1.0 174,1.0 185,1.0 186,1.0 187,1.0 188,1.0 192,1.0 193,1.0 194,1.0 205,1.0 209,1.0 225,1.0 226,1.0 233,1.0 311,2.0 347,1.0 
46,1.0 52,1.0 60,1.0 80,1.0 84,1.0 91,1.0 93,1.0 106,1.0 119,1.0 141,1.0 148,1.0 154,1.0 171,1.0 204,1.0 205,1.0 206,1.0 302,1.0 
26,1.0 90,1.0 96,1.0 118,1.0 127,2.0 130,1.0 150,1.0 190,1.0 191,1.0 242,1.0 243,1.0 376,1.0 
26,1.0 161,1.0 187,1.0 191,1.0 192,1.0 193,1.0 194,1.0 
26,1.0 161,1.0 187,1.0 190,1.0 192,1.0 193,1.0 194,1.0 
91,1.0 161,1.0 187,1.0 193,1.0 194,1.0 
91,1.0 161,1.0 187,1.0 192,1.0 194,1.0 
42,1.0 43,1.0 83,1.0 91,1.0 161,1.0 187,1.0 192,1.0 193,1.0 214,1.0 321,1.0 323,1.0 347,1.0 
16,1.0 40,1.0 55,1.0 133,1.0 159,1.0 180,1.0 196,1.0 197,1.0 198,1.0 199,1.0 200,1.0 
13,1.0 14,1.0 16,3.0 18,1.0 25,1.0 26,1.0 30,1.0 46,1.0 50,1.0 52,1.0 53,1.0 56,1.0 60,1.0 66,1.0 75,1.0 77,1.0 78,1.0 83,1.0 84,2.0 87,1.0 89,2.0 90,1.0 93,2.0 97,1.0 101,1.0 102,1.0 106,1.0 118,1.0 120,1.0 122,2.0 134,1.0 135,1.0 154,1.0 188,1.0 189,1.0 195,2.0 197,1.0 198,1.0 199,1.0 200,1.0 204,2.0 205,2.0 206,1.0 244,1.0 245,2.0 260,1.0 283,1.0 284,1.0 285,2.0 298,1.0 299,1.0 309,1.0 324,1.0 325,1.0 
16,1.0 195,1.0 196,1.0 198,1.0 199,1.0 200,1.0 
9,1.0 13,1.0 23,1.0 27,1.0 29,1.0 30,1.0 40,1.0 46,1.0 58,1.0 75,1.0 83,1.0 128,2.0 133,1.0 135,1.0 195,1.0 196,1.0 199,1.0 200,1.0 202,1.0 203,1.0 204,1.0 205,1.0 220,1.0 235,1.0 236,1.0 353,1.0 354,1.0 402,1.0 403,1.0 404,1.0 405,1.0 
60,1.0 128,1.0 133,2.0 138,1.0 186,1.0 195,1.0 198,1.0 200,1.0 259,1.0 
124,1.0 133,1.0 137,1.0 186,1.0 195,1.0 198,1.0 199,1.0 302,1.0 
46,1.0 58,1.0 59,1.0 128,1.0 198,1.0 202,1.0 203,1.0 
13,1.0 41,1.0 46,1.0 47,1.0 49,1.0 58,1.0 75,1.0 83,1.0 120,1.0 128,1.0 135,1.0 149,1.0 150,1.0 182,1.0 196,1.0 198,1.0 203,1.0 204,1.0 205,1.0 226,1.0 246,1.0 349,1.0 350,1.0 
13,1.0 21,1.0 46,1.0 58,1.0 75,1.0 77,2.0 83,1.0 124,1.0 128,3.0 135,3.0 154,1.0 177,1.0 196,1.0 198,1.0 202,1.0 203,1.0 204,1.0 205,1.0 268,2.0 278,2.0 298,1.0 300,1.0 312,1.0 
13,1.0 52,1.0 60,2.0 75,1.0 83,1.0 106,2.0 135,1.0 154,2.0 188,2.0 196,1.0 204,1.0 205,3.0 206,1.0 
13,1.0 20,1.0 39,1.0 41,1.0 47,1.0 48,1.0 49,1.0 52,1.0 54,1.0 55,1.0 57,1.0 60,2.0 63,1.0 66,1.0 74,1.0 75,1.0 77,1.0 81,2.0 83,2.0 91,3.0 92,1.0 93,2.0 94,2.0 95,3.0 96,2.0 98,1.0 99,1.0 100,2.0 106,3.0 113,1.0 114,1.0 115,1.0 135,1.0 140,2.0 146,1.0 154,2.0 174,1.0 188,2.0 196,1.0 204,3.0 205,3.0 206,1.0 263,1.0 339,1.0 366,1.0 387,1.0 
18,1.0 47,1.0 48,1.0 52,1.0 54,1.0 84,1.0 86,1.0 91,1.0 93,1.0 98,1.0 118,1.0 122,1.0 134,1.0 135,1.0 156,1.0 219,1.0 227,1.0 232,1.0 235,1.0 245,1.0 263,1.0 265,1.0 351,1.0 352,1.0 
44,1.0 65,1.0 66,1.0 91,1.0 147,1.0 154,1.0 208,1.0 
65,1.0 66,1.0 117,1.0 
30,1.0 56,1.0 61,1.0 81,1.0 83,1.0 86,1.0 89,2.0 92,2.0 93,2.0 98,1.0 118,1.0 119,1.0 130,1.0 134,1.0 137,1.0 144,1.0 154,1.0 187,1.0 210,1.0 225,1.0 227,1.0 256,1.0 304,2.0 306,1.0 338,1.0 
75,1.0 81,1.0 84,1.0 89,1.0 96,1.0 119,1.0 211,1.0 225,1.0 305,1.0 
75,1.0 166,1.0 
18,1.0 26,1.0 139,1.0 161,1.0 182,1.0 213,1.0 214,1.0 
18,1.0 26,1.0 139,1.0 161,1.0 182,1.0 212,1.0 214,1.0 
18,1.0 29,1.0 41,1.0 42,1.0 43,1.0 75,1.0 82,1.0 83,1.0 96,1.0 100,1.0 139,1.0 161,1.0 171,1.0 182,1.0 194,1.0 270,1.0 321,1.0 323,1.0 347,1.0 
123,1.0 
45,1.0 107,1.0 217,1.0 218,1.0 
45,1.0 107,1.0 216,1.0 218,1.0 
0,1.0 1,1.0 89,1.0 
14,1.0 18,1.0 20,1.0 43,1.0 49,1.0 53,1.0 71,1.0 146,1.0 206,1.0 220,1.0 221,1.0 232,2.0 234,1.0 235,1.0 236,1.0 265,1.0 351,1.0 352,1.0 
21,2.0 30,2.0 40,1.0 41,1.0 46,2.0 49,2.0 52,1.0 55,1.0 66,1.0 67,1.0 71,1.0 81,1.0 91,1.0 92,2.0 95,4.0 128,1.0 138,6.0 146,1.0 150,1.0 154,1.0 174,2.0 198,1.0 203,1.0 220,1.0 221,1.0 222,1.0 235,1.0 236,1.0 276,1.0 277,1.0 353,1.0 354,1.0 
15,1.0 20,1.0 21,1.0 51,1.0 55,1.0 66,1.0 67,1.0 150,1.0 219,1.0 220,1.0 222,1.0 292,1.0 293,1.0 
30,1.0 66,1.0 67,1.0 150,1.0 223,1.0 
26,1.0 30,1.0 71,1.0 146,1.0 224,1.0 
26,1.0 30,1.0 39,1.0 49,1.0 71,1.0 146,1.0 
14,1.0 28,1.0 43,1.0 71,1.0 96,2.0 119,1.0 130,1.0 146,1.0 162,1.0 179,1.0 243,1.0 313,1.0 
14,1.0 20,2.0 25,1.0 30,2.0 39,2.0 40,1.0 43,2.0 48,2.0 53,1.0 55,1.0 71,1.0 72,1.0 75,2.0 77,2.0 78,1.0 80,1.0 81,1.0 82,2.0 87,1.0 95,1.0 97,1.0 120,2.0 134,1.0 138,1.0 146,2.0 159,1.0 162,1.0 226,1.0 239,1.0 262,1.0 316,1.0 317,1.0 318,1.0 
0,1.0 1,1.0 10,1.0 20,2.0 21,1.0 24,1.0 25,1.0 26,2.0 39,2.0 40,1.0 41,1.0 42,1.0 54,3.0 56,1.0 72,1.0 77,2.0 79,1.0 80,1.0 82,1.0 83,1.0 84,2.0 85,1.0 92,1.0 93,1.0 97,2.0 98,2.0 99,1.0 117,1.0 118,2.0 119,1.0 120,2.0 122,1.0 133,1.0 134,2.0 135,3.0 137,1.0 156,1.0 196,2.0 226,1.0 228,1.0 231,1.0 245,2.0 265,1.0 270,1.0 283,1.0 304,1.0 321,1.0 322,1.0 327,1.0 331,1.0 341,1.0 351,1.0 352,1.0 355,1.0 
14,1.0 20,2.0 75,1.0 81,1.0 82,1.0 119,1.0 173,1.0 227,1.0 230,1.0 232,1.0 
0,1.0 30,1.0 41,1.0 78,1.0 79,1.0 84,1.0 100,1.0 123,1.0 149,1.0 150,1.0 156,1.0 344,1.0 
20,1.0 30,1.0 81,1.0 84,2.0 94,1.0 96,1.0 119,1.0 169,1.0 228,1.0 231,1.0 232,1.0 331,1.0 369,1.0 370,1.0 371,1.0 
30,1.0 77,1.0 81,1.0 84,1.0 85,1.0 99,1.0 117,1.0 119,2.0 134,1.0 169,1.0 170,1.0 227,1.0 230,1.0 270,1.0 322,1.0 
10,2.0 11,1.0 18,2.0 20,1.0 40,1.0 43,1.0 49,1.0 51,1.0 70,1.0 79,1.0 106,1.0 128,1.0 162,1.0 198,1.0 219,1.0 220,1.0 227,1.0 235,2.0 236,2.0 265,3.0 279,1.0 282,1.0 283,1.0 304,1.0 341,1.0 351,2.0 352,2.0 353,1.0 
0,1.0 18,1.0 20,1.0 26,1.0 39,2.0 42,1.0 45,2.0 46,1.0 47,1.0 48,1.0 53,1.0 63,1.0 82,3.0 86,1.0 87,1.0 98,1.0 99,1.0 101,2.0 102,1.0 108,1.0 117,1.0 118,1.0 120,1.0 122,1.0 134,1.0 159,1.0 161,2.0 164,1.0 171,1.0 184,1.0 187,2.0 206,1.0 226,1.0 233,1.0 241,3.0 245,2.0 265,1.0 362,2.0 364,1.0 411,2.0 412,2.0 419,1.0 
12,1.0 13,1.0 25,3.0 26,3.0 27,2.0 31,2.0 53,1.0 60,1.0 81,4.0 84,1.0 86,8.0 94,1.0 96,5.0 106,1.0 118,7.0 133,1.0 134,1.0 171,1.0 230,1.0 234,1.0 331,2.0 367,1.0 368,1.0 369,1.0 370,1.0 408,4.0 416,1.0 417,2.0 424,1.0 425,1.0 
9,1.0 18,1.0 23,1.0 27,1.0 29,1.0 30,1.0 40,2.0 43,2.0 49,1.0 77,1.0 78,1.0 88,1.0 128,2.0 198,3.0 219,1.0 220,2.0 232,2.0 235,1.0 236,2.0 265,1.0 351,1.0 352,2.0 353,2.0 354,1.0 401,1.0 402,1.0 
26,4.0 29,1.0 40,1.0 46,1.0 47,2.0 48,1.0 60,1.0 81,1.0 90,1.0 91,1.0 95,1.0 98,2.0 101,1.0 117,1.0 128,1.0 154,1.0 184,2.0 198,1.0 220,1.0 235,1.0 257,1.0 260,1.0 271,1.0 295,2.0 342,1.0 353,1.0 354,1.0 357,2.0 
1,1.0 20,1.0 24,1.0 46,2.0 70,1.0 77,1.0 83,1.0 84,4.0 87,1.0 89,1.0 91,2.0 101,1.0 115,1.0 117,2.0 118,1.0 119,5.0 174,5.0 177,1.0 237,3.0 243,1.0 244,1.0 255,1.0 295,1.0 348,1.0 
40,1.0 47,1.0 61,1.0 123,1.0 
43,2.0 51,1.0 77,3.0 78,1.0 80,1.0 120,1.0 226,1.0 262,1.0 
94,1.0 96,1.0 117,1.0 140,1.0 165,1.0 166,1.0 182,1.0 184,1.0 263,1.0 339,1.0 360,1.0 389,1.0 409,1.0 410,1.0 
0,1.0 14,2.0 40,1.0 71,1.0 92,1.0 94,1.0 96,1.0 100,1.0 114,1.0 138,1.0 146,2.0 149,1.0 161,1.0 182,1.0 187,1.0 233,1.0 253,1.0 411,2.0 412,1.0 
96,1.0 118,1.0 127,1.0 130,1.0 189,1.0 243,1.0 
23,2.0 25,3.0 26,1.0 29,1.0 39,1.0 49,1.0 80,1.0 81,2.0 86,2.0 96,1.0 115,4.0 117,3.0 118,2.0 141,3.0 171,1.0 237,1.0 243,1.0 244,1.0 286,1.0 331,1.0 355,1.0 375,1.0 396,1.0 
80,1.0 118,1.0 243,1.0 285,1.0 324,1.0 325,1.0 326,1.0 
25,1.0 30,1.0 46,1.0 54,1.0 66,1.0 72,1.0 80,1.0 81,1.0 84,3.0 86,1.0 90,1.0 92,1.0 93,3.0 97,2.0 98,1.0 118,1.0 120,1.0 128,2.0 134,1.0 135,1.0 154,1.0 196,1.0 206,1.0 210,1.0 227,1.0 260,1.0 265,1.0 305,1.0 321,1.0 327,1.0 
41,2.0 47,1.0 49,1.0 91,1.0 98,2.0 101,1.0 149,1.0 150,1.0 174,1.0 182,1.0 202,1.0 247,1.0 248,1.0 349,1.0 350,1.0 
91,1.0 98,1.0 246,1.0 248,1.0 
25,1.0 30,1.0 40,1.0 41,1.0 42,1.0 80,1.0 91,1.0 168,1.0 169,1.0 227,1.0 249,1.0 314,1.0 333,2.0 337,1.0 389,1.0 390,1.0 391,1.0 
25,1.0 26,1.0 118,1.0 169,1.0 250,1.0 251,1.0 
41,1.0 246,1.0 251,1.0 
41,1.0 246,1.0 250,1.0 
184,1.0 
90,1.0 94,2.0 96,3.0 99,2.0 100,1.0 113,1.0 114,1.0 117,1.0 133,1.0 138,1.0 140,2.0 174,1.0 182,1.0 184,1.0 205,1.0 256,1.0 422,1.0 
162,1.0 220,1.0 
0,1.0 14,1.0 55,1.0 72,1.0 75,1.0 77,1.0 177,1.0 226,1.0 237,1.0 295,1.0 
13,1.0 14,2.0 16,1.0 25,1.0 26,2.0 40,1.0 71,1.0 81,2.0 84,2.0 86,2.0 90,1.0 91,2.0 92,1.0 93,1.0 96,8.0 99,1.0 101,1.0 103,1.0 114,5.0 115,7.0 117,10.0 118,3.0 119,1.0 133,2.0 137,1.0 146,1.0 171,1.0 179,1.0 181,2.0 184,7.0 209,1.0 227,1.0 241,1.0 256,4.0 304,1.0 332,1.0 362,1.0 364,2.0 365,4.0 366,2.0 388,2.0 411,1.0 421,1.0 
254,1.0 258,1.0 342,1.0 
177,1.0 
60,1.0 128,2.0 138,1.0 245,1.0 
16,1.0 55,1.0 66,1.0 87,1.0 90,1.0 92,1.0 93,1.0 98,1.0 101,2.0 128,1.0 154,1.0 196,1.0 236,1.0 245,2.0 309,1.0 
79,2.0 104,1.0 262,1.0 
43,2.0 77,2.0 78,1.0 79,1.0 80,1.0 104,1.0 120,1.0 206,1.0 226,1.0 239,1.0 263,1.0 
20,1.0 47,1.0 94,1.0 96,1.0 100,1.0 117,1.0 136,1.0 165,1.0 166,1.0 182,1.0 184,1.0 206,1.0 240,1.0 339,2.0 360,1.0 389,1.0 409,1.0 410,1.0 
16,1.0 39,1.0 43,1.0 44,1.0 46,1.0 47,2.0 49,1.0 51,1.0 53,1.0 55,1.0 73,1.0 79,1.0 84,1.0 93,1.0 106,1.0 129,1.0 134,1.0 154,2.0 245,1.0 265,1.0 347,1.0 351,1.0 
1,1.0 10,3.0 11,1.0 18,4.0 20,1.0 40,1.0 53,1.0 54,1.0 64,1.0 70,1.0 80,1.0 98,1.0 102,1.0 106,1.0 128,1.0 196,1.0 198,1.0 209,1.0 220,1.0 227,2.0 232,2.0 235,2.0 236,1.0 245,1.0 265,1.0 283,2.0 304,1.0 305,1.0 341,2.0 351,3.0 352,3.0 353,1.0 355,1.0 
135,1.0 177,1.0 203,1.0 267,1.0 
26,1.0 81,1.0 124,1.0 135,1.0 137,1.0 177,1.0 200,1.0 203,1.0 226,1.0 266,1.0 316,2.0 317,1.0 
77,1.0 128,1.0 135,1.0 177,1.0 203,1.0 
77,1.0 
14,1.0 18,1.0 26,1.0 40,1.0 41,1.0 42,1.0 51,1.0 54,1.0 91,1.0 93,1.0 97,1.0 99,1.0 117,1.0 119,1.0 134,1.0 139,1.0 359,1.0 
86,1.0 
29,1.0 43,1.0 
26,1.0 84,1.0 86,1.0 
58,1.0 134,1.0 158,1.0 
14,2.0 16,2.0 19,1.0 137,1.0 162,1.0 196,1.0 276,1.0 297,1.0 298,1.0 299,1.0 
21,3.0 30,1.0 31,1.0 49,1.0 81,1.0 90,1.0 91,1.0 92,1.0 95,1.0 96,1.0 117,1.0 136,1.0 182,1.0 220,1.0 277,1.0 301,1.0 
154,1.0 203,1.0 220,1.0 
130,1.0 225,1.0 279,1.0 
20,1.0 24,1.0 26,2.0 29,2.0 51,1.0 79,1.0 106,1.0 133,1.0 134,3.0 144,1.0 183,2.0 232,1.0 279,1.0 280,1.0 282,1.0 304,1.0 329,2.0 330,2.0 
281,1.0 282,1.0 
55,1.0 64,1.0 114,1.0 115,1.0 117,1.0 141,1.0 146,1.0 196,1.0 282,1.0 283,1.0 294,1.0 378,1.0 
20,1.0 51,1.0 79,1.0 106,1.0 196,1.0 232,1.0 279,1.0 281,1.0 283,1.0 304,1.0 
10,1.0 196,1.0 227,1.0 265,1.0 284,1.0 285,1.0 341,1.0 351,1.0 352,1.0 355,1.0 
285,1.0 286,1.0 
244,1.0 284,1.0 286,1.0 324,1.0 325,1.0 326,1.0 
21,1.0 25,1.0 26,2.0 29,2.0 30,2.0 69,2.0 85,2.0 86,1.0 152,1.0 154,1.0 174,1.0 180,1.0 206,1.0 219,1.0 286,1.0 289,2.0 331,1.0 355,1.0 370,2.0 396,1.0 397,2.0 398,1.0 
124,1.0 288,1.0 289,1.0 
124,1.0 287,1.0 289,1.0 
29,1.0 30,1.0 69,1.0 85,1.0 123,1.0 286,1.0 290,1.0 291,1.0 370,1.0 397,1.0 398,1.0 
55,1.0 123,1.0 221,1.0 291,1.0 292,1.0 
55,1.0 123,1.0 221,1.0 290,1.0 292,1.0 
15,1.0 51,1.0 55,1.0 221,1.0 293,1.0 
15,1.0 25,1.0 51,1.0 76,1.0 
25,1.0 67,1.0 114,1.0 115,1.0 117,1.0 141,1.0 346,1.0 373,1.0 375,1.0 378,1.0 379,1.0 380,1.0 381,1.0 
26,3.0 30,1.0 39,1.0 77,1.0 81,1.0 84,1.0 87,1.0 89,1.0 90,2.0 177,1.0 184,3.0 236,1.0 237,1.0 255,1.0 295,1.0 357,3.0 358,1.0 
14,2.0 16,2.0 19,1.0 152,1.0 275,1.0 297,1.0 341,1.0 
14,2.0 16,2.0 19,1.0 196,1.0 275,1.0 298,1.0 299,1.0 
14,1.0 16,1.0 21,1.0 124,1.0 195,1.0 196,1.0 203,1.0 299,1.0 300,1.0 
14,1.0 16,1.0 195,1.0 196,1.0 298,1.0 
21,1.0 124,1.0 178,1.0 203,1.0 298,1.0 
21,8.0 23,1.0 26,4.0 44,4.0 58,1.0 81,2.0 85,1.0 92,6.0 95,2.0 118,1.0 124,1.0 137,1.0 174,5.0 177,1.0 186,1.0 267,2.0 301,3.0 314,1.0 315,1.0 316,1.0 
16,1.0 101,1.0 186,1.0 196,1.0 260,1.0 301,1.0 309,1.0 
265,1.0 304,1.0 305,1.0 
20,1.0 41,5.0 42,4.0 47,3.0 51,1.0 56,1.0 79,7.0 80,4.0 87,2.0 89,1.0 92,1.0 93,1.0 94,2.0 97,4.0 98,3.0 106,1.0 120,3.0 137,1.0 138,1.0 169,1.0 196,1.0 209,3.0 227,1.0 232,1.0 256,1.0 265,1.0 279,1.0 282,1.0 304,1.0 305,1.0 327,1.0 332,1.0 
81,1.0 84,1.0 96,1.0 119,1.0 209,1.0 210,1.0 225,1.0 265,1.0 304,1.0 
90,1.0 154,1.0 245,1.0 260,1.0 
85,1.0 147,1.0 
49,1.0 128,1.0 
16,1.0 66,1.0 101,1.0 196,1.0 245,1.0 260,1.0 
300,1.0 311,1.0 
0,1.0 18,1.0 20,1.0 47,1.0 95,1.0 96,1.0 102,1.0 106,1.0 174,1.0 187,1.0 205,1.0 300,1.0 310,1.0 340,1.0 392,1.0 393,1.0 
203,1.0 278,1.0 
43,1.0 179,1.0 301,1.0 314,1.0 315,1.0 
26,1.0 40,1.0 41,1.0 42,1.0 80,1.0 93,1.0 168,1.0 227,1.0 248,2.0 267,1.0 301,1.0 315,1.0 316,1.0 333,2.0 337,1.0 389,1.0 390,1.0 391,1.0 
26,1.0 267,1.0 301,1.0 314,1.0 316,1.0 
26,1.0 75,1.0 81,2.0 226,2.0 267,1.0 316,1.0 317,2.0 318,1.0 
75,1.0 81,1.0 226,1.0 316,1.0 318,1.0 
75,1.0 84,1.0 319,1.0 
84,1.0 320,1.0 
56,1.0 227,1.0 
42,1.0 43,1.0 72,1.0 83,1.0 93,1.0 194,1.0 214,1.0 245,1.0 323,1.0 347,1.0 
45,1.0 53,1.0 77,1.0 85,1.0 99,1.0 117,1.0 119,1.0 134,1.0 154,1.0 227,1.0 231,1.0 270,1.0 
26,1.0 30,1.0 42,1.0 43,1.0 47,1.0 52,1.0 83,1.0 89,1.0 184,2.0 196,1.0 236,1.0 295,1.0 356,1.0 357,1.0 
115,1.0 117,1.0 141,1.0 166,1.0 243,1.0 244,1.0 285,1.0 325,1.0 326,1.0 372,1.0 373,1.0 374,1.0 375,1.0 
14,1.0 39,1.0 40,1.0 244,1.0 285,1.0 324,1.0 326,1.0 
26,2.0 56,1.0 91,2.0 92,1.0 101,2.0 256,1.0 
41,1.0 54,1.0 80,1.0 90,1.0 118,1.0 122,1.0 135,1.0 196,2.0 227,1.0 304,1.0 328,1.0 
90,1.0 327,1.0 
24,1.0 26,1.0 29,1.0 133,1.0 134,1.0 183,1.0 279,1.0 330,1.0 
24,1.0 26,1.0 29,1.0 133,1.0 134,1.0 183,1.0 279,1.0 329,1.0 
20,1.0 21,1.0 22,1.0 24,1.0 25,2.0 26,3.0 27,1.0 29,1.0 30,1.0 31,1.0 51,1.0 69,1.0 79,1.0 81,1.0 84,2.0 85,1.0 86,2.0 94,1.0 96,1.0 118,2.0 120,1.0 133,1.0 134,1.0 230,1.0 232,1.0 279,1.0 282,1.0 286,2.0 289,1.0 304,1.0 355,1.0 369,1.0 370,2.0 371,1.0 396,1.0 397,1.0 
14,1.0 18,1.0 20,1.0 25,1.0 30,1.0 39,1.0 40,1.0 47,1.0 71,1.0 79,1.0 92,1.0 93,1.0 98,1.0 100,1.0 119,1.0 137,1.0 138,1.0 146,1.0 241,1.0 256,1.0 304,1.0 314,1.0 382,1.0 383,1.0 384,1.0 411,1.0 421,1.0 
30,1.0 40,1.0 41,1.0 42,1.0 80,1.0 168,1.0 227,1.0 248,2.0 314,1.0 337,1.0 389,1.0 390,1.0 391,1.0 
150,1.0 
184,1.0 
174,1.0 
20,1.0 40,1.0 41,1.0 42,1.0 77,1.0 80,1.0 168,1.0 227,2.0 248,1.0 314,1.0 333,1.0 389,1.0 390,1.0 391,1.0 
61,1.0 130,1.0 144,1.0 261,1.0 
20,1.0 94,1.0 96,1.0 100,1.0 117,1.0 136,1.0 165,1.0 166,1.0 182,1.0 184,1.0 240,1.0 263,2.0 360,1.0 389,1.0 409,1.0 410,1.0 
152,1.0 296,1.0 311,1.0 392,1.0 393,1.0 
10,1.0 21,1.0 81,1.0 227,1.0 265,1.0 283,1.0 351,1.0 352,1.0 355,1.0 
162,1.0 254,1.0 257,1.0 343,1.0 
80,1.0 103,1.0 162,1.0 
41,1.0 81,1.0 84,1.0 86,1.0 96,1.0 119,1.0 123,1.0 141,1.0 149,1.0 150,1.0 346,1.0 
96,1.0 119,1.0 130,1.0 144,1.0 344,1.0 346,1.0 
86,1.0 96,1.0 119,2.0 174,1.0 237,1.0 344,1.0 373,1.0 375,1.0 379,1.0 380,1.0 381,1.0 
0,1.0 16,1.0 18,2.0 20,1.0 29,1.0 42,1.0 43,2.0 47,1.0 51,1.0 75,1.0 79,2.0 83,1.0 84,1.0 93,1.0 102,1.0 134,1.0 154,1.0 187,2.0 194,1.0 214,1.0 245,1.0 264,1.0 311,1.0 321,1.0 323,1.0 351,1.0 
21,1.0 24,1.0 26,1.0 79,1.0 120,1.0 
41,1.0 47,1.0 49,1.0 149,1.0 150,1.0 182,1.0 202,1.0 246,1.0 350,1.0 
41,1.0 47,1.0 49,1.0 149,1.0 150,1.0 182,1.0 202,1.0 246,1.0 349,1.0 
10,1.0 18,1.0 40,1.0 43,1.0 51,1.0 79,1.0 84,1.0 93,1.0 128,1.0 134,1.0 154,1.0 198,1.0 220,1.0 227,1.0 232,1.0 235,2.0 236,1.0 245,1.0 264,1.0 265,2.0 283,1.0 341,1.0 347,1.0 352,2.0 353,1.0 355,1.0 
9,1.0 10,1.0 18,1.0 23,1.0 27,1.0 29,1.0 30,1.0 40,1.0 43,1.0 77,1.0 78,1.0 88,1.0 128,1.0 198,2.0 220,1.0 227,1.0 232,1.0 235,3.0 236,1.0 265,2.0 283,1.0 341,1.0 351,2.0 353,1.0 355,1.0 401,1.0 402,1.0 
40,1.0 128,1.0 198,1.0 220,1.0 235,1.0 236,1.0 354,1.0 
10,1.0 11,1.0 18,1.0 70,1.0 232,1.0 265,1.0 
25,1.0 26,1.0 29,1.0 30,2.0 52,1.0 69,1.0 85,1.0 86,1.0 184,1.0 286,2.0 289,1.0 323,1.0 331,1.0 356,1.0 370,1.0 396,1.0 397,1.0 
26,1.0 30,1.0 52,1.0 184,2.0 236,1.0 295,1.0 323,1.0 357,1.0 
26,3.0 90,2.0 184,3.0 236,1.0 295,3.0 357,1.0 358,1.0 
77,1.0 85,1.0 227,1.0 231,1.0 322,1.0 
8,1.0 138,1.0 
94,1.0 96,1.0 103,1.0 114,1.0 115,1.0 116,1.0 117,2.0 165,1.0 166,1.0 167,1.0 182,1.0 184,1.0 240,1.0 263,1.0 339,1.0 361,1.0 362,1.0 363,1.0 364,1.0 389,1.0 409,1.0 410,1.0 
103,1.0 114,1.0 115,1.0 116,1.0 117,1.0 167,1.0 360,1.0 362,1.0 363,1.0 364,1.0 
13,1.0 14,1.0 16,1.0 20,1.0 45,1.0 53,1.0 63,1.0 96,1.0 99,1.0 103,2.0 108,1.0 114,1.0 115,1.0 116,1.0 117,3.0 159,1.0 164,1.0 167,1.0 171,1.0 182,1.0 184,1.0 233,2.0 276,1.0 360,1.0 361,1.0 363,1.0 364,2.0 419,1.0 
96,1.0 114,2.0 115,2.0 116,1.0 117,2.0 184,1.0 256,1.0 364,1.0 
79,1.0 96,2.0 99,1.0 114,3.0 115,4.0 116,1.0 117,5.0 171,1.0 184,3.0 256,3.0 347,1.0 363,1.0 364,1.0 365,1.0 366,1.0 
91,1.0 96,3.0 115,1.0 117,3.0 171,1.0 181,2.0 184,2.0 256,3.0 365,1.0 366,1.0 
26,1.0 46,1.0 91,2.0 92,3.0 93,1.0 96,4.0 98,1.0 101,1.0 115,3.0 117,2.0 181,1.0 184,1.0 256,2.0 326,1.0 365,2.0 
81,1.0 84,1.0 94,1.0 96,1.0 106,1.0 171,1.0 230,1.0 234,1.0 331,1.0 368,1.0 369,1.0 370,1.0 
81,1.0 84,1.0 94,1.0 96,1.0 106,1.0 171,1.0 230,1.0 234,1.0 331,1.0 367,1.0 369,1.0 370,1.0 
84,1.0 94,1.0 96,1.0 230,1.0 331,1.0 370,1.0 371,1.0 
9,1.0 12,1.0 25,2.0 29,1.0 30,1.0 44,1.0 69,1.0 78,1.0 81,1.0 84,1.0 85,1.0 86,1.0 94,2.0 96,1.0 133,1.0 230,1.0 286,1.0 289,1.0 331,1.0 369,1.0 371,1.0 397,1.0 398,1.0 
161,1.0 
115,1.0 117,1.0 141,1.0 166,1.0 243,1.0 324,1.0 373,1.0 374,1.0 375,1.0 
115,1.0 117,1.0 119,1.0 141,1.0 166,1.0 174,1.0 237,1.0 243,1.0 324,1.0 346,1.0 372,1.0 374,1.0 375,2.0 379,1.0 380,1.0 381,1.0 
115,1.0 117,1.0 141,1.0 166,1.0 243,1.0 324,1.0 372,1.0 373,1.0 375,1.0 
23,1.0 25,1.0 47,1.0 81,1.0 89,1.0 93,1.0 115,2.0 117,2.0 119,1.0 141,1.0 174,1.0 237,1.0 243,2.0 346,1.0 373,1.0 379,1.0 380,1.0 381,1.0 
89,1.0 90,1.0 118,1.0 377,1.0 
55,1.0 64,1.0 89,1.0 118,1.0 146,1.0 281,1.0 
114,1.0 115,1.0 117,1.0 141,1.0 294,1.0 346,1.0 373,1.0 375,1.0 379,1.0 380,1.0 381,1.0 
119,1.0 174,1.0 237,1.0 346,1.0 373,1.0 375,1.0 380,1.0 381,1.0 
119,1.0 174,1.0 237,1.0 346,1.0 373,1.0 375,1.0 379,1.0 381,1.0 
47,1.0 89,1.0 93,1.0 119,1.0 174,1.0 237,1.0 346,1.0 373,1.0 375,2.0 379,1.0 380,1.0 418,1.0 
37,1.0 46,1.0 83,1.0 100,1.0 383,1.0 384,1.0 385,1.0 386,1.0 
37,1.0 46,1.0 83,1.0 100,1.0 382,1.0 384,1.0 385,1.0 386,1.0 
37,1.0 46,1.0 83,1.0 100,1.0 382,1.0 383,1.0 385,1.0 386,1.0 
37,1.0 40,1.0 46,1.0 56,1.0 82,1.0 83,1.0 100,1.0 386,1.0 
37,1.0 40,1.0 46,1.0 56,1.0 82,1.0 83,1.0 100,1.0 385,1.0 
26,1.0 46,1.0 47,1.0 97,1.0 101,1.0 
23,1.0 26,1.0 81,1.0 86,2.0 89,1.0 99,1.0 114,1.0 118,2.0 133,1.0 179,1.0 406,1.0 407,1.0 408,1.0 
40,1.0 41,1.0 42,1.0 80,1.0 94,1.0 96,1.0 117,1.0 165,1.0 166,1.0 168,1.0 182,1.0 184,1.0 227,1.0 240,1.0 248,1.0 263,1.0 314,1.0 333,1.0 337,1.0 339,1.0 360,1.0 390,1.0 391,1.0 409,1.0 410,1.0 
40,1.0 41,1.0 42,1.0 80,1.0 168,1.0 227,1.0 248,1.0 314,1.0 333,1.0 337,1.0 389,1.0 391,1.0 
40,1.0 41,1.0 42,1.0 80,1.0 168,1.0 227,1.0 248,1.0 314,1.0 333,1.0 337,1.0 389,1.0 390,1.0 
82,1.0 393,1.0 394,1.0 
82,1.0 392,1.0 394,1.0 
82,1.0 395,1.0 
187,1.0 209,1.0 
25,1.0 26,1.0 29,1.0 30,1.0 69,1.0 85,1.0 86,1.0 286,2.0 289,1.0 331,1.0 355,1.0 370,1.0 397,1.0 
29,1.0 30,1.0 69,1.0 85,1.0 286,1.0 289,1.0 370,1.0 398,1.0 
97,1.0 98,1.0 134,1.0 137,1.0 227,1.0 
161,1.0 164,1.0 189,1.0 
0,1.0 141,1.0 171,1.0 
9,1.0 23,1.0 27,1.0 29,1.0 30,1.0 43,1.0 77,1.0 78,1.0 88,1.0 123,1.0 180,1.0 198,1.0 235,1.0 352,1.0 402,1.0 426,1.0 
9,1.0 23,1.0 27,1.0 29,1.0 30,1.0 198,1.0 403,1.0 404,1.0 405,1.0 
256,1.0 404,1.0 405,1.0 
256,1.0 403,1.0 405,1.0 
256,1.0 403,1.0 404,1.0 
23,1.0 81,1.0 86,1.0 114,1.0 118,1.0 165,1.0 166,1.0 240,1.0 263,1.0 339,1.0 360,1.0 389,1.0 407,1.0 408,1.0 409,1.0 
23,1.0 81,1.0 86,1.0 114,1.0 118,1.0 165,1.0 166,1.0 240,1.0 263,1.0 339,1.0 360,1.0 389,1.0 406,1.0 408,1.0 409,1.0 
23,1.0 25,2.0 27,1.0 81,4.0 86,7.0 96,5.0 114,1.0 118,6.0 141,1.0 165,1.0 166,1.0 234,5.0 240,1.0 263,1.0 339,1.0 360,1.0 389,1.0 406,1.0 407,1.0 408,2.0 409,1.0 416,2.0 417,2.0 
94,1.0 96,1.0 117,1.0 165,1.0 166,1.0 182,1.0 184,1.0 240,1.0 263,1.0 339,1.0 360,1.0 389,1.0 410,1.0 
94,2.0 96,2.0 117,1.0 140,1.0 174,1.0 182,1.0 184,2.0 253,1.0 
0,1.0 14,1.0 40,1.0 71,1.0 94,1.0 96,1.0 114,1.0 138,1.0 146,1.0 161,1.0 182,1.0 187,1.0 233,1.0 241,2.0 253,1.0 412,1.0 
0,1.0 161,1.0 187,1.0 233,1.0 241,1.0 411,1.0 
25,1.0 44,1.0 55,1.0 71,1.0 94,1.0 146,1.0 177,1.0 414,1.0 415,1.0 
25,1.0 44,1.0 55,1.0 71,1.0 94,1.0 146,1.0 177,1.0 413,1.0 415,1.0 
12,1.0 25,2.0 26,1.0 27,1.0 31,1.0 44,1.0 71,1.0 94,1.0 115,1.0 118,1.0 146,1.0 177,2.0 184,1.0 234,1.0 
25,2.0 81,2.0 86,3.0 96,2.0 118,1.0 133,1.0 141,1.0 234,1.0 370,1.0 408,2.0 417,1.0 
25,3.0 27,1.0 81,2.0 86,3.0 96,2.0 118,1.0 133,1.0 234,1.0 370,1.0 408,1.0 416,1.0 
47,1.0 89,1.0 93,1.0 375,1.0 381,1.0 
20,1.0 45,1.0 53,1.0 63,1.0 108,1.0 159,1.0 164,1.0 233,1.0 362,1.0 
1,1.0 26,1.0 47,1.0 49,1.0 159,1.0 
14,1.0 25,1.0 40,1.0 71,1.0 119,1.0 137,1.0 146,1.0 241,1.0 256,1.0 332,1.0 411,1.0 
423,1.0 
13,1.0 52,1.0 234,2.0 
52,1.0 423,1.0 
401,1.0 
123,1.0 180,1.0 
